@relation penbased-2
@attribute At1 integer [0, 100]
@attribute At2 integer [0, 100]
@attribute At3 integer [0, 100]
@attribute At4 integer [0, 100]
@attribute At5 integer [0, 100]
@attribute At6 integer [0, 100]
@attribute At7 integer [0, 100]
@attribute At8 integer [0, 100]
@attribute At9 integer [0, 100]
@attribute At10 integer [0, 100]
@attribute At11 integer [0, 100]
@attribute At12 integer [0, 100]
@attribute At13 integer [0, 100]
@attribute At14 integer [0, 100]
@attribute At15 integer [0, 100]
@attribute At16 integer [0, 100]
@attribute Class {0, 1, 2, 3, 4, 5, 6, 7, 8, 9}
@inputs At1, At2, At3, At4, At5, At6, At7, At8, At9, At10, At11, At12, At13, At14, At15, At16
@outputs Class
@data
0, 100, 7, 92, 5, 68, 19, 45, 86, 34, 100, 45, 74, 23, 67, 0, 4
50, 84, 66, 100, 75, 75, 51, 51, 100, 42, 97, 13, 49, 0, 0, 7, 3
0, 0, 31, 15, 63, 30, 88, 52, 100, 79, 82, 100, 56, 82, 79, 64, 9
37, 91, 84, 100, 100, 96, 52, 87, 32, 57, 74, 38, 41, 1, 0, 0, 5
16, 90, 9, 61, 50, 35, 23, 0, 5, 35, 0, 81, 48, 97, 100, 100, 5
47, 93, 1, 67, 0, 16, 53, 0, 100, 32, 95, 81, 42, 100, 7, 62, 0
43, 94, 15, 66, 52, 38, 20, 0, 5, 35, 0, 83, 42, 100, 100, 98, 5
73, 98, 35, 100, 0, 59, 0, 13, 71, 8, 100, 45, 29, 41, 9, 0, 6
42, 100, 9, 79, 0, 46, 48, 31, 100, 46, 89, 52, 46, 30, 19, 0, 4
7, 100, 0, 56, 51, 37, 39, 0, 9, 15, 5, 62, 42, 92, 100, 96, 5
96, 100, 52, 95, 48, 76, 96, 98, 100, 85, 71, 54, 39, 25, 0, 0, 9
14, 94, 4, 63, 43, 36, 36, 0, 10, 27, 0, 72, 47, 92, 100, 100, 5
30, 98, 16, 60, 53, 28, 46, 0, 13, 29, 0, 68, 27, 95, 100, 100, 5
0, 42, 34, 57, 64, 79, 95, 100, 100, 85, 81, 57, 62, 28, 45, 0, 1
0, 63, 41, 77, 79, 94, 100, 100, 85, 74, 75, 48, 71, 22, 82, 0, 1
24, 100, 100, 99, 93, 78, 64, 48, 39, 17, 19, 0, 0, 31, 72, 38, 7
79, 74, 21, 67, 15, 92, 71, 100, 100, 75, 73, 45, 36, 18, 0, 0, 9
0, 70, 63, 80, 90, 100, 100, 89, 100, 67, 92, 44, 84, 22, 71, 0, 1
69, 100, 31, 73, 39, 55, 89, 62, 100, 84, 63, 57, 31, 28, 0, 0, 4
47, 91, 37, 63, 65, 27, 21, 0, 9, 40, 0, 91, 49, 100, 100, 91, 5
51, 100, 0, 90, 5, 57, 92, 61, 100, 70, 85, 82, 68, 40, 86, 0, 4
100, 75, 95, 100, 24, 81, 38, 44, 69, 8, 0, 0, 45, 33, 96, 64, 8
77, 100, 53, 90, 0, 43, 13, 0, 86, 34, 100, 84, 73, 51, 10, 9, 0
0, 89, 41, 94, 87, 100, 100, 98, 80, 75, 68, 50, 59, 25, 60, 0, 7
28, 55, 63, 78, 100, 100, 75, 71, 56, 42, 35, 13, 0, 0, 25, 0, 1
45, 100, 1, 67, 0, 24, 69, 24, 100, 48, 73, 98, 80, 53, 90, 0, 4
0, 95, 52, 100, 100, 79, 83, 44, 67, 8, 45, 0, 3, 30, 84, 38, 7
23, 76, 52, 100, 100, 98, 79, 71, 63, 50, 82, 19, 49, 0, 0, 7, 3
28, 71, 43, 100, 76, 79, 49, 47, 11, 21, 0, 0, 50, 1, 100, 4, 2
39, 81, 72, 100, 100, 77, 71, 51, 95, 43, 95, 16, 50, 0, 0, 1, 3
29, 88, 23, 57, 73, 40, 51, 0, 0, 13, 12, 58, 42, 94, 100, 100, 5
92, 65, 50, 100, 0, 82, 47, 46, 87, 6, 42, 0, 54, 45, 100, 79, 8
9, 32, 60, 62, 80, 100, 6, 93, 36, 56, 100, 27, 57, 0, 0, 25, 8
0, 78, 40, 100, 97, 78, 69, 39, 44, 0, 100, 7, 35, 37, 22, 73, 8
10, 86, 0, 44, 33, 0, 80, 9, 100, 65, 64, 100, 22, 74, 32, 20, 0
38, 76, 58, 100, 21, 65, 0, 27, 44, 0, 100, 22, 45, 36, 22, 8, 6
24, 66, 100, 89, 30, 66, 88, 32, 34, 0, 0, 34, 61, 72, 77, 100, 8
0, 75, 45, 85, 100, 100, 84, 80, 71, 59, 58, 37, 55, 15, 63, 0, 1
24, 87, 0, 62, 7, 0, 61, 0, 100, 44, 80, 100, 29, 93, 7, 36, 0
30, 81, 70, 100, 69, 65, 39, 31, 0, 5, 7, 18, 52, 0, 100, 4, 2
51, 100, 21, 77, 2, 49, 0, 20, 45, 0, 100, 17, 51, 27, 4, 7, 6
63, 77, 30, 100, 0, 59, 12, 13, 67, 0, 100, 37, 88, 83, 34, 88, 0
64, 100, 34, 73, 100, 39, 94, 3, 0, 0, 38, 38, 90, 74, 76, 95, 8
100, 97, 50, 100, 12, 88, 6, 48, 37, 47, 78, 25, 50, 0, 0, 2, 5
44, 89, 100, 100, 91, 93, 35, 79, 33, 55, 73, 29, 54, 0, 0, 11, 5
0, 90, 46, 100, 100, 98, 87, 76, 56, 56, 74, 34, 56, 12, 8, 0, 3
0, 95, 51, 100, 91, 86, 81, 45, 68, 5, 55, 0, 46, 34, 100, 33, 7
100, 94, 54, 96, 9, 100, 0, 60, 43, 52, 72, 24, 41, 0, 13, 8, 5
0, 79, 36, 100, 82, 81, 87, 40, 70, 0, 31, 24, 45, 45, 100, 50, 7
38, 63, 74, 100, 11, 86, 34, 43, 67, 0, 0, 7, 27, 48, 100, 76, 8
5, 100, 93, 97, 100, 74, 65, 41, 37, 8, 5, 0, 0, 24, 89, 23, 7
50, 89, 52, 100, 0, 67, 23, 45, 96, 48, 100, 76, 60, 39, 38, 0, 4
85, 87, 48, 72, 0, 73, 34, 100, 82, 96, 89, 64, 87, 31, 100, 0, 9
13, 87, 0, 57, 60, 37, 42, 0, 12, 16, 14, 59, 30, 98, 100, 100, 5
57, 94, 39, 100, 11, 69, 0, 35, 23, 4, 97, 0, 100, 24, 41, 5, 6
82, 97, 35, 100, 0, 67, 0, 25, 45, 2, 100, 10, 61, 23, 14, 0, 6
0, 44, 30, 61, 67, 80, 100, 100, 96, 80, 83, 53, 68, 26, 62, 0, 1
56, 97, 42, 100, 0, 74, 52, 60, 100, 81, 74, 60, 50, 30, 33, 0, 4
100, 94, 63, 100, 30, 71, 8, 39, 6, 6, 57, 0, 54, 19, 0, 10, 6
94, 100, 56, 74, 27, 46, 15, 13, 61, 0, 100, 20, 49, 31, 0, 19, 6
25, 85, 59, 100, 86, 89, 86, 67, 100, 45, 88, 24, 49, 9, 0, 0, 3
64, 100, 21, 74, 0, 38, 17, 3, 72, 0, 100, 31, 59, 51, 6, 39, 6
6, 43, 16, 2, 68, 0, 100, 35, 81, 75, 38, 100, 7, 63, 0, 22, 0
100, 100, 54, 89, 18, 61, 0, 27, 29, 0, 83, 11, 61, 35, 7, 25, 6
62, 86, 87, 100, 100, 79, 85, 54, 85, 25, 64, 4, 29, 0, 0, 12, 3
29, 84, 65, 100, 87, 74, 69, 45, 38, 19, 0, 0, 49, 6, 100, 12, 2
0, 46, 52, 72, 100, 100, 84, 75, 71, 42, 64, 9, 2, 1, 32, 0, 1
25, 91, 61, 100, 74, 75, 44, 55, 94, 43, 100, 16, 53, 0, 0, 6, 3
28, 94, 96, 100, 83, 94, 22, 76, 50, 64, 100, 41, 66, 9, 0, 0, 5
9, 100, 19, 75, 0, 35, 46, 35, 100, 34, 74, 67, 77, 27, 83, 0, 4
0, 87, 32, 100, 67, 84, 48, 50, 16, 23, 16, 2, 58, 3, 100, 0, 2
46, 94, 13, 69, 0, 28, 32, 0, 77, 7, 100, 44, 85, 83, 43, 100, 0
0, 35, 39, 53, 72, 75, 100, 100, 83, 80, 61, 54, 41, 27, 24, 0, 1
77, 72, 51, 100, 0, 77, 61, 42, 94, 0, 22, 2, 33, 45, 100, 76, 8
100, 100, 56, 81, 33, 51, 26, 18, 63, 0, 93, 25, 47, 38, 0, 20, 6
78, 100, 43, 76, 10, 47, 0, 16, 57, 0, 100, 24, 51, 44, 9, 23, 6
91, 98, 48, 100, 12, 60, 0, 15, 55, 0, 100, 27, 39, 38, 5, 5, 6
3, 79, 36, 59, 88, 39, 66, 0, 15, 14, 0, 55, 27, 89, 100, 100, 5
38, 96, 6, 60, 0, 19, 47, 0, 99, 25, 100, 65, 71, 100, 17, 85, 0
42, 100, 7, 72, 0, 41, 54, 38, 100, 44, 73, 73, 56, 36, 39, 0, 4
0, 61, 33, 71, 66, 86, 100, 100, 94, 77, 79, 52, 66, 26, 62, 0, 1
0, 78, 40, 100, 80, 86, 70, 42, 40, 7, 14, 0, 56, 18, 100, 3, 2
0, 71, 20, 100, 54, 91, 51, 55, 29, 22, 3, 0, 54, 3, 100, 9, 2
64, 92, 100, 100, 85, 98, 47, 80, 70, 54, 82, 18, 43, 0, 0, 13, 5
0, 51, 24, 64, 66, 85, 100, 100, 72, 75, 47, 51, 26, 25, 11, 0, 1
40, 78, 62, 100, 58, 67, 35, 39, 0, 32, 27, 22, 62, 7, 100, 0, 2
81, 97, 2, 90, 0, 61, 81, 72, 100, 100, 81, 67, 69, 33, 59, 0, 9
35, 100, 5, 72, 0, 40, 44, 18, 87, 30, 100, 58, 70, 30, 53, 0, 4
94, 77, 54, 100, 0, 74, 47, 52, 85, 76, 100, 38, 82, 0, 5, 0, 9
71, 100, 29, 69, 0, 32, 24, 0, 76, 18, 100, 56, 85, 95, 31, 98, 0
34, 96, 43, 63, 89, 37, 65, 0, 0, 14, 12, 54, 26, 93, 100, 100, 5
54, 96, 60, 67, 87, 34, 48, 0, 14, 26, 0, 72, 40, 100, 100, 99, 5
0, 98, 5, 73, 70, 39, 100, 0, 43, 9, 53, 50, 84, 90, 26, 100, 8
100, 100, 70, 93, 37, 68, 11, 41, 0, 11, 38, 0, 48, 25, 2, 35, 6
24, 86, 36, 55, 98, 77, 27, 100, 45, 81, 100, 49, 84, 10, 0, 0, 9
21, 83, 55, 100, 92, 86, 73, 61, 92, 35, 100, 9, 52, 0, 0, 0, 3
49, 84, 55, 100, 100, 98, 72, 72, 48, 50, 81, 31, 49, 8, 0, 0, 3
7, 91, 57, 100, 8, 96, 0, 54, 57, 50, 100, 21, 46, 0, 1, 14, 5
29, 94, 2, 59, 0, 17, 47, 0, 90, 25, 100, 66, 71, 100, 19, 98, 0
53, 92, 88, 100, 100, 86, 73, 65, 70, 39, 70, 13, 36, 1, 0, 0, 3
15, 100, 4, 75, 0, 50, 55, 41, 100, 57, 85, 49, 83, 24, 77, 0, 4
45, 72, 18, 100, 0, 64, 64, 33, 98, 0, 7, 5, 26, 41, 100, 68, 8
19, 83, 12, 55, 57, 31, 28, 0, 7, 35, 0, 73, 41, 97, 100, 100, 5
100, 100, 57, 84, 24, 58, 0, 27, 18, 0, 69, 10, 57, 38, 4, 42, 6
19, 100, 0, 63, 3, 30, 63, 47, 100, 77, 91, 75, 77, 38, 68, 0, 4
51, 67, 100, 87, 56, 100, 0, 84, 48, 74, 91, 54, 65, 24, 22, 0, 9
0, 87, 36, 100, 56, 71, 37, 40, 1, 19, 15, 19, 61, 16, 100, 0, 2
97, 100, 53, 77, 32, 44, 39, 9, 90, 0, 100, 31, 51, 49, 0, 36, 6
40, 100, 7, 84, 72, 47, 100, 5, 22, 0, 52, 45, 84, 90, 0, 94, 8
100, 81, 52, 62, 17, 77, 57, 100, 79, 68, 75, 31, 52, 0, 0, 12, 9
18, 26, 43, 0, 77, 5, 100, 43, 88, 86, 55, 100, 21, 88, 0, 52, 0
7, 78, 78, 100, 100, 93, 98, 51, 98, 9, 22, 0, 0, 1, 93, 2, 1
60, 100, 40, 81, 0, 54, 2, 43, 60, 34, 100, 57, 82, 36, 71, 0, 4
27, 70, 37, 100, 72, 87, 63, 48, 35, 16, 0, 10, 50, 10, 100, 0, 2
44, 100, 58, 57, 100, 88, 40, 95, 63, 62, 77, 60, 67, 10, 0, 0, 9
59, 99, 16, 72, 89, 38, 91, 0, 28, 18, 73, 58, 100, 100, 0, 95, 8
93, 93, 60, 100, 19, 71, 0, 39, 23, 8, 100, 9, 86, 26, 38, 0, 6
0, 61, 35, 82, 90, 100, 100, 93, 69, 71, 44, 47, 23, 24, 8, 0, 1
79, 100, 35, 80, 6, 52, 0, 22, 43, 0, 100, 6, 75, 31, 17, 31, 6
54, 63, 100, 76, 80, 100, 43, 75, 51, 35, 47, 0, 0, 16, 27, 46, 8
0, 94, 49, 99, 100, 100, 73, 67, 54, 26, 45, 0, 22, 39, 71, 50, 7
0, 89, 26, 100, 35, 51, 32, 0, 13, 13, 22, 32, 60, 40, 100, 46, 7
100, 100, 57, 90, 28, 67, 6, 43, 0, 15, 37, 0, 70, 16, 28, 27, 6
87, 100, 31, 76, 100, 91, 38, 80, 22, 62, 0, 0, 73, 9, 33, 64, 8
57, 53, 100, 85, 62, 100, 51, 61, 79, 24, 29, 0, 0, 30, 61, 56, 8
0, 99, 65, 100, 100, 97, 57, 62, 36, 16, 19, 0, 2, 36, 69, 40, 7
63, 66, 58, 100, 11, 76, 36, 38, 63, 0, 0, 3, 36, 36, 100, 62, 8
0, 97, 11, 100, 62, 98, 100, 85, 94, 62, 72, 42, 48, 21, 44, 0, 7
47, 100, 0, 75, 5, 29, 50, 0, 100, 18, 100, 63, 59, 96, 4, 88, 0
32, 71, 55, 100, 72, 77, 56, 44, 32, 12, 0, 4, 43, 13, 100, 0, 2
6, 85, 48, 100, 83, 83, 60, 56, 100, 38, 86, 13, 34, 0, 0, 2, 3
100, 100, 37, 89, 43, 57, 69, 26, 33, 0, 0, 19, 35, 48, 83, 73, 8
74, 100, 50, 99, 13, 67, 0, 31, 35, 0, 100, 10, 79, 43, 10, 52, 6
0, 50, 26, 64, 61, 83, 99, 100, 100, 83, 74, 56, 51, 28, 33, 0, 1
0, 70, 31, 94, 99, 100, 100, 73, 55, 46, 8, 21, 19, 0, 88, 1, 2
83, 100, 36, 82, 11, 61, 0, 39, 78, 35, 100, 41, 67, 21, 53, 0, 4
24, 68, 51, 60, 96, 97, 32, 100, 60, 75, 100, 49, 70, 0, 0, 3, 9
0, 65, 51, 74, 87, 96, 100, 100, 78, 75, 54, 50, 32, 25, 12, 0, 1
40, 98, 51, 100, 0, 61, 11, 16, 93, 0, 100, 37, 18, 51, 24, 19, 6
19, 100, 76, 92, 16, 92, 0, 55, 46, 50, 100, 28, 57, 0, 1, 17, 5
100, 100, 44, 84, 17, 56, 8, 27, 34, 0, 84, 17, 53, 35, 0, 15, 6
62, 57, 100, 85, 52, 100, 0, 76, 39, 64, 79, 57, 52, 24, 5, 0, 9
0, 100, 44, 97, 54, 61, 41, 23, 23, 0, 9, 38, 52, 44, 100, 41, 7
15, 100, 0, 74, 20, 45, 82, 47, 100, 64, 84, 68, 77, 34, 73, 0, 4
0, 72, 29, 100, 59, 79, 58, 23, 42, 0, 30, 30, 65, 47, 100, 64, 7
63, 78, 83, 100, 100, 80, 78, 53, 42, 30, 0, 8, 30, 0, 93, 3, 2
46, 99, 12, 70, 0, 31, 24, 0, 70, 4, 100, 36, 94, 76, 60, 100, 0
41, 100, 25, 97, 0, 54, 61, 46, 100, 47, 83, 87, 55, 45, 36, 0, 4
100, 94, 29, 84, 32, 41, 59, 0, 0, 1, 42, 38, 87, 74, 52, 100, 8
0, 91, 42, 100, 63, 76, 53, 38, 54, 0, 40, 4, 48, 29, 100, 36, 7
0, 90, 41, 100, 83, 88, 65, 65, 69, 43, 100, 22, 66, 5, 14, 0, 3
96, 82, 63, 100, 0, 84, 31, 71, 100, 84, 91, 55, 64, 28, 36, 0, 9
0, 99, 73, 100, 100, 80, 56, 47, 33, 7, 10, 0, 7, 33, 81, 35, 7
32, 98, 8, 71, 56, 25, 28, 0, 0, 42, 77, 69, 100, 100, 15, 92, 8
40, 88, 95, 100, 88, 100, 40, 77, 72, 61, 100, 33, 58, 7, 0, 0, 5
0, 72, 1, 100, 49, 100, 72, 71, 43, 39, 10, 10, 51, 0, 100, 1, 2
27, 65, 58, 36, 61, 0, 25, 10, 0, 45, 13, 74, 56, 89, 100, 100, 5
0, 71, 47, 85, 100, 100, 92, 82, 75, 60, 62, 38, 45, 16, 40, 0, 1
37, 78, 79, 100, 89, 68, 60, 36, 16, 13, 0, 22, 56, 22, 100, 0, 2
12, 73, 29, 100, 70, 87, 51, 53, 13, 28, 0, 4, 50, 0, 100, 0, 2
1, 68, 4, 100, 55, 77, 55, 31, 7, 2, 0, 6, 60, 0, 100, 19, 2
62, 87, 41, 63, 100, 100, 22, 72, 8, 41, 30, 0, 93, 42, 0, 34, 8
67, 99, 0, 95, 29, 61, 100, 36, 87, 0, 43, 21, 70, 60, 83, 100, 8
0, 59, 16, 73, 77, 95, 100, 100, 70, 75, 45, 50, 25, 25, 34, 0, 1
88, 100, 48, 94, 59, 69, 100, 85, 90, 56, 80, 23, 46, 0, 0, 12, 9
88, 88, 53, 78, 100, 40, 91, 0, 0, 1, 5, 39, 57, 76, 18, 100, 8
100, 94, 58, 100, 15, 70, 0, 34, 28, 1, 97, 0, 91, 28, 31, 21, 6
0, 62, 32, 73, 69, 91, 100, 100, 80, 75, 59, 51, 39, 26, 27, 0, 1
36, 100, 0, 76, 21, 49, 73, 39, 100, 60, 70, 64, 72, 31, 85, 0, 4
100, 100, 63, 90, 26, 63, 2, 33, 0, 0, 54, 1, 60, 31, 7, 30, 6
62, 86, 97, 100, 94, 71, 69, 46, 37, 22, 0, 2, 47, 0, 100, 1, 2
23, 96, 27, 54, 64, 35, 33, 0, 12, 42, 0, 93, 50, 96, 100, 100, 5
86, 71, 70, 100, 0, 87, 13, 60, 86, 71, 100, 60, 87, 27, 88, 0, 9
17, 100, 5, 71, 0, 40, 60, 39, 100, 58, 85, 61, 77, 29, 69, 0, 4
7, 85, 29, 100, 28, 70, 26, 55, 83, 58, 100, 31, 55, 11, 0, 0, 3
14, 86, 50, 100, 73, 80, 39, 53, 0, 28, 0, 4, 58, 1, 100, 0, 2
32, 96, 0, 67, 61, 58, 74, 14, 24, 0, 20, 50, 38, 91, 100, 100, 5
57, 87, 0, 100, 17, 63, 100, 28, 94, 0, 20, 34, 89, 71, 37, 87, 8
88, 68, 31, 56, 0, 81, 47, 100, 100, 86, 97, 55, 75, 26, 44, 0, 9
0, 54, 40, 67, 78, 88, 100, 100, 82, 74, 69, 49, 58, 24, 40, 0, 1
7, 90, 57, 100, 86, 81, 46, 62, 92, 45, 100, 18, 58, 0, 0, 0, 3
0, 91, 32, 100, 65, 97, 92, 76, 100, 38, 95, 0, 68, 25, 91, 35, 7
0, 100, 50, 99, 47, 69, 32, 35, 20, 0, 10, 29, 44, 44, 100, 47, 7
0, 91, 49, 96, 100, 100, 67, 62, 54, 18, 38, 0, 21, 38, 83, 40, 7
54, 100, 29, 87, 6, 55, 0, 23, 48, 0, 100, 21, 40, 35, 12, 17, 6
55, 61, 81, 100, 68, 79, 56, 33, 30, 0, 0, 1, 51, 2, 100, 6, 1
21, 73, 12, 31, 40, 0, 81, 18, 100, 55, 82, 94, 37, 100, 0, 75, 0
48, 94, 0, 76, 53, 39, 47, 0, 3, 14, 70, 46, 100, 88, 28, 100, 8
100, 100, 61, 90, 71, 68, 95, 88, 94, 54, 79, 22, 41, 0, 0, 13, 9
29, 100, 11, 85, 0, 65, 3, 45, 46, 39, 83, 39, 84, 19, 100, 0, 4
66, 93, 50, 56, 80, 100, 0, 55, 17, 35, 59, 0, 100, 52, 0, 29, 8
100, 99, 57, 100, 18, 79, 16, 45, 61, 52, 78, 22, 39, 0, 0, 7, 5
61, 91, 88, 100, 100, 81, 78, 61, 63, 38, 60, 14, 34, 0, 0, 1, 3
59, 100, 24, 68, 24, 19, 69, 0, 100, 42, 74, 85, 21, 63, 0, 19, 0
9, 79, 81, 99, 100, 100, 81, 73, 77, 45, 74, 17, 0, 0, 15, 3, 1
63, 62, 67, 100, 5, 79, 52, 41, 73, 0, 0, 2, 32, 42, 100, 75, 8
32, 100, 32, 79, 0, 48, 25, 28, 96, 34, 100, 64, 77, 34, 77, 0, 4
0, 88, 44, 100, 100, 85, 88, 45, 60, 8, 25, 0, 32, 25, 98, 27, 7
0, 78, 25, 100, 58, 77, 46, 37, 10, 12, 19, 24, 62, 9, 100, 0, 2
38, 100, 10, 69, 0, 27, 29, 0, 71, 9, 100, 42, 88, 81, 46, 92, 0
22, 71, 55, 44, 42, 11, 0, 0, 1, 37, 13, 71, 53, 91, 100, 100, 5
76, 69, 24, 51, 0, 72, 39, 100, 91, 99, 100, 66, 93, 32, 87, 0, 9
47, 100, 38, 94, 12, 68, 0, 42, 48, 39, 100, 52, 80, 26, 83, 0, 4
0, 84, 37, 100, 59, 76, 24, 49, 70, 43, 100, 21, 60, 0, 7, 6, 3
88, 81, 51, 100, 11, 79, 60, 69, 100, 69, 95, 24, 53, 0, 0, 1, 9
0, 85, 19, 63, 86, 31, 94, 0, 3, 15, 39, 50, 100, 83, 29, 100, 8
55, 95, 0, 73, 5, 37, 90, 36, 100, 75, 84, 100, 76, 50, 65, 0, 4
32, 100, 9, 63, 0, 21, 30, 0, 70, 14, 100, 43, 87, 79, 47, 90, 0
57, 72, 100, 93, 47, 100, 0, 78, 52, 71, 94, 57, 69, 28, 39, 0, 9
19, 100, 36, 96, 34, 58, 13, 28, 0, 12, 34, 5, 67, 0, 100, 4, 2
5, 65, 2, 25, 41, 0, 89, 11, 100, 54, 70, 92, 23, 100, 0, 64, 0
33, 87, 49, 100, 94, 83, 49, 64, 73, 47, 100, 20, 60, 0, 0, 3, 3
13, 100, 59, 98, 64, 58, 37, 21, 15, 0, 0, 41, 49, 49, 100, 55, 7
23, 72, 0, 35, 16, 0, 69, 8, 100, 40, 93, 78, 49, 100, 14, 75, 0
14, 83, 51, 100, 100, 84, 54, 50, 16, 15, 0, 0, 11, 34, 92, 38, 7
0, 51, 56, 74, 100, 100, 85, 91, 75, 63, 75, 36, 80, 8, 85, 0, 1
0, 81, 34, 100, 62, 73, 54, 36, 39, 0, 12, 16, 50, 27, 100, 30, 7
0, 86, 35, 100, 66, 81, 66, 55, 51, 30, 26, 8, 49, 0, 100, 1, 2
100, 100, 54, 87, 20, 60, 4, 27, 27, 0, 71, 16, 53, 44, 0, 45, 6
0, 51, 8, 20, 40, 0, 78, 11, 100, 43, 95, 81, 61, 100, 27, 85, 0
27, 94, 1, 63, 56, 67, 64, 19, 0, 0, 0, 55, 21, 100, 100, 100, 5
0, 9, 42, 38, 73, 69, 100, 100, 88, 94, 73, 63, 73, 31, 81, 0, 1
17, 80, 48, 100, 70, 77, 56, 54, 100, 45, 91, 13, 48, 0, 0, 6, 3
0, 78, 54, 100, 100, 81, 78, 43, 49, 8, 35, 0, 32, 38, 95, 49, 7
14, 76, 50, 100, 100, 95, 71, 64, 59, 52, 83, 20, 42, 0, 0, 18, 3
14, 73, 60, 100, 100, 93, 74, 55, 38, 20, 0, 0, 2, 35, 63, 28, 7
44, 85, 76, 100, 79, 70, 54, 41, 23, 16, 0, 0, 50, 5, 100, 1, 2
75, 100, 41, 69, 0, 39, 45, 30, 100, 37, 92, 65, 55, 33, 23, 0, 4
38, 100, 12, 67, 19, 9, 62, 0, 100, 30, 83, 82, 39, 91, 0, 66, 0
80, 100, 27, 78, 0, 42, 21, 6, 99, 8, 100, 37, 19, 30, 10, 0, 6
0, 69, 26, 77, 92, 97, 100, 100, 76, 75, 55, 50, 39, 25, 29, 0, 1
27, 90, 64, 100, 67, 70, 37, 43, 0, 22, 12, 18, 64, 19, 100, 0, 2
89, 81, 49, 100, 0, 84, 39, 68, 100, 75, 94, 54, 84, 24, 51, 0, 9
15, 100, 0, 68, 6, 23, 41, 0, 80, 5, 100, 42, 80, 80, 42, 94, 0
0, 30, 46, 60, 59, 100, 21, 81, 67, 50, 100, 16, 38, 0, 7, 28, 8
0, 56, 15, 73, 65, 94, 100, 100, 91, 75, 82, 50, 79, 25, 94, 0, 1
0, 92, 42, 97, 86, 100, 72, 54, 60, 0, 40, 0, 56, 22, 100, 21, 7
40, 71, 60, 100, 100, 85, 78, 46, 37, 20, 0, 4, 49, 3, 99, 0, 2
30, 69, 38, 100, 82, 88, 76, 53, 43, 24, 0, 0, 43, 6, 100, 6, 2
35, 72, 26, 94, 91, 100, 82, 67, 64, 51, 100, 26, 53, 0, 0, 3, 3
17, 59, 32, 100, 57, 82, 32, 39, 0, 5, 19, 0, 59, 7, 100, 14, 2
0, 81, 27, 100, 58, 90, 45, 58, 25, 30, 23, 0, 61, 2, 100, 6, 2
40, 99, 2, 100, 35, 72, 56, 99, 86, 67, 100, 28, 59, 0, 0, 7, 9
8, 85, 67, 100, 74, 68, 44, 34, 12, 0, 0, 31, 34, 46, 100, 46, 7
30, 94, 73, 100, 29, 91, 6, 52, 51, 46, 100, 24, 45, 0, 0, 14, 5
100, 100, 66, 90, 25, 59, 0, 24, 36, 0, 98, 12, 62, 34, 0, 26, 6
0, 94, 53, 100, 94, 77, 79, 37, 53, 0, 37, 1, 50, 40, 100, 57, 7
0, 70, 14, 97, 66, 100, 100, 79, 66, 55, 94, 27, 90, 0, 41, 2, 3
0, 0, 42, 18, 77, 43, 100, 73, 84, 100, 29, 92, 24, 64, 79, 53, 9
29, 82, 44, 100, 93, 92, 68, 63, 77, 40, 100, 13, 53, 0, 0, 4, 3
0, 84, 41, 100, 86, 75, 33, 52, 54, 45, 100, 19, 51, 0, 2, 13, 3
92, 100, 37, 100, 1, 68, 0, 29, 41, 0, 100, 5, 67, 32, 8, 23, 6
0, 100, 5, 86, 2, 66, 3, 45, 38, 34, 68, 39, 81, 19, 100, 0, 4
47, 82, 83, 100, 100, 67, 67, 33, 28, 0, 1, 14, 0, 41, 78, 35, 7
28, 100, 0, 73, 16, 49, 75, 47, 100, 63, 94, 59, 93, 29, 83, 0, 4
54, 98, 14, 71, 0, 23, 40, 0, 86, 22, 100, 69, 64, 100, 18, 86, 0
40, 100, 11, 87, 0, 57, 11, 29, 66, 40, 100, 58, 82, 29, 78, 0, 4
72, 77, 97, 100, 100, 73, 74, 42, 40, 16, 0, 0, 36, 6, 82, 4, 2
5, 75, 0, 46, 16, 5, 67, 0, 100, 34, 92, 75, 47, 100, 6, 77, 0
36, 93, 98, 100, 43, 98, 8, 72, 65, 55, 100, 26, 63, 1, 0, 0, 5
26, 92, 0, 54, 13, 12, 63, 0, 99, 30, 100, 74, 61, 100, 13, 80, 0
88, 100, 100, 99, 52, 74, 14, 46, 0, 14, 57, 0, 84, 20, 18, 26, 6
100, 100, 53, 100, 14, 66, 0, 25, 41, 0, 95, 18, 66, 47, 9, 34, 6
65, 95, 0, 77, 46, 36, 35, 0, 5, 26, 73, 61, 100, 100, 6, 84, 8
97, 95, 48, 100, 13, 67, 0, 25, 41, 0, 91, 16, 100, 56, 68, 91, 0
20, 100, 0, 79, 0, 45, 61, 41, 98, 62, 100, 74, 90, 37, 82, 0, 4
29, 74, 9, 33, 39, 0, 85, 11, 100, 54, 74, 94, 29, 100, 0, 66, 0
0, 100, 64, 100, 100, 70, 88, 32, 57, 0, 96, 30, 82, 43, 16, 44, 7
37, 89, 97, 100, 60, 95, 15, 72, 72, 63, 100, 35, 60, 8, 0, 0, 5
30, 61, 67, 79, 100, 100, 91, 90, 63, 68, 37, 46, 15, 23, 0, 0, 1
15, 96, 3, 61, 57, 49, 42, 0, 10, 13, 0, 66, 44, 95, 100, 100, 5
41, 87, 0, 63, 62, 62, 84, 24, 8, 0, 6, 44, 11, 93, 100, 100, 5
19, 75, 0, 37, 31, 0, 79, 26, 100, 71, 57, 100, 7, 75, 7, 32, 0
3, 69, 0, 18, 37, 0, 77, 13, 100, 54, 80, 97, 41, 100, 21, 61, 0
20, 90, 0, 58, 37, 52, 44, 3, 0, 0, 12, 64, 44, 99, 100, 100, 5
0, 55, 35, 84, 60, 100, 50, 65, 47, 29, 15, 0, 31, 4, 100, 6, 1
41, 96, 91, 100, 46, 94, 5, 63, 42, 48, 100, 32, 63, 5, 0, 0, 5
0, 90, 53, 100, 86, 75, 75, 38, 66, 0, 93, 4, 100, 33, 42, 40, 7
33, 100, 0, 72, 6, 23, 54, 0, 100, 30, 88, 77, 35, 97, 2, 64, 0
11, 89, 55, 100, 100, 94, 82, 69, 97, 44, 93, 19, 49, 6, 0, 0, 3
2, 37, 8, 25, 42, 0, 89, 17, 100, 59, 73, 96, 23, 100, 0, 62, 0
38, 69, 43, 95, 100, 100, 96, 73, 53, 51, 76, 26, 52, 0, 0, 2, 3
9, 100, 0, 75, 78, 72, 100, 92, 74, 93, 56, 62, 38, 31, 21, 0, 4
16, 100, 0, 82, 6, 47, 70, 47, 100, 71, 94, 73, 92, 36, 95, 0, 4
23, 71, 2, 49, 57, 32, 23, 0, 3, 25, 0, 65, 34, 96, 100, 100, 5
38, 100, 4, 76, 0, 46, 70, 41, 100, 64, 86, 62, 66, 31, 54, 0, 4
100, 100, 50, 85, 16, 58, 4, 25, 34, 0, 80, 15, 40, 27, 0, 6, 6
92, 100, 45, 88, 19, 53, 20, 14, 69, 0, 100, 31, 48, 37, 0, 13, 6
100, 96, 76, 100, 43, 78, 16, 53, 0, 23, 20, 0, 51, 18, 12, 25, 6
60, 100, 19, 76, 1, 45, 3, 13, 56, 0, 100, 20, 44, 27, 0, 5, 6
0, 93, 57, 100, 100, 86, 71, 43, 41, 1, 22, 0, 23, 35, 82, 41, 7
99, 82, 66, 100, 0, 85, 13, 56, 84, 67, 100, 68, 85, 33, 70, 0, 9
94, 96, 47, 100, 6, 75, 16, 48, 80, 41, 100, 7, 44, 0, 0, 26, 5
56, 92, 96, 81, 35, 63, 38, 100, 88, 69, 100, 24, 46, 0, 0, 25, 9
100, 70, 46, 94, 32, 51, 87, 9, 0, 0, 38, 46, 80, 91, 19, 100, 8
0, 77, 40, 64, 54, 28, 43, 0, 27, 36, 13, 72, 49, 96, 100, 100, 5
0, 97, 90, 100, 81, 71, 52, 36, 37, 0, 16, 13, 7, 42, 100, 43, 7
33, 100, 10, 87, 0, 69, 54, 58, 100, 75, 66, 52, 33, 26, 4, 0, 4
0, 55, 6, 70, 54, 90, 100, 100, 76, 75, 49, 50, 24, 25, 5, 0, 1
75, 61, 85, 100, 22, 82, 37, 42, 55, 2, 0, 0, 31, 36, 100, 60, 8
62, 100, 39, 79, 0, 52, 13, 39, 80, 44, 100, 63, 86, 32, 71, 0, 4
37, 100, 3, 86, 0, 51, 19, 22, 72, 21, 100, 47, 76, 33, 65, 0, 4
81, 72, 58, 100, 0, 81, 43, 57, 82, 76, 100, 37, 87, 0, 17, 1, 9
8, 83, 69, 100, 100, 69, 82, 34, 51, 0, 15, 22, 0, 37, 89, 39, 7
26, 100, 16, 79, 0, 52, 36, 32, 100, 38, 55, 52, 38, 26, 32, 0, 4
78, 83, 20, 58, 27, 0, 100, 50, 61, 100, 0, 38, 68, 69, 3, 8, 0
0, 0, 42, 11, 83, 34, 100, 68, 77, 100, 29, 99, 41, 69, 90, 61, 9
0, 88, 30, 100, 68, 90, 60, 62, 72, 37, 100, 16, 70, 0, 27, 1, 3
6, 88, 52, 100, 100, 92, 83, 71, 54, 52, 65, 32, 48, 12, 0, 0, 3
0, 74, 32, 81, 77, 100, 100, 99, 84, 74, 64, 49, 41, 24, 18, 0, 1
34, 100, 100, 87, 82, 58, 55, 29, 42, 0, 3, 7, 0, 27, 85, 35, 7
55, 100, 28, 75, 1, 50, 0, 25, 61, 30, 100, 48, 65, 26, 54, 0, 4
0, 71, 28, 100, 65, 83, 55, 40, 20, 12, 13, 16, 57, 11, 100, 0, 2
40, 93, 100, 100, 62, 94, 7, 79, 42, 64, 90, 39, 61, 10, 0, 0, 5
20, 92, 5, 100, 0, 76, 2, 52, 52, 33, 95, 47, 80, 23, 100, 0, 4
20, 92, 58, 100, 100, 87, 72, 60, 71, 38, 95, 15, 49, 4, 0, 0, 3
18, 98, 64, 100, 93, 80, 68, 58, 100, 36, 92, 8, 47, 0, 0, 2, 3
84, 74, 74, 100, 32, 74, 58, 34, 49, 0, 0, 8, 48, 37, 100, 62, 8
0, 64, 43, 81, 100, 100, 74, 83, 43, 62, 13, 42, 4, 20, 9, 0, 1
51, 100, 0, 69, 16, 52, 84, 58, 100, 74, 61, 83, 40, 41, 16, 0, 4
100, 100, 55, 99, 20, 93, 23, 53, 67, 54, 80, 20, 43, 0, 0, 3, 5
68, 100, 29, 90, 0, 59, 1, 17, 38, 0, 77, 13, 100, 48, 78, 82, 0
61, 100, 96, 98, 83, 49, 46, 14, 0, 0, 6, 29, 54, 27, 100, 8, 2
100, 100, 58, 86, 23, 57, 1, 24, 30, 0, 90, 13, 64, 40, 0, 42, 6
35, 89, 3, 61, 8, 8, 62, 0, 100, 40, 82, 89, 27, 100, 0, 54, 0
0, 88, 45, 100, 66, 72, 27, 48, 59, 43, 100, 21, 60, 0, 7, 4, 3
0, 69, 36, 84, 77, 99, 100, 100, 78, 76, 57, 51, 38, 26, 28, 0, 1
0, 92, 39, 99, 100, 100, 82, 66, 50, 33, 17, 0, 19, 17, 65, 30, 7
50, 100, 10, 73, 0, 29, 36, 0, 83, 17, 100, 60, 68, 94, 26, 76, 0
9, 84, 4, 56, 43, 26, 22, 0, 0, 27, 18, 67, 44, 94, 100, 100, 5
36, 52, 0, 50, 6, 6, 56, 0, 97, 30, 100, 76, 58, 100, 24, 68, 0
0, 82, 36, 100, 88, 93, 63, 65, 69, 48, 100, 21, 60, 0, 8, 9, 3
86, 80, 28, 73, 34, 100, 77, 82, 91, 49, 100, 16, 60, 0, 0, 11, 9
33, 100, 0, 79, 11, 48, 81, 49, 100, 81, 80, 66, 62, 33, 45, 0, 4
0, 48, 35, 57, 67, 78, 99, 100, 100, 88, 79, 58, 63, 27, 75, 0, 1
74, 100, 38, 79, 0, 49, 53, 53, 100, 62, 73, 84, 56, 42, 42, 0, 4
65, 84, 31, 100, 0, 63, 15, 16, 62, 0, 100, 30, 89, 78, 44, 94, 0
29, 100, 18, 72, 0, 44, 54, 34, 100, 41, 59, 57, 46, 29, 38, 0, 4
0, 76, 70, 100, 100, 79, 60, 40, 25, 0, 8, 1, 12, 38, 100, 47, 7
0, 90, 38, 100, 87, 93, 90, 56, 77, 16, 64, 0, 50, 29, 100, 28, 7
64, 97, 32, 67, 19, 26, 0, 0, 30, 36, 67, 67, 100, 100, 47, 88, 8
0, 39, 35, 55, 68, 77, 100, 100, 96, 76, 77, 50, 56, 25, 36, 0, 1
18, 60, 39, 100, 45, 82, 46, 32, 20, 0, 0, 1, 50, 4, 100, 11, 1
34, 86, 22, 40, 39, 0, 83, 17, 100, 61, 70, 96, 22, 100, 0, 64, 0
0, 62, 35, 70, 68, 85, 100, 100, 99, 80, 90, 53, 85, 27, 87, 0, 1
70, 100, 23, 82, 0, 51, 8, 18, 71, 1, 100, 28, 29, 29, 11, 0, 6
46, 100, 31, 95, 8, 69, 0, 41, 56, 39, 100, 50, 65, 26, 54, 0, 4
5, 82, 3, 100, 86, 90, 85, 64, 28, 42, 100, 24, 84, 2, 0, 0, 3
27, 88, 2, 49, 13, 1, 70, 0, 100, 43, 93, 91, 35, 100, 0, 63, 0
26, 84, 66, 100, 100, 83, 79, 55, 85, 35, 90, 9, 44, 0, 0, 10, 3
63, 100, 33, 73, 0, 46, 41, 42, 100, 44, 72, 65, 64, 32, 49, 0, 4
18, 100, 22, 79, 0, 47, 28, 35, 94, 35, 98, 64, 100, 34, 91, 0, 4
79, 78, 42, 100, 27, 66, 68, 30, 50, 0, 0, 22, 45, 54, 100, 82, 8
100, 100, 72, 90, 41, 62, 12, 31, 9, 0, 57, 10, 47, 33, 0, 23, 6
100, 93, 79, 92, 24, 100, 0, 67, 42, 44, 92, 28, 67, 0, 25, 2, 5
39, 81, 58, 100, 83, 67, 70, 30, 33, 0, 0, 8, 50, 23, 100, 3, 2
0, 58, 0, 14, 38, 0, 77, 16, 100, 55, 82, 95, 42, 100, 9, 74, 0
19, 100, 84, 89, 84, 59, 63, 29, 37, 0, 0, 9, 16, 32, 100, 31, 7
0, 98, 53, 100, 88, 82, 63, 40, 33, 0, 36, 6, 39, 43, 100, 47, 7
0, 82, 28, 100, 62, 87, 54, 54, 27, 28, 22, 10, 61, 4, 100, 0, 2
24, 85, 3, 50, 84, 52, 59, 5, 0, 0, 1, 52, 11, 94, 100, 100, 5
36, 80, 0, 64, 37, 41, 25, 0, 1, 8, 7, 54, 43, 88, 100, 100, 5
37, 100, 11, 72, 0, 33, 26, 0, 74, 7, 100, 42, 81, 79, 36, 99, 0
40, 84, 79, 100, 100, 78, 65, 58, 87, 44, 87, 25, 42, 14, 0, 0, 3
37, 90, 31, 68, 100, 85, 49, 100, 0, 81, 75, 67, 67, 33, 34, 0, 9
20, 71, 6, 34, 44, 0, 95, 19, 100, 62, 69, 100, 15, 92, 0, 51, 0
29, 61, 97, 31, 78, 0, 0, 12, 45, 45, 100, 77, 80, 100, 9, 73, 8
16, 89, 50, 100, 71, 67, 45, 35, 0, 19, 10, 30, 57, 19, 100, 0, 2
56, 87, 91, 100, 81, 72, 61, 58, 100, 41, 87, 12, 38, 0, 0, 12, 3
17, 78, 46, 100, 75, 84, 44, 57, 94, 42, 100, 12, 51, 0, 0, 13, 3
7, 89, 52, 100, 81, 82, 46, 59, 55, 37, 100, 18, 56, 3, 0, 0, 3
0, 93, 51, 97, 100, 100, 77, 61, 56, 22, 38, 0, 23, 30, 76, 31, 7
0, 64, 41, 68, 79, 87, 100, 100, 87, 75, 76, 49, 65, 24, 57, 0, 1
53, 61, 100, 73, 92, 100, 55, 72, 58, 36, 51, 1, 0, 0, 29, 31, 8
19, 68, 44, 100, 81, 82, 67, 44, 30, 18, 0, 7, 50, 5, 100, 0, 2
0, 84, 34, 100, 89, 94, 93, 69, 54, 49, 100, 35, 92, 11, 39, 0, 3
86, 100, 34, 98, 0, 62, 9, 22, 57, 0, 100, 25, 94, 66, 51, 94, 0
29, 67, 7, 26, 42, 0, 90, 19, 100, 62, 75, 100, 25, 95, 0, 55, 0
0, 71, 36, 67, 73, 77, 100, 100, 98, 95, 86, 62, 74, 30, 60, 0, 1
70, 94, 98, 100, 100, 79, 70, 61, 75, 35, 62, 12, 26, 0, 0, 0, 3
68, 82, 34, 100, 0, 65, 8, 22, 57, 0, 100, 24, 88, 66, 40, 92, 0
100, 68, 56, 48, 0, 64, 14, 100, 77, 98, 90, 61, 61, 25, 10, 0, 9
0, 64, 31, 79, 72, 100, 100, 98, 87, 74, 74, 49, 72, 24, 82, 0, 1
26, 89, 13, 44, 29, 1, 72, 0, 100, 36, 85, 79, 45, 100, 0, 92, 0
17, 100, 5, 91, 0, 59, 58, 51, 100, 77, 60, 60, 30, 30, 6, 0, 4
0, 77, 50, 100, 100, 72, 40, 39, 13, 0, 74, 1, 23, 38, 12, 77, 8
76, 85, 88, 70, 27, 68, 0, 100, 62, 99, 100, 66, 90, 25, 40, 0, 9
35, 100, 79, 98, 70, 58, 40, 25, 0, 0, 4, 17, 53, 19, 100, 2, 2
100, 99, 60, 100, 53, 77, 90, 94, 82, 70, 66, 43, 37, 20, 0, 0, 9
2, 81, 28, 100, 68, 83, 67, 49, 37, 23, 0, 1, 48, 0, 100, 1, 2
0, 37, 34, 55, 68, 77, 100, 100, 72, 77, 50, 52, 30, 26, 22, 0, 1
49, 100, 31, 65, 0, 29, 50, 31, 100, 33, 87, 71, 65, 35, 43, 0, 4
100, 100, 53, 98, 28, 77, 34, 57, 79, 53, 76, 24, 39, 4, 0, 0, 5
69, 65, 10, 59, 0, 88, 54, 100, 100, 80, 94, 49, 61, 22, 14, 0, 9
30, 59, 46, 100, 49, 47, 27, 5, 0, 7, 33, 16, 66, 0, 100, 4, 2
0, 94, 73, 100, 81, 64, 56, 27, 47, 0, 5, 34, 19, 45, 100, 45, 7
10, 79, 21, 59, 36, 16, 0, 0, 2, 46, 11, 94, 55, 100, 100, 86, 5
41, 94, 71, 72, 95, 33, 34, 0, 0, 27, 51, 63, 100, 100, 41, 94, 8
95, 31, 44, 2, 0, 26, 11, 69, 60, 100, 100, 73, 84, 30, 40, 0, 0
93, 97, 65, 100, 65, 67, 95, 98, 100, 62, 82, 21, 41, 0, 0, 15, 9
65, 90, 97, 100, 95, 73, 72, 48, 39, 25, 0, 5, 43, 0, 100, 0, 2
12, 100, 7, 80, 0, 60, 3, 39, 36, 23, 86, 34, 88, 20, 100, 0, 4
59, 85, 4, 100, 49, 50, 94, 0, 0, 24, 49, 56, 100, 88, 4, 90, 8
31, 100, 12, 87, 0, 55, 22, 26, 72, 31, 100, 60, 74, 31, 60, 0, 4
53, 80, 78, 100, 14, 80, 55, 65, 92, 64, 100, 24, 50, 0, 0, 20, 9
0, 20, 23, 43, 50, 65, 76, 87, 100, 100, 88, 66, 77, 34, 79, 0, 1
0, 80, 34, 100, 86, 100, 83, 73, 51, 50, 100, 37, 85, 12, 36, 0, 3
1, 97, 68, 98, 39, 100, 21, 63, 55, 50, 100, 25, 46, 0, 0, 19, 5
0, 72, 22, 100, 51, 80, 31, 49, 0, 21, 4, 9, 54, 13, 100, 0, 2
0, 69, 28, 100, 100, 97, 77, 55, 40, 15, 86, 0, 38, 33, 9, 72, 8
0, 51, 21, 56, 62, 78, 100, 100, 77, 79, 52, 53, 32, 26, 24, 0, 1
0, 93, 57, 100, 100, 84, 89, 45, 82, 5, 63, 0, 39, 26, 100, 35, 7
35, 64, 64, 100, 66, 85, 59, 38, 100, 6, 86, 6, 23, 4, 0, 0, 1
97, 100, 54, 83, 0, 48, 3, 10, 84, 0, 100, 39, 14, 51, 8, 18, 6
0, 71, 42, 81, 85, 100, 100, 92, 92, 67, 80, 43, 74, 17, 77, 0, 1
14, 86, 52, 100, 60, 76, 41, 55, 100, 52, 98, 27, 60, 8, 0, 0, 3
21, 78, 0, 49, 26, 15, 58, 0, 90, 5, 100, 52, 76, 89, 44, 100, 0
100, 94, 50, 100, 22, 76, 30, 51, 78, 44, 87, 14, 48, 0, 0, 5, 5
68, 94, 67, 75, 100, 100, 39, 70, 0, 42, 20, 0, 97, 25, 33, 65, 8
23, 100, 17, 69, 0, 35, 34, 22, 100, 22, 99, 39, 56, 34, 43, 0, 4
89, 93, 31, 100, 40, 50, 53, 0, 0, 0, 46, 41, 100, 79, 36, 85, 8
10, 91, 20, 59, 83, 56, 100, 13, 40, 0, 3, 42, 0, 82, 60, 100, 5
45, 100, 42, 79, 11, 45, 0, 7, 62, 0, 100, 23, 41, 35, 33, 11, 6
65, 81, 100, 48, 88, 10, 7, 0, 40, 35, 97, 68, 78, 100, 0, 87, 8
66, 96, 100, 100, 89, 95, 51, 89, 65, 52, 72, 15, 37, 0, 0, 1, 5
46, 66, 100, 82, 59, 100, 0, 80, 41, 64, 94, 56, 62, 27, 24, 0, 9
58, 96, 100, 100, 63, 90, 37, 61, 61, 54, 66, 24, 36, 0, 0, 11, 5
51, 91, 23, 71, 52, 35, 13, 0, 0, 30, 5, 81, 43, 100, 100, 95, 5
46, 100, 0, 75, 14, 57, 85, 57, 100, 82, 74, 63, 53, 31, 46, 0, 4
0, 73, 36, 77, 81, 98, 100, 100, 92, 75, 84, 49, 78, 23, 93, 0, 1
50, 100, 9, 73, 0, 34, 24, 0, 78, 19, 100, 55, 77, 89, 21, 78, 0
49, 100, 18, 82, 0, 61, 5, 40, 53, 38, 100, 43, 92, 21, 93, 0, 4
48, 75, 77, 100, 100, 72, 49, 52, 83, 40, 93, 8, 39, 0, 0, 25, 3
0, 56, 34, 75, 88, 100, 77, 66, 71, 31, 39, 1, 24, 0, 100, 1, 1
100, 88, 52, 70, 0, 62, 25, 94, 76, 100, 76, 63, 50, 28, 31, 0, 9
31, 63, 69, 79, 100, 100, 87, 85, 64, 62, 43, 40, 21, 17, 0, 0, 1
15, 100, 6, 83, 0, 63, 15, 44, 58, 44, 72, 37, 74, 17, 100, 0, 4
0, 43, 33, 61, 69, 79, 100, 100, 93, 79, 83, 53, 78, 26, 74, 0, 1
57, 92, 18, 72, 42, 30, 7, 0, 0, 39, 50, 69, 100, 99, 43, 100, 8
36, 100, 100, 99, 82, 65, 60, 32, 36, 0, 0, 21, 25, 33, 92, 34, 7
42, 67, 69, 100, 79, 59, 47, 22, 2, 0, 0, 16, 50, 24, 100, 19, 2
84, 54, 26, 47, 0, 75, 40, 100, 93, 90, 100, 55, 70, 24, 25, 0, 9
35, 83, 18, 81, 0, 40, 21, 4, 69, 0, 100, 28, 91, 71, 57, 100, 0
0, 71, 38, 95, 47, 100, 49, 49, 39, 4, 2, 1, 53, 1, 100, 0, 1
18, 100, 5, 72, 45, 55, 51, 5, 0, 0, 8, 60, 40, 99, 100, 95, 5
33, 86, 9, 65, 75, 71, 72, 25, 3, 0, 0, 46, 12, 93, 100, 100, 5
36, 100, 0, 61, 28, 34, 98, 35, 100, 71, 71, 90, 66, 45, 60, 0, 4
100, 100, 54, 90, 22, 61, 0, 31, 3, 0, 58, 6, 62, 35, 4, 33, 6
91, 100, 38, 97, 6, 65, 0, 28, 44, 3, 100, 15, 50, 24, 3, 0, 6
31, 84, 67, 50, 68, 2, 0, 0, 37, 40, 100, 70, 70, 100, 2, 82, 8
61, 100, 21, 76, 0, 44, 10, 10, 60, 0, 98, 23, 100, 58, 79, 90, 0
42, 81, 7, 65, 0, 20, 45, 0, 89, 32, 100, 76, 55, 100, 7, 73, 0
21, 80, 29, 47, 85, 44, 62, 0, 20, 19, 0, 67, 37, 100, 100, 98, 5
50, 85, 3, 100, 4, 78, 63, 68, 100, 61, 80, 19, 32, 0, 0, 7, 9
66, 88, 16, 70, 0, 23, 45, 0, 97, 28, 100, 74, 49, 100, 18, 66, 0
66, 100, 73, 96, 34, 72, 0, 48, 39, 31, 100, 46, 75, 26, 64, 0, 4
57, 100, 0, 83, 48, 72, 100, 93, 89, 74, 67, 47, 48, 21, 56, 0, 9
23, 76, 39, 100, 50, 67, 29, 35, 0, 11, 29, 8, 65, 7, 100, 0, 2
0, 94, 39, 100, 54, 63, 55, 20, 47, 0, 19, 32, 58, 35, 100, 36, 7
63, 93, 69, 100, 38, 67, 16, 31, 43, 4, 100, 22, 48, 25, 0, 0, 6
0, 100, 49, 99, 83, 73, 79, 36, 67, 0, 51, 16, 47, 38, 100, 38, 7
54, 94, 100, 100, 60, 99, 25, 75, 41, 58, 73, 39, 44, 10, 0, 0, 5
35, 93, 94, 100, 100, 94, 44, 82, 47, 48, 98, 31, 58, 6, 0, 0, 5
87, 78, 50, 94, 16, 59, 0, 19, 45, 0, 99, 24, 100, 63, 67, 100, 0
44, 83, 58, 67, 66, 100, 35, 78, 93, 79, 100, 33, 59, 0, 0, 28, 9
32, 88, 65, 100, 83, 76, 50, 55, 94, 38, 100, 12, 52, 0, 0, 1, 3
2, 100, 74, 100, 100, 76, 65, 46, 35, 15, 17, 0, 0, 33, 74, 37, 7
16, 100, 0, 57, 55, 55, 44, 0, 12, 17, 6, 77, 45, 98, 100, 100, 6
50, 100, 10, 67, 100, 100, 14, 94, 19, 56, 0, 0, 89, 29, 1, 40, 8
83, 63, 48, 100, 0, 76, 61, 40, 82, 0, 3, 9, 38, 55, 100, 91, 8
13, 81, 24, 100, 89, 97, 100, 75, 63, 52, 97, 22, 55, 0, 0, 12, 3
51, 82, 27, 57, 99, 75, 55, 100, 47, 64, 100, 52, 77, 4, 0, 0, 9
44, 97, 13, 100, 56, 87, 61, 95, 92, 58, 100, 14, 53, 0, 0, 4, 9
32, 81, 70, 100, 95, 83, 69, 55, 35, 31, 0, 9, 49, 2, 100, 0, 2
54, 86, 84, 100, 100, 79, 71, 59, 56, 34, 62, 9, 22, 0, 0, 15, 3
69, 100, 27, 79, 3, 51, 8, 21, 51, 0, 100, 3, 56, 22, 0, 28, 6
34, 87, 70, 100, 100, 92, 83, 67, 73, 40, 77, 14, 41, 1, 0, 0, 3
100, 100, 22, 86, 23, 55, 73, 27, 42, 0, 0, 20, 53, 47, 100, 77, 8
74, 100, 40, 77, 0, 53, 44, 45, 100, 51, 76, 54, 51, 27, 35, 0, 4
26, 71, 52, 100, 76, 76, 50, 40, 12, 11, 0, 0, 50, 2, 100, 5, 2
66, 82, 15, 81, 25, 36, 52, 0, 0, 12, 52, 55, 100, 100, 35, 76, 8
100, 100, 63, 99, 29, 74, 3, 43, 0, 6, 41, 0, 66, 22, 25, 31, 6
33, 92, 72, 100, 100, 88, 80, 69, 61, 49, 67, 27, 35, 12, 0, 0, 3
5, 91, 0, 52, 14, 13, 61, 0, 97, 30, 100, 70, 66, 100, 14, 98, 0
28, 81, 60, 100, 100, 85, 81, 57, 95, 39, 91, 12, 44, 0, 0, 11, 3
34, 78, 39, 53, 100, 24, 49, 0, 44, 35, 77, 70, 76, 100, 0, 80, 8
14, 79, 49, 100, 64, 71, 38, 39, 0, 15, 9, 16, 55, 0, 100, 10, 2
49, 100, 57, 55, 40, 9, 0, 0, 44, 40, 100, 77, 77, 100, 14, 69, 8
13, 74, 40, 100, 70, 77, 46, 42, 9, 15, 0, 3, 50, 1, 100, 0, 2
100, 100, 67, 90, 33, 75, 25, 60, 0, 45, 0, 30, 0, 15, 0, 0, 1
13, 83, 0, 61, 4, 15, 54, 0, 98, 28, 100, 73, 55, 100, 16, 71, 0
1, 91, 44, 100, 75, 81, 39, 57, 3, 34, 0, 7, 50, 0, 100, 2, 2
20, 98, 97, 100, 100, 99, 31, 88, 41, 57, 97, 30, 57, 0, 0, 13, 5
91, 67, 83, 100, 25, 86, 24, 43, 41, 0, 0, 6, 36, 33, 100, 36, 8
100, 100, 48, 88, 14, 60, 0, 28, 26, 0, 75, 11, 58, 42, 5, 49, 6
24, 77, 54, 100, 81, 83, 59, 52, 100, 36, 95, 10, 48, 0, 0, 5, 3
57, 86, 100, 100, 100, 94, 56, 78, 59, 45, 88, 22, 47, 2, 0, 0, 5
0, 83, 38, 100, 70, 76, 65, 37, 50, 0, 33, 14, 56, 37, 100, 49, 7
53, 97, 31, 66, 44, 20, 9, 0, 0, 41, 54, 67, 100, 95, 37, 100, 8
100, 100, 61, 82, 30, 58, 6, 30, 0, 0, 44, 2, 43, 21, 2, 9, 6
19, 76, 34, 100, 41, 66, 27, 32, 0, 7, 25, 3, 63, 0, 100, 6, 2
11, 77, 84, 63, 79, 100, 0, 83, 56, 67, 100, 56, 87, 7, 1, 0, 9
62, 57, 100, 81, 75, 100, 23, 85, 0, 58, 55, 50, 90, 32, 84, 0, 9
3, 40, 14, 59, 55, 81, 100, 100, 82, 76, 51, 51, 21, 26, 0, 0, 1
0, 100, 62, 97, 100, 76, 68, 46, 34, 17, 23, 0, 7, 33, 72, 36, 7
0, 94, 47, 100, 99, 92, 100, 60, 75, 30, 52, 0, 22, 28, 67, 39, 7
17, 83, 62, 73, 100, 99, 14, 100, 47, 79, 98, 56, 56, 26, 0, 0, 9
15, 77, 27, 100, 90, 87, 88, 59, 52, 33, 0, 12, 23, 0, 100, 2, 2
4, 58, 19, 15, 66, 0, 100, 33, 99, 78, 57, 100, 15, 71, 0, 29, 0
46, 82, 65, 100, 69, 72, 39, 47, 0, 28, 12, 20, 56, 9, 100, 0, 2
40, 92, 100, 100, 97, 94, 43, 77, 57, 54, 89, 27, 55, 0, 0, 8, 5
69, 100, 71, 86, 12, 57, 0, 24, 69, 0, 100, 30, 12, 39, 31, 12, 6
40, 87, 87, 100, 100, 75, 59, 53, 88, 50, 91, 19, 48, 0, 0, 11, 3
49, 92, 58, 48, 66, 4, 0, 0, 39, 36, 100, 65, 92, 100, 25, 88, 8
25, 85, 68, 51, 91, 13, 16, 0, 50, 33, 100, 65, 79, 100, 0, 89, 8
25, 85, 24, 62, 55, 100, 42, 55, 49, 8, 0, 0, 46, 3, 100, 5, 1
0, 42, 38, 61, 74, 82, 100, 100, 85, 75, 69, 50, 57, 25, 55, 0, 1
0, 65, 28, 36, 41, 0, 19, 4, 5, 40, 7, 79, 50, 97, 100, 100, 5
94, 75, 55, 100, 0, 78, 17, 45, 76, 62, 100, 78, 92, 36, 84, 0, 9
100, 100, 68, 87, 40, 61, 12, 34, 0, 5, 42, 0, 59, 20, 8, 15, 6
11, 61, 25, 100, 66, 96, 62, 55, 29, 23, 0, 0, 50, 0, 100, 1, 2
0, 93, 45, 100, 87, 94, 71, 48, 60, 0, 39, 17, 53, 40, 100, 37, 7
0, 100, 58, 92, 100, 74, 76, 38, 63, 0, 96, 12, 81, 38, 24, 50, 7
57, 100, 20, 77, 0, 49, 2, 19, 46, 0, 100, 13, 83, 38, 35, 26, 6
15, 91, 68, 100, 81, 82, 44, 56, 59, 39, 100, 20, 54, 1, 0, 0, 3
48, 91, 91, 99, 100, 100, 55, 93, 25, 63, 57, 34, 44, 2, 0, 0, 5
0, 93, 40, 100, 60, 64, 61, 20, 55, 0, 25, 30, 57, 40, 100, 42, 7
64, 87, 0, 100, 35, 53, 78, 6, 19, 0, 61, 41, 100, 82, 44, 78, 8
13, 71, 0, 35, 19, 0, 67, 8, 100, 38, 96, 78, 55, 100, 14, 82, 0
0, 89, 10, 100, 46, 82, 11, 58, 32, 50, 94, 43, 100, 18, 52, 0, 3
36, 72, 47, 100, 78, 76, 55, 38, 17, 8, 0, 5, 50, 13, 100, 0, 2
0, 74, 28, 100, 50, 76, 29, 38, 1, 8, 26, 0, 63, 0, 100, 3, 2
51, 86, 45, 100, 9, 51, 13, 0, 69, 22, 100, 71, 54, 95, 0, 68, 0
50, 98, 10, 61, 0, 10, 49, 0, 95, 27, 100, 76, 52, 100, 2, 86, 0
49, 82, 6, 100, 0, 65, 19, 27, 15, 0, 8, 38, 48, 62, 100, 68, 8
74, 100, 54, 66, 17, 35, 0, 28, 70, 33, 100, 51, 81, 34, 68, 0, 4
0, 75, 24, 100, 47, 75, 37, 41, 8, 15, 28, 26, 66, 20, 100, 0, 2
0, 50, 59, 68, 87, 92, 95, 100, 95, 75, 94, 50, 94, 25, 100, 0, 1
21, 65, 80, 84, 100, 100, 80, 72, 75, 43, 66, 14, 0, 3, 29, 0, 1
16, 100, 0, 63, 61, 63, 100, 25, 46, 0, 19, 44, 29, 90, 98, 100, 5
68, 66, 100, 93, 48, 100, 0, 78, 47, 68, 90, 56, 67, 26, 29, 0, 9
0, 12, 25, 38, 48, 65, 77, 90, 100, 100, 97, 66, 91, 32, 88, 0, 1
60, 100, 13, 73, 0, 34, 28, 0, 81, 21, 100, 60, 83, 97, 28, 81, 0
46, 92, 73, 100, 100, 83, 66, 66, 73, 44, 75, 20, 37, 8, 0, 0, 3
41, 90, 0, 68, 9, 9, 57, 0, 100, 30, 91, 84, 45, 100, 5, 73, 0
0, 98, 30, 100, 66, 98, 100, 93, 76, 71, 56, 46, 47, 17, 43, 0, 7
0, 88, 49, 100, 87, 83, 78, 48, 74, 14, 72, 0, 48, 31, 100, 40, 7
67, 100, 29, 73, 0, 38, 9, 0, 78, 10, 100, 47, 41, 37, 10, 2, 6
54, 71, 71, 100, 92, 77, 70, 40, 37, 10, 0, 0, 50, 7, 100, 9, 2
15, 76, 5, 33, 34, 0, 89, 9, 100, 50, 79, 91, 29, 100, 0, 64, 0
0, 52, 20, 83, 56, 100, 79, 84, 58, 52, 36, 20, 59, 1, 100, 0, 2
49, 79, 69, 100, 90, 72, 67, 43, 29, 21, 0, 3, 50, 6, 100, 0, 2
0, 95, 26, 100, 43, 75, 34, 43, 21, 15, 42, 0, 71, 0, 100, 1, 2
64, 81, 7, 82, 54, 74, 100, 100, 4, 87, 82, 61, 55, 29, 0, 0, 9
39, 96, 79, 100, 93, 79, 67, 57, 100, 38, 88, 13, 46, 0, 0, 2, 3
0, 99, 81, 100, 93, 75, 65, 38, 40, 0, 24, 0, 15, 30, 100, 32, 7
0, 82, 32, 100, 69, 84, 47, 58, 82, 46, 100, 21, 66, 0, 13, 1, 3
0, 94, 26, 100, 79, 96, 100, 67, 81, 33, 57, 0, 18, 20, 63, 34, 7
0, 63, 56, 35, 98, 0, 41, 1, 62, 39, 100, 74, 69, 100, 10, 74, 8
37, 93, 94, 100, 73, 95, 30, 75, 39, 41, 100, 29, 63, 4, 0, 0, 5
31, 86, 67, 100, 81, 73, 54, 47, 18, 25, 0, 10, 50, 4, 100, 0, 2
88, 100, 26, 93, 38, 69, 100, 88, 93, 83, 91, 51, 57, 22, 0, 0, 9
51, 99, 28, 60, 40, 9, 79, 0, 100, 44, 81, 90, 40, 100, 0, 87, 0
73, 78, 30, 100, 0, 70, 75, 39, 92, 0, 21, 21, 75, 60, 100, 88, 8
18, 81, 27, 54, 59, 19, 18, 0, 0, 35, 6, 83, 51, 100, 100, 100, 5
0, 65, 25, 79, 55, 100, 62, 92, 62, 68, 62, 44, 78, 22, 100, 0, 1
100, 100, 82, 92, 46, 70, 16, 44, 0, 15, 36, 0, 60, 20, 12, 32, 6
37, 75, 46, 100, 69, 80, 40, 44, 1, 15, 0, 16, 50, 7, 100, 0, 2
17, 100, 0, 71, 5, 43, 78, 40, 100, 55, 91, 59, 87, 29, 78, 0, 4
67, 89, 25, 100, 33, 75, 51, 94, 85, 64, 100, 23, 56, 0, 0, 10, 9
8, 81, 53, 100, 100, 94, 64, 66, 77, 54, 99, 30, 54, 8, 0, 0, 3
72, 100, 19, 78, 26, 62, 100, 66, 81, 89, 53, 68, 33, 33, 0, 0, 4
34, 74, 62, 100, 100, 86, 69, 60, 75, 48, 90, 19, 50, 1, 0, 0, 3
1, 80, 33, 100, 84, 93, 54, 64, 84, 44, 100, 15, 52, 0, 0, 1, 3
0, 80, 25, 100, 56, 97, 61, 61, 40, 29, 38, 0, 69, 0, 100, 4, 2
0, 95, 40, 100, 59, 80, 32, 56, 5, 32, 14, 7, 57, 0, 100, 1, 2
100, 93, 34, 100, 0, 73, 64, 71, 87, 94, 74, 62, 64, 31, 62, 0, 9
32, 97, 34, 58, 61, 21, 0, 0, 5, 35, 55, 66, 100, 100, 39, 93, 8
0, 56, 56, 69, 82, 92, 92, 100, 85, 75, 85, 50, 86, 24, 100, 0, 1
42, 100, 8, 77, 0, 32, 30, 0, 72, 7, 100, 42, 81, 80, 40, 81, 0
25, 100, 45, 97, 24, 63, 0, 29, 43, 14, 91, 37, 89, 34, 100, 0, 4
0, 100, 3, 84, 5, 60, 16, 37, 60, 35, 80, 45, 80, 21, 100, 0, 4
0, 96, 43, 100, 70, 70, 59, 29, 39, 0, 19, 39, 52, 45, 100, 44, 7
0, 48, 30, 66, 72, 87, 100, 100, 73, 75, 47, 50, 22, 25, 0, 0, 1
0, 91, 27, 100, 69, 83, 60, 42, 54, 0, 100, 22, 76, 44, 23, 49, 7
59, 86, 87, 100, 100, 75, 68, 52, 76, 36, 97, 13, 51, 0, 0, 5, 3
0, 37, 31, 56, 60, 79, 90, 100, 100, 89, 89, 59, 78, 30, 67, 0, 1
41, 73, 60, 100, 72, 73, 61, 40, 37, 10, 0, 0, 49, 1, 100, 2, 2
26, 100, 11, 78, 0, 51, 16, 28, 59, 36, 100, 51, 85, 26, 69, 0, 4
11, 93, 65, 100, 98, 81, 58, 56, 62, 40, 100, 16, 53, 0, 0, 10, 3
9, 74, 45, 100, 61, 74, 35, 41, 3, 12, 0, 22, 50, 14, 100, 0, 2
0, 88, 49, 100, 85, 75, 71, 36, 48, 0, 13, 28, 44, 42, 100, 46, 7
31, 87, 73, 100, 100, 80, 73, 53, 37, 30, 0, 7, 45, 1, 97, 0, 2
90, 100, 0, 86, 42, 44, 53, 0, 17, 15, 73, 56, 100, 99, 8, 99, 8
9, 92, 93, 100, 100, 76, 67, 38, 36, 0, 0, 6, 0, 32, 88, 37, 7
0, 64, 56, 81, 100, 100, 96, 85, 80, 64, 68, 42, 44, 21, 36, 0, 1
35, 95, 51, 60, 72, 15, 22, 0, 0, 36, 53, 66, 100, 99, 33, 100, 8
0, 43, 33, 62, 70, 80, 100, 100, 80, 78, 66, 52, 58, 26, 58, 0, 1
9, 41, 73, 80, 0, 100, 28, 56, 92, 16, 35, 0, 22, 42, 100, 74, 8
78, 71, 36, 71, 20, 95, 75, 100, 100, 74, 78, 46, 40, 21, 0, 0, 9
50, 100, 36, 64, 0, 32, 30, 26, 100, 31, 87, 66, 68, 35, 55, 0, 4
45, 100, 0, 93, 33, 74, 53, 80, 70, 45, 100, 15, 63, 0, 10, 2, 9
56, 100, 6, 76, 0, 55, 78, 62, 100, 84, 68, 57, 44, 29, 32, 0, 4
41, 94, 22, 69, 90, 42, 100, 3, 20, 0, 0, 37, 47, 73, 40, 100, 8
40, 100, 15, 68, 85, 73, 24, 89, 77, 59, 100, 32, 52, 0, 0, 29, 9
73, 83, 27, 87, 22, 41, 0, 0, 8, 36, 55, 68, 100, 100, 42, 85, 8
43, 80, 41, 100, 80, 93, 64, 51, 32, 17, 0, 3, 50, 12, 100, 0, 2
1, 84, 0, 69, 72, 41, 94, 3, 11, 0, 4, 45, 13, 91, 100, 100, 5
89, 76, 40, 100, 9, 61, 100, 29, 91, 0, 0, 25, 64, 63, 91, 100, 8
0, 72, 0, 77, 23, 64, 73, 37, 25, 0, 9, 62, 33, 100, 100, 100, 5
100, 100, 64, 99, 29, 78, 4, 51, 0, 18, 30, 0, 42, 26, 0, 22, 6
82, 70, 31, 56, 0, 81, 51, 100, 100, 84, 87, 51, 54, 21, 12, 0, 9
100, 82, 65, 100, 38, 78, 73, 63, 85, 54, 82, 18, 44, 0, 0, 3, 9
100, 100, 57, 87, 26, 58, 14, 26, 43, 0, 87, 13, 45, 28, 0, 10, 6
32, 100, 39, 76, 0, 48, 11, 38, 91, 39, 100, 64, 86, 31, 71, 0, 4
100, 100, 68, 89, 36, 70, 12, 46, 4, 18, 33, 0, 40, 9, 0, 13, 6
0, 85, 25, 64, 63, 36, 52, 0, 30, 31, 13, 69, 44, 98, 100, 100, 5
100, 100, 60, 82, 33, 58, 14, 31, 11, 3, 50, 0, 46, 19, 0, 8, 6
0, 75, 25, 100, 90, 83, 45, 56, 59, 47, 100, 18, 43, 0, 6, 19, 3
6, 99, 17, 100, 0, 65, 45, 47, 100, 55, 94, 72, 90, 36, 84, 0, 4
31, 100, 4, 77, 0, 53, 34, 33, 91, 37, 100, 45, 72, 24, 59, 0, 4
59, 100, 31, 75, 0, 43, 30, 45, 93, 41, 100, 59, 83, 36, 82, 0, 4
100, 87, 70, 100, 50, 66, 69, 28, 35, 0, 0, 17, 44, 46, 92, 72, 8
100, 100, 53, 81, 16, 56, 0, 25, 33, 0, 89, 3, 72, 19, 19, 9, 6
26, 93, 0, 54, 16, 2, 62, 0, 100, 34, 85, 86, 40, 100, 6, 65, 0
0, 94, 45, 100, 100, 93, 85, 47, 73, 0, 44, 3, 29, 31, 92, 35, 7
42, 66, 54, 100, 81, 83, 57, 48, 24, 19, 0, 12, 50, 9, 100, 0, 2
34, 79, 69, 100, 60, 75, 41, 26, 13, 0, 0, 8, 50, 7, 100, 5, 1
15, 95, 0, 55, 2, 15, 48, 0, 92, 28, 100, 68, 63, 100, 6, 98, 0
100, 100, 43, 78, 80, 39, 76, 0, 0, 10, 39, 46, 86, 82, 10, 97, 8
67, 75, 79, 100, 94, 74, 72, 42, 38, 15, 0, 0, 47, 5, 100, 1, 2
0, 80, 58, 100, 100, 81, 62, 44, 26, 5, 30, 0, 8, 35, 75, 34, 7
45, 77, 89, 66, 96, 100, 46, 88, 90, 72, 100, 35, 62, 3, 0, 0, 9
83, 100, 41, 98, 7, 63, 0, 23, 47, 0, 100, 18, 58, 39, 11, 15, 6
0, 83, 31, 100, 48, 74, 28, 42, 3, 14, 27, 0, 66, 1, 100, 4, 2
47, 100, 15, 78, 0, 50, 40, 29, 100, 35, 91, 54, 74, 26, 64, 0, 4
100, 100, 48, 80, 13, 53, 0, 23, 36, 0, 94, 15, 64, 30, 10, 11, 6
59, 100, 6, 57, 100, 72, 26, 86, 64, 46, 0, 0, 91, 10, 35, 34, 8
12, 75, 46, 100, 66, 74, 41, 42, 6, 14, 0, 15, 51, 11, 100, 0, 2
26, 100, 0, 77, 7, 47, 68, 44, 100, 65, 90, 64, 85, 32, 81, 0, 4
70, 100, 42, 81, 6, 59, 0, 36, 90, 37, 100, 45, 69, 23, 60, 0, 4
23, 93, 1, 59, 16, 19, 64, 0, 100, 29, 94, 72, 52, 100, 0, 90, 0
100, 100, 55, 78, 21, 52, 0, 22, 27, 0, 79, 14, 53, 27, 1, 10, 6
35, 84, 63, 100, 92, 81, 65, 54, 32, 30, 0, 6, 48, 1, 100, 0, 2
100, 97, 69, 100, 34, 69, 13, 33, 31, 0, 90, 4, 55, 24, 0, 10, 6
26, 83, 18, 45, 40, 0, 89, 6, 100, 54, 71, 94, 21, 100, 0, 57, 0
28, 63, 25, 25, 51, 0, 85, 27, 100, 69, 72, 99, 30, 100, 0, 71, 0
3, 100, 0, 95, 1, 61, 41, 46, 84, 53, 100, 67, 84, 34, 88, 0, 4
40, 80, 60, 100, 100, 89, 59, 64, 60, 48, 100, 27, 60, 2, 0, 0, 3
0, 93, 64, 100, 100, 82, 78, 51, 52, 20, 27, 0, 1, 29, 63, 32, 7
91, 100, 42, 86, 0, 11, 52, 0, 100, 70, 39, 77, 76, 71, 21, 7, 0
0, 91, 47, 100, 100, 81, 88, 44, 60, 10, 37, 0, 24, 32, 96, 40, 7
8, 68, 25, 100, 56, 74, 37, 35, 0, 6, 2, 4, 51, 0, 100, 4, 2
99, 100, 67, 85, 22, 58, 1, 27, 36, 0, 100, 18, 77, 47, 0, 59, 6
37, 100, 13, 73, 0, 45, 64, 40, 100, 50, 75, 61, 58, 30, 43, 0, 4
42, 99, 55, 61, 71, 24, 18, 0, 0, 30, 64, 61, 100, 94, 9, 100, 8
4, 81, 35, 100, 45, 75, 25, 56, 82, 53, 100, 25, 57, 6, 0, 0, 3
0, 49, 40, 59, 72, 79, 100, 100, 85, 74, 69, 48, 53, 21, 51, 0, 1
0, 90, 46, 100, 88, 92, 79, 69, 60, 48, 39, 27, 47, 6, 100, 0, 2
91, 69, 48, 57, 9, 79, 60, 100, 100, 75, 95, 40, 64, 8, 0, 0, 9
32, 92, 24, 47, 71, 36, 38, 0, 0, 0, 21, 48, 49, 92, 100, 100, 5
53, 100, 30, 95, 0, 60, 100, 55, 92, 87, 77, 79, 79, 37, 79, 0, 4
100, 100, 49, 77, 17, 51, 2, 24, 24, 0, 100, 10, 73, 35, 0, 42, 6
21, 87, 33, 52, 62, 13, 5, 0, 0, 36, 74, 66, 100, 100, 5, 89, 8
23, 70, 51, 100, 74, 82, 51, 46, 20, 15, 0, 4, 50, 0, 100, 2, 2
88, 100, 100, 95, 75, 79, 38, 64, 25, 47, 12, 32, 0, 16, 12, 0, 1
70, 84, 11, 76, 0, 91, 56, 100, 99, 83, 100, 55, 88, 28, 75, 0, 9
0, 95, 39, 100, 67, 73, 53, 30, 40, 0, 21, 40, 53, 45, 100, 40, 7
0, 89, 61, 100, 100, 85, 47, 65, 44, 47, 98, 29, 71, 4, 6, 0, 3
32, 75, 59, 100, 88, 84, 72, 54, 100, 38, 89, 10, 39, 0, 0, 19, 3
21, 85, 57, 100, 63, 71, 30, 55, 85, 47, 100, 15, 48, 0, 0, 11, 3
54, 87, 85, 100, 76, 71, 65, 47, 100, 21, 77, 0, 33, 5, 0, 22, 3
18, 73, 62, 100, 53, 85, 53, 53, 52, 20, 0, 0, 8, 6, 100, 6, 1
45, 100, 12, 79, 0, 52, 62, 40, 100, 56, 88, 55, 78, 27, 68, 0, 4
28, 96, 98, 97, 87, 95, 13, 100, 34, 64, 100, 45, 63, 0, 0, 18, 5
0, 73, 40, 98, 58, 100, 55, 64, 58, 27, 24, 3, 43, 0, 100, 4, 1
77, 100, 28, 90, 0, 50, 15, 10, 72, 0, 100, 33, 48, 45, 21, 11, 6
18, 72, 25, 100, 24, 70, 22, 34, 17, 0, 0, 2, 51, 2, 100, 2, 1
0, 94, 60, 100, 98, 75, 93, 40, 76, 6, 48, 0, 34, 23, 100, 24, 7
100, 100, 70, 89, 57, 74, 43, 59, 35, 45, 17, 29, 9, 14, 0, 0, 1
86, 70, 51, 100, 0, 76, 78, 41, 100, 0, 0, 13, 40, 54, 98, 80, 8
100, 100, 56, 89, 22, 59, 0, 26, 24, 0, 77, 11, 77, 39, 22, 36, 6
13, 91, 18, 54, 66, 40, 37, 0, 5, 29, 0, 81, 44, 99, 100, 100, 5
48, 73, 27, 86, 0, 48, 7, 5, 53, 0, 91, 27, 100, 71, 66, 100, 0
77, 96, 27, 100, 0, 67, 3, 27, 42, 0, 89, 12, 100, 52, 88, 90, 0
28, 69, 43, 100, 77, 86, 60, 45, 29, 9, 0, 1, 52, 0, 100, 6, 2
16, 86, 44, 100, 35, 59, 12, 25, 0, 4, 33, 3, 66, 1, 100, 0, 2
24, 100, 31, 56, 45, 16, 16, 0, 0, 43, 15, 81, 57, 87, 100, 88, 5
97, 82, 68, 100, 42, 69, 44, 32, 23, 0, 0, 24, 42, 49, 100, 61, 8
0, 99, 54, 100, 78, 72, 73, 39, 71, 6, 48, 0, 45, 14, 100, 16, 7
72, 100, 1, 75, 0, 42, 100, 38, 99, 66, 65, 83, 61, 42, 64, 0, 4
100, 100, 55, 89, 17, 61, 0, 29, 28, 0, 94, 6, 94, 33, 26, 34, 6
14, 85, 54, 100, 100, 96, 72, 72, 87, 41, 92, 10, 47, 0, 0, 3, 3
74, 100, 47, 84, 0, 66, 23, 53, 84, 42, 100, 44, 60, 23, 33, 0, 4
100, 77, 64, 61, 9, 74, 54, 100, 100, 85, 91, 51, 59, 19, 0, 0, 9
100, 100, 54, 91, 22, 66, 0, 40, 3, 13, 54, 0, 81, 23, 24, 31, 6
6, 97, 62, 100, 89, 70, 62, 34, 42, 0, 100, 25, 76, 40, 0, 36, 7
0, 91, 59, 100, 85, 94, 54, 53, 37, 7, 21, 0, 34, 35, 100, 42, 7
19, 92, 38, 100, 59, 68, 44, 31, 18, 0, 0, 35, 50, 39, 100, 45, 7
100, 100, 72, 81, 55, 55, 45, 27, 48, 0, 72, 5, 36, 18, 0, 12, 6
0, 77, 32, 100, 83, 79, 89, 39, 68, 0, 27, 0, 33, 23, 100, 25, 7
6, 76, 44, 71, 89, 100, 0, 95, 27, 79, 100, 81, 91, 40, 97, 0, 9
97, 88, 41, 100, 31, 59, 98, 67, 100, 91, 97, 46, 75, 2, 0, 0, 9
46, 100, 28, 86, 6, 42, 23, 0, 82, 13, 100, 56, 62, 92, 0, 88, 0
76, 54, 73, 95, 27, 100, 0, 60, 8, 15, 53, 0, 91, 29, 100, 72, 0
6, 65, 0, 92, 48, 100, 100, 97, 74, 73, 47, 49, 25, 24, 32, 0, 7
84, 68, 73, 100, 9, 84, 37, 60, 100, 81, 90, 46, 59, 9, 0, 0, 9
32, 100, 0, 70, 11, 24, 56, 0, 100, 22, 95, 68, 55, 98, 15, 77, 0
0, 54, 30, 84, 54, 100, 53, 64, 46, 27, 5, 0, 41, 0, 100, 4, 1
100, 100, 65, 88, 26, 61, 0, 30, 13, 0, 71, 6, 61, 34, 2, 34, 6
67, 96, 100, 100, 43, 86, 17, 51, 67, 69, 91, 37, 52, 7, 0, 0, 5
67, 86, 100, 84, 66, 100, 56, 79, 96, 66, 96, 23, 52, 0, 0, 15, 9
100, 80, 66, 55, 22, 67, 55, 100, 100, 80, 94, 40, 59, 5, 0, 0, 9
100, 100, 54, 77, 20, 49, 0, 19, 41, 0, 100, 11, 76, 38, 11, 35, 6
22, 100, 0, 75, 5, 49, 61, 47, 100, 68, 86, 52, 70, 26, 69, 0, 4
100, 100, 48, 81, 14, 53, 0, 24, 35, 0, 97, 12, 43, 29, 4, 16, 6
89, 100, 52, 72, 0, 46, 10, 33, 100, 35, 99, 60, 89, 31, 85, 0, 4
32, 76, 51, 100, 70, 73, 39, 41, 0, 17, 10, 18, 54, 0, 100, 6, 2
28, 88, 55, 100, 56, 69, 30, 41, 0, 16, 33, 7, 72, 0, 100, 26, 2
6, 67, 0, 93, 50, 100, 100, 100, 83, 74, 60, 50, 39, 26, 25, 0, 7
8, 75, 15, 56, 100, 33, 75, 0, 30, 9, 12, 44, 0, 79, 88, 100, 5
21, 100, 8, 82, 0, 63, 11, 46, 39, 36, 73, 30, 100, 18, 100, 0, 4
41, 89, 29, 61, 76, 47, 49, 7, 0, 0, 21, 46, 51, 89, 100, 100, 5
58, 100, 0, 84, 75, 60, 100, 24, 35, 0, 6, 32, 45, 68, 30, 98, 8
36, 83, 61, 100, 23, 68, 0, 33, 23, 0, 100, 5, 80, 29, 0, 23, 6
76, 100, 100, 94, 88, 77, 76, 61, 60, 46, 40, 30, 20, 14, 0, 0, 1
25, 81, 61, 100, 85, 77, 57, 53, 100, 42, 93, 7, 36, 0, 0, 22, 3
46, 100, 18, 76, 0, 32, 29, 0, 77, 18, 100, 59, 75, 98, 23, 96, 0
6, 93, 48, 100, 84, 70, 79, 23, 48, 0, 0, 23, 44, 35, 100, 39, 7
98, 87, 44, 100, 20, 70, 26, 31, 0, 0, 0, 32, 44, 58, 100, 70, 8
0, 92, 44, 100, 78, 79, 68, 40, 58, 0, 33, 17, 53, 33, 100, 31, 7
0, 74, 30, 100, 66, 87, 51, 51, 21, 21, 4, 0, 52, 1, 100, 7, 2
0, 87, 44, 100, 84, 87, 53, 59, 53, 41, 100, 26, 69, 5, 18, 0, 3
14, 55, 43, 100, 46, 92, 41, 36, 9, 0, 0, 2, 50, 0, 100, 1, 1
16, 81, 54, 100, 100, 89, 60, 61, 58, 48, 97, 28, 57, 0, 0, 5, 3
13, 98, 8, 65, 41, 37, 29, 0, 3, 29, 0, 70, 45, 93, 100, 100, 5
40, 95, 16, 58, 100, 52, 90, 10, 12, 0, 0, 48, 8, 89, 94, 100, 5
61, 100, 23, 76, 0, 38, 15, 0, 75, 11, 100, 48, 73, 85, 14, 91, 0
79, 75, 41, 100, 3, 75, 54, 59, 79, 61, 100, 20, 54, 0, 0, 14, 9
63, 92, 100, 100, 77, 85, 54, 69, 34, 52, 17, 35, 3, 17, 0, 0, 1
56, 100, 18, 69, 0, 36, 61, 34, 100, 41, 78, 77, 71, 39, 66, 0, 4
82, 100, 0, 89, 51, 60, 100, 28, 43, 0, 3, 26, 36, 63, 43, 97, 8
55, 78, 81, 100, 67, 70, 51, 40, 36, 10, 0, 0, 49, 4, 100, 7, 1
100, 100, 63, 87, 35, 68, 16, 47, 2, 25, 0, 2, 32, 0, 30, 21, 6
0, 71, 7, 96, 53, 100, 100, 94, 78, 70, 52, 47, 29, 24, 14, 0, 7
0, 0, 29, 19, 53, 46, 78, 74, 100, 100, 81, 67, 65, 34, 50, 0, 1
6, 87, 25, 60, 80, 43, 47, 4, 0, 0, 4, 54, 39, 93, 100, 100, 5
0, 75, 31, 99, 81, 100, 100, 69, 90, 34, 76, 0, 53, 8, 88, 23, 7
24, 83, 62, 100, 86, 81, 59, 55, 89, 39, 100, 16, 52, 0, 0, 9, 3
100, 100, 70, 89, 52, 75, 39, 61, 25, 45, 11, 31, 2, 15, 0, 0, 1
19, 100, 0, 65, 49, 36, 33, 0, 1, 14, 4, 67, 41, 94, 100, 97, 5
0, 33, 35, 48, 64, 74, 92, 100, 100, 97, 80, 65, 60, 33, 43, 0, 1
0, 88, 29, 100, 65, 86, 62, 40, 52, 0, 35, 43, 61, 53, 100, 52, 7
13, 85, 52, 100, 63, 74, 57, 55, 100, 49, 81, 18, 40, 0, 0, 7, 3
12, 78, 40, 100, 44, 98, 44, 58, 44, 19, 0, 0, 44, 4, 100, 6, 1
27, 94, 26, 95, 0, 49, 6, 0, 64, 0, 100, 40, 91, 88, 37, 100, 0
42, 68, 0, 73, 1, 95, 44, 100, 82, 87, 100, 59, 91, 29, 74, 0, 9
25, 70, 54, 100, 60, 66, 35, 27, 0, 1, 19, 10, 61, 0, 100, 0, 2
89, 73, 61, 100, 22, 71, 68, 37, 76, 0, 0, 0, 40, 34, 100, 64, 8
0, 60, 40, 87, 57, 100, 52, 66, 55, 32, 43, 2, 24, 0, 100, 5, 1
0, 43, 34, 59, 68, 79, 100, 100, 85, 75, 69, 49, 51, 24, 30, 0, 1
11, 100, 45, 66, 100, 33, 82, 0, 16, 19, 47, 53, 89, 87, 0, 87, 8
24, 76, 0, 48, 25, 2, 83, 0, 100, 50, 82, 100, 28, 84, 8, 34, 0
19, 64, 10, 25, 46, 0, 85, 19, 100, 64, 73, 100, 29, 99, 0, 66, 0
44, 100, 22, 68, 0, 38, 54, 40, 100, 48, 95, 65, 93, 32, 100, 0, 4
17, 94, 5, 57, 52, 30, 16, 0, 0, 28, 5, 72, 39, 98, 100, 100, 5
44, 81, 80, 100, 97, 76, 48, 55, 100, 40, 99, 10, 42, 0, 0, 9, 3
38, 100, 34, 73, 100, 61, 88, 17, 25, 0, 0, 35, 4, 82, 70, 97, 5
40, 100, 25, 83, 3, 51, 2, 17, 49, 0, 100, 17, 60, 38, 0, 35, 6
0, 87, 39, 100, 73, 74, 69, 31, 51, 0, 12, 28, 50, 47, 100, 54, 7
0, 86, 41, 100, 84, 92, 52, 66, 64, 48, 100, 25, 63, 6, 16, 0, 3
34, 91, 8, 49, 26, 2, 72, 0, 100, 42, 86, 93, 42, 100, 0, 75, 0
64, 100, 15, 93, 0, 56, 10, 19, 51, 0, 94, 20, 100, 57, 86, 94, 0
100, 93, 73, 100, 43, 98, 34, 66, 50, 50, 61, 34, 31, 17, 0, 0, 5
30, 84, 43, 61, 100, 38, 64, 4, 0, 0, 6, 47, 25, 88, 90, 100, 5
47, 100, 5, 78, 0, 46, 74, 47, 100, 79, 74, 64, 38, 32, 3, 0, 4
0, 94, 56, 100, 59, 78, 44, 39, 36, 0, 15, 25, 44, 38, 100, 42, 7
100, 100, 56, 93, 29, 63, 13, 31, 28, 0, 74, 7, 46, 29, 0, 17, 6
61, 100, 32, 73, 0, 44, 28, 36, 81, 54, 100, 63, 90, 31, 80, 0, 4
0, 89, 56, 100, 95, 76, 72, 37, 47, 0, 10, 3, 32, 16, 100, 22, 7
21, 68, 39, 100, 49, 76, 27, 43, 0, 12, 3, 0, 53, 2, 100, 13, 2
58, 100, 23, 77, 0, 47, 52, 34, 100, 50, 97, 62, 76, 31, 70, 0, 4
11, 87, 46, 100, 74, 88, 55, 61, 100, 49, 89, 21, 50, 2, 0, 0, 3
2, 60, 0, 18, 33, 0, 73, 19, 100, 53, 98, 92, 54, 100, 14, 83, 0
45, 100, 10, 66, 0, 26, 31, 0, 75, 29, 100, 66, 72, 95, 24, 74, 0
0, 88, 44, 100, 80, 83, 40, 62, 58, 44, 100, 25, 70, 5, 21, 0, 3
88, 100, 65, 83, 33, 54, 0, 30, 65, 27, 100, 48, 98, 31, 94, 0, 4
100, 100, 47, 97, 43, 75, 91, 90, 92, 67, 92, 24, 51, 0, 0, 9, 9
0, 75, 39, 97, 95, 100, 100, 70, 65, 42, 23, 18, 12, 0, 69, 1, 2
19, 69, 14, 18, 45, 0, 83, 27, 100, 73, 67, 100, 24, 86, 0, 47, 0
39, 100, 0, 83, 2, 49, 91, 50, 100, 70, 58, 88, 61, 44, 74, 0, 4
100, 100, 70, 82, 36, 55, 0, 31, 37, 31, 76, 36, 77, 34, 73, 0, 4
8, 90, 39, 61, 44, 20, 0, 0, 11, 37, 55, 67, 100, 96, 57, 100, 8
0, 85, 28, 100, 53, 82, 31, 50, 7, 19, 25, 0, 63, 3, 100, 4, 2
0, 22, 30, 40, 56, 67, 80, 95, 100, 100, 92, 66, 85, 34, 80, 0, 1
100, 94, 44, 100, 41, 64, 89, 78, 90, 73, 90, 31, 52, 0, 0, 7, 9
56, 100, 15, 74, 0, 39, 58, 48, 100, 78, 86, 69, 58, 35, 30, 0, 4
100, 100, 4, 85, 92, 59, 99, 21, 11, 0, 0, 32, 73, 62, 49, 86, 8
15, 100, 39, 92, 0, 61, 1, 36, 72, 36, 100, 54, 85, 36, 80, 0, 4
0, 62, 30, 95, 36, 100, 34, 64, 41, 29, 0, 2, 16, 4, 100, 0, 1
42, 100, 26, 84, 0, 51, 47, 39, 99, 62, 100, 65, 68, 34, 53, 0, 4
46, 97, 40, 100, 0, 71, 63, 61, 100, 75, 64, 98, 46, 49, 34, 0, 4
100, 100, 55, 78, 26, 52, 9, 25, 25, 0, 86, 15, 64, 35, 0, 21, 6
16, 74, 0, 50, 25, 0, 76, 3, 100, 52, 74, 99, 21, 100, 0, 51, 0
18, 100, 80, 95, 90, 61, 52, 26, 26, 0, 100, 16, 79, 32, 0, 36, 7
0, 94, 70, 100, 83, 85, 67, 43, 56, 0, 35, 9, 33, 29, 100, 34, 7
81, 92, 29, 100, 11, 78, 72, 82, 100, 70, 94, 31, 60, 1, 0, 0, 9
0, 100, 17, 94, 71, 87, 51, 49, 32, 11, 8, 0, 24, 22, 100, 35, 7
6, 67, 31, 100, 66, 91, 48, 52, 17, 19, 0, 0, 50, 3, 100, 3, 2
13, 68, 27, 100, 56, 86, 34, 44, 0, 9, 0, 0, 50, 0, 100, 8, 2
33, 75, 51, 100, 63, 71, 36, 31, 0, 0, 4, 16, 52, 15, 100, 17, 2
89, 100, 64, 76, 25, 50, 0, 30, 66, 26, 95, 52, 100, 31, 95, 0, 4
16, 100, 0, 55, 64, 39, 46, 0, 12, 15, 0, 63, 29, 96, 100, 98, 5
46, 69, 93, 73, 81, 100, 55, 81, 100, 62, 93, 22, 48, 7, 0, 0, 9
8, 100, 0, 83, 0, 52, 63, 44, 100, 67, 82, 63, 69, 31, 61, 0, 4
6, 95, 53, 100, 72, 68, 63, 33, 43, 0, 0, 20, 43, 40, 100, 48, 7
38, 67, 44, 100, 85, 96, 71, 58, 40, 24, 0, 7, 43, 17, 100, 0, 2
0, 100, 40, 96, 49, 51, 42, 5, 20, 0, 3, 36, 51, 39, 100, 42, 7
0, 81, 54, 71, 81, 100, 11, 97, 29, 74, 100, 82, 84, 41, 83, 0, 9
100, 100, 60, 90, 26, 62, 0, 31, 12, 0, 62, 4, 60, 33, 9, 36, 6
100, 66, 68, 45, 49, 71, 80, 100, 95, 67, 78, 30, 45, 0, 0, 3, 9
0, 57, 39, 75, 81, 96, 100, 100, 85, 74, 72, 48, 55, 23, 43, 0, 1
46, 45, 0, 58, 20, 83, 69, 100, 100, 81, 91, 53, 69, 27, 48, 0, 9
43, 93, 23, 65, 55, 27, 21, 0, 0, 33, 48, 64, 100, 93, 45, 100, 8
35, 100, 16, 80, 0, 45, 56, 45, 100, 53, 59, 81, 55, 40, 54, 0, 4
0, 66, 39, 93, 56, 100, 57, 61, 58, 22, 28, 0, 50, 2, 100, 5, 1
0, 43, 1, 33, 41, 0, 100, 15, 99, 63, 61, 100, 8, 75, 4, 28, 0
0, 100, 76, 97, 100, 65, 75, 32, 44, 0, 1, 6, 21, 26, 100, 23, 7
100, 100, 54, 97, 16, 68, 0, 32, 24, 0, 74, 15, 76, 50, 21, 59, 6
29, 100, 30, 64, 62, 30, 20, 0, 1, 31, 0, 77, 41, 93, 100, 95, 5
23, 100, 18, 78, 36, 40, 17, 0, 0, 51, 21, 83, 61, 84, 100, 82, 5
100, 100, 60, 100, 36, 91, 34, 62, 68, 56, 70, 33, 38, 14, 0, 0, 5
0, 64, 16, 100, 47, 79, 35, 40, 6, 6, 11, 9, 58, 0, 100, 4, 2
0, 85, 51, 100, 81, 71, 76, 35, 58, 0, 31, 25, 35, 55, 100, 61, 7
12, 67, 34, 92, 100, 100, 77, 71, 77, 51, 89, 22, 40, 0, 0, 17, 3
82, 100, 37, 86, 66, 70, 87, 86, 100, 52, 92, 18, 49, 1, 0, 0, 9
0, 74, 29, 100, 65, 86, 73, 44, 64, 0, 31, 8, 60, 35, 100, 40, 7
0, 71, 56, 80, 100, 100, 93, 86, 74, 64, 59, 43, 48, 20, 59, 0, 1
34, 100, 17, 85, 0, 38, 27, 0, 82, 9, 100, 53, 60, 87, 5, 89, 0
25, 84, 64, 100, 82, 71, 42, 52, 95, 42, 100, 9, 46, 0, 0, 12, 3
38, 78, 73, 100, 92, 70, 58, 48, 100, 39, 85, 6, 33, 0, 0, 28, 3
9, 59, 39, 87, 61, 100, 46, 59, 22, 22, 0, 3, 50, 2, 100, 0, 1
33, 64, 58, 100, 94, 90, 67, 51, 28, 19, 0, 15, 49, 16, 100, 0, 2
23, 82, 57, 100, 60, 70, 34, 42, 0, 22, 20, 12, 59, 8, 100, 0, 2
68, 98, 70, 100, 36, 79, 0, 59, 60, 49, 100, 47, 73, 23, 51, 0, 4
10, 84, 64, 100, 98, 70, 71, 34, 36, 0, 0, 30, 30, 55, 100, 49, 7
16, 100, 6, 51, 58, 34, 24, 0, 3, 29, 0, 81, 46, 99, 100, 99, 5
41, 91, 53, 62, 95, 30, 52, 0, 14, 16, 0, 53, 17, 87, 100, 100, 5
100, 100, 45, 87, 12, 59, 0, 26, 27, 0, 87, 8, 87, 37, 27, 31, 6
51, 76, 0, 73, 11, 95, 60, 100, 97, 83, 100, 55, 91, 27, 83, 0, 9
23, 81, 61, 100, 92, 91, 58, 62, 81, 39, 100, 17, 51, 4, 0, 0, 3
29, 100, 24, 75, 0, 48, 27, 33, 89, 37, 87, 51, 89, 22, 100, 0, 4
0, 88, 37, 100, 79, 94, 92, 73, 90, 52, 100, 31, 93, 10, 54, 0, 3
0, 84, 53, 100, 94, 76, 94, 38, 77, 0, 38, 3, 41, 28, 100, 36, 7
13, 95, 71, 100, 93, 71, 54, 42, 94, 42, 100, 12, 43, 0, 0, 20, 3
81, 100, 27, 92, 0, 59, 2, 22, 47, 0, 95, 23, 100, 61, 88, 97, 0
0, 91, 15, 56, 44, 22, 15, 0, 36, 34, 82, 67, 100, 100, 5, 95, 8
0, 95, 56, 100, 61, 80, 51, 40, 44, 0, 17, 27, 41, 39, 100, 47, 7
54, 100, 0, 92, 10, 62, 64, 69, 73, 71, 100, 36, 79, 7, 23, 0, 9
94, 100, 8, 82, 79, 46, 99, 4, 0, 0, 15, 41, 100, 72, 47, 96, 8
0, 96, 51, 100, 58, 78, 38, 56, 13, 35, 0, 14, 42, 1, 100, 0, 2
0, 86, 47, 100, 100, 91, 68, 72, 58, 51, 74, 31, 76, 10, 11, 0, 3
60, 100, 27, 82, 0, 58, 49, 46, 86, 55, 86, 63, 87, 31, 100, 0, 4
81, 80, 28, 87, 0, 53, 8, 16, 61, 0, 100, 25, 100, 62, 84, 100, 0
100, 100, 93, 85, 67, 72, 47, 58, 27, 42, 7, 28, 0, 14, 13, 0, 1
34, 87, 71, 100, 80, 75, 65, 52, 100, 37, 84, 11, 44, 0, 0, 1, 3
8, 66, 26, 100, 38, 89, 37, 48, 28, 9, 0, 0, 49, 5, 100, 7, 1
15, 79, 0, 65, 17, 100, 71, 99, 100, 96, 77, 60, 58, 24, 47, 0, 7
97, 66, 100, 100, 53, 84, 59, 43, 50, 4, 0, 0, 25, 36, 83, 57, 8
80, 94, 33, 100, 47, 57, 96, 85, 87, 92, 100, 44, 76, 0, 0, 19, 9
69, 95, 74, 65, 93, 100, 44, 86, 97, 75, 100, 30, 56, 0, 0, 15, 9
90, 100, 46, 78, 20, 50, 17, 19, 59, 0, 100, 17, 48, 27, 0, 16, 6
56, 100, 0, 98, 10, 73, 64, 82, 81, 70, 100, 33, 64, 7, 8, 0, 9
80, 93, 0, 100, 7, 62, 78, 34, 64, 0, 0, 20, 56, 56, 100, 90, 8
65, 90, 73, 100, 86, 75, 72, 50, 100, 29, 79, 8, 38, 0, 0, 6, 3
100, 100, 70, 89, 55, 74, 39, 60, 21, 45, 9, 30, 0, 15, 0, 0, 1
100, 100, 61, 92, 96, 89, 88, 70, 89, 44, 88, 18, 49, 4, 0, 0, 9
0, 45, 35, 62, 67, 82, 100, 100, 91, 74, 74, 50, 56, 24, 38, 0, 1
0, 72, 32, 100, 45, 99, 42, 68, 39, 37, 20, 7, 26, 2, 100, 0, 1
0, 94, 43, 100, 62, 92, 49, 47, 48, 0, 25, 17, 53, 33, 100, 38, 7
98, 88, 45, 100, 28, 67, 86, 66, 100, 69, 100, 31, 61, 0, 0, 11, 9
40, 100, 15, 69, 0, 44, 60, 52, 100, 66, 87, 66, 91, 30, 82, 0, 4
100, 100, 52, 83, 8, 54, 0, 14, 57, 0, 100, 27, 58, 50, 8, 43, 6
3, 76, 30, 100, 91, 98, 81, 65, 80, 45, 100, 22, 52, 0, 0, 12, 3
42, 93, 74, 100, 77, 71, 58, 45, 100, 34, 82, 10, 38, 0, 0, 8, 3
47, 89, 33, 69, 100, 51, 83, 10, 14, 0, 0, 44, 9, 90, 81, 100, 5
47, 100, 14, 69, 0, 31, 27, 0, 77, 13, 100, 48, 86, 86, 38, 98, 0
100, 100, 75, 79, 40, 60, 0, 43, 17, 31, 60, 41, 31, 21, 17, 0, 4
98, 68, 72, 100, 25, 83, 0, 39, 27, 0, 77, 4, 100, 47, 95, 83, 0
75, 88, 100, 100, 61, 88, 97, 80, 100, 40, 87, 4, 39, 0, 0, 22, 9
0, 88, 35, 100, 73, 97, 98, 69, 91, 26, 68, 0, 62, 14, 100, 12, 7
100, 100, 58, 90, 25, 68, 4, 44, 0, 20, 35, 0, 60, 18, 7, 34, 6
74, 100, 100, 96, 78, 80, 52, 64, 30, 48, 13, 32, 4, 16, 0, 0, 1
0, 61, 28, 82, 48, 100, 50, 62, 46, 25, 9, 0, 48, 2, 100, 4, 1
69, 100, 65, 96, 31, 71, 0, 46, 40, 32, 100, 46, 77, 26, 67, 0, 4
0, 91, 70, 100, 100, 83, 76, 43, 66, 0, 53, 5, 21, 43, 92, 46, 7
38, 71, 48, 95, 100, 100, 87, 72, 83, 48, 92, 20, 49, 0, 0, 0, 3
0, 44, 33, 59, 66, 80, 100, 100, 96, 82, 77, 54, 59, 28, 44, 0, 1
6, 100, 54, 99, 66, 59, 48, 18, 25, 0, 0, 38, 49, 43, 100, 42, 7
25, 67, 52, 100, 58, 92, 55, 46, 33, 7, 0, 0, 50, 2, 100, 3, 1
43, 100, 10, 76, 0, 47, 10, 18, 53, 0, 100, 12, 86, 36, 33, 38, 6
80, 76, 47, 100, 5, 72, 62, 64, 75, 72, 100, 29, 64, 0, 0, 2, 9
2, 97, 8, 66, 45, 31, 12, 0, 0, 37, 2, 91, 50, 100, 100, 100, 5
33, 81, 56, 52, 74, 15, 0, 0, 10, 34, 64, 66, 100, 100, 24, 89, 8
0, 66, 2, 93, 50, 100, 100, 98, 78, 72, 55, 47, 38, 19, 39, 0, 7
98, 100, 51, 87, 15, 59, 0, 29, 22, 0, 100, 6, 85, 34, 10, 49, 6
23, 82, 71, 100, 89, 68, 77, 33, 52, 0, 0, 21, 38, 45, 100, 51, 7
84, 88, 7, 100, 11, 65, 66, 31, 33, 0, 0, 32, 61, 65, 100, 88, 8
97, 86, 61, 100, 54, 71, 98, 85, 100, 64, 87, 25, 48, 0, 0, 2, 9
100, 54, 78, 100, 30, 92, 0, 48, 14, 1, 66, 0, 99, 40, 84, 79, 0
0, 100, 19, 85, 19, 63, 98, 65, 100, 67, 62, 46, 33, 23, 12, 0, 4
78, 100, 31, 86, 57, 71, 88, 89, 100, 53, 94, 17, 50, 1, 0, 0, 9
100, 100, 53, 81, 19, 56, 0, 26, 20, 0, 78, 0, 96, 24, 47, 37, 6
100, 88, 100, 100, 83, 83, 65, 66, 46, 50, 28, 33, 11, 17, 0, 0, 1
3, 70, 0, 96, 47, 100, 100, 97, 74, 73, 51, 49, 40, 23, 62, 0, 7
53, 96, 91, 100, 41, 87, 47, 64, 92, 47, 100, 22, 55, 4, 0, 0, 5
52, 89, 75, 100, 88, 73, 68, 45, 100, 30, 86, 7, 38, 0, 0, 12, 3
8, 98, 17, 58, 71, 44, 40, 0, 2, 27, 0, 78, 33, 100, 100, 99, 5
0, 100, 52, 99, 100, 92, 74, 57, 58, 19, 49, 0, 37, 39, 87, 45, 7
100, 100, 56, 92, 22, 69, 0, 42, 3, 13, 47, 0, 73, 23, 33, 42, 6
100, 67, 76, 100, 27, 83, 54, 61, 86, 71, 95, 29, 55, 2, 0, 0, 9
0, 89, 34, 100, 59, 81, 42, 53, 22, 26, 24, 0, 70, 7, 100, 14, 2
0, 79, 32, 100, 54, 77, 42, 43, 19, 14, 15, 0, 56, 10, 100, 11, 2
0, 93, 24, 56, 49, 21, 80, 0, 100, 35, 83, 81, 52, 100, 23, 91, 0
63, 97, 17, 91, 0, 54, 15, 17, 59, 0, 94, 25, 100, 64, 86, 100, 0
0, 100, 57, 100, 96, 92, 81, 54, 70, 14, 54, 0, 45, 39, 100, 48, 7
0, 67, 42, 81, 94, 100, 100, 86, 77, 64, 61, 42, 45, 21, 52, 0, 1
54, 84, 81, 100, 91, 79, 66, 55, 100, 39, 86, 12, 42, 0, 0, 14, 3
23, 89, 0, 52, 11, 14, 60, 0, 96, 30, 100, 70, 63, 100, 11, 92, 0
100, 47, 92, 98, 39, 100, 0, 64, 4, 15, 55, 0, 98, 31, 95, 76, 0
33, 76, 100, 100, 46, 72, 3, 40, 0, 5, 81, 0, 93, 26, 6, 19, 6
50, 85, 100, 100, 96, 90, 67, 73, 46, 55, 21, 36, 0, 18, 0, 0, 1
100, 100, 67, 77, 44, 53, 31, 26, 38, 0, 88, 4, 44, 15, 0, 4, 6
25, 50, 17, 11, 58, 0, 90, 27, 100, 65, 80, 99, 36, 100, 0, 75, 0
96, 63, 100, 100, 45, 95, 11, 63, 0, 25, 36, 0, 48, 29, 19, 19, 6
11, 68, 31, 95, 89, 100, 71, 71, 72, 54, 100, 26, 60, 2, 0, 0, 3
100, 78, 64, 100, 0, 75, 57, 37, 46, 0, 24, 31, 82, 68, 100, 98, 8
70, 100, 34, 72, 0, 44, 58, 42, 100, 64, 91, 61, 68, 30, 43, 0, 4
46, 85, 100, 100, 97, 85, 73, 68, 51, 51, 35, 33, 16, 16, 0, 0, 1
1, 69, 26, 100, 59, 85, 37, 46, 2, 14, 0, 16, 55, 0, 100, 17, 2
40, 99, 0, 99, 23, 73, 53, 100, 77, 68, 100, 30, 59, 5, 3, 0, 9
0, 89, 38, 100, 54, 60, 50, 13, 36, 0, 20, 30, 60, 39, 100, 45, 7
0, 97, 50, 99, 100, 100, 88, 71, 56, 37, 38, 0, 46, 38, 96, 35, 7
33, 86, 21, 56, 91, 44, 65, 1, 0, 0, 2, 51, 26, 94, 100, 100, 5
100, 96, 50, 100, 45, 61, 91, 75, 94, 78, 93, 35, 57, 0, 0, 1, 9
83, 100, 32, 99, 0, 68, 2, 30, 33, 0, 82, 12, 100, 48, 88, 86, 0
8, 82, 47, 100, 70, 76, 56, 48, 100, 49, 84, 16, 42, 0, 0, 13, 3
48, 100, 26, 87, 0, 60, 22, 35, 100, 47, 88, 54, 53, 28, 47, 0, 4
36, 81, 31, 54, 88, 38, 58, 0, 0, 8, 8, 54, 38, 92, 100, 100, 5
0, 65, 42, 92, 72, 100, 61, 62, 57, 24, 25, 1, 41, 4, 100, 0, 1
23, 79, 57, 100, 78, 79, 51, 50, 10, 31, 0, 17, 49, 7, 100, 0, 2
66, 96, 66, 77, 71, 32, 33, 0, 0, 31, 49, 64, 100, 96, 48, 100, 8
7, 64, 39, 98, 47, 100, 47, 59, 44, 18, 0, 0, 37, 4, 100, 4, 1
96, 100, 77, 91, 33, 58, 10, 19, 67, 0, 100, 31, 60, 62, 0, 37, 6
97, 74, 79, 100, 37, 74, 59, 35, 35, 0, 0, 19, 41, 52, 100, 71, 8
42, 76, 27, 30, 55, 0, 90, 30, 100, 77, 65, 100, 25, 79, 0, 40, 0
100, 100, 59, 83, 31, 63, 11, 42, 0, 20, 17, 0, 69, 8, 48, 24, 6
0, 90, 40, 100, 80, 85, 53, 59, 20, 35, 4, 9, 56, 0, 100, 4, 2
100, 100, 58, 87, 30, 59, 19, 27, 40, 0, 84, 8, 45, 21, 0, 12, 6
65, 56, 100, 84, 48, 100, 0, 76, 45, 59, 77, 61, 42, 30, 19, 0, 9
34, 76, 59, 100, 66, 73, 37, 46, 0, 23, 19, 13, 61, 0, 100, 20, 2
100, 100, 58, 88, 22, 62, 0, 33, 0, 1, 49, 0, 70, 28, 26, 42, 6
47, 99, 11, 74, 0, 31, 30, 0, 75, 6, 100, 42, 89, 85, 49, 100, 0
100, 82, 51, 100, 0, 72, 56, 37, 78, 0, 36, 12, 68, 51, 92, 85, 8
44, 100, 11, 69, 0, 30, 27, 0, 79, 17, 100, 53, 80, 89, 24, 91, 0
72, 100, 40, 92, 5, 60, 0, 25, 49, 0, 100, 22, 42, 38, 11, 19, 6
54, 87, 14, 56, 0, 17, 40, 0, 79, 32, 100, 70, 74, 100, 28, 73, 0
100, 100, 47, 96, 15, 64, 0, 29, 32, 0, 85, 16, 57, 46, 9, 30, 6
81, 100, 42, 70, 0, 41, 32, 36, 100, 38, 98, 51, 78, 34, 72, 0, 4
2, 85, 43, 100, 66, 79, 54, 52, 100, 39, 97, 13, 51, 2, 0, 0, 3
19, 70, 28, 100, 45, 93, 35, 49, 13, 7, 0, 0, 49, 7, 100, 13, 1
53, 93, 0, 64, 51, 34, 53, 0, 18, 17, 0, 54, 16, 88, 100, 100, 5
100, 100, 44, 78, 15, 52, 9, 26, 29, 0, 100, 12, 79, 37, 0, 42, 6
11, 90, 0, 41, 31, 0, 82, 0, 100, 46, 77, 92, 30, 100, 3, 58, 0
40, 81, 77, 100, 100, 86, 78, 59, 97, 36, 93, 10, 47, 0, 0, 10, 3
18, 84, 6, 71, 67, 37, 38, 0, 0, 27, 51, 64, 100, 100, 17, 79, 8
100, 96, 98, 100, 82, 83, 68, 66, 52, 49, 32, 33, 20, 16, 0, 0, 1
38, 100, 24, 68, 0, 35, 71, 40, 100, 60, 96, 50, 95, 15, 100, 0, 4
100, 100, 59, 85, 89, 80, 84, 60, 82, 36, 92, 13, 52, 1, 0, 0, 9
32, 82, 4, 56, 43, 25, 36, 0, 18, 37, 0, 73, 32, 99, 100, 100, 5
0, 98, 66, 100, 64, 66, 32, 34, 2, 0, 47, 20, 100, 47, 28, 50, 7
53, 100, 5, 82, 0, 56, 81, 52, 100, 72, 66, 91, 54, 44, 44, 0, 4
0, 85, 39, 100, 83, 99, 87, 71, 60, 44, 32, 17, 55, 0, 100, 1, 2
0, 64, 24, 98, 68, 100, 57, 58, 24, 25, 7, 6, 54, 7, 100, 0, 2
15, 99, 47, 100, 69, 70, 52, 34, 30, 0, 0, 19, 41, 31, 100, 34, 7
0, 69, 32, 74, 70, 96, 100, 100, 91, 75, 81, 50, 70, 25, 64, 0, 1
25, 74, 36, 100, 61, 78, 39, 37, 5, 4, 0, 2, 50, 0, 100, 1, 2
86, 95, 9, 96, 27, 61, 100, 31, 64, 0, 0, 24, 55, 61, 93, 100, 8
91, 94, 13, 83, 67, 52, 100, 18, 16, 0, 0, 33, 36, 68, 48, 100, 8
23, 71, 52, 100, 40, 91, 40, 57, 40, 24, 0, 0, 29, 4, 100, 4, 1
50, 100, 35, 71, 17, 42, 12, 12, 56, 0, 100, 20, 54, 31, 0, 19, 6
32, 59, 53, 100, 100, 95, 79, 46, 48, 0, 93, 19, 58, 55, 0, 63, 8
28, 82, 0, 39, 30, 0, 80, 5, 100, 54, 70, 99, 22, 100, 7, 50, 0
100, 100, 55, 98, 26, 81, 40, 67, 78, 55, 74, 25, 43, 1, 0, 0, 5
0, 95, 37, 99, 77, 100, 100, 74, 98, 37, 95, 0, 70, 13, 77, 31, 7
0, 92, 68, 100, 89, 81, 74, 40, 61, 0, 35, 13, 20, 42, 100, 50, 7
30, 100, 19, 80, 0, 53, 11, 32, 74, 40, 100, 56, 89, 28, 85, 0, 4
76, 95, 23, 100, 36, 60, 68, 22, 23, 0, 0, 33, 46, 65, 100, 94, 8
57, 96, 3, 100, 27, 74, 62, 90, 86, 71, 100, 31, 63, 0, 0, 3, 9
7, 97, 15, 68, 65, 39, 31, 0, 0, 25, 4, 77, 33, 97, 100, 100, 5
0, 59, 46, 70, 86, 91, 100, 100, 95, 75, 92, 50, 89, 25, 95, 0, 1
87, 62, 61, 100, 0, 87, 18, 48, 78, 73, 100, 63, 71, 20, 10, 0, 9
35, 100, 26, 74, 0, 47, 54, 38, 100, 48, 91, 58, 84, 29, 74, 0, 4
12, 78, 7, 36, 33, 2, 83, 0, 100, 38, 85, 78, 43, 100, 0, 80, 0
17, 91, 63, 100, 66, 75, 56, 53, 100, 36, 94, 10, 40, 0, 0, 9, 3
0, 0, 39, 12, 76, 32, 96, 58, 97, 84, 59, 100, 53, 77, 100, 63, 9
0, 66, 23, 100, 53, 83, 41, 43, 14, 10, 13, 0, 56, 9, 100, 12, 2
43, 100, 13, 73, 54, 39, 39, 0, 0, 7, 13, 61, 46, 100, 100, 100, 5
45, 98, 82, 100, 72, 57, 42, 22, 0, 0, 3, 2, 52, 4, 100, 6, 2
42, 97, 13, 94, 51, 76, 57, 100, 90, 64, 100, 21, 55, 0, 0, 0, 9
32, 88, 21, 100, 66, 94, 45, 65, 69, 54, 100, 29, 64, 3, 0, 0, 3
37, 90, 4, 97, 35, 57, 100, 22, 49, 0, 0, 33, 54, 72, 35, 100, 8
22, 100, 52, 98, 58, 62, 32, 33, 0, 13, 27, 9, 63, 5, 100, 0, 2
9, 78, 48, 100, 100, 94, 78, 63, 85, 36, 73, 6, 19, 0, 0, 29, 3
0, 25, 18, 50, 59, 75, 100, 100, 92, 80, 69, 54, 52, 27, 46, 0, 1
14, 81, 0, 40, 19, 1, 65, 0, 99, 30, 100, 73, 65, 100, 24, 81, 0
0, 90, 42, 100, 69, 78, 62, 39, 56, 0, 31, 3, 42, 29, 100, 34, 7
15, 92, 0, 96, 38, 47, 79, 0, 4, 8, 46, 58, 100, 100, 12, 86, 8
23, 83, 74, 49, 100, 13, 19, 0, 24, 35, 82, 66, 73, 100, 0, 84, 8
100, 80, 55, 100, 18, 75, 77, 67, 93, 71, 87, 35, 66, 2, 0, 0, 9
58, 81, 49, 74, 85, 95, 38, 100, 88, 73, 100, 35, 67, 0, 0, 0, 9
0, 92, 44, 100, 88, 91, 82, 66, 55, 44, 26, 23, 51, 6, 100, 0, 2
0, 22, 21, 46, 61, 73, 100, 100, 91, 88, 61, 59, 39, 30, 24, 0, 1
100, 100, 57, 97, 19, 74, 0, 44, 9, 13, 56, 0, 63, 20, 10, 20, 6
100, 90, 68, 100, 38, 74, 28, 38, 68, 43, 76, 15, 39, 0, 0, 8, 5
30, 96, 0, 50, 7, 1, 66, 0, 100, 42, 86, 91, 28, 100, 3, 57, 0
39, 100, 0, 79, 1, 48, 55, 38, 100, 58, 81, 55, 49, 29, 25, 0, 4
46, 75, 44, 100, 79, 90, 56, 44, 19, 6, 0, 6, 50, 10, 100, 0, 2
2, 78, 35, 98, 100, 100, 84, 65, 54, 32, 20, 0, 0, 29, 60, 33, 7
47, 87, 75, 100, 80, 73, 85, 54, 100, 31, 74, 8, 38, 0, 0, 5, 3
93, 100, 46, 78, 13, 51, 0, 21, 38, 0, 100, 8, 78, 28, 15, 22, 6
100, 100, 60, 85, 72, 61, 96, 91, 95, 59, 79, 24, 43, 1, 0, 0, 9
48, 84, 38, 41, 20, 0, 0, 14, 37, 51, 89, 81, 100, 100, 36, 84, 8
45, 86, 32, 66, 93, 87, 12, 100, 80, 79, 100, 46, 88, 13, 0, 0, 9
0, 59, 59, 78, 100, 100, 96, 94, 63, 71, 37, 47, 11, 23, 0, 0, 1
83, 100, 0, 91, 11, 65, 89, 76, 100, 95, 83, 65, 62, 33, 46, 0, 9
11, 77, 33, 100, 50, 79, 27, 52, 0, 28, 11, 7, 55, 3, 100, 0, 2
24, 88, 71, 100, 85, 77, 53, 53, 83, 37, 100, 14, 52, 0, 0, 5, 3
100, 100, 53, 99, 15, 61, 10, 16, 66, 0, 99, 32, 42, 45, 0, 20, 6
0, 91, 0, 100, 57, 99, 100, 99, 64, 78, 45, 53, 37, 26, 44, 0, 7
87, 87, 44, 100, 24, 74, 70, 67, 100, 57, 89, 12, 46, 0, 0, 11, 9
0, 71, 34, 80, 88, 100, 100, 93, 78, 69, 66, 46, 53, 23, 41, 0, 1
0, 41, 25, 63, 60, 81, 95, 100, 100, 83, 88, 55, 76, 27, 67, 0, 1
36, 95, 10, 59, 19, 10, 66, 0, 100, 37, 97, 85, 48, 100, 0, 81, 0
37, 55, 100, 72, 94, 100, 52, 75, 57, 37, 57, 0, 0, 2, 9, 36, 8
35, 84, 0, 65, 4, 21, 49, 0, 95, 24, 100, 67, 64, 100, 5, 95, 0
16, 68, 0, 37, 28, 0, 80, 23, 100, 67, 69, 100, 16, 78, 3, 35, 0
45, 100, 18, 74, 0, 44, 59, 35, 100, 52, 95, 62, 75, 32, 70, 0, 4
5, 72, 32, 100, 83, 92, 73, 60, 44, 30, 0, 6, 39, 12, 100, 0, 2
7, 69, 17, 100, 30, 70, 20, 33, 0, 2, 25, 0, 62, 2, 100, 7, 2
100, 100, 57, 91, 22, 66, 0, 36, 10, 5, 56, 0, 65, 31, 27, 51, 6
0, 71, 71, 94, 89, 100, 76, 74, 73, 49, 78, 23, 84, 3, 100, 0, 1
0, 67, 45, 80, 100, 100, 50, 85, 32, 64, 23, 42, 18, 21, 14, 0, 1
40, 100, 7, 58, 51, 41, 13, 0, 0, 25, 5, 75, 35, 98, 100, 98, 5
55, 100, 21, 73, 7, 42, 17, 10, 66, 0, 100, 24, 55, 40, 0, 32, 6
14, 100, 75, 97, 74, 99, 21, 80, 42, 52, 100, 24, 51, 0, 0, 23, 5
55, 95, 0, 100, 26, 67, 64, 33, 50, 0, 16, 29, 47, 63, 100, 90, 8
47, 85, 41, 100, 77, 82, 61, 53, 100, 36, 93, 10, 43, 0, 0, 10, 3
54, 75, 36, 100, 78, 94, 62, 55, 25, 26, 0, 11, 49, 4, 100, 0, 2
45, 84, 73, 100, 100, 98, 82, 72, 69, 43, 61, 14, 31, 0, 0, 2, 3
15, 71, 38, 100, 73, 89, 59, 56, 30, 28, 0, 0, 49, 5, 100, 17, 2
100, 100, 57, 94, 29, 76, 48, 63, 83, 49, 71, 19, 36, 0, 0, 4, 5
0, 84, 42, 100, 59, 74, 42, 45, 10, 19, 1, 16, 55, 16, 100, 0, 2
23, 89, 68, 100, 100, 88, 68, 67, 63, 45, 90, 25, 50, 8, 0, 0, 3
81, 82, 59, 100, 0, 64, 71, 46, 100, 60, 74, 93, 64, 46, 55, 0, 4
0, 98, 22, 65, 100, 89, 17, 100, 18, 74, 85, 70, 58, 30, 1, 0, 9
86, 100, 32, 92, 1, 55, 0, 16, 60, 0, 100, 31, 31, 34, 7, 1, 6
100, 100, 44, 99, 6, 73, 15, 48, 65, 60, 85, 26, 49, 0, 0, 12, 5
26, 100, 6, 80, 0, 48, 63, 43, 100, 69, 98, 60, 86, 27, 83, 0, 4
0, 76, 30, 48, 53, 9, 11, 0, 47, 34, 97, 66, 100, 100, 38, 85, 8
87, 67, 66, 100, 0, 79, 49, 45, 100, 10, 40, 0, 37, 40, 81, 78, 8
62, 93, 16, 74, 0, 35, 21, 0, 77, 7, 100, 43, 83, 81, 33, 100, 0
58, 100, 49, 99, 23, 74, 0, 51, 55, 46, 100, 46, 82, 26, 62, 0, 4
0, 83, 34, 100, 49, 68, 28, 30, 0, 1, 25, 0, 62, 7, 100, 7, 2
100, 86, 43, 100, 0, 74, 45, 38, 66, 0, 36, 25, 63, 64, 90, 94, 8
26, 93, 17, 75, 65, 46, 44, 0, 0, 18, 21, 70, 42, 98, 100, 100, 5
0, 98, 51, 98, 100, 100, 74, 65, 50, 28, 40, 0, 44, 39, 96, 47, 7
52, 100, 20, 71, 0, 40, 61, 39, 100, 47, 76, 68, 76, 34, 78, 0, 4
4, 85, 64, 100, 96, 72, 68, 34, 44, 0, 100, 31, 87, 44, 0, 41, 7
0, 71, 47, 85, 100, 100, 100, 81, 84, 61, 66, 41, 47, 20, 31, 0, 1
23, 88, 68, 100, 97, 81, 63, 60, 87, 40, 100, 16, 55, 0, 0, 1, 3
41, 96, 6, 63, 0, 11, 48, 0, 92, 31, 100, 82, 51, 100, 18, 62, 0
94, 95, 42, 100, 35, 71, 86, 84, 100, 66, 100, 25, 55, 2, 0, 0, 9
13, 52, 35, 92, 40, 100, 43, 57, 45, 13, 0, 0, 51, 1, 100, 0, 1
100, 91, 53, 100, 48, 69, 93, 88, 93, 65, 87, 24, 49, 0, 0, 14, 9
29, 83, 5, 60, 8, 14, 64, 0, 100, 35, 89, 81, 33, 100, 0, 83, 0
0, 35, 37, 50, 73, 74, 100, 100, 90, 81, 77, 53, 63, 26, 61, 0, 1
15, 83, 56, 100, 82, 78, 35, 58, 62, 47, 100, 26, 56, 5, 0, 0, 3
0, 69, 20, 100, 56, 86, 41, 49, 10, 19, 10, 5, 57, 0, 100, 16, 2
17, 92, 50, 100, 63, 68, 46, 34, 21, 0, 0, 22, 40, 35, 100, 40, 7
10, 60, 0, 85, 41, 95, 100, 100, 95, 78, 67, 52, 43, 27, 37, 0, 7
100, 98, 67, 100, 29, 76, 2, 44, 0, 8, 45, 0, 54, 32, 11, 50, 6
100, 100, 65, 100, 40, 89, 40, 62, 74, 51, 63, 30, 30, 17, 0, 0, 5
7, 95, 54, 100, 100, 95, 76, 76, 49, 56, 47, 32, 43, 9, 0, 0, 3
100, 100, 64, 80, 36, 60, 12, 38, 0, 16, 28, 0, 74, 15, 12, 10, 6
16, 75, 43, 100, 66, 75, 44, 39, 10, 10, 0, 0, 50, 9, 100, 18, 2
59, 65, 100, 98, 31, 100, 10, 64, 83, 67, 85, 52, 60, 13, 0, 0, 9
100, 100, 100, 87, 55, 68, 5, 50, 45, 38, 68, 41, 29, 21, 0, 0, 4
0, 74, 32, 100, 72, 88, 49, 56, 7, 34, 0, 21, 49, 11, 100, 0, 2
0, 63, 16, 90, 100, 100, 90, 73, 53, 40, 22, 6, 11, 0, 48, 18, 7
