@relation penbased-2
@attribute At1 integer [0, 100]
@attribute At2 integer [0, 100]
@attribute At3 integer [0, 100]
@attribute At4 integer [0, 100]
@attribute At5 integer [0, 100]
@attribute At6 integer [0, 100]
@attribute At7 integer [0, 100]
@attribute At8 integer [0, 100]
@attribute At9 integer [0, 100]
@attribute At10 integer [0, 100]
@attribute At11 integer [0, 100]
@attribute At12 integer [0, 100]
@attribute At13 integer [0, 100]
@attribute At14 integer [0, 100]
@attribute At15 integer [0, 100]
@attribute At16 integer [0, 100]
@attribute Class {0, 1, 2, 3, 4, 5, 6, 7, 8, 9}
@inputs At1, At2, At3, At4, At5, At6, At7, At8, At9, At10, At11, At12, At13, At14, At15, At16
@outputs Class
@data
0, 85, 38, 100, 81, 88, 87, 50, 84, 12, 58, 0, 53, 22, 100, 24, 7
61, 59, 58, 100, 0, 84, 44, 42, 80, 0, 8, 5, 33, 44, 100, 70, 8
1, 88, 0, 54, 59, 31, 36, 0, 11, 28, 4, 68, 28, 97, 100, 100, 5
63, 100, 40, 73, 70, 63, 100, 77, 79, 74, 55, 48, 29, 23, 0, 0, 4
41, 96, 17, 76, 50, 37, 31, 0, 0, 34, 1, 86, 49, 98, 100, 100, 5
94, 79, 40, 100, 13, 65, 59, 30, 67, 0, 0, 17, 45, 52, 100, 83, 8
26, 79, 69, 100, 92, 85, 56, 56, 90, 42, 100, 15, 51, 0, 0, 2, 3
32, 100, 12, 76, 0, 48, 1, 21, 39, 0, 100, 9, 64, 21, 18, 3, 6
0, 87, 37, 100, 19, 70, 5, 42, 88, 49, 100, 58, 84, 28, 88, 0, 4
13, 68, 15, 30, 42, 0, 86, 19, 100, 56, 84, 90, 33, 100, 0, 73, 0
73, 85, 31, 65, 0, 0, 52, 9, 100, 57, 82, 100, 81, 78, 38, 25, 0
100, 88, 69, 100, 20, 84, 70, 86, 93, 71, 70, 44, 38, 19, 0, 0, 9
2, 78, 46, 99, 100, 100, 77, 76, 94, 38, 94, 0, 41, 3, 0, 28, 3
19, 100, 4, 77, 0, 51, 46, 36, 100, 47, 96, 49, 87, 23, 77, 0, 4
46, 83, 87, 100, 100, 79, 75, 54, 90, 36, 100, 13, 49, 0, 0, 12, 3
48, 95, 94, 100, 100, 73, 75, 47, 41, 25, 0, 5, 41, 1, 94, 0, 2
100, 100, 92, 85, 75, 71, 58, 57, 58, 42, 33, 28, 8, 14, 0, 0, 1
12, 73, 29, 62, 66, 32, 29, 0, 5, 29, 0, 71, 38, 96, 100, 100, 5
78, 100, 40, 94, 16, 58, 5, 21, 53, 0, 100, 27, 36, 30, 0, 0, 6
52, 80, 84, 100, 100, 75, 58, 53, 91, 48, 89, 10, 44, 0, 0, 16, 3
22, 98, 0, 75, 4, 18, 55, 0, 100, 36, 84, 89, 34, 100, 21, 46, 0
36, 69, 33, 100, 64, 85, 43, 48, 0, 21, 6, 19, 57, 0, 100, 20, 2
93, 91, 40, 100, 15, 79, 23, 36, 72, 53, 100, 21, 57, 0, 0, 6, 5
100, 100, 66, 100, 25, 69, 0, 35, 14, 0, 77, 0, 72, 34, 10, 51, 6
5, 79, 19, 100, 25, 66, 14, 32, 0, 3, 34, 0, 66, 5, 100, 7, 2
0, 100, 65, 99, 70, 66, 51, 33, 32, 0, 15, 12, 29, 39, 100, 44, 7
73, 100, 49, 62, 0, 38, 56, 43, 100, 57, 88, 78, 65, 39, 49, 0, 4
11, 50, 0, 16, 38, 0, 79, 8, 100, 46, 76, 84, 37, 100, 0, 84, 0
80, 100, 32, 81, 7, 52, 0, 21, 40, 0, 100, 9, 88, 30, 28, 22, 6
15, 100, 8, 70, 0, 39, 19, 20, 78, 21, 100, 43, 76, 30, 72, 0, 4
9, 86, 1, 51, 27, 11, 76, 0, 100, 39, 84, 83, 37, 100, 0, 69, 0
0, 99, 50, 100, 100, 91, 54, 57, 32, 0, 69, 13, 70, 28, 31, 23, 7
22, 75, 47, 100, 74, 82, 47, 53, 84, 44, 100, 17, 54, 0, 0, 9, 3
0, 92, 39, 100, 67, 79, 50, 37, 24, 0, 17, 22, 52, 41, 100, 46, 7
4, 80, 0, 100, 37, 82, 33, 53, 5, 28, 4, 6, 52, 2, 100, 0, 2
26, 89, 64, 100, 81, 82, 73, 61, 100, 37, 81, 11, 41, 0, 0, 5, 3
42, 79, 67, 100, 78, 79, 71, 60, 100, 39, 85, 10, 41, 0, 0, 14, 3
66, 94, 100, 100, 81, 96, 50, 81, 47, 50, 54, 19, 26, 0, 0, 12, 5
100, 100, 81, 81, 39, 55, 0, 28, 8, 0, 75, 4, 66, 31, 12, 25, 6
35, 44, 41, 2, 81, 14, 100, 60, 81, 100, 40, 85, 9, 49, 0, 0, 0
20, 85, 0, 61, 18, 22, 50, 0, 86, 11, 100, 51, 79, 87, 45, 100, 0
6, 100, 0, 80, 32, 54, 100, 59, 99, 99, 72, 77, 60, 38, 43, 0, 4
29, 100, 3, 82, 0, 52, 60, 51, 100, 78, 90, 56, 81, 27, 75, 0, 4
0, 62, 21, 100, 27, 80, 26, 35, 4, 4, 12, 0, 55, 2, 100, 5, 1
26, 80, 57, 100, 72, 75, 54, 44, 24, 18, 0, 11, 50, 8, 100, 0, 2
0, 84, 46, 100, 96, 88, 94, 50, 83, 11, 62, 0, 45, 26, 100, 26, 7
45, 79, 57, 100, 100, 93, 86, 66, 70, 44, 87, 20, 46, 6, 0, 0, 3
100, 100, 51, 95, 16, 64, 0, 28, 36, 0, 98, 12, 68, 35, 6, 24, 6
62, 77, 76, 100, 95, 83, 56, 58, 95, 52, 100, 21, 55, 2, 0, 0, 3
8, 95, 8, 58, 61, 47, 54, 0, 20, 21, 0, 68, 37, 100, 100, 100, 5
20, 73, 47, 100, 62, 70, 41, 35, 11, 3, 0, 15, 49, 9, 100, 0, 2
100, 100, 61, 87, 70, 65, 93, 92, 89, 64, 74, 28, 41, 6, 0, 0, 9
15, 72, 0, 39, 57, 42, 43, 0, 16, 15, 11, 62, 36, 93, 100, 100, 5
19, 86, 18, 35, 57, 0, 100, 24, 92, 72, 47, 100, 0, 77, 1, 31, 0
100, 100, 65, 79, 39, 56, 17, 32, 8, 5, 49, 0, 47, 18, 0, 12, 6
48, 99, 9, 100, 44, 82, 64, 89, 92, 56, 100, 18, 55, 0, 0, 5, 9
10, 89, 30, 100, 49, 73, 29, 42, 0, 16, 20, 19, 64, 20, 100, 0, 2
100, 77, 57, 100, 0, 81, 20, 50, 79, 66, 86, 68, 81, 31, 84, 0, 9
45, 74, 23, 68, 92, 35, 77, 0, 45, 28, 100, 64, 95, 100, 0, 80, 8
25, 79, 35, 100, 78, 78, 50, 50, 68, 48, 100, 21, 59, 0, 0, 11, 3
19, 66, 3, 28, 34, 0, 77, 13, 100, 51, 78, 89, 34, 100, 0, 76, 0
19, 91, 22, 58, 50, 24, 25, 0, 4, 37, 0, 73, 44, 94, 100, 100, 5
30, 82, 52, 100, 100, 85, 81, 53, 38, 28, 0, 26, 56, 17, 97, 0, 2
47, 68, 0, 70, 53, 34, 85, 0, 22, 12, 53, 59, 100, 100, 46, 88, 8
14, 91, 7, 55, 36, 17, 4, 0, 0, 51, 4, 98, 52, 100, 100, 97, 5
31, 78, 71, 100, 73, 99, 56, 63, 50, 26, 21, 0, 0, 0, 100, 3, 1
0, 76, 53, 85, 100, 100, 76, 81, 60, 61, 44, 40, 27, 20, 5, 0, 1
33, 69, 57, 100, 87, 75, 66, 39, 24, 15, 0, 15, 51, 14, 100, 0, 2
0, 73, 30, 100, 68, 87, 56, 51, 25, 22, 2, 2, 51, 4, 100, 0, 2
58, 83, 85, 100, 93, 77, 50, 57, 94, 40, 100, 11, 50, 0, 0, 11, 3
38, 70, 51, 100, 37, 72, 38, 38, 28, 5, 0, 0, 50, 4, 100, 10, 1
48, 80, 50, 100, 100, 99, 78, 69, 76, 49, 91, 18, 45, 0, 0, 9, 3
51, 69, 74, 37, 100, 0, 52, 4, 41, 41, 73, 75, 60, 100, 0, 83, 8
97, 100, 63, 90, 30, 56, 11, 20, 48, 0, 100, 22, 39, 27, 0, 4, 6
33, 100, 21, 78, 0, 53, 4, 28, 77, 36, 90, 51, 88, 25, 100, 0, 4
0, 100, 51, 85, 100, 74, 63, 37, 26, 0, 15, 12, 38, 31, 100, 37, 7
3, 87, 50, 100, 100, 100, 78, 76, 76, 52, 90, 30, 47, 13, 0, 0, 3
21, 100, 0, 64, 2, 23, 40, 0, 86, 18, 100, 56, 75, 91, 30, 81, 0
60, 80, 12, 50, 3, 0, 57, 10, 97, 50, 100, 100, 46, 92, 0, 59, 0
0, 100, 28, 65, 100, 79, 38, 96, 58, 55, 96, 44, 72, 0, 11, 23, 9
0, 64, 37, 82, 85, 99, 100, 100, 85, 75, 76, 50, 70, 24, 67, 0, 1
4, 80, 50, 100, 100, 91, 71, 60, 46, 44, 89, 25, 51, 0, 0, 6, 3
56, 76, 75, 100, 91, 67, 68, 33, 28, 10, 0, 17, 51, 14, 100, 0, 2
0, 94, 61, 100, 100, 77, 83, 44, 58, 13, 44, 0, 25, 29, 97, 36, 7
6, 80, 45, 100, 59, 70, 37, 39, 3, 13, 0, 9, 52, 5, 100, 0, 2
0, 74, 36, 100, 64, 74, 54, 37, 37, 0, 23, 12, 38, 39, 100, 43, 7
98, 78, 44, 76, 40, 100, 91, 98, 100, 69, 79, 42, 44, 18, 0, 0, 9
42, 80, 19, 62, 51, 28, 13, 0, 0, 26, 11, 70, 46, 100, 100, 98, 5
32, 52, 22, 0, 100, 2, 78, 63, 35, 37, 14, 100, 71, 92, 0, 73, 8
28, 86, 8, 60, 54, 45, 28, 0, 6, 20, 0, 70, 40, 98, 100, 100, 5
62, 88, 20, 65, 0, 24, 34, 0, 78, 24, 100, 63, 77, 100, 26, 93, 0
100, 87, 26, 100, 0, 70, 66, 68, 97, 99, 86, 66, 72, 33, 69, 0, 9
20, 100, 6, 79, 0, 49, 65, 43, 100, 66, 86, 59, 70, 29, 52, 0, 4
11, 84, 0, 34, 35, 0, 84, 19, 100, 67, 65, 100, 21, 70, 11, 24, 0
66, 86, 0, 94, 21, 52, 80, 14, 14, 0, 42, 39, 100, 78, 49, 100, 8
93, 69, 100, 100, 44, 95, 12, 68, 68, 69, 80, 46, 50, 17, 0, 0, 9
75, 100, 30, 73, 0, 44, 62, 44, 100, 51, 70, 78, 55, 38, 38, 0, 4
38, 78, 52, 100, 97, 79, 58, 52, 78, 41, 100, 11, 38, 0, 0, 20, 3
100, 94, 40, 100, 0, 68, 43, 35, 92, 5, 23, 0, 3, 34, 46, 68, 8
57, 100, 35, 87, 9, 58, 0, 28, 29, 2, 100, 0, 71, 16, 5, 5, 6
0, 64, 17, 100, 56, 98, 53, 58, 26, 26, 15, 4, 57, 4, 100, 0, 2
63, 65, 35, 100, 1, 69, 61, 36, 79, 0, 0, 15, 33, 54, 100, 86, 8
38, 58, 85, 86, 85, 100, 70, 60, 59, 21, 0, 0, 23, 3, 100, 8, 1
11, 100, 8, 93, 0, 60, 17, 33, 60, 41, 100, 57, 85, 32, 76, 0, 4
51, 92, 12, 63, 0, 8, 54, 0, 100, 37, 86, 86, 28, 100, 20, 56, 0
100, 100, 79, 89, 57, 75, 36, 60, 14, 44, 0, 29, 0, 13, 29, 0, 1
100, 100, 67, 76, 39, 51, 15, 23, 29, 0, 73, 10, 46, 26, 0, 22, 6
100, 100, 56, 100, 19, 75, 0, 43, 12, 10, 62, 0, 68, 14, 15, 12, 6
0, 54, 38, 77, 82, 100, 76, 88, 65, 63, 70, 38, 70, 13, 100, 0, 1
0, 44, 24, 55, 62, 78, 100, 100, 100, 80, 95, 52, 91, 24, 81, 0, 1
88, 100, 53, 84, 77, 69, 100, 86, 88, 60, 73, 35, 43, 13, 0, 0, 9
100, 100, 31, 89, 36, 55, 70, 22, 23, 0, 0, 28, 43, 58, 86, 89, 8
0, 80, 39, 100, 73, 83, 38, 57, 60, 42, 100, 22, 62, 1, 9, 0, 3
100, 100, 53, 84, 18, 58, 0, 28, 19, 0, 76, 4, 84, 27, 24, 27, 6
100, 100, 55, 91, 79, 72, 94, 93, 86, 66, 80, 35, 48, 11, 0, 0, 9
8, 90, 81, 100, 76, 97, 12, 80, 64, 70, 100, 44, 66, 15, 0, 0, 5
5, 77, 0, 64, 21, 5, 71, 0, 100, 49, 67, 100, 19, 93, 13, 28, 0
54, 64, 30, 96, 15, 61, 69, 27, 52, 0, 0, 30, 48, 66, 100, 100, 8
64, 100, 20, 79, 0, 49, 2, 18, 49, 0, 100, 15, 59, 25, 17, 3, 6
0, 82, 46, 100, 88, 91, 45, 68, 49, 43, 100, 25, 83, 6, 23, 0, 3
53, 81, 99, 100, 97, 65, 61, 32, 22, 0, 0, 20, 36, 39, 100, 48, 7
44, 99, 0, 71, 48, 65, 73, 32, 12, 0, 5, 45, 19, 96, 100, 100, 5
0, 66, 38, 82, 80, 100, 100, 98, 80, 73, 58, 48, 38, 22, 29, 0, 1
10, 77, 0, 52, 30, 100, 31, 100, 44, 44, 18, 0, 21, 8, 100, 12, 1
88, 99, 18, 100, 0, 69, 75, 81, 100, 95, 86, 62, 73, 30, 76, 0, 9
0, 96, 40, 100, 59, 67, 42, 25, 26, 0, 14, 38, 57, 45, 100, 48, 7
25, 84, 0, 62, 8, 17, 52, 0, 92, 26, 100, 69, 66, 100, 20, 88, 0
0, 82, 33, 100, 66, 87, 58, 54, 34, 27, 19, 0, 60, 1, 100, 10, 2
88, 100, 30, 79, 5, 54, 0, 28, 25, 3, 100, 0, 92, 25, 15, 26, 6
0, 85, 48, 100, 100, 82, 87, 39, 56, 0, 30, 1, 25, 28, 88, 33, 7
70, 100, 35, 59, 96, 65, 56, 93, 67, 71, 100, 53, 66, 3, 0, 0, 9
0, 83, 35, 100, 86, 88, 42, 63, 52, 47, 100, 27, 60, 4, 2, 0, 3
0, 93, 43, 100, 91, 87, 70, 44, 50, 0, 35, 5, 39, 44, 100, 53, 7
27, 86, 31, 62, 41, 100, 40, 55, 46, 10, 0, 0, 45, 2, 100, 5, 1
26, 100, 21, 65, 91, 32, 66, 0, 38, 25, 91, 61, 100, 99, 0, 98, 8
65, 84, 40, 100, 7, 68, 0, 31, 34, 0, 100, 8, 64, 24, 11, 3, 6
76, 100, 18, 73, 0, 50, 81, 48, 100, 70, 67, 74, 33, 37, 8, 0, 4
0, 85, 26, 100, 74, 89, 62, 64, 61, 39, 100, 21, 64, 4, 7, 0, 3
53, 92, 75, 100, 72, 71, 64, 60, 100, 44, 78, 15, 32, 0, 0, 10, 3
82, 100, 39, 78, 17, 48, 19, 17, 66, 0, 100, 21, 44, 31, 0, 13, 6
100, 100, 68, 96, 37, 75, 14, 51, 0, 22, 21, 0, 54, 10, 15, 18, 6
93, 100, 58, 79, 28, 50, 8, 18, 47, 0, 100, 14, 58, 25, 0, 19, 6
48, 96, 67, 100, 68, 57, 40, 23, 0, 15, 19, 30, 59, 12, 100, 0, 2
8, 100, 25, 75, 84, 99, 0, 100, 20, 83, 100, 81, 60, 39, 13, 0, 9
0, 97, 10, 100, 55, 93, 100, 89, 72, 67, 46, 45, 37, 18, 41, 0, 7
100, 100, 40, 88, 40, 67, 97, 79, 94, 65, 82, 40, 52, 16, 0, 0, 9
56, 76, 73, 52, 93, 13, 0, 0, 37, 35, 100, 69, 100, 100, 17, 76, 8
0, 64, 21, 100, 27, 86, 24, 43, 8, 4, 6, 0, 53, 2, 100, 6, 1
0, 90, 38, 100, 68, 70, 59, 33, 32, 0, 2, 27, 35, 42, 100, 41, 7
23, 88, 0, 55, 25, 50, 64, 20, 17, 0, 21, 54, 35, 97, 100, 100, 5
27, 84, 12, 42, 18, 0, 73, 7, 100, 45, 93, 88, 40, 100, 0, 67, 0
18, 74, 3, 67, 74, 34, 41, 0, 3, 27, 59, 63, 100, 100, 0, 95, 8
66, 98, 22, 67, 100, 88, 17, 100, 11, 52, 0, 0, 79, 13, 22, 53, 8
38, 100, 43, 85, 0, 60, 28, 51, 100, 61, 98, 54, 73, 25, 46, 0, 4
41, 100, 0, 70, 76, 37, 100, 0, 10, 5, 41, 43, 97, 79, 27, 91, 8
7, 69, 0, 25, 36, 0, 74, 10, 100, 49, 85, 95, 45, 100, 17, 67, 0
64, 100, 100, 92, 94, 56, 72, 22, 72, 0, 91, 31, 52, 59, 0, 80, 8
37, 100, 8, 78, 0, 39, 18, 4, 59, 0, 91, 26, 100, 64, 72, 92, 0
61, 90, 67, 61, 99, 100, 9, 71, 17, 56, 0, 0, 100, 25, 17, 61, 8
27, 100, 8, 56, 57, 41, 20, 0, 0, 24, 18, 85, 48, 97, 100, 94, 5
48, 100, 31, 76, 85, 88, 17, 98, 65, 71, 100, 38, 68, 6, 0, 0, 9
39, 88, 82, 100, 100, 68, 68, 34, 34, 0, 16, 10, 0, 45, 78, 50, 7
69, 98, 53, 83, 85, 98, 46, 100, 81, 65, 100, 27, 42, 11, 0, 0, 9
100, 96, 44, 75, 22, 100, 77, 99, 91, 65, 93, 29, 67, 0, 0, 12, 9
35, 78, 48, 100, 76, 78, 57, 41, 24, 11, 0, 8, 50, 7, 100, 0, 2
0, 79, 38, 100, 100, 94, 93, 66, 55, 41, 9, 19, 18, 0, 89, 2, 2
6, 96, 23, 52, 100, 63, 53, 100, 19, 77, 94, 48, 87, 2, 0, 0, 9
5, 55, 79, 87, 5, 100, 38, 53, 67, 6, 0, 0, 27, 47, 100, 84, 8
88, 59, 100, 100, 16, 85, 42, 45, 82, 8, 0, 0, 32, 40, 89, 77, 8
33, 78, 67, 100, 68, 67, 36, 40, 0, 17, 27, 1, 72, 0, 100, 2, 2
59, 82, 11, 67, 100, 65, 54, 100, 40, 48, 0, 22, 60, 0, 43, 52, 8
100, 100, 66, 80, 41, 56, 23, 29, 18, 0, 54, 0, 38, 18, 0, 12, 6
0, 60, 9, 71, 45, 100, 35, 64, 38, 28, 7, 0, 21, 1, 100, 4, 1
32, 100, 17, 75, 87, 41, 64, 0, 12, 20, 79, 55, 100, 96, 0, 96, 8
17, 96, 0, 63, 6, 20, 50, 0, 95, 22, 100, 64, 71, 100, 25, 86, 0
9, 68, 29, 100, 65, 91, 45, 58, 13, 31, 0, 6, 51, 6, 100, 0, 2
100, 87, 40, 100, 0, 78, 60, 65, 100, 90, 94, 65, 83, 32, 79, 0, 9
100, 100, 45, 85, 9, 58, 0, 23, 44, 0, 99, 11, 84, 40, 26, 47, 6
28, 87, 1, 56, 76, 75, 67, 28, 1, 0, 0, 46, 18, 94, 100, 100, 5
100, 100, 38, 87, 25, 72, 19, 58, 12, 43, 6, 28, 0, 14, 6, 0, 1
33, 65, 68, 100, 73, 89, 56, 40, 37, 0, 0, 8, 50, 5, 100, 6, 1
43, 100, 10, 80, 0, 51, 43, 29, 95, 40, 100, 53, 61, 28, 39, 0, 4
0, 95, 44, 100, 76, 78, 72, 39, 63, 0, 52, 12, 54, 40, 100, 46, 7
49, 100, 10, 79, 0, 32, 33, 0, 82, 8, 100, 51, 74, 90, 27, 97, 0
98, 98, 34, 96, 8, 59, 63, 27, 34, 0, 0, 32, 42, 70, 100, 100, 8
38, 99, 6, 52, 14, 0, 75, 3, 100, 51, 73, 100, 14, 83, 0, 33, 0
13, 88, 10, 56, 54, 29, 30, 0, 10, 35, 0, 79, 46, 99, 100, 100, 5
33, 61, 63, 93, 60, 100, 55, 57, 42, 15, 0, 0, 50, 5, 100, 7, 1
30, 88, 7, 77, 0, 33, 30, 0, 82, 6, 100, 45, 74, 82, 26, 100, 0
38, 100, 6, 62, 44, 35, 7, 0, 0, 23, 9, 72, 45, 98, 100, 96, 5
100, 99, 55, 100, 22, 79, 27, 51, 74, 47, 87, 19, 47, 0, 0, 1, 5
0, 93, 60, 100, 65, 66, 51, 33, 35, 0, 11, 23, 31, 37, 100, 38, 7
52, 69, 61, 100, 100, 93, 77, 60, 42, 31, 0, 3, 26, 0, 97, 1, 2
41, 84, 93, 52, 100, 12, 33, 0, 47, 39, 93, 74, 72, 100, 0, 81, 8
100, 100, 56, 83, 28, 56, 10, 28, 21, 0, 69, 6, 52, 28, 0, 23, 6
100, 89, 41, 100, 23, 69, 54, 35, 38, 0, 0, 11, 25, 47, 60, 81, 8
68, 74, 10, 76, 48, 100, 86, 81, 97, 46, 100, 12, 55, 0, 0, 18, 9
15, 77, 75, 100, 100, 100, 91, 58, 91, 16, 49, 0, 0, 6, 78, 4, 1
47, 89, 20, 55, 36, 6, 80, 0, 100, 45, 77, 90, 32, 100, 0, 67, 0
35, 73, 63, 100, 97, 87, 58, 64, 100, 44, 100, 11, 50, 0, 0, 8, 3
12, 54, 30, 100, 62, 87, 43, 39, 3, 7, 0, 1, 50, 0, 100, 4, 2
27, 51, 0, 22, 43, 0, 90, 13, 100, 54, 75, 93, 27, 100, 12, 61, 0
100, 100, 54, 88, 22, 64, 0, 35, 6, 7, 57, 0, 65, 21, 14, 21, 6
8, 56, 53, 77, 100, 100, 100, 99, 79, 71, 74, 42, 60, 14, 0, 0, 1
26, 65, 0, 46, 4, 1, 54, 0, 95, 30, 100, 75, 59, 100, 12, 82, 0
0, 100, 70, 95, 100, 71, 70, 38, 37, 4, 10, 0, 22, 28, 97, 30, 7
35, 96, 87, 100, 74, 99, 28, 77, 60, 56, 100, 35, 53, 9, 0, 0, 5
0, 90, 43, 100, 89, 87, 75, 59, 44, 36, 9, 14, 48, 5, 100, 0, 2
34, 98, 58, 68, 75, 100, 10, 96, 67, 67, 100, 36, 50, 0, 0, 22, 9
0, 38, 31, 57, 66, 79, 100, 100, 76, 76, 53, 51, 40, 26, 44, 0, 1
100, 100, 100, 96, 79, 80, 50, 64, 36, 48, 14, 31, 0, 16, 7, 0, 1
69, 79, 48, 57, 69, 19, 0, 0, 30, 34, 93, 63, 100, 100, 37, 76, 8
46, 85, 36, 68, 84, 79, 42, 100, 79, 65, 100, 23, 53, 0, 0, 8, 9
40, 64, 67, 82, 100, 100, 81, 80, 60, 60, 38, 40, 15, 20, 0, 0, 1
41, 71, 32, 40, 100, 76, 34, 100, 36, 57, 89, 68, 70, 4, 0, 0, 9
57, 100, 33, 94, 8, 59, 3, 22, 48, 0, 100, 15, 57, 32, 0, 19, 6
35, 100, 32, 97, 0, 73, 4, 46, 51, 42, 100, 48, 88, 29, 72, 0, 4
25, 81, 35, 52, 74, 23, 28, 0, 12, 35, 0, 71, 25, 96, 100, 100, 5
0, 56, 40, 72, 79, 90, 100, 100, 86, 74, 70, 49, 55, 23, 45, 0, 1
14, 88, 62, 100, 97, 86, 70, 62, 34, 42, 0, 20, 45, 6, 100, 0, 2
55, 65, 100, 87, 61, 100, 53, 66, 71, 29, 40, 0, 0, 21, 39, 47, 8
27, 100, 43, 66, 67, 31, 45, 0, 0, 27, 47, 59, 100, 91, 20, 97, 8
76, 100, 36, 75, 10, 47, 0, 17, 43, 0, 100, 12, 63, 31, 3, 23, 6
100, 100, 49, 86, 17, 59, 0, 28, 18, 0, 76, 6, 61, 29, 7, 17, 6
19, 78, 0, 36, 25, 0, 71, 4, 100, 39, 90, 84, 49, 100, 10, 76, 0
42, 96, 10, 64, 0, 22, 44, 0, 92, 23, 100, 65, 64, 99, 8, 100, 0
17, 83, 57, 100, 87, 83, 61, 58, 27, 36, 0, 13, 51, 8, 100, 0, 2
0, 89, 34, 100, 57, 72, 51, 34, 44, 0, 12, 28, 55, 36, 100, 37, 7
63, 100, 35, 70, 0, 41, 36, 35, 100, 40, 96, 56, 73, 34, 59, 0, 4
13, 76, 64, 100, 87, 72, 52, 35, 11, 0, 0, 15, 35, 37, 100, 36, 7
100, 100, 62, 89, 28, 64, 1, 34, 0, 0, 43, 2, 45, 32, 5, 23, 6
40, 94, 0, 66, 5, 23, 55, 0, 98, 26, 100, 70, 62, 100, 6, 84, 0
7, 66, 43, 92, 42, 100, 43, 58, 55, 17, 0, 0, 22, 0, 100, 1, 1
57, 56, 37, 92, 88, 100, 94, 63, 51, 34, 0, 12, 41, 4, 100, 0, 2
6, 90, 0, 45, 21, 0, 72, 0, 100, 41, 86, 88, 37, 100, 9, 59, 0
17, 91, 24, 72, 59, 40, 29, 0, 5, 33, 0, 90, 49, 96, 100, 100, 5
72, 100, 26, 94, 0, 62, 0, 28, 38, 0, 100, 4, 67, 24, 21, 1, 6
0, 88, 34, 100, 92, 97, 74, 72, 62, 46, 100, 24, 89, 3, 31, 0, 3
45, 85, 75, 100, 70, 63, 43, 29, 5, 4, 0, 1, 50, 0, 100, 0, 2
35, 98, 60, 100, 47, 63, 25, 30, 0, 4, 34, 2, 68, 0, 100, 3, 2
0, 92, 49, 100, 100, 83, 80, 45, 71, 6, 64, 0, 36, 31, 100, 42, 7
100, 63, 71, 100, 10, 85, 24, 43, 56, 4, 0, 0, 26, 38, 88, 55, 8
81, 87, 30, 73, 32, 100, 81, 88, 91, 57, 100, 26, 79, 0, 0, 9, 9
37, 98, 2, 64, 48, 38, 17, 0, 0, 26, 2, 72, 38, 99, 100, 100, 5
4, 100, 36, 99, 44, 59, 39, 20, 29, 0, 0, 31, 49, 39, 100, 42, 7
0, 94, 45, 100, 92, 79, 83, 37, 56, 0, 36, 16, 44, 44, 100, 45, 7
84, 67, 57, 100, 0, 88, 16, 52, 75, 65, 100, 72, 92, 28, 97, 0, 9
10, 77, 37, 100, 90, 88, 72, 57, 99, 52, 100, 18, 48, 0, 0, 17, 3
46, 94, 16, 98, 0, 48, 30, 1, 87, 0, 100, 51, 80, 100, 27, 85, 0
14, 65, 35, 100, 64, 79, 48, 41, 16, 11, 0, 8, 50, 9, 100, 0, 2
58, 95, 36, 68, 62, 29, 34, 0, 0, 19, 8, 64, 45, 91, 100, 100, 5
27, 100, 28, 96, 0, 64, 3, 37, 88, 43, 100, 68, 94, 33, 100, 0, 4
7, 96, 59, 100, 100, 89, 65, 67, 71, 52, 92, 31, 52, 12, 0, 0, 3
17, 83, 2, 54, 0, 13, 47, 0, 90, 26, 100, 68, 71, 100, 26, 79, 0
36, 77, 55, 100, 53, 57, 34, 19, 0, 0, 23, 19, 62, 14, 100, 4, 2
42, 94, 0, 60, 23, 30, 86, 30, 100, 61, 70, 100, 69, 50, 71, 0, 4
0, 100, 34, 94, 70, 90, 100, 85, 78, 64, 57, 41, 42, 15, 43, 0, 7
92, 70, 34, 59, 0, 75, 39, 100, 89, 97, 98, 65, 93, 32, 100, 0, 9
43, 75, 71, 100, 38, 68, 0, 37, 60, 32, 100, 51, 82, 34, 54, 0, 4
0, 70, 46, 81, 100, 100, 88, 88, 81, 66, 77, 43, 68, 22, 63, 0, 1
50, 100, 26, 84, 0, 60, 6, 36, 58, 35, 100, 50, 78, 26, 63, 0, 4
0, 37, 29, 60, 68, 82, 100, 100, 77, 75, 57, 51, 45, 25, 45, 0, 1
0, 74, 14, 100, 53, 98, 43, 65, 18, 38, 20, 8, 59, 0, 100, 6, 2
4, 100, 0, 100, 7, 69, 56, 55, 100, 67, 86, 60, 62, 31, 55, 0, 4
22, 84, 41, 100, 49, 69, 26, 40, 0, 11, 21, 0, 60, 6, 100, 12, 2
44, 80, 74, 100, 100, 79, 74, 50, 84, 39, 86, 12, 42, 0, 0, 9, 3
55, 100, 21, 73, 0, 36, 16, 0, 58, 7, 91, 34, 100, 74, 65, 96, 0
0, 43, 32, 61, 68, 82, 100, 100, 85, 75, 66, 49, 45, 24, 25, 0, 1
21, 77, 0, 35, 29, 0, 69, 7, 100, 43, 85, 89, 44, 100, 12, 73, 0
70, 81, 25, 100, 0, 74, 42, 40, 77, 5, 40, 0, 53, 40, 100, 70, 8
0, 72, 28, 100, 53, 77, 53, 24, 42, 0, 36, 34, 68, 49, 100, 67, 7
18, 82, 53, 100, 76, 79, 45, 64, 90, 45, 100, 14, 52, 0, 0, 5, 3
15, 100, 1, 55, 0, 7, 37, 0, 74, 24, 100, 62, 80, 99, 39, 95, 0
84, 100, 40, 94, 46, 68, 85, 82, 90, 48, 100, 13, 54, 0, 0, 6, 9
10, 100, 16, 77, 0, 39, 37, 18, 94, 22, 100, 50, 99, 39, 93, 0, 4
100, 100, 77, 94, 47, 71, 23, 43, 14, 12, 50, 0, 42, 20, 0, 29, 6
0, 96, 40, 100, 70, 75, 57, 37, 41, 0, 22, 36, 50, 51, 100, 57, 7
39, 95, 9, 72, 63, 48, 57, 9, 0, 0, 19, 47, 38, 92, 100, 100, 5
0, 83, 42, 100, 98, 97, 93, 71, 81, 44, 100, 15, 58, 0, 4, 7, 3
100, 100, 46, 88, 13, 61, 0, 32, 16, 4, 90, 0, 81, 20, 20, 3, 6
77, 83, 47, 72, 78, 27, 22, 0, 0, 30, 68, 60, 100, 100, 20, 90, 8
0, 82, 41, 100, 90, 88, 69, 59, 73, 48, 100, 19, 56, 0, 3, 5, 3
94, 86, 55, 78, 100, 78, 79, 100, 90, 86, 85, 40, 58, 0, 0, 6, 9
16, 90, 61, 100, 76, 63, 61, 26, 31, 0, 0, 32, 43, 30, 100, 38, 7
0, 55, 50, 77, 100, 100, 86, 88, 71, 63, 67, 37, 69, 12, 86, 0, 1
2, 55, 18, 86, 70, 100, 98, 79, 75, 50, 100, 15, 52, 0, 0, 15, 3
0, 83, 28, 100, 85, 88, 74, 43, 43, 0, 8, 0, 38, 20, 100, 25, 7
100, 98, 59, 100, 19, 86, 8, 54, 42, 54, 67, 28, 42, 3, 0, 0, 5
71, 71, 90, 89, 36, 100, 0, 79, 71, 72, 100, 50, 79, 25, 59, 0, 9
19, 88, 53, 100, 92, 84, 71, 53, 36, 29, 0, 5, 48, 1, 100, 0, 2
95, 100, 74, 95, 27, 65, 0, 30, 32, 0, 100, 11, 73, 45, 9, 64, 6
84, 61, 100, 100, 55, 94, 46, 60, 92, 69, 82, 28, 45, 0, 0, 1, 9
39, 100, 24, 70, 0, 40, 49, 38, 100, 40, 75, 65, 52, 34, 43, 0, 4
32, 78, 92, 100, 100, 72, 68, 38, 29, 6, 0, 0, 0, 32, 81, 35, 7
65, 78, 77, 100, 100, 76, 66, 53, 99, 32, 83, 7, 35, 0, 0, 11, 3
96, 74, 47, 54, 0, 72, 25, 100, 82, 89, 100, 57, 84, 25, 41, 0, 9
44, 86, 14, 77, 0, 34, 28, 1, 70, 0, 100, 33, 85, 76, 48, 100, 0
0, 96, 45, 100, 56, 68, 51, 33, 48, 0, 29, 32, 50, 50, 100, 52, 7
29, 95, 2, 58, 44, 40, 30, 0, 0, 9, 16, 60, 50, 91, 100, 100, 5
13, 90, 44, 100, 91, 99, 80, 71, 100, 43, 92, 17, 47, 5, 0, 0, 3
0, 24, 43, 59, 64, 100, 18, 94, 67, 61, 100, 23, 43, 0, 7, 29, 8
78, 100, 51, 62, 0, 32, 18, 31, 95, 29, 100, 58, 73, 39, 57, 0, 4
25, 100, 58, 96, 81, 69, 54, 34, 29, 0, 0, 34, 48, 44, 100, 48, 7
57, 100, 34, 80, 0, 59, 11, 40, 85, 43, 100, 44, 72, 22, 57, 0, 4
32, 87, 24, 54, 81, 100, 0, 72, 18, 44, 36, 0, 100, 44, 19, 49, 8
12, 96, 60, 100, 96, 81, 60, 55, 16, 33, 0, 8, 55, 2, 100, 0, 2
25, 76, 0, 47, 20, 0, 83, 22, 100, 69, 49, 100, 3, 65, 13, 17, 0
16, 69, 59, 84, 100, 100, 90, 82, 68, 61, 44, 40, 19, 20, 0, 0, 1
22, 61, 54, 94, 62, 100, 56, 58, 51, 17, 0, 4, 55, 1, 100, 0, 1
0, 42, 44, 55, 76, 78, 100, 100, 80, 74, 61, 47, 43, 21, 27, 0, 1
19, 100, 14, 79, 5, 59, 0, 38, 27, 20, 100, 34, 81, 21, 70, 0, 4
8, 66, 17, 27, 49, 0, 89, 23, 100, 63, 75, 97, 25, 100, 0, 67, 0
63, 100, 41, 63, 0, 36, 88, 40, 100, 63, 72, 78, 76, 39, 82, 0, 4
100, 96, 56, 69, 0, 63, 35, 98, 98, 100, 94, 57, 59, 20, 40, 0, 9
38, 89, 84, 100, 79, 73, 46, 49, 91, 42, 100, 16, 52, 0, 0, 7, 3
2, 90, 0, 63, 39, 52, 60, 6, 23, 0, 15, 64, 43, 99, 100, 100, 5
17, 64, 38, 100, 98, 94, 63, 62, 67, 49, 100, 15, 42, 0, 0, 17, 3
33, 76, 51, 100, 77, 77, 41, 42, 0, 15, 2, 0, 51, 5, 100, 12, 2
0, 78, 26, 94, 95, 100, 100, 82, 57, 61, 62, 37, 57, 14, 0, 0, 3
43, 80, 46, 100, 83, 79, 61, 39, 20, 12, 0, 14, 51, 16, 100, 0, 2
0, 27, 16, 50, 49, 74, 82, 98, 100, 100, 78, 67, 56, 35, 44, 0, 1
59, 100, 28, 71, 26, 20, 0, 0, 28, 40, 72, 67, 100, 99, 49, 99, 8
28, 90, 97, 100, 100, 68, 61, 33, 18, 0, 0, 8, 7, 29, 82, 31, 7
0, 80, 34, 100, 60, 80, 34, 53, 1, 29, 0, 4, 49, 0, 100, 1, 2
73, 97, 35, 54, 100, 84, 44, 100, 75, 71, 92, 60, 62, 0, 0, 9, 9
0, 90, 36, 100, 64, 89, 53, 64, 67, 41, 100, 25, 88, 7, 48, 0, 3
6, 90, 0, 52, 38, 29, 8, 0, 2, 34, 13, 78, 52, 96, 100, 100, 5
0, 90, 22, 100, 93, 85, 76, 42, 53, 0, 32, 1, 17, 34, 100, 39, 7
11, 91, 57, 100, 100, 93, 66, 62, 33, 29, 5, 0, 0, 35, 60, 37, 7
52, 79, 71, 100, 92, 78, 67, 52, 100, 35, 84, 9, 39, 0, 0, 8, 3
98, 89, 44, 100, 43, 65, 100, 84, 95, 79, 92, 38, 70, 0, 0, 3, 9
100, 92, 58, 100, 39, 84, 24, 67, 15, 50, 9, 33, 0, 16, 0, 0, 1
47, 97, 17, 79, 57, 40, 70, 0, 0, 17, 33, 53, 100, 79, 65, 100, 8
24, 100, 12, 89, 0, 55, 28, 39, 73, 53, 100, 61, 74, 32, 58, 0, 4
34, 100, 2, 82, 0, 28, 32, 0, 70, 10, 100, 44, 89, 90, 53, 100, 0
54, 100, 20, 72, 0, 40, 56, 35, 100, 45, 72, 65, 44, 34, 31, 0, 4
0, 55, 41, 73, 70, 95, 94, 100, 93, 75, 89, 50, 91, 24, 100, 0, 1
0, 90, 33, 100, 48, 60, 50, 16, 39, 0, 15, 26, 58, 34, 100, 42, 7
0, 90, 37, 100, 58, 69, 55, 32, 47, 0, 25, 33, 55, 44, 100, 46, 7
25, 91, 23, 61, 75, 55, 57, 3, 0, 0, 13, 55, 28, 99, 100, 100, 5
35, 97, 68, 100, 100, 69, 75, 34, 44, 0, 91, 15, 75, 34, 0, 33, 7
42, 100, 34, 75, 0, 48, 3, 42, 58, 38, 100, 53, 85, 33, 71, 0, 4
0, 93, 68, 100, 78, 79, 65, 43, 60, 8, 40, 0, 30, 28, 100, 37, 7
100, 100, 46, 90, 19, 71, 42, 63, 92, 56, 91, 26, 54, 2, 0, 0, 5
14, 100, 6, 77, 0, 47, 79, 50, 100, 63, 73, 62, 76, 31, 77, 0, 4
2, 79, 48, 100, 81, 75, 59, 33, 22, 0, 0, 3, 49, 13, 100, 6, 2
100, 99, 72, 100, 54, 71, 44, 41, 42, 10, 69, 0, 47, 25, 0, 29, 6
0, 40, 30, 61, 67, 82, 100, 100, 88, 75, 72, 49, 56, 25, 40, 0, 1
83, 100, 34, 79, 8, 52, 0, 23, 37, 0, 100, 12, 93, 38, 28, 33, 6
48, 63, 42, 100, 94, 99, 94, 62, 90, 54, 100, 19, 51, 0, 0, 11, 3
0, 80, 22, 100, 24, 66, 7, 34, 0, 14, 34, 9, 69, 4, 100, 0, 2
28, 77, 10, 76, 61, 41, 66, 0, 0, 6, 3, 53, 27, 95, 100, 100, 5
49, 100, 16, 79, 0, 49, 5, 18, 49, 0, 100, 4, 59, 24, 24, 19, 6
0, 48, 36, 63, 68, 84, 100, 100, 86, 75, 72, 50, 58, 24, 55, 0, 1
13, 76, 1, 44, 15, 0, 67, 1, 100, 38, 93, 85, 45, 100, 0, 74, 0
38, 100, 0, 74, 20, 48, 99, 45, 100, 65, 75, 63, 58, 31, 43, 0, 4
87, 80, 54, 100, 24, 68, 61, 34, 37, 0, 0, 19, 52, 48, 100, 80, 8
0, 61, 7, 11, 49, 0, 87, 28, 100, 78, 62, 100, 25, 72, 16, 20, 0
25, 93, 5, 74, 7, 29, 48, 0, 94, 27, 100, 72, 55, 100, 0, 82, 0
21, 77, 58, 100, 95, 81, 67, 52, 96, 48, 100, 17, 52, 0, 0, 11, 3
87, 100, 45, 83, 14, 54, 0, 21, 42, 0, 100, 8, 77, 31, 18, 29, 6
65, 67, 72, 100, 1, 75, 32, 37, 61, 0, 0, 4, 32, 44, 100, 74, 8
32, 100, 20, 69, 0, 34, 36, 29, 92, 36, 100, 51, 66, 36, 58, 0, 4
42, 59, 53, 100, 87, 81, 61, 41, 22, 12, 0, 1, 50, 1, 100, 0, 2
0, 57, 31, 69, 66, 85, 100, 100, 88, 75, 73, 50, 61, 23, 53, 0, 1
26, 100, 0, 83, 23, 51, 83, 42, 100, 55, 79, 84, 56, 42, 37, 0, 4
10, 89, 0, 45, 20, 4, 65, 0, 99, 31, 100, 75, 61, 100, 16, 85, 0
0, 54, 61, 75, 100, 100, 94, 98, 65, 74, 42, 49, 35, 23, 68, 0, 1
0, 87, 38, 100, 74, 83, 74, 40, 55, 0, 32, 34, 60, 45, 100, 55, 7
70, 87, 96, 100, 100, 77, 78, 57, 76, 33, 72, 9, 37, 0, 0, 5, 3
67, 93, 100, 100, 88, 77, 59, 56, 87, 34, 92, 9, 46, 0, 0, 4, 3
36, 100, 6, 81, 0, 52, 36, 28, 84, 38, 100, 55, 72, 29, 62, 0, 4
1, 98, 52, 100, 69, 65, 50, 23, 29, 0, 0, 37, 47, 42, 100, 43, 7
2, 85, 28, 100, 53, 81, 31, 54, 0, 35, 35, 35, 67, 17, 100, 0, 2
42, 80, 72, 100, 98, 67, 74, 29, 31, 3, 0, 15, 51, 14, 100, 0, 2
71, 93, 87, 63, 94, 100, 47, 74, 100, 72, 98, 40, 67, 3, 0, 0, 9
53, 100, 5, 80, 0, 63, 60, 64, 100, 79, 79, 57, 55, 26, 31, 0, 4
59, 100, 20, 78, 0, 46, 8, 13, 66, 0, 100, 23, 46, 36, 14, 14, 6
100, 100, 53, 89, 17, 60, 4, 28, 33, 0, 90, 18, 60, 42, 0, 22, 6
36, 100, 0, 70, 32, 46, 93, 53, 100, 88, 74, 67, 52, 33, 31, 0, 4
61, 100, 18, 82, 0, 41, 15, 0, 72, 8, 100, 47, 100, 90, 50, 82, 0
0, 67, 43, 74, 78, 91, 100, 100, 95, 74, 87, 49, 84, 23, 96, 0, 1
0, 97, 63, 100, 87, 75, 73, 32, 63, 0, 8, 26, 29, 39, 100, 39, 7
73, 66, 32, 81, 100, 100, 95, 87, 64, 65, 27, 43, 5, 22, 0, 0, 1
95, 100, 50, 82, 19, 58, 0, 31, 18, 6, 73, 0, 100, 14, 44, 12, 6
0, 96, 50, 100, 97, 86, 86, 51, 59, 18, 46, 0, 47, 32, 100, 42, 7
5, 42, 0, 7, 44, 0, 87, 15, 100, 64, 68, 100, 25, 93, 20, 48, 0
0, 82, 35, 100, 74, 97, 68, 64, 40, 37, 18, 15, 58, 6, 100, 0, 2
0, 92, 49, 100, 100, 95, 93, 70, 93, 44, 99, 18, 51, 7, 0, 0, 3
0, 87, 49, 100, 100, 90, 83, 46, 77, 0, 65, 4, 41, 32, 97, 40, 7
71, 100, 39, 87, 11, 63, 0, 37, 42, 25, 100, 37, 74, 24, 53, 0, 4
12, 93, 0, 97, 57, 100, 100, 88, 94, 66, 75, 43, 57, 22, 40, 0, 7
14, 100, 2, 73, 0, 48, 50, 44, 92, 48, 100, 58, 76, 29, 53, 0, 4
0, 55, 40, 63, 77, 79, 100, 100, 91, 76, 88, 50, 88, 24, 94, 0, 1
72, 71, 73, 100, 29, 87, 66, 73, 100, 54, 92, 16, 48, 0, 0, 9, 9
49, 73, 61, 100, 0, 84, 42, 42, 81, 0, 26, 10, 43, 56, 100, 86, 8
75, 77, 41, 100, 19, 68, 65, 36, 59, 0, 0, 5, 43, 38, 100, 66, 8
50, 99, 21, 80, 0, 37, 25, 0, 76, 16, 100, 58, 79, 100, 29, 95, 0
0, 0, 27, 24, 51, 53, 75, 81, 100, 100, 92, 67, 86, 34, 86, 1, 1
55, 80, 68, 100, 85, 77, 68, 49, 100, 28, 80, 2, 34, 0, 0, 21, 3
30, 90, 0, 53, 1, 11, 55, 0, 99, 28, 100, 70, 63, 100, 18, 75, 0
56, 76, 18, 100, 0, 69, 57, 37, 71, 0, 12, 20, 62, 55, 100, 83, 8
23, 66, 82, 89, 100, 100, 85, 63, 79, 25, 45, 0, 0, 2, 77, 4, 1
38, 100, 20, 77, 0, 55, 4, 31, 60, 29, 100, 46, 79, 23, 63, 0, 4
52, 76, 72, 100, 100, 81, 71, 52, 94, 35, 97, 6, 48, 0, 0, 5, 3
74, 81, 46, 100, 0, 74, 66, 64, 97, 71, 100, 34, 76, 0, 6, 8, 9
28, 58, 25, 97, 68, 100, 69, 59, 44, 22, 0, 0, 47, 10, 100, 1, 2
1, 66, 0, 25, 39, 0, 84, 8, 100, 53, 75, 95, 32, 100, 12, 59, 0
100, 100, 70, 92, 37, 65, 8, 36, 1, 4, 52, 0, 54, 20, 0, 15, 6
76, 81, 25, 100, 35, 64, 94, 31, 75, 0, 0, 22, 28, 58, 100, 88, 8
4, 61, 18, 100, 58, 88, 43, 43, 5, 13, 0, 17, 48, 0, 100, 1, 2
31, 96, 44, 76, 24, 100, 41, 50, 48, 7, 0, 0, 49, 14, 100, 23, 1
0, 87, 37, 96, 98, 100, 100, 87, 80, 65, 63, 44, 52, 22, 62, 0, 7
28, 71, 68, 100, 61, 63, 29, 91, 82, 81, 100, 34, 57, 0, 0, 17, 9
59, 100, 9, 64, 0, 23, 61, 17, 100, 28, 73, 82, 57, 60, 50, 0, 4
0, 96, 50, 100, 72, 69, 67, 34, 64, 0, 33, 25, 36, 40, 100, 45, 7
11, 100, 0, 78, 0, 56, 39, 40, 100, 50, 91, 43, 75, 22, 80, 0, 4
0, 91, 44, 100, 80, 78, 75, 38, 58, 0, 48, 9, 52, 40, 100, 40, 7
0, 74, 26, 98, 64, 100, 76, 71, 56, 41, 30, 14, 60, 1, 100, 0, 2
100, 86, 70, 100, 45, 64, 83, 64, 98, 70, 96, 30, 62, 1, 0, 0, 9
25, 87, 53, 100, 65, 64, 38, 33, 0, 19, 46, 19, 87, 0, 100, 31, 2
65, 66, 61, 100, 13, 67, 76, 34, 90, 0, 0, 5, 32, 44, 100, 75, 8
56, 66, 100, 94, 44, 100, 35, 64, 63, 29, 37, 0, 0, 22, 42, 54, 8
0, 72, 18, 100, 68, 98, 63, 73, 89, 41, 100, 5, 53, 0, 6, 12, 3
7, 61, 75, 35, 72, 0, 0, 7, 42, 41, 100, 72, 79, 100, 14, 75, 8
27, 100, 14, 76, 0, 44, 41, 33, 94, 35, 100, 63, 76, 34, 76, 0, 4
51, 63, 59, 100, 79, 70, 56, 31, 20, 0, 0, 6, 47, 24, 100, 19, 2
71, 100, 34, 74, 11, 42, 24, 9, 76, 0, 100, 22, 45, 24, 0, 6, 6
15, 94, 57, 100, 59, 66, 33, 35, 0, 8, 7, 0, 53, 2, 100, 1, 2
0, 84, 47, 100, 100, 88, 82, 61, 47, 38, 5, 16, 28, 0, 98, 1, 2
100, 100, 53, 93, 14, 66, 0, 32, 16, 0, 73, 4, 76, 36, 19, 37, 6
40, 91, 94, 100, 68, 97, 31, 73, 44, 40, 100, 27, 60, 6, 0, 0, 5
0, 40, 32, 59, 71, 82, 100, 100, 85, 75, 71, 50, 64, 25, 75, 0, 1
100, 100, 56, 92, 22, 66, 0, 34, 8, 0, 56, 0, 71, 29, 25, 40, 6
85, 100, 37, 79, 13, 47, 14, 14, 67, 0, 100, 26, 51, 40, 0, 21, 6
100, 100, 55, 79, 22, 55, 0, 27, 14, 0, 61, 13, 53, 39, 2, 37, 6
100, 100, 54, 80, 24, 55, 0, 28, 0, 0, 57, 1, 61, 22, 0, 15, 6
0, 86, 49, 96, 65, 100, 53, 56, 53, 11, 100, 2, 53, 0, 8, 9, 1
96, 84, 49, 76, 12, 91, 74, 100, 100, 75, 78, 47, 45, 21, 0, 0, 9
0, 77, 45, 83, 90, 100, 100, 88, 82, 65, 60, 42, 37, 21, 10, 0, 1
7, 85, 49, 97, 97, 100, 100, 77, 86, 48, 88, 20, 46, 7, 0, 0, 3
78, 80, 48, 100, 11, 66, 0, 27, 43, 0, 100, 19, 42, 36, 6, 18, 6
59, 84, 83, 100, 91, 70, 74, 41, 38, 19, 0, 0, 49, 0, 100, 4, 2
5, 66, 16, 100, 100, 98, 69, 58, 29, 20, 75, 0, 21, 32, 0, 71, 8
37, 99, 0, 57, 26, 28, 96, 29, 100, 62, 69, 100, 60, 50, 59, 0, 4
100, 63, 46, 61, 0, 71, 23, 100, 66, 99, 73, 65, 72, 32, 80, 0, 9
97, 90, 67, 100, 26, 71, 0, 39, 4, 6, 74, 0, 100, 26, 27, 18, 6
58, 100, 17, 83, 0, 41, 18, 0, 75, 5, 100, 45, 89, 87, 34, 88, 0
68, 100, 11, 89, 59, 45, 61, 0, 0, 17, 65, 55, 100, 100, 18, 98, 8
45, 85, 80, 100, 76, 72, 58, 58, 100, 44, 87, 13, 39, 0, 0, 16, 3
41, 91, 15, 59, 25, 6, 70, 0, 100, 39, 78, 85, 32, 100, 0, 68, 0
27, 50, 79, 68, 100, 100, 46, 85, 42, 42, 51, 1, 0, 0, 35, 33, 8
44, 89, 97, 100, 76, 93, 36, 67, 88, 60, 100, 29, 57, 6, 0, 0, 5
50, 74, 65, 100, 70, 62, 40, 25, 0, 0, 4, 3, 52, 5, 100, 8, 2
26, 91, 19, 39, 49, 0, 92, 18, 100, 70, 62, 100, 17, 88, 0, 42, 0
0, 90, 47, 100, 86, 83, 66, 43, 55, 0, 41, 3, 40, 39, 100, 36, 7
0, 95, 14, 100, 60, 99, 100, 100, 61, 86, 43, 58, 33, 29, 32, 0, 7
0, 48, 14, 61, 53, 81, 95, 100, 100, 82, 76, 56, 53, 29, 39, 0, 1
7, 55, 45, 74, 86, 100, 100, 96, 71, 68, 41, 39, 14, 9, 0, 0, 1
23, 87, 57, 100, 66, 72, 56, 60, 98, 40, 100, 8, 46, 0, 0, 15, 3
46, 100, 16, 86, 0, 42, 100, 52, 68, 79, 54, 98, 56, 49, 61, 0, 4
100, 100, 59, 94, 55, 69, 87, 93, 91, 63, 76, 25, 43, 1, 0, 0, 9
38, 100, 1, 75, 0, 29, 36, 0, 80, 14, 100, 56, 79, 97, 37, 94, 0
100, 89, 71, 100, 48, 79, 84, 96, 85, 70, 62, 39, 33, 11, 0, 0, 9
0, 95, 41, 100, 66, 67, 59, 22, 47, 0, 20, 37, 55, 48, 100, 51, 7
0, 66, 46, 84, 100, 100, 83, 80, 71, 60, 62, 40, 54, 20, 62, 0, 1
92, 100, 83, 89, 37, 59, 0, 27, 30, 0, 100, 8, 90, 30, 20, 23, 6
100, 100, 66, 86, 41, 58, 24, 29, 27, 0, 79, 2, 56, 21, 0, 26, 6
100, 88, 32, 100, 0, 64, 55, 31, 40, 0, 5, 30, 55, 66, 91, 98, 8
100, 83, 29, 71, 0, 85, 63, 100, 100, 79, 96, 52, 92, 26, 100, 0, 9
60, 91, 0, 85, 19, 37, 82, 27, 31, 0, 3, 30, 40, 74, 100, 100, 5
95, 100, 57, 84, 33, 50, 22, 12, 66, 0, 100, 24, 47, 22, 0, 6, 6
0, 100, 45, 99, 83, 79, 71, 39, 66, 0, 100, 23, 55, 40, 6, 48, 7
26, 77, 49, 100, 100, 94, 76, 67, 73, 43, 94, 16, 51, 0, 0, 13, 3
86, 100, 56, 99, 19, 67, 0, 25, 31, 0, 81, 15, 100, 53, 78, 93, 0
0, 92, 44, 100, 91, 93, 100, 56, 85, 18, 61, 0, 40, 27, 86, 35, 7
100, 100, 39, 90, 1, 59, 0, 22, 46, 0, 93, 22, 54, 46, 0, 26, 6
93, 71, 0, 76, 15, 92, 95, 100, 100, 75, 93, 50, 88, 25, 83, 0, 9
24, 61, 63, 80, 100, 100, 100, 90, 79, 67, 55, 44, 26, 22, 0, 0, 1
59, 60, 99, 88, 38, 100, 0, 73, 80, 74, 100, 58, 52, 29, 6, 0, 9
0, 83, 41, 100, 72, 81, 32, 55, 74, 48, 100, 19, 54, 0, 0, 15, 3
0, 97, 30, 96, 71, 98, 100, 100, 67, 83, 47, 56, 32, 28, 24, 0, 7
59, 86, 26, 92, 0, 49, 21, 5, 68, 0, 100, 35, 82, 81, 39, 100, 0
41, 98, 82, 100, 65, 71, 57, 61, 100, 48, 87, 17, 45, 0, 0, 7, 3
4, 88, 19, 58, 59, 31, 24, 0, 6, 35, 0, 76, 44, 98, 100, 100, 5
100, 100, 50, 100, 34, 60, 69, 25, 43, 0, 0, 18, 27, 58, 65, 92, 8
100, 78, 52, 52, 0, 64, 19, 98, 77, 100, 92, 64, 80, 28, 44, 0, 9
0, 44, 29, 62, 66, 80, 100, 100, 79, 78, 59, 52, 40, 26, 25, 0, 1
97, 100, 41, 81, 14, 13, 71, 23, 100, 85, 77, 85, 47, 53, 0, 0, 0
74, 100, 72, 59, 16, 57, 45, 95, 96, 84, 100, 36, 61, 0, 0, 3, 9
32, 94, 70, 100, 76, 77, 68, 54, 100, 35, 78, 9, 37, 0, 0, 9, 3
4, 73, 53, 91, 100, 100, 47, 88, 20, 41, 72, 36, 52, 1, 0, 0, 5
100, 85, 66, 100, 36, 78, 50, 50, 90, 36, 87, 2, 44, 0, 0, 4, 5
53, 100, 41, 90, 15, 66, 0, 40, 46, 29, 100, 30, 92, 24, 93, 0, 4
43, 91, 9, 59, 0, 14, 43, 0, 85, 22, 100, 67, 68, 100, 21, 97, 0
49, 100, 8, 93, 0, 60, 45, 82, 61, 57, 100, 28, 73, 0, 8, 2, 9
0, 80, 35, 84, 84, 100, 100, 89, 82, 67, 63, 44, 41, 22, 22, 0, 1
0, 100, 14, 99, 63, 82, 61, 40, 34, 0, 17, 19, 45, 33, 100, 39, 7
13, 65, 0, 94, 38, 98, 78, 100, 100, 93, 83, 63, 67, 32, 57, 0, 7
0, 74, 29, 100, 37, 94, 30, 62, 23, 30, 12, 0, 47, 10, 100, 12, 1
100, 100, 6, 98, 0, 81, 0, 65, 6, 48, 6, 32, 12, 16, 44, 0, 1
100, 100, 56, 93, 21, 63, 0, 31, 19, 0, 79, 6, 77, 37, 17, 29, 6
18, 73, 100, 80, 95, 100, 10, 80, 0, 54, 92, 68, 92, 40, 58, 0, 9
100, 85, 67, 100, 56, 66, 96, 79, 90, 65, 86, 28, 54, 0, 0, 11, 9
38, 90, 77, 100, 80, 76, 67, 55, 100, 35, 82, 8, 39, 0, 0, 14, 3
35, 80, 50, 100, 63, 72, 59, 54, 100, 41, 89, 13, 46, 0, 0, 0, 3
9, 67, 16, 23, 52, 0, 91, 21, 100, 65, 74, 100, 30, 97, 0, 65, 0
0, 42, 44, 64, 74, 87, 100, 100, 79, 75, 67, 50, 59, 25, 56, 0, 1
0, 79, 28, 58, 99, 80, 48, 100, 12, 79, 100, 68, 87, 34, 84, 0, 9
22, 100, 0, 54, 18, 10, 100, 14, 94, 56, 63, 100, 59, 50, 60, 0, 4
53, 100, 23, 75, 3, 48, 0, 20, 41, 0, 100, 6, 67, 25, 8, 16, 6
0, 86, 22, 100, 49, 92, 46, 63, 35, 35, 45, 9, 72, 1, 100, 0, 2
72, 94, 25, 100, 26, 71, 25, 36, 72, 44, 100, 18, 55, 0, 0, 2, 5
96, 73, 44, 55, 0, 74, 32, 100, 88, 91, 100, 58, 83, 24, 42, 0, 9
6, 100, 0, 68, 37, 50, 90, 51, 100, 89, 79, 84, 58, 43, 48, 0, 4
35, 90, 43, 61, 62, 25, 21, 0, 0, 19, 17, 59, 46, 93, 100, 100, 5
84, 100, 45, 76, 0, 53, 0, 32, 86, 36, 100, 51, 66, 26, 52, 0, 4
20, 72, 51, 100, 60, 69, 40, 35, 12, 4, 0, 12, 49, 9, 100, 0, 2
28, 97, 2, 70, 47, 39, 61, 0, 24, 24, 0, 67, 39, 94, 100, 100, 5
100, 96, 42, 100, 8, 76, 0, 43, 55, 42, 92, 20, 62, 0, 6, 8, 5
0, 94, 39, 100, 86, 100, 100, 88, 70, 69, 46, 47, 32, 24, 40, 0, 7
9, 100, 0, 59, 7, 18, 39, 0, 75, 7, 100, 34, 99, 74, 69, 95, 0
46, 48, 100, 74, 87, 100, 10, 86, 30, 68, 90, 58, 43, 29, 0, 0, 9
89, 74, 70, 100, 0, 98, 10, 72, 80, 77, 100, 68, 85, 33, 55, 0, 9
20, 78, 75, 75, 100, 100, 0, 93, 35, 77, 97, 64, 82, 32, 65, 0, 9
0, 98, 20, 99, 64, 100, 100, 88, 92, 64, 67, 43, 41, 22, 22, 0, 7
5, 76, 38, 100, 100, 98, 88, 69, 48, 44, 95, 26, 61, 2, 0, 0, 3
24, 97, 28, 66, 80, 41, 71, 0, 0, 9, 7, 51, 26, 92, 100, 100, 5
28, 92, 12, 44, 35, 0, 83, 11, 100, 57, 72, 100, 25, 95, 0, 52, 0
41, 78, 68, 100, 78, 83, 70, 57, 100, 34, 82, 5, 41, 0, 0, 9, 3
64, 95, 54, 100, 16, 67, 0, 30, 41, 0, 100, 9, 43, 31, 38, 5, 6
37, 100, 0, 63, 38, 40, 38, 0, 13, 12, 30, 61, 44, 98, 100, 92, 5
79, 70, 18, 71, 38, 100, 72, 80, 85, 48, 100, 16, 57, 0, 0, 15, 9
0, 47, 19, 67, 54, 88, 79, 100, 79, 75, 86, 50, 93, 25, 100, 0, 1
0, 77, 20, 100, 50, 86, 34, 51, 6, 23, 20, 7, 60, 4, 100, 0, 2
95, 100, 55, 78, 25, 51, 9, 23, 40, 0, 100, 15, 64, 34, 0, 23, 6
0, 91, 25, 100, 95, 87, 100, 56, 71, 27, 39, 0, 8, 29, 72, 38, 7
83, 100, 47, 77, 9, 51, 0, 43, 59, 44, 100, 58, 84, 32, 87, 0, 4
0, 71, 46, 84, 100, 100, 92, 83, 70, 62, 46, 41, 22, 21, 11, 0, 1
0, 99, 63, 100, 76, 68, 60, 34, 46, 0, 19, 16, 27, 34, 100, 32, 7
45, 100, 9, 76, 40, 64, 100, 70, 76, 79, 53, 53, 25, 26, 0, 0, 4
100, 100, 41, 74, 0, 46, 75, 51, 96, 65, 85, 82, 77, 41, 80, 0, 4
0, 100, 58, 97, 80, 76, 52, 40, 41, 0, 4, 25, 32, 39, 100, 42, 7
0, 51, 37, 61, 71, 79, 100, 100, 97, 80, 87, 53, 76, 25, 71, 0, 1
0, 72, 54, 82, 96, 100, 100, 88, 85, 66, 69, 44, 54, 22, 42, 0, 1
0, 88, 48, 100, 78, 77, 43, 51, 55, 41, 100, 22, 67, 0, 16, 7, 3
0, 85, 36, 100, 45, 74, 24, 51, 80, 56, 100, 31, 61, 10, 6, 0, 3
0, 82, 41, 100, 95, 92, 83, 62, 73, 50, 100, 21, 59, 0, 5, 9, 3
0, 54, 35, 70, 88, 93, 100, 100, 71, 75, 45, 50, 27, 25, 25, 0, 1
85, 52, 85, 98, 0, 79, 65, 39, 100, 0, 9, 13, 62, 56, 100, 100, 8
14, 73, 0, 51, 9, 12, 54, 0, 92, 27, 100, 67, 74, 100, 27, 95, 0
23, 97, 6, 54, 65, 45, 43, 0, 0, 12, 0, 65, 33, 95, 100, 100, 5
63, 98, 8, 83, 73, 43, 100, 0, 0, 5, 35, 49, 97, 90, 13, 100, 8
71, 100, 31, 81, 0, 56, 62, 50, 100, 75, 75, 56, 46, 28, 31, 0, 4
45, 100, 26, 70, 0, 34, 21, 26, 82, 25, 100, 59, 82, 41, 78, 0, 4
6, 97, 63, 100, 95, 79, 48, 60, 67, 52, 100, 28, 56, 8, 0, 0, 3
23, 70, 44, 60, 90, 36, 58, 0, 0, 13, 9, 56, 27, 94, 100, 100, 5
100, 100, 50, 79, 13, 52, 0, 20, 44, 0, 100, 13, 61, 28, 6, 17, 6
50, 65, 81, 100, 76, 77, 61, 31, 40, 0, 0, 11, 50, 10, 100, 13, 1
18, 72, 59, 38, 64, 0, 0, 9, 50, 41, 100, 73, 73, 100, 9, 80, 8
14, 61, 12, 21, 48, 0, 85, 24, 100, 63, 83, 99, 36, 100, 0, 75, 0
21, 89, 0, 68, 50, 37, 49, 0, 7, 15, 3, 68, 39, 99, 100, 100, 5
0, 75, 21, 55, 42, 22, 18, 0, 4, 35, 4, 72, 42, 96, 100, 100, 5
28, 89, 63, 100, 84, 71, 69, 38, 32, 14, 0, 17, 52, 13, 100, 0, 2
49, 100, 0, 30, 39, 0, 100, 59, 49, 79, 19, 44, 85, 80, 23, 21, 0
0, 38, 42, 60, 74, 100, 62, 61, 55, 17, 3, 1, 19, 0, 100, 5, 1
42, 100, 10, 77, 0, 47, 68, 43, 100, 68, 83, 60, 66, 30, 68, 0, 4
81, 100, 52, 87, 19, 65, 0, 44, 89, 40, 100, 43, 78, 21, 78, 0, 4
0, 75, 21, 100, 52, 81, 46, 44, 17, 18, 28, 24, 65, 12, 100, 0, 2
8, 87, 0, 43, 10, 0, 61, 3, 95, 38, 100, 81, 53, 100, 1, 83, 0
69, 67, 100, 100, 42, 94, 31, 57, 86, 69, 90, 43, 58, 7, 0, 0, 9
79, 86, 27, 68, 0, 35, 11, 0, 70, 5, 100, 37, 84, 71, 43, 100, 0
40, 56, 100, 92, 26, 100, 15, 51, 77, 9, 0, 0, 16, 46, 100, 80, 8
0, 45, 36, 69, 68, 93, 88, 100, 84, 75, 84, 50, 84, 24, 100, 0, 1
76, 100, 52, 60, 0, 27, 58, 27, 100, 55, 98, 85, 95, 42, 90, 0, 4
46, 90, 41, 60, 99, 87, 54, 100, 89, 98, 100, 58, 67, 20, 0, 0, 9
56, 68, 100, 95, 46, 100, 0, 74, 48, 70, 99, 62, 74, 30, 40, 0, 9
23, 49, 81, 69, 100, 100, 35, 87, 33, 53, 68, 21, 13, 0, 0, 28, 8
93, 100, 60, 90, 0, 55, 82, 50, 100, 78, 90, 86, 80, 41, 71, 0, 4
54, 95, 22, 100, 0, 61, 86, 62, 100, 75, 57, 100, 48, 49, 47, 0, 4
40, 97, 0, 60, 54, 41, 43, 0, 12, 13, 20, 60, 33, 99, 100, 100, 5
37, 90, 5, 60, 12, 15, 60, 0, 98, 32, 100, 76, 55, 100, 0, 90, 0
63, 80, 88, 100, 97, 67, 72, 33, 32, 6, 0, 7, 51, 21, 100, 0, 2
88, 85, 100, 100, 60, 75, 26, 48, 0, 19, 34, 0, 80, 18, 30, 30, 6
18, 85, 41, 46, 37, 1, 3, 0, 0, 47, 7, 91, 53, 97, 100, 100, 5
0, 95, 36, 100, 77, 83, 76, 40, 54, 0, 26, 24, 54, 34, 100, 39, 7
41, 91, 75, 100, 72, 71, 69, 56, 100, 41, 74, 15, 28, 0, 0, 12, 3
70, 100, 43, 82, 16, 49, 0, 16, 41, 0, 100, 21, 47, 31, 12, 4, 6
0, 98, 72, 100, 97, 82, 55, 43, 31, 0, 24, 2, 16, 39, 100, 41, 7
77, 90, 8, 100, 1, 64, 55, 31, 60, 0, 0, 27, 29, 65, 100, 89, 8
7, 94, 57, 100, 56, 62, 41, 25, 30, 0, 0, 33, 41, 39, 100, 38, 7
50, 77, 73, 100, 81, 61, 51, 26, 6, 0, 0, 24, 51, 29, 100, 6, 2
34, 100, 24, 84, 0, 51, 28, 36, 93, 35, 100, 66, 91, 32, 84, 0, 4
30, 82, 64, 100, 100, 84, 68, 62, 62, 47, 85, 23, 50, 3, 0, 0, 3
23, 75, 20, 52, 49, 17, 17, 0, 0, 43, 9, 78, 53, 92, 100, 100, 5
59, 100, 24, 75, 0, 46, 0, 16, 49, 0, 100, 13, 60, 32, 3, 25, 6
37, 83, 77, 100, 14, 95, 2, 68, 52, 46, 100, 23, 58, 0, 0, 0, 5
0, 76, 45, 100, 88, 76, 71, 37, 45, 0, 35, 3, 29, 33, 100, 36, 7
0, 91, 41, 100, 100, 94, 74, 62, 45, 31, 15, 0, 4, 16, 47, 32, 7
25, 100, 11, 86, 0, 60, 51, 57, 100, 71, 92, 51, 72, 26, 57, 0, 4
0, 41, 40, 58, 74, 80, 100, 100, 88, 75, 75, 50, 65, 25, 65, 0, 1
93, 95, 40, 98, 9, 62, 0, 21, 47, 0, 100, 22, 99, 63, 69, 100, 0
0, 88, 39, 100, 79, 89, 76, 62, 55, 36, 27, 15, 54, 3, 100, 0, 2
58, 88, 96, 100, 100, 82, 81, 57, 88, 30, 85, 7, 42, 0, 0, 5, 3
9, 93, 41, 100, 59, 59, 41, 16, 11, 0, 0, 37, 50, 34, 100, 25, 7
42, 95, 2, 63, 40, 42, 18, 0, 0, 23, 5, 71, 40, 97, 100, 100, 5
0, 62, 42, 79, 79, 100, 100, 98, 85, 73, 69, 48, 52, 23, 27, 0, 1
0, 100, 7, 77, 10, 45, 66, 34, 100, 57, 96, 63, 79, 31, 75, 0, 4
24, 70, 38, 100, 79, 88, 67, 50, 34, 20, 0, 11, 50, 6, 100, 0, 2
27, 94, 55, 57, 61, 18, 15, 0, 0, 28, 5, 70, 46, 93, 100, 100, 5
7, 79, 36, 100, 54, 78, 30, 49, 0, 24, 9, 6, 55, 3, 100, 0, 2
100, 100, 66, 98, 29, 67, 4, 31, 19, 0, 68, 12, 49, 35, 0, 21, 6
5, 70, 8, 20, 49, 0, 93, 18, 100, 65, 67, 100, 20, 97, 0, 57, 0
0, 83, 32, 100, 67, 93, 52, 59, 26, 29, 18, 5, 60, 0, 100, 3, 2
0, 92, 46, 100, 90, 89, 52, 67, 89, 44, 100, 16, 53, 4, 3, 0, 3
49, 100, 95, 93, 83, 52, 47, 21, 0, 6, 5, 28, 54, 20, 100, 0, 2
62, 100, 29, 92, 0, 69, 11, 45, 89, 47, 100, 44, 54, 23, 32, 0, 4
13, 76, 35, 100, 57, 74, 40, 42, 10, 14, 0, 13, 51, 11, 100, 0, 2
0, 78, 0, 97, 50, 99, 100, 100, 90, 81, 64, 56, 42, 29, 27, 0, 7
0, 87, 30, 100, 67, 91, 58, 43, 38, 0, 30, 24, 57, 46, 100, 49, 7
37, 100, 14, 55, 84, 61, 100, 20, 38, 0, 2, 43, 0, 83, 72, 87, 5
35, 100, 9, 71, 0, 26, 41, 0, 93, 11, 100, 53, 63, 87, 11, 100, 0
27, 100, 18, 65, 52, 36, 20, 0, 0, 27, 6, 77, 45, 95, 100, 96, 5
22, 99, 32, 74, 100, 93, 15, 100, 42, 83, 100, 69, 55, 33, 0, 0, 9
0, 71, 35, 74, 75, 94, 100, 100, 89, 73, 77, 46, 72, 18, 57, 0, 1
36, 100, 60, 100, 57, 68, 33, 41, 0, 20, 12, 8, 56, 6, 100, 0, 2
8, 67, 47, 100, 100, 83, 72, 42, 32, 5, 80, 0, 45, 35, 0, 69, 8
25, 80, 52, 100, 57, 67, 30, 36, 0, 11, 27, 6, 63, 4, 100, 0, 2
89, 71, 35, 68, 20, 90, 80, 100, 100, 73, 82, 45, 48, 20, 0, 0, 9
27, 75, 64, 100, 100, 99, 79, 70, 45, 44, 6, 20, 0, 0, 64, 6, 2
0, 62, 48, 80, 89, 100, 96, 78, 100, 55, 96, 33, 96, 10, 85, 0, 1
10, 81, 41, 59, 100, 46, 89, 0, 31, 3, 0, 49, 10, 93, 75, 100, 5
25, 100, 22, 71, 0, 51, 52, 52, 77, 65, 95, 70, 100, 32, 90, 0, 4
79, 100, 51, 85, 26, 51, 15, 13, 62, 0, 100, 21, 49, 31, 0, 15, 6
26, 71, 54, 100, 77, 81, 52, 49, 17, 21, 0, 12, 50, 12, 100, 0, 2
0, 100, 50, 93, 100, 93, 91, 64, 74, 31, 54, 0, 18, 23, 66, 29, 7
0, 30, 30, 53, 65, 76, 100, 100, 93, 79, 73, 52, 50, 26, 31, 0, 1
0, 80, 28, 100, 53, 82, 31, 53, 4, 27, 14, 3, 58, 4, 100, 0, 2
67, 76, 87, 100, 96, 74, 70, 50, 100, 26, 76, 1, 34, 0, 0, 20, 3
100, 100, 58, 86, 27, 66, 7, 43, 0, 18, 34, 0, 72, 14, 43, 29, 6
89, 79, 23, 71, 70, 30, 36, 0, 0, 26, 72, 63, 100, 100, 2, 76, 8
84, 100, 44, 91, 59, 76, 100, 87, 89, 62, 70, 37, 38, 17, 0, 0, 9
100, 93, 51, 100, 21, 60, 75, 61, 94, 95, 91, 46, 56, 6, 0, 0, 9
31, 100, 0, 58, 74, 45, 57, 2, 10, 0, 6, 46, 17, 90, 100, 97, 5
16, 74, 0, 28, 37, 0, 81, 23, 100, 68, 65, 100, 18, 88, 0, 45, 0
39, 90, 79, 100, 100, 77, 80, 52, 43, 30, 0, 11, 28, 0, 89, 5, 2
18, 91, 86, 100, 100, 99, 36, 85, 1, 49, 70, 37, 68, 2, 0, 0, 5
83, 100, 50, 85, 18, 52, 10, 14, 59, 0, 100, 24, 51, 36, 0, 18, 6
0, 64, 24, 78, 100, 100, 76, 96, 41, 72, 12, 47, 6, 23, 35, 0, 1
88, 89, 46, 100, 13, 76, 23, 43, 76, 50, 100, 21, 55, 0, 0, 6, 5
100, 98, 57, 100, 23, 83, 12, 47, 43, 45, 77, 24, 45, 1, 0, 0, 5
51, 100, 11, 91, 0, 59, 34, 34, 96, 49, 100, 57, 62, 29, 34, 0, 4
61, 94, 57, 100, 15, 68, 0, 32, 28, 0, 100, 7, 65, 34, 33, 14, 6
0, 77, 23, 100, 67, 73, 64, 36, 41, 0, 6, 24, 33, 44, 100, 45, 7
13, 81, 31, 100, 69, 82, 61, 52, 32, 26, 0, 2, 47, 0, 100, 2, 2
96, 100, 51, 75, 19, 48, 0, 19, 41, 0, 100, 17, 81, 43, 8, 42, 6
77, 100, 29, 80, 0, 53, 2, 21, 45, 0, 100, 6, 68, 29, 14, 27, 6
70, 90, 27, 73, 1, 100, 57, 90, 84, 57, 100, 21, 66, 0, 0, 8, 9
100, 76, 55, 100, 6, 70, 70, 68, 80, 82, 93, 38, 71, 0, 0, 12, 9
31, 81, 58, 100, 100, 100, 81, 76, 65, 50, 78, 22, 41, 7, 0, 0, 3
100, 100, 53, 77, 18, 50, 0, 19, 42, 0, 97, 16, 68, 40, 11, 35, 6
0, 100, 63, 98, 67, 66, 57, 32, 39, 0, 13, 19, 35, 36, 100, 36, 7
0, 56, 39, 72, 71, 93, 100, 100, 88, 75, 75, 50, 63, 25, 58, 0, 1
100, 100, 65, 94, 34, 83, 27, 50, 67, 40, 76, 12, 40, 0, 0, 7, 5
0, 46, 44, 72, 86, 100, 68, 93, 56, 64, 56, 34, 61, 5, 100, 0, 1
42, 100, 20, 71, 100, 84, 20, 97, 0, 48, 14, 0, 73, 24, 8, 58, 8
26, 80, 58, 100, 63, 61, 38, 26, 0, 6, 22, 18, 61, 0, 100, 18, 2
57, 89, 0, 100, 1, 68, 43, 34, 30, 0, 1, 31, 41, 65, 100, 86, 8
96, 98, 44, 100, 5, 72, 0, 36, 38, 8, 100, 6, 61, 21, 11, 0, 6
62, 100, 20, 96, 0, 60, 9, 22, 59, 0, 100, 25, 48, 35, 5, 8, 6
0, 96, 41, 100, 61, 68, 47, 31, 31, 0, 12, 36, 46, 48, 100, 47, 7
75, 100, 26, 84, 0, 42, 13, 0, 69, 7, 100, 46, 84, 89, 33, 85, 0
40, 99, 0, 74, 1, 20, 44, 0, 88, 24, 100, 76, 60, 100, 21, 70, 0
18, 90, 11, 43, 34, 0, 87, 20, 100, 67, 57, 100, 10, 73, 0, 24, 0
93, 100, 53, 77, 25, 49, 8, 19, 44, 0, 100, 11, 59, 18, 0, 10, 6
0, 84, 31, 100, 43, 60, 39, 16, 27, 0, 14, 27, 57, 30, 100, 33, 7
0, 94, 9, 57, 20, 19, 7, 0, 20, 36, 70, 68, 100, 100, 18, 92, 8
92, 95, 30, 100, 34, 68, 87, 89, 84, 78, 100, 35, 64, 0, 0, 19, 9
42, 93, 19, 88, 0, 42, 24, 0, 83, 11, 100, 56, 75, 100, 17, 97, 0
27, 83, 0, 42, 9, 0, 65, 17, 96, 57, 100, 100, 45, 95, 10, 58, 0
77, 96, 38, 100, 58, 77, 99, 86, 100, 50, 84, 12, 43, 0, 0, 0, 9
0, 88, 59, 100, 89, 72, 82, 40, 63, 9, 28, 0, 25, 25, 100, 27, 7
0, 94, 68, 100, 89, 68, 72, 33, 43, 0, 3, 21, 25, 50, 100, 58, 7
88, 90, 18, 100, 17, 66, 79, 33, 49, 0, 0, 28, 41, 67, 100, 98, 8
26, 98, 24, 49, 45, 13, 17, 0, 0, 35, 26, 72, 62, 91, 100, 100, 5
26, 94, 0, 61, 6, 16, 47, 0, 91, 17, 100, 60, 71, 95, 27, 100, 0
76, 67, 75, 100, 0, 77, 49, 40, 83, 0, 5, 12, 36, 52, 100, 87, 8
34, 100, 14, 83, 2, 66, 0, 48, 23, 34, 65, 30, 91, 17, 100, 0, 4
100, 100, 58, 96, 20, 95, 0, 62, 28, 58, 66, 45, 55, 11, 17, 0, 5
14, 93, 0, 54, 52, 31, 24, 0, 2, 29, 4, 78, 44, 96, 100, 100, 5
0, 93, 41, 100, 62, 75, 44, 39, 26, 3, 5, 0, 29, 19, 100, 28, 7
97, 100, 45, 84, 0, 62, 2, 46, 48, 41, 100, 45, 58, 23, 21, 0, 4
0, 84, 3, 73, 30, 98, 100, 100, 90, 79, 73, 48, 61, 16, 59, 0, 7
14, 72, 5, 25, 39, 0, 81, 20, 100, 63, 75, 100, 30, 98, 0, 65, 0
20, 57, 0, 20, 40, 0, 83, 23, 100, 62, 87, 100, 40, 88, 11, 53, 0
0, 87, 18, 95, 89, 100, 100, 79, 64, 41, 38, 0, 1, 10, 52, 24, 7
79, 98, 30, 90, 2, 53, 0, 10, 46, 0, 88, 27, 100, 70, 73, 100, 0
0, 83, 20, 100, 67, 96, 73, 74, 64, 51, 51, 30, 56, 9, 100, 0, 2
75, 100, 31, 92, 1, 55, 0, 10, 46, 0, 84, 31, 100, 73, 68, 99, 0
29, 97, 59, 100, 46, 72, 14, 58, 0, 43, 32, 27, 64, 9, 100, 0, 2
1, 77, 80, 74, 75, 100, 0, 84, 38, 66, 100, 76, 87, 38, 88, 0, 9
23, 63, 0, 84, 47, 100, 98, 90, 100, 66, 81, 43, 51, 21, 19, 0, 9
71, 98, 76, 100, 39, 75, 0, 51, 39, 36, 100, 49, 76, 26, 86, 0, 4
100, 100, 58, 91, 24, 69, 2, 42, 0, 12, 39, 0, 49, 26, 4, 37, 6
59, 93, 14, 69, 0, 33, 24, 0, 78, 12, 100, 47, 85, 83, 36, 100, 0
43, 100, 0, 73, 6, 44, 90, 41, 100, 54, 56, 68, 52, 34, 62, 0, 4
70, 97, 16, 84, 0, 49, 12, 14, 62, 0, 95, 29, 100, 65, 92, 100, 0
0, 67, 44, 80, 88, 100, 100, 88, 88, 66, 69, 44, 50, 22, 50, 0, 1
78, 75, 51, 100, 8, 75, 47, 58, 85, 60, 100, 20, 64, 0, 0, 1, 9
48, 81, 5, 96, 53, 100, 55, 68, 24, 38, 0, 7, 48, 0, 100, 2, 2
90, 100, 58, 88, 23, 56, 16, 17, 66, 0, 100, 27, 58, 54, 0, 43, 6
63, 100, 33, 90, 5, 56, 10, 18, 61, 0, 100, 22, 46, 36, 0, 16, 6
16, 96, 94, 100, 28, 96, 4, 68, 35, 51, 100, 35, 65, 0, 0, 14, 5
72, 87, 29, 100, 0, 67, 50, 56, 92, 79, 100, 45, 98, 6, 45, 0, 9
100, 100, 62, 80, 32, 59, 11, 38, 0, 16, 35, 0, 78, 17, 24, 8, 6
91, 92, 26, 100, 14, 61, 79, 63, 91, 77, 100, 35, 69, 0, 0, 18, 9
66, 94, 20, 75, 77, 39, 77, 0, 0, 15, 39, 53, 100, 89, 0, 100, 8
43, 84, 74, 100, 100, 87, 70, 64, 94, 38, 78, 11, 39, 0, 0, 1, 3
71, 100, 35, 82, 0, 62, 45, 51, 100, 49, 82, 43, 52, 21, 25, 0, 4
98, 100, 50, 83, 14, 53, 0, 20, 46, 0, 100, 16, 70, 43, 18, 38, 6
39, 100, 31, 68, 0, 39, 56, 41, 100, 50, 95, 61, 92, 29, 92, 0, 4
100, 100, 66, 98, 34, 75, 10, 48, 0, 17, 32, 0, 57, 23, 22, 40, 6
0, 46, 37, 65, 74, 85, 100, 100, 82, 74, 63, 49, 40, 24, 15, 0, 1
21, 98, 27, 71, 57, 35, 27, 0, 6, 22, 0, 60, 21, 95, 100, 100, 5
18, 67, 0, 42, 23, 2, 68, 0, 100, 32, 93, 77, 54, 100, 21, 76, 0
83, 100, 35, 96, 65, 77, 94, 94, 100, 58, 95, 22, 53, 3, 0, 0, 9
69, 100, 37, 70, 0, 41, 21, 32, 91, 30, 100, 56, 93, 33, 84, 0, 4
1, 66, 8, 100, 29, 77, 22, 35, 0, 2, 31, 0, 65, 4, 100, 10, 2
4, 57, 39, 95, 49, 100, 51, 47, 24, 8, 0, 0, 53, 2, 100, 5, 1
0, 70, 38, 100, 100, 98, 84, 53, 53, 6, 69, 0, 98, 30, 36, 31, 7
58, 100, 3, 99, 0, 64, 57, 65, 71, 70, 100, 30, 70, 0, 13, 3, 9
54, 100, 14, 71, 0, 38, 68, 33, 100, 47, 61, 76, 50, 38, 54, 0, 4
76, 82, 72, 42, 93, 0, 7, 5, 33, 42, 100, 74, 72, 100, 0, 74, 8
100, 100, 86, 89, 42, 71, 0, 52, 23, 39, 62, 46, 35, 23, 9, 0, 4
67, 72, 24, 71, 0, 86, 41, 100, 84, 97, 100, 65, 88, 32, 68, 0, 9
35, 84, 24, 28, 54, 0, 87, 28, 100, 81, 66, 100, 30, 83, 0, 48, 0
0, 80, 22, 100, 57, 95, 46, 59, 25, 27, 31, 0, 67, 9, 100, 21, 2
0, 91, 42, 100, 71, 75, 59, 37, 51, 0, 27, 34, 50, 54, 100, 56, 7
100, 100, 58, 99, 28, 91, 12, 57, 52, 58, 64, 26, 36, 0, 0, 9, 5
0, 93, 59, 100, 89, 71, 72, 35, 48, 0, 22, 24, 35, 48, 100, 51, 7
22, 96, 26, 53, 81, 46, 60, 0, 21, 23, 0, 73, 42, 95, 100, 100, 5
73, 74, 80, 100, 23, 65, 0, 22, 57, 0, 100, 38, 91, 82, 23, 73, 0
27, 77, 60, 100, 100, 92, 70, 62, 97, 51, 92, 18, 49, 0, 0, 9, 3
44, 99, 11, 71, 0, 30, 30, 0, 74, 11, 100, 47, 88, 86, 46, 100, 0
78, 100, 37, 74, 0, 45, 58, 39, 100, 53, 81, 69, 70, 35, 65, 0, 4
0, 84, 48, 100, 83, 79, 69, 38, 47, 0, 14, 19, 46, 40, 100, 46, 7
32, 78, 57, 100, 86, 87, 70, 60, 100, 42, 93, 16, 50, 0, 0, 7, 3
15, 98, 0, 58, 13, 17, 57, 0, 96, 24, 100, 67, 70, 100, 29, 83, 0
46, 100, 18, 84, 0, 61, 44, 49, 100, 56, 93, 47, 74, 24, 61, 0, 4
17, 100, 18, 55, 64, 42, 40, 0, 12, 27, 0, 75, 45, 95, 100, 99, 5
23, 86, 68, 100, 91, 74, 53, 49, 9, 33, 0, 8, 49, 1, 100, 0, 2
48, 97, 9, 63, 0, 15, 49, 0, 94, 27, 100, 73, 55, 100, 5, 82, 0
0, 87, 31, 100, 66, 71, 61, 35, 51, 0, 1, 13, 21, 28, 100, 34, 7
100, 82, 56, 100, 51, 60, 69, 18, 22, 0, 0, 28, 48, 53, 96, 73, 8
13, 78, 40, 100, 53, 71, 32, 34, 0, 13, 25, 7, 62, 0, 100, 1, 2
50, 92, 100, 100, 53, 92, 22, 60, 48, 65, 80, 40, 51, 8, 0, 0, 5
27, 100, 19, 89, 0, 65, 43, 53, 100, 55, 78, 44, 46, 24, 30, 0, 4
100, 85, 24, 100, 2, 73, 77, 42, 85, 0, 0, 14, 33, 56, 81, 87, 8
45, 72, 73, 100, 85, 83, 51, 58, 10, 36, 0, 18, 48, 6, 100, 0, 2
63, 100, 6, 82, 83, 55, 100, 20, 24, 0, 0, 34, 22, 70, 13, 95, 8
53, 80, 38, 100, 0, 77, 66, 72, 70, 67, 100, 30, 68, 3, 2, 0, 9
59, 100, 24, 90, 0, 58, 97, 49, 100, 78, 82, 78, 65, 38, 53, 0, 4
45, 100, 10, 75, 0, 47, 60, 38, 100, 54, 97, 59, 79, 29, 69, 0, 4
19, 65, 24, 100, 46, 81, 27, 45, 0, 12, 10, 1, 56, 0, 100, 4, 2
100, 88, 12, 95, 25, 62, 81, 29, 25, 0, 0, 30, 42, 65, 94, 100, 8
59, 100, 20, 82, 0, 49, 59, 35, 100, 58, 91, 64, 60, 32, 35, 0, 4
41, 67, 100, 96, 9, 100, 0, 66, 88, 79, 96, 74, 62, 37, 42, 0, 9
100, 93, 59, 100, 45, 82, 45, 54, 84, 45, 74, 27, 37, 13, 0, 0, 5
0, 85, 20, 100, 47, 85, 33, 53, 12, 23, 27, 0, 64, 2, 100, 9, 2
100, 80, 100, 100, 77, 97, 63, 77, 43, 58, 29, 38, 11, 19, 0, 0, 1
0, 71, 26, 100, 47, 69, 31, 31, 1, 0, 0, 7, 50, 7, 100, 5, 2
100, 84, 19, 100, 0, 67, 64, 34, 67, 0, 5, 19, 58, 55, 77, 89, 8
100, 100, 56, 88, 16, 58, 0, 23, 40, 0, 97, 18, 54, 42, 0, 22, 6
54, 73, 94, 82, 73, 100, 73, 79, 100, 53, 81, 19, 42, 2, 0, 0, 9
0, 52, 21, 71, 53, 94, 88, 100, 85, 75, 79, 49, 76, 24, 100, 0, 1
90, 64, 87, 100, 21, 100, 0, 67, 66, 62, 100, 69, 66, 34, 51, 0, 9
4, 68, 19, 100, 43, 75, 35, 35, 11, 0, 0, 5, 47, 13, 100, 7, 2
86, 86, 10, 100, 12, 67, 84, 40, 71, 0, 0, 18, 35, 58, 100, 89, 8
0, 96, 53, 100, 95, 71, 85, 28, 54, 0, 4, 20, 43, 31, 100, 37, 7
100, 100, 61, 92, 33, 63, 11, 31, 8, 0, 52, 19, 48, 43, 0, 28, 6
0, 62, 54, 76, 87, 98, 100, 100, 98, 75, 98, 50, 98, 24, 96, 0, 1
0, 63, 24, 100, 62, 81, 42, 37, 3, 6, 1, 9, 51, 2, 100, 0, 2
42, 99, 10, 59, 15, 12, 66, 0, 100, 38, 98, 84, 49, 100, 0, 75, 0
68, 100, 23, 80, 0, 40, 19, 0, 70, 5, 100, 42, 100, 86, 57, 93, 0
26, 73, 0, 66, 38, 100, 50, 90, 20, 47, 6, 19, 52, 0, 100, 9, 2
99, 100, 33, 82, 0, 52, 100, 53, 95, 83, 78, 90, 70, 35, 70, 0, 4
100, 100, 63, 99, 28, 85, 27, 49, 67, 40, 88, 16, 46, 0, 0, 1, 5
13, 63, 34, 98, 45, 100, 44, 61, 37, 24, 0, 0, 48, 5, 100, 7, 1
0, 81, 46, 100, 97, 83, 100, 44, 77, 7, 38, 0, 33, 24, 94, 31, 7
56, 100, 38, 81, 0, 53, 19, 33, 81, 30, 100, 57, 85, 26, 96, 0, 4
38, 73, 53, 100, 96, 97, 75, 61, 100, 44, 83, 9, 39, 0, 0, 15, 3
27, 94, 15, 45, 36, 0, 82, 7, 100, 52, 81, 98, 32, 100, 0, 62, 0
58, 100, 17, 78, 0, 37, 18, 0, 70, 4, 100, 38, 83, 78, 35, 83, 0
50, 100, 17, 86, 0, 58, 53, 46, 100, 70, 79, 55, 53, 27, 36, 0, 4
65, 100, 17, 83, 52, 40, 60, 0, 0, 24, 34, 65, 100, 93, 66, 99, 8
0, 100, 2, 74, 11, 43, 72, 39, 99, 58, 100, 67, 88, 34, 84, 0, 4
26, 88, 49, 100, 56, 74, 32, 45, 0, 21, 24, 5, 67, 0, 100, 23, 2
12, 60, 0, 28, 29, 0, 74, 10, 100, 41, 94, 79, 56, 100, 16, 84, 0
19, 81, 0, 39, 22, 0, 77, 17, 100, 57, 85, 100, 33, 98, 28, 56, 0
72, 92, 19, 100, 32, 58, 89, 78, 91, 83, 100, 39, 72, 0, 0, 8, 9
24, 64, 42, 100, 42, 92, 42, 52, 42, 13, 0, 2, 46, 1, 100, 0, 1
100, 100, 60, 96, 23, 68, 0, 33, 17, 0, 69, 7, 75, 38, 22, 37, 6
70, 98, 0, 89, 60, 61, 100, 26, 49, 0, 12, 31, 46, 68, 81, 100, 8
50, 100, 34, 84, 0, 57, 49, 44, 96, 52, 97, 58, 93, 23, 100, 0, 4
96, 70, 76, 100, 46, 73, 98, 69, 100, 64, 98, 24, 52, 0, 0, 2, 9
93, 100, 47, 99, 55, 75, 100, 84, 96, 62, 86, 21, 47, 0, 0, 3, 9
35, 90, 100, 100, 39, 88, 11, 55, 62, 64, 89, 36, 57, 4, 0, 0, 5
100, 100, 41, 89, 8, 59, 2, 23, 46, 0, 88, 23, 43, 43, 0, 24, 6
16, 78, 53, 100, 81, 76, 53, 46, 94, 46, 100, 15, 44, 0, 0, 14, 3
46, 85, 42, 100, 52, 73, 32, 41, 0, 16, 21, 7, 62, 0, 100, 17, 2
0, 92, 52, 62, 100, 32, 79, 0, 15, 10, 42, 42, 82, 74, 61, 100, 8
0, 78, 19, 95, 58, 100, 92, 89, 100, 67, 92, 44, 81, 21, 67, 0, 9
0, 35, 44, 64, 61, 100, 61, 48, 31, 10, 0, 0, 54, 2, 100, 1, 1
12, 69, 88, 84, 100, 100, 71, 80, 47, 60, 29, 40, 12, 19, 0, 0, 1
95, 100, 50, 78, 0, 57, 12, 37, 90, 43, 100, 48, 68, 25, 55, 0, 4
30, 70, 57, 100, 57, 80, 62, 45, 54, 12, 0, 2, 43, 2, 100, 0, 1
21, 57, 43, 100, 44, 79, 36, 30, 0, 2, 5, 3, 53, 1, 100, 0, 1
41, 90, 72, 100, 86, 75, 60, 50, 100, 35, 89, 10, 44, 0, 0, 5, 3
80, 100, 42, 78, 12, 46, 0, 10, 56, 0, 100, 22, 61, 49, 8, 33, 6
100, 100, 55, 93, 17, 74, 0, 53, 57, 47, 84, 43, 55, 22, 29, 0, 4
43, 78, 68, 40, 55, 1, 0, 0, 18, 37, 65, 65, 100, 99, 45, 100, 8
44, 100, 32, 71, 0, 44, 29, 37, 88, 49, 100, 57, 75, 29, 58, 0, 4
63, 90, 100, 100, 62, 84, 42, 58, 82, 46, 79, 17, 42, 3, 0, 0, 5
15, 81, 54, 100, 91, 81, 43, 55, 44, 49, 100, 32, 66, 3, 0, 0, 3
40, 63, 51, 100, 56, 89, 54, 51, 54, 14, 0, 0, 46, 1, 100, 5, 1
11, 65, 7, 91, 53, 100, 100, 98, 72, 75, 44, 50, 19, 25, 0, 0, 7
100, 96, 80, 100, 42, 71, 12, 40, 0, 4, 49, 0, 55, 30, 0, 19, 6
54, 96, 33, 71, 73, 34, 30, 0, 0, 29, 49, 65, 100, 100, 31, 98, 8
87, 94, 47, 82, 96, 43, 82, 0, 0, 4, 29, 43, 100, 74, 97, 100, 8
8, 65, 0, 92, 47, 97, 100, 100, 75, 77, 53, 52, 37, 25, 41, 0, 7
0, 82, 39, 100, 80, 95, 66, 51, 56, 6, 40, 0, 55, 28, 100, 29, 7
0, 58, 25, 69, 67, 91, 100, 100, 76, 75, 53, 50, 25, 25, 4, 0, 1
90, 72, 64, 100, 24, 72, 75, 57, 94, 75, 100, 30, 61, 0, 0, 2, 9
45, 96, 23, 78, 0, 35, 29, 0, 83, 21, 100, 65, 63, 100, 3, 91, 0
0, 79, 61, 54, 100, 21, 61, 0, 43, 34, 82, 69, 82, 100, 0, 92, 8
76, 91, 100, 100, 89, 75, 84, 51, 85, 23, 61, 2, 23, 0, 0, 22, 3
6, 78, 53, 100, 61, 70, 55, 54, 100, 35, 82, 3, 21, 0, 0, 26, 3
100, 91, 0, 91, 41, 60, 92, 25, 20, 0, 0, 29, 55, 64, 88, 100, 8
71, 100, 37, 74, 0, 45, 17, 29, 95, 29, 100, 50, 91, 33, 89, 0, 4
0, 86, 41, 100, 77, 86, 58, 58, 98, 42, 100, 16, 58, 1, 8, 0, 3
100, 100, 45, 91, 7, 63, 0, 30, 33, 1, 89, 0, 63, 28, 7, 31, 6
9, 83, 66, 72, 95, 100, 0, 91, 44, 74, 100, 73, 82, 37, 78, 0, 9
43, 100, 16, 86, 0, 41, 24, 0, 75, 11, 100, 53, 85, 97, 34, 97, 0
2, 96, 63, 100, 60, 81, 54, 62, 73, 43, 100, 26, 62, 10, 0, 0, 3
0, 91, 53, 100, 93, 87, 60, 47, 36, 4, 26, 0, 37, 35, 100, 40, 7
61, 100, 34, 75, 0, 44, 55, 37, 100, 49, 76, 70, 66, 35, 70, 0, 4
26, 82, 76, 100, 81, 76, 35, 51, 55, 49, 100, 28, 64, 0, 0, 2, 3
100, 74, 81, 100, 33, 92, 4, 62, 0, 26, 31, 0, 61, 21, 24, 42, 6
42, 100, 12, 74, 0, 45, 65, 51, 100, 76, 85, 55, 62, 27, 37, 0, 4
100, 100, 63, 82, 35, 63, 10, 43, 0, 21, 14, 0, 63, 2, 35, 11, 6
65, 100, 0, 89, 67, 60, 100, 24, 38, 0, 29, 38, 55, 78, 3, 99, 8
74, 100, 10, 93, 15, 69, 77, 80, 78, 66, 100, 30, 66, 4, 0, 0, 9
15, 84, 0, 64, 18, 97, 78, 98, 100, 100, 79, 65, 68, 29, 65, 0, 7
19, 75, 64, 99, 100, 100, 48, 90, 5, 63, 53, 51, 47, 2, 0, 0, 5
8, 92, 37, 100, 66, 67, 59, 24, 27, 0, 0, 32, 50, 28, 100, 24, 7
0, 91, 43, 100, 89, 95, 100, 59, 84, 23, 66, 0, 38, 32, 84, 33, 7
88, 82, 39, 100, 4, 68, 100, 35, 84, 0, 0, 22, 49, 62, 84, 93, 8
37, 76, 46, 100, 99, 95, 74, 61, 100, 50, 91, 18, 42, 0, 0, 15, 3
41, 100, 0, 75, 11, 49, 96, 50, 100, 56, 52, 70, 54, 35, 57, 0, 4
44, 100, 8, 78, 0, 41, 14, 6, 66, 0, 99, 30, 100, 67, 56, 78, 0
0, 90, 41, 100, 69, 86, 59, 64, 45, 43, 33, 22, 49, 3, 100, 0, 2
0, 40, 38, 60, 74, 80, 100, 100, 76, 76, 55, 50, 38, 25, 22, 0, 1
100, 100, 65, 92, 27, 69, 0, 40, 8, 7, 58, 0, 87, 21, 41, 33, 6
0, 100, 41, 98, 56, 69, 50, 34, 43, 0, 28, 26, 57, 44, 100, 48, 7
24, 87, 31, 38, 61, 0, 100, 25, 96, 72, 57, 100, 10, 87, 0, 42, 0
0, 65, 43, 81, 84, 100, 100, 92, 90, 69, 80, 46, 73, 22, 53, 0, 1
86, 93, 100, 100, 64, 84, 39, 67, 22, 51, 8, 34, 0, 17, 0, 0, 1
4, 62, 25, 76, 76, 97, 100, 100, 75, 74, 47, 49, 18, 23, 0, 0, 1
0, 80, 37, 100, 82, 95, 68, 63, 79, 47, 100, 17, 67, 0, 22, 9, 3
0, 55, 32, 91, 39, 100, 36, 47, 19, 0, 1, 7, 50, 7, 100, 8, 1
100, 100, 58, 94, 21, 66, 5, 35, 17, 4, 74, 0, 62, 29, 0, 37, 6
56, 85, 95, 100, 100, 97, 47, 95, 7, 71, 57, 52, 48, 0, 0, 11, 5
51, 93, 86, 100, 80, 69, 54, 44, 100, 37, 94, 10, 48, 1, 0, 0, 3
0, 75, 24, 100, 50, 84, 41, 44, 19, 14, 35, 0, 67, 0, 100, 0, 2
100, 92, 57, 100, 48, 66, 53, 30, 28, 0, 0, 20, 34, 48, 85, 61, 8
61, 96, 13, 89, 0, 41, 37, 0, 94, 10, 100, 60, 64, 100, 6, 97, 0
76, 66, 82, 100, 0, 88, 49, 53, 97, 15, 32, 0, 38, 39, 100, 72, 8
90, 79, 70, 100, 0, 74, 51, 37, 100, 0, 22, 10, 56, 50, 79, 87, 8
30, 86, 20, 58, 68, 35, 32, 0, 0, 18, 16, 64, 39, 100, 100, 100, 5
64, 70, 100, 100, 53, 89, 81, 82, 96, 66, 99, 23, 54, 0, 0, 11, 9
3, 74, 31, 100, 45, 72, 28, 36, 0, 6, 9, 2, 57, 0, 100, 13, 2
43, 100, 18, 71, 0, 39, 35, 22, 100, 32, 98, 63, 76, 31, 58, 0, 4
25, 95, 18, 52, 59, 29, 22, 0, 0, 16, 18, 66, 52, 99, 100, 100, 5
56, 100, 0, 98, 6, 72, 60, 78, 77, 72, 100, 33, 89, 1, 33, 0, 9
45, 79, 73, 100, 83, 83, 89, 55, 100, 27, 76, 4, 38, 0, 0, 5, 3
36, 80, 67, 100, 100, 92, 75, 63, 99, 41, 94, 16, 49, 3, 0, 0, 3
100, 72, 74, 100, 35, 73, 65, 53, 84, 65, 90, 25, 55, 0, 0, 2, 9
100, 100, 56, 95, 21, 82, 12, 56, 59, 69, 74, 33, 45, 0, 0, 8, 5
100, 100, 76, 87, 64, 72, 50, 58, 38, 44, 24, 29, 12, 14, 0, 0, 1
0, 84, 45, 100, 100, 95, 99, 65, 65, 38, 24, 15, 29, 1, 86, 0, 2
16, 100, 0, 56, 21, 15, 62, 0, 100, 22, 97, 69, 62, 98, 25, 82, 0
0, 100, 36, 95, 42, 47, 38, 0, 2, 19, 1, 47, 50, 57, 100, 63, 7
0, 88, 24, 100, 40, 76, 24, 50, 4, 25, 23, 4, 62, 0, 100, 0, 2
38, 95, 87, 100, 82, 65, 53, 45, 100, 44, 93, 11, 38, 0, 0, 25, 3
0, 36, 32, 57, 65, 78, 100, 100, 83, 77, 60, 52, 40, 26, 21, 0, 1
24, 85, 69, 100, 70, 68, 43, 35, 7, 9, 0, 0, 50, 7, 100, 1, 2
0, 74, 59, 77, 100, 100, 31, 97, 28, 72, 92, 70, 89, 35, 88, 0, 9
69, 91, 100, 100, 54, 83, 25, 54, 73, 62, 88, 31, 57, 4, 0, 0, 5
0, 77, 15, 100, 46, 100, 45, 64, 31, 31, 35, 0, 67, 1, 100, 8, 2
61, 93, 51, 73, 71, 35, 40, 0, 0, 24, 44, 58, 100, 88, 51, 100, 8
12, 97, 73, 100, 100, 70, 74, 35, 49, 0, 0, 25, 34, 41, 98, 37, 7
41, 100, 69, 100, 54, 69, 24, 50, 0, 36, 35, 31, 68, 14, 100, 0, 2
100, 100, 55, 98, 17, 83, 0, 52, 43, 61, 65, 37, 44, 7, 4, 0, 5
58, 100, 30, 90, 0, 63, 37, 46, 90, 38, 100, 56, 80, 27, 70, 0, 4
0, 42, 32, 61, 65, 81, 100, 100, 92, 76, 74, 51, 56, 25, 40, 0, 1
0, 53, 38, 69, 77, 89, 100, 100, 86, 75, 73, 49, 58, 24, 60, 0, 1
100, 100, 59, 78, 23, 53, 1, 23, 27, 0, 77, 10, 54, 34, 0, 36, 6
100, 100, 67, 93, 47, 77, 27, 62, 13, 46, 0, 30, 0, 14, 0, 0, 1
0, 89, 56, 100, 77, 77, 29, 54, 50, 48, 100, 27, 60, 5, 0, 0, 3
25, 98, 64, 100, 72, 67, 53, 33, 30, 0, 0, 16, 37, 30, 100, 33, 7
4, 61, 26, 97, 38, 100, 28, 60, 16, 21, 0, 2, 49, 2, 100, 0, 1
67, 88, 95, 100, 47, 75, 18, 50, 81, 62, 100, 29, 64, 0, 0, 7, 5
74, 94, 100, 100, 68, 84, 79, 57, 95, 30, 74, 6, 37, 0, 0, 8, 5
32, 83, 61, 100, 100, 93, 70, 67, 88, 35, 88, 6, 43, 0, 0, 3, 3
46, 76, 55, 100, 100, 98, 75, 69, 95, 46, 97, 20, 50, 6, 0, 0, 3
0, 66, 9, 89, 55, 100, 100, 92, 79, 68, 50, 46, 30, 22, 47, 0, 7
80, 100, 32, 95, 70, 84, 73, 73, 88, 48, 100, 23, 62, 4, 0, 0, 9
76, 100, 37, 78, 0, 49, 32, 29, 100, 28, 85, 59, 59, 32, 40, 0, 4
0, 72, 19, 100, 43, 87, 39, 51, 22, 18, 33, 0, 66, 5, 100, 11, 2
21, 80, 8, 35, 35, 0, 77, 7, 100, 45, 77, 88, 37, 100, 0, 76, 0
93, 71, 19, 73, 0, 92, 67, 100, 100, 78, 74, 50, 38, 25, 0, 0, 9
49, 84, 100, 100, 83, 93, 30, 78, 57, 68, 87, 35, 53, 0, 0, 8, 5
13, 82, 53, 90, 100, 100, 85, 79, 66, 59, 47, 39, 25, 19, 0, 0, 1
40, 100, 6, 71, 0, 39, 62, 36, 100, 65, 94, 63, 66, 31, 38, 0, 4
86, 53, 90, 92, 36, 100, 0, 62, 0, 16, 52, 0, 100, 27, 100, 66, 0
19, 80, 34, 100, 53, 70, 33, 32, 0, 1, 1, 0, 51, 1, 100, 11, 2
63, 100, 23, 87, 0, 67, 28, 51, 85, 54, 100, 41, 77, 21, 60, 0, 4
93, 100, 63, 99, 43, 85, 53, 54, 100, 48, 89, 23, 45, 8, 0, 0, 5
0, 64, 23, 100, 74, 84, 75, 42, 61, 0, 6, 1, 36, 30, 100, 37, 7
15, 75, 56, 100, 92, 79, 64, 45, 71, 41, 100, 15, 48, 0, 0, 17, 3
97, 72, 100, 100, 44, 81, 13, 53, 0, 23, 41, 0, 85, 22, 18, 32, 6
9, 95, 45, 100, 100, 99, 71, 66, 46, 31, 28, 0, 0, 29, 56, 32, 7
29, 82, 70, 100, 90, 78, 53, 52, 100, 47, 92, 13, 44, 0, 0, 11, 3
23, 71, 64, 100, 68, 88, 58, 52, 59, 16, 0, 5, 28, 0, 100, 4, 1
93, 100, 49, 75, 69, 37, 62, 0, 0, 2, 38, 38, 100, 69, 67, 87, 8
10, 88, 0, 72, 25, 97, 90, 100, 100, 89, 81, 56, 71, 22, 59, 0, 7
29, 81, 59, 100, 100, 95, 70, 68, 72, 44, 91, 21, 49, 4, 0, 0, 3
13, 54, 44, 89, 54, 100, 52, 53, 45, 7, 0, 0, 49, 0, 100, 5, 1
0, 91, 30, 60, 100, 30, 100, 0, 22, 23, 43, 54, 96, 85, 26, 100, 8
75, 72, 23, 100, 40, 65, 98, 32, 67, 0, 0, 17, 48, 52, 100, 83, 8
94, 97, 0, 90, 60, 56, 100, 18, 29, 0, 32, 38, 85, 74, 51, 100, 8
0, 67, 41, 40, 48, 0, 9, 0, 40, 38, 83, 72, 100, 100, 35, 79, 8
0, 94, 42, 100, 66, 71, 59, 35, 42, 0, 14, 26, 54, 37, 100, 36, 7
40, 100, 7, 73, 0, 34, 23, 0, 74, 6, 100, 40, 89, 77, 46, 95, 0
42, 90, 78, 100, 100, 84, 72, 63, 90, 39, 83, 15, 42, 0, 0, 12, 3
31, 83, 0, 52, 6, 10, 49, 0, 87, 23, 100, 65, 79, 100, 47, 73, 0
17, 61, 43, 100, 47, 92, 51, 48, 57, 3, 0, 2, 42, 3, 100, 0, 1
0, 83, 46, 100, 100, 85, 84, 42, 58, 0, 29, 8, 27, 48, 94, 54, 7
100, 100, 63, 81, 33, 60, 11, 40, 0, 16, 33, 0, 83, 12, 65, 32, 6
6, 61, 33, 100, 61, 76, 39, 27, 0, 1, 17, 3, 61, 0, 100, 3, 2
15, 83, 6, 48, 65, 46, 45, 0, 8, 20, 0, 74, 43, 94, 100, 100, 5
87, 100, 49, 88, 50, 46, 42, 6, 0, 0, 10, 36, 58, 51, 100, 75, 8
77, 82, 48, 100, 31, 73, 100, 38, 85, 0, 0, 22, 61, 57, 97, 92, 8
100, 83, 37, 83, 0, 99, 60, 100, 97, 79, 92, 51, 68, 25, 45, 0, 9
71, 93, 85, 82, 65, 100, 79, 77, 100, 48, 79, 18, 40, 4, 0, 0, 9
58, 100, 5, 75, 0, 41, 100, 44, 75, 79, 48, 89, 44, 38, 37, 0, 4
65, 100, 4, 79, 73, 52, 100, 17, 31, 0, 0, 35, 49, 68, 69, 97, 8
0, 89, 9, 71, 41, 41, 28, 0, 20, 24, 23, 69, 53, 95, 100, 100, 5
18, 92, 51, 100, 44, 64, 26, 30, 0, 0, 12, 20, 57, 14, 100, 12, 2
22, 71, 0, 35, 28, 0, 72, 8, 100, 45, 96, 90, 54, 100, 16, 75, 0
100, 100, 44, 94, 8, 59, 0, 17, 51, 0, 92, 27, 48, 50, 7, 21, 6
0, 85, 32, 100, 64, 87, 50, 57, 28, 29, 24, 0, 63, 5, 100, 15, 2
35, 100, 27, 71, 65, 36, 48, 0, 0, 19, 44, 52, 100, 83, 56, 95, 8
15, 100, 11, 84, 0, 48, 61, 43, 100, 59, 71, 72, 49, 36, 35, 0, 4
74, 100, 43, 73, 94, 38, 100, 0, 51, 8, 79, 46, 91, 84, 0, 88, 8
44, 100, 21, 72, 0, 42, 35, 20, 100, 20, 99, 51, 78, 29, 58, 0, 4
100, 100, 86, 86, 72, 71, 58, 57, 42, 43, 25, 28, 8, 14, 0, 0, 1
100, 89, 57, 56, 6, 63, 37, 100, 94, 92, 92, 50, 61, 12, 0, 0, 9
81, 85, 52, 100, 38, 61, 87, 54, 100, 75, 87, 32, 50, 0, 0, 2, 9
0, 88, 47, 100, 96, 90, 100, 59, 80, 28, 53, 0, 37, 29, 88, 25, 7
0, 63, 20, 100, 57, 88, 45, 47, 14, 14, 8, 0, 53, 8, 100, 3, 2
63, 86, 32, 66, 58, 32, 30, 0, 5, 19, 0, 57, 41, 84, 100, 100, 5
100, 77, 70, 100, 33, 75, 31, 36, 17, 0, 0, 17, 39, 45, 93, 62, 8
12, 71, 0, 26, 48, 0, 97, 36, 100, 82, 42, 100, 4, 60, 5, 15, 0
16, 100, 0, 68, 5, 36, 57, 25, 100, 35, 78, 61, 47, 33, 34, 0, 4
42, 90, 24, 55, 80, 48, 51, 10, 0, 0, 9, 48, 43, 85, 100, 100, 5
32, 98, 12, 54, 24, 5, 71, 0, 100, 41, 91, 89, 43, 100, 0, 77, 0
7, 95, 47, 100, 68, 69, 50, 34, 27, 0, 0, 19, 44, 31, 100, 35, 7
20, 80, 54, 100, 83, 84, 58, 63, 100, 49, 87, 17, 45, 0, 0, 14, 3
10, 81, 44, 100, 57, 74, 32, 42, 0, 16, 16, 5, 58, 4, 100, 0, 2
16, 86, 46, 100, 48, 64, 32, 31, 0, 3, 1, 6, 51, 5, 100, 0, 2
23, 66, 31, 100, 61, 84, 48, 46, 20, 13, 0, 0, 50, 2, 100, 2, 2
16, 97, 76, 100, 80, 61, 56, 22, 34, 0, 0, 37, 37, 45, 100, 42, 7
25, 76, 75, 100, 17, 68, 61, 54, 89, 90, 100, 44, 87, 10, 0, 0, 9
22, 100, 65, 96, 82, 55, 65, 14, 38, 0, 0, 29, 48, 33, 100, 33, 7
0, 87, 47, 100, 97, 87, 94, 69, 92, 50, 100, 31, 81, 13, 22, 0, 3
47, 100, 35, 95, 0, 66, 31, 43, 100, 48, 95, 66, 82, 34, 79, 0, 4
4, 88, 39, 100, 59, 78, 60, 55, 100, 42, 88, 19, 47, 6, 0, 0, 3
31, 69, 49, 100, 60, 70, 34, 36, 0, 13, 29, 21, 65, 0, 100, 16, 2
100, 100, 74, 97, 61, 81, 47, 65, 34, 49, 21, 33, 5, 16, 0, 0, 1
37, 98, 11, 60, 88, 52, 76, 8, 0, 0, 0, 46, 18, 88, 100, 100, 5
8, 67, 51, 37, 22, 0, 9, 24, 53, 58, 100, 92, 59, 100, 0, 74, 8
98, 100, 43, 83, 7, 51, 0, 15, 50, 0, 100, 26, 83, 54, 19, 46, 6
77, 81, 14, 100, 23, 66, 79, 34, 67, 0, 0, 14, 47, 48, 100, 80, 8
100, 100, 59, 90, 22, 62, 0, 29, 22, 0, 76, 10, 51, 37, 0, 33, 6
43, 89, 93, 100, 66, 91, 40, 64, 82, 43, 100, 15, 52, 0, 0, 1, 5
20, 85, 62, 100, 71, 72, 45, 52, 98, 47, 100, 17, 53, 0, 0, 0, 3
88, 99, 45, 82, 78, 75, 90, 100, 100, 68, 93, 36, 59, 9, 0, 0, 9
100, 92, 64, 100, 37, 77, 20, 50, 11, 21, 22, 0, 35, 26, 0, 40, 6
0, 32, 29, 55, 63, 78, 100, 100, 90, 75, 88, 50, 84, 25, 80, 0, 1
100, 74, 46, 65, 0, 78, 36, 100, 78, 88, 80, 58, 78, 28, 88, 0, 9
86, 88, 33, 65, 0, 87, 58, 100, 87, 67, 100, 31, 93, 0, 19, 7, 9
17, 100, 8, 53, 61, 47, 42, 0, 3, 17, 0, 80, 44, 96, 100, 94, 5
81, 100, 50, 79, 23, 52, 17, 22, 70, 15, 100, 31, 44, 19, 0, 0, 6
59, 90, 16, 88, 0, 41, 25, 0, 77, 10, 100, 55, 82, 100, 35, 94, 0
0, 66, 1, 64, 26, 53, 63, 26, 12, 0, 12, 52, 33, 91, 100, 100, 5
100, 100, 49, 91, 13, 62, 0, 28, 33, 0, 90, 15, 75, 45, 8, 49, 6
52, 100, 21, 75, 5, 49, 0, 22, 34, 1, 100, 0, 95, 22, 35, 16, 6
100, 100, 67, 90, 39, 70, 14, 47, 0, 19, 22, 0, 37, 21, 3, 30, 6
0, 77, 36, 100, 94, 98, 100, 69, 58, 44, 14, 21, 29, 2, 90, 0, 2
21, 100, 25, 88, 0, 54, 20, 43, 85, 42, 100, 72, 91, 36, 82, 0, 4
0, 86, 33, 100, 60, 81, 58, 59, 96, 44, 100, 14, 62, 0, 20, 6, 3
84, 83, 22, 76, 8, 95, 72, 100, 100, 76, 77, 47, 41, 22, 0, 0, 9
31, 92, 0, 52, 18, 0, 69, 6, 100, 53, 72, 100, 21, 100, 4, 49, 0
0, 89, 14, 72, 35, 59, 53, 12, 14, 0, 11, 64, 42, 97, 100, 100, 5
59, 72, 36, 100, 0, 72, 23, 36, 52, 0, 0, 1, 44, 27, 100, 55, 8
0, 100, 47, 86, 100, 79, 68, 52, 42, 23, 30, 0, 66, 25, 82, 40, 7
27, 85, 4, 57, 60, 58, 65, 18, 1, 0, 0, 50, 24, 95, 100, 100, 5
21, 74, 30, 100, 72, 77, 66, 36, 31, 2, 0, 14, 52, 24, 100, 0, 2
23, 100, 14, 76, 11, 41, 94, 35, 100, 51, 52, 71, 24, 35, 0, 0, 4
24, 100, 0, 69, 8, 35, 55, 34, 100, 40, 95, 79, 90, 39, 80, 0, 4
45, 100, 2, 72, 0, 49, 81, 55, 100, 79, 88, 66, 59, 33, 33, 0, 4
98, 76, 67, 100, 0, 92, 23, 66, 90, 74, 100, 53, 72, 22, 19, 0, 9
1, 85, 40, 100, 91, 78, 41, 52, 47, 45, 100, 20, 56, 0, 0, 15, 3
49, 78, 34, 60, 30, 18, 0, 0, 19, 39, 57, 73, 100, 100, 44, 82, 8
14, 81, 0, 41, 34, 0, 87, 3, 100, 56, 70, 100, 20, 99, 7, 49, 0
59, 54, 100, 82, 84, 100, 68, 62, 57, 24, 0, 0, 2, 0, 84, 4, 1
54, 100, 35, 79, 0, 49, 19, 40, 89, 38, 100, 65, 81, 32, 65, 0, 4
0, 100, 3, 100, 52, 99, 100, 100, 73, 86, 50, 57, 32, 27, 34, 0, 7
22, 73, 0, 49, 15, 0, 74, 10, 100, 56, 68, 100, 14, 87, 1, 36, 0
1, 52, 23, 75, 74, 100, 52, 69, 51, 36, 45, 4, 0, 0, 100, 7, 1
72, 68, 42, 100, 0, 68, 61, 34, 79, 0, 1, 16, 50, 53, 100, 88, 8
27, 100, 8, 70, 0, 40, 14, 9, 65, 0, 100, 22, 62, 42, 14, 33, 6
0, 81, 30, 100, 100, 94, 85, 68, 49, 33, 30, 0, 20, 40, 80, 49, 7
0, 76, 22, 100, 64, 91, 54, 58, 24, 32, 2, 6, 51, 2, 100, 0, 2
26, 86, 20, 43, 37, 0, 87, 12, 100, 56, 74, 95, 22, 100, 0, 60, 0
100, 94, 73, 100, 40, 74, 13, 46, 0, 12, 38, 0, 67, 22, 20, 28, 6
13, 69, 78, 100, 100, 73, 59, 36, 11, 0, 87, 11, 87, 45, 0, 69, 8
37, 100, 28, 83, 10, 47, 16, 11, 66, 0, 100, 23, 51, 35, 0, 23, 6
22, 98, 2, 66, 0, 17, 43, 0, 85, 26, 100, 73, 61, 100, 12, 86, 0
47, 88, 98, 100, 81, 93, 31, 76, 61, 54, 100, 31, 56, 7, 0, 0, 5
60, 100, 15, 85, 0, 50, 10, 17, 57, 0, 100, 18, 69, 43, 20, 31, 6
27, 100, 16, 71, 0, 36, 27, 21, 100, 25, 91, 49, 54, 34, 56, 0, 4
34, 84, 42, 100, 19, 65, 0, 31, 56, 40, 100, 55, 87, 38, 85, 0, 4
31, 100, 32, 94, 1, 56, 0, 13, 53, 0, 100, 21, 56, 37, 5, 18, 6
95, 100, 56, 93, 18, 62, 0, 27, 37, 0, 100, 8, 74, 32, 15, 16, 6
15, 52, 29, 87, 31, 100, 31, 64, 29, 27, 0, 1, 40, 0, 100, 1, 1
0, 27, 32, 51, 66, 75, 99, 100, 100, 87, 79, 58, 57, 29, 40, 0, 1
15, 79, 50, 100, 74, 78, 39, 52, 82, 42, 100, 14, 54, 0, 0, 4, 3
8, 100, 0, 57, 22, 9, 72, 0, 100, 43, 78, 94, 32, 95, 7, 48, 0
4, 100, 18, 98, 0, 58, 43, 38, 100, 48, 97, 79, 80, 41, 77, 0, 4
69, 98, 22, 93, 46, 71, 57, 100, 85, 65, 100, 22, 56, 0, 0, 5, 9
50, 84, 85, 100, 100, 64, 73, 27, 32, 0, 0, 18, 45, 31, 81, 0, 2
40, 80, 61, 100, 77, 76, 65, 54, 100, 40, 86, 13, 46, 0, 0, 1, 3
100, 98, 61, 100, 20, 89, 0, 58, 36, 54, 65, 37, 44, 2, 6, 0, 5
83, 100, 9, 87, 57, 44, 60, 0, 0, 17, 56, 56, 100, 95, 10, 100, 8
36, 100, 22, 96, 0, 69, 6, 42, 68, 42, 100, 51, 64, 26, 50, 0, 4
8, 81, 42, 98, 92, 100, 100, 79, 63, 60, 65, 36, 44, 14, 0, 0, 3
5, 85, 44, 100, 72, 71, 52, 33, 21, 0, 0, 34, 50, 41, 100, 45, 7
10, 77, 54, 100, 100, 78, 75, 37, 36, 2, 0, 0, 21, 26, 89, 30, 7
35, 96, 12, 50, 51, 38, 52, 0, 0, 2, 10, 53, 37, 95, 100, 100, 5
20, 69, 35, 100, 100, 95, 61, 53, 19, 11, 67, 0, 35, 38, 0, 80, 8
53, 79, 0, 92, 19, 58, 80, 27, 57, 0, 26, 34, 80, 68, 100, 100, 8
40, 81, 69, 100, 97, 80, 66, 55, 100, 41, 100, 15, 53, 0, 0, 0, 3
41, 80, 60, 100, 100, 97, 98, 73, 94, 48, 75, 26, 42, 9, 0, 0, 3
16, 90, 0, 46, 67, 42, 88, 2, 29, 0, 7, 49, 18, 93, 100, 100, 5
0, 62, 33, 81, 70, 99, 100, 100, 85, 75, 67, 50, 51, 25, 37, 0, 1
0, 100, 52, 94, 74, 60, 71, 23, 55, 0, 9, 21, 43, 31, 100, 31, 7
7, 59, 29, 100, 31, 91, 32, 46, 31, 1, 0, 0, 54, 1, 100, 0, 1
0, 55, 20, 68, 65, 88, 100, 100, 76, 75, 51, 50, 28, 25, 11, 0, 1
0, 92, 28, 100, 67, 74, 70, 35, 48, 0, 5, 24, 45, 34, 100, 34, 7
69, 78, 31, 98, 21, 62, 61, 21, 0, 0, 10, 40, 79, 72, 100, 100, 8
18, 89, 100, 100, 53, 93, 10, 64, 53, 77, 96, 52, 68, 21, 0, 0, 5
54, 89, 75, 100, 90, 75, 69, 48, 100, 30, 83, 8, 40, 0, 0, 8, 3
6, 91, 55, 100, 58, 90, 49, 64, 88, 42, 100, 12, 51, 0, 0, 4, 3
14, 91, 38, 75, 69, 39, 35, 0, 0, 18, 8, 66, 35, 100, 100, 96, 5
76, 76, 48, 100, 0, 80, 37, 58, 100, 74, 84, 57, 46, 29, 19, 0, 9
35, 78, 62, 100, 92, 78, 69, 49, 77, 49, 100, 20, 56, 0, 0, 14, 3
15, 100, 2, 79, 0, 57, 48, 49, 100, 56, 97, 43, 87, 21, 98, 0, 4
87, 100, 36, 82, 3, 52, 0, 17, 50, 0, 100, 13, 55, 31, 0, 20, 6
78, 100, 26, 100, 0, 64, 3, 24, 46, 0, 93, 18, 100, 59, 87, 97, 0
58, 100, 15, 81, 0, 34, 32, 0, 81, 6, 100, 49, 77, 92, 29, 94, 0
37, 61, 0, 70, 22, 92, 60, 100, 91, 85, 100, 57, 91, 28, 80, 0, 9
0, 55, 33, 83, 60, 100, 53, 67, 46, 34, 30, 1, 40, 1, 100, 0, 1
38, 85, 73, 100, 100, 86, 68, 65, 87, 42, 81, 15, 42, 0, 0, 12, 3
19, 89, 10, 61, 50, 28, 25, 0, 3, 31, 0, 75, 40, 98, 100, 100, 5
21, 93, 28, 62, 53, 24, 13, 0, 5, 41, 0, 84, 47, 96, 100, 100, 5
0, 89, 59, 100, 100, 74, 82, 35, 51, 0, 10, 18, 35, 42, 100, 48, 7
25, 64, 54, 100, 53, 90, 49, 45, 32, 3, 0, 0, 51, 1, 100, 2, 1
0, 70, 33, 100, 83, 97, 78, 59, 44, 26, 2, 0, 42, 1, 100, 2, 2
0, 92, 31, 100, 60, 88, 47, 54, 24, 25, 33, 0, 66, 2, 100, 8, 2
3, 58, 20, 100, 41, 80, 22, 38, 0, 8, 33, 4, 66, 3, 100, 0, 2
29, 100, 19, 44, 27, 0, 5, 9, 0, 62, 30, 88, 65, 95, 100, 97, 5
46, 73, 64, 100, 100, 89, 80, 57, 48, 26, 0, 0, 14, 14, 92, 11, 2
0, 85, 47, 96, 100, 100, 93, 82, 72, 59, 82, 33, 68, 9, 19, 0, 3
28, 83, 6, 56, 73, 48, 83, 10, 15, 0, 0, 42, 32, 90, 100, 100, 5
100, 100, 61, 83, 25, 58, 5, 29, 20, 1, 75, 0, 57, 20, 0, 14, 6
82, 100, 49, 65, 0, 36, 10, 27, 85, 24, 100, 45, 88, 27, 91, 0, 4
29, 100, 9, 82, 0, 63, 6, 44, 39, 35, 77, 33, 100, 19, 96, 0, 4
0, 92, 48, 100, 76, 74, 70, 41, 57, 9, 38, 0, 46, 20, 100, 20, 7
