@relation penbased-2
@attribute At1 integer [0, 100]
@attribute At2 integer [0, 100]
@attribute At3 integer [0, 100]
@attribute At4 integer [0, 100]
@attribute At5 integer [0, 100]
@attribute At6 integer [0, 100]
@attribute At7 integer [0, 100]
@attribute At8 integer [0, 100]
@attribute At9 integer [0, 100]
@attribute At10 integer [0, 100]
@attribute At11 integer [0, 100]
@attribute At12 integer [0, 100]
@attribute At13 integer [0, 100]
@attribute At14 integer [0, 100]
@attribute At15 integer [0, 100]
@attribute At16 integer [0, 100]
@attribute Class {0, 1, 2, 3, 4, 5, 6, 7, 8, 9}
@inputs At1, At2, At3, At4, At5, At6, At7, At8, At9, At10, At11, At12, At13, At14, At15, At16
@outputs Class
@data
40, 99, 51, 66, 79, 26, 39, 0, 0, 27, 8, 77, 46, 100, 100, 94, 5
77, 97, 40, 100, 0, 59, 9, 29, 84, 33, 100, 64, 77, 44, 48, 0, 4
5, 90, 46, 98, 89, 100, 100, 81, 77, 59, 62, 34, 37, 14, 0, 0, 3
47, 86, 73, 100, 89, 75, 68, 49, 100, 28, 82, 4, 38, 0, 0, 13, 3
72, 100, 38, 88, 2, 57, 0, 19, 51, 0, 100, 20, 55, 34, 12, 7, 6
3, 96, 53, 100, 81, 68, 83, 28, 72, 0, 100, 34, 51, 41, 0, 43, 7
22, 55, 10, 60, 0, 18, 46, 0, 89, 28, 100, 70, 68, 100, 29, 69, 0
15, 73, 0, 34, 30, 0, 81, 1, 100, 38, 87, 78, 44, 100, 16, 68, 0
50, 97, 72, 68, 100, 100, 42, 86, 93, 72, 89, 48, 70, 7, 0, 0, 9
40, 79, 61, 100, 78, 72, 46, 41, 0, 16, 1, 5, 61, 1, 100, 0, 2
3, 66, 16, 100, 27, 69, 14, 32, 0, 0, 33, 5, 67, 10, 100, 11, 2
13, 80, 53, 71, 100, 100, 23, 99, 0, 71, 81, 74, 74, 40, 47, 0, 9
21, 92, 85, 100, 90, 67, 67, 34, 49, 0, 0, 26, 27, 43, 100, 42, 7
47, 100, 19, 67, 0, 30, 20, 0, 68, 5, 100, 33, 91, 72, 50, 88, 0
67, 100, 36, 82, 0, 60, 5, 37, 66, 38, 100, 50, 73, 25, 56, 0, 4
38, 92, 15, 72, 42, 44, 25, 0, 0, 8, 8, 61, 40, 93, 100, 100, 5
46, 96, 80, 100, 81, 76, 77, 60, 100, 36, 75, 12, 36, 0, 0, 6, 3
92, 73, 32, 63, 0, 86, 51, 100, 100, 82, 96, 51, 64, 23, 21, 0, 9
56, 83, 28, 61, 90, 23, 24, 0, 22, 40, 100, 72, 72, 100, 0, 72, 8
13, 100, 8, 93, 0, 66, 8, 41, 57, 40, 100, 50, 82, 25, 69, 0, 4
74, 100, 30, 76, 0, 50, 55, 49, 100, 72, 77, 56, 52, 28, 35, 0, 4
0, 85, 32, 100, 76, 91, 70, 65, 38, 43, 11, 20, 50, 6, 100, 0, 2
0, 88, 41, 100, 73, 80, 64, 40, 49, 0, 40, 13, 49, 42, 100, 46, 7
37, 100, 57, 91, 47, 50, 22, 20, 0, 17, 33, 17, 66, 4, 100, 0, 2
19, 88, 62, 100, 100, 81, 83, 48, 47, 23, 0, 6, 18, 0, 72, 1, 2
40, 76, 62, 100, 62, 69, 34, 40, 0, 16, 12, 11, 57, 10, 100, 0, 2
100, 100, 26, 97, 1, 66, 45, 33, 29, 0, 0, 26, 38, 61, 87, 93, 8
0, 36, 35, 56, 68, 78, 100, 100, 94, 76, 80, 51, 70, 25, 70, 0, 1
0, 89, 10, 55, 51, 30, 48, 0, 18, 23, 20, 66, 49, 94, 100, 100, 5
64, 60, 76, 100, 13, 99, 39, 75, 100, 87, 98, 44, 65, 6, 0, 0, 9
0, 72, 62, 95, 74, 100, 69, 74, 72, 49, 79, 23, 51, 0, 100, 0, 1
23, 63, 31, 100, 64, 84, 54, 45, 28, 10, 0, 5, 50, 3, 100, 0, 2
29, 72, 52, 100, 63, 58, 39, 17, 0, 0, 18, 17, 59, 10, 100, 3, 2
54, 100, 28, 76, 5, 51, 0, 28, 66, 27, 100, 49, 82, 25, 69, 0, 4
38, 100, 18, 81, 0, 52, 36, 38, 95, 42, 100, 60, 83, 31, 85, 0, 4
0, 84, 25, 100, 58, 74, 51, 37, 38, 0, 15, 20, 43, 33, 100, 32, 7
58, 85, 100, 100, 87, 94, 52, 72, 59, 43, 85, 27, 47, 2, 0, 0, 5
100, 82, 76, 100, 57, 78, 99, 87, 92, 68, 67, 40, 38, 14, 0, 0, 9
27, 100, 0, 64, 4, 8, 63, 0, 100, 46, 73, 96, 12, 79, 0, 25, 0
0, 98, 51, 100, 100, 87, 76, 48, 60, 8, 46, 0, 3, 24, 94, 26, 7
41, 96, 99, 100, 100, 74, 58, 38, 28, 0, 7, 16, 0, 45, 80, 34, 7
100, 100, 50, 76, 0, 36, 76, 35, 99, 62, 89, 96, 80, 45, 72, 0, 4
0, 57, 36, 83, 62, 100, 54, 64, 47, 28, 12, 0, 30, 2, 100, 3, 1
19, 100, 3, 83, 0, 60, 8, 37, 92, 33, 81, 44, 70, 21, 100, 0, 4
84, 52, 98, 96, 64, 100, 73, 62, 100, 55, 83, 9, 42, 0, 0, 4, 9
100, 100, 65, 85, 33, 64, 10, 39, 0, 11, 35, 0, 54, 22, 10, 24, 6
8, 80, 40, 100, 61, 67, 38, 31, 0, 12, 21, 27, 61, 10, 100, 0, 2
62, 99, 19, 100, 55, 82, 71, 98, 99, 58, 100, 14, 49, 0, 0, 20, 9
35, 85, 22, 38, 45, 0, 87, 12, 100, 57, 81, 100, 37, 97, 0, 72, 0
100, 92, 62, 100, 21, 75, 51, 73, 87, 85, 63, 51, 36, 17, 0, 0, 9
0, 58, 42, 78, 90, 99, 100, 100, 87, 75, 78, 50, 76, 25, 84, 0, 1
82, 100, 35, 78, 97, 39, 94, 0, 0, 1, 39, 42, 100, 81, 40, 94, 8
0, 84, 39, 100, 79, 78, 39, 55, 67, 48, 100, 21, 62, 0, 15, 10, 3
55, 40, 100, 64, 92, 100, 48, 81, 45, 40, 55, 0, 0, 4, 11, 38, 8
100, 100, 49, 80, 15, 54, 0, 25, 26, 0, 86, 7, 62, 24, 0, 19, 6
1, 91, 11, 49, 72, 47, 53, 0, 13, 12, 0, 68, 36, 97, 100, 100, 5
36, 78, 75, 100, 77, 82, 61, 34, 39, 0, 0, 8, 50, 8, 100, 7, 1
25, 97, 37, 70, 100, 88, 27, 100, 0, 80, 76, 65, 75, 31, 29, 0, 9
47, 69, 42, 100, 6, 75, 54, 39, 47, 0, 0, 21, 42, 58, 100, 90, 8
13, 94, 10, 63, 73, 46, 65, 0, 0, 8, 3, 57, 31, 100, 100, 99, 5
99, 97, 47, 100, 8, 74, 0, 41, 28, 11, 85, 0, 100, 22, 38, 24, 6
0, 52, 56, 73, 100, 100, 91, 85, 88, 51, 89, 16, 42, 0, 93, 6, 1
11, 72, 39, 100, 62, 77, 50, 42, 24, 12, 0, 0, 50, 3, 100, 3, 2
32, 94, 23, 68, 60, 34, 33, 0, 0, 26, 17, 69, 41, 98, 100, 100, 5
0, 66, 54, 79, 78, 100, 100, 86, 98, 63, 92, 42, 80, 20, 90, 0, 1
31, 87, 57, 100, 55, 65, 30, 37, 0, 14, 26, 9, 62, 5, 100, 0, 2
100, 100, 55, 99, 39, 73, 91, 84, 86, 76, 68, 47, 43, 20, 0, 0, 9
100, 52, 40, 48, 0, 71, 26, 100, 78, 91, 88, 57, 73, 22, 33, 0, 9
29, 71, 55, 100, 74, 75, 59, 39, 30, 9, 0, 8, 49, 0, 100, 2, 2
27, 84, 58, 100, 76, 68, 57, 34, 16, 13, 0, 9, 50, 5, 100, 0, 2
0, 61, 15, 62, 51, 81, 89, 100, 100, 80, 86, 53, 72, 26, 57, 0, 1
13, 96, 56, 100, 56, 75, 30, 53, 0, 32, 3, 11, 51, 5, 100, 0, 2
35, 88, 30, 57, 50, 17, 11, 0, 0, 38, 56, 68, 100, 100, 20, 100, 8
22, 100, 0, 55, 40, 59, 53, 2, 19, 0, 20, 66, 41, 99, 100, 98, 5
55, 83, 100, 100, 88, 92, 40, 78, 24, 43, 68, 31, 48, 5, 0, 0, 5
28, 61, 59, 27, 33, 0, 2, 20, 63, 46, 100, 79, 48, 100, 0, 74, 8
100, 100, 60, 89, 26, 65, 3, 36, 0, 4, 43, 0, 51, 26, 12, 31, 6
31, 100, 20, 90, 16, 57, 75, 52, 100, 79, 68, 63, 33, 31, 0, 0, 4
9, 100, 9, 77, 0, 46, 2, 22, 81, 29, 100, 35, 56, 31, 59, 0, 4
3, 70, 0, 25, 41, 0, 89, 18, 100, 61, 75, 100, 25, 100, 14, 58, 0
23, 100, 17, 81, 0, 48, 43, 33, 100, 39, 58, 66, 38, 34, 27, 0, 4
0, 95, 40, 100, 74, 80, 40, 55, 1, 35, 15, 12, 63, 8, 100, 0, 2
0, 59, 9, 36, 43, 0, 91, 20, 100, 65, 65, 100, 15, 84, 10, 41, 0
0, 93, 44, 100, 79, 72, 76, 35, 53, 0, 29, 2, 43, 28, 100, 32, 7
0, 76, 63, 91, 100, 100, 90, 80, 73, 60, 57, 40, 50, 20, 60, 0, 1
87, 100, 34, 81, 0, 53, 38, 32, 99, 49, 100, 53, 55, 27, 18, 0, 4
86, 86, 37, 100, 0, 74, 53, 62, 100, 86, 83, 66, 61, 32, 41, 0, 9
100, 71, 46, 71, 18, 92, 66, 100, 91, 74, 75, 45, 44, 19, 0, 0, 9
16, 100, 10, 59, 57, 35, 27, 0, 0, 29, 2, 86, 45, 96, 100, 96, 5
22, 100, 0, 80, 19, 55, 73, 48, 100, 68, 63, 57, 41, 29, 26, 0, 4
49, 93, 0, 55, 28, 74, 63, 100, 62, 50, 59, 3, 24, 1, 100, 0, 1
16, 68, 31, 100, 76, 82, 70, 40, 28, 13, 0, 4, 55, 3, 100, 0, 2
5, 88, 50, 100, 76, 80, 44, 58, 73, 43, 100, 21, 59, 3, 0, 0, 3
0, 53, 45, 75, 79, 100, 93, 99, 93, 73, 97, 46, 100, 19, 93, 0, 1
43, 100, 30, 87, 0, 57, 51, 61, 100, 75, 80, 62, 50, 31, 23, 0, 4
51, 100, 86, 94, 69, 61, 37, 34, 0, 12, 9, 0, 54, 2, 100, 0, 2
41, 100, 0, 65, 41, 43, 61, 12, 6, 0, 24, 47, 42, 93, 100, 98, 5
53, 93, 3, 71, 47, 34, 23, 0, 0, 29, 59, 63, 100, 100, 9, 98, 8
30, 93, 70, 100, 88, 63, 86, 23, 85, 0, 100, 30, 50, 34, 0, 34, 7
71, 100, 27, 76, 1, 33, 24, 0, 74, 23, 100, 65, 51, 79, 0, 58, 0
100, 100, 78, 91, 45, 70, 18, 47, 0, 22, 21, 0, 64, 11, 16, 15, 6
4, 86, 54, 100, 85, 72, 80, 32, 76, 0, 100, 37, 48, 40, 0, 38, 7
72, 100, 30, 84, 7, 61, 0, 37, 49, 30, 100, 42, 74, 23, 70, 0, 4
0, 85, 43, 100, 68, 87, 50, 61, 92, 44, 100, 14, 55, 0, 8, 8, 3
0, 74, 13, 100, 55, 100, 100, 98, 79, 80, 59, 55, 45, 28, 42, 0, 7
0, 88, 52, 100, 68, 67, 50, 33, 23, 0, 9, 27, 30, 51, 100, 58, 7
100, 94, 53, 80, 68, 39, 68, 0, 0, 0, 17, 36, 62, 69, 88, 100, 8
66, 100, 21, 85, 0, 55, 4, 23, 48, 0, 100, 12, 62, 36, 6, 25, 6
30, 49, 24, 9, 60, 0, 90, 31, 100, 71, 75, 100, 32, 90, 0, 63, 0
24, 85, 59, 100, 73, 63, 46, 29, 0, 16, 5, 29, 54, 19, 100, 0, 2
31, 99, 1, 59, 0, 2, 62, 0, 100, 47, 76, 100, 20, 83, 12, 28, 0
40, 100, 23, 83, 0, 50, 54, 38, 100, 52, 97, 68, 68, 36, 57, 0, 4
0, 100, 13, 84, 13, 52, 18, 22, 60, 23, 93, 39, 88, 30, 100, 0, 4
36, 81, 36, 70, 80, 36, 52, 0, 0, 22, 29, 63, 35, 94, 100, 100, 5
19, 93, 9, 74, 100, 94, 25, 100, 1, 49, 0, 0, 93, 16, 46, 60, 8
24, 66, 55, 84, 100, 100, 79, 80, 52, 60, 29, 40, 12, 20, 0, 0, 1
0, 77, 30, 100, 74, 96, 56, 63, 75, 43, 100, 14, 59, 0, 13, 5, 3
22, 65, 56, 100, 57, 88, 49, 35, 31, 0, 0, 6, 52, 8, 100, 12, 1
48, 100, 22, 79, 5, 58, 0, 37, 80, 39, 100, 42, 72, 21, 82, 0, 4
31, 85, 51, 100, 78, 80, 64, 63, 100, 41, 84, 11, 41, 0, 0, 10, 3
0, 62, 55, 75, 85, 97, 100, 100, 98, 75, 93, 50, 91, 25, 89, 0, 1
12, 58, 62, 79, 100, 100, 88, 85, 62, 64, 50, 42, 25, 21, 0, 0, 1
31, 72, 12, 35, 35, 0, 77, 17, 100, 56, 89, 96, 43, 100, 0, 84, 0
0, 72, 52, 84, 100, 100, 94, 96, 85, 72, 81, 48, 79, 24, 75, 0, 1
33, 93, 0, 55, 61, 58, 91, 25, 37, 0, 29, 53, 36, 100, 100, 93, 5
87, 93, 59, 100, 21, 86, 6, 53, 69, 56, 100, 31, 59, 4, 0, 0, 5
23, 96, 5, 56, 0, 15, 41, 0, 83, 25, 100, 63, 81, 100, 34, 98, 0
90, 66, 49, 100, 0, 72, 67, 40, 100, 0, 25, 11, 34, 55, 84, 93, 8
42, 73, 53, 100, 94, 83, 79, 49, 43, 21, 0, 0, 47, 10, 100, 14, 2
32, 100, 6, 65, 0, 24, 29, 0, 70, 20, 100, 53, 93, 90, 47, 97, 0
19, 91, 18, 50, 88, 50, 88, 5, 24, 0, 0, 51, 29, 91, 100, 100, 5
11, 80, 0, 54, 47, 32, 36, 0, 11, 24, 3, 62, 46, 87, 100, 100, 5
0, 80, 35, 100, 80, 89, 58, 61, 68, 39, 100, 15, 55, 0, 2, 3, 3
0, 80, 43, 93, 91, 100, 96, 80, 75, 57, 100, 36, 90, 14, 48, 0, 3
67, 99, 62, 62, 97, 13, 0, 0, 7, 34, 100, 59, 100, 100, 10, 93, 8
60, 100, 36, 75, 14, 50, 0, 23, 47, 14, 89, 30, 100, 26, 86, 0, 4
0, 83, 42, 100, 100, 86, 75, 43, 50, 0, 11, 15, 2, 27, 69, 29, 7
62, 100, 26, 74, 15, 43, 8, 12, 57, 0, 100, 19, 52, 35, 0, 23, 6
100, 80, 54, 77, 25, 96, 78, 100, 99, 74, 76, 45, 42, 20, 0, 0, 9
25, 57, 20, 21, 62, 0, 100, 22, 95, 68, 61, 100, 14, 99, 0, 57, 0
49, 97, 77, 100, 79, 60, 47, 28, 0, 11, 8, 24, 58, 14, 100, 0, 2
0, 100, 53, 95, 80, 66, 69, 30, 66, 0, 100, 30, 61, 36, 7, 39, 7
17, 67, 55, 93, 71, 100, 61, 56, 48, 13, 0, 1, 37, 0, 100, 0, 1
0, 88, 65, 55, 100, 16, 45, 0, 43, 40, 90, 77, 68, 100, 8, 69, 8
80, 78, 32, 100, 16, 68, 81, 71, 100, 71, 100, 35, 68, 4, 0, 0, 9
32, 86, 0, 61, 10, 4, 57, 0, 100, 30, 97, 87, 50, 100, 4, 87, 0
36, 53, 100, 82, 55, 100, 2, 69, 36, 34, 74, 0, 0, 14, 62, 44, 8
36, 60, 40, 100, 57, 68, 36, 29, 0, 3, 15, 8, 59, 0, 100, 10, 2
35, 100, 0, 74, 1, 45, 68, 36, 100, 58, 88, 54, 79, 24, 72, 0, 4
40, 88, 78, 100, 71, 66, 68, 61, 100, 39, 70, 7, 19, 0, 0, 27, 3
44, 77, 19, 50, 39, 19, 0, 0, 8, 31, 19, 66, 57, 87, 100, 100, 5
76, 91, 85, 67, 100, 100, 32, 83, 94, 70, 94, 53, 73, 4, 0, 0, 9
77, 94, 35, 100, 53, 74, 74, 90, 99, 52, 100, 10, 51, 0, 0, 6, 9
20, 100, 17, 74, 0, 45, 25, 26, 81, 25, 95, 50, 95, 30, 100, 0, 4
59, 94, 20, 66, 58, 46, 50, 2, 0, 0, 21, 49, 49, 96, 100, 100, 5
88, 100, 82, 82, 45, 49, 0, 22, 38, 34, 94, 36, 100, 42, 98, 0, 4
34, 100, 5, 59, 0, 46, 100, 47, 94, 81, 64, 86, 62, 43, 50, 0, 4
81, 100, 33, 88, 0, 50, 11, 9, 77, 6, 100, 42, 37, 33, 10, 0, 6
95, 96, 56, 84, 0, 47, 57, 39, 100, 55, 93, 100, 86, 48, 81, 0, 4
100, 100, 58, 100, 21, 85, 21, 62, 58, 56, 64, 23, 36, 0, 0, 7, 5
25, 100, 8, 84, 0, 63, 0, 44, 33, 30, 83, 34, 87, 18, 100, 0, 4
32, 80, 71, 100, 100, 85, 62, 61, 78, 50, 83, 14, 40, 0, 0, 20, 3
41, 82, 64, 100, 83, 77, 46, 53, 93, 42, 100, 19, 52, 6, 0, 0, 3
0, 57, 33, 76, 58, 100, 78, 99, 78, 74, 78, 49, 83, 24, 100, 0, 1
100, 97, 49, 100, 11, 82, 10, 51, 54, 52, 76, 29, 47, 5, 0, 0, 5
0, 63, 55, 75, 84, 97, 100, 100, 91, 75, 81, 50, 77, 25, 81, 0, 1
73, 68, 100, 100, 48, 100, 20, 71, 79, 77, 84, 46, 48, 15, 0, 0, 9
35, 100, 0, 80, 45, 41, 96, 3, 44, 0, 34, 38, 100, 67, 78, 93, 8
0, 87, 35, 100, 71, 87, 61, 53, 33, 28, 21, 3, 60, 0, 100, 0, 2
0, 44, 36, 58, 70, 79, 100, 100, 82, 74, 69, 47, 59, 20, 54, 0, 1
18, 100, 8, 53, 24, 5, 69, 0, 100, 39, 91, 87, 45, 98, 0, 79, 0
11, 71, 16, 100, 53, 79, 44, 41, 9, 14, 0, 6, 50, 3, 100, 0, 2
100, 100, 53, 92, 20, 64, 11, 29, 38, 0, 85, 8, 55, 32, 0, 29, 6
25, 85, 48, 100, 100, 97, 92, 76, 65, 57, 70, 33, 44, 13, 0, 0, 3
93, 100, 59, 79, 95, 68, 100, 90, 100, 60, 88, 32, 52, 10, 0, 0, 9
0, 82, 30, 100, 75, 86, 50, 55, 58, 40, 100, 21, 62, 0, 8, 2, 3
10, 73, 33, 100, 60, 82, 59, 63, 100, 41, 92, 6, 43, 0, 0, 18, 3
63, 92, 100, 100, 99, 76, 67, 55, 91, 34, 96, 10, 48, 0, 0, 4, 3
48, 79, 73, 100, 100, 78, 69, 52, 98, 34, 94, 7, 48, 0, 0, 4, 3
50, 100, 4, 93, 22, 66, 42, 84, 66, 49, 100, 15, 56, 0, 0, 10, 9
0, 100, 12, 71, 94, 90, 31, 96, 11, 76, 100, 80, 58, 41, 37, 0, 9
10, 100, 1, 66, 0, 19, 40, 0, 84, 28, 100, 72, 59, 98, 7, 88, 0
72, 100, 32, 76, 5, 47, 0, 15, 47, 0, 100, 12, 59, 24, 3, 17, 6
28, 81, 59, 100, 100, 94, 78, 68, 51, 44, 83, 25, 44, 8, 0, 0, 3
11, 83, 41, 100, 47, 67, 25, 35, 8, 0, 0, 31, 49, 32, 100, 31, 7
92, 100, 46, 82, 8, 48, 0, 11, 70, 0, 100, 32, 26, 32, 14, 2, 6
16, 89, 43, 100, 86, 89, 56, 61, 79, 33, 100, 5, 49, 0, 0, 11, 3
100, 100, 96, 97, 93, 80, 82, 63, 71, 46, 46, 30, 25, 14, 0, 0, 1
22, 79, 30, 53, 54, 24, 32, 0, 13, 42, 0, 86, 49, 96, 100, 100, 5
44, 73, 81, 100, 65, 66, 54, 24, 28, 0, 0, 6, 50, 8, 100, 9, 1
0, 96, 58, 100, 76, 75, 51, 38, 34, 0, 0, 8, 34, 26, 100, 28, 7
12, 88, 53, 100, 100, 94, 68, 69, 80, 39, 95, 10, 51, 0, 0, 6, 3
62, 100, 0, 57, 94, 71, 34, 93, 26, 47, 13, 0, 100, 37, 8, 39, 8
18, 100, 16, 90, 0, 63, 28, 44, 88, 52, 100, 53, 89, 27, 88, 0, 4
72, 100, 51, 87, 0, 56, 66, 48, 100, 62, 75, 84, 47, 42, 19, 0, 4
31, 100, 0, 67, 2, 26, 42, 0, 86, 20, 100, 60, 73, 93, 25, 85, 0
0, 79, 23, 100, 66, 78, 66, 39, 56, 0, 30, 1, 41, 27, 100, 29, 7
36, 100, 84, 94, 51, 53, 28, 92, 81, 80, 100, 29, 51, 0, 0, 31, 9
58, 100, 0, 85, 51, 50, 79, 11, 14, 0, 44, 39, 100, 71, 51, 83, 8
0, 73, 26, 100, 56, 72, 40, 31, 3, 10, 19, 22, 63, 13, 100, 0, 2
69, 89, 6, 100, 10, 64, 35, 26, 10, 0, 0, 36, 47, 64, 100, 91, 8
0, 93, 41, 100, 61, 77, 34, 52, 0, 30, 4, 10, 51, 3, 100, 0, 2
19, 89, 60, 100, 54, 69, 47, 50, 100, 48, 99, 20, 54, 2, 0, 0, 3
0, 0, 34, 12, 67, 28, 89, 50, 100, 77, 84, 100, 58, 85, 85, 65, 9
40, 82, 10, 76, 59, 42, 66, 0, 0, 7, 0, 46, 32, 86, 100, 100, 5
56, 97, 16, 100, 0, 55, 18, 11, 67, 0, 100, 36, 91, 82, 44, 98, 0
0, 68, 47, 82, 89, 100, 100, 90, 81, 67, 58, 45, 34, 22, 13, 0, 1
64, 100, 36, 67, 0, 37, 30, 32, 91, 37, 100, 54, 80, 36, 70, 0, 4
100, 89, 80, 100, 41, 91, 47, 63, 70, 38, 77, 9, 40, 0, 0, 4, 5
72, 100, 32, 80, 9, 49, 13, 16, 59, 0, 100, 24, 59, 41, 0, 31, 6
18, 100, 23, 73, 0, 41, 17, 17, 83, 18, 100, 43, 84, 35, 76, 0, 4
54, 73, 92, 92, 100, 100, 65, 80, 42, 61, 19, 41, 8, 20, 0, 0, 1
13, 78, 44, 47, 36, 0, 0, 0, 48, 39, 100, 74, 85, 100, 20, 79, 8
19, 90, 57, 61, 96, 19, 17, 0, 2, 34, 81, 64, 100, 100, 0, 99, 8
100, 100, 29, 88, 45, 52, 79, 16, 16, 0, 0, 33, 42, 68, 44, 98, 8
44, 73, 77, 100, 100, 68, 78, 28, 68, 0, 100, 33, 56, 51, 0, 53, 8
11, 85, 44, 59, 47, 21, 7, 0, 0, 38, 5, 75, 50, 92, 100, 100, 5
23, 58, 66, 77, 100, 100, 95, 87, 81, 59, 71, 30, 52, 3, 0, 0, 1
20, 100, 17, 60, 51, 27, 17, 0, 6, 40, 0, 82, 42, 96, 100, 96, 5
13, 100, 10, 79, 0, 48, 4, 19, 75, 22, 87, 49, 89, 29, 100, 0, 4
0, 80, 7, 100, 93, 100, 98, 68, 64, 26, 41, 0, 15, 41, 100, 48, 7
5, 78, 30, 100, 50, 72, 30, 38, 0, 13, 25, 2, 62, 0, 100, 5, 2
4, 99, 50, 100, 100, 97, 65, 57, 37, 12, 16, 0, 0, 39, 55, 45, 7
0, 100, 48, 99, 59, 77, 61, 54, 91, 35, 100, 15, 59, 1, 11, 0, 3
73, 100, 48, 70, 23, 41, 21, 9, 69, 1, 100, 22, 46, 17, 0, 0, 6
23, 100, 46, 57, 100, 79, 49, 89, 0, 48, 20, 0, 79, 22, 24, 53, 8
57, 99, 1, 100, 39, 80, 64, 95, 78, 58, 100, 22, 59, 0, 0, 5, 9
0, 100, 64, 95, 100, 88, 72, 50, 47, 11, 19, 0, 18, 30, 84, 27, 7
0, 78, 29, 100, 69, 87, 62, 57, 34, 32, 2, 8, 48, 1, 100, 0, 2
74, 100, 46, 72, 8, 49, 0, 38, 52, 34, 100, 41, 96, 32, 96, 0, 4
0, 100, 53, 97, 100, 96, 71, 58, 57, 14, 44, 0, 33, 35, 90, 38, 7
27, 100, 15, 67, 0, 29, 40, 17, 100, 17, 97, 39, 67, 37, 62, 0, 4
21, 73, 84, 42, 90, 7, 0, 0, 19, 35, 81, 66, 100, 100, 9, 89, 8
64, 81, 59, 100, 100, 98, 78, 53, 42, 18, 0, 6, 47, 13, 95, 0, 2
100, 100, 74, 97, 50, 66, 34, 30, 49, 0, 75, 18, 37, 24, 0, 15, 6
0, 96, 41, 100, 100, 88, 59, 49, 34, 0, 53, 4, 64, 33, 8, 34, 7
38, 100, 4, 85, 0, 53, 58, 46, 100, 52, 88, 64, 78, 32, 73, 0, 4
77, 100, 25, 82, 3, 53, 0, 24, 43, 0, 100, 16, 46, 28, 6, 4, 6
16, 80, 9, 35, 40, 0, 86, 12, 100, 56, 80, 97, 32, 100, 0, 67, 0
43, 100, 86, 85, 72, 56, 51, 28, 40, 0, 0, 23, 28, 38, 100, 42, 7
17, 60, 36, 95, 44, 100, 42, 59, 37, 18, 0, 0, 51, 1, 100, 5, 1
32, 87, 26, 62, 65, 29, 45, 0, 19, 35, 0, 75, 30, 100, 100, 100, 5
43, 39, 100, 73, 69, 100, 7, 70, 60, 36, 57, 0, 0, 16, 67, 48, 8
54, 100, 29, 71, 0, 41, 46, 42, 100, 46, 71, 67, 55, 36, 48, 0, 4
0, 94, 34, 97, 100, 100, 59, 58, 34, 10, 18, 0, 21, 37, 91, 44, 7
63, 48, 100, 75, 75, 100, 20, 87, 0, 58, 57, 51, 82, 33, 62, 0, 9
0, 88, 43, 100, 78, 81, 78, 43, 79, 5, 60, 0, 50, 24, 100, 31, 7
76, 100, 37, 88, 0, 54, 44, 33, 96, 58, 100, 66, 60, 33, 23, 0, 4
63, 81, 95, 100, 95, 62, 66, 26, 21, 0, 0, 15, 48, 35, 100, 15, 2
69, 100, 31, 77, 8, 53, 0, 27, 27, 3, 92, 0, 100, 20, 39, 12, 6
21, 100, 14, 74, 0, 41, 35, 25, 100, 28, 98, 49, 61, 32, 48, 0, 4
62, 96, 24, 99, 0, 59, 19, 17, 61, 0, 97, 24, 100, 71, 65, 100, 0
100, 100, 52, 86, 74, 68, 96, 94, 100, 59, 95, 23, 54, 0, 0, 0, 9
7, 94, 54, 100, 76, 80, 30, 63, 73, 43, 100, 17, 60, 0, 0, 6, 3
20, 75, 0, 45, 29, 11, 69, 0, 100, 26, 90, 73, 56, 100, 17, 94, 0
74, 100, 37, 86, 6, 56, 0, 22, 45, 0, 100, 10, 55, 32, 0, 34, 6
0, 77, 52, 57, 100, 26, 54, 0, 23, 24, 56, 58, 75, 94, 21, 100, 8
48, 100, 70, 64, 94, 98, 42, 79, 96, 79, 100, 40, 68, 2, 0, 0, 9
19, 64, 30, 100, 36, 85, 41, 47, 42, 9, 0, 0, 50, 4, 100, 12, 1
85, 78, 60, 100, 28, 69, 85, 68, 97, 68, 100, 30, 66, 0, 0, 9, 9
20, 100, 21, 84, 0, 52, 37, 42, 100, 46, 97, 63, 81, 31, 71, 0, 4
100, 100, 54, 100, 17, 85, 15, 50, 55, 47, 85, 22, 50, 0, 0, 6, 5
0, 75, 61, 81, 100, 100, 96, 88, 87, 66, 85, 44, 85, 22, 87, 0, 1
11, 81, 60, 100, 100, 89, 69, 55, 31, 24, 0, 0, 7, 39, 64, 43, 7
28, 49, 35, 93, 100, 100, 81, 54, 41, 13, 52, 0, 66, 45, 0, 63, 8
52, 84, 79, 100, 100, 84, 77, 63, 72, 34, 67, 8, 33, 0, 0, 2, 3
28, 100, 21, 67, 63, 34, 39, 0, 7, 29, 0, 68, 25, 95, 100, 96, 5
70, 74, 6, 84, 57, 60, 100, 96, 62, 100, 100, 59, 79, 15, 0, 0, 9
61, 96, 46, 68, 71, 22, 11, 0, 0, 34, 67, 63, 100, 100, 25, 93, 8
82, 100, 30, 90, 0, 59, 0, 25, 45, 0, 100, 15, 71, 40, 10, 33, 6
66, 100, 37, 93, 9, 62, 0, 30, 29, 0, 100, 1, 91, 23, 22, 13, 6
36, 82, 45, 60, 81, 100, 0, 70, 19, 45, 25, 0, 100, 37, 4, 32, 8
0, 93, 63, 100, 100, 90, 89, 47, 77, 5, 51, 0, 27, 26, 94, 36, 7
100, 92, 20, 90, 7, 42, 65, 0, 0, 10, 18, 58, 78, 100, 45, 97, 8
78, 100, 43, 92, 0, 73, 14, 54, 83, 55, 100, 43, 63, 22, 29, 0, 4
15, 100, 99, 97, 100, 78, 68, 41, 40, 2, 29, 0, 0, 36, 81, 45, 7
94, 83, 29, 77, 100, 41, 78, 0, 0, 11, 45, 56, 92, 100, 10, 79, 8
66, 89, 100, 100, 99, 81, 77, 61, 64, 38, 67, 15, 38, 1, 0, 0, 3
26, 93, 70, 100, 75, 55, 44, 17, 0, 0, 6, 24, 54, 24, 100, 12, 2
9, 85, 0, 45, 16, 5, 63, 0, 95, 31, 100, 72, 65, 100, 19, 89, 0
100, 100, 47, 82, 13, 57, 0, 31, 8, 6, 92, 0, 97, 20, 5, 27, 6
0, 21, 49, 57, 79, 100, 15, 81, 45, 44, 100, 15, 29, 0, 5, 25, 8
100, 100, 62, 86, 43, 56, 42, 25, 71, 0, 91, 23, 51, 40, 0, 34, 6
41, 82, 66, 100, 100, 78, 62, 51, 77, 43, 95, 13, 49, 0, 0, 8, 3
0, 100, 58, 94, 73, 68, 54, 34, 34, 0, 19, 1, 40, 21, 100, 19, 7
34, 100, 0, 51, 18, 87, 12, 97, 36, 44, 16, 0, 34, 8, 100, 14, 1
80, 70, 95, 100, 7, 89, 0, 57, 82, 76, 100, 56, 82, 20, 11, 0, 9
13, 78, 38, 100, 41, 68, 24, 36, 0, 10, 33, 3, 68, 0, 100, 3, 2
62, 73, 23, 69, 0, 90, 68, 100, 100, 78, 77, 50, 43, 24, 2, 0, 9
16, 95, 46, 100, 100, 95, 72, 63, 39, 32, 6, 0, 0, 32, 56, 35, 7
85, 92, 52, 100, 56, 76, 83, 85, 100, 44, 88, 6, 42, 0, 0, 10, 9
0, 66, 46, 79, 100, 100, 97, 91, 71, 68, 46, 46, 26, 23, 23, 0, 1
33, 57, 50, 75, 97, 98, 100, 100, 70, 75, 40, 50, 13, 25, 0, 0, 1
61, 100, 22, 71, 9, 34, 33, 0, 88, 4, 100, 37, 50, 50, 0, 30, 6
13, 100, 0, 82, 0, 60, 27, 42, 82, 42, 80, 41, 80, 19, 100, 0, 4
4, 83, 0, 52, 21, 100, 27, 67, 54, 20, 2, 0, 35, 4, 100, 7, 1
90, 71, 87, 100, 5, 86, 0, 54, 85, 65, 100, 72, 96, 34, 96, 0, 9
0, 88, 36, 100, 70, 87, 68, 61, 70, 34, 100, 15, 64, 1, 17, 0, 3
4, 93, 50, 100, 82, 79, 49, 50, 70, 45, 100, 19, 56, 0, 0, 10, 3
100, 87, 9, 100, 0, 67, 74, 37, 94, 0, 21, 15, 60, 56, 93, 94, 8
87, 96, 62, 81, 99, 100, 66, 92, 99, 61, 100, 26, 55, 2, 0, 0, 9
100, 92, 46, 100, 11, 78, 37, 56, 86, 43, 81, 0, 28, 5, 0, 41, 5
17, 97, 67, 100, 100, 76, 73, 40, 33, 6, 0, 0, 15, 30, 94, 29, 7
76, 100, 28, 96, 0, 66, 2, 32, 45, 9, 100, 17, 53, 26, 19, 0, 6
0, 79, 25, 100, 51, 80, 53, 46, 37, 15, 30, 0, 65, 3, 100, 1, 2
34, 86, 6, 50, 0, 9, 49, 0, 89, 29, 100, 70, 66, 100, 21, 76, 0
34, 100, 18, 63, 63, 34, 34, 0, 0, 15, 14, 58, 40, 93, 100, 89, 5
37, 94, 44, 57, 94, 99, 28, 100, 53, 73, 100, 64, 75, 7, 0, 0, 9
62, 91, 17, 92, 0, 42, 30, 0, 82, 6, 100, 56, 70, 100, 22, 95, 0
100, 83, 47, 100, 0, 79, 25, 51, 78, 68, 82, 71, 77, 34, 64, 0, 9
9, 45, 0, 65, 45, 89, 100, 100, 88, 75, 79, 50, 61, 25, 52, 0, 1
100, 100, 56, 78, 22, 52, 0, 24, 23, 0, 79, 11, 69, 29, 18, 13, 6
0, 98, 67, 93, 47, 100, 19, 68, 45, 55, 100, 33, 73, 0, 17, 7, 5
0, 75, 28, 92, 64, 100, 93, 91, 93, 62, 100, 35, 78, 13, 46, 0, 3
32, 87, 76, 51, 98, 14, 16, 0, 46, 32, 100, 66, 76, 100, 0, 82, 8
0, 83, 32, 100, 84, 74, 68, 36, 37, 0, 7, 23, 18, 45, 100, 52, 7
7, 83, 46, 100, 59, 70, 39, 39, 5, 13, 0, 16, 53, 15, 100, 0, 2
25, 100, 0, 84, 16, 63, 77, 67, 100, 66, 76, 45, 53, 22, 34, 0, 4
25, 67, 79, 49, 100, 13, 51, 0, 54, 37, 78, 73, 61, 100, 0, 79, 8
0, 87, 39, 100, 61, 70, 47, 27, 36, 0, 11, 33, 55, 35, 100, 39, 7
57, 100, 34, 71, 0, 45, 7, 41, 61, 41, 100, 56, 80, 32, 70, 0, 4
16, 87, 66, 100, 86, 81, 48, 57, 77, 46, 100, 21, 60, 0, 0, 2, 3
100, 100, 48, 100, 9, 68, 0, 31, 35, 0, 100, 1, 76, 29, 19, 15, 6
50, 96, 89, 100, 92, 71, 66, 48, 100, 29, 80, 4, 36, 0, 0, 10, 3
15, 95, 7, 70, 14, 20, 64, 0, 100, 36, 83, 85, 30, 100, 0, 59, 0
23, 79, 37, 100, 56, 68, 42, 32, 0, 14, 36, 12, 83, 0, 100, 33, 2
100, 100, 85, 86, 60, 62, 41, 36, 29, 9, 58, 0, 46, 21, 0, 21, 6
62, 100, 22, 78, 0, 44, 2, 6, 48, 0, 88, 24, 100, 60, 63, 80, 0
26, 84, 63, 100, 73, 80, 71, 60, 100, 37, 84, 9, 41, 0, 0, 10, 3
34, 82, 0, 40, 30, 0, 83, 10, 100, 60, 65, 100, 15, 80, 7, 28, 0
100, 100, 72, 79, 38, 51, 0, 26, 44, 32, 90, 39, 88, 37, 82, 0, 4
8, 96, 0, 50, 12, 6, 58, 0, 96, 28, 100, 71, 59, 95, 11, 100, 0
66, 88, 100, 70, 83, 100, 42, 70, 96, 71, 95, 38, 64, 0, 0, 1, 9
69, 100, 27, 87, 1, 57, 0, 25, 35, 1, 91, 0, 100, 21, 45, 27, 6
36, 100, 0, 55, 7, 0, 61, 25, 100, 76, 61, 100, 37, 69, 24, 44, 0
67, 78, 54, 100, 0, 83, 36, 43, 61, 0, 15, 14, 51, 54, 100, 80, 8
62, 83, 21, 69, 0, 33, 25, 1, 68, 0, 100, 29, 97, 70, 67, 100, 0
17, 97, 25, 59, 85, 100, 0, 82, 27, 51, 23, 0, 100, 36, 19, 33, 8
1, 87, 38, 100, 49, 63, 34, 22, 16, 0, 0, 29, 49, 24, 100, 22, 7
96, 100, 55, 66, 0, 37, 18, 37, 100, 42, 95, 72, 64, 36, 39, 0, 4
0, 59, 41, 80, 94, 100, 100, 91, 68, 68, 35, 45, 6, 22, 0, 0, 1
0, 91, 45, 100, 87, 92, 61, 45, 30, 0, 22, 4, 40, 39, 100, 38, 7
63, 91, 66, 100, 100, 87, 65, 60, 28, 35, 0, 7, 47, 0, 88, 0, 2
100, 76, 73, 100, 18, 95, 11, 66, 66, 65, 74, 48, 49, 16, 0, 0, 9
1, 100, 47, 96, 52, 60, 46, 24, 40, 0, 0, 26, 41, 37, 100, 41, 7
18, 100, 16, 91, 0, 64, 22, 39, 100, 41, 86, 55, 61, 28, 61, 0, 4
0, 86, 26, 100, 68, 97, 84, 62, 75, 19, 55, 0, 57, 23, 100, 23, 7
44, 86, 71, 100, 100, 88, 73, 69, 61, 51, 68, 26, 36, 10, 0, 0, 3
0, 71, 24, 100, 60, 100, 61, 63, 41, 29, 16, 0, 58, 3, 100, 2, 2
96, 100, 14, 91, 42, 75, 45, 96, 0, 67, 100, 82, 54, 43, 18, 0, 9
100, 96, 54, 84, 0, 74, 33, 100, 85, 98, 67, 62, 36, 29, 37, 0, 9
43, 87, 100, 100, 96, 93, 47, 72, 53, 48, 91, 34, 58, 2, 0, 0, 5
52, 100, 18, 76, 0, 46, 9, 17, 61, 19, 100, 38, 54, 22, 18, 0, 6
0, 88, 48, 100, 100, 91, 73, 51, 51, 9, 41, 0, 21, 27, 78, 33, 7
0, 78, 16, 100, 51, 74, 42, 37, 10, 8, 21, 18, 65, 0, 100, 19, 2
0, 100, 52, 100, 88, 81, 73, 45, 58, 8, 36, 0, 39, 21, 100, 19, 7
45, 93, 9, 78, 72, 76, 47, 100, 55, 79, 100, 46, 67, 8, 0, 0, 9
39, 100, 12, 74, 0, 44, 38, 30, 85, 32, 100, 51, 95, 30, 86, 0, 4
33, 89, 74, 100, 93, 81, 54, 60, 74, 38, 100, 16, 56, 0, 0, 0, 3
0, 37, 35, 57, 67, 80, 100, 100, 87, 76, 69, 50, 56, 25, 46, 0, 1
65, 86, 79, 100, 35, 69, 0, 39, 72, 34, 100, 66, 61, 35, 32, 0, 4
0, 99, 37, 100, 72, 81, 73, 37, 49, 0, 33, 24, 62, 40, 100, 44, 7
16, 71, 29, 100, 61, 81, 52, 44, 24, 12, 0, 2, 50, 5, 100, 0, 2
91, 92, 27, 100, 0, 71, 67, 63, 100, 90, 85, 66, 81, 33, 88, 0, 9
40, 81, 5, 60, 8, 2, 62, 0, 100, 44, 92, 99, 38, 100, 0, 55, 0
100, 95, 52, 99, 0, 100, 18, 68, 70, 65, 82, 28, 42, 0, 1, 7, 5
12, 57, 50, 84, 83, 100, 66, 58, 49, 16, 0, 5, 39, 5, 100, 0, 1
20, 97, 9, 89, 0, 49, 66, 47, 100, 70, 75, 100, 71, 50, 73, 0, 4
100, 100, 56, 92, 38, 78, 25, 62, 16, 47, 9, 31, 3, 16, 0, 0, 1
73, 98, 14, 78, 19, 0, 100, 41, 56, 100, 0, 58, 76, 85, 14, 13, 0
0, 93, 8, 100, 64, 98, 100, 83, 88, 62, 64, 42, 42, 21, 35, 0, 7
30, 90, 100, 100, 65, 93, 0, 76, 37, 61, 100, 42, 78, 12, 8, 0, 5
37, 78, 60, 100, 81, 75, 63, 46, 29, 24, 0, 1, 50, 0, 100, 4, 2
77, 97, 63, 73, 91, 32, 54, 0, 0, 24, 49, 54, 100, 86, 46, 100, 8
33, 70, 68, 100, 68, 78, 61, 36, 42, 5, 0, 2, 50, 2, 100, 0, 1
16, 77, 39, 100, 49, 64, 28, 27, 0, 0, 32, 3, 68, 6, 100, 3, 2
0, 40, 37, 61, 68, 85, 98, 100, 100, 75, 95, 50, 85, 24, 80, 0, 1
2, 79, 48, 100, 77, 83, 60, 53, 100, 28, 83, 0, 23, 1, 0, 30, 3
24, 78, 37, 100, 54, 62, 31, 27, 0, 18, 45, 10, 88, 0, 100, 31, 2
15, 73, 48, 100, 64, 77, 38, 43, 8, 11, 0, 21, 48, 15, 100, 0, 2
0, 97, 49, 100, 100, 95, 89, 60, 60, 28, 30, 0, 24, 36, 77, 39, 7
0, 67, 48, 99, 71, 100, 74, 56, 75, 10, 9, 0, 19, 0, 100, 3, 1
30, 86, 46, 59, 52, 18, 9, 0, 0, 30, 11, 74, 52, 94, 100, 100, 5
68, 82, 100, 100, 99, 91, 68, 75, 95, 48, 80, 21, 41, 7, 0, 0, 5
100, 99, 43, 100, 8, 68, 38, 32, 25, 0, 0, 30, 41, 63, 95, 86, 8
0, 93, 57, 100, 97, 75, 91, 37, 82, 0, 53, 16, 32, 41, 100, 45, 7
86, 88, 51, 100, 44, 74, 87, 95, 100, 89, 70, 51, 38, 14, 0, 0, 9
34, 89, 64, 100, 63, 56, 37, 20, 0, 1, 18, 23, 58, 8, 100, 0, 2
46, 96, 60, 100, 100, 90, 70, 63, 64, 42, 86, 16, 46, 0, 0, 2, 3
24, 96, 84, 99, 100, 100, 25, 93, 28, 57, 93, 36, 73, 0, 0, 1, 5
67, 96, 20, 100, 21, 59, 41, 20, 11, 0, 0, 35, 48, 65, 100, 93, 8
58, 100, 12, 77, 0, 59, 62, 60, 100, 77, 85, 59, 61, 30, 36, 0, 4
0, 90, 15, 100, 24, 67, 11, 34, 2, 11, 35, 5, 67, 2, 100, 0, 2
50, 89, 66, 100, 82, 73, 50, 54, 100, 48, 93, 17, 47, 0, 0, 3, 3
72, 96, 100, 100, 57, 95, 31, 65, 49, 51, 67, 29, 39, 0, 0, 3, 5
0, 52, 39, 67, 80, 88, 100, 100, 82, 76, 69, 51, 59, 25, 51, 0, 1
0, 69, 60, 82, 100, 100, 90, 79, 81, 58, 69, 37, 67, 16, 69, 0, 1
18, 100, 8, 81, 0, 51, 56, 40, 100, 60, 87, 61, 85, 30, 88, 0, 4
8, 70, 25, 100, 50, 72, 42, 34, 10, 5, 0, 9, 50, 5, 100, 0, 2
86, 89, 48, 100, 27, 61, 77, 63, 100, 85, 87, 43, 61, 5, 0, 0, 9
23, 59, 26, 100, 64, 98, 58, 57, 33, 20, 0, 0, 50, 10, 100, 5, 2
18, 93, 94, 100, 100, 100, 20, 94, 3, 64, 77, 50, 77, 11, 0, 0, 5
0, 92, 38, 100, 87, 93, 70, 71, 72, 47, 100, 22, 64, 3, 15, 0, 3
29, 88, 67, 100, 81, 73, 40, 51, 98, 47, 100, 14, 46, 0, 0, 11, 3
0, 92, 40, 100, 100, 99, 84, 65, 48, 33, 13, 0, 12, 26, 74, 28, 7
29, 83, 45, 100, 88, 78, 41, 53, 86, 44, 100, 12, 36, 0, 0, 24, 3
0, 82, 38, 100, 79, 84, 46, 56, 60, 38, 100, 18, 56, 0, 12, 6, 3
0, 57, 33, 74, 79, 94, 100, 100, 81, 75, 65, 50, 53, 25, 51, 0, 1
0, 82, 42, 100, 100, 90, 86, 62, 46, 39, 1, 17, 26, 1, 93, 0, 2
80, 71, 59, 100, 18, 73, 44, 34, 50, 0, 0, 20, 46, 50, 100, 74, 8
100, 100, 49, 88, 41, 60, 83, 77, 81, 67, 82, 33, 55, 4, 0, 0, 9
74, 47, 100, 72, 82, 100, 30, 94, 0, 69, 41, 51, 83, 32, 83, 0, 9
0, 65, 16, 93, 49, 100, 65, 77, 48, 45, 36, 11, 66, 0, 100, 1, 2
56, 89, 55, 63, 100, 29, 53, 0, 52, 33, 93, 68, 82, 100, 0, 84, 8
0, 100, 93, 100, 100, 78, 62, 40, 33, 0, 13, 5, 1, 39, 94, 43, 7
58, 86, 82, 100, 100, 80, 73, 60, 84, 36, 75, 16, 37, 9, 0, 0, 3
8, 72, 0, 36, 26, 0, 74, 3, 100, 40, 85, 83, 43, 100, 14, 66, 0
7, 64, 57, 80, 100, 100, 87, 85, 74, 59, 67, 34, 52, 9, 0, 0, 1
44, 100, 15, 65, 0, 20, 35, 0, 78, 25, 100, 65, 65, 95, 21, 75, 0
32, 100, 12, 93, 0, 46, 22, 4, 72, 0, 100, 38, 85, 82, 34, 92, 0
59, 77, 15, 63, 88, 31, 47, 0, 14, 26, 66, 62, 100, 100, 0, 99, 8
20, 100, 4, 86, 0, 66, 2, 46, 37, 29, 100, 38, 72, 20, 70, 0, 4
16, 67, 35, 100, 50, 70, 36, 34, 15, 0, 0, 21, 48, 20, 100, 9, 2
27, 95, 39, 62, 75, 32, 39, 0, 0, 19, 12, 65, 45, 97, 100, 100, 5
0, 92, 50, 100, 78, 74, 61, 37, 43, 0, 24, 26, 44, 37, 100, 37, 7
56, 91, 35, 57, 100, 97, 23, 100, 50, 58, 99, 88, 75, 32, 0, 0, 9
43, 84, 36, 63, 100, 38, 75, 0, 33, 24, 61, 66, 61, 100, 0, 73, 8
33, 63, 69, 82, 100, 100, 78, 78, 71, 54, 69, 29, 57, 6, 0, 0, 1
15, 55, 0, 35, 15, 1, 54, 0, 88, 19, 100, 53, 80, 85, 45, 100, 0
10, 86, 0, 97, 50, 99, 100, 100, 79, 78, 63, 53, 50, 26, 47, 0, 7
39, 96, 63, 100, 52, 43, 28, 0, 0, 4, 33, 15, 66, 0, 100, 0, 2
54, 82, 26, 63, 100, 76, 28, 100, 61, 50, 0, 36, 49, 0, 55, 54, 8
0, 50, 45, 70, 80, 92, 100, 100, 80, 75, 59, 50, 52, 25, 52, 0, 1
0, 62, 38, 79, 77, 97, 100, 100, 84, 75, 64, 51, 52, 26, 56, 0, 1
33, 100, 15, 85, 0, 40, 13, 0, 46, 3, 76, 25, 100, 61, 84, 95, 0
44, 100, 24, 68, 0, 34, 37, 33, 84, 38, 100, 57, 86, 39, 80, 0, 4
85, 100, 43, 76, 11, 48, 0, 17, 44, 0, 100, 10, 59, 20, 1, 10, 6
40, 100, 3, 69, 0, 25, 44, 0, 91, 26, 100, 69, 60, 100, 8, 84, 0
98, 76, 59, 100, 16, 76, 74, 42, 77, 0, 0, 9, 31, 48, 100, 76, 8
47, 100, 21, 78, 0, 42, 26, 8, 94, 4, 100, 32, 34, 28, 28, 0, 6
0, 92, 45, 100, 53, 68, 40, 33, 31, 0, 5, 32, 47, 43, 100, 45, 7
41, 69, 78, 60, 100, 100, 37, 97, 57, 69, 89, 54, 66, 7, 0, 0, 9
82, 62, 85, 100, 28, 91, 48, 54, 99, 74, 100, 35, 66, 0, 0, 2, 9
55, 100, 16, 79, 0, 39, 5, 0, 61, 1, 100, 31, 67, 61, 5, 67, 0
40, 98, 17, 76, 0, 28, 35, 0, 84, 25, 100, 70, 55, 100, 4, 95, 0
0, 83, 30, 100, 61, 78, 64, 39, 52, 0, 31, 24, 61, 48, 100, 57, 7
0, 63, 63, 33, 72, 0, 20, 9, 58, 42, 100, 74, 56, 100, 7, 71, 8
48, 86, 16, 51, 0, 11, 37, 0, 77, 29, 100, 66, 81, 100, 31, 92, 0
77, 100, 28, 80, 4, 52, 2, 23, 44, 0, 100, 11, 51, 28, 0, 14, 6
100, 100, 64, 81, 39, 55, 24, 26, 37, 0, 76, 11, 41, 24, 0, 10, 6
0, 99, 27, 100, 49, 83, 51, 55, 43, 29, 44, 3, 72, 0, 100, 2, 2
0, 86, 34, 100, 60, 86, 42, 60, 70, 43, 100, 26, 70, 8, 29, 0, 3
21, 100, 4, 74, 0, 30, 32, 0, 81, 20, 100, 59, 76, 96, 25, 90, 0
20, 98, 49, 100, 51, 65, 31, 36, 0, 16, 28, 10, 64, 5, 100, 0, 2
53, 100, 33, 71, 0, 44, 14, 43, 68, 37, 100, 58, 85, 33, 83, 0, 4
39, 100, 0, 61, 20, 14, 71, 0, 100, 37, 78, 88, 29, 100, 16, 49, 0
44, 81, 68, 100, 85, 74, 69, 46, 40, 21, 0, 0, 41, 5, 100, 8, 2
59, 55, 100, 80, 66, 100, 9, 89, 0, 63, 58, 55, 82, 33, 62, 0, 9
56, 100, 11, 85, 0, 39, 28, 0, 80, 4, 100, 47, 83, 90, 32, 92, 0
28, 68, 37, 100, 96, 94, 82, 47, 66, 0, 100, 6, 46, 36, 0, 70, 8
100, 100, 71, 87, 45, 65, 21, 41, 4, 16, 34, 0, 53, 16, 0, 22, 6
50, 100, 18, 76, 2, 48, 0, 20, 40, 0, 100, 7, 68, 28, 0, 27, 6
0, 83, 26, 100, 58, 92, 47, 58, 22, 31, 34, 4, 67, 0, 100, 0, 2
16, 65, 27, 100, 50, 70, 33, 33, 0, 3, 1, 0, 50, 5, 100, 4, 2
60, 86, 55, 71, 0, 71, 42, 97, 100, 100, 96, 64, 62, 31, 38, 0, 9
30, 100, 0, 60, 1, 16, 49, 0, 93, 28, 100, 72, 56, 99, 1, 90, 0
55, 100, 16, 89, 0, 59, 4, 28, 34, 0, 100, 1, 90, 25, 32, 10, 6
100, 84, 92, 100, 40, 74, 1, 40, 6, 0, 67, 3, 58, 39, 0, 43, 6
100, 100, 63, 93, 24, 64, 0, 30, 21, 0, 70, 18, 47, 46, 3, 33, 6
73, 100, 22, 62, 0, 0, 65, 14, 100, 73, 42, 82, 51, 65, 41, 37, 0
81, 100, 46, 75, 19, 49, 0, 22, 29, 0, 100, 10, 97, 33, 20, 32, 6
26, 64, 0, 28, 26, 0, 72, 24, 100, 60, 97, 99, 45, 100, 7, 71, 0
0, 57, 14, 91, 50, 100, 55, 66, 37, 32, 24, 0, 62, 6, 100, 15, 2
0, 91, 40, 100, 94, 94, 60, 75, 84, 52, 100, 27, 53, 12, 1, 0, 3
0, 100, 21, 73, 50, 52, 84, 67, 100, 100, 89, 69, 88, 35, 86, 0, 4
87, 75, 29, 75, 0, 89, 55, 100, 100, 84, 90, 54, 63, 26, 31, 0, 9
53, 73, 69, 100, 100, 84, 78, 53, 73, 44, 90, 16, 46, 0, 0, 12, 3
26, 87, 67, 52, 100, 18, 34, 0, 24, 33, 70, 67, 80, 100, 0, 82, 8
5, 70, 34, 100, 85, 83, 56, 52, 75, 43, 100, 12, 41, 0, 0, 20, 3
3, 100, 0, 58, 40, 98, 20, 85, 28, 35, 2, 3, 2, 0, 100, 4, 1
11, 70, 0, 31, 32, 0, 89, 9, 100, 47, 78, 84, 27, 100, 2, 66, 0
55, 100, 33, 62, 0, 26, 33, 27, 92, 39, 100, 77, 95, 39, 86, 0, 4
17, 100, 12, 65, 55, 42, 29, 0, 0, 20, 8, 74, 43, 98, 100, 100, 5
17, 81, 46, 90, 100, 100, 83, 80, 59, 60, 37, 40, 13, 20, 0, 0, 1
0, 78, 36, 100, 81, 87, 62, 57, 84, 51, 100, 18, 57, 0, 12, 13, 3
28, 75, 42, 100, 87, 95, 68, 61, 87, 42, 100, 10, 51, 0, 0, 12, 3
91, 79, 44, 68, 0, 74, 24, 100, 69, 91, 83, 61, 89, 30, 100, 0, 9
78, 97, 44, 68, 100, 30, 65, 0, 38, 35, 84, 77, 76, 100, 0, 72, 8
68, 90, 62, 80, 100, 34, 54, 0, 0, 21, 55, 58, 97, 100, 29, 96, 8
54, 88, 100, 100, 85, 94, 38, 80, 59, 59, 83, 29, 47, 1, 0, 0, 5
100, 92, 79, 100, 47, 89, 46, 61, 68, 37, 66, 9, 34, 0, 0, 1, 5
49, 90, 33, 88, 74, 100, 69, 55, 39, 18, 0, 3, 49, 3, 100, 0, 2
50, 100, 20, 60, 32, 13, 84, 0, 100, 45, 79, 90, 25, 98, 0, 56, 0
35, 100, 25, 77, 0, 49, 35, 34, 98, 31, 100, 56, 82, 27, 66, 0, 4
2, 100, 11, 94, 0, 57, 51, 41, 94, 64, 100, 72, 77, 36, 60, 0, 4
35, 80, 69, 100, 66, 58, 39, 24, 0, 0, 9, 13, 54, 13, 100, 7, 2
73, 86, 12, 100, 0, 66, 77, 35, 100, 0, 6, 8, 34, 48, 75, 85, 8
6, 100, 61, 91, 38, 95, 6, 67, 54, 49, 100, 23, 52, 0, 0, 18, 5
58, 58, 100, 94, 45, 100, 41, 59, 72, 20, 10, 0, 0, 31, 67, 57, 8
60, 100, 25, 76, 1, 49, 0, 21, 42, 0, 100, 7, 62, 18, 5, 6, 6
63, 100, 0, 72, 5, 52, 93, 55, 100, 73, 60, 77, 34, 38, 9, 0, 4
18, 84, 15, 44, 39, 4, 83, 0, 100, 43, 83, 84, 37, 100, 0, 71, 0
100, 93, 47, 100, 7, 70, 43, 32, 27, 0, 0, 32, 36, 70, 83, 100, 8
32, 91, 11, 68, 0, 23, 42, 0, 85, 27, 100, 71, 66, 100, 20, 75, 0
12, 100, 6, 77, 0, 50, 37, 37, 94, 44, 87, 53, 92, 26, 100, 0, 4
51, 86, 77, 100, 64, 70, 89, 58, 100, 27, 75, 0, 35, 0, 0, 18, 3
36, 82, 32, 63, 67, 33, 37, 0, 0, 12, 26, 54, 50, 94, 100, 100, 5
35, 78, 50, 100, 100, 91, 78, 61, 88, 47, 95, 16, 47, 0, 0, 7, 3
0, 55, 30, 67, 66, 82, 100, 100, 81, 82, 61, 56, 46, 28, 39, 0, 1
22, 100, 12, 71, 0, 41, 30, 26, 100, 27, 99, 42, 74, 30, 73, 0, 4
0, 72, 29, 100, 61, 82, 59, 34, 47, 0, 24, 40, 62, 49, 100, 64, 7
16, 96, 0, 59, 34, 22, 100, 30, 74, 77, 49, 100, 46, 50, 40, 0, 4
48, 89, 100, 100, 62, 92, 23, 66, 58, 55, 92, 36, 51, 13, 0, 0, 5
0, 100, 39, 100, 52, 67, 50, 32, 41, 0, 21, 32, 55, 43, 100, 45, 7
88, 100, 37, 88, 45, 60, 97, 79, 100, 78, 89, 40, 56, 8, 0, 0, 9
64, 93, 25, 56, 0, 9, 37, 0, 78, 35, 100, 81, 61, 100, 18, 70, 0
0, 94, 62, 100, 83, 71, 66, 35, 47, 0, 10, 20, 25, 38, 100, 39, 7
34, 82, 69, 100, 94, 77, 65, 50, 100, 42, 88, 12, 44, 0, 0, 9, 3
30, 74, 70, 100, 71, 83, 59, 42, 40, 4, 0, 0, 54, 0, 100, 5, 1
55, 100, 26, 83, 0, 59, 37, 39, 96, 44, 100, 53, 87, 26, 71, 0, 4
51, 83, 20, 78, 51, 49, 50, 4, 0, 0, 21, 46, 47, 93, 100, 100, 5
55, 65, 100, 86, 57, 100, 0, 83, 40, 68, 91, 54, 62, 26, 29, 0, 9
64, 100, 57, 70, 0, 52, 55, 48, 95, 53, 100, 68, 85, 32, 71, 0, 4
86, 98, 19, 85, 47, 41, 74, 0, 0, 10, 42, 49, 100, 84, 51, 100, 8
100, 96, 47, 92, 36, 58, 58, 20, 17, 0, 0, 33, 27, 69, 65, 100, 8
52, 77, 22, 60, 62, 30, 38, 0, 0, 16, 8, 70, 52, 86, 100, 100, 5
0, 31, 35, 50, 69, 75, 100, 100, 91, 79, 69, 52, 49, 26, 34, 0, 1
6, 48, 32, 77, 75, 100, 100, 79, 73, 51, 33, 26, 0, 1, 62, 0, 2
65, 100, 36, 87, 0, 59, 87, 63, 100, 82, 75, 83, 51, 41, 29, 0, 4
58, 100, 28, 75, 4, 43, 0, 9, 59, 0, 100, 24, 41, 34, 1, 9, 6
46, 100, 31, 86, 5, 56, 0, 24, 35, 0, 91, 1, 100, 28, 47, 32, 6
0, 78, 51, 100, 100, 79, 86, 44, 62, 11, 44, 0, 1, 28, 73, 34, 7
0, 75, 24, 100, 64, 95, 57, 66, 96, 50, 100, 19, 64, 0, 22, 3, 3
7, 72, 1, 38, 31, 0, 82, 11, 100, 56, 76, 99, 26, 100, 0, 58, 0
70, 96, 20, 74, 0, 34, 28, 0, 80, 23, 100, 63, 82, 100, 26, 80, 0
37, 100, 0, 84, 6, 56, 100, 58, 94, 82, 58, 97, 41, 48, 47, 0, 4
69, 100, 21, 76, 0, 36, 25, 0, 76, 21, 100, 60, 78, 97, 26, 80, 0
36, 87, 81, 100, 80, 74, 61, 31, 44, 0, 0, 10, 50, 11, 100, 15, 1
52, 85, 10, 62, 0, 20, 41, 0, 87, 22, 100, 62, 70, 96, 20, 100, 0
33, 74, 71, 100, 60, 71, 47, 30, 26, 0, 0, 3, 50, 2, 100, 4, 1
5, 89, 0, 54, 40, 35, 45, 0, 11, 22, 9, 70, 44, 96, 100, 100, 5
100, 100, 52, 80, 16, 50, 0, 17, 48, 0, 97, 18, 69, 45, 16, 37, 6
41, 89, 75, 99, 100, 100, 83, 79, 59, 59, 35, 39, 10, 19, 0, 0, 1
8, 73, 25, 100, 53, 71, 40, 35, 2, 11, 0, 1, 50, 1, 100, 0, 2
0, 61, 14, 18, 63, 0, 100, 33, 89, 80, 45, 100, 14, 62, 18, 16, 0
0, 12, 24, 39, 52, 65, 81, 90, 100, 100, 78, 68, 56, 36, 45, 0, 1
55, 100, 35, 84, 9, 58, 0, 30, 25, 4, 92, 0, 100, 25, 31, 16, 6
43, 95, 12, 85, 0, 40, 29, 4, 75, 0, 100, 37, 79, 78, 38, 100, 0
0, 63, 43, 77, 70, 100, 62, 63, 54, 25, 27, 1, 49, 2, 100, 0, 1
0, 79, 25, 50, 98, 25, 71, 0, 10, 16, 50, 47, 100, 76, 83, 100, 8
0, 47, 21, 68, 59, 90, 100, 100, 87, 75, 70, 50, 52, 25, 43, 0, 1
99, 100, 41, 89, 4, 61, 0, 26, 42, 0, 100, 4, 75, 33, 16, 38, 6
38, 86, 70, 69, 94, 100, 36, 84, 90, 79, 100, 43, 68, 6, 0, 0, 9
0, 78, 34, 96, 87, 100, 100, 82, 59, 63, 67, 39, 55, 15, 11, 0, 3
49, 72, 46, 100, 0, 71, 48, 35, 79, 0, 11, 21, 40, 58, 100, 86, 8
15, 100, 0, 79, 1, 44, 55, 25, 93, 54, 100, 68, 75, 35, 66, 0, 4
26, 100, 11, 80, 0, 46, 69, 33, 100, 52, 88, 66, 55, 33, 20, 0, 4
15, 100, 4, 72, 0, 38, 48, 31, 100, 38, 96, 64, 81, 32, 63, 0, 4
54, 81, 46, 98, 86, 100, 75, 58, 43, 24, 0, 0, 48, 2, 100, 8, 2
58, 91, 93, 100, 77, 73, 97, 49, 100, 20, 70, 0, 26, 7, 0, 28, 3
21, 71, 65, 100, 95, 77, 65, 34, 24, 0, 0, 10, 51, 23, 100, 1, 2
53, 100, 30, 82, 0, 61, 2, 39, 79, 40, 100, 44, 84, 21, 100, 0, 4
61, 83, 4, 66, 29, 100, 80, 85, 100, 46, 100, 6, 43, 0, 0, 29, 9
0, 44, 41, 62, 78, 85, 100, 100, 87, 75, 70, 50, 55, 25, 41, 0, 1
62, 100, 15, 83, 3, 62, 0, 40, 79, 34, 100, 43, 79, 22, 88, 0, 4
74, 100, 25, 92, 0, 63, 3, 32, 39, 6, 100, 9, 74, 25, 38, 0, 6
0, 40, 30, 55, 56, 77, 82, 100, 100, 91, 89, 60, 76, 30, 74, 0, 1
100, 100, 66, 92, 26, 63, 0, 27, 27, 0, 76, 16, 56, 50, 5, 46, 6
100, 100, 55, 87, 23, 65, 0, 39, 0, 10, 44, 0, 85, 14, 59, 28, 6
34, 100, 18, 68, 0, 35, 35, 29, 100, 29, 81, 60, 65, 32, 75, 0, 4
100, 97, 54, 100, 40, 72, 87, 88, 94, 80, 61, 40, 26, 0, 0, 9, 9
0, 75, 14, 31, 47, 0, 89, 10, 100, 54, 76, 93, 35, 100, 13, 62, 0
7, 59, 0, 25, 35, 0, 76, 0, 100, 35, 80, 76, 44, 100, 5, 88, 0
39, 85, 86, 49, 100, 11, 6, 0, 31, 35, 96, 67, 90, 100, 0, 85, 8
13, 65, 26, 100, 53, 72, 38, 29, 0, 0, 1, 4, 50, 6, 100, 1, 2
19, 100, 69, 92, 68, 53, 53, 15, 67, 0, 100, 27, 54, 47, 0, 56, 7
20, 62, 15, 17, 58, 0, 99, 20, 100, 65, 69, 100, 23, 98, 0, 60, 0
0, 41, 30, 60, 43, 85, 67, 100, 74, 75, 76, 49, 78, 24, 100, 0, 1
0, 85, 33, 100, 82, 80, 51, 56, 67, 45, 100, 17, 53, 0, 11, 20, 3
100, 80, 67, 100, 42, 73, 80, 70, 89, 64, 79, 25, 45, 1, 0, 0, 9
100, 100, 46, 90, 13, 60, 0, 28, 30, 0, 83, 16, 85, 49, 30, 43, 6
48, 94, 0, 73, 49, 67, 79, 33, 26, 0, 19, 40, 21, 83, 100, 100, 5
75, 77, 65, 100, 0, 83, 30, 62, 99, 78, 100, 47, 74, 17, 10, 0, 9
30, 100, 17, 87, 0, 52, 38, 28, 99, 34, 100, 71, 85, 36, 78, 0, 4
39, 84, 0, 86, 40, 42, 76, 0, 20, 9, 57, 54, 100, 96, 44, 100, 8
100, 100, 61, 82, 29, 57, 8, 29, 22, 0, 66, 3, 45, 20, 0, 15, 6
73, 91, 21, 85, 50, 37, 46, 0, 0, 24, 54, 63, 100, 100, 30, 78, 8
27, 100, 30, 67, 95, 44, 66, 0, 11, 12, 0, 62, 22, 97, 100, 99, 5
26, 66, 13, 37, 32, 0, 80, 5, 100, 42, 82, 81, 38, 100, 0, 76, 0
92, 90, 56, 100, 33, 66, 78, 66, 100, 69, 100, 31, 65, 0, 0, 2, 9
54, 87, 72, 100, 100, 100, 69, 100, 42, 84, 44, 45, 28, 10, 0, 0, 5
53, 100, 15, 69, 0, 29, 30, 0, 78, 22, 100, 60, 68, 90, 11, 83, 0
100, 100, 70, 86, 32, 63, 5, 37, 0, 10, 51, 0, 62, 15, 3, 17, 6
100, 98, 24, 100, 6, 68, 78, 41, 70, 0, 0, 9, 32, 53, 83, 93, 8
0, 87, 3, 97, 52, 100, 100, 96, 100, 70, 71, 47, 40, 24, 15, 0, 7
99, 81, 52, 58, 0, 50, 30, 82, 80, 100, 100, 70, 73, 34, 45, 0, 9
0, 82, 37, 100, 65, 73, 54, 36, 42, 0, 16, 32, 48, 42, 100, 44, 7
100, 100, 48, 82, 17, 55, 7, 24, 42, 0, 96, 12, 60, 33, 0, 28, 6
96, 100, 52, 84, 18, 49, 0, 13, 46, 0, 95, 28, 100, 66, 52, 95, 0
100, 100, 72, 89, 30, 59, 0, 25, 31, 0, 92, 12, 79, 32, 19, 18, 6
44, 80, 21, 68, 74, 38, 62, 0, 0, 5, 15, 51, 33, 90, 100, 100, 5
5, 80, 37, 100, 58, 73, 34, 37, 0, 8, 5, 0, 52, 2, 100, 7, 2
57, 89, 100, 98, 70, 100, 33, 78, 37, 47, 77, 34, 45, 7, 0, 0, 5
100, 100, 61, 93, 29, 71, 3, 43, 0, 8, 38, 0, 66, 18, 29, 29, 6
19, 55, 62, 76, 100, 100, 100, 98, 75, 73, 62, 49, 38, 24, 0, 0, 1
100, 95, 55, 100, 13, 88, 4, 62, 46, 47, 70, 20, 39, 0, 0, 10, 5
0, 41, 23, 65, 63, 87, 100, 100, 90, 75, 73, 51, 67, 25, 67, 0, 1
0, 30, 38, 51, 69, 76, 100, 100, 87, 80, 66, 54, 50, 27, 41, 0, 1
0, 60, 39, 49, 100, 78, 57, 100, 10, 68, 88, 58, 80, 20, 11, 0, 9
32, 100, 23, 90, 0, 46, 57, 28, 100, 35, 75, 80, 46, 45, 22, 0, 4
25, 95, 0, 69, 10, 34, 92, 37, 100, 69, 62, 100, 69, 50, 70, 0, 4
18, 74, 29, 100, 100, 88, 73, 47, 31, 9, 0, 0, 14, 29, 96, 34, 7
9, 91, 56, 100, 100, 87, 80, 43, 57, 0, 0, 22, 24, 34, 95, 36, 7
15, 88, 22, 69, 86, 46, 68, 0, 0, 6, 4, 62, 25, 94, 100, 100, 5
25, 100, 9, 78, 0, 34, 29, 0, 81, 6, 100, 47, 77, 85, 24, 96, 0
49, 100, 20, 81, 0, 44, 17, 8, 71, 0, 100, 31, 85, 69, 41, 94, 0
95, 100, 39, 87, 4, 53, 0, 15, 61, 0, 100, 31, 38, 31, 21, 0, 6
39, 100, 21, 77, 0, 47, 27, 37, 84, 36, 100, 60, 88, 29, 86, 0, 4
73, 100, 47, 86, 18, 58, 0, 29, 8, 0, 77, 4, 100, 29, 29, 29, 6
54, 93, 100, 90, 38, 70, 63, 100, 100, 63, 96, 21, 35, 0, 0, 34, 9
100, 100, 54, 97, 14, 67, 0, 32, 28, 0, 91, 4, 84, 35, 15, 47, 6
0, 95, 43, 100, 89, 91, 59, 68, 82, 45, 100, 22, 55, 7, 1, 0, 3
40, 100, 12, 76, 0, 33, 30, 0, 82, 1, 100, 39, 75, 78, 30, 100, 0
0, 73, 30, 100, 74, 97, 69, 58, 53, 20, 54, 0, 53, 32, 100, 38, 7
34, 96, 46, 53, 36, 12, 0, 0, 2, 47, 28, 77, 63, 92, 100, 100, 5
77, 100, 11, 67, 100, 72, 43, 99, 36, 32, 0, 0, 84, 2, 30, 46, 8
19, 82, 16, 48, 45, 18, 11, 0, 0, 44, 18, 84, 58, 100, 100, 95, 5
2, 73, 10, 98, 73, 100, 60, 73, 70, 44, 100, 15, 47, 2, 0, 0, 3
6, 76, 22, 100, 55, 78, 36, 42, 0, 16, 7, 9, 54, 7, 100, 0, 2
90, 52, 79, 100, 0, 99, 19, 50, 66, 4, 16, 0, 34, 51, 100, 86, 8
4, 97, 81, 100, 100, 67, 66, 33, 30, 0, 0, 9, 0, 36, 82, 35, 7
25, 81, 47, 100, 48, 55, 27, 17, 0, 3, 32, 21, 65, 2, 100, 0, 2
20, 100, 0, 58, 14, 15, 59, 0, 98, 27, 100, 73, 64, 100, 24, 76, 0
100, 100, 46, 80, 11, 53, 0, 23, 39, 0, 100, 12, 73, 33, 7, 25, 6
0, 82, 31, 100, 47, 68, 36, 34, 8, 5, 12, 20, 60, 18, 100, 0, 2
10, 97, 0, 46, 20, 0, 70, 12, 100, 55, 87, 100, 37, 86, 10, 43, 0
72, 70, 100, 100, 25, 94, 0, 63, 72, 74, 92, 57, 66, 23, 9, 0, 9
72, 100, 6, 80, 0, 50, 100, 54, 95, 72, 67, 87, 61, 41, 77, 0, 4
100, 100, 83, 85, 63, 60, 44, 34, 32, 6, 50, 0, 36, 21, 0, 15, 6
18, 64, 37, 100, 40, 99, 39, 59, 38, 19, 0, 0, 47, 0, 100, 1, 1
0, 100, 67, 100, 73, 69, 40, 35, 13, 0, 0, 23, 16, 47, 100, 51, 7
100, 100, 62, 84, 35, 57, 19, 24, 40, 0, 72, 18, 37, 31, 0, 14, 6
0, 84, 51, 100, 90, 74, 77, 36, 57, 0, 37, 25, 32, 41, 100, 49, 7
0, 52, 3, 57, 47, 79, 90, 100, 100, 88, 79, 59, 60, 30, 60, 0, 1
0, 54, 0, 72, 42, 90, 91, 100, 100, 76, 74, 51, 48, 26, 26, 0, 1
38, 85, 69, 100, 76, 75, 55, 50, 100, 34, 77, 11, 28, 0, 0, 8, 3
24, 91, 14, 58, 68, 42, 59, 0, 0, 14, 11, 59, 32, 98, 100, 100, 5
100, 100, 43, 84, 12, 58, 0, 31, 17, 5, 91, 0, 98, 15, 21, 11, 6
72, 97, 64, 54, 69, 0, 0, 13, 28, 50, 100, 73, 96, 100, 19, 90, 8
0, 69, 49, 35, 63, 0, 1, 6, 41, 41, 100, 72, 99, 100, 19, 76, 8
36, 79, 61, 100, 72, 75, 55, 51, 100, 38, 96, 10, 48, 0, 0, 2, 3
0, 92, 20, 100, 68, 94, 49, 46, 24, 0, 14, 16, 44, 48, 100, 56, 7
49, 100, 25, 78, 0, 40, 10, 2, 76, 0, 100, 30, 40, 39, 24, 11, 6
0, 81, 30, 100, 78, 93, 62, 65, 28, 42, 7, 14, 48, 1, 100, 0, 2
68, 82, 38, 65, 74, 27, 34, 0, 0, 33, 53, 66, 100, 100, 16, 95, 8
23, 90, 0, 47, 16, 0, 74, 12, 100, 57, 76, 100, 20, 79, 2, 33, 0
15, 89, 34, 53, 50, 13, 4, 0, 0, 43, 0, 87, 48, 98, 100, 100, 5
55, 76, 77, 100, 100, 79, 67, 52, 95, 42, 99, 12, 49, 0, 0, 14, 3
42, 67, 16, 27, 49, 0, 93, 19, 100, 66, 64, 98, 19, 100, 0, 59, 0
0, 87, 40, 100, 100, 98, 89, 60, 78, 21, 62, 0, 25, 31, 61, 45, 7
39, 94, 47, 100, 47, 61, 26, 23, 3, 0, 0, 39, 50, 50, 100, 63, 7
10, 100, 0, 99, 51, 100, 95, 89, 100, 67, 91, 44, 76, 22, 69, 0, 7
55, 100, 33, 79, 14, 55, 0, 30, 57, 24, 100, 46, 64, 25, 67, 0, 4
23, 78, 51, 100, 100, 78, 70, 40, 40, 0, 78, 2, 37, 37, 0, 74, 8
4, 77, 42, 100, 97, 95, 77, 62, 90, 49, 100, 15, 49, 0, 0, 12, 3
0, 95, 49, 100, 100, 98, 85, 63, 50, 31, 13, 0, 13, 27, 60, 29, 7
51, 100, 36, 83, 3, 52, 0, 33, 67, 38, 100, 53, 83, 34, 70, 0, 4
81, 73, 73, 100, 0, 85, 27, 60, 100, 76, 99, 64, 94, 31, 86, 0, 9
40, 93, 0, 99, 50, 100, 100, 99, 82, 88, 64, 60, 55, 30, 55, 0, 7
0, 66, 35, 100, 45, 92, 41, 38, 22, 1, 5, 0, 53, 3, 100, 6, 1
20, 70, 29, 100, 63, 82, 53, 46, 29, 14, 0, 0, 50, 3, 100, 4, 2
17, 63, 6, 20, 51, 0, 95, 28, 100, 72, 55, 100, 0, 91, 0, 52, 0
49, 100, 0, 70, 24, 56, 100, 65, 86, 85, 44, 77, 21, 38, 6, 0, 4
95, 82, 71, 100, 27, 77, 77, 73, 100, 80, 93, 42, 56, 13, 0, 0, 9
100, 100, 79, 80, 54, 59, 32, 38, 21, 16, 50, 0, 79, 16, 0, 16, 6
88, 100, 42, 77, 12, 50, 0, 22, 45, 0, 100, 17, 73, 44, 15, 49, 6
100, 95, 75, 100, 42, 70, 0, 44, 42, 33, 85, 49, 83, 31, 85, 0, 4
0, 50, 41, 69, 76, 90, 100, 100, 89, 74, 78, 50, 70, 25, 68, 0, 1
59, 89, 42, 23, 29, 42, 25, 100, 100, 82, 75, 46, 98, 0, 0, 3, 3
53, 67, 80, 44, 67, 7, 0, 0, 35, 36, 83, 68, 100, 100, 25, 80, 8
51, 54, 100, 87, 36, 100, 19, 62, 44, 22, 2, 0, 0, 37, 78, 57, 8
82, 100, 8, 92, 45, 60, 100, 29, 52, 0, 0, 24, 21, 61, 53, 98, 8
25, 76, 0, 39, 15, 0, 68, 1, 98, 36, 100, 76, 58, 100, 7, 90, 0
100, 100, 79, 86, 62, 71, 50, 57, 33, 43, 21, 28, 8, 14, 0, 0, 1
27, 50, 56, 89, 64, 100, 55, 52, 35, 9, 0, 2, 52, 2, 100, 0, 1
0, 98, 39, 100, 71, 80, 72, 39, 69, 0, 48, 29, 60, 50, 100, 55, 7
52, 87, 79, 100, 79, 75, 72, 49, 100, 29, 76, 8, 36, 0, 0, 7, 3
0, 87, 27, 100, 55, 87, 68, 68, 82, 50, 100, 32, 100, 13, 73, 0, 3
24, 100, 17, 56, 58, 34, 37, 0, 0, 23, 12, 59, 51, 85, 100, 93, 5
51, 100, 85, 98, 100, 80, 67, 67, 59, 43, 67, 17, 37, 1, 0, 0, 3
0, 100, 59, 97, 81, 66, 63, 32, 44, 0, 3, 25, 37, 34, 100, 39, 7
28, 77, 40, 100, 49, 67, 29, 32, 0, 18, 32, 14, 66, 0, 100, 18, 2
19, 90, 2, 64, 15, 24, 62, 0, 100, 30, 97, 71, 55, 100, 0, 92, 0
41, 93, 88, 100, 86, 75, 47, 53, 0, 38, 5, 25, 50, 10, 100, 0, 2
0, 100, 81, 100, 68, 62, 34, 26, 24, 0, 92, 28, 100, 50, 5, 46, 7
100, 100, 74, 90, 28, 68, 0, 44, 77, 46, 72, 48, 37, 23, 9, 0, 4
100, 93, 38, 100, 21, 67, 85, 34, 62, 0, 0, 20, 50, 57, 88, 93, 8
10, 100, 0, 77, 30, 60, 73, 55, 100, 71, 77, 53, 64, 27, 57, 0, 4
9, 74, 32, 100, 63, 84, 48, 48, 12, 19, 0, 13, 49, 4, 100, 0, 2
26, 83, 72, 100, 84, 69, 56, 45, 100, 47, 87, 15, 36, 0, 0, 24, 3
39, 88, 0, 66, 68, 60, 68, 15, 8, 0, 19, 47, 31, 95, 100, 100, 5
17, 100, 21, 85, 0, 53, 45, 47, 96, 57, 92, 61, 98, 28, 100, 0, 4
53, 100, 16, 78, 0, 47, 59, 38, 100, 63, 86, 58, 58, 29, 29, 0, 4
47, 91, 28, 66, 70, 32, 98, 0, 40, 11, 2, 47, 0, 81, 100, 100, 5
5, 58, 39, 100, 47, 99, 41, 42, 12, 0, 0, 5, 55, 4, 100, 6, 1
0, 61, 34, 81, 84, 100, 100, 94, 84, 71, 70, 47, 55, 24, 48, 0, 1
13, 78, 77, 78, 74, 100, 0, 89, 49, 78, 99, 71, 91, 35, 100, 0, 9
67, 100, 39, 88, 10, 56, 0, 20, 44, 0, 100, 12, 92, 38, 31, 37, 6
0, 95, 62, 100, 98, 78, 70, 37, 50, 0, 100, 27, 88, 46, 26, 48, 7
14, 77, 37, 100, 51, 74, 32, 41, 0, 18, 33, 16, 68, 0, 100, 18, 2
55, 96, 99, 100, 52, 86, 61, 58, 96, 35, 100, 6, 51, 0, 0, 2, 5
37, 55, 41, 86, 100, 100, 97, 71, 83, 53, 96, 23, 49, 0, 0, 9, 3
0, 98, 70, 100, 97, 84, 87, 65, 83, 46, 100, 27, 97, 9, 30, 0, 3
47, 50, 88, 41, 100, 1, 0, 0, 18, 41, 88, 76, 84, 100, 12, 73, 8
35, 79, 43, 65, 79, 27, 16, 0, 0, 34, 60, 68, 100, 100, 3, 92, 8
0, 97, 49, 100, 100, 97, 99, 66, 69, 33, 42, 0, 22, 33, 74, 34, 7
0, 93, 64, 100, 100, 79, 54, 55, 23, 43, 86, 34, 74, 5, 10, 0, 3
0, 96, 41, 100, 79, 85, 84, 43, 78, 0, 56, 8, 58, 29, 100, 28, 7
0, 97, 51, 100, 82, 86, 84, 65, 90, 45, 100, 25, 82, 8, 35, 0, 3
100, 100, 71, 77, 49, 52, 29, 29, 22, 4, 58, 0, 44, 19, 0, 7, 6
88, 63, 73, 100, 25, 98, 0, 55, 11, 11, 57, 0, 100, 23, 98, 68, 0
53, 100, 3, 75, 0, 43, 76, 41, 100, 74, 73, 61, 38, 31, 7, 0, 4
100, 74, 75, 100, 25, 85, 0, 53, 8, 19, 55, 0, 68, 27, 16, 34, 6
12, 88, 4, 47, 15, 8, 68, 0, 100, 34, 99, 73, 54, 100, 0, 90, 0
0, 98, 35, 100, 61, 76, 57, 37, 42, 0, 31, 24, 64, 39, 100, 48, 7
3, 51, 38, 84, 99, 100, 100, 63, 57, 33, 0, 10, 12, 0, 82, 1, 2
76, 97, 38, 71, 44, 34, 36, 0, 0, 24, 54, 52, 100, 82, 62, 100, 8
85, 90, 31, 100, 31, 64, 88, 80, 98, 71, 100, 32, 65, 0, 0, 13, 9
58, 64, 69, 100, 91, 71, 72, 33, 36, 4, 0, 1, 50, 6, 100, 0, 2
8, 73, 22, 100, 34, 65, 26, 29, 0, 2, 16, 0, 58, 3, 100, 6, 2
41, 84, 59, 100, 53, 69, 28, 40, 0, 14, 32, 16, 67, 0, 100, 21, 2
0, 77, 18, 100, 23, 90, 25, 57, 26, 25, 2, 0, 13, 4, 100, 8, 1
100, 100, 51, 81, 7, 61, 0, 42, 67, 51, 51, 46, 23, 23, 9, 0, 4
0, 64, 19, 92, 100, 100, 87, 73, 61, 37, 39, 0, 31, 24, 96, 42, 7
32, 100, 0, 74, 9, 46, 73, 52, 100, 83, 77, 64, 53, 32, 32, 0, 4
50, 70, 60, 100, 100, 97, 91, 61, 88, 47, 83, 15, 43, 0, 0, 7, 3
0, 51, 35, 69, 78, 91, 100, 100, 81, 75, 62, 50, 40, 25, 24, 0, 1
36, 93, 12, 61, 87, 55, 79, 16, 11, 0, 0, 48, 25, 92, 100, 100, 5
0, 86, 47, 100, 94, 84, 87, 40, 65, 0, 39, 6, 45, 38, 100, 42, 7
67, 100, 22, 81, 0, 46, 12, 11, 64, 0, 100, 27, 94, 63, 77, 99, 0
100, 100, 61, 79, 25, 51, 0, 20, 38, 0, 91, 17, 61, 42, 5, 28, 6
100, 97, 64, 100, 35, 79, 29, 42, 74, 44, 82, 17, 43, 0, 0, 3, 5
47, 85, 67, 100, 82, 78, 61, 51, 100, 38, 90, 12, 45, 0, 0, 7, 3
29, 99, 8, 63, 0, 21, 36, 0, 79, 20, 100, 58, 76, 94, 29, 100, 0
100, 100, 63, 94, 30, 68, 7, 38, 7, 6, 52, 0, 45, 23, 0, 16, 6
100, 97, 75, 100, 45, 86, 44, 59, 75, 44, 69, 18, 35, 6, 0, 0, 5
100, 99, 54, 100, 23, 79, 17, 60, 61, 63, 66, 30, 39, 1, 0, 0, 5
56, 94, 97, 100, 49, 85, 35, 54, 83, 42, 100, 21, 53, 2, 0, 0, 5
33, 86, 62, 60, 88, 30, 64, 0, 31, 28, 0, 57, 21, 84, 100, 100, 5
28, 79, 55, 100, 52, 68, 29, 39, 0, 15, 31, 1, 68, 0, 100, 23, 2
26, 81, 9, 61, 52, 33, 25, 0, 0, 22, 13, 73, 50, 100, 100, 92, 5
19, 85, 20, 39, 44, 0, 86, 18, 100, 62, 73, 100, 26, 97, 0, 60, 0
0, 51, 37, 81, 47, 100, 37, 66, 33, 32, 4, 3, 18, 0, 100, 3, 1
0, 65, 40, 83, 100, 100, 96, 80, 80, 60, 56, 40, 28, 20, 12, 0, 1
34, 69, 54, 100, 62, 68, 36, 34, 0, 8, 6, 10, 52, 3, 100, 0, 2
20, 66, 34, 100, 41, 74, 29, 32, 0, 0, 8, 0, 54, 4, 100, 11, 1
0, 66, 31, 84, 71, 100, 100, 99, 92, 74, 84, 50, 82, 25, 85, 0, 1
28, 94, 63, 100, 84, 69, 66, 30, 42, 0, 0, 25, 47, 38, 100, 37, 7
0, 59, 46, 83, 62, 100, 57, 64, 55, 27, 25, 0, 36, 3, 100, 1, 1
42, 79, 53, 42, 42, 0, 0, 2, 38, 38, 89, 70, 100, 100, 39, 75, 8
34, 100, 0, 78, 13, 56, 68, 53, 100, 71, 75, 48, 49, 24, 30, 0, 4
78, 69, 87, 100, 0, 90, 16, 63, 100, 80, 87, 63, 50, 31, 28, 0, 9
6, 100, 54, 96, 81, 56, 64, 6, 36, 0, 0, 38, 51, 35, 100, 32, 7
12, 100, 25, 89, 17, 37, 40, 0, 0, 10, 7, 54, 51, 72, 100, 81, 5
100, 66, 66, 100, 0, 77, 32, 38, 60, 0, 9, 21, 51, 59, 87, 94, 8
0, 77, 40, 96, 90, 100, 82, 73, 68, 50, 100, 24, 60, 0, 20, 15, 3
24, 73, 0, 38, 13, 0, 66, 10, 96, 44, 100, 83, 55, 100, 9, 78, 0
34, 94, 26, 63, 62, 29, 51, 0, 68, 35, 100, 69, 83, 100, 0, 86, 8
58, 100, 19, 75, 0, 36, 14, 0, 61, 10, 93, 42, 100, 83, 58, 96, 0
23, 81, 0, 54, 48, 78, 100, 100, 98, 86, 69, 58, 44, 29, 28, 0, 1
0, 38, 36, 55, 66, 78, 97, 100, 100, 88, 88, 58, 77, 29, 66, 0, 1
100, 100, 46, 80, 14, 53, 0, 25, 27, 0, 100, 7, 78, 28, 3, 21, 6
49, 100, 28, 74, 0, 47, 5, 34, 62, 39, 100, 56, 79, 28, 72, 0, 4
14, 85, 51, 57, 66, 17, 0, 0, 35, 36, 91, 68, 100, 100, 23, 85, 8
0, 85, 24, 100, 49, 90, 38, 56, 24, 24, 37, 0, 69, 4, 100, 14, 2
37, 97, 84, 100, 92, 69, 51, 48, 4, 35, 0, 18, 49, 7, 100, 0, 2
86, 100, 59, 92, 19, 64, 0, 33, 21, 2, 94, 0, 100, 25, 26, 20, 6
100, 92, 61, 100, 31, 80, 20, 42, 58, 44, 73, 20, 38, 1, 0, 0, 5
100, 100, 70, 90, 84, 75, 89, 74, 95, 42, 96, 11, 49, 0, 0, 0, 9
0, 68, 23, 100, 54, 88, 41, 34, 10, 0, 22, 7, 61, 8, 100, 8, 2
44, 89, 85, 100, 88, 75, 64, 56, 100, 41, 82, 12, 41, 0, 0, 14, 3
14, 70, 50, 100, 49, 86, 47, 41, 32, 2, 0, 0, 73, 4, 100, 6, 1
20, 100, 42, 87, 29, 67, 13, 48, 0, 28, 13, 9, 55, 2, 100, 0, 2
100, 99, 40, 91, 66, 49, 58, 8, 0, 0, 22, 41, 66, 76, 72, 100, 8
13, 78, 41, 100, 77, 83, 35, 56, 79, 50, 100, 19, 52, 0, 0, 11, 3
4, 84, 38, 100, 51, 76, 38, 50, 17, 25, 0, 0, 49, 3, 100, 4, 2
27, 93, 7, 49, 15, 0, 66, 1, 100, 41, 91, 87, 39, 100, 0, 68, 0
0, 87, 53, 100, 87, 71, 73, 32, 38, 0, 2, 26, 35, 47, 100, 53, 7
100, 93, 76, 100, 41, 98, 39, 77, 67, 61, 56, 35, 29, 16, 0, 0, 5
100, 100, 48, 91, 15, 64, 0, 32, 13, 0, 60, 6, 56, 36, 20, 21, 6
24, 70, 0, 74, 48, 97, 100, 100, 95, 76, 86, 50, 81, 24, 81, 0, 1
100, 92, 65, 100, 39, 79, 37, 49, 73, 45, 69, 16, 36, 0, 0, 4, 5
0, 82, 32, 100, 55, 67, 52, 21, 41, 0, 16, 36, 58, 47, 100, 48, 7
12, 96, 49, 100, 55, 66, 35, 32, 9, 0, 0, 31, 49, 38, 100, 40, 7
27, 70, 36, 100, 66, 81, 57, 44, 30, 10, 0, 4, 48, 5, 100, 0, 2
81, 87, 37, 100, 9, 73, 74, 74, 78, 71, 100, 32, 68, 3, 0, 0, 9
45, 100, 34, 60, 47, 24, 16, 0, 0, 38, 20, 73, 59, 85, 100, 86, 5
0, 93, 45, 100, 81, 71, 81, 32, 69, 0, 21, 25, 35, 31, 100, 34, 7
100, 100, 55, 100, 22, 89, 0, 59, 35, 61, 69, 44, 54, 12, 13, 0, 5
100, 100, 63, 81, 33, 61, 9, 40, 0, 17, 23, 0, 44, 20, 5, 16, 6
100, 87, 86, 100, 41, 76, 9, 49, 0, 18, 46, 0, 78, 22, 15, 26, 6
100, 99, 53, 100, 21, 90, 0, 62, 42, 62, 70, 39, 55, 10, 14, 0, 5
0, 75, 46, 58, 67, 22, 21, 0, 29, 36, 74, 67, 100, 100, 36, 86, 8
18, 72, 68, 49, 65, 13, 0, 0, 21, 35, 63, 67, 100, 100, 37, 84, 8
24, 100, 10, 59, 49, 35, 21, 0, 2, 21, 0, 64, 46, 85, 100, 87, 5
55, 93, 81, 100, 73, 72, 77, 51, 100, 28, 70, 8, 32, 0, 0, 9, 3
4, 64, 32, 98, 38, 100, 40, 62, 40, 23, 0, 0, 32, 4, 100, 4, 1
0, 97, 60, 100, 42, 99, 5, 69, 44, 59, 100, 43, 69, 0, 0, 13, 5
97, 63, 77, 100, 32, 79, 72, 63, 96, 67, 100, 23, 56, 0, 0, 4, 9
100, 100, 58, 92, 22, 68, 0, 39, 8, 7, 55, 0, 74, 28, 34, 48, 6
0, 38, 31, 56, 67, 77, 100, 100, 93, 91, 72, 62, 58, 32, 58, 0, 1
24, 80, 38, 100, 90, 93, 58, 66, 64, 48, 100, 25, 56, 6, 0, 0, 3
0, 68, 40, 78, 76, 100, 88, 91, 88, 68, 88, 45, 88, 22, 100, 0, 1
100, 100, 65, 89, 35, 63, 9, 34, 0, 2, 44, 0, 55, 25, 7, 19, 6
4, 65, 14, 100, 24, 66, 16, 28, 0, 1, 34, 0, 66, 0, 100, 0, 2
40, 97, 2, 65, 0, 9, 51, 0, 94, 46, 100, 100, 38, 95, 14, 44, 0
42, 97, 27, 86, 0, 40, 26, 0, 86, 13, 100, 59, 65, 100, 5, 93, 0
100, 100, 52, 83, 16, 58, 0, 31, 16, 5, 84, 0, 66, 23, 7, 24, 6
90, 100, 55, 85, 17, 58, 0, 26, 35, 0, 100, 5, 87, 33, 22, 36, 6
22, 91, 3, 65, 65, 51, 54, 0, 0, 2, 9, 55, 28, 100, 100, 99, 5
20, 85, 61, 100, 100, 93, 67, 69, 82, 44, 93, 18, 48, 4, 0, 0, 3
92, 93, 50, 100, 41, 65, 88, 79, 100, 74, 91, 29, 53, 0, 0, 4, 9
32, 100, 0, 77, 11, 54, 100, 59, 46, 86, 41, 79, 45, 33, 41, 0, 4
100, 100, 59, 88, 23, 59, 0, 28, 19, 0, 81, 9, 56, 26, 3, 15, 6
0, 100, 40, 94, 60, 63, 50, 26, 33, 0, 19, 32, 59, 40, 100, 48, 7
100, 81, 67, 100, 22, 81, 0, 47, 7, 13, 52, 0, 67, 30, 22, 45, 6
0, 64, 25, 90, 77, 100, 76, 69, 51, 39, 18, 12, 43, 0, 100, 4, 2
63, 100, 14, 72, 0, 41, 87, 41, 100, 62, 63, 74, 60, 36, 52, 0, 4
19, 72, 42, 99, 100, 100, 88, 71, 57, 53, 79, 23, 42, 0, 0, 15, 3
2, 66, 0, 30, 18, 0, 58, 6, 88, 32, 100, 65, 83, 95, 43, 100, 0
37, 100, 0, 81, 17, 50, 100, 51, 76, 74, 51, 96, 47, 46, 48, 0, 4
100, 100, 55, 80, 21, 54, 0, 26, 28, 0, 98, 5, 79, 26, 7, 19, 6
34, 100, 0, 75, 0, 41, 25, 9, 84, 0, 100, 33, 73, 65, 16, 71, 0
0, 73, 52, 81, 100, 100, 100, 84, 88, 63, 76, 42, 60, 20, 72, 0, 1
83, 100, 38, 82, 81, 87, 94, 85, 100, 53, 100, 20, 53, 6, 0, 0, 9
100, 100, 62, 84, 26, 56, 0, 25, 28, 0, 83, 16, 64, 44, 13, 26, 6
0, 98, 80, 100, 100, 68, 87, 33, 59, 0, 19, 16, 10, 43, 93, 49, 7
78, 100, 29, 80, 6, 50, 0, 19, 44, 0, 100, 15, 72, 37, 17, 25, 6
28, 100, 5, 77, 0, 53, 39, 40, 87, 44, 100, 46, 80, 23, 63, 0, 4
84, 88, 39, 100, 3, 68, 0, 27, 41, 0, 91, 15, 100, 54, 84, 94, 0
76, 99, 51, 100, 15, 64, 0, 25, 46, 0, 100, 22, 41, 42, 3, 17, 6
37, 82, 57, 100, 53, 65, 30, 36, 0, 16, 30, 0, 66, 2, 100, 19, 2
0, 92, 50, 100, 70, 75, 25, 53, 58, 42, 100, 20, 58, 0, 3, 1, 3
100, 88, 100, 100, 76, 73, 52, 44, 40, 16, 80, 0, 56, 20, 0, 1, 6
66, 100, 31, 74, 6, 47, 0, 20, 41, 0, 100, 16, 84, 36, 16, 23, 6
82, 95, 0, 83, 62, 54, 100, 20, 37, 0, 49, 35, 89, 70, 88, 100, 8
0, 4, 29, 27, 55, 56, 79, 85, 100, 100, 84, 67, 69, 34, 62, 0, 1
41, 94, 82, 100, 97, 79, 81, 54, 100, 30, 86, 6, 42, 0, 0, 1, 3
100, 100, 50, 80, 19, 59, 0, 36, 0, 13, 53, 0, 78, 19, 3, 19, 6
0, 74, 51, 63, 100, 96, 34, 100, 15, 69, 88, 83, 82, 45, 65, 0, 9
100, 96, 62, 100, 33, 83, 26, 45, 57, 42, 75, 19, 40, 0, 0, 1, 5
0, 82, 30, 100, 74, 97, 76, 72, 63, 47, 44, 24, 50, 0, 100, 0, 2
87, 71, 85, 100, 46, 81, 89, 71, 100, 74, 91, 30, 51, 4, 0, 0, 9
100, 91, 33, 100, 7, 73, 76, 39, 67, 0, 0, 25, 48, 68, 91, 94, 8
36, 88, 6, 47, 9, 0, 63, 7, 100, 44, 100, 88, 48, 100, 0, 73, 0
45, 82, 60, 100, 56, 69, 31, 43, 0, 23, 28, 3, 65, 0, 100, 16, 2
2, 74, 5, 95, 70, 100, 100, 89, 66, 67, 31, 45, 0, 22, 2, 0, 7
0, 97, 46, 100, 68, 71, 62, 34, 43, 0, 22, 14, 49, 29, 100, 31, 7
42, 100, 44, 88, 11, 57, 0, 33, 77, 40, 100, 64, 91, 34, 93, 0, 4
1, 80, 50, 69, 100, 100, 1, 90, 0, 62, 97, 81, 97, 41, 86, 0, 9
0, 87, 56, 98, 100, 100, 84, 80, 67, 60, 56, 40, 51, 20, 44, 0, 1
72, 100, 28, 85, 0, 61, 100, 67, 89, 84, 64, 84, 64, 41, 59, 0, 4
0, 96, 42, 100, 62, 62, 56, 19, 39, 0, 11, 36, 51, 52, 100, 57, 7
58, 85, 100, 100, 65, 96, 24, 70, 23, 55, 70, 48, 49, 13, 0, 0, 5
42, 100, 4, 70, 0, 34, 60, 32, 100, 57, 98, 71, 70, 35, 47, 0, 4
19, 86, 17, 47, 59, 32, 21, 0, 1, 38, 0, 90, 49, 98, 100, 100, 5
100, 91, 38, 100, 32, 62, 99, 70, 96, 83, 97, 40, 69, 1, 0, 0, 9
31, 100, 0, 81, 21, 58, 100, 62, 74, 88, 54, 80, 58, 40, 66, 0, 4
35, 69, 58, 100, 85, 86, 65, 48, 35, 13, 0, 1, 53, 0, 100, 25, 2
77, 100, 37, 78, 0, 53, 48, 37, 100, 40, 92, 60, 87, 28, 97, 0, 4
0, 86, 24, 71, 84, 95, 22, 100, 28, 77, 100, 81, 97, 40, 97, 0, 9
33, 66, 53, 100, 53, 91, 58, 53, 51, 17, 0, 0, 35, 3, 100, 6, 1
83, 61, 59, 100, 17, 86, 0, 41, 20, 0, 68, 3, 100, 36, 91, 74, 0
100, 97, 74, 100, 42, 89, 31, 56, 59, 39, 67, 10, 34, 0, 0, 0, 5
100, 100, 58, 98, 29, 80, 27, 45, 63, 36, 78, 13, 39, 0, 0, 3, 5
100, 100, 56, 95, 78, 84, 95, 83, 97, 54, 89, 26, 49, 8, 0, 0, 9
0, 100, 60, 100, 100, 92, 62, 58, 42, 16, 41, 0, 22, 41, 84, 45, 7
1, 80, 0, 73, 22, 99, 71, 100, 100, 98, 83, 65, 67, 32, 55, 0, 7
0, 60, 39, 74, 73, 91, 100, 100, 80, 75, 67, 51, 51, 25, 39, 0, 1
87, 95, 34, 100, 57, 77, 100, 96, 88, 70, 99, 28, 57, 2, 0, 0, 9
100, 94, 80, 100, 47, 94, 37, 66, 60, 56, 66, 36, 34, 16, 0, 0, 5
17, 97, 87, 100, 100, 66, 72, 31, 43, 0, 0, 32, 32, 45, 73, 45, 7
0, 92, 35, 100, 65, 86, 44, 56, 15, 30, 18, 2, 60, 0, 100, 5, 2
0, 76, 44, 84, 100, 100, 81, 80, 64, 60, 42, 40, 28, 20, 8, 0, 1
1, 61, 0, 92, 47, 100, 62, 70, 42, 39, 16, 9, 49, 0, 100, 7, 2
24, 96, 0, 68, 11, 23, 49, 0, 86, 23, 100, 68, 74, 100, 42, 72, 0
11, 77, 39, 100, 52, 68, 33, 32, 0, 5, 7, 12, 54, 9, 100, 0, 2
74, 100, 49, 87, 26, 59, 20, 28, 29, 0, 100, 11, 86, 39, 0, 49, 6
73, 97, 43, 100, 49, 55, 42, 10, 0, 0, 6, 42, 56, 60, 100, 79, 8
58, 100, 33, 73, 0, 48, 28, 38, 82, 38, 100, 60, 93, 30, 99, 0, 4
13, 100, 0, 62, 12, 21, 53, 0, 94, 19, 100, 60, 75, 96, 32, 97, 0
0, 81, 51, 100, 96, 81, 89, 40, 67, 0, 37, 17, 41, 50, 100, 53, 7
53, 90, 80, 100, 85, 77, 66, 51, 100, 31, 89, 8, 42, 0, 0, 4, 3
0, 68, 26, 100, 69, 94, 62, 52, 31, 19, 18, 18, 60, 0, 100, 8, 2
49, 100, 15, 80, 0, 37, 22, 1, 67, 0, 100, 31, 100, 75, 62, 92, 0
15, 89, 13, 49, 67, 38, 39, 0, 8, 29, 0, 74, 35, 96, 100, 100, 5
31, 100, 0, 85, 0, 52, 31, 29, 100, 35, 74, 65, 60, 33, 52, 0, 4
35, 100, 4, 69, 5, 30, 42, 0, 92, 24, 100, 63, 60, 93, 0, 78, 0
100, 64, 96, 100, 49, 79, 75, 40, 57, 0, 0, 15, 46, 45, 97, 69, 8
100, 99, 60, 100, 22, 65, 0, 27, 31, 0, 87, 23, 62, 54, 7, 37, 6
12, 97, 48, 100, 69, 69, 55, 33, 35, 0, 0, 25, 46, 35, 100, 39, 7
84, 100, 41, 80, 20, 50, 15, 19, 55, 0, 100, 20, 48, 31, 0, 15, 6
71, 100, 50, 95, 16, 66, 0, 34, 16, 5, 92, 0, 100, 26, 21, 32, 6
33, 77, 9, 40, 26, 0, 76, 8, 100, 46, 87, 89, 36, 100, 0, 69, 0
98, 100, 50, 84, 12, 55, 0, 21, 48, 0, 100, 22, 43, 32, 14, 15, 6
0, 88, 42, 100, 84, 89, 80, 69, 80, 48, 100, 28, 78, 9, 28, 0, 3
0, 88, 49, 100, 98, 83, 75, 41, 45, 1, 63, 0, 100, 27, 37, 30, 7
32, 76, 79, 66, 75, 100, 40, 89, 88, 66, 100, 26, 52, 6, 0, 0, 9
20, 76, 50, 100, 100, 95, 75, 69, 90, 51, 88, 23, 49, 0, 0, 7, 3
0, 68, 31, 77, 81, 100, 94, 96, 88, 71, 81, 48, 81, 24, 100, 0, 1
100, 100, 54, 83, 22, 57, 5, 26, 28, 0, 77, 11, 52, 31, 0, 22, 6
100, 95, 84, 100, 40, 77, 6, 47, 0, 12, 49, 0, 77, 27, 30, 47, 6
46, 100, 28, 68, 0, 35, 63, 40, 96, 58, 93, 63, 93, 27, 100, 0, 4
100, 100, 83, 86, 70, 71, 53, 57, 37, 43, 20, 29, 7, 14, 0, 0, 1
94, 100, 100, 100, 94, 84, 82, 66, 65, 49, 41, 33, 18, 16, 0, 0, 1
45, 100, 7, 61, 0, 10, 60, 0, 100, 43, 96, 93, 38, 96, 15, 48, 0
31, 96, 17, 64, 44, 28, 20, 0, 5, 36, 0, 77, 44, 97, 100, 100, 5
32, 84, 65, 100, 76, 75, 66, 46, 100, 30, 79, 7, 40, 0, 0, 3, 3
0, 92, 51, 100, 100, 100, 63, 69, 34, 36, 23, 0, 2, 27, 63, 33, 7
0, 97, 67, 100, 76, 73, 62, 40, 51, 7, 38, 0, 24, 25, 100, 34, 7
40, 63, 4, 75, 0, 97, 43, 100, 84, 89, 100, 61, 91, 29, 75, 0, 9
0, 82, 49, 100, 98, 82, 91, 46, 73, 11, 46, 0, 38, 21, 100, 19, 7
23, 100, 0, 71, 18, 44, 72, 46, 100, 70, 76, 60, 56, 31, 55, 0, 4
33, 79, 43, 100, 60, 73, 42, 38, 12, 8, 0, 9, 50, 0, 100, 8, 2
80, 100, 31, 81, 51, 67, 95, 84, 97, 55, 100, 27, 64, 5, 0, 0, 9
44, 100, 21, 73, 0, 35, 12, 0, 68, 6, 100, 39, 93, 77, 44, 90, 0
41, 84, 68, 100, 87, 76, 63, 59, 100, 38, 89, 7, 40, 0, 0, 14, 3
13, 71, 38, 100, 63, 82, 38, 47, 0, 21, 8, 20, 54, 0, 100, 14, 2
29, 62, 52, 100, 50, 95, 52, 54, 52, 12, 0, 0, 45, 4, 100, 5, 1
53, 89, 32, 62, 100, 53, 75, 13, 9, 0, 0, 43, 25, 88, 93, 100, 5
0, 53, 34, 88, 88, 100, 100, 67, 63, 31, 16, 3, 41, 0, 98, 4, 2
15, 100, 10, 62, 39, 34, 22, 0, 0, 16, 7, 53, 50, 69, 100, 74, 5
86, 85, 40, 100, 33, 67, 100, 34, 98, 0, 0, 18, 29, 53, 98, 86, 8
29, 84, 0, 54, 15, 8, 63, 0, 100, 32, 91, 79, 48, 100, 3, 81, 0
44, 80, 68, 100, 94, 84, 72, 55, 100, 29, 79, 5, 35, 0, 0, 17, 3
100, 100, 68, 97, 16, 90, 8, 56, 53, 57, 83, 36, 52, 8, 0, 0, 5
18, 93, 0, 67, 8, 24, 54, 0, 100, 25, 98, 69, 59, 100, 5, 86, 0
62, 100, 26, 73, 0, 45, 80, 46, 100, 58, 73, 64, 63, 32, 63, 0, 4
47, 63, 1, 67, 0, 88, 45, 100, 90, 90, 100, 59, 81, 28, 55, 0, 9
0, 62, 19, 93, 84, 100, 100, 66, 71, 32, 20, 6, 25, 0, 93, 2, 2
41, 72, 44, 100, 84, 94, 72, 58, 41, 26, 0, 0, 41, 14, 100, 6, 2
92, 79, 66, 100, 38, 64, 86, 61, 100, 78, 99, 33, 60, 0, 0, 5, 9
10, 67, 30, 37, 16, 3, 0, 0, 12, 36, 22, 73, 55, 94, 100, 100, 5
100, 92, 52, 100, 31, 64, 84, 74, 86, 77, 89, 35, 56, 0, 0, 11, 9
100, 75, 55, 100, 20, 72, 65, 60, 84, 65, 98, 21, 53, 0, 0, 2, 9
80, 100, 31, 87, 78, 45, 87, 0, 0, 2, 33, 45, 100, 83, 36, 79, 8
34, 81, 6, 42, 22, 0, 70, 10, 100, 48, 92, 91, 42, 100, 0, 73, 0
30, 96, 5, 58, 0, 16, 38, 0, 80, 17, 100, 56, 80, 93, 36, 100, 0
0, 53, 32, 70, 41, 100, 41, 76, 41, 47, 32, 17, 32, 1, 100, 0, 1
65, 90, 24, 90, 0, 44, 19, 0, 67, 6, 100, 44, 91, 91, 44, 100, 0
0, 94, 51, 100, 73, 73, 51, 36, 24, 0, 10, 9, 38, 34, 100, 40, 7
49, 100, 24, 82, 0, 54, 20, 37, 82, 40, 82, 54, 80, 25, 100, 0, 4
30, 91, 65, 100, 83, 77, 64, 52, 100, 38, 76, 9, 37, 0, 0, 10, 3
0, 43, 36, 59, 70, 78, 100, 100, 79, 76, 56, 51, 32, 26, 10, 0, 1
86, 100, 36, 84, 89, 89, 95, 71, 95, 44, 100, 18, 59, 0, 0, 0, 9
19, 79, 53, 100, 91, 92, 83, 65, 93, 45, 100, 22, 54, 6, 0, 0, 3
17, 72, 0, 37, 18, 2, 56, 0, 90, 20, 100, 58, 79, 93, 42, 100, 0
77, 94, 31, 100, 52, 86, 92, 96, 94, 62, 100, 28, 71, 0, 0, 0, 9
17, 84, 18, 59, 48, 36, 17, 0, 0, 38, 6, 87, 52, 93, 100, 100, 5
26, 100, 12, 55, 19, 11, 67, 0, 100, 36, 79, 75, 26, 79, 0, 39, 0
8, 87, 0, 71, 24, 96, 88, 100, 100, 90, 84, 56, 68, 22, 53, 0, 7
0, 93, 44, 100, 100, 98, 68, 66, 38, 32, 21, 0, 6, 38, 61, 34, 7
88, 100, 39, 88, 11, 58, 0, 26, 35, 0, 100, 9, 84, 34, 12, 36, 6
64, 89, 96, 100, 88, 74, 63, 48, 100, 31, 91, 8, 46, 0, 0, 3, 3
41, 84, 89, 100, 100, 97, 44, 93, 26, 73, 72, 43, 46, 0, 0, 22, 5
0, 94, 63, 100, 85, 71, 72, 35, 57, 0, 24, 26, 43, 40, 100, 37, 7
84, 100, 54, 77, 58, 40, 48, 5, 0, 0, 12, 28, 60, 44, 100, 65, 8
47, 87, 100, 100, 50, 85, 17, 56, 62, 60, 88, 34, 52, 7, 0, 0, 5
78, 72, 60, 100, 0, 72, 56, 37, 100, 0, 31, 3, 57, 43, 95, 83, 8
71, 100, 0, 88, 51, 58, 100, 26, 47, 0, 2, 25, 62, 55, 89, 91, 8
36, 100, 0, 73, 1, 28, 41, 0, 89, 17, 100, 61, 74, 98, 21, 94, 0
45, 100, 44, 81, 7, 51, 0, 31, 68, 35, 100, 52, 89, 34, 80, 0, 4
62, 100, 46, 92, 0, 71, 19, 57, 94, 51, 100, 47, 60, 24, 35, 0, 4
30, 91, 51, 64, 61, 25, 6, 0, 0, 34, 49, 67, 100, 100, 43, 95, 8
0, 73, 58, 96, 58, 100, 56, 64, 60, 29, 39, 0, 34, 4, 100, 5, 1
100, 100, 60, 85, 25, 58, 0, 28, 13, 0, 71, 6, 46, 23, 15, 10, 6
0, 84, 37, 100, 75, 85, 75, 43, 67, 0, 47, 5, 56, 24, 100, 28, 7
100, 100, 66, 85, 37, 69, 14, 51, 0, 32, 0, 12, 31, 0, 34, 11, 6
54, 88, 80, 100, 81, 68, 68, 41, 100, 23, 76, 1, 36, 0, 0, 13, 3
12, 97, 83, 100, 43, 98, 7, 69, 63, 63, 100, 23, 49, 0, 0, 22, 5
21, 100, 21, 83, 0, 55, 29, 41, 85, 45, 100, 55, 86, 28, 86, 0, 4
1, 73, 49, 100, 55, 92, 51, 56, 46, 20, 0, 2, 30, 1, 100, 0, 1
23, 96, 79, 100, 100, 86, 74, 66, 72, 44, 88, 23, 53, 6, 0, 0, 3
18, 96, 4, 70, 0, 99, 62, 100, 100, 97, 82, 62, 72, 25, 64, 0, 7
0, 93, 60, 100, 99, 88, 73, 47, 55, 5, 39, 0, 38, 34, 100, 36, 7
80, 100, 100, 97, 48, 68, 7, 38, 0, 7, 91, 0, 98, 22, 9, 12, 6
100, 100, 78, 86, 60, 72, 44, 58, 33, 44, 18, 29, 7, 14, 0, 0, 1
0, 63, 15, 63, 58, 81, 100, 100, 94, 81, 67, 54, 41, 28, 16, 0, 1
0, 88, 45, 100, 100, 99, 96, 76, 69, 54, 69, 29, 69, 5, 18, 0, 3
47, 100, 12, 76, 0, 50, 47, 39, 100, 58, 81, 51, 59, 26, 55, 0, 4
2, 72, 33, 100, 58, 79, 34, 46, 3, 15, 0, 2, 53, 0, 100, 10, 2
100, 85, 57, 100, 23, 65, 82, 63, 97, 78, 96, 37, 64, 0, 0, 7, 9
100, 81, 22, 100, 0, 67, 59, 33, 47, 0, 28, 29, 87, 64, 66, 89, 8
56, 100, 27, 79, 0, 39, 12, 0, 66, 15, 100, 51, 93, 93, 38, 93, 0
29, 47, 59, 71, 100, 100, 90, 81, 74, 50, 66, 18, 0, 0, 99, 7, 1
100, 97, 56, 100, 22, 83, 18, 50, 53, 47, 68, 22, 37, 0, 0, 6, 5
100, 100, 59, 78, 25, 52, 0, 24, 16, 0, 79, 8, 70, 29, 7, 27, 6
21, 82, 13, 55, 54, 100, 27, 87, 38, 37, 40, 0, 0, 7, 100, 5, 1
35, 98, 76, 100, 80, 72, 67, 54, 100, 34, 77, 9, 35, 0, 0, 7, 3
31, 88, 6, 58, 14, 13, 64, 0, 100, 33, 96, 77, 49, 100, 0, 81, 0
15, 72, 47, 100, 88, 89, 52, 60, 75, 35, 100, 7, 50, 0, 0, 11, 3
22, 77, 34, 100, 90, 99, 65, 67, 72, 56, 100, 28, 58, 2, 0, 0, 3
0, 86, 26, 100, 70, 84, 77, 45, 68, 5, 54, 0, 50, 25, 100, 23, 7
26, 52, 16, 8, 63, 0, 100, 34, 99, 81, 54, 100, 6, 82, 0, 38, 0
0, 40, 26, 65, 60, 85, 97, 100, 100, 82, 74, 56, 48, 29, 30, 0, 1
0, 98, 49, 100, 100, 99, 88, 65, 61, 33, 34, 0, 21, 18, 44, 41, 7
2, 44, 0, 58, 43, 79, 86, 100, 100, 93, 77, 63, 56, 32, 50, 0, 1
79, 89, 100, 100, 41, 96, 0, 74, 53, 66, 95, 51, 74, 24, 39, 0, 9
30, 97, 82, 100, 65, 67, 19, 87, 81, 83, 100, 39, 68, 0, 0, 16, 9
36, 91, 62, 98, 100, 100, 44, 94, 1, 65, 46, 44, 51, 0, 0, 2, 5
19, 74, 47, 100, 81, 83, 57, 51, 18, 26, 0, 9, 54, 6, 100, 0, 2
42, 85, 85, 100, 100, 68, 76, 32, 45, 0, 50, 1, 38, 40, 0, 65, 8
25, 77, 3, 60, 11, 0, 71, 4, 100, 57, 56, 100, 2, 66, 0, 11, 0
100, 71, 41, 62, 0, 83, 52, 100, 98, 80, 92, 49, 67, 19, 19, 0, 9
30, 96, 31, 62, 60, 26, 24, 0, 8, 35, 0, 76, 35, 100, 100, 100, 5
82, 94, 100, 100, 96, 79, 90, 55, 99, 30, 74, 11, 37, 6, 0, 0, 3
0, 61, 32, 81, 74, 100, 100, 93, 97, 69, 97, 46, 95, 23, 91, 0, 1
10, 58, 26, 99, 67, 100, 59, 57, 29, 22, 0, 0, 50, 7, 100, 0, 2
77, 100, 48, 90, 24, 30, 56, 0, 100, 43, 90, 94, 34, 72, 0, 21, 0
42, 100, 22, 65, 0, 40, 91, 40, 100, 64, 88, 72, 91, 36, 93, 0, 4
4, 97, 58, 78, 100, 97, 0, 100, 20, 84, 99, 63, 55, 29, 10, 0, 9
0, 95, 30, 100, 55, 80, 34, 52, 6, 27, 21, 5, 67, 0, 100, 3, 2
0, 69, 52, 60, 100, 77, 74, 100, 23, 89, 47, 69, 55, 36, 51, 0, 9
0, 51, 47, 70, 79, 100, 75, 82, 67, 46, 56, 11, 42, 2, 100, 0, 1
81, 75, 62, 100, 0, 86, 16, 59, 78, 74, 100, 66, 92, 32, 69, 0, 9
37, 89, 73, 100, 58, 72, 81, 59, 100, 29, 75, 2, 30, 0, 0, 23, 3
88, 95, 100, 100, 49, 73, 12, 42, 19, 10, 97, 0, 85, 18, 0, 17, 6
72, 86, 42, 100, 4, 67, 0, 27, 45, 1, 100, 14, 57, 27, 12, 0, 6
86, 95, 39, 100, 51, 75, 69, 85, 84, 51, 100, 17, 59, 0, 0, 9, 9
69, 100, 52, 50, 100, 65, 64, 93, 82, 70, 96, 49, 61, 0, 0, 4, 9
79, 89, 57, 100, 65, 89, 100, 91, 83, 62, 59, 36, 32, 13, 0, 0, 9
0, 49, 16, 59, 52, 80, 90, 100, 100, 84, 82, 56, 64, 28, 50, 0, 1
30, 97, 81, 98, 43, 100, 14, 65, 58, 57, 100, 27, 48, 0, 0, 17, 5
30, 96, 0, 66, 11, 8, 66, 0, 100, 47, 79, 100, 28, 81, 31, 30, 0
72, 64, 54, 100, 24, 73, 54, 36, 45, 0, 0, 19, 41, 53, 100, 80, 8
0, 89, 34, 100, 61, 85, 52, 60, 66, 37, 100, 21, 86, 4, 44, 0, 3
85, 100, 19, 76, 100, 62, 47, 97, 26, 50, 0, 18, 81, 0, 48, 43, 8
19, 56, 16, 68, 61, 86, 100, 100, 71, 75, 42, 51, 16, 26, 0, 0, 1
91, 73, 55, 100, 0, 73, 49, 37, 83, 0, 17, 7, 56, 44, 100, 77, 8
31, 96, 0, 55, 57, 54, 64, 6, 20, 0, 22, 61, 39, 99, 100, 100, 5
26, 75, 59, 41, 65, 3, 0, 0, 14, 36, 63, 66, 100, 100, 36, 90, 8
26, 100, 85, 99, 89, 65, 59, 31, 37, 0, 0, 31, 23, 48, 100, 49, 7
62, 99, 0, 92, 32, 50, 100, 24, 67, 0, 1, 19, 38, 64, 48, 100, 8
8, 44, 30, 84, 100, 100, 97, 59, 66, 19, 67, 0, 61, 38, 0, 69, 8
36, 63, 52, 100, 52, 48, 29, 6, 0, 0, 30, 15, 65, 3, 100, 1, 2
0, 82, 24, 100, 53, 87, 57, 59, 47, 33, 32, 7, 62, 0, 100, 1, 2
0, 92, 46, 100, 100, 92, 78, 51, 59, 9, 38, 0, 30, 28, 95, 30, 7
12, 52, 65, 54, 100, 23, 47, 0, 39, 33, 74, 67, 68, 100, 0, 90, 8
2, 73, 26, 98, 100, 100, 98, 76, 43, 55, 64, 39, 64, 15, 0, 0, 3
11, 75, 33, 84, 89, 100, 100, 90, 76, 68, 49, 45, 24, 22, 0, 0, 1
55, 88, 83, 100, 71, 70, 89, 68, 100, 31, 74, 1, 33, 0, 0, 24, 3
100, 97, 58, 100, 18, 76, 0, 47, 12, 16, 62, 0, 85, 18, 28, 24, 6
51, 58, 83, 100, 0, 92, 3, 49, 68, 10, 13, 0, 15, 43, 100, 77, 8
97, 100, 51, 77, 19, 48, 0, 18, 44, 0, 100, 16, 65, 31, 12, 14, 6
96, 43, 63, 0, 1, 7, 0, 57, 38, 100, 100, 94, 81, 45, 36, 7, 0
0, 95, 3, 97, 69, 100, 100, 100, 52, 80, 23, 55, 16, 26, 34, 0, 7
54, 57, 70, 100, 0, 83, 37, 41, 90, 0, 19, 0, 36, 45, 100, 82, 8
24, 100, 7, 72, 0, 42, 6, 13, 60, 9, 100, 29, 43, 23, 9, 0, 6
25, 90, 42, 100, 15, 63, 0, 26, 42, 0, 100, 3, 80, 28, 59, 6, 6
83, 61, 96, 97, 50, 100, 54, 66, 100, 62, 92, 21, 49, 0, 0, 3, 9
0, 83, 21, 100, 62, 93, 57, 46, 51, 0, 29, 10, 56, 21, 100, 28, 7
87, 100, 54, 64, 0, 31, 9, 25, 96, 33, 100, 65, 70, 38, 41, 0, 4
39, 96, 57, 59, 100, 94, 34, 100, 61, 66, 78, 66, 71, 15, 0, 0, 9
0, 93, 41, 100, 57, 65, 47, 26, 21, 0, 2, 35, 51, 38, 100, 36, 7
53, 85, 60, 100, 57, 67, 32, 39, 0, 15, 29, 5, 69, 0, 100, 24, 2
11, 72, 45, 100, 100, 98, 90, 60, 49, 31, 0, 10, 15, 2, 74, 0, 2
70, 86, 89, 80, 71, 100, 80, 81, 100, 50, 78, 20, 40, 6, 0, 0, 9
39, 74, 65, 100, 65, 60, 38, 21, 0, 0, 23, 22, 62, 4, 100, 4, 2
32, 100, 18, 63, 52, 30, 23, 0, 0, 37, 8, 79, 52, 94, 100, 99, 5
28, 91, 49, 71, 100, 35, 55, 0, 0, 24, 32, 63, 82, 100, 45, 100, 8
100, 67, 70, 100, 24, 88, 0, 46, 9, 0, 57, 2, 92, 34, 91, 75, 0
97, 87, 56, 74, 34, 95, 83, 100, 100, 68, 88, 36, 53, 8, 0, 0, 9
2, 100, 53, 99, 63, 66, 42, 33, 18, 0, 0, 22, 38, 37, 100, 41, 7
53, 100, 0, 77, 10, 45, 100, 43, 87, 66, 47, 77, 35, 39, 31, 0, 4
2, 85, 29, 100, 37, 71, 23, 41, 0, 15, 17, 0, 58, 2, 100, 8, 2
5, 96, 66, 100, 72, 65, 54, 24, 31, 0, 0, 38, 41, 53, 100, 51, 7
0, 86, 43, 100, 97, 91, 100, 57, 71, 26, 39, 0, 31, 35, 85, 30, 7
76, 100, 0, 90, 48, 62, 93, 29, 54, 0, 13, 27, 44, 64, 100, 94, 8
23, 97, 0, 52, 11, 4, 61, 0, 100, 36, 99, 84, 50, 100, 5, 77, 0
98, 96, 52, 96, 74, 64, 97, 100, 97, 70, 100, 28, 62, 0, 0, 14, 9
39, 100, 10, 76, 0, 41, 52, 25, 89, 45, 100, 67, 78, 33, 57, 0, 4
0, 86, 51, 100, 81, 83, 47, 58, 80, 45, 100, 20, 58, 0, 1, 1, 3
41, 96, 19, 61, 66, 43, 42, 2, 0, 0, 18, 51, 49, 89, 100, 100, 5
82, 100, 100, 86, 88, 71, 59, 57, 35, 44, 24, 29, 6, 14, 0, 0, 1
48, 68, 57, 100, 92, 91, 76, 54, 45, 21, 0, 0, 45, 22, 100, 4, 2
100, 98, 85, 99, 38, 100, 26, 71, 66, 56, 79, 36, 40, 18, 0, 0, 5
7, 51, 31, 90, 93, 100, 99, 58, 59, 21, 0, 0, 35, 17, 100, 5, 2
29, 76, 50, 100, 70, 74, 50, 42, 18, 16, 0, 0, 50, 7, 100, 7, 2
100, 100, 69, 76, 33, 52, 0, 27, 58, 33, 87, 53, 56, 28, 38, 0, 4
0, 68, 17, 84, 81, 100, 100, 81, 86, 60, 72, 40, 58, 20, 50, 0, 1
39, 100, 17, 84, 0, 63, 8, 42, 42, 33, 79, 30, 100, 18, 78, 0, 4
0, 70, 3, 91, 45, 100, 100, 100, 75, 75, 51, 50, 34, 24, 39, 0, 7
0, 71, 20, 92, 69, 100, 69, 77, 71, 54, 100, 34, 82, 12, 35, 0, 3
33, 90, 100, 100, 60, 98, 13, 66, 40, 63, 97, 41, 68, 6, 0, 0, 5
21, 73, 45, 100, 85, 99, 69, 67, 100, 47, 90, 16, 46, 0, 0, 6, 3
0, 75, 29, 100, 68, 97, 70, 61, 43, 29, 18, 2, 59, 0, 100, 3, 2
48, 100, 28, 71, 0, 43, 40, 32, 100, 37, 87, 58, 61, 29, 41, 0, 4
86, 100, 38, 80, 6, 51, 0, 18, 47, 0, 100, 13, 62, 30, 7, 18, 6
0, 74, 35, 100, 100, 96, 94, 63, 52, 35, 0, 11, 5, 0, 77, 6, 2
