@relation penbased-2
@attribute At1 integer [0, 100]
@attribute At2 integer [0, 100]
@attribute At3 integer [0, 100]
@attribute At4 integer [0, 100]
@attribute At5 integer [0, 100]
@attribute At6 integer [0, 100]
@attribute At7 integer [0, 100]
@attribute At8 integer [0, 100]
@attribute At9 integer [0, 100]
@attribute At10 integer [0, 100]
@attribute At11 integer [0, 100]
@attribute At12 integer [0, 100]
@attribute At13 integer [0, 100]
@attribute At14 integer [0, 100]
@attribute At15 integer [0, 100]
@attribute At16 integer [0, 100]
@attribute Class {0, 1, 2, 3, 4, 5, 6, 7, 8, 9}
@inputs At1, At2, At3, At4, At5, At6, At7, At8, At9, At10, At11, At12, At13, At14, At15, At16
@outputs Class
@data
91, 74, 54, 100, 0, 87, 23, 59, 81, 67, 100, 39, 79, 4, 21, 0, 9
12, 77, 20, 62, 78, 40, 50, 0, 1, 17, 0, 64, 23, 98, 100, 100, 5
10, 86, 34, 66, 68, 34, 34, 0, 4, 26, 0, 69, 34, 95, 100, 100, 5
73, 62, 53, 100, 0, 72, 82, 39, 100, 0, 15, 14, 52, 57, 90, 94, 8
11, 100, 0, 69, 15, 43, 87, 47, 100, 65, 74, 67, 71, 33, 66, 0, 4
29, 91, 14, 57, 66, 39, 30, 0, 0, 19, 3, 72, 39, 97, 100, 100, 5
57, 63, 100, 100, 0, 91, 36, 53, 95, 16, 2, 0, 5, 36, 91, 67, 8
0, 100, 61, 100, 100, 93, 63, 64, 36, 33, 14, 0, 9, 29, 47, 42, 7
0, 75, 31, 72, 67, 84, 100, 100, 94, 82, 80, 54, 68, 27, 56, 0, 1
100, 89, 40, 83, 63, 40, 84, 0, 0, 7, 53, 53, 80, 100, 3, 78, 8
0, 59, 77, 74, 100, 100, 17, 93, 7, 71, 82, 68, 45, 35, 20, 0, 9
30, 100, 16, 84, 0, 51, 28, 26, 80, 33, 100, 65, 79, 34, 68, 0, 4
98, 100, 52, 77, 18, 52, 0, 25, 25, 0, 100, 5, 97, 29, 23, 22, 6
0, 97, 43, 100, 58, 62, 41, 17, 26, 0, 8, 36, 54, 34, 100, 33, 7
100, 96, 71, 100, 42, 79, 49, 56, 91, 51, 82, 16, 42, 0, 0, 1, 5
53, 100, 23, 77, 0, 57, 74, 66, 100, 79, 70, 85, 44, 42, 16, 0, 4
58, 100, 0, 89, 44, 53, 100, 21, 63, 0, 62, 36, 87, 80, 25, 91, 8
39, 80, 21, 60, 35, 19, 12, 0, 0, 31, 16, 72, 51, 98, 100, 100, 5
95, 68, 77, 100, 21, 76, 60, 38, 68, 0, 0, 15, 29, 53, 100, 81, 8
91, 100, 66, 88, 31, 58, 15, 26, 50, 0, 100, 17, 67, 45, 0, 47, 6
70, 100, 46, 70, 12, 38, 0, 25, 52, 29, 100, 41, 96, 38, 90, 0, 4
0, 73, 28, 92, 73, 100, 100, 81, 85, 55, 58, 32, 36, 8, 79, 0, 2
43, 100, 98, 96, 77, 97, 37, 70, 60, 53, 100, 20, 47, 0, 0, 14, 5
22, 83, 62, 100, 92, 78, 51, 53, 55, 37, 100, 17, 55, 0, 0, 7, 3
100, 100, 44, 91, 7, 60, 0, 24, 46, 0, 99, 24, 41, 30, 19, 0, 6
100, 100, 57, 78, 25, 53, 12, 26, 30, 0, 88, 7, 65, 28, 0, 21, 6
0, 69, 10, 54, 67, 37, 47, 0, 14, 13, 17, 54, 34, 92, 100, 100, 5
13, 71, 40, 100, 65, 69, 41, 34, 0, 12, 2, 8, 51, 6, 100, 0, 2
17, 82, 56, 100, 100, 90, 64, 66, 85, 40, 94, 12, 48, 3, 0, 0, 3
21, 85, 8, 46, 61, 47, 39, 0, 0, 13, 11, 66, 35, 98, 100, 100, 5
0, 100, 67, 94, 83, 65, 57, 33, 41, 0, 0, 20, 29, 31, 100, 32, 7
54, 78, 77, 100, 64, 60, 36, 27, 0, 2, 12, 4, 56, 2, 100, 0, 2
0, 98, 4, 100, 59, 100, 100, 87, 96, 64, 75, 43, 51, 22, 40, 0, 7
79, 97, 0, 100, 9, 73, 89, 87, 100, 95, 79, 63, 60, 30, 57, 0, 9
84, 100, 37, 82, 7, 55, 0, 25, 35, 0, 100, 7, 85, 30, 23, 19, 6
22, 77, 89, 62, 98, 100, 32, 87, 68, 63, 100, 55, 81, 11, 0, 0, 9
77, 60, 77, 100, 10, 90, 15, 49, 40, 8, 0, 0, 32, 34, 100, 55, 8
48, 100, 39, 64, 0, 31, 89, 31, 100, 59, 77, 85, 71, 42, 63, 0, 4
35, 96, 100, 100, 44, 93, 0, 73, 27, 60, 85, 46, 76, 17, 21, 0, 5
0, 64, 47, 81, 100, 100, 91, 84, 65, 62, 47, 40, 42, 17, 63, 0, 1
31, 100, 4, 70, 0, 37, 66, 36, 100, 50, 66, 68, 36, 34, 14, 0, 4
64, 100, 32, 77, 16, 47, 16, 16, 58, 0, 100, 16, 49, 23, 0, 9, 6
100, 81, 55, 54, 0, 63, 23, 95, 84, 100, 94, 64, 74, 29, 35, 0, 9
100, 77, 58, 100, 16, 69, 0, 27, 40, 0, 93, 15, 95, 58, 53, 89, 0
93, 100, 52, 82, 19, 52, 12, 18, 60, 0, 100, 21, 44, 32, 0, 10, 6
0, 64, 48, 80, 100, 100, 95, 87, 76, 65, 67, 43, 57, 22, 71, 0, 1
0, 87, 9, 47, 80, 54, 80, 7, 24, 0, 2, 50, 25, 91, 100, 100, 5
53, 79, 44, 55, 22, 10, 0, 0, 32, 36, 66, 69, 100, 100, 61, 83, 8
100, 95, 68, 100, 34, 98, 19, 61, 53, 61, 61, 20, 31, 2, 0, 0, 5
14, 86, 0, 58, 58, 63, 77, 21, 27, 0, 14, 55, 36, 93, 100, 100, 5
45, 70, 77, 35, 58, 0, 0, 10, 48, 42, 100, 71, 84, 100, 26, 81, 8
29, 75, 29, 85, 100, 100, 85, 81, 59, 61, 38, 41, 15, 20, 0, 0, 1
99, 68, 58, 100, 0, 78, 47, 42, 100, 9, 39, 0, 47, 41, 100, 73, 8
0, 75, 36, 100, 63, 73, 47, 34, 14, 4, 4, 10, 52, 9, 100, 0, 2
13, 95, 17, 66, 83, 35, 77, 0, 0, 14, 42, 49, 100, 81, 34, 100, 8
0, 90, 47, 100, 65, 69, 48, 31, 37, 0, 14, 34, 49, 40, 100, 39, 7
26, 74, 54, 100, 70, 70, 49, 37, 18, 7, 0, 7, 49, 15, 100, 0, 2
8, 100, 0, 77, 0, 55, 29, 38, 71, 55, 71, 42, 71, 20, 100, 0, 4
81, 90, 29, 82, 0, 42, 10, 0, 70, 16, 100, 56, 96, 100, 47, 82, 0
9, 61, 16, 100, 58, 96, 41, 53, 7, 18, 0, 8, 49, 2, 100, 0, 2
42, 100, 22, 76, 0, 52, 26, 34, 82, 41, 100, 47, 74, 24, 57, 0, 4
100, 100, 35, 91, 0, 57, 1, 18, 67, 10, 96, 39, 27, 33, 16, 0, 6
100, 100, 63, 84, 32, 55, 13, 22, 43, 0, 81, 17, 36, 28, 0, 8, 6
16, 38, 67, 29, 43, 0, 22, 25, 66, 57, 100, 94, 50, 100, 0, 74, 8
26, 76, 23, 100, 52, 68, 43, 30, 0, 12, 49, 5, 97, 0, 100, 32, 2
38, 83, 40, 53, 55, 14, 11, 0, 0, 30, 10, 71, 52, 92, 100, 100, 5
0, 62, 34, 82, 84, 100, 100, 88, 89, 66, 79, 44, 76, 22, 84, 0, 1
98, 74, 82, 100, 6, 85, 10, 60, 87, 75, 100, 47, 69, 17, 0, 0, 9
66, 91, 100, 100, 90, 89, 53, 77, 29, 52, 58, 30, 38, 4, 0, 0, 5
17, 82, 3, 39, 30, 0, 81, 8, 100, 49, 74, 90, 24, 100, 0, 61, 0
64, 92, 3, 100, 25, 62, 44, 23, 0, 0, 1, 30, 55, 58, 100, 90, 8
0, 83, 32, 100, 75, 89, 39, 69, 49, 49, 100, 35, 70, 15, 21, 0, 3
20, 84, 60, 100, 93, 83, 60, 58, 73, 43, 100, 22, 54, 5, 0, 0, 3
0, 42, 10, 60, 68, 83, 100, 100, 77, 75, 61, 50, 48, 25, 35, 0, 1
66, 100, 45, 75, 71, 33, 46, 0, 0, 23, 6, 71, 45, 95, 100, 91, 5
91, 100, 48, 76, 17, 51, 0, 24, 28, 0, 100, 5, 78, 26, 0, 29, 6
100, 100, 55, 88, 20, 61, 0, 28, 19, 0, 66, 14, 62, 43, 17, 43, 6
9, 100, 10, 91, 0, 61, 0, 31, 55, 24, 90, 45, 88, 29, 100, 0, 4
66, 100, 25, 80, 4, 53, 0, 25, 26, 0, 94, 0, 100, 22, 45, 8, 6
26, 100, 38, 78, 66, 38, 45, 0, 15, 33, 0, 77, 34, 97, 100, 100, 5
55, 70, 73, 100, 62, 66, 49, 26, 30, 0, 0, 2, 50, 3, 100, 6, 1
0, 64, 46, 77, 81, 100, 100, 99, 96, 72, 88, 45, 74, 19, 85, 0, 1
34, 76, 0, 41, 8, 0, 65, 11, 100, 47, 99, 90, 42, 100, 7, 67, 0
50, 100, 63, 87, 26, 62, 0, 36, 59, 31, 100, 54, 80, 27, 76, 0, 4
75, 86, 100, 100, 95, 78, 65, 57, 90, 36, 81, 10, 42, 0, 0, 0, 3
80, 88, 43, 100, 9, 70, 0, 31, 28, 0, 78, 11, 100, 46, 90, 85, 0
9, 98, 16, 100, 0, 55, 65, 40, 100, 58, 80, 89, 52, 46, 33, 0, 4
100, 97, 58, 100, 21, 70, 0, 34, 21, 0, 71, 1, 57, 28, 11, 14, 6
38, 100, 14, 74, 0, 46, 39, 35, 93, 35, 100, 53, 86, 27, 70, 0, 4
79, 81, 57, 100, 17, 82, 62, 65, 99, 52, 100, 16, 52, 1, 0, 0, 9
100, 89, 52, 100, 25, 71, 45, 34, 38, 0, 0, 17, 34, 47, 76, 71, 8
14, 66, 23, 100, 41, 74, 24, 34, 0, 0, 22, 15, 61, 9, 100, 3, 2
31, 85, 63, 100, 75, 71, 39, 43, 0, 17, 11, 4, 58, 1, 100, 0, 2
100, 100, 54, 85, 21, 60, 0, 33, 2, 5, 52, 0, 54, 22, 1, 17, 6
44, 100, 16, 79, 0, 53, 20, 33, 61, 32, 100, 37, 85, 28, 81, 0, 4
100, 100, 55, 100, 13, 76, 0, 46, 12, 15, 64, 0, 78, 27, 26, 46, 6
75, 100, 46, 69, 22, 37, 12, 3, 66, 0, 100, 26, 45, 34, 0, 13, 6
9, 96, 1, 50, 12, 0, 69, 3, 100, 48, 82, 97, 28, 100, 0, 54, 0
42, 74, 67, 100, 63, 53, 36, 15, 0, 0, 24, 20, 62, 11, 100, 0, 2
99, 100, 54, 77, 26, 52, 17, 23, 51, 0, 100, 14, 61, 35, 0, 27, 6
41, 100, 0, 80, 52, 71, 68, 77, 83, 49, 100, 19, 65, 0, 6, 2, 9
43, 99, 19, 72, 53, 36, 30, 0, 0, 25, 10, 73, 42, 100, 100, 98, 5
21, 89, 34, 58, 62, 22, 31, 0, 8, 40, 0, 79, 48, 96, 100, 100, 5
14, 86, 46, 100, 50, 63, 34, 28, 0, 5, 18, 8, 62, 1, 100, 0, 2
0, 100, 14, 96, 75, 97, 100, 89, 61, 71, 40, 48, 36, 23, 47, 0, 7
13, 59, 0, 63, 42, 82, 90, 100, 100, 80, 80, 54, 59, 27, 45, 0, 1
0, 82, 38, 100, 74, 76, 49, 36, 15, 0, 6, 11, 35, 38, 100, 43, 7
73, 100, 45, 79, 18, 49, 7, 16, 49, 0, 100, 14, 55, 21, 0, 12, 6
69, 100, 22, 80, 0, 34, 31, 0, 80, 28, 100, 75, 56, 99, 7, 71, 0
0, 54, 50, 76, 80, 100, 60, 82, 52, 57, 60, 33, 88, 9, 100, 0, 1
17, 78, 30, 100, 55, 80, 31, 50, 0, 23, 4, 0, 52, 1, 100, 5, 2
61, 74, 78, 100, 100, 79, 73, 52, 87, 40, 87, 12, 41, 0, 0, 14, 3
0, 85, 49, 100, 100, 93, 69, 70, 38, 48, 96, 35, 91, 13, 36, 0, 3
32, 71, 47, 100, 83, 80, 70, 46, 31, 24, 0, 7, 50, 2, 100, 0, 2
100, 100, 56, 91, 25, 68, 4, 43, 0, 15, 37, 0, 61, 20, 12, 24, 6
34, 100, 34, 76, 0, 49, 58, 47, 100, 57, 100, 56, 90, 26, 82, 0, 4
88, 99, 9, 100, 0, 54, 55, 12, 4, 0, 24, 40, 100, 73, 63, 94, 8
87, 74, 64, 100, 11, 85, 68, 78, 100, 72, 84, 26, 38, 0, 0, 15, 9
0, 100, 73, 100, 100, 88, 71, 50, 60, 10, 46, 0, 20, 35, 97, 38, 7
56, 100, 17, 77, 0, 46, 45, 27, 100, 42, 83, 53, 38, 28, 6, 0, 4
56, 92, 15, 68, 0, 24, 39, 0, 86, 16, 100, 60, 76, 100, 30, 93, 0
65, 82, 93, 100, 93, 71, 69, 44, 36, 20, 0, 0, 48, 12, 100, 16, 2
22, 100, 34, 75, 0, 43, 38, 41, 100, 38, 97, 68, 91, 32, 72, 0, 4
4, 100, 23, 65, 89, 36, 100, 0, 20, 8, 32, 49, 79, 85, 0, 89, 8
100, 100, 58, 83, 30, 57, 20, 26, 42, 0, 80, 9, 47, 31, 0, 39, 6
84, 92, 41, 91, 37, 46, 66, 0, 0, 9, 46, 49, 100, 85, 33, 100, 8
17, 68, 27, 100, 68, 86, 54, 49, 21, 20, 0, 5, 50, 4, 100, 0, 2
100, 100, 64, 78, 36, 50, 22, 17, 55, 0, 90, 17, 45, 24, 0, 17, 6
100, 79, 81, 100, 41, 79, 62, 59, 93, 64, 80, 27, 46, 0, 0, 0, 9
0, 75, 32, 100, 80, 99, 66, 69, 68, 44, 100, 20, 60, 0, 6, 1, 3
67, 100, 47, 59, 0, 31, 5, 34, 69, 40, 100, 63, 72, 41, 57, 0, 4
22, 98, 0, 57, 42, 35, 7, 0, 3, 36, 7, 86, 49, 100, 100, 98, 5
9, 77, 0, 30, 29, 0, 70, 4, 100, 37, 84, 82, 47, 100, 17, 72, 0
8, 100, 23, 84, 0, 56, 26, 40, 100, 44, 72, 56, 68, 27, 89, 0, 4
0, 0, 32, 10, 66, 31, 92, 56, 97, 88, 61, 100, 57, 76, 100, 65, 9
81, 100, 29, 89, 0, 55, 3, 15, 51, 0, 94, 24, 100, 64, 68, 97, 0
37, 80, 81, 100, 95, 70, 68, 39, 32, 11, 0, 10, 48, 17, 100, 0, 2
97, 100, 56, 94, 20, 65, 0, 32, 20, 0, 93, 1, 100, 28, 30, 34, 6
20, 63, 29, 100, 58, 76, 44, 36, 11, 4, 0, 1, 50, 0, 100, 1, 2
52, 70, 100, 89, 50, 100, 0, 82, 55, 72, 96, 54, 77, 26, 55, 0, 9
0, 29, 32, 52, 68, 76, 100, 100, 95, 76, 89, 50, 78, 25, 76, 0, 1
48, 100, 89, 100, 76, 77, 69, 56, 100, 35, 89, 11, 45, 0, 0, 8, 3
0, 55, 39, 74, 76, 95, 100, 100, 87, 75, 72, 50, 61, 25, 57, 0, 1
0, 69, 23, 83, 82, 100, 100, 95, 86, 70, 75, 44, 62, 19, 64, 0, 1
100, 100, 56, 87, 24, 59, 5, 27, 29, 0, 79, 9, 38, 24, 0, 2, 6
61, 100, 33, 86, 0, 58, 55, 44, 100, 66, 89, 63, 61, 32, 34, 0, 4
33, 61, 41, 100, 41, 95, 39, 55, 37, 16, 0, 0, 50, 3, 100, 8, 1
36, 100, 18, 76, 0, 52, 13, 33, 60, 34, 100, 39, 93, 24, 86, 0, 4
40, 100, 27, 71, 65, 89, 13, 90, 60, 62, 100, 30, 62, 0, 0, 1, 9
19, 77, 0, 37, 13, 0, 63, 9, 97, 41, 100, 82, 58, 100, 15, 77, 0
32, 84, 0, 55, 18, 1, 76, 0, 100, 52, 71, 100, 34, 61, 43, 5, 0
0, 85, 31, 100, 59, 73, 55, 36, 46, 0, 27, 26, 47, 40, 100, 39, 7
0, 100, 50, 91, 68, 60, 58, 29, 26, 0, 9, 18, 23, 45, 100, 49, 7
55, 73, 57, 100, 92, 89, 75, 50, 43, 16, 0, 0, 44, 19, 100, 12, 2
62, 90, 15, 77, 10, 26, 56, 0, 100, 31, 93, 81, 42, 100, 0, 70, 0
81, 100, 55, 92, 17, 61, 3, 26, 41, 0, 100, 14, 65, 44, 0, 60, 6
0, 71, 24, 100, 64, 99, 69, 63, 53, 29, 28, 0, 57, 5, 100, 10, 2
0, 66, 25, 100, 48, 70, 43, 23, 26, 0, 21, 33, 60, 46, 100, 61, 7
0, 45, 27, 61, 63, 81, 100, 100, 84, 74, 63, 49, 41, 24, 20, 0, 1
0, 97, 2, 58, 19, 21, 65, 0, 100, 29, 98, 67, 66, 100, 16, 93, 0
79, 68, 100, 94, 47, 100, 0, 83, 27, 62, 84, 58, 91, 30, 80, 0, 9
60, 100, 33, 83, 0, 49, 8, 11, 68, 0, 100, 30, 48, 38, 32, 5, 6
59, 63, 97, 88, 100, 100, 89, 66, 78, 30, 55, 0, 0, 3, 80, 2, 1
0, 54, 27, 64, 63, 83, 100, 100, 97, 78, 81, 53, 68, 26, 63, 0, 1
47, 100, 17, 68, 0, 34, 9, 0, 71, 18, 97, 51, 100, 86, 48, 95, 0
20, 100, 13, 72, 0, 43, 29, 26, 88, 28, 100, 45, 68, 29, 69, 0, 4
11, 80, 10, 25, 46, 0, 87, 11, 100, 61, 69, 97, 26, 100, 0, 61, 0
33, 66, 72, 86, 100, 100, 76, 71, 70, 40, 55, 10, 0, 0, 13, 6, 1
26, 81, 67, 100, 82, 80, 53, 54, 77, 40, 100, 18, 56, 0, 0, 1, 3
33, 91, 79, 100, 100, 79, 79, 56, 41, 37, 0, 20, 37, 7, 93, 0, 2
0, 90, 3, 56, 51, 31, 43, 0, 15, 22, 9, 63, 38, 93, 100, 100, 5
46, 90, 14, 79, 9, 19, 61, 0, 100, 47, 76, 100, 18, 85, 0, 28, 0
75, 75, 36, 100, 6, 68, 62, 35, 100, 0, 0, 6, 31, 41, 93, 74, 8
0, 91, 61, 100, 78, 69, 58, 34, 56, 0, 38, 28, 34, 48, 100, 45, 7
65, 64, 9, 63, 20, 92, 73, 100, 100, 75, 80, 46, 42, 22, 0, 0, 9
42, 87, 80, 100, 70, 72, 58, 62, 100, 46, 87, 15, 42, 0, 0, 3, 3
0, 56, 44, 88, 67, 100, 68, 54, 70, 7, 11, 1, 37, 0, 100, 3, 1
60, 100, 14, 67, 100, 55, 80, 98, 39, 56, 0, 13, 80, 0, 50, 45, 8
40, 100, 16, 81, 0, 59, 22, 40, 81, 47, 100, 44, 79, 22, 67, 0, 4
6, 100, 18, 89, 14, 54, 0, 21, 54, 21, 99, 38, 92, 34, 100, 0, 4
50, 100, 28, 70, 79, 38, 65, 0, 0, 5, 20, 45, 37, 85, 100, 96, 5
0, 51, 33, 75, 68, 100, 51, 85, 53, 59, 58, 33, 65, 7, 100, 0, 1
27, 100, 0, 74, 60, 43, 100, 3, 34, 0, 29, 44, 74, 81, 10, 58, 8
0, 98, 43, 100, 68, 70, 66, 35, 56, 0, 39, 32, 49, 51, 100, 55, 7
0, 85, 34, 100, 85, 78, 75, 38, 56, 0, 14, 16, 29, 37, 100, 37, 7
52, 100, 26, 68, 0, 36, 52, 36, 100, 40, 84, 69, 62, 35, 48, 0, 4
65, 64, 86, 80, 75, 100, 0, 79, 18, 54, 100, 68, 78, 41, 49, 0, 9
16, 100, 0, 65, 43, 57, 100, 70, 99, 87, 97, 76, 84, 38, 73, 0, 4
48, 97, 7, 76, 22, 35, 0, 0, 5, 31, 49, 65, 100, 95, 52, 100, 8
24, 88, 0, 46, 54, 45, 20, 0, 24, 55, 38, 95, 51, 94, 100, 100, 5
25, 100, 5, 70, 0, 40, 72, 44, 100, 57, 70, 64, 72, 32, 60, 0, 4
37, 92, 6, 59, 0, 13, 39, 0, 78, 25, 100, 65, 75, 100, 30, 100, 0
75, 100, 35, 82, 2, 53, 0, 21, 44, 0, 100, 8, 68, 31, 16, 21, 6
45, 98, 13, 71, 13, 21, 59, 0, 100, 34, 81, 79, 28, 100, 0, 67, 0
69, 98, 82, 55, 100, 100, 44, 82, 92, 72, 91, 46, 64, 0, 0, 0, 9
32, 86, 72, 100, 74, 71, 44, 44, 3, 22, 0, 18, 54, 18, 100, 0, 2
16, 73, 38, 100, 60, 76, 40, 43, 7, 16, 0, 9, 50, 0, 100, 1, 2
59, 100, 12, 74, 0, 34, 29, 0, 81, 21, 100, 59, 91, 98, 35, 83, 0
100, 100, 57, 81, 23, 58, 0, 35, 7, 9, 61, 0, 68, 20, 20, 22, 6
43, 98, 0, 69, 57, 49, 62, 7, 15, 0, 17, 50, 34, 95, 100, 100, 5
0, 88, 18, 100, 68, 97, 59, 70, 55, 50, 100, 37, 84, 11, 35, 0, 3
16, 67, 30, 100, 76, 97, 71, 57, 41, 23, 0, 0, 50, 3, 100, 1, 2
41, 100, 6, 89, 0, 57, 12, 25, 54, 4, 100, 24, 55, 25, 17, 0, 6
39, 83, 17, 65, 37, 26, 17, 0, 0, 36, 44, 70, 100, 100, 32, 93, 8
31, 100, 0, 80, 4, 30, 37, 0, 81, 8, 100, 47, 70, 82, 26, 91, 0
97, 89, 68, 100, 32, 68, 13, 32, 39, 0, 100, 10, 46, 26, 0, 10, 6
48, 100, 24, 62, 0, 35, 93, 33, 100, 67, 74, 77, 63, 39, 56, 0, 4
8, 77, 39, 95, 86, 100, 100, 80, 68, 59, 73, 35, 40, 15, 0, 0, 3
100, 100, 39, 84, 58, 51, 88, 20, 25, 0, 0, 24, 42, 54, 98, 81, 8
13, 85, 76, 100, 100, 69, 74, 35, 40, 1, 12, 0, 0, 33, 81, 37, 7
7, 84, 45, 100, 79, 83, 53, 66, 100, 52, 93, 19, 50, 0, 0, 5, 3
43, 77, 53, 100, 95, 94, 68, 67, 80, 53, 100, 29, 57, 7, 0, 0, 3
27, 95, 1, 56, 41, 32, 16, 0, 0, 24, 12, 75, 55, 93, 100, 100, 5
1, 92, 0, 49, 26, 0, 80, 1, 100, 51, 74, 100, 24, 83, 27, 29, 0
40, 83, 71, 100, 99, 79, 66, 54, 84, 44, 100, 18, 56, 0, 0, 3, 3
52, 100, 33, 80, 0, 57, 32, 42, 82, 43, 100, 50, 69, 26, 43, 0, 4
65, 100, 45, 90, 14, 57, 0, 23, 43, 0, 100, 16, 80, 45, 35, 27, 6
63, 100, 17, 67, 0, 29, 58, 24, 100, 35, 86, 88, 82, 53, 78, 0, 4
100, 80, 60, 71, 45, 94, 88, 100, 88, 70, 67, 42, 34, 18, 0, 0, 9
100, 66, 74, 100, 24, 88, 43, 63, 94, 77, 89, 36, 52, 1, 0, 0, 9
0, 100, 1, 77, 25, 58, 66, 56, 100, 69, 92, 48, 90, 24, 94, 0, 4
8, 72, 41, 100, 70, 72, 47, 35, 9, 7, 0, 6, 50, 9, 100, 0, 2
15, 73, 39, 100, 93, 95, 81, 62, 43, 34, 0, 10, 39, 0, 100, 4, 2
56, 100, 29, 74, 0, 40, 51, 38, 100, 44, 77, 73, 58, 36, 35, 0, 4
26, 25, 23, 41, 62, 71, 100, 100, 88, 93, 55, 62, 24, 31, 0, 0, 1
26, 94, 75, 100, 92, 77, 45, 59, 81, 43, 100, 11, 51, 0, 0, 1, 3
9, 100, 0, 81, 0, 58, 14, 35, 62, 33, 79, 44, 81, 21, 100, 0, 4
55, 94, 30, 100, 84, 99, 63, 66, 77, 58, 100, 31, 60, 3, 0, 0, 3
0, 20, 47, 42, 78, 70, 100, 100, 88, 86, 66, 56, 40, 27, 7, 0, 1
31, 100, 34, 63, 75, 30, 36, 0, 0, 25, 7, 69, 37, 97, 100, 96, 5
0, 66, 20, 100, 56, 88, 44, 47, 14, 15, 13, 0, 56, 5, 100, 11, 2
5, 68, 23, 100, 63, 78, 55, 32, 14, 4, 0, 15, 50, 10, 100, 0, 2
0, 93, 41, 100, 78, 79, 66, 40, 60, 0, 100, 14, 76, 32, 26, 35, 7
0, 88, 37, 100, 85, 90, 63, 46, 48, 0, 27, 18, 45, 37, 100, 38, 7
0, 87, 47, 100, 96, 94, 100, 57, 77, 22, 49, 0, 26, 29, 76, 37, 7
34, 62, 51, 96, 55, 56, 50, 13, 0, 0, 6, 56, 38, 100, 100, 90, 5
5, 64, 30, 83, 100, 100, 75, 80, 50, 60, 25, 40, 0, 20, 5, 0, 1
69, 100, 39, 63, 0, 29, 35, 35, 100, 34, 98, 65, 79, 41, 73, 0, 4
0, 61, 39, 79, 74, 99, 100, 100, 85, 75, 65, 49, 44, 24, 24, 0, 1
79, 100, 31, 77, 0, 51, 68, 43, 100, 68, 76, 53, 41, 27, 14, 0, 4
0, 96, 55, 100, 100, 84, 96, 52, 74, 21, 52, 0, 19, 27, 67, 39, 7
100, 100, 56, 80, 26, 55, 1, 27, 11, 0, 69, 4, 50, 19, 0, 14, 6
0, 82, 36, 100, 77, 84, 78, 43, 73, 3, 50, 0, 48, 26, 100, 32, 7
0, 61, 34, 68, 68, 82, 100, 100, 100, 87, 81, 58, 63, 30, 50, 0, 1
100, 81, 58, 64, 29, 89, 74, 100, 87, 65, 91, 29, 63, 0, 0, 9, 9
55, 77, 45, 66, 100, 88, 49, 100, 0, 78, 69, 63, 70, 32, 59, 0, 9
48, 100, 31, 64, 3, 31, 0, 21, 62, 16, 100, 35, 93, 37, 89, 0, 4
17, 100, 0, 60, 12, 16, 59, 0, 100, 27, 95, 70, 51, 93, 15, 63, 0
0, 90, 45, 100, 85, 88, 57, 64, 69, 40, 100, 17, 67, 1, 17, 0, 3
10, 68, 25, 34, 20, 0, 2, 24, 0, 66, 30, 88, 65, 95, 100, 100, 5
75, 100, 13, 74, 6, 52, 100, 50, 93, 82, 68, 72, 37, 36, 0, 0, 4
100, 100, 67, 99, 26, 68, 0, 34, 15, 0, 88, 10, 60, 31, 26, 4, 6
0, 0, 18, 27, 48, 49, 76, 73, 100, 100, 94, 73, 82, 40, 82, 9, 1
14, 91, 0, 96, 56, 100, 100, 90, 87, 66, 62, 44, 35, 22, 10, 0, 7
37, 85, 74, 100, 73, 68, 49, 38, 19, 10, 0, 4, 51, 10, 100, 0, 2
46, 96, 57, 70, 78, 30, 37, 0, 1, 25, 0, 72, 40, 100, 100, 95, 5
56, 86, 39, 69, 100, 34, 59, 0, 0, 17, 53, 54, 95, 94, 22, 100, 8
0, 93, 46, 100, 76, 80, 70, 40, 66, 0, 44, 15, 51, 41, 100, 39, 7
46, 92, 18, 64, 62, 40, 28, 0, 0, 9, 4, 63, 28, 100, 100, 98, 5
0, 95, 21, 65, 86, 30, 54, 0, 14, 25, 68, 62, 100, 100, 0, 90, 8
0, 47, 7, 58, 48, 79, 90, 100, 100, 81, 85, 54, 67, 27, 51, 0, 1
32, 42, 26, 0, 71, 1, 100, 36, 87, 79, 45, 100, 0, 81, 0, 41, 0
16, 92, 0, 70, 68, 36, 68, 0, 15, 25, 53, 63, 100, 100, 34, 92, 8
0, 28, 22, 49, 58, 74, 92, 100, 100, 90, 78, 59, 55, 29, 46, 0, 1
0, 43, 26, 65, 57, 84, 94, 100, 100, 79, 87, 52, 75, 26, 66, 0, 1
0, 43, 46, 66, 73, 90, 79, 100, 81, 74, 85, 49, 88, 24, 100, 0, 1
0, 82, 10, 99, 54, 99, 98, 100, 100, 80, 78, 55, 62, 28, 57, 0, 7
24, 91, 10, 69, 65, 40, 46, 0, 0, 11, 8, 57, 29, 98, 100, 100, 5
49, 97, 23, 67, 72, 36, 35, 0, 0, 20, 4, 69, 32, 96, 100, 100, 5
35, 74, 17, 80, 96, 100, 100, 93, 70, 70, 39, 47, 13, 23, 0, 0, 1
0, 86, 37, 100, 85, 93, 72, 67, 94, 36, 100, 4, 53, 0, 6, 11, 3
0, 85, 42, 100, 79, 80, 70, 40, 75, 0, 44, 14, 42, 39, 100, 48, 7
0, 93, 43, 100, 78, 77, 60, 39, 52, 0, 34, 12, 43, 38, 100, 32, 7
68, 100, 34, 88, 0, 62, 6, 42, 70, 49, 100, 51, 62, 27, 42, 0, 4
100, 83, 37, 70, 0, 84, 52, 100, 94, 82, 95, 55, 91, 27, 92, 0, 9
32, 100, 0, 79, 16, 51, 77, 49, 100, 80, 70, 62, 45, 32, 26, 0, 4
79, 100, 28, 87, 0, 52, 7, 13, 57, 0, 99, 26, 100, 65, 71, 100, 0
33, 75, 68, 100, 100, 98, 52, 92, 37, 51, 79, 35, 47, 6, 0, 0, 5
47, 93, 92, 100, 100, 96, 55, 84, 60, 57, 83, 25, 45, 5, 0, 0, 5
33, 100, 0, 76, 45, 78, 67, 86, 86, 57, 100, 26, 80, 0, 29, 3, 9
57, 51, 100, 74, 87, 100, 27, 94, 0, 69, 57, 58, 75, 32, 65, 0, 9
15, 73, 23, 44, 41, 6, 1, 0, 0, 44, 18, 90, 59, 100, 100, 90, 5
56, 88, 10, 61, 0, 15, 50, 0, 91, 35, 100, 81, 52, 100, 9, 67, 0
48, 51, 100, 74, 72, 100, 0, 85, 6, 62, 88, 60, 99, 31, 82, 0, 9
0, 95, 43, 100, 100, 92, 85, 70, 48, 32, 54, 0, 93, 35, 50, 38, 7
52, 84, 19, 94, 0, 50, 20, 7, 66, 0, 100, 33, 96, 79, 54, 100, 0
37, 82, 18, 81, 58, 46, 56, 2, 0, 0, 12, 47, 37, 90, 100, 100, 5
25, 100, 0, 76, 11, 45, 79, 46, 100, 73, 86, 70, 79, 35, 70, 0, 4
15, 86, 49, 100, 100, 99, 93, 78, 57, 60, 64, 36, 42, 15, 0, 0, 3
0, 91, 53, 100, 97, 88, 79, 65, 47, 45, 15, 23, 39, 5, 100, 0, 2
21, 100, 22, 74, 0, 45, 34, 36, 100, 33, 97, 62, 84, 31, 77, 0, 4
14, 75, 39, 100, 99, 94, 81, 64, 45, 41, 100, 27, 57, 4, 0, 0, 3
0, 56, 34, 68, 69, 83, 100, 100, 97, 75, 87, 50, 78, 24, 76, 0, 1
62, 100, 26, 78, 0, 45, 8, 9, 54, 0, 100, 8, 62, 20, 17, 11, 6
100, 88, 72, 100, 27, 88, 6, 58, 34, 51, 68, 37, 43, 8, 0, 0, 5
47, 84, 65, 100, 85, 75, 67, 46, 100, 35, 86, 9, 41, 0, 0, 8, 3
95, 100, 66, 81, 31, 52, 12, 18, 53, 0, 100, 18, 56, 35, 0, 28, 6
74, 88, 25, 100, 0, 50, 22, 1, 78, 0, 100, 47, 63, 88, 8, 91, 0
24, 75, 60, 100, 74, 63, 45, 25, 2, 0, 0, 15, 51, 19, 100, 8, 2
35, 91, 4, 68, 0, 25, 42, 0, 89, 25, 100, 67, 63, 100, 13, 83, 0
66, 76, 34, 100, 5, 76, 43, 39, 44, 0, 0, 17, 45, 50, 100, 76, 8
0, 59, 5, 73, 61, 91, 100, 100, 75, 75, 52, 51, 33, 25, 25, 0, 1
42, 100, 0, 66, 61, 57, 64, 12, 19, 0, 15, 47, 30, 90, 100, 96, 5
41, 94, 5, 74, 62, 66, 51, 100, 56, 68, 100, 34, 60, 2, 0, 0, 9
70, 100, 36, 70, 0, 41, 25, 31, 90, 36, 100, 45, 80, 33, 62, 0, 4
38, 100, 7, 91, 0, 62, 33, 40, 91, 48, 100, 54, 69, 28, 56, 0, 4
0, 34, 55, 65, 89, 100, 82, 58, 82, 17, 39, 1, 9, 0, 100, 1, 1
0, 100, 15, 95, 1, 63, 33, 40, 100, 48, 94, 65, 93, 32, 90, 0, 4
48, 91, 20, 60, 0, 28, 18, 0, 66, 15, 90, 45, 100, 79, 69, 100, 0
29, 100, 8, 62, 0, 20, 41, 0, 87, 19, 100, 59, 60, 86, 8, 89, 0
52, 90, 100, 100, 60, 92, 32, 60, 79, 57, 86, 22, 44, 0, 0, 14, 5
30, 75, 47, 100, 64, 69, 47, 35, 15, 8, 0, 0, 50, 5, 100, 0, 2
33, 79, 75, 100, 99, 75, 71, 45, 24, 25, 0, 29, 55, 21, 100, 0, 2
100, 69, 76, 100, 13, 91, 12, 65, 76, 76, 84, 43, 60, 9, 0, 0, 9
93, 77, 47, 100, 8, 68, 70, 33, 74, 0, 0, 20, 52, 57, 100, 92, 8
52, 100, 25, 67, 0, 33, 46, 28, 100, 33, 99, 65, 73, 35, 53, 0, 4
40, 84, 33, 81, 100, 42, 81, 0, 0, 13, 46, 57, 94, 100, 11, 90, 8
100, 99, 65, 100, 33, 77, 11, 51, 0, 22, 21, 0, 52, 19, 11, 20, 6
32, 63, 52, 100, 86, 69, 70, 24, 24, 0, 0, 4, 53, 2, 100, 1, 2
21, 86, 55, 100, 87, 79, 62, 49, 83, 38, 100, 12, 52, 0, 0, 4, 3
100, 81, 65, 97, 24, 100, 7, 64, 41, 57, 65, 25, 31, 0, 0, 5, 5
32, 84, 66, 100, 100, 80, 64, 40, 30, 0, 68, 11, 36, 52, 0, 91, 8
67, 92, 32, 87, 0, 44, 72, 50, 100, 62, 63, 100, 62, 48, 59, 0, 4
42, 100, 41, 78, 18, 51, 0, 23, 60, 24, 94, 41, 89, 27, 100, 0, 4
0, 46, 37, 60, 69, 80, 100, 100, 94, 78, 88, 51, 85, 24, 87, 0, 1
43, 92, 100, 100, 85, 97, 19, 90, 55, 66, 90, 37, 64, 8, 0, 0, 5
77, 82, 55, 100, 45, 76, 91, 81, 100, 47, 90, 14, 46, 0, 0, 10, 9
100, 100, 53, 79, 19, 54, 11, 24, 45, 0, 98, 8, 51, 21, 0, 7, 6
54, 97, 20, 73, 48, 34, 35, 0, 0, 22, 50, 50, 100, 78, 71, 100, 8
0, 58, 40, 72, 74, 90, 100, 100, 89, 74, 78, 47, 69, 19, 68, 0, 1
36, 100, 21, 66, 0, 31, 20, 24, 93, 22, 100, 45, 80, 35, 81, 0, 4
48, 100, 39, 89, 14, 56, 12, 19, 57, 0, 100, 17, 52, 30, 0, 15, 6
0, 83, 36, 100, 66, 78, 53, 39, 41, 0, 24, 34, 56, 50, 100, 55, 7
5, 73, 48, 68, 100, 100, 27, 88, 0, 59, 76, 71, 72, 42, 53, 0, 9
51, 71, 53, 100, 87, 83, 69, 43, 34, 11, 0, 6, 50, 14, 100, 0, 2
100, 75, 82, 100, 29, 91, 20, 74, 74, 74, 63, 42, 30, 15, 0, 0, 9
0, 89, 38, 100, 65, 85, 55, 60, 69, 37, 100, 18, 81, 0, 45, 1, 3
40, 85, 1, 60, 43, 46, 26, 2, 0, 0, 9, 53, 42, 89, 100, 100, 5
0, 78, 34, 100, 80, 91, 63, 57, 57, 43, 100, 25, 72, 0, 24, 1, 3
0, 37, 15, 60, 52, 81, 92, 100, 100, 82, 80, 55, 60, 27, 43, 0, 1
100, 100, 64, 97, 36, 70, 13, 41, 9, 11, 52, 0, 51, 17, 0, 15, 6
94, 97, 56, 96, 0, 100, 5, 67, 58, 53, 100, 27, 63, 0, 11, 1, 5
0, 79, 28, 100, 54, 90, 46, 62, 28, 36, 18, 9, 52, 0, 100, 5, 2
56, 100, 29, 73, 0, 41, 30, 35, 100, 34, 95, 65, 78, 31, 80, 0, 4
13, 88, 60, 100, 100, 86, 64, 59, 72, 42, 98, 17, 50, 3, 0, 0, 3
36, 87, 73, 100, 100, 85, 76, 63, 87, 33, 86, 3, 43, 0, 0, 4, 3
0, 100, 56, 97, 82, 65, 74, 31, 39, 0, 3, 5, 23, 34, 100, 43, 7
0, 75, 22, 100, 58, 86, 56, 50, 29, 22, 14, 1, 58, 0, 100, 4, 2
26, 64, 34, 100, 65, 77, 43, 36, 1, 11, 0, 8, 50, 4, 100, 0, 2
43, 55, 14, 40, 38, 0, 79, 23, 100, 66, 81, 100, 35, 78, 0, 44, 0
89, 81, 55, 100, 44, 76, 92, 77, 100, 46, 94, 4, 46, 0, 0, 13, 9
22, 89, 69, 100, 82, 76, 61, 49, 100, 36, 93, 10, 42, 0, 0, 8, 3
72, 69, 82, 97, 4, 100, 0, 74, 91, 78, 100, 53, 60, 27, 24, 0, 9
0, 43, 26, 68, 70, 100, 73, 80, 67, 41, 55, 3, 27, 0, 100, 0, 1
75, 100, 100, 99, 83, 83, 75, 66, 50, 49, 25, 33, 8, 17, 0, 0, 1
0, 98, 34, 100, 53, 78, 47, 47, 72, 26, 100, 8, 68, 0, 36, 8, 3
59, 61, 91, 100, 37, 92, 36, 46, 45, 0, 0, 6, 35, 36, 100, 38, 8
73, 95, 7, 76, 78, 40, 100, 2, 0, 0, 37, 41, 82, 82, 51, 100, 8
84, 70, 94, 100, 48, 90, 60, 66, 100, 68, 78, 32, 47, 0, 0, 2, 9
73, 99, 37, 100, 62, 73, 89, 91, 99, 51, 100, 13, 52, 0, 0, 1, 9
39, 68, 67, 100, 74, 78, 78, 38, 86, 0, 100, 4, 39, 7, 0, 14, 1
57, 94, 18, 85, 4, 37, 39, 0, 94, 17, 100, 65, 60, 100, 0, 99, 0
98, 89, 72, 100, 54, 77, 100, 83, 85, 69, 70, 41, 45, 15, 0, 0, 9
0, 43, 35, 61, 67, 81, 100, 100, 93, 75, 86, 50, 82, 25, 81, 0, 1
100, 100, 58, 89, 34, 55, 25, 18, 58, 0, 79, 32, 39, 48, 0, 27, 6
0, 83, 37, 100, 84, 98, 76, 76, 80, 44, 100, 13, 62, 0, 15, 4, 3
60, 90, 94, 64, 88, 100, 56, 71, 100, 83, 100, 35, 67, 2, 0, 0, 9
0, 91, 40, 100, 100, 100, 91, 61, 77, 21, 62, 0, 29, 35, 81, 44, 7
24, 64, 52, 93, 67, 100, 57, 48, 39, 0, 0, 0, 50, 1, 100, 2, 1
60, 74, 89, 100, 96, 78, 68, 50, 34, 24, 0, 2, 51, 7, 100, 0, 2
51, 100, 18, 73, 0, 34, 20, 0, 63, 2, 95, 31, 100, 72, 66, 90, 0
17, 85, 18, 100, 46, 70, 39, 35, 0, 14, 34, 8, 88, 0, 100, 23, 2
100, 66, 61, 100, 0, 51, 8, 0, 82, 32, 92, 89, 64, 61, 8, 8, 0
12, 79, 62, 46, 100, 12, 23, 0, 41, 33, 86, 67, 82, 100, 0, 88, 8
36, 59, 56, 100, 73, 62, 49, 22, 0, 9, 34, 17, 73, 0, 100, 29, 2
11, 58, 85, 41, 87, 0, 0, 9, 23, 50, 100, 78, 71, 100, 10, 77, 8
54, 73, 78, 100, 90, 67, 67, 31, 29, 3, 0, 8, 49, 10, 100, 0, 2
86, 100, 36, 80, 1, 49, 0, 14, 56, 0, 100, 23, 51, 37, 2, 16, 6
24, 97, 55, 60, 77, 22, 21, 0, 0, 31, 51, 62, 100, 95, 30, 100, 8
3, 85, 42, 100, 88, 89, 65, 60, 26, 36, 0, 11, 51, 0, 100, 2, 2
0, 80, 53, 100, 100, 77, 70, 38, 32, 2, 9, 0, 19, 27, 89, 34, 7
44, 94, 6, 65, 0, 18, 46, 0, 92, 22, 100, 66, 64, 100, 21, 88, 0
25, 79, 57, 100, 85, 78, 56, 45, 84, 42, 100, 11, 52, 0, 0, 2, 3
2, 82, 42, 100, 100, 97, 76, 73, 42, 53, 85, 33, 56, 8, 0, 0, 3
43, 100, 15, 71, 0, 35, 13, 0, 71, 20, 100, 54, 100, 91, 39, 97, 0
37, 100, 1, 66, 9, 10, 58, 0, 100, 31, 97, 85, 48, 99, 0, 81, 0
0, 0, 36, 9, 69, 28, 91, 51, 100, 78, 81, 100, 47, 86, 64, 63, 9
0, 0, 33, 12, 66, 35, 90, 61, 100, 89, 57, 100, 25, 79, 58, 60, 9
50, 100, 22, 84, 0, 54, 45, 34, 100, 41, 100, 64, 88, 32, 84, 0, 4
43, 100, 0, 88, 67, 47, 85, 0, 17, 16, 83, 56, 100, 93, 17, 74, 8
26, 93, 61, 100, 69, 74, 79, 55, 100, 32, 81, 8, 41, 0, 0, 4, 3
73, 100, 12, 90, 0, 55, 65, 61, 100, 71, 99, 32, 65, 0, 3, 6, 9
0, 81, 9, 100, 40, 85, 33, 54, 11, 26, 18, 9, 60, 4, 100, 0, 2
0, 77, 30, 100, 84, 98, 76, 65, 44, 36, 5, 10, 46, 2, 100, 0, 2
0, 79, 35, 100, 71, 83, 45, 55, 84, 47, 100, 20, 57, 0, 3, 0, 3
69, 84, 31, 100, 29, 65, 76, 86, 81, 76, 100, 31, 58, 4, 0, 0, 9
80, 86, 46, 100, 0, 78, 42, 57, 100, 75, 98, 62, 88, 29, 75, 0, 9
69, 100, 42, 83, 0, 61, 9, 39, 77, 41, 100, 47, 62, 24, 33, 0, 4
0, 86, 35, 100, 89, 89, 68, 63, 58, 46, 100, 25, 71, 2, 8, 0, 3
100, 100, 61, 96, 33, 73, 11, 48, 0, 21, 24, 0, 59, 15, 17, 22, 6
62, 99, 100, 100, 62, 96, 29, 85, 33, 57, 55, 32, 38, 8, 0, 0, 5
41, 100, 5, 70, 0, 21, 39, 0, 83, 22, 100, 66, 57, 89, 11, 75, 0
21, 61, 65, 78, 100, 100, 85, 83, 79, 57, 77, 30, 60, 6, 0, 0, 1
41, 79, 56, 100, 89, 82, 65, 55, 84, 38, 100, 9, 51, 0, 0, 5, 3
100, 100, 69, 91, 43, 72, 18, 49, 0, 22, 16, 0, 34, 11, 3, 10, 6
51, 100, 17, 77, 17, 21, 63, 0, 100, 42, 83, 93, 29, 99, 0, 52, 0
18, 68, 50, 54, 100, 19, 30, 0, 24, 35, 84, 68, 90, 100, 0, 84, 8
29, 100, 0, 70, 35, 48, 82, 61, 100, 96, 71, 65, 41, 33, 16, 0, 4
12, 100, 0, 79, 2, 48, 52, 47, 100, 58, 82, 67, 73, 34, 66, 0, 4
100, 94, 51, 83, 0, 76, 40, 100, 80, 96, 58, 61, 29, 30, 8, 0, 9
60, 100, 28, 88, 7, 59, 0, 28, 33, 2, 100, 0, 87, 15, 22, 4, 6
70, 100, 27, 95, 49, 70, 93, 87, 90, 50, 100, 9, 52, 0, 0, 4, 9
0, 83, 26, 100, 45, 80, 27, 52, 6, 27, 29, 10, 65, 5, 100, 0, 2
48, 87, 13, 59, 0, 10, 43, 0, 84, 29, 100, 77, 64, 100, 26, 68, 0
28, 78, 57, 100, 61, 67, 33, 33, 0, 7, 17, 0, 59, 1, 100, 0, 2
24, 90, 46, 70, 100, 91, 45, 100, 0, 77, 66, 73, 69, 38, 45, 0, 9
44, 72, 69, 100, 100, 86, 67, 61, 76, 49, 77, 13, 37, 0, 0, 19, 3
0, 91, 40, 100, 85, 91, 73, 46, 62, 0, 38, 3, 49, 32, 100, 35, 7
29, 100, 18, 58, 29, 13, 78, 0, 100, 38, 82, 81, 36, 98, 0, 65, 0
0, 50, 38, 68, 65, 93, 100, 100, 88, 75, 72, 50, 60, 25, 45, 0, 1
63, 100, 28, 79, 4, 51, 0, 21, 37, 0, 100, 9, 68, 27, 7, 19, 6
0, 41, 31, 62, 64, 81, 99, 100, 100, 77, 84, 50, 65, 24, 58, 0, 1
0, 90, 48, 100, 100, 95, 82, 64, 56, 32, 42, 0, 17, 24, 70, 26, 7
0, 58, 62, 82, 78, 100, 41, 75, 30, 50, 32, 24, 30, 2, 100, 0, 1
0, 95, 43, 100, 89, 94, 73, 51, 62, 6, 47, 0, 51, 35, 100, 38, 7
0, 90, 36, 100, 53, 76, 15, 51, 67, 46, 100, 20, 61, 0, 10, 7, 3
0, 77, 49, 100, 100, 74, 85, 37, 58, 0, 93, 13, 69, 48, 5, 74, 8
0, 78, 25, 100, 66, 98, 87, 71, 62, 40, 32, 13, 58, 0, 100, 3, 2
0, 100, 1, 58, 20, 17, 58, 0, 94, 19, 100, 64, 69, 92, 28, 90, 0
0, 95, 57, 100, 100, 74, 73, 35, 32, 0, 5, 25, 34, 46, 100, 47, 7
39, 100, 16, 74, 40, 57, 14, 80, 32, 35, 0, 7, 18, 0, 100, 8, 1
55, 100, 13, 73, 46, 41, 50, 7, 0, 0, 16, 56, 48, 94, 100, 86, 5
0, 89, 52, 100, 94, 89, 77, 63, 49, 40, 19, 17, 40, 0, 100, 3, 2
2, 91, 80, 100, 82, 67, 57, 33, 28, 0, 0, 17, 13, 40, 100, 44, 7
74, 76, 31, 60, 0, 76, 37, 100, 85, 94, 100, 60, 86, 27, 54, 0, 9
0, 41, 73, 63, 100, 87, 86, 100, 73, 75, 64, 50, 64, 25, 77, 0, 1
0, 83, 35, 100, 73, 89, 70, 45, 67, 0, 46, 10, 57, 32, 100, 33, 7
70, 97, 28, 78, 65, 53, 57, 9, 0, 0, 13, 42, 51, 86, 100, 100, 5
25, 90, 0, 48, 13, 0, 79, 13, 100, 61, 60, 100, 3, 73, 10, 29, 0
1, 72, 34, 100, 60, 84, 43, 46, 13, 13, 0, 0, 54, 2, 100, 4, 2
64, 83, 16, 87, 11, 43, 0, 0, 5, 33, 54, 68, 100, 100, 25, 90, 8
0, 100, 68, 94, 95, 77, 67, 47, 41, 15, 29, 0, 28, 30, 100, 33, 7
31, 74, 62, 37, 55, 0, 0, 17, 46, 49, 100, 78, 83, 100, 34, 72, 8
0, 54, 46, 77, 100, 100, 79, 80, 71, 55, 65, 30, 56, 5, 100, 0, 1
0, 82, 39, 96, 88, 100, 100, 82, 73, 61, 67, 36, 48, 14, 7, 0, 3
34, 87, 51, 100, 99, 84, 51, 54, 100, 54, 100, 18, 35, 0, 0, 16, 3
49, 86, 84, 100, 100, 76, 74, 52, 99, 30, 81, 6, 38, 0, 0, 11, 3
0, 95, 52, 100, 100, 89, 84, 57, 60, 27, 35, 0, 12, 29, 65, 35, 7
0, 82, 38, 100, 71, 79, 40, 51, 59, 41, 100, 20, 64, 0, 9, 5, 3
78, 86, 61, 100, 0, 100, 7, 64, 62, 51, 100, 25, 63, 0, 7, 5, 5
0, 95, 28, 100, 50, 69, 43, 27, 33, 0, 14, 36, 57, 36, 100, 41, 7
95, 100, 57, 92, 83, 76, 100, 88, 88, 64, 68, 39, 39, 18, 0, 0, 9
0, 93, 39, 100, 90, 89, 87, 45, 86, 0, 41, 13, 45, 36, 100, 44, 7
5, 100, 10, 71, 33, 71, 33, 80, 48, 37, 40, 0, 0, 4, 100, 6, 1
23, 75, 54, 100, 62, 58, 39, 18, 0, 0, 14, 19, 57, 5, 100, 10, 2
26, 90, 75, 74, 70, 100, 0, 85, 83, 80, 100, 52, 61, 20, 9, 0, 9
0, 80, 38, 100, 66, 71, 57, 34, 38, 0, 31, 31, 46, 57, 100, 68, 7
57, 63, 100, 91, 48, 100, 0, 73, 55, 65, 96, 60, 60, 28, 13, 0, 9
31, 81, 70, 98, 100, 100, 58, 87, 42, 58, 78, 32, 42, 9, 0, 0, 5
83, 100, 41, 73, 11, 42, 2, 8, 59, 0, 100, 25, 43, 28, 0, 7, 6
46, 92, 77, 100, 100, 97, 56, 90, 50, 55, 81, 33, 41, 12, 0, 0, 5
56, 100, 17, 71, 0, 31, 28, 0, 80, 16, 100, 56, 80, 93, 28, 89, 0
0, 51, 25, 74, 49, 100, 49, 81, 52, 54, 56, 28, 68, 2, 100, 0, 1
8, 70, 43, 50, 44, 15, 10, 0, 0, 37, 12, 68, 55, 86, 100, 100, 5
91, 90, 59, 64, 50, 16, 0, 0, 21, 44, 94, 73, 100, 100, 11, 92, 8
16, 87, 53, 100, 82, 82, 40, 56, 75, 50, 100, 20, 56, 0, 0, 4, 3
0, 70, 6, 98, 46, 100, 76, 77, 50, 46, 24, 17, 58, 0, 100, 1, 2
68, 100, 32, 95, 0, 61, 35, 34, 99, 28, 100, 66, 63, 35, 33, 0, 4
78, 62, 60, 100, 12, 65, 94, 32, 100, 0, 0, 14, 60, 53, 72, 83, 8
0, 69, 38, 86, 62, 100, 52, 53, 57, 5, 100, 3, 51, 3, 11, 0, 1
28, 72, 60, 100, 88, 73, 56, 37, 9, 14, 0, 14, 52, 0, 100, 5, 2
100, 100, 0, 87, 0, 73, 17, 58, 33, 44, 33, 29, 50, 15, 67, 0, 1
70, 100, 49, 72, 100, 71, 64, 97, 69, 69, 86, 32, 54, 2, 0, 0, 9
0, 82, 30, 100, 64, 78, 50, 38, 55, 0, 25, 35, 46, 46, 100, 44, 7
15, 80, 0, 48, 45, 31, 51, 0, 30, 36, 13, 76, 46, 100, 100, 99, 5
0, 55, 27, 75, 60, 93, 100, 100, 100, 74, 89, 50, 75, 25, 64, 0, 1
76, 81, 0, 82, 57, 42, 91, 0, 19, 17, 78, 57, 100, 100, 20, 84, 8
0, 42, 21, 66, 33, 91, 64, 100, 70, 74, 73, 49, 73, 23, 100, 0, 1
60, 97, 4, 83, 62, 44, 93, 1, 12, 0, 0, 46, 11, 94, 100, 100, 5
100, 94, 60, 100, 47, 61, 94, 67, 95, 52, 99, 8, 50, 0, 0, 2, 9
55, 72, 100, 100, 97, 96, 81, 59, 72, 22, 19, 3, 0, 0, 74, 6, 1
0, 100, 60, 97, 100, 73, 82, 36, 64, 0, 88, 15, 89, 38, 23, 40, 7
0, 55, 57, 76, 100, 100, 73, 83, 71, 57, 79, 32, 89, 6, 93, 0, 1
14, 87, 44, 65, 71, 100, 0, 87, 44, 69, 94, 72, 100, 23, 36, 0, 9
22, 100, 1, 52, 63, 67, 62, 21, 0, 0, 4, 59, 28, 96, 100, 97, 5
0, 100, 10, 86, 14, 67, 32, 50, 71, 51, 82, 37, 89, 18, 100, 0, 4
100, 100, 49, 88, 20, 56, 7, 19, 46, 0, 95, 17, 51, 22, 0, 7, 6
0, 100, 53, 99, 66, 67, 59, 33, 53, 0, 36, 18, 38, 42, 100, 42, 7
9, 81, 5, 24, 54, 0, 99, 38, 100, 94, 48, 100, 8, 56, 0, 4, 0
35, 100, 35, 87, 14, 62, 0, 35, 35, 16, 97, 34, 100, 26, 89, 0, 4
43, 84, 0, 77, 48, 37, 28, 0, 1, 25, 68, 57, 100, 97, 21, 100, 8
0, 93, 46, 100, 94, 90, 83, 52, 69, 14, 49, 0, 49, 28, 100, 28, 7
0, 91, 10, 57, 48, 30, 20, 0, 8, 34, 12, 79, 49, 100, 100, 91, 5
77, 100, 43, 84, 18, 59, 0, 35, 48, 17, 91, 32, 82, 24, 100, 0, 4
29, 91, 100, 100, 79, 100, 4, 95, 21, 68, 68, 42, 68, 14, 0, 0, 5
2, 75, 35, 100, 96, 95, 88, 67, 77, 39, 100, 9, 41, 0, 0, 20, 3
12, 84, 36, 100, 0, 65, 46, 44, 100, 57, 83, 75, 53, 38, 28, 0, 4
15, 73, 41, 100, 87, 93, 60, 64, 99, 43, 100, 8, 50, 0, 0, 11, 3
44, 82, 42, 51, 100, 77, 47, 100, 0, 81, 74, 69, 54, 35, 36, 0, 9
39, 83, 58, 100, 100, 90, 80, 63, 94, 37, 80, 9, 35, 0, 0, 17, 3
44, 100, 8, 62, 0, 14, 50, 0, 99, 31, 100, 78, 45, 90, 11, 49, 0
28, 100, 4, 63, 0, 20, 32, 0, 73, 24, 100, 59, 77, 89, 30, 85, 0
66, 100, 26, 74, 0, 49, 80, 60, 100, 75, 59, 78, 37, 38, 3, 0, 4
26, 100, 0, 71, 41, 50, 97, 52, 100, 87, 81, 67, 67, 34, 59, 0, 4
71, 95, 25, 88, 0, 43, 15, 0, 64, 11, 100, 50, 87, 95, 38, 100, 0
0, 100, 20, 98, 78, 98, 100, 92, 61, 72, 33, 48, 15, 22, 25, 0, 7
0, 0, 39, 9, 74, 28, 95, 52, 100, 79, 73, 100, 42, 85, 77, 67, 9
7, 48, 16, 2, 69, 0, 100, 38, 94, 84, 44, 100, 4, 67, 0, 22, 0
2, 83, 32, 100, 69, 84, 41, 59, 76, 40, 100, 15, 54, 0, 0, 10, 3
48, 72, 78, 100, 100, 80, 69, 48, 32, 22, 0, 18, 45, 17, 88, 0, 2
55, 100, 33, 83, 0, 53, 40, 39, 100, 47, 90, 60, 48, 32, 23, 0, 4
46, 65, 81, 100, 70, 82, 60, 28, 24, 0, 0, 0, 50, 3, 100, 9, 1
0, 55, 58, 77, 100, 100, 89, 97, 63, 73, 37, 49, 11, 24, 0, 0, 1
100, 100, 48, 87, 13, 55, 4, 19, 50, 0, 94, 25, 49, 38, 0, 15, 6
30, 100, 25, 82, 0, 48, 11, 38, 64, 45, 100, 54, 91, 37, 85, 0, 4
100, 100, 54, 80, 25, 54, 0, 29, 0, 2, 75, 0, 89, 18, 19, 31, 6
100, 100, 70, 87, 50, 73, 33, 58, 23, 43, 10, 29, 0, 15, 0, 0, 1
0, 53, 5, 65, 54, 85, 100, 100, 81, 75, 59, 50, 41, 25, 30, 0, 1
100, 97, 69, 100, 39, 86, 59, 62, 78, 36, 63, 9, 30, 2, 0, 0, 5
0, 98, 44, 100, 69, 73, 52, 32, 37, 0, 16, 39, 51, 48, 100, 49, 7
36, 82, 0, 68, 4, 21, 48, 0, 92, 24, 100, 70, 61, 100, 23, 76, 0
56, 97, 20, 100, 49, 79, 64, 97, 95, 61, 100, 18, 53, 0, 0, 10, 9
0, 78, 37, 100, 62, 89, 51, 60, 98, 45, 100, 13, 53, 0, 10, 14, 3
63, 88, 34, 100, 4, 70, 64, 66, 99, 68, 100, 29, 63, 0, 0, 7, 9
24, 95, 3, 55, 28, 15, 74, 0, 100, 35, 84, 80, 41, 100, 0, 78, 0
0, 91, 40, 100, 64, 72, 54, 36, 45, 0, 13, 30, 45, 42, 100, 45, 7
31, 77, 35, 100, 69, 86, 51, 43, 19, 8, 0, 3, 49, 3, 100, 0, 2
59, 77, 60, 44, 69, 0, 0, 6, 36, 43, 100, 72, 96, 100, 31, 75, 8
97, 100, 48, 92, 15, 56, 4, 17, 63, 4, 100, 34, 30, 34, 0, 0, 6
0, 63, 7, 30, 36, 0, 73, 10, 100, 49, 86, 93, 49, 100, 18, 71, 0
0, 80, 47, 100, 100, 99, 82, 60, 50, 25, 23, 0, 33, 36, 89, 44, 7
0, 99, 84, 100, 100, 74, 70, 44, 41, 15, 16, 0, 4, 27, 90, 27, 7
23, 79, 59, 100, 62, 60, 36, 21, 0, 0, 19, 30, 60, 25, 100, 16, 2
93, 77, 51, 100, 3, 77, 0, 32, 39, 0, 90, 20, 100, 63, 54, 84, 0
100, 100, 46, 82, 13, 54, 0, 23, 38, 0, 99, 11, 68, 35, 1, 30, 6
68, 100, 23, 78, 2, 51, 0, 24, 32, 0, 100, 8, 85, 30, 15, 24, 6
43, 100, 28, 75, 0, 45, 26, 26, 95, 32, 100, 60, 75, 32, 59, 0, 4
0, 96, 50, 100, 100, 94, 95, 60, 70, 27, 55, 0, 30, 25, 82, 23, 7
100, 100, 54, 99, 15, 80, 20, 47, 64, 56, 80, 24, 46, 0, 0, 2, 5
23, 73, 0, 38, 19, 0, 60, 1, 93, 29, 100, 74, 67, 100, 32, 79, 0
32, 84, 52, 43, 94, 72, 36, 100, 33, 80, 100, 56, 74, 15, 0, 0, 9
0, 66, 30, 90, 69, 100, 65, 62, 39, 29, 12, 1, 57, 0, 100, 3, 2
2, 78, 35, 100, 56, 78, 35, 40, 0, 11, 5, 4, 53, 2, 100, 0, 2
45, 100, 4, 75, 0, 47, 80, 39, 100, 64, 82, 57, 66, 28, 68, 0, 4
47, 100, 30, 73, 0, 40, 22, 21, 89, 23, 100, 55, 71, 34, 49, 0, 4
0, 88, 46, 100, 83, 78, 66, 39, 45, 0, 15, 15, 32, 37, 100, 38, 7
2, 55, 50, 76, 93, 100, 100, 98, 90, 70, 83, 42, 62, 14, 0, 0, 1
12, 96, 3, 66, 76, 40, 64, 0, 16, 17, 0, 60, 7, 98, 100, 100, 5
0, 57, 10, 60, 49, 80, 88, 100, 100, 90, 81, 61, 67, 30, 58, 0, 1
19, 91, 0, 60, 10, 17, 55, 0, 94, 26, 100, 70, 67, 100, 23, 81, 0
53, 100, 21, 79, 0, 39, 9, 0, 73, 11, 100, 49, 75, 87, 9, 92, 0
50, 92, 100, 100, 51, 96, 22, 60, 43, 42, 86, 31, 49, 0, 0, 0, 5
43, 90, 100, 100, 75, 96, 2, 85, 45, 70, 91, 47, 64, 15, 0, 0, 5
0, 78, 28, 100, 58, 88, 45, 56, 24, 28, 12, 1, 55, 0, 100, 2, 2
100, 100, 58, 83, 30, 56, 19, 25, 46, 0, 84, 16, 52, 40, 0, 46, 6
100, 100, 57, 92, 57, 58, 94, 84, 96, 73, 86, 30, 48, 0, 0, 6, 9
45, 81, 54, 100, 100, 90, 85, 59, 87, 31, 83, 2, 35, 0, 0, 19, 3
0, 86, 39, 100, 51, 66, 35, 32, 8, 1, 1, 0, 51, 15, 100, 0, 2
80, 84, 11, 100, 19, 64, 100, 35, 88, 0, 0, 15, 42, 52, 99, 88, 8
6, 93, 75, 100, 100, 86, 63, 58, 28, 29, 0, 0, 10, 27, 52, 40, 7
29, 100, 19, 65, 54, 29, 21, 0, 0, 31, 12, 84, 54, 95, 100, 85, 5
0, 97, 32, 99, 67, 99, 100, 100, 78, 77, 58, 51, 43, 22, 45, 0, 7
30, 74, 60, 100, 77, 74, 54, 43, 19, 16, 0, 12, 52, 9, 100, 0, 2
0, 82, 38, 100, 62, 95, 31, 75, 23, 57, 23, 37, 46, 18, 100, 0, 1
46, 100, 12, 72, 0, 38, 14, 5, 63, 0, 100, 25, 54, 42, 1, 33, 6
97, 100, 61, 95, 34, 60, 25, 23, 65, 0, 100, 25, 53, 44, 0, 31, 6
85, 100, 68, 99, 19, 70, 0, 33, 27, 0, 100, 8, 87, 42, 19, 59, 6
35, 86, 0, 57, 52, 55, 64, 11, 14, 0, 20, 57, 43, 100, 100, 94, 5
92, 93, 73, 92, 12, 100, 0, 70, 49, 50, 100, 27, 65, 0, 5, 7, 5
100, 100, 19, 93, 0, 53, 27, 11, 1, 0, 29, 41, 79, 77, 54, 96, 8
12, 67, 14, 25, 50, 0, 93, 17, 100, 57, 72, 91, 28, 100, 0, 67, 0
1, 76, 0, 42, 16, 0, 65, 2, 100, 35, 95, 79, 50, 100, 3, 84, 0
0, 100, 75, 90, 59, 95, 15, 73, 40, 54, 100, 37, 69, 0, 9, 7, 5
0, 74, 16, 100, 35, 79, 20, 48, 1, 18, 19, 0, 60, 2, 100, 11, 2
43, 93, 22, 71, 43, 33, 9, 0, 0, 36, 9, 81, 51, 100, 100, 99, 5
100, 88, 47, 100, 28, 62, 74, 27, 55, 0, 0, 19, 32, 60, 86, 88, 8
44, 100, 0, 61, 22, 28, 93, 21, 100, 50, 69, 93, 61, 48, 56, 0, 4
71, 82, 100, 100, 44, 69, 0, 35, 8, 0, 90, 12, 75, 32, 5, 11, 6
100, 87, 66, 100, 28, 68, 11, 31, 41, 0, 92, 18, 51, 42, 0, 24, 6
23, 74, 29, 26, 66, 0, 100, 27, 99, 74, 64, 100, 26, 73, 0, 33, 0
70, 100, 28, 85, 2, 52, 0, 17, 53, 0, 100, 22, 52, 44, 6, 28, 6
16, 87, 45, 100, 93, 94, 64, 71, 85, 49, 100, 25, 53, 10, 0, 0, 3
0, 95, 39, 100, 74, 76, 82, 33, 76, 0, 100, 37, 59, 47, 16, 48, 7
52, 100, 15, 86, 1, 53, 0, 20, 45, 0, 100, 6, 64, 18, 12, 8, 6
55, 100, 20, 69, 3, 36, 4, 3, 72, 0, 100, 31, 68, 57, 0, 45, 6
50, 98, 12, 61, 55, 37, 17, 0, 0, 25, 1, 73, 35, 100, 100, 98, 5
3, 83, 47, 67, 51, 25, 0, 0, 11, 37, 65, 69, 100, 100, 21, 92, 8
14, 84, 0, 53, 79, 83, 9, 100, 8, 66, 100, 80, 67, 38, 14, 0, 9
0, 82, 36, 100, 83, 88, 64, 62, 83, 48, 100, 16, 57, 0, 14, 13, 3
50, 77, 57, 100, 100, 91, 77, 62, 95, 36, 90, 6, 42, 0, 0, 18, 3
77, 100, 31, 84, 0, 44, 1, 0, 60, 5, 100, 40, 83, 81, 32, 72, 0
37, 100, 10, 81, 0, 56, 21, 35, 73, 41, 100, 44, 65, 24, 52, 0, 4
59, 88, 89, 100, 100, 70, 60, 53, 83, 44, 84, 14, 42, 0, 0, 7, 3
24, 100, 12, 72, 0, 40, 36, 25, 82, 28, 100, 58, 83, 33, 75, 0, 4
12, 82, 34, 45, 49, 0, 18, 2, 0, 48, 4, 89, 51, 100, 100, 99, 5
34, 93, 7, 61, 0, 25, 34, 0, 81, 12, 100, 46, 98, 83, 62, 100, 0
53, 100, 34, 59, 0, 22, 62, 24, 100, 43, 75, 82, 75, 42, 75, 0, 4
0, 77, 25, 100, 53, 86, 43, 52, 17, 21, 1, 0, 51, 0, 100, 0, 2
31, 93, 0, 56, 9, 10, 61, 0, 100, 32, 95, 79, 50, 100, 10, 68, 0
92, 100, 50, 79, 20, 56, 0, 34, 56, 22, 100, 41, 66, 23, 50, 0, 4
28, 64, 39, 100, 78, 98, 62, 61, 30, 31, 0, 13, 51, 10, 100, 0, 2
100, 100, 78, 96, 32, 66, 0, 33, 11, 0, 89, 11, 85, 35, 3, 24, 6
100, 84, 57, 88, 73, 43, 63, 0, 0, 6, 45, 45, 99, 80, 83, 100, 8
19, 86, 9, 55, 13, 16, 60, 0, 96, 33, 100, 72, 57, 100, 0, 82, 0
0, 54, 35, 63, 68, 80, 98, 100, 100, 85, 81, 57, 64, 29, 50, 0, 1
61, 73, 52, 100, 14, 72, 54, 36, 58, 0, 0, 17, 45, 49, 100, 79, 8
19, 89, 64, 100, 70, 61, 41, 27, 0, 4, 4, 3, 52, 4, 100, 0, 2
35, 86, 67, 100, 100, 84, 57, 66, 95, 44, 96, 12, 48, 0, 0, 11, 3
40, 100, 0, 75, 73, 40, 81, 0, 1, 9, 54, 51, 100, 93, 15, 98, 8
34, 100, 28, 92, 0, 55, 46, 37, 100, 38, 80, 76, 65, 40, 54, 0, 4
9, 100, 4, 86, 0, 62, 4, 37, 54, 25, 100, 42, 79, 24, 84, 0, 4
42, 100, 15, 73, 0, 45, 4, 17, 51, 0, 100, 16, 92, 43, 34, 39, 6
31, 88, 3, 84, 77, 100, 100, 96, 69, 72, 37, 49, 14, 24, 0, 0, 1
34, 89, 96, 100, 93, 99, 24, 86, 60, 72, 100, 46, 63, 16, 0, 0, 5
7, 71, 38, 49, 70, 20, 25, 0, 1, 34, 0, 69, 33, 100, 100, 97, 5
100, 100, 90, 96, 45, 71, 14, 43, 16, 12, 78, 0, 72, 16, 0, 18, 6
100, 100, 60, 91, 31, 69, 12, 44, 4, 17, 34, 0, 46, 20, 0, 21, 6
61, 100, 0, 70, 54, 38, 100, 5, 13, 0, 34, 36, 87, 71, 36, 84, 8
0, 98, 42, 100, 65, 64, 47, 23, 21, 0, 3, 40, 51, 46, 100, 49, 7
84, 100, 51, 69, 10, 33, 0, 14, 83, 11, 100, 47, 76, 42, 71, 0, 4
93, 100, 48, 89, 12, 59, 0, 25, 43, 0, 100, 18, 61, 43, 0, 29, 6
88, 100, 49, 85, 12, 52, 0, 13, 55, 0, 100, 26, 42, 35, 12, 5, 6
0, 32, 24, 56, 62, 77, 100, 100, 100, 91, 77, 62, 62, 32, 54, 0, 1
50, 100, 17, 76, 0, 49, 0, 22, 37, 0, 100, 6, 93, 29, 31, 20, 6
62, 56, 100, 83, 52, 100, 0, 77, 66, 78, 93, 57, 65, 28, 33, 0, 9
76, 100, 60, 100, 20, 63, 0, 19, 46, 0, 100, 17, 60, 37, 8, 32, 6
65, 100, 44, 76, 15, 53, 0, 28, 64, 19, 100, 42, 82, 25, 65, 0, 4
4, 62, 61, 32, 53, 0, 0, 11, 53, 42, 100, 74, 80, 100, 12, 74, 8
42, 87, 3, 64, 0, 16, 55, 0, 100, 34, 88, 80, 29, 100, 4, 65, 0
6, 87, 50, 100, 62, 81, 22, 57, 70, 46, 100, 20, 59, 0, 0, 4, 3
43, 100, 25, 88, 0, 58, 23, 34, 93, 53, 100, 53, 75, 24, 68, 0, 4
75, 100, 4, 88, 0, 61, 74, 70, 100, 88, 82, 58, 56, 28, 51, 0, 9
96, 100, 70, 100, 35, 80, 57, 60, 100, 46, 90, 13, 46, 0, 0, 8, 5
68, 100, 0, 90, 62, 47, 100, 0, 15, 5, 53, 55, 97, 100, 18, 84, 8
14, 81, 23, 100, 81, 97, 61, 66, 60, 50, 100, 33, 60, 7, 0, 0, 3
59, 100, 25, 75, 0, 42, 6, 6, 61, 0, 100, 25, 54, 33, 25, 6, 6
38, 88, 80, 100, 100, 82, 75, 58, 99, 35, 76, 10, 33, 0, 0, 19, 3
27, 84, 56, 100, 100, 90, 80, 65, 86, 36, 90, 5, 46, 0, 0, 4, 3
42, 81, 69, 100, 93, 85, 66, 60, 73, 41, 100, 20, 58, 0, 0, 4, 3
0, 80, 23, 100, 57, 99, 66, 70, 52, 41, 38, 12, 65, 0, 100, 0, 2
0, 86, 48, 100, 92, 75, 84, 22, 46, 0, 2, 29, 49, 49, 100, 62, 7
2, 63, 0, 92, 39, 96, 83, 100, 100, 87, 81, 59, 68, 30, 60, 0, 7
46, 100, 28, 98, 7, 64, 13, 29, 55, 6, 100, 15, 46, 17, 0, 0, 6
42, 97, 6, 74, 100, 80, 40, 100, 0, 84, 82, 66, 57, 32, 12, 0, 9
34, 58, 45, 100, 54, 60, 35, 18, 0, 0, 22, 17, 61, 8, 100, 9, 2
26, 88, 54, 100, 100, 89, 94, 59, 95, 35, 77, 6, 30, 0, 0, 12, 3
0, 0, 54, 27, 80, 57, 100, 89, 95, 100, 85, 68, 80, 36, 78, 4, 1
18, 75, 51, 100, 100, 96, 79, 65, 41, 40, 0, 17, 9, 0, 63, 2, 2
0, 100, 73, 99, 100, 83, 83, 51, 67, 20, 43, 0, 2, 27, 70, 28, 7
0, 77, 40, 95, 87, 100, 100, 73, 71, 47, 34, 25, 17, 0, 67, 1, 2
25, 100, 6, 70, 0, 38, 56, 34, 97, 53, 100, 70, 90, 35, 84, 0, 4
56, 91, 12, 77, 65, 37, 74, 0, 0, 18, 50, 59, 100, 99, 24, 100, 8
29, 50, 0, 15, 40, 0, 83, 22, 100, 65, 70, 100, 24, 95, 15, 50, 0
32, 89, 14, 91, 0, 44, 15, 1, 62, 0, 100, 28, 85, 73, 45, 100, 0
22, 99, 0, 50, 25, 3, 76, 0, 100, 47, 83, 100, 34, 99, 10, 52, 0
56, 84, 0, 66, 75, 70, 86, 100, 14, 84, 100, 73, 65, 37, 45, 0, 9
8, 69, 58, 95, 62, 100, 54, 61, 44, 23, 0, 0, 29, 3, 100, 8, 1
48, 100, 0, 43, 39, 0, 100, 52, 54, 87, 18, 48, 74, 78, 19, 19, 0
0, 83, 37, 100, 61, 81, 44, 53, 19, 27, 3, 0, 51, 3, 100, 7, 2
82, 100, 40, 81, 6, 52, 0, 18, 51, 0, 100, 16, 58, 35, 8, 20, 6
23, 76, 0, 42, 17, 4, 68, 0, 100, 32, 99, 72, 62, 100, 12, 90, 0
31, 71, 57, 88, 100, 100, 71, 80, 46, 60, 20, 41, 3, 20, 0, 0, 1
70, 89, 34, 67, 71, 37, 51, 2, 0, 0, 23, 45, 49, 88, 100, 100, 5
66, 48, 100, 82, 52, 100, 39, 64, 79, 29, 43, 0, 0, 26, 59, 56, 8
0, 100, 73, 94, 95, 71, 74, 36, 62, 0, 41, 5, 24, 30, 100, 35, 7
22, 66, 47, 100, 66, 68, 38, 28, 0, 1, 7, 2, 53, 2, 100, 0, 2
0, 91, 44, 100, 58, 77, 48, 39, 47, 0, 25, 19, 53, 39, 100, 47, 7
39, 100, 69, 58, 95, 10, 14, 0, 17, 42, 100, 66, 91, 100, 0, 100, 8
0, 60, 24, 82, 84, 100, 100, 90, 73, 68, 43, 44, 18, 22, 14, 0, 1
45, 87, 84, 100, 66, 67, 79, 64, 100, 33, 80, 0, 36, 0, 0, 25, 3
53, 70, 71, 100, 68, 58, 38, 23, 0, 7, 22, 30, 63, 21, 100, 0, 2
0, 90, 42, 99, 94, 100, 96, 63, 84, 22, 68, 0, 47, 27, 100, 25, 7
61, 92, 100, 100, 100, 94, 62, 83, 30, 60, 49, 27, 36, 0, 0, 6, 5
100, 88, 54, 76, 12, 80, 46, 100, 79, 84, 53, 54, 20, 28, 0, 0, 9
10, 87, 17, 58, 88, 50, 86, 0, 17, 6, 0, 58, 21, 92, 100, 100, 5
0, 90, 43, 100, 74, 81, 71, 57, 49, 35, 19, 13, 43, 0, 100, 1, 2
0, 100, 4, 68, 37, 49, 100, 51, 88, 70, 64, 72, 66, 36, 62, 0, 4
28, 90, 58, 100, 97, 80, 69, 52, 86, 36, 100, 9, 51, 0, 0, 5, 3
0, 100, 45, 95, 100, 89, 87, 48, 62, 9, 38, 0, 29, 37, 87, 40, 7
20, 100, 7, 84, 0, 50, 65, 50, 100, 67, 84, 68, 77, 34, 72, 0, 4
24, 99, 77, 100, 95, 70, 44, 51, 73, 47, 100, 18, 55, 0, 0, 8, 3
93, 96, 72, 100, 70, 76, 100, 99, 92, 71, 80, 42, 47, 17, 0, 0, 9
69, 70, 61, 100, 2, 84, 23, 41, 48, 0, 0, 23, 43, 59, 100, 84, 8
55, 100, 32, 80, 0, 55, 61, 62, 100, 74, 52, 84, 42, 41, 28, 0, 4
0, 98, 35, 100, 83, 99, 100, 92, 63, 75, 39, 51, 30, 24, 37, 0, 7
30, 80, 66, 100, 88, 77, 48, 51, 71, 44, 100, 18, 52, 0, 0, 5, 3
88, 63, 87, 100, 7, 94, 0, 59, 73, 76, 100, 77, 85, 39, 80, 0, 9
0, 83, 40, 100, 74, 78, 69, 39, 63, 0, 60, 7, 48, 34, 100, 34, 7
33, 100, 0, 78, 1, 36, 30, 0, 82, 6, 100, 46, 80, 85, 28, 96, 0
0, 95, 69, 100, 99, 71, 82, 35, 63, 0, 40, 18, 26, 47, 100, 50, 7
0, 93, 49, 100, 100, 95, 99, 60, 79, 25, 58, 0, 44, 36, 90, 40, 7
58, 100, 21, 78, 0, 47, 39, 23, 87, 34, 100, 61, 69, 32, 54, 0, 4
100, 100, 69, 83, 36, 62, 11, 38, 0, 12, 39, 0, 70, 18, 26, 26, 6
24, 85, 14, 63, 69, 38, 60, 0, 24, 16, 0, 55, 32, 91, 100, 100, 5
100, 88, 77, 100, 43, 80, 17, 54, 6, 24, 24, 0, 40, 22, 0, 26, 6
71, 64, 100, 79, 63, 100, 0, 85, 29, 61, 100, 66, 94, 33, 95, 0, 9
46, 89, 63, 100, 96, 78, 59, 53, 100, 47, 100, 18, 50, 0, 0, 9, 3
35, 96, 0, 71, 35, 36, 36, 0, 3, 16, 9, 68, 45, 100, 100, 92, 5
1, 73, 29, 100, 74, 97, 56, 63, 21, 34, 0, 4, 50, 0, 100, 0, 2
13, 87, 11, 100, 59, 95, 32, 65, 81, 56, 100, 29, 56, 8, 0, 0, 3
23, 100, 25, 91, 0, 53, 19, 42, 92, 62, 88, 62, 97, 23, 100, 0, 4
0, 78, 29, 100, 94, 86, 70, 48, 42, 11, 32, 0, 25, 36, 100, 40, 7
68, 100, 6, 88, 47, 75, 87, 82, 85, 56, 100, 29, 75, 6, 0, 0, 9
0, 93, 40, 100, 57, 61, 51, 17, 35, 0, 12, 37, 54, 48, 100, 49, 7
19, 100, 35, 93, 0, 63, 12, 36, 89, 37, 100, 66, 94, 33, 89, 0, 4
29, 80, 0, 41, 14, 0, 70, 14, 100, 53, 100, 96, 49, 100, 19, 62, 0
13, 67, 40, 100, 65, 78, 37, 42, 0, 11, 6, 4, 60, 0, 100, 19, 2
0, 55, 46, 58, 73, 82, 100, 100, 92, 75, 89, 50, 84, 25, 89, 0, 1
32, 96, 70, 100, 12, 95, 32, 66, 89, 62, 100, 22, 51, 0, 0, 16, 5
100, 98, 71, 100, 42, 88, 35, 55, 59, 41, 61, 16, 31, 3, 0, 0, 5
99, 88, 74, 100, 56, 75, 100, 85, 99, 57, 89, 17, 46, 0, 0, 4, 9
23, 89, 59, 100, 75, 68, 58, 33, 36, 0, 0, 18, 48, 27, 100, 32, 7
100, 91, 49, 100, 28, 66, 55, 30, 26, 0, 0, 30, 50, 61, 95, 90, 8
52, 100, 12, 74, 0, 41, 12, 9, 66, 0, 100, 27, 98, 60, 79, 93, 0
29, 100, 4, 77, 0, 54, 64, 53, 100, 69, 71, 47, 46, 24, 32, 0, 4
0, 94, 33, 100, 52, 83, 64, 65, 77, 47, 100, 30, 89, 13, 52, 0, 3
31, 97, 100, 100, 25, 94, 12, 62, 48, 62, 94, 33, 60, 0, 0, 5, 5
0, 73, 27, 86, 73, 100, 100, 98, 89, 72, 83, 46, 82, 20, 85, 0, 1
57, 87, 41, 78, 74, 38, 84, 0, 0, 7, 37, 48, 100, 81, 90, 100, 8
0, 69, 47, 81, 88, 100, 100, 91, 91, 68, 76, 45, 71, 22, 68, 0, 1
73, 100, 23, 90, 70, 82, 77, 95, 91, 60, 100, 24, 60, 0, 0, 2, 9
0, 89, 29, 100, 66, 87, 70, 66, 84, 46, 100, 26, 75, 8, 25, 0, 3
94, 100, 50, 77, 17, 49, 5, 16, 50, 0, 100, 14, 57, 31, 0, 24, 6
0, 50, 32, 76, 60, 100, 63, 64, 62, 29, 30, 6, 40, 1, 100, 0, 1
0, 89, 58, 100, 88, 87, 60, 44, 32, 0, 22, 3, 39, 33, 100, 40, 7
2, 91, 0, 56, 28, 21, 43, 0, 39, 33, 76, 65, 100, 100, 37, 96, 8
77, 93, 35, 77, 83, 37, 72, 0, 0, 18, 37, 60, 100, 94, 75, 100, 8
84, 100, 55, 81, 32, 58, 20, 33, 30, 9, 100, 6, 52, 13, 0, 0, 6
17, 86, 68, 100, 71, 70, 57, 60, 100, 41, 91, 7, 35, 0, 0, 19, 3
53, 92, 100, 100, 66, 94, 40, 66, 49, 39, 87, 18, 48, 0, 0, 4, 5
56, 97, 24, 69, 100, 58, 96, 17, 25, 0, 5, 42, 0, 85, 75, 100, 5
13, 96, 0, 71, 78, 61, 82, 12, 7, 0, 4, 49, 15, 97, 100, 100, 5
0, 95, 27, 100, 57, 71, 45, 31, 33, 0, 3, 36, 36, 51, 100, 53, 7
23, 68, 46, 100, 46, 85, 47, 48, 43, 12, 0, 0, 54, 4, 100, 2, 1
0, 96, 51, 100, 100, 96, 70, 63, 49, 27, 32, 0, 16, 36, 69, 51, 7
38, 92, 96, 100, 65, 92, 30, 63, 65, 48, 100, 24, 58, 0, 0, 5, 5
79, 80, 39, 100, 45, 57, 60, 15, 8, 0, 0, 34, 55, 56, 100, 75, 8
7, 77, 33, 100, 56, 77, 34, 37, 0, 4, 4, 0, 53, 5, 100, 20, 2
93, 84, 52, 100, 6, 83, 0, 35, 28, 0, 77, 6, 100, 47, 89, 79, 0
30, 68, 63, 99, 76, 100, 65, 60, 44, 23, 0, 0, 46, 2, 100, 10, 1
42, 100, 22, 74, 0, 48, 43, 34, 97, 39, 100, 53, 78, 27, 64, 0, 4
0, 78, 54, 69, 100, 92, 55, 100, 34, 69, 90, 75, 93, 41, 91, 0, 9
100, 100, 46, 84, 76, 42, 74, 0, 0, 14, 26, 56, 81, 92, 51, 99, 8
44, 86, 90, 86, 60, 100, 61, 82, 100, 58, 94, 20, 49, 4, 0, 0, 9
0, 73, 7, 84, 63, 100, 100, 98, 88, 73, 80, 49, 74, 24, 77, 0, 1
20, 88, 67, 100, 100, 92, 69, 72, 62, 49, 80, 26, 51, 7, 0, 0, 3
0, 96, 54, 100, 65, 76, 41, 39, 24, 0, 16, 14, 45, 34, 100, 35, 7
87, 100, 11, 90, 62, 63, 100, 28, 53, 0, 0, 23, 45, 57, 94, 89, 8
22, 86, 74, 100, 96, 72, 67, 42, 100, 42, 98, 12, 30, 0, 0, 19, 3
80, 100, 22, 76, 58, 36, 100, 0, 0, 7, 12, 38, 96, 65, 44, 91, 8
34, 95, 78, 100, 100, 83, 65, 63, 91, 37, 91, 11, 46, 0, 0, 5, 3
72, 100, 34, 82, 0, 59, 51, 53, 100, 48, 99, 51, 71, 26, 51, 0, 4
17, 98, 77, 100, 85, 66, 68, 32, 42, 0, 0, 26, 38, 50, 100, 60, 7
0, 87, 23, 100, 47, 85, 33, 53, 17, 21, 33, 0, 66, 8, 100, 18, 2
26, 95, 0, 58, 9, 16, 58, 0, 99, 25, 100, 68, 65, 100, 20, 87, 0
0, 66, 26, 97, 85, 100, 100, 63, 71, 25, 41, 0, 19, 39, 80, 36, 7
12, 100, 49, 100, 65, 68, 49, 33, 27, 0, 0, 19, 44, 29, 100, 31, 7
57, 100, 10, 87, 0, 53, 52, 39, 95, 58, 100, 68, 87, 35, 84, 0, 4
0, 80, 43, 100, 89, 83, 80, 50, 63, 17, 47, 0, 30, 26, 100, 30, 7
50, 98, 22, 84, 0, 39, 25, 0, 78, 12, 100, 56, 83, 100, 27, 97, 0
19, 81, 0, 41, 11, 0, 52, 10, 84, 40, 100, 80, 67, 100, 29, 82, 0
0, 94, 66, 100, 97, 72, 83, 35, 56, 0, 24, 11, 32, 40, 100, 46, 7
13, 66, 24, 100, 54, 86, 33, 45, 0, 17, 17, 17, 58, 6, 100, 0, 2
0, 75, 23, 100, 63, 85, 72, 42, 70, 0, 29, 12, 51, 25, 100, 32, 7
100, 100, 43, 95, 56, 56, 59, 17, 0, 0, 17, 34, 65, 65, 72, 95, 8
0, 62, 20, 90, 58, 100, 58, 71, 37, 41, 23, 9, 58, 0, 100, 4, 2
56, 100, 26, 75, 0, 46, 34, 32, 81, 32, 96, 61, 86, 29, 100, 0, 4
13, 77, 44, 100, 51, 68, 40, 36, 15, 7, 0, 1, 50, 3, 100, 0, 2
100, 90, 68, 100, 23, 99, 0, 71, 15, 59, 54, 49, 49, 16, 12, 0, 5
20, 89, 57, 60, 100, 30, 82, 0, 0, 8, 5, 41, 45, 71, 85, 100, 8
100, 100, 47, 87, 13, 57, 0, 22, 41, 0, 92, 16, 62, 43, 23, 23, 6
10, 86, 69, 100, 39, 91, 3, 66, 44, 47, 100, 36, 61, 11, 0, 0, 5
62, 91, 79, 64, 90, 100, 56, 78, 97, 64, 100, 21, 51, 0, 0, 16, 9
31, 96, 100, 100, 56, 96, 30, 72, 61, 60, 99, 33, 56, 0, 0, 15, 5
70, 100, 14, 87, 66, 79, 87, 81, 98, 52, 100, 21, 58, 0, 0, 6, 9
38, 88, 51, 100, 60, 74, 35, 47, 0, 24, 9, 16, 51, 0, 100, 9, 2
41, 77, 70, 100, 100, 78, 67, 50, 76, 38, 93, 11, 44, 0, 0, 5, 3
66, 100, 32, 71, 0, 43, 59, 45, 100, 70, 100, 65, 76, 32, 50, 0, 4
59, 72, 58, 100, 0, 68, 84, 35, 100, 0, 2, 18, 54, 56, 71, 84, 8
40, 100, 11, 66, 0, 22, 35, 0, 78, 16, 100, 55, 83, 95, 39, 99, 0
97, 76, 57, 100, 17, 72, 0, 28, 36, 0, 81, 19, 100, 56, 88, 88, 0
28, 93, 31, 53, 54, 15, 0, 0, 11, 36, 61, 67, 100, 100, 30, 98, 8
49, 100, 0, 79, 9, 49, 100, 50, 86, 78, 49, 86, 44, 43, 48, 0, 4
44, 64, 60, 100, 97, 83, 77, 43, 39, 11, 0, 13, 51, 23, 100, 0, 2
0, 81, 38, 100, 66, 74, 42, 36, 6, 10, 10, 1, 55, 6, 100, 0, 2
31, 81, 1, 43, 13, 1, 68, 0, 100, 36, 96, 79, 48, 100, 0, 80, 0
100, 100, 70, 87, 29, 60, 0, 30, 3, 0, 71, 5, 73, 30, 2, 25, 6
0, 68, 40, 100, 64, 96, 61, 59, 57, 23, 9, 0, 33, 3, 100, 2, 1
90, 100, 44, 77, 13, 49, 0, 21, 38, 0, 100, 13, 90, 37, 18, 39, 6
39, 82, 68, 100, 100, 86, 72, 61, 91, 44, 83, 15, 41, 0, 0, 14, 3
9, 65, 43, 98, 52, 100, 49, 60, 60, 21, 0, 0, 12, 4, 100, 6, 1
22, 88, 15, 37, 37, 0, 77, 12, 100, 51, 77, 92, 37, 100, 0, 78, 0
29, 100, 22, 63, 68, 33, 24, 0, 0, 24, 1, 72, 40, 92, 100, 94, 5
0, 100, 55, 98, 79, 67, 76, 33, 60, 0, 0, 1, 37, 17, 100, 27, 7
77, 100, 41, 76, 14, 51, 0, 24, 22, 0, 82, 4, 100, 28, 45, 36, 6
12, 83, 89, 77, 80, 100, 0, 84, 62, 74, 100, 73, 83, 36, 75, 0, 9
45, 99, 57, 70, 100, 33, 74, 0, 0, 22, 28, 59, 81, 94, 40, 100, 8
38, 85, 36, 100, 49, 70, 32, 39, 0, 17, 23, 1, 64, 0, 100, 16, 2
0, 52, 44, 69, 79, 91, 100, 100, 88, 74, 72, 49, 57, 23, 51, 0, 1
29, 69, 48, 100, 61, 71, 35, 35, 0, 5, 0, 0, 50, 2, 100, 14, 2
70, 100, 52, 85, 22, 62, 0, 39, 70, 40, 100, 49, 78, 25, 66, 0, 4
100, 100, 63, 90, 23, 63, 0, 32, 16, 0, 70, 6, 53, 31, 0, 22, 6
10, 79, 14, 68, 85, 47, 64, 2, 0, 0, 0, 49, 12, 93, 100, 100, 5
32, 100, 2, 74, 0, 45, 55, 43, 100, 64, 75, 53, 47, 27, 43, 0, 4
1, 66, 32, 100, 35, 99, 32, 62, 32, 26, 0, 0, 11, 1, 100, 5, 1
79, 100, 33, 72, 0, 41, 34, 20, 100, 32, 92, 63, 60, 32, 31, 0, 4
6, 66, 32, 98, 55, 100, 44, 62, 30, 26, 0, 0, 50, 5, 100, 7, 1
26, 80, 42, 100, 46, 71, 26, 39, 0, 11, 34, 2, 69, 0, 100, 22, 2
25, 68, 51, 100, 52, 78, 54, 42, 54, 5, 0, 0, 43, 1, 100, 1, 1
47, 85, 76, 100, 83, 73, 56, 53, 100, 38, 90, 11, 44, 0, 0, 7, 3
0, 91, 35, 100, 100, 97, 74, 65, 38, 32, 23, 0, 2, 34, 59, 38, 7
100, 100, 91, 90, 76, 75, 62, 60, 44, 45, 29, 30, 15, 15, 0, 0, 1
0, 79, 46, 100, 82, 84, 36, 59, 70, 49, 100, 21, 50, 0, 6, 15, 3
0, 75, 20, 100, 49, 94, 42, 58, 28, 25, 38, 0, 70, 4, 100, 12, 2
0, 70, 23, 35, 44, 0, 35, 4, 6, 37, 10, 74, 52, 95, 100, 100, 5
69, 100, 25, 86, 0, 55, 100, 58, 84, 86, 52, 89, 51, 39, 45, 0, 4
38, 99, 0, 55, 5, 1, 70, 0, 100, 49, 78, 100, 23, 84, 13, 30, 0
16, 72, 46, 100, 85, 97, 72, 60, 100, 46, 86, 13, 43, 0, 0, 9, 3
11, 94, 0, 48, 23, 6, 72, 0, 100, 36, 84, 80, 39, 100, 5, 69, 0
0, 68, 16, 100, 51, 90, 35, 53, 7, 19, 8, 1, 58, 0, 100, 17, 2
15, 82, 42, 100, 70, 85, 63, 63, 100, 48, 82, 17, 39, 0, 0, 13, 3
100, 95, 75, 100, 52, 80, 54, 47, 83, 33, 63, 9, 32, 0, 0, 0, 5
26, 98, 14, 82, 0, 37, 32, 0, 91, 14, 100, 59, 71, 100, 25, 99, 0
0, 99, 58, 100, 66, 68, 49, 34, 31, 0, 14, 18, 39, 36, 100, 41, 7
48, 88, 82, 100, 100, 77, 67, 55, 99, 35, 93, 11, 47, 1, 0, 0, 3
67, 100, 24, 79, 0, 51, 0, 20, 43, 0, 100, 6, 88, 28, 29, 30, 6
1, 72, 20, 100, 42, 73, 32, 37, 5, 6, 0, 2, 51, 1, 100, 0, 2
0, 89, 76, 100, 95, 88, 66, 48, 58, 8, 34, 0, 17, 27, 100, 33, 7
61, 79, 57, 100, 100, 93, 65, 68, 94, 46, 77, 18, 27, 0, 0, 16, 3
0, 86, 46, 100, 88, 77, 78, 36, 51, 0, 11, 26, 45, 37, 100, 42, 7
3, 62, 28, 94, 39, 100, 41, 60, 36, 22, 0, 0, 50, 7, 100, 13, 1
18, 82, 22, 100, 39, 68, 27, 30, 0, 1, 23, 8, 67, 0, 100, 20, 2
77, 83, 100, 100, 61, 93, 87, 83, 93, 52, 83, 12, 40, 0, 0, 18, 9
0, 40, 35, 58, 67, 80, 100, 100, 86, 78, 68, 52, 49, 27, 38, 0, 1
77, 100, 30, 79, 0, 40, 11, 0, 64, 8, 100, 42, 98, 85, 46, 95, 0
0, 77, 33, 100, 55, 77, 38, 42, 11, 12, 2, 0, 51, 8, 100, 8, 2
38, 100, 73, 98, 71, 69, 78, 46, 100, 20, 77, 0, 38, 0, 0, 6, 3
29, 71, 50, 100, 70, 77, 41, 49, 0, 28, 7, 18, 51, 4, 100, 0, 2
84, 100, 52, 90, 13, 57, 2, 19, 58, 0, 100, 25, 46, 44, 0, 19, 6
30, 85, 0, 47, 9, 5, 66, 0, 100, 36, 100, 79, 56, 100, 39, 60, 0
57, 100, 30, 71, 0, 42, 37, 41, 88, 60, 100, 65, 90, 32, 92, 0, 4
33, 70, 46, 100, 59, 80, 34, 48, 1, 21, 0, 2, 50, 0, 100, 6, 2
0, 96, 49, 100, 77, 76, 62, 38, 51, 0, 2, 2, 25, 14, 100, 23, 7
80, 98, 100, 92, 64, 100, 76, 76, 93, 65, 85, 18, 44, 0, 0, 15, 9
18, 61, 51, 37, 44, 0, 0, 13, 33, 48, 84, 79, 100, 100, 35, 75, 8
30, 98, 30, 76, 72, 38, 60, 0, 0, 11, 44, 48, 100, 83, 49, 100, 8
0, 87, 33, 100, 98, 97, 95, 78, 75, 53, 100, 26, 77, 5, 13, 0, 3
50, 100, 13, 80, 76, 54, 100, 16, 40, 0, 37, 42, 53, 84, 0, 98, 8
49, 100, 5, 84, 0, 48, 100, 45, 80, 79, 43, 89, 38, 45, 37, 0, 4
23, 80, 60, 100, 100, 88, 81, 61, 43, 40, 0, 23, 11, 5, 64, 0, 2
38, 100, 15, 59, 18, 13, 63, 0, 100, 33, 96, 77, 48, 90, 0, 72, 0
66, 100, 41, 77, 0, 49, 18, 29, 77, 30, 100, 63, 90, 30, 95, 0, 4
75, 94, 95, 90, 62, 100, 84, 86, 100, 52, 91, 16, 44, 0, 0, 18, 9
7, 56, 36, 89, 45, 100, 42, 60, 38, 20, 0, 0, 48, 5, 100, 5, 1
60, 100, 32, 69, 0, 37, 42, 29, 100, 29, 85, 51, 68, 38, 60, 0, 4
33, 75, 46, 100, 78, 86, 57, 56, 100, 40, 96, 11, 46, 0, 0, 13, 3
36, 100, 65, 90, 66, 59, 48, 28, 25, 0, 0, 28, 47, 36, 100, 37, 7
0, 44, 37, 59, 71, 78, 100, 100, 88, 82, 70, 55, 55, 28, 43, 0, 1
44, 68, 62, 40, 100, 2, 0, 0, 25, 38, 98, 71, 96, 100, 6, 73, 8
52, 100, 49, 99, 0, 63, 99, 53, 100, 81, 81, 84, 77, 42, 86, 0, 4
29, 88, 71, 73, 100, 33, 43, 0, 0, 25, 39, 64, 94, 100, 35, 94, 8
18, 98, 72, 100, 26, 89, 34, 61, 82, 45, 100, 19, 53, 4, 0, 0, 5
2, 83, 35, 100, 62, 82, 62, 68, 100, 51, 84, 21, 44, 0, 0, 7, 3
84, 88, 100, 100, 70, 73, 46, 47, 32, 19, 51, 0, 41, 25, 0, 8, 6
0, 53, 33, 71, 76, 93, 100, 100, 79, 74, 53, 49, 28, 25, 12, 0, 1
37, 100, 20, 83, 0, 59, 37, 42, 100, 47, 93, 48, 70, 24, 50, 0, 4
100, 100, 55, 94, 27, 70, 6, 44, 0, 14, 29, 0, 43, 25, 2, 25, 6
24, 91, 7, 61, 54, 36, 37, 0, 6, 23, 0, 76, 39, 100, 100, 95, 5
0, 46, 3, 4, 43, 0, 78, 24, 100, 57, 92, 96, 51, 100, 17, 78, 0
52, 89, 1, 100, 0, 72, 60, 76, 68, 73, 100, 39, 88, 6, 27, 0, 9
100, 100, 52, 87, 16, 61, 0, 29, 22, 0, 73, 10, 65, 40, 10, 46, 6
26, 89, 7, 73, 0, 30, 45, 0, 97, 21, 100, 65, 64, 100, 9, 88, 0
100, 94, 55, 100, 21, 84, 0, 55, 45, 62, 71, 40, 51, 11, 8, 0, 5
53, 96, 98, 100, 100, 85, 67, 68, 71, 45, 78, 22, 45, 6, 0, 0, 3
100, 100, 55, 85, 15, 56, 8, 21, 56, 0, 99, 24, 53, 45, 0, 26, 6
46, 85, 75, 100, 79, 72, 53, 56, 100, 46, 95, 15, 49, 0, 0, 15, 3
15, 95, 69, 100, 75, 66, 51, 33, 22, 0, 0, 9, 30, 29, 100, 33, 7
92, 75, 51, 67, 51, 98, 94, 100, 100, 63, 84, 28, 49, 0, 0, 2, 9
11, 91, 56, 100, 100, 92, 73, 73, 51, 52, 55, 28, 47, 6, 0, 0, 3
100, 100, 57, 98, 18, 90, 0, 62, 22, 55, 57, 40, 42, 12, 4, 0, 5
10, 76, 0, 34, 26, 0, 69, 9, 100, 42, 97, 84, 57, 100, 14, 87, 0
13, 58, 40, 100, 49, 97, 46, 45, 25, 3, 0, 1, 50, 1, 100, 0, 1
35, 93, 78, 100, 89, 85, 69, 65, 100, 42, 88, 16, 46, 4, 0, 0, 3
0, 75, 4, 98, 64, 100, 100, 92, 72, 70, 46, 48, 27, 24, 25, 0, 7
0, 69, 24, 100, 61, 94, 38, 37, 34, 0, 38, 4, 76, 2, 100, 7, 2
13, 96, 0, 58, 16, 17, 63, 0, 100, 27, 94, 68, 60, 100, 17, 89, 0
72, 91, 29, 94, 52, 47, 61, 0, 0, 17, 45, 56, 100, 93, 45, 100, 8
17, 86, 1, 59, 18, 11, 72, 0, 100, 42, 82, 90, 28, 100, 0, 56, 0
7, 79, 40, 100, 47, 66, 34, 30, 6, 0, 0, 8, 49, 9, 100, 9, 2
47, 68, 59, 100, 100, 94, 81, 56, 47, 23, 0, 3, 45, 9, 99, 0, 2
0, 87, 35, 100, 57, 82, 41, 53, 22, 26, 26, 0, 66, 7, 100, 20, 2
11, 100, 0, 48, 17, 0, 68, 4, 100, 46, 89, 94, 40, 92, 13, 50, 0
100, 81, 62, 100, 35, 72, 46, 35, 39, 0, 0, 14, 34, 44, 94, 57, 8
7, 61, 49, 36, 46, 0, 0, 6, 30, 40, 77, 71, 100, 100, 31, 83, 8
5, 100, 45, 90, 41, 45, 36, 0, 3, 14, 0, 39, 49, 48, 100, 55, 7
0, 66, 3, 93, 49, 100, 100, 98, 74, 74, 47, 50, 24, 26, 13, 0, 7
0, 84, 32, 66, 88, 88, 25, 100, 29, 79, 100, 67, 89, 34, 83, 0, 9
0, 25, 35, 48, 64, 75, 97, 100, 100, 88, 81, 59, 61, 29, 43, 0, 1
49, 85, 78, 100, 92, 85, 74, 55, 100, 35, 80, 11, 41, 0, 0, 0, 3
22, 96, 53, 100, 59, 66, 43, 32, 22, 0, 0, 33, 49, 40, 100, 42, 7
45, 75, 44, 100, 68, 75, 40, 34, 0, 8, 13, 15, 57, 0, 100, 12, 2
33, 63, 52, 100, 46, 80, 41, 39, 29, 0, 0, 1, 49, 2, 100, 0, 1
11, 85, 0, 70, 26, 96, 92, 100, 100, 87, 81, 55, 65, 21, 60, 0, 7
65, 100, 37, 83, 13, 64, 0, 43, 24, 28, 63, 27, 100, 22, 97, 0, 4
100, 83, 54, 100, 23, 73, 70, 65, 89, 68, 89, 26, 51, 0, 0, 12, 9
29, 95, 0, 63, 4, 19, 52, 0, 96, 23, 100, 68, 66, 100, 16, 87, 0
54, 70, 54, 100, 93, 96, 75, 58, 42, 24, 0, 0, 44, 12, 100, 11, 2
84, 100, 16, 87, 88, 59, 100, 23, 19, 0, 0, 31, 39, 67, 21, 96, 8
100, 100, 60, 76, 36, 49, 26, 21, 57, 0, 91, 23, 62, 47, 0, 49, 6
1, 90, 53, 100, 73, 77, 22, 60, 62, 53, 100, 26, 55, 4, 0, 0, 3
51, 100, 12, 82, 0, 36, 24, 0, 70, 9, 100, 46, 85, 88, 40, 88, 0
38, 85, 69, 100, 93, 81, 77, 54, 100, 34, 93, 9, 45, 0, 0, 13, 3
0, 63, 8, 86, 53, 100, 100, 96, 73, 73, 46, 49, 26, 25, 19, 0, 7
99, 79, 59, 100, 18, 78, 0, 35, 30, 0, 77, 4, 100, 45, 94, 88, 0
100, 100, 56, 91, 21, 60, 7, 24, 41, 0, 76, 29, 50, 57, 0, 44, 6
0, 85, 60, 100, 100, 74, 85, 36, 67, 0, 35, 6, 16, 35, 96, 42, 7
27, 71, 17, 60, 0, 21, 35, 0, 77, 23, 100, 60, 88, 100, 44, 91, 0
91, 100, 26, 98, 49, 62, 100, 78, 100, 78, 99, 34, 62, 0, 0, 19, 9
100, 100, 84, 90, 60, 75, 40, 60, 20, 44, 8, 29, 0, 14, 4, 0, 1
0, 92, 51, 100, 100, 89, 77, 54, 54, 18, 31, 0, 22, 37, 78, 46, 7
36, 84, 0, 66, 84, 57, 100, 18, 22, 0, 5, 40, 9, 86, 84, 100, 5
38, 100, 16, 86, 0, 51, 55, 45, 92, 70, 100, 72, 95, 36, 95, 0, 4
66, 100, 11, 88, 38, 45, 66, 1, 0, 0, 47, 40, 100, 78, 51, 88, 8
73, 85, 93, 77, 73, 100, 53, 70, 100, 64, 97, 21, 48, 0, 0, 24, 9
3, 67, 43, 91, 57, 100, 49, 63, 36, 27, 0, 0, 43, 4, 100, 5, 1
100, 100, 71, 89, 39, 64, 15, 35, 11, 0, 50, 1, 40, 30, 0, 27, 6
51, 96, 20, 54, 78, 53, 65, 12, 0, 0, 11, 43, 40, 90, 100, 100, 5
15, 82, 55, 100, 94, 82, 67, 45, 28, 17, 0, 6, 51, 13, 100, 0, 2
22, 83, 62, 100, 73, 69, 43, 41, 0, 26, 6, 12, 52, 1, 100, 0, 2
69, 63, 100, 100, 12, 100, 0, 66, 86, 77, 99, 75, 67, 35, 49, 0, 9
0, 60, 31, 70, 64, 88, 100, 100, 90, 75, 79, 50, 73, 25, 70, 0, 1
100, 100, 88, 93, 45, 71, 0, 48, 78, 45, 75, 48, 45, 24, 32, 0, 4
0, 75, 25, 99, 84, 100, 88, 73, 66, 46, 37, 21, 37, 0, 100, 1, 2
0, 27, 30, 45, 58, 70, 85, 96, 100, 100, 84, 67, 69, 34, 58, 0, 1
49, 100, 14, 71, 0, 24, 33, 0, 73, 8, 100, 45, 83, 89, 44, 95, 0
0, 44, 31, 59, 67, 79, 100, 100, 93, 79, 76, 54, 69, 26, 71, 0, 1
19, 100, 10, 46, 29, 0, 75, 15, 100, 58, 65, 92, 19, 85, 0, 40, 0
100, 98, 60, 100, 19, 89, 2, 58, 49, 55, 71, 28, 45, 1, 0, 0, 5
57, 93, 0, 71, 61, 42, 100, 6, 31, 0, 40, 42, 71, 82, 21, 100, 8
0, 69, 43, 96, 59, 100, 51, 60, 46, 20, 13, 0, 42, 6, 100, 10, 1
100, 89, 74, 100, 34, 76, 6, 45, 0, 11, 41, 0, 57, 32, 12, 45, 6
86, 92, 30, 100, 1, 69, 0, 30, 32, 0, 85, 15, 100, 51, 86, 89, 0
52, 97, 82, 100, 76, 70, 60, 48, 100, 34, 84, 8, 41, 0, 0, 10, 3
0, 90, 1, 77, 32, 100, 88, 99, 100, 91, 77, 59, 65, 24, 62, 0, 7
0, 65, 20, 81, 65, 100, 100, 98, 89, 74, 76, 50, 65, 24, 63, 0, 1
2, 84, 48, 100, 100, 96, 67, 70, 60, 49, 95, 29, 61, 4, 0, 0, 3
91, 60, 70, 100, 16, 88, 32, 50, 87, 76, 100, 27, 58, 0, 0, 6, 9
0, 68, 57, 96, 82, 100, 70, 59, 65, 18, 18, 3, 19, 0, 100, 2, 1
60, 100, 23, 88, 71, 92, 100, 96, 90, 65, 87, 32, 56, 7, 0, 0, 9
16, 88, 0, 57, 38, 31, 22, 0, 13, 32, 11, 68, 42, 95, 100, 100, 5
44, 100, 0, 72, 0, 42, 100, 43, 99, 60, 59, 70, 53, 35, 65, 0, 4
0, 88, 37, 100, 59, 63, 57, 17, 44, 0, 17, 37, 55, 49, 100, 50, 7
97, 86, 61, 100, 25, 69, 79, 87, 89, 79, 100, 34, 58, 3, 0, 0, 9
100, 93, 68, 100, 40, 91, 56, 74, 88, 63, 63, 39, 31, 20, 0, 0, 5
53, 100, 30, 83, 0, 55, 41, 36, 96, 42, 100, 62, 80, 31, 66, 0, 4
19, 91, 9, 66, 63, 43, 42, 0, 0, 12, 11, 64, 34, 100, 100, 97, 5
42, 100, 20, 61, 20, 20, 62, 0, 100, 25, 96, 66, 49, 86, 0, 67, 0
100, 100, 84, 97, 71, 81, 57, 65, 43, 49, 29, 32, 14, 16, 0, 0, 1
48, 100, 8, 73, 0, 31, 29, 0, 78, 16, 100, 54, 79, 91, 33, 79, 0
0, 78, 27, 100, 55, 82, 58, 35, 50, 0, 36, 24, 67, 37, 100, 40, 7
15, 78, 44, 100, 100, 95, 76, 69, 37, 44, 0, 21, 14, 0, 83, 3, 2
30, 83, 69, 100, 66, 65, 38, 35, 0, 12, 4, 7, 52, 8, 100, 0, 2
30, 83, 65, 53, 91, 13, 11, 0, 0, 34, 67, 64, 100, 100, 22, 97, 8
0, 49, 25, 58, 62, 79, 100, 100, 96, 79, 81, 53, 67, 26, 58, 0, 1
15, 73, 46, 100, 72, 65, 44, 25, 0, 3, 13, 10, 62, 0, 100, 16, 2
0, 89, 25, 100, 77, 80, 81, 40, 71, 0, 33, 15, 36, 41, 100, 50, 7
37, 94, 72, 100, 100, 93, 76, 74, 59, 51, 60, 25, 34, 8, 0, 0, 3
90, 100, 45, 93, 66, 75, 94, 92, 100, 53, 92, 16, 49, 0, 0, 0, 9
100, 100, 47, 81, 20, 43, 30, 4, 93, 0, 93, 35, 40, 43, 0, 40, 6
65, 100, 0, 96, 24, 75, 79, 93, 91, 68, 100, 31, 69, 0, 2, 1, 9
24, 100, 25, 58, 64, 36, 45, 0, 13, 23, 0, 65, 44, 90, 100, 100, 5
0, 100, 34, 97, 55, 66, 57, 32, 40, 0, 15, 22, 46, 36, 100, 42, 7
0, 83, 47, 97, 100, 100, 96, 68, 72, 35, 56, 0, 52, 27, 86, 43, 7
0, 73, 21, 92, 57, 100, 79, 84, 74, 61, 68, 38, 71, 15, 100, 0, 2
7, 72, 0, 57, 52, 77, 100, 100, 93, 84, 67, 56, 41, 28, 22, 0, 1
16, 65, 29, 100, 59, 83, 38, 41, 0, 12, 8, 16, 55, 0, 100, 7, 2
23, 90, 55, 100, 54, 66, 26, 40, 0, 31, 32, 19, 65, 2, 100, 0, 2
92, 72, 72, 100, 34, 72, 76, 57, 100, 71, 96, 29, 56, 0, 0, 6, 9
5, 85, 56, 100, 82, 78, 38, 55, 52, 48, 100, 29, 63, 5, 0, 0, 3
0, 82, 40, 100, 92, 98, 100, 66, 83, 33, 65, 0, 35, 26, 81, 32, 7
3, 77, 40, 100, 70, 80, 52, 45, 20, 18, 0, 0, 50, 7, 100, 1, 2
42, 84, 80, 85, 52, 100, 67, 81, 100, 57, 85, 22, 44, 5, 0, 0, 9
0, 73, 25, 100, 69, 95, 55, 58, 100, 56, 90, 21, 47, 0, 2, 8, 3
49, 89, 71, 59, 98, 23, 38, 0, 18, 33, 60, 67, 100, 100, 0, 94, 8
10, 78, 43, 100, 78, 86, 57, 59, 100, 46, 82, 17, 41, 0, 0, 9, 3
63, 88, 87, 80, 71, 100, 71, 78, 100, 61, 99, 21, 52, 0, 0, 12, 9
6, 83, 99, 86, 80, 100, 0, 80, 100, 81, 91, 57, 71, 28, 54, 0, 9
6, 86, 49, 100, 100, 76, 61, 40, 20, 4, 41, 0, 74, 23, 0, 27, 7
81, 100, 60, 89, 22, 66, 0, 40, 42, 25, 100, 36, 94, 27, 75, 0, 4
12, 61, 0, 20, 44, 0, 92, 23, 100, 64, 70, 100, 15, 92, 0, 52, 0
41, 69, 76, 100, 73, 81, 57, 39, 46, 0, 0, 10, 50, 9, 100, 10, 1
0, 79, 51, 59, 100, 29, 51, 0, 22, 26, 51, 60, 73, 94, 9, 100, 8
76, 70, 32, 100, 10, 71, 85, 41, 100, 4, 4, 0, 0, 39, 54, 73, 8
59, 85, 25, 71, 88, 35, 79, 0, 7, 29, 62, 64, 100, 100, 0, 99, 8
100, 95, 38, 99, 35, 65, 70, 29, 32, 0, 0, 27, 36, 64, 65, 100, 8
60, 98, 34, 56, 99, 66, 74, 100, 58, 65, 100, 58, 66, 0, 0, 8, 9
21, 87, 61, 100, 71, 66, 38, 36, 0, 12, 15, 1, 60, 1, 100, 0, 2
97, 69, 79, 100, 0, 92, 18, 60, 96, 74, 100, 68, 83, 32, 83, 0, 9
77, 87, 87, 57, 100, 19, 13, 0, 28, 35, 83, 69, 94, 100, 0, 79, 8
1, 90, 0, 54, 20, 16, 68, 0, 100, 31, 99, 71, 61, 100, 26, 75, 0
29, 84, 1, 73, 64, 48, 65, 6, 0, 0, 1, 47, 26, 89, 100, 100, 5
0, 43, 35, 61, 70, 79, 100, 100, 86, 76, 70, 51, 55, 26, 49, 0, 1
100, 89, 62, 100, 47, 67, 91, 79, 94, 67, 91, 31, 63, 0, 0, 3, 9
46, 87, 62, 65, 97, 100, 32, 89, 62, 66, 100, 48, 71, 4, 0, 0, 9
51, 78, 0, 68, 47, 34, 100, 0, 19, 7, 63, 43, 85, 82, 9, 100, 8
100, 100, 73, 96, 45, 68, 28, 37, 27, 4, 76, 0, 58, 24, 0, 22, 6
0, 59, 31, 70, 65, 87, 100, 100, 87, 75, 75, 51, 68, 25, 60, 0, 1
14, 78, 45, 100, 62, 71, 34, 39, 0, 14, 15, 8, 58, 8, 100, 0, 2
0, 85, 43, 100, 92, 96, 100, 59, 84, 21, 58, 0, 38, 29, 87, 34, 7
2, 100, 12, 84, 0, 57, 29, 37, 82, 48, 100, 52, 76, 27, 62, 0, 4
23, 97, 0, 53, 20, 6, 66, 0, 100, 35, 98, 84, 53, 100, 9, 81, 0
19, 77, 20, 44, 36, 0, 15, 7, 0, 52, 8, 88, 54, 99, 100, 100, 5
100, 90, 75, 100, 42, 81, 63, 51, 97, 29, 85, 4, 42, 0, 0, 4, 5
88, 64, 93, 100, 41, 87, 48, 61, 100, 70, 90, 31, 55, 0, 0, 4, 9
6, 100, 4, 95, 0, 71, 2, 47, 45, 30, 100, 44, 78, 24, 82, 0, 4
100, 100, 57, 78, 29, 51, 22, 19, 61, 0, 97, 21, 57, 40, 0, 35, 6
100, 90, 95, 100, 59, 70, 27, 38, 6, 5, 54, 0, 65, 27, 0, 18, 6
15, 100, 0, 68, 39, 37, 19, 0, 1, 45, 6, 89, 53, 97, 100, 99, 5
35, 100, 17, 68, 0, 36, 50, 37, 100, 36, 81, 58, 62, 35, 56, 0, 4
62, 60, 100, 76, 99, 100, 32, 93, 0, 69, 59, 53, 78, 28, 56, 0, 9
2, 78, 33, 100, 88, 97, 86, 71, 79, 41, 100, 11, 54, 0, 0, 4, 3
31, 92, 5, 50, 59, 42, 43, 0, 1, 3, 0, 63, 45, 92, 100, 100, 5
40, 82, 58, 100, 79, 77, 57, 62, 100, 44, 83, 16, 37, 0, 0, 11, 3
57, 100, 0, 75, 62, 40, 62, 0, 2, 15, 56, 53, 100, 93, 23, 95, 8
0, 81, 41, 100, 60, 72, 43, 35, 20, 0, 5, 35, 48, 49, 100, 48, 7
82, 100, 49, 85, 19, 61, 0, 34, 51, 36, 100, 51, 81, 27, 69, 0, 4
26, 82, 68, 100, 100, 82, 72, 52, 70, 46, 90, 20, 48, 0, 0, 9, 3
100, 91, 71, 100, 38, 83, 78, 87, 88, 70, 64, 42, 35, 18, 0, 0, 9
0, 25, 52, 58, 76, 98, 15, 100, 54, 64, 100, 29, 49, 0, 9, 28, 8
0, 91, 35, 100, 67, 72, 61, 35, 45, 0, 21, 13, 40, 27, 100, 29, 7
0, 100, 55, 100, 100, 89, 72, 57, 46, 25, 33, 0, 10, 32, 69, 32, 7
100, 100, 64, 87, 36, 66, 14, 44, 0, 20, 23, 0, 57, 10, 24, 20, 6
9, 45, 30, 10, 65, 0, 95, 30, 100, 72, 72, 100, 32, 88, 0, 61, 0
50, 93, 4, 100, 38, 58, 100, 17, 25, 0, 0, 43, 54, 87, 6, 89, 8
45, 36, 76, 67, 100, 100, 96, 74, 92, 39, 86, 9, 0, 0, 92, 0, 1
33, 77, 0, 60, 75, 69, 78, 26, 12, 0, 15, 46, 23, 93, 100, 100, 5
73, 94, 26, 99, 0, 57, 16, 7, 64, 0, 100, 36, 94, 87, 48, 100, 0
23, 98, 53, 100, 57, 63, 29, 35, 0, 9, 25, 0, 62, 3, 100, 3, 2
0, 81, 38, 100, 71, 82, 54, 41, 33, 0, 26, 14, 43, 46, 100, 55, 7
9, 70, 41, 100, 100, 85, 68, 42, 27, 2, 75, 0, 45, 42, 0, 80, 8
100, 100, 52, 87, 17, 60, 0, 29, 17, 0, 71, 4, 58, 29, 0, 30, 6
0, 38, 29, 60, 60, 80, 96, 100, 100, 78, 96, 52, 93, 26, 93, 0, 1
0, 81, 28, 100, 44, 64, 43, 24, 37, 0, 5, 29, 51, 40, 100, 47, 7
86, 78, 53, 100, 32, 69, 56, 32, 36, 0, 0, 18, 49, 48, 100, 77, 8
25, 80, 75, 100, 92, 69, 72, 35, 52, 0, 100, 18, 61, 48, 0, 65, 8
61, 95, 20, 91, 0, 42, 25, 0, 79, 12, 100, 58, 67, 100, 20, 99, 0
34, 100, 9, 76, 0, 50, 51, 35, 100, 52, 89, 51, 86, 24, 85, 0, 4
0, 100, 13, 72, 87, 78, 58, 97, 49, 80, 100, 58, 70, 29, 47, 0, 9
100, 100, 60, 94, 33, 62, 22, 29, 47, 0, 98, 12, 58, 35, 0, 27, 6
18, 88, 47, 100, 47, 71, 21, 47, 0, 21, 22, 1, 61, 0, 100, 3, 2
92, 77, 88, 100, 46, 83, 79, 69, 100, 54, 97, 18, 53, 0, 0, 6, 9
100, 96, 65, 98, 61, 80, 99, 100, 81, 66, 60, 32, 34, 0, 0, 0, 9
69, 90, 33, 61, 75, 16, 12, 0, 0, 38, 77, 59, 100, 100, 20, 95, 8
53, 81, 66, 100, 86, 70, 77, 35, 43, 9, 0, 8, 51, 11, 100, 0, 2
38, 76, 0, 91, 39, 45, 75, 0, 24, 12, 58, 58, 100, 100, 37, 94, 8
0, 65, 51, 79, 84, 100, 100, 94, 92, 70, 83, 46, 73, 22, 78, 0, 1
52, 81, 86, 100, 89, 72, 63, 53, 100, 42, 85, 11, 43, 0, 0, 11, 3
46, 78, 59, 42, 51, 0, 0, 6, 47, 39, 100, 69, 90, 100, 21, 94, 8
10, 73, 0, 38, 26, 0, 75, 12, 100, 52, 89, 95, 39, 100, 3, 67, 0
89, 100, 43, 90, 64, 73, 67, 77, 82, 44, 100, 12, 54, 0, 0, 4, 9
81, 100, 47, 96, 14, 62, 6, 22, 53, 0, 100, 19, 46, 34, 0, 12, 6
6, 78, 0, 37, 19, 0, 76, 3, 100, 40, 99, 80, 51, 100, 7, 73, 0
0, 42, 22, 57, 69, 79, 100, 100, 69, 75, 38, 51, 14, 26, 3, 0, 1
51, 85, 83, 100, 100, 90, 81, 66, 73, 40, 73, 16, 39, 2, 0, 0, 3
3, 71, 0, 95, 45, 100, 100, 99, 79, 78, 48, 53, 31, 24, 54, 0, 7
83, 95, 6, 100, 20, 65, 100, 38, 83, 0, 0, 12, 12, 55, 36, 95, 8
13, 78, 49, 100, 65, 76, 38, 48, 4, 23, 0, 9, 54, 14, 100, 0, 2
12, 64, 57, 46, 46, 0, 0, 3, 44, 41, 100, 74, 90, 100, 25, 79, 8
78, 100, 20, 92, 0, 58, 6, 22, 53, 0, 97, 23, 100, 59, 89, 95, 0
0, 94, 35, 100, 60, 71, 55, 29, 49, 0, 29, 39, 50, 57, 100, 57, 7
74, 100, 38, 91, 15, 62, 0, 30, 13, 0, 69, 0, 100, 26, 46, 32, 6
31, 89, 0, 57, 4, 14, 61, 0, 100, 33, 95, 77, 47, 100, 16, 72, 0
100, 72, 58, 100, 0, 77, 46, 39, 62, 0, 24, 21, 69, 58, 69, 91, 8
100, 81, 23, 100, 0, 65, 56, 30, 45, 0, 25, 34, 89, 68, 94, 98, 8
100, 100, 76, 79, 49, 58, 29, 34, 20, 10, 58, 0, 49, 17, 0, 5, 6
14, 78, 7, 33, 40, 0, 84, 15, 100, 61, 72, 100, 26, 100, 0, 60, 0
100, 81, 60, 100, 33, 68, 82, 62, 94, 80, 87, 36, 52, 0, 0, 2, 9
67, 100, 28, 75, 2, 48, 0, 19, 46, 0, 100, 15, 67, 39, 7, 41, 6
100, 100, 68, 89, 50, 67, 32, 46, 23, 23, 25, 0, 48, 2, 0, 2, 6
14, 68, 56, 100, 75, 97, 68, 60, 64, 22, 0, 4, 18, 0, 100, 3, 1
100, 100, 55, 93, 12, 66, 0, 29, 30, 0, 84, 15, 72, 48, 10, 46, 6
84, 100, 12, 80, 0, 59, 88, 62, 100, 92, 61, 79, 40, 40, 27, 0, 4
2, 75, 36, 100, 87, 93, 58, 62, 94, 49, 100, 19, 50, 0, 0, 16, 3
100, 100, 66, 80, 35, 60, 11, 39, 0, 17, 29, 0, 74, 16, 35, 20, 6
0, 100, 100, 91, 0, 76, 0, 60, 0, 45, 0, 30, 0, 15, 100, 0, 1
35, 100, 7, 65, 0, 21, 37, 0, 79, 18, 100, 58, 83, 97, 37, 100, 0
100, 100, 51, 82, 17, 55, 0, 24, 32, 0, 83, 14, 77, 43, 25, 39, 6
69, 99, 13, 100, 0, 65, 54, 68, 70, 74, 100, 37, 74, 5, 17, 0, 9
22, 100, 16, 99, 0, 70, 11, 40, 78, 38, 100, 61, 97, 30, 94, 0, 4
0, 67, 42, 98, 63, 100, 53, 63, 48, 27, 10, 1, 15, 0, 100, 0, 1
63, 100, 24, 88, 0, 73, 4, 57, 41, 45, 76, 32, 92, 16, 100, 0, 4
100, 100, 29, 98, 39, 65, 88, 34, 81, 1, 0, 0, 27, 34, 84, 62, 8
0, 67, 28, 94, 91, 100, 90, 73, 69, 53, 100, 25, 61, 0, 11, 5, 3
15, 76, 35, 99, 88, 100, 100, 94, 71, 72, 42, 49, 17, 25, 0, 0, 7
39, 100, 17, 79, 0, 56, 6, 32, 42, 28, 79, 35, 100, 24, 90, 0, 4
0, 98, 60, 100, 100, 78, 74, 38, 46, 0, 62, 1, 82, 29, 21, 42, 7
100, 100, 49, 85, 16, 57, 0, 28, 23, 0, 89, 5, 94, 31, 27, 26, 6
96, 100, 60, 82, 18, 54, 0, 33, 63, 26, 99, 49, 94, 34, 100, 0, 4
43, 100, 31, 73, 0, 45, 20, 25, 79, 24, 100, 46, 91, 31, 98, 0, 4
