@relation penbased-2
@attribute At1 integer [0, 100]
@attribute At2 integer [0, 100]
@attribute At3 integer [0, 100]
@attribute At4 integer [0, 100]
@attribute At5 integer [0, 100]
@attribute At6 integer [0, 100]
@attribute At7 integer [0, 100]
@attribute At8 integer [0, 100]
@attribute At9 integer [0, 100]
@attribute At10 integer [0, 100]
@attribute At11 integer [0, 100]
@attribute At12 integer [0, 100]
@attribute At13 integer [0, 100]
@attribute At14 integer [0, 100]
@attribute At15 integer [0, 100]
@attribute At16 integer [0, 100]
@attribute Class {0, 1, 2, 3, 4, 5, 6, 7, 8, 9}
@inputs At1, At2, At3, At4, At5, At6, At7, At8, At9, At10, At11, At12, At13, At14, At15, At16
@outputs Class
@data
13, 89, 12, 50, 72, 38, 56, 0, 4, 17, 0, 61, 32, 94, 100, 100, 5
35, 76, 57, 100, 100, 92, 68, 66, 81, 38, 82, 9, 32, 0, 0, 17, 3
99, 80, 63, 100, 25, 76, 79, 68, 100, 62, 97, 23, 54, 0, 0, 16, 9
30, 87, 16, 55, 68, 41, 52, 0, 0, 16, 15, 63, 41, 100, 100, 98, 5
0, 75, 47, 87, 100, 100, 91, 80, 72, 60, 53, 40, 35, 20, 19, 0, 1
34, 100, 21, 76, 0, 35, 43, 30, 91, 29, 100, 41, 74, 46, 67, 0, 4
38, 51, 8, 66, 0, 19, 42, 0, 87, 26, 100, 71, 61, 100, 16, 84, 0
95, 92, 50, 100, 21, 77, 74, 87, 100, 86, 69, 56, 37, 26, 0, 0, 9
18, 88, 2, 54, 40, 25, 2, 0, 0, 30, 20, 70, 45, 100, 100, 93, 5
0, 65, 38, 79, 62, 100, 72, 86, 77, 65, 79, 43, 83, 21, 100, 0, 1
33, 58, 19, 90, 78, 100, 91, 62, 51, 28, 0, 2, 37, 1, 100, 0, 2
14, 91, 9, 52, 28, 10, 74, 0, 100, 38, 86, 81, 43, 100, 0, 80, 0
85, 100, 30, 84, 5, 54, 0, 22, 48, 0, 100, 21, 66, 47, 0, 37, 6
0, 42, 30, 56, 59, 72, 86, 94, 100, 100, 80, 68, 62, 35, 53, 0, 1
0, 52, 52, 83, 97, 100, 91, 55, 84, 10, 21, 0, 21, 7, 100, 7, 1
37, 84, 69, 100, 96, 87, 55, 61, 88, 38, 100, 9, 51, 0, 0, 3, 3
48, 100, 15, 83, 0, 39, 23, 1, 71, 0, 100, 34, 86, 77, 44, 98, 0
0, 65, 43, 76, 93, 96, 100, 100, 71, 75, 48, 50, 26, 25, 5, 0, 1
0, 78, 18, 96, 59, 95, 100, 100, 86, 82, 66, 56, 52, 29, 47, 0, 7
83, 86, 44, 100, 0, 74, 58, 67, 100, 94, 89, 63, 77, 31, 75, 0, 9
27, 100, 0, 74, 40, 54, 100, 59, 84, 91, 57, 64, 43, 32, 33, 0, 4
0, 61, 22, 89, 59, 100, 72, 73, 53, 42, 31, 12, 58, 0, 100, 4, 2
0, 48, 28, 64, 61, 82, 92, 100, 100, 84, 86, 56, 73, 28, 64, 0, 1
78, 85, 65, 66, 100, 25, 49, 0, 15, 29, 58, 67, 66, 100, 0, 84, 8
84, 93, 20, 100, 22, 50, 44, 0, 0, 22, 54, 59, 100, 95, 27, 97, 8
0, 89, 47, 100, 89, 87, 74, 61, 45, 37, 15, 14, 43, 0, 100, 1, 2
0, 0, 38, 13, 71, 34, 94, 61, 100, 90, 63, 100, 44, 76, 73, 53, 9
62, 45, 95, 75, 69, 100, 4, 86, 0, 59, 74, 57, 100, 32, 94, 0, 9
3, 100, 4, 83, 0, 56, 15, 31, 60, 28, 100, 42, 91, 26, 88, 0, 4
100, 100, 50, 98, 16, 67, 0, 30, 26, 0, 80, 8, 81, 34, 29, 24, 6
33, 80, 23, 100, 87, 96, 97, 68, 79, 44, 100, 16, 44, 0, 0, 22, 3
10, 100, 24, 93, 0, 61, 0, 37, 69, 35, 100, 57, 80, 34, 70, 0, 4
93, 100, 5, 96, 42, 65, 85, 32, 58, 0, 0, 14, 36, 47, 100, 74, 8
100, 100, 51, 85, 18, 58, 0, 28, 17, 0, 78, 1, 68, 20, 8, 12, 6
0, 58, 4, 67, 42, 83, 79, 100, 100, 98, 81, 66, 65, 34, 66, 0, 1
10, 78, 40, 100, 100, 99, 70, 53, 29, 12, 0, 0, 7, 45, 70, 55, 7
39, 76, 74, 40, 83, 2, 11, 0, 50, 35, 100, 67, 73, 100, 0, 81, 8
76, 100, 34, 77, 7, 48, 0, 17, 47, 0, 100, 13, 78, 37, 21, 29, 6
12, 82, 41, 100, 84, 84, 54, 51, 88, 43, 100, 10, 50, 0, 0, 6, 3
33, 100, 0, 66, 28, 40, 55, 12, 1, 0, 10, 46, 44, 84, 100, 92, 5
84, 81, 39, 100, 0, 66, 9, 18, 60, 0, 100, 33, 89, 80, 36, 92, 0
15, 97, 0, 76, 33, 46, 95, 59, 100, 100, 83, 83, 87, 41, 97, 0, 4
72, 100, 36, 98, 39, 81, 82, 99, 100, 84, 70, 48, 37, 16, 0, 0, 9
0, 65, 37, 82, 82, 100, 100, 90, 86, 65, 70, 39, 55, 14, 49, 0, 1
100, 69, 78, 100, 37, 85, 83, 77, 91, 52, 97, 15, 51, 0, 0, 0, 9
100, 100, 66, 94, 38, 70, 15, 45, 0, 18, 26, 0, 55, 16, 11, 24, 6
29, 97, 31, 70, 61, 42, 50, 0, 0, 20, 17, 60, 41, 98, 100, 100, 5
0, 12, 50, 48, 84, 87, 24, 100, 29, 65, 100, 35, 84, 0, 9, 11, 8
8, 58, 56, 77, 100, 100, 88, 95, 60, 72, 36, 48, 12, 24, 0, 0, 1
33, 95, 4, 69, 0, 27, 39, 0, 88, 16, 100, 56, 69, 89, 17, 100, 0
44, 73, 66, 100, 100, 88, 74, 57, 33, 32, 0, 21, 53, 19, 99, 0, 2
0, 100, 82, 95, 100, 79, 100, 64, 91, 48, 82, 32, 55, 15, 55, 0, 1
19, 74, 43, 100, 70, 80, 53, 53, 100, 42, 98, 12, 50, 0, 0, 4, 3
14, 99, 16, 67, 67, 33, 74, 0, 0, 17, 44, 48, 100, 77, 39, 100, 8
33, 64, 36, 100, 59, 71, 44, 34, 0, 18, 32, 26, 71, 0, 100, 22, 2
35, 73, 77, 55, 100, 20, 39, 0, 37, 35, 79, 68, 86, 100, 0, 84, 8
0, 69, 29, 100, 77, 97, 39, 64, 61, 38, 100, 10, 47, 0, 2, 15, 3
22, 98, 71, 100, 100, 80, 59, 61, 99, 39, 95, 10, 47, 0, 0, 10, 3
0, 97, 61, 100, 100, 81, 88, 50, 69, 20, 51, 0, 30, 30, 90, 36, 7
38, 99, 90, 95, 29, 100, 10, 58, 60, 53, 100, 23, 49, 0, 0, 18, 5
70, 91, 25, 69, 0, 35, 6, 0, 58, 0, 97, 25, 100, 63, 85, 100, 0
26, 87, 67, 100, 80, 76, 61, 48, 33, 23, 0, 1, 48, 0, 100, 3, 2
98, 89, 48, 100, 29, 65, 58, 25, 6, 0, 0, 31, 53, 63, 100, 91, 8
100, 100, 57, 90, 32, 60, 15, 30, 26, 0, 89, 7, 70, 34, 0, 43, 6
30, 76, 53, 100, 82, 74, 66, 39, 31, 12, 0, 3, 50, 3, 100, 0, 2
100, 95, 0, 78, 93, 59, 81, 100, 62, 44, 2, 5, 96, 0, 48, 48, 8
0, 79, 32, 100, 69, 93, 54, 58, 25, 29, 4, 5, 52, 0, 100, 2, 2
27, 73, 42, 100, 62, 66, 41, 30, 0, 13, 38, 10, 82, 0, 100, 34, 2
38, 73, 84, 41, 100, 0, 53, 7, 73, 49, 98, 90, 54, 100, 0, 75, 8
15, 90, 59, 100, 71, 74, 50, 55, 99, 42, 100, 13, 53, 0, 0, 10, 3
0, 61, 36, 82, 78, 100, 100, 95, 76, 71, 49, 47, 24, 23, 22, 0, 1
0, 92, 33, 100, 97, 83, 82, 41, 59, 0, 100, 9, 82, 37, 7, 45, 7
28, 6, 64, 48, 100, 91, 53, 100, 22, 59, 80, 31, 66, 0, 0, 2, 8
25, 89, 65, 55, 100, 21, 20, 0, 0, 30, 55, 62, 94, 95, 22, 100, 8
100, 97, 48, 100, 12, 80, 9, 42, 51, 53, 80, 28, 49, 0, 0, 5, 5
69, 100, 43, 92, 15, 58, 5, 21, 50, 0, 100, 20, 48, 34, 0, 15, 6
53, 91, 100, 100, 86, 100, 28, 86, 58, 64, 98, 32, 60, 0, 0, 1, 5
0, 93, 53, 100, 83, 84, 68, 43, 55, 0, 30, 22, 45, 46, 100, 51, 7
53, 81, 86, 100, 98, 69, 83, 37, 52, 9, 0, 3, 47, 0, 100, 2, 2
0, 95, 62, 100, 100, 82, 88, 50, 79, 19, 66, 0, 35, 27, 99, 37, 7
2, 85, 0, 58, 45, 34, 24, 0, 7, 28, 1, 69, 44, 93, 100, 100, 5
0, 90, 37, 98, 89, 100, 67, 52, 50, 0, 33, 18, 48, 40, 100, 47, 7
0, 82, 43, 100, 100, 94, 90, 65, 55, 41, 13, 18, 28, 1, 92, 0, 2
16, 100, 11, 71, 5, 39, 29, 11, 85, 11, 100, 28, 46, 18, 0, 0, 6
33, 100, 13, 89, 0, 61, 49, 58, 100, 76, 63, 55, 37, 28, 20, 0, 4
90, 85, 100, 100, 64, 97, 59, 68, 80, 38, 72, 8, 36, 1, 0, 0, 5
4, 92, 45, 100, 100, 91, 59, 52, 32, 5, 15, 0, 0, 38, 65, 38, 7
0, 92, 44, 100, 80, 88, 43, 67, 71, 45, 100, 23, 54, 7, 2, 0, 3
27, 99, 50, 100, 40, 57, 19, 21, 0, 14, 33, 15, 65, 0, 100, 12, 2
63, 100, 46, 78, 19, 55, 0, 32, 54, 24, 100, 44, 87, 24, 74, 0, 4
82, 100, 51, 89, 0, 62, 23, 43, 100, 43, 99, 66, 70, 33, 47, 0, 4
60, 90, 26, 82, 49, 39, 35, 0, 0, 23, 56, 54, 100, 90, 37, 100, 8
42, 100, 24, 76, 0, 53, 19, 35, 79, 41, 100, 48, 82, 24, 73, 0, 4
98, 100, 50, 76, 20, 42, 21, 5, 77, 0, 100, 34, 45, 37, 0, 10, 6
100, 100, 70, 86, 30, 60, 0, 29, 11, 0, 70, 9, 76, 32, 16, 35, 6
0, 100, 38, 100, 70, 74, 55, 30, 26, 0, 19, 44, 59, 50, 100, 54, 7
12, 63, 37, 100, 61, 76, 37, 36, 5, 1, 0, 1, 49, 3, 100, 0, 2
32, 70, 45, 100, 77, 84, 49, 49, 14, 20, 0, 0, 51, 9, 100, 22, 2
23, 67, 31, 94, 90, 100, 80, 75, 76, 44, 100, 14, 56, 0, 0, 5, 3
70, 100, 49, 82, 26, 52, 19, 20, 62, 3, 100, 19, 43, 20, 0, 0, 6
0, 91, 0, 97, 52, 100, 100, 93, 100, 69, 78, 47, 58, 24, 44, 0, 7
37, 100, 0, 72, 6, 57, 65, 67, 100, 86, 64, 66, 44, 32, 20, 0, 4
55, 79, 82, 100, 98, 81, 69, 60, 100, 42, 85, 19, 45, 5, 0, 0, 3
0, 78, 21, 100, 54, 97, 68, 72, 60, 43, 48, 16, 66, 0, 100, 6, 2
81, 69, 63, 100, 0, 82, 41, 41, 81, 0, 19, 3, 41, 44, 100, 74, 8
4, 91, 47, 100, 100, 87, 68, 44, 45, 0, 25, 5, 0, 36, 76, 35, 7
89, 92, 20, 100, 11, 67, 43, 34, 54, 0, 0, 24, 34, 56, 100, 82, 8
85, 100, 40, 99, 51, 71, 100, 96, 71, 91, 91, 57, 62, 24, 0, 0, 9
0, 80, 8, 100, 37, 81, 32, 49, 11, 22, 23, 6, 62, 5, 100, 0, 2
100, 100, 12, 94, 0, 72, 85, 83, 94, 85, 81, 56, 65, 27, 62, 0, 9
11, 100, 6, 86, 0, 47, 30, 16, 74, 33, 100, 68, 87, 39, 79, 0, 4
0, 85, 43, 100, 100, 95, 85, 74, 44, 57, 33, 37, 50, 16, 9, 0, 3
0, 98, 58, 100, 55, 67, 55, 32, 69, 0, 33, 16, 42, 36, 100, 46, 7
8, 98, 25, 100, 29, 64, 21, 29, 0, 2, 33, 2, 67, 3, 100, 0, 2
18, 76, 55, 100, 65, 62, 38, 23, 0, 0, 13, 18, 57, 20, 100, 16, 2
0, 79, 35, 100, 87, 99, 100, 71, 63, 46, 23, 24, 46, 4, 98, 0, 2
16, 37, 8, 82, 49, 100, 55, 56, 26, 17, 0, 0, 50, 3, 100, 3, 2
11, 85, 0, 46, 12, 5, 53, 0, 88, 25, 100, 68, 73, 100, 34, 92, 0
0, 73, 4, 100, 70, 100, 93, 70, 61, 38, 15, 12, 31, 0, 100, 6, 2
30, 63, 44, 100, 89, 96, 77, 56, 40, 24, 0, 11, 51, 19, 100, 0, 2
2, 94, 93, 100, 100, 78, 86, 39, 74, 0, 37, 10, 0, 43, 100, 43, 7
41, 100, 12, 74, 0, 44, 75, 46, 100, 78, 81, 75, 65, 37, 48, 0, 4
42, 87, 77, 100, 75, 76, 70, 52, 100, 34, 88, 10, 44, 0, 0, 5, 3
47, 100, 11, 83, 0, 50, 57, 37, 100, 54, 81, 58, 45, 30, 19, 0, 4
62, 100, 100, 98, 77, 61, 45, 28, 39, 0, 79, 25, 50, 57, 0, 72, 8
21, 73, 8, 40, 36, 0, 77, 1, 100, 44, 82, 90, 41, 100, 0, 86, 0
10, 100, 6, 82, 0, 62, 4, 42, 59, 34, 88, 39, 80, 19, 100, 0, 4
0, 63, 61, 38, 67, 0, 20, 14, 56, 50, 100, 85, 50, 100, 2, 71, 8
100, 100, 51, 96, 18, 67, 0, 35, 12, 4, 79, 0, 94, 25, 32, 24, 6
25, 100, 0, 63, 8, 30, 82, 39, 100, 70, 79, 90, 89, 44, 100, 0, 4
100, 90, 78, 100, 31, 88, 22, 57, 61, 52, 83, 28, 51, 4, 0, 0, 5
64, 67, 95, 100, 83, 88, 73, 48, 53, 11, 0, 0, 42, 0, 100, 2, 1
50, 90, 0, 89, 62, 47, 88, 0, 5, 4, 42, 51, 100, 95, 11, 100, 8
35, 94, 0, 74, 75, 97, 100, 100, 70, 75, 45, 50, 25, 25, 0, 0, 1
42, 79, 93, 100, 89, 96, 39, 78, 51, 43, 100, 33, 56, 3, 0, 0, 5
74, 100, 2, 49, 29, 0, 100, 54, 61, 95, 0, 39, 75, 77, 6, 21, 0
0, 70, 11, 100, 34, 88, 26, 55, 15, 23, 28, 0, 66, 7, 100, 19, 2
81, 85, 10, 79, 42, 38, 56, 0, 0, 21, 45, 62, 100, 100, 29, 82, 8
22, 99, 7, 64, 0, 25, 36, 0, 83, 27, 100, 64, 76, 100, 19, 95, 0
0, 62, 30, 90, 70, 100, 57, 61, 48, 22, 7, 0, 36, 2, 100, 3, 1
0, 3, 28, 0, 62, 18, 87, 43, 100, 71, 89, 100, 54, 98, 78, 80, 9
28, 77, 62, 100, 100, 85, 67, 58, 96, 40, 92, 9, 41, 0, 0, 18, 3
71, 100, 50, 87, 32, 50, 32, 11, 76, 0, 100, 32, 51, 49, 0, 41, 6
6, 100, 0, 93, 0, 67, 18, 43, 65, 46, 92, 50, 83, 24, 100, 0, 4
0, 50, 28, 70, 77, 93, 100, 100, 77, 75, 56, 50, 44, 25, 62, 0, 1
8, 92, 67, 100, 87, 82, 62, 40, 31, 0, 0, 14, 38, 30, 100, 27, 7
20, 100, 34, 63, 57, 25, 23, 0, 6, 39, 0, 81, 48, 95, 100, 95, 5
13, 100, 0, 54, 25, 13, 70, 0, 100, 35, 86, 81, 41, 94, 6, 62, 0
33, 100, 16, 78, 0, 52, 18, 31, 58, 29, 98, 34, 100, 25, 100, 0, 4
18, 100, 23, 69, 57, 39, 29, 0, 0, 27, 0, 75, 40, 94, 100, 99, 5
12, 76, 27, 98, 45, 48, 28, 0, 0, 14, 54, 56, 100, 100, 30, 96, 8
29, 100, 0, 77, 0, 53, 75, 44, 100, 63, 72, 51, 73, 25, 67, 0, 4
22, 100, 0, 70, 28, 44, 83, 47, 100, 79, 71, 61, 45, 30, 19, 0, 4
36, 90, 34, 65, 77, 32, 40, 0, 13, 30, 0, 72, 24, 100, 100, 93, 5
42, 90, 74, 100, 100, 87, 70, 70, 46, 50, 56, 19, 35, 0, 0, 5, 3
14, 86, 0, 75, 1, 29, 40, 0, 94, 10, 100, 53, 62, 86, 9, 100, 0
60, 91, 14, 80, 50, 59, 56, 7, 0, 0, 4, 45, 41, 91, 100, 100, 5
22, 100, 66, 50, 100, 94, 45, 95, 5, 41, 58, 0, 78, 42, 0, 46, 8
29, 100, 25, 73, 0, 37, 48, 32, 100, 32, 84, 68, 60, 39, 43, 0, 4
100, 93, 62, 77, 0, 61, 13, 88, 76, 100, 94, 67, 72, 33, 46, 0, 9
80, 100, 34, 87, 69, 69, 100, 90, 81, 74, 74, 45, 44, 20, 0, 0, 9
0, 85, 21, 100, 72, 84, 65, 43, 56, 0, 37, 1, 42, 28, 100, 28, 7
0, 90, 3, 41, 31, 0, 76, 16, 100, 61, 70, 100, 25, 87, 14, 38, 0
0, 48, 36, 61, 69, 78, 100, 100, 95, 94, 70, 64, 48, 34, 33, 0, 1
100, 83, 97, 100, 46, 94, 46, 67, 83, 42, 99, 11, 51, 0, 0, 3, 5
44, 94, 6, 74, 0, 28, 35, 0, 78, 13, 100, 53, 76, 91, 32, 100, 0
0, 89, 36, 100, 56, 72, 38, 40, 8, 13, 1, 0, 51, 1, 100, 0, 2
0, 100, 72, 99, 100, 86, 62, 45, 38, 0, 5, 13, 23, 41, 97, 44, 7
97, 100, 57, 82, 24, 51, 0, 20, 32, 0, 100, 12, 91, 42, 25, 56, 6
24, 77, 73, 100, 100, 77, 62, 37, 21, 0, 0, 9, 25, 39, 84, 31, 7
49, 91, 98, 100, 96, 66, 59, 32, 17, 0, 0, 16, 38, 40, 100, 48, 7
1, 90, 47, 100, 74, 83, 53, 57, 67, 32, 100, 12, 51, 1, 0, 0, 3
23, 78, 26, 100, 62, 85, 34, 55, 0, 27, 1, 0, 51, 0, 100, 7, 2
69, 98, 89, 64, 97, 100, 62, 79, 99, 77, 100, 29, 60, 2, 0, 0, 9
0, 62, 27, 64, 61, 84, 100, 100, 90, 77, 70, 51, 50, 25, 35, 0, 1
32, 92, 75, 100, 79, 63, 56, 28, 29, 0, 0, 33, 42, 46, 100, 48, 7
9, 98, 29, 65, 81, 99, 10, 100, 58, 75, 100, 62, 87, 17, 0, 0, 9
3, 90, 69, 100, 58, 98, 0, 77, 36, 58, 100, 44, 73, 9, 7, 0, 5
0, 89, 78, 100, 100, 82, 66, 45, 58, 5, 33, 0, 12, 26, 98, 36, 7
16, 89, 16, 100, 0, 70, 15, 42, 81, 51, 100, 61, 84, 30, 75, 0, 4
27, 90, 0, 65, 55, 44, 62, 5, 19, 0, 24, 50, 29, 95, 100, 100, 5
59, 100, 9, 86, 61, 44, 74, 0, 0, 1, 53, 39, 100, 82, 35, 88, 8
0, 90, 31, 100, 74, 82, 68, 39, 46, 0, 36, 6, 49, 41, 100, 54, 7
65, 95, 28, 72, 52, 33, 24, 0, 0, 16, 15, 59, 48, 89, 100, 100, 5
36, 68, 72, 100, 81, 90, 63, 46, 47, 7, 0, 2, 49, 0, 100, 2, 1
46, 71, 84, 96, 7, 100, 28, 76, 100, 86, 90, 49, 69, 13, 0, 0, 9
24, 83, 58, 100, 86, 83, 66, 57, 100, 35, 87, 6, 42, 0, 0, 13, 3
0, 87, 37, 100, 59, 64, 45, 15, 27, 0, 20, 38, 60, 44, 100, 51, 7
73, 100, 35, 93, 6, 61, 0, 25, 42, 0, 100, 18, 72, 42, 19, 21, 6
22, 100, 3, 94, 0, 51, 49, 44, 100, 61, 64, 86, 64, 43, 60, 0, 4
23, 100, 19, 64, 51, 32, 16, 0, 0, 33, 8, 84, 54, 90, 100, 92, 5
87, 82, 70, 64, 12, 67, 41, 100, 100, 90, 98, 48, 62, 12, 0, 0, 9
100, 95, 74, 100, 25, 89, 17, 53, 72, 45, 99, 19, 53, 3, 0, 0, 5
4, 85, 39, 100, 83, 85, 57, 60, 59, 41, 100, 21, 62, 0, 0, 1, 3
36, 86, 68, 100, 100, 77, 62, 52, 71, 45, 99, 19, 52, 2, 0, 0, 3
5, 39, 0, 61, 55, 84, 100, 100, 73, 75, 55, 50, 45, 25, 59, 0, 1
30, 74, 45, 100, 87, 90, 56, 59, 100, 40, 83, 9, 30, 0, 0, 15, 3
58, 74, 100, 100, 94, 75, 85, 35, 59, 2, 0, 0, 29, 2, 88, 3, 1
27, 81, 43, 100, 86, 84, 52, 60, 84, 43, 100, 16, 54, 0, 0, 1, 3
36, 96, 23, 54, 42, 5, 86, 0, 100, 49, 76, 95, 31, 100, 0, 62, 0
100, 100, 52, 79, 18, 54, 0, 25, 28, 0, 85, 9, 66, 34, 3, 39, 6
43, 82, 60, 100, 100, 91, 74, 68, 60, 50, 77, 26, 41, 10, 0, 0, 3
25, 100, 0, 75, 9, 50, 77, 49, 100, 72, 77, 53, 67, 26, 65, 0, 4
40, 100, 6, 66, 0, 11, 41, 0, 81, 19, 100, 65, 60, 87, 19, 77, 0
33, 90, 66, 100, 66, 71, 63, 64, 100, 44, 78, 14, 27, 0, 0, 24, 3
19, 100, 0, 71, 10, 43, 53, 34, 93, 43, 100, 55, 80, 27, 59, 0, 4
0, 67, 53, 82, 100, 100, 86, 84, 75, 63, 67, 42, 63, 21, 55, 0, 1
14, 76, 43, 100, 72, 79, 46, 45, 12, 15, 0, 0, 50, 4, 100, 7, 2
91, 100, 48, 79, 23, 50, 18, 18, 62, 0, 100, 18, 55, 38, 0, 34, 6
86, 100, 37, 91, 7, 60, 0, 27, 36, 0, 100, 5, 83, 31, 20, 25, 6
16, 100, 9, 74, 0, 33, 23, 0, 77, 13, 100, 50, 70, 80, 15, 74, 0
0, 95, 53, 100, 91, 86, 78, 47, 68, 7, 47, 0, 24, 24, 100, 27, 7
43, 100, 10, 75, 0, 45, 46, 34, 100, 35, 93, 60, 88, 29, 78, 0, 4
2, 100, 5, 75, 0, 47, 22, 27, 98, 30, 100, 47, 71, 27, 78, 0, 4
28, 92, 40, 48, 96, 67, 45, 100, 37, 90, 100, 62, 68, 19, 0, 0, 9
79, 100, 50, 63, 0, 34, 15, 35, 93, 36, 100, 71, 64, 37, 43, 0, 4
38, 80, 91, 100, 82, 97, 73, 56, 75, 15, 9, 0, 0, 0, 100, 8, 1
100, 100, 63, 79, 35, 57, 12, 34, 4, 9, 44, 0, 60, 21, 0, 20, 6
65, 89, 61, 100, 16, 73, 0, 47, 65, 40, 100, 59, 61, 30, 28, 0, 4
60, 90, 43, 68, 52, 22, 21, 0, 0, 39, 52, 66, 100, 95, 38, 100, 8
27, 84, 20, 51, 38, 11, 0, 0, 2, 47, 9, 93, 54, 100, 100, 99, 5
0, 91, 32, 100, 49, 77, 39, 50, 21, 25, 20, 5, 60, 3, 100, 0, 2
13, 89, 54, 100, 100, 97, 90, 72, 68, 48, 73, 21, 44, 1, 0, 0, 3
0, 45, 17, 4, 55, 0, 89, 24, 100, 70, 72, 100, 36, 83, 18, 39, 0
0, 93, 43, 100, 70, 72, 68, 34, 56, 0, 31, 32, 52, 48, 100, 53, 7
0, 83, 63, 100, 100, 82, 84, 52, 58, 23, 23, 0, 0, 29, 76, 33, 7
15, 74, 23, 100, 72, 92, 53, 60, 75, 45, 100, 18, 55, 0, 0, 1, 3
1, 92, 0, 63, 36, 33, 14, 0, 3, 37, 5, 81, 50, 96, 100, 100, 5
16, 85, 45, 100, 96, 93, 85, 66, 88, 40, 100, 15, 52, 4, 0, 0, 3
38, 100, 23, 84, 6, 59, 0, 35, 45, 21, 100, 35, 85, 24, 98, 0, 4
100, 90, 60, 100, 36, 66, 54, 29, 34, 0, 0, 19, 37, 48, 79, 74, 8
32, 100, 6, 77, 0, 33, 30, 0, 81, 6, 100, 44, 76, 82, 26, 88, 0
44, 75, 90, 100, 83, 86, 67, 46, 51, 6, 0, 0, 27, 3, 100, 2, 1
16, 98, 75, 100, 48, 94, 0, 72, 55, 58, 100, 33, 77, 4, 18, 0, 5
80, 100, 28, 96, 0, 63, 3, 26, 45, 0, 100, 5, 57, 24, 1, 12, 6
0, 86, 73, 100, 100, 96, 71, 61, 36, 25, 3, 0, 6, 38, 85, 43, 7
61, 60, 88, 97, 10, 100, 16, 66, 91, 82, 100, 46, 82, 5, 0, 0, 9
0, 88, 35, 100, 69, 85, 62, 58, 66, 32, 100, 14, 74, 1, 31, 0, 3
0, 67, 46, 91, 100, 100, 83, 56, 52, 15, 22, 0, 29, 28, 85, 29, 7
23, 82, 58, 100, 87, 86, 62, 57, 100, 49, 85, 19, 45, 2, 0, 0, 3
28, 100, 15, 65, 0, 29, 40, 20, 100, 17, 99, 36, 67, 36, 59, 0, 4
53, 94, 100, 100, 60, 90, 28, 65, 42, 52, 72, 35, 46, 7, 0, 0, 5
55, 68, 71, 40, 100, 6, 5, 0, 14, 35, 66, 68, 89, 100, 0, 83, 8
55, 100, 18, 78, 0, 49, 5, 20, 46, 0, 100, 12, 68, 29, 10, 22, 6
100, 100, 72, 90, 35, 66, 6, 38, 0, 8, 50, 0, 69, 19, 14, 22, 6
20, 91, 27, 61, 66, 35, 47, 0, 0, 21, 11, 66, 44, 95, 100, 100, 5
64, 99, 23, 76, 61, 60, 57, 21, 0, 0, 9, 50, 38, 94, 100, 100, 5
17, 36, 37, 4, 72, 0, 100, 29, 92, 75, 62, 100, 26, 96, 0, 66, 0
100, 90, 48, 100, 0, 88, 8, 60, 60, 52, 86, 22, 50, 0, 8, 12, 5
55, 100, 7, 74, 0, 51, 72, 52, 100, 75, 77, 66, 48, 33, 23, 0, 4
100, 84, 78, 100, 69, 82, 87, 83, 80, 51, 77, 17, 45, 0, 0, 8, 9
0, 62, 31, 82, 100, 100, 100, 80, 81, 60, 38, 40, 6, 20, 12, 0, 1
100, 100, 89, 94, 89, 79, 78, 63, 56, 47, 33, 31, 22, 16, 0, 0, 1
0, 42, 7, 64, 52, 83, 100, 100, 94, 78, 67, 52, 43, 26, 22, 0, 1
20, 73, 58, 100, 62, 87, 55, 42, 41, 3, 0, 0, 50, 1, 100, 6, 1
53, 60, 85, 83, 48, 100, 0, 79, 46, 70, 100, 57, 81, 28, 54, 0, 9
82, 77, 45, 100, 0, 78, 47, 58, 100, 81, 94, 56, 87, 22, 88, 0, 9
0, 93, 43, 100, 78, 83, 66, 55, 36, 31, 11, 6, 53, 0, 100, 1, 2
34, 100, 2, 61, 0, 15, 45, 0, 88, 25, 100, 70, 57, 92, 19, 67, 0
20, 100, 0, 61, 10, 16, 58, 0, 100, 26, 98, 71, 56, 99, 7, 89, 0
0, 94, 47, 97, 97, 100, 92, 56, 84, 13, 67, 0, 48, 19, 100, 23, 7
18, 92, 11, 56, 43, 23, 21, 0, 4, 37, 0, 74, 47, 92, 100, 100, 5
25, 92, 67, 100, 100, 87, 62, 69, 70, 47, 88, 23, 46, 8, 0, 0, 3
49, 100, 14, 73, 0, 39, 10, 5, 64, 0, 100, 25, 57, 44, 1, 38, 6
100, 86, 90, 100, 49, 71, 16, 38, 15, 0, 68, 4, 53, 37, 0, 27, 6
0, 82, 42, 100, 73, 100, 63, 58, 52, 16, 19, 8, 50, 3, 100, 0, 1
0, 62, 52, 63, 78, 98, 23, 100, 32, 70, 99, 77, 100, 39, 94, 0, 9
0, 93, 35, 100, 84, 100, 100, 81, 85, 61, 70, 40, 55, 20, 52, 0, 7
0, 87, 46, 100, 72, 72, 61, 35, 42, 0, 23, 30, 49, 50, 100, 58, 7
95, 100, 46, 79, 14, 50, 0, 18, 42, 0, 88, 20, 100, 53, 83, 85, 0
58, 85, 14, 54, 35, 2, 100, 58, 65, 100, 21, 48, 60, 64, 0, 0, 0
48, 99, 17, 66, 0, 26, 35, 0, 82, 24, 100, 64, 78, 100, 25, 86, 0
42, 100, 11, 71, 38, 34, 17, 0, 0, 26, 3, 79, 50, 90, 100, 85, 5
0, 81, 16, 59, 74, 39, 65, 0, 8, 6, 4, 50, 33, 88, 100, 100, 5
0, 72, 19, 100, 27, 60, 10, 21, 2, 1, 35, 0, 68, 1, 100, 8, 2
10, 81, 37, 100, 56, 62, 44, 21, 0, 13, 35, 25, 75, 0, 100, 30, 2
30, 81, 0, 35, 60, 39, 83, 0, 41, 4, 27, 57, 39, 100, 100, 99, 5
42, 96, 100, 100, 80, 98, 32, 76, 58, 60, 86, 28, 48, 0, 0, 14, 5
4, 76, 0, 33, 34, 0, 84, 17, 100, 61, 72, 100, 25, 90, 14, 45, 0
100, 100, 48, 84, 15, 53, 1, 19, 47, 0, 100, 24, 60, 39, 0, 19, 6
60, 100, 36, 67, 0, 39, 46, 48, 99, 58, 100, 62, 77, 29, 52, 0, 4
34, 84, 83, 100, 100, 99, 28, 82, 0, 53, 65, 39, 84, 1, 13, 0, 5
100, 100, 60, 84, 29, 57, 11, 26, 35, 0, 83, 12, 53, 37, 0, 31, 6
36, 100, 13, 75, 57, 65, 100, 78, 63, 85, 41, 57, 18, 29, 0, 0, 4
0, 48, 17, 64, 53, 84, 93, 100, 100, 79, 85, 53, 72, 26, 68, 0, 1
23, 88, 52, 100, 51, 67, 30, 38, 0, 16, 27, 8, 64, 3, 100, 0, 2
100, 100, 55, 93, 23, 59, 11, 15, 53, 0, 77, 31, 41, 62, 0, 51, 6
90, 81, 46, 57, 0, 70, 27, 100, 85, 98, 100, 64, 86, 30, 55, 0, 9
0, 75, 29, 100, 74, 93, 69, 60, 41, 29, 0, 3, 37, 0, 100, 6, 2
22, 91, 24, 64, 80, 38, 67, 0, 0, 13, 4, 57, 26, 97, 100, 100, 5
21, 100, 0, 79, 0, 54, 42, 37, 83, 52, 79, 49, 81, 24, 100, 0, 4
68, 76, 75, 100, 33, 82, 78, 74, 75, 55, 100, 23, 55, 4, 0, 0, 9
100, 97, 88, 100, 53, 70, 25, 36, 17, 0, 69, 10, 58, 39, 0, 29, 6
63, 100, 36, 83, 9, 49, 0, 13, 57, 0, 100, 27, 51, 42, 14, 14, 6
31, 88, 68, 100, 60, 86, 76, 68, 100, 44, 78, 18, 39, 6, 0, 0, 3
0, 66, 33, 67, 65, 82, 95, 100, 100, 92, 80, 62, 67, 29, 78, 0, 1
9, 89, 54, 100, 74, 74, 56, 44, 25, 18, 0, 3, 50, 5, 100, 0, 2
94, 100, 52, 78, 24, 50, 13, 21, 47, 0, 100, 15, 53, 30, 0, 18, 6
48, 73, 62, 80, 100, 100, 88, 85, 60, 64, 38, 42, 15, 21, 0, 0, 1
44, 87, 25, 100, 22, 68, 68, 85, 91, 59, 100, 18, 53, 0, 0, 3, 9
26, 73, 0, 48, 18, 7, 67, 0, 100, 30, 87, 73, 48, 100, 13, 75, 0
0, 85, 42, 97, 30, 75, 23, 21, 72, 0, 100, 47, 87, 100, 36, 99, 0
0, 92, 33, 100, 95, 80, 83, 40, 56, 0, 35, 9, 20, 36, 100, 43, 7
36, 100, 5, 66, 0, 22, 40, 0, 85, 19, 100, 59, 65, 89, 15, 94, 0
100, 100, 48, 80, 17, 54, 0, 26, 25, 0, 96, 4, 84, 23, 19, 12, 6
55, 95, 100, 100, 54, 91, 28, 55, 54, 53, 76, 30, 43, 0, 0, 1, 5
0, 76, 27, 100, 63, 82, 58, 40, 26, 12, 20, 16, 60, 8, 100, 0, 2
24, 75, 24, 100, 70, 81, 60, 48, 65, 41, 100, 16, 49, 0, 0, 20, 3
36, 86, 0, 75, 35, 34, 12, 0, 11, 35, 75, 68, 100, 100, 12, 89, 8
39, 79, 8, 71, 0, 24, 40, 0, 87, 24, 100, 69, 62, 100, 16, 80, 0
0, 59, 46, 76, 100, 100, 100, 100, 79, 76, 57, 50, 46, 24, 50, 0, 1
19, 63, 76, 69, 100, 100, 38, 94, 0, 64, 63, 62, 88, 41, 73, 0, 9
100, 100, 61, 85, 61, 60, 91, 82, 92, 54, 75, 23, 42, 1, 0, 0, 9
40, 100, 7, 86, 0, 63, 14, 41, 81, 37, 91, 45, 84, 22, 100, 0, 4
71, 72, 33, 76, 24, 98, 78, 100, 100, 73, 78, 43, 41, 19, 0, 0, 9
0, 96, 41, 100, 76, 87, 55, 44, 36, 0, 34, 16, 55, 42, 100, 47, 7
0, 71, 59, 78, 96, 100, 100, 84, 94, 60, 88, 35, 80, 11, 84, 0, 1
50, 80, 47, 100, 0, 81, 53, 68, 100, 72, 98, 31, 67, 0, 8, 2, 9
3, 86, 34, 100, 85, 89, 51, 64, 100, 45, 96, 13, 42, 0, 0, 11, 3
21, 71, 0, 33, 22, 0, 72, 10, 100, 44, 93, 84, 47, 100, 1, 82, 0
13, 90, 54, 100, 92, 87, 70, 63, 96, 42, 100, 17, 56, 3, 0, 0, 3
78, 100, 62, 97, 36, 63, 29, 24, 65, 0, 100, 23, 52, 37, 0, 26, 6
56, 100, 14, 75, 0, 42, 57, 28, 98, 53, 100, 65, 73, 34, 71, 0, 4
61, 91, 29, 100, 47, 74, 74, 85, 100, 51, 97, 12, 50, 0, 0, 11, 9
100, 95, 71, 100, 36, 84, 34, 48, 83, 48, 91, 17, 49, 0, 0, 4, 5
11, 78, 35, 100, 52, 73, 31, 43, 0, 20, 20, 9, 60, 4, 100, 0, 2
52, 94, 100, 100, 98, 77, 72, 55, 99, 36, 92, 13, 44, 0, 0, 10, 3
0, 75, 20, 97, 53, 100, 71, 77, 49, 46, 35, 14, 66, 2, 100, 0, 2
55, 100, 17, 76, 0, 50, 3, 22, 41, 0, 100, 10, 62, 24, 10, 8, 6
0, 91, 44, 97, 96, 100, 84, 54, 65, 9, 44, 0, 46, 27, 100, 26, 7
0, 91, 47, 70, 62, 100, 43, 78, 91, 70, 100, 30, 68, 0, 29, 12, 9
31, 100, 33, 69, 91, 89, 0, 93, 84, 84, 93, 57, 100, 16, 4, 0, 9
23, 95, 0, 97, 52, 100, 100, 93, 98, 68, 74, 45, 47, 23, 31, 0, 7
58, 95, 60, 64, 100, 32, 83, 0, 17, 20, 62, 51, 69, 85, 0, 100, 8
98, 100, 36, 99, 0, 69, 30, 52, 89, 49, 100, 4, 42, 0, 9, 36, 5
37, 81, 43, 100, 96, 87, 61, 61, 86, 47, 100, 16, 48, 0, 0, 14, 3
0, 70, 50, 84, 100, 100, 94, 82, 81, 56, 65, 29, 50, 3, 54, 0, 1
27, 85, 68, 100, 100, 86, 54, 69, 84, 49, 98, 23, 54, 5, 0, 0, 3
27, 100, 3, 76, 0, 46, 69, 43, 100, 64, 90, 64, 85, 32, 87, 0, 4
53, 100, 33, 77, 0, 55, 19, 35, 87, 41, 100, 46, 65, 24, 47, 0, 4
25, 92, 20, 41, 67, 47, 55, 0, 20, 30, 0, 76, 43, 100, 100, 99, 5
11, 78, 0, 36, 25, 0, 68, 5, 100, 37, 96, 83, 57, 100, 20, 80, 0
0, 85, 50, 100, 88, 73, 66, 35, 29, 0, 5, 5, 41, 38, 100, 52, 7
0, 98, 60, 100, 94, 82, 69, 42, 50, 0, 26, 5, 18, 31, 100, 28, 7
0, 100, 85, 99, 100, 84, 75, 50, 66, 14, 51, 0, 11, 33, 91, 39, 7
63, 91, 100, 100, 75, 92, 41, 77, 31, 50, 56, 27, 36, 0, 0, 1, 5
52, 80, 30, 66, 96, 70, 65, 100, 28, 62, 100, 69, 80, 20, 0, 0, 9
13, 93, 79, 100, 87, 72, 50, 36, 21, 0, 10, 14, 0, 46, 100, 49, 7
31, 100, 0, 82, 47, 46, 97, 12, 44, 0, 31, 33, 95, 61, 100, 91, 8
100, 95, 46, 100, 9, 71, 0, 37, 21, 3, 80, 0, 67, 29, 3, 31, 6
37, 93, 0, 65, 80, 80, 41, 100, 3, 65, 100, 80, 92, 39, 47, 0, 9
83, 100, 18, 88, 37, 43, 61, 0, 0, 20, 53, 56, 100, 91, 22, 97, 8
44, 92, 100, 100, 57, 98, 11, 79, 28, 60, 74, 42, 51, 14, 0, 0, 5
84, 78, 27, 54, 6, 82, 65, 100, 89, 65, 100, 28, 69, 0, 0, 10, 9
27, 100, 41, 75, 0, 48, 43, 47, 84, 56, 100, 68, 93, 31, 82, 0, 4
42, 91, 48, 52, 52, 15, 8, 0, 0, 31, 11, 70, 53, 90, 100, 100, 5
50, 100, 41, 90, 0, 63, 3, 50, 80, 42, 100, 57, 59, 29, 29, 0, 4
100, 86, 71, 100, 58, 70, 93, 86, 76, 70, 69, 27, 40, 0, 0, 1, 9
0, 68, 27, 100, 28, 81, 25, 40, 19, 0, 1, 0, 50, 3, 100, 6, 1
31, 78, 35, 100, 77, 85, 76, 50, 43, 23, 0, 2, 48, 1, 100, 0, 2
29, 100, 20, 62, 100, 96, 15, 96, 14, 51, 25, 0, 90, 47, 0, 44, 8
100, 100, 56, 82, 27, 55, 6, 27, 20, 0, 91, 10, 69, 30, 0, 22, 6
59, 78, 60, 100, 7, 94, 0, 65, 53, 57, 100, 42, 80, 14, 32, 0, 9
38, 73, 62, 100, 87, 75, 67, 39, 31, 9, 0, 10, 50, 20, 100, 0, 2
100, 74, 69, 100, 16, 88, 47, 76, 100, 74, 91, 37, 54, 8, 0, 0, 9
25, 100, 11, 78, 0, 51, 3, 26, 89, 27, 100, 44, 57, 26, 36, 0, 4
49, 49, 100, 79, 54, 100, 8, 68, 35, 27, 0, 0, 6, 35, 71, 63, 8
25, 100, 2, 74, 5, 23, 51, 0, 100, 20, 98, 71, 55, 99, 0, 96, 0
100, 100, 67, 96, 29, 67, 0, 33, 15, 0, 70, 1, 71, 18, 19, 10, 6
6, 27, 47, 57, 62, 100, 8, 91, 48, 56, 100, 25, 51, 0, 0, 22, 8
18, 100, 18, 87, 0, 54, 43, 32, 100, 46, 98, 55, 49, 32, 25, 0, 4
36, 95, 9, 55, 73, 58, 54, 11, 0, 0, 10, 52, 29, 99, 100, 100, 5
13, 65, 73, 34, 94, 0, 0, 0, 27, 34, 82, 65, 100, 100, 27, 77, 8
75, 100, 47, 77, 17, 53, 0, 28, 67, 15, 100, 39, 97, 25, 94, 0, 4
0, 71, 64, 52, 100, 16, 34, 0, 21, 36, 69, 68, 80, 100, 8, 93, 8
0, 45, 58, 67, 94, 91, 100, 100, 82, 75, 67, 50, 58, 25, 58, 0, 1
34, 100, 16, 50, 59, 40, 33, 0, 0, 14, 10, 70, 48, 95, 100, 94, 5
44, 96, 36, 64, 84, 91, 26, 100, 72, 58, 100, 49, 67, 0, 0, 18, 9
0, 69, 43, 84, 89, 100, 100, 95, 74, 71, 51, 47, 34, 21, 16, 0, 1
25, 72, 59, 100, 56, 90, 52, 53, 41, 16, 0, 0, 45, 2, 100, 2, 1
13, 74, 0, 44, 31, 0, 86, 4, 100, 55, 67, 100, 18, 84, 23, 30, 0
43, 100, 12, 76, 0, 47, 57, 36, 100, 48, 93, 64, 89, 31, 88, 0, 4
36, 70, 53, 99, 100, 100, 88, 68, 85, 43, 91, 13, 47, 0, 0, 12, 3
41, 80, 54, 100, 92, 83, 76, 49, 43, 19, 0, 0, 43, 17, 100, 2, 2
29, 83, 0, 83, 41, 42, 53, 0, 17, 20, 50, 61, 100, 100, 29, 95, 8
63, 100, 32, 73, 11, 45, 0, 14, 45, 0, 100, 10, 68, 19, 13, 10, 6
45, 92, 69, 100, 69, 70, 60, 44, 100, 28, 78, 4, 33, 0, 0, 15, 3
38, 84, 23, 100, 68, 93, 41, 64, 78, 52, 100, 24, 60, 0, 0, 1, 3
19, 100, 95, 100, 100, 72, 73, 43, 49, 13, 33, 0, 0, 25, 75, 32, 7
0, 54, 31, 65, 69, 87, 100, 100, 83, 75, 79, 50, 81, 24, 100, 0, 1
0, 97, 73, 100, 76, 73, 64, 36, 62, 0, 38, 15, 3, 41, 100, 42, 7
0, 82, 56, 100, 100, 91, 71, 57, 38, 24, 3, 0, 5, 33, 70, 36, 7
61, 100, 100, 84, 84, 62, 37, 53, 71, 39, 87, 15, 47, 0, 0, 4, 3
0, 33, 66, 60, 100, 100, 48, 78, 84, 37, 52, 0, 30, 32, 85, 68, 8
52, 100, 32, 83, 11, 53, 0, 21, 37, 0, 100, 14, 48, 22, 5, 1, 6
0, 73, 48, 81, 88, 100, 100, 99, 94, 73, 88, 48, 82, 22, 91, 0, 1
32, 100, 0, 58, 5, 7, 60, 0, 100, 38, 85, 85, 27, 86, 5, 42, 0
100, 100, 61, 84, 24, 57, 0, 26, 25, 0, 80, 13, 62, 40, 13, 33, 6
61, 79, 100, 100, 50, 99, 0, 72, 54, 75, 93, 83, 60, 42, 33, 0, 9
44, 74, 53, 100, 50, 73, 46, 42, 44, 10, 0, 0, 35, 5, 100, 7, 1
90, 100, 53, 76, 29, 46, 26, 13, 67, 0, 100, 24, 51, 37, 0, 28, 6
29, 100, 21, 76, 0, 47, 6, 32, 79, 35, 100, 58, 99, 28, 93, 0, 4
0, 78, 28, 100, 79, 82, 63, 48, 59, 48, 100, 22, 55, 0, 9, 8, 3
25, 100, 82, 99, 81, 65, 51, 32, 14, 0, 0, 1, 14, 35, 100, 42, 7
68, 87, 73, 77, 84, 100, 51, 84, 98, 58, 100, 16, 46, 0, 0, 6, 9
33, 87, 17, 78, 58, 42, 46, 0, 0, 12, 15, 61, 42, 94, 100, 100, 5
100, 100, 48, 96, 15, 64, 0, 31, 25, 0, 95, 8, 94, 38, 25, 31, 6
73, 100, 26, 78, 5, 43, 13, 8, 69, 0, 100, 31, 44, 36, 0, 9, 6
47, 73, 61, 100, 100, 83, 79, 52, 96, 38, 90, 6, 43, 0, 0, 17, 3
78, 100, 30, 74, 5, 44, 0, 13, 60, 0, 100, 26, 48, 39, 2, 15, 6
86, 100, 33, 81, 66, 67, 100, 91, 99, 65, 95, 33, 62, 6, 0, 0, 9
0, 0, 35, 8, 69, 31, 93, 62, 100, 100, 69, 100, 57, 64, 64, 26, 9
0, 60, 56, 77, 89, 100, 89, 96, 81, 72, 78, 47, 78, 23, 100, 0, 1
16, 94, 56, 100, 76, 76, 43, 52, 6, 30, 0, 6, 49, 1, 100, 0, 2
0, 70, 36, 91, 58, 100, 54, 51, 46, 4, 9, 0, 54, 0, 100, 2, 1
18, 89, 30, 62, 82, 47, 73, 0, 20, 11, 0, 65, 43, 96, 100, 100, 5
26, 100, 3, 75, 0, 35, 25, 3, 70, 0, 100, 29, 86, 66, 48, 88, 0
8, 86, 6, 55, 60, 35, 41, 0, 11, 27, 0, 74, 41, 89, 100, 100, 5
20, 90, 15, 66, 37, 18, 7, 0, 0, 45, 15, 95, 58, 100, 100, 87, 5
100, 94, 4, 100, 2, 57, 87, 19, 0, 0, 7, 44, 78, 87, 7, 91, 8
68, 94, 49, 100, 78, 88, 42, 61, 0, 37, 25, 16, 79, 8, 100, 0, 2
3, 100, 0, 81, 3, 55, 33, 34, 84, 36, 100, 50, 86, 25, 97, 0, 4
100, 73, 56, 100, 3, 72, 55, 37, 80, 0, 0, 3, 27, 41, 95, 70, 8
97, 98, 19, 80, 100, 57, 69, 100, 45, 50, 0, 19, 73, 0, 31, 43, 8
0, 88, 25, 100, 100, 81, 89, 48, 55, 15, 26, 0, 0, 31, 98, 37, 7
77, 57, 87, 100, 0, 95, 43, 55, 100, 15, 40, 0, 28, 45, 86, 85, 8
15, 92, 0, 94, 56, 98, 100, 100, 66, 79, 46, 53, 37, 27, 43, 0, 7
9, 90, 46, 100, 74, 74, 62, 42, 29, 18, 0, 0, 49, 2, 100, 1, 2
67, 100, 67, 85, 100, 71, 67, 57, 33, 42, 0, 28, 0, 14, 0, 0, 1
5, 81, 1, 55, 29, 22, 4, 0, 0, 44, 16, 80, 57, 95, 100, 100, 5
36, 65, 49, 100, 73, 71, 58, 33, 27, 1, 0, 1, 50, 6, 100, 0, 2
22, 82, 17, 46, 42, 10, 1, 0, 0, 42, 14, 82, 56, 94, 100, 100, 5
24, 91, 82, 100, 88, 95, 33, 82, 51, 51, 100, 32, 53, 4, 0, 0, 5
27, 95, 0, 62, 59, 47, 42, 0, 1, 4, 5, 54, 31, 95, 100, 100, 5
87, 68, 34, 60, 0, 89, 59, 100, 78, 64, 100, 28, 82, 0, 3, 8, 9
100, 88, 62, 100, 23, 85, 0, 54, 4, 18, 39, 0, 58, 26, 18, 32, 6
17, 100, 79, 92, 100, 76, 72, 44, 49, 10, 24, 0, 0, 31, 71, 33, 7
62, 100, 55, 95, 22, 70, 0, 43, 57, 37, 100, 56, 85, 29, 77, 0, 4
32, 74, 61, 100, 59, 82, 53, 36, 35, 1, 0, 0, 50, 3, 100, 1, 1
42, 70, 54, 100, 85, 91, 63, 60, 32, 33, 0, 7, 47, 0, 100, 2, 2
3, 97, 39, 100, 100, 79, 63, 39, 27, 0, 76, 7, 92, 33, 0, 35, 7
52, 100, 0, 83, 16, 60, 85, 55, 100, 72, 66, 54, 43, 27, 20, 0, 4
46, 90, 100, 99, 100, 100, 46, 94, 12, 69, 53, 40, 50, 6, 0, 0, 5
16, 91, 0, 49, 61, 55, 54, 2, 14, 0, 0, 57, 33, 96, 100, 100, 5
0, 92, 46, 100, 82, 76, 70, 38, 50, 0, 31, 10, 48, 34, 100, 36, 7
89, 79, 48, 100, 21, 71, 51, 34, 40, 0, 0, 18, 49, 47, 100, 77, 8
0, 96, 26, 100, 76, 100, 100, 99, 64, 80, 47, 54, 40, 26, 39, 0, 7
7, 91, 34, 60, 77, 100, 0, 69, 8, 39, 32, 0, 100, 43, 8, 39, 8
15, 85, 0, 40, 18, 0, 64, 8, 93, 44, 100, 89, 58, 100, 16, 79, 0
53, 100, 24, 78, 0, 56, 36, 41, 100, 55, 91, 44, 59, 23, 37, 0, 4
100, 85, 17, 97, 8, 71, 88, 41, 67, 0, 0, 23, 47, 63, 100, 100, 8
4, 87, 53, 100, 76, 78, 47, 51, 97, 38, 100, 11, 46, 0, 0, 7, 3
0, 92, 35, 100, 80, 99, 70, 53, 55, 0, 35, 13, 56, 31, 100, 32, 7
46, 100, 4, 75, 7, 24, 53, 0, 100, 21, 89, 68, 44, 97, 0, 88, 0
16, 95, 39, 100, 67, 82, 48, 57, 87, 36, 100, 12, 49, 0, 0, 3, 3
47, 100, 0, 72, 0, 38, 82, 30, 100, 65, 87, 95, 77, 47, 62, 0, 4
23, 69, 60, 33, 48, 0, 0, 19, 48, 50, 100, 81, 68, 100, 17, 71, 8
21, 80, 60, 95, 100, 100, 55, 87, 37, 52, 76, 28, 46, 2, 0, 0, 5
12, 74, 66, 73, 100, 100, 39, 96, 0, 68, 62, 70, 49, 40, 27, 0, 9
20, 79, 30, 100, 100, 99, 66, 71, 45, 59, 97, 40, 70, 11, 0, 0, 3
0, 69, 35, 100, 100, 94, 69, 49, 26, 8, 71, 0, 36, 40, 15, 83, 8
4, 25, 68, 64, 33, 97, 0, 36, 38, 0, 100, 43, 96, 100, 22, 85, 0
0, 53, 29, 73, 67, 94, 79, 100, 71, 71, 71, 41, 73, 13, 100, 0, 1
0, 71, 39, 94, 100, 100, 100, 73, 54, 48, 11, 23, 33, 1, 95, 0, 2
3, 77, 0, 37, 34, 0, 84, 19, 100, 64, 66, 100, 20, 71, 22, 25, 0
100, 90, 75, 100, 64, 79, 94, 96, 81, 66, 64, 37, 35, 15, 0, 0, 9
56, 100, 30, 57, 0, 34, 56, 40, 100, 49, 88, 86, 62, 43, 40, 0, 4
17, 85, 30, 54, 91, 46, 70, 0, 26, 14, 0, 62, 32, 93, 100, 100, 5
28, 96, 0, 62, 12, 12, 47, 0, 82, 11, 100, 58, 77, 100, 42, 99, 0
25, 67, 15, 26, 57, 0, 100, 34, 95, 74, 42, 100, 0, 67, 1, 26, 0
98, 85, 30, 100, 0, 68, 77, 64, 84, 78, 100, 39, 94, 0, 15, 1, 9
0, 88, 50, 100, 83, 85, 52, 61, 62, 38, 100, 18, 57, 1, 3, 0, 3
0, 54, 24, 68, 71, 89, 100, 100, 69, 76, 43, 50, 19, 26, 5, 0, 1
57, 74, 45, 100, 14, 69, 46, 33, 39, 0, 0, 23, 49, 49, 100, 73, 8
0, 18, 39, 59, 82, 100, 34, 100, 34, 62, 100, 36, 68, 0, 14, 19, 8
20, 73, 57, 44, 76, 2, 0, 0, 40, 40, 100, 76, 77, 100, 22, 65, 8
24, 73, 85, 63, 100, 24, 35, 0, 18, 33, 66, 67, 79, 100, 0, 88, 8
65, 82, 14, 100, 33, 49, 100, 5, 8, 0, 0, 41, 90, 72, 12, 98, 8
59, 84, 20, 66, 59, 29, 15, 0, 0, 36, 58, 66, 100, 100, 24, 92, 8
47, 96, 13, 66, 44, 34, 7, 0, 0, 34, 8, 83, 45, 100, 100, 97, 5
89, 100, 43, 93, 11, 60, 0, 24, 44, 0, 100, 26, 66, 49, 4, 26, 6
42, 96, 17, 70, 0, 30, 24, 0, 69, 11, 100, 44, 92, 84, 49, 100, 0
5, 92, 82, 100, 100, 67, 57, 32, 12, 0, 80, 11, 70, 46, 0, 66, 8
70, 91, 100, 100, 61, 86, 35, 60, 60, 50, 64, 21, 34, 0, 0, 15, 5
61, 100, 16, 78, 0, 39, 15, 0, 72, 10, 100, 48, 96, 88, 44, 83, 0
32, 80, 72, 100, 82, 76, 55, 47, 24, 20, 0, 0, 50, 7, 100, 3, 2
0, 55, 20, 77, 53, 100, 73, 91, 93, 68, 100, 45, 93, 22, 47, 0, 1
0, 85, 22, 100, 50, 88, 43, 52, 20, 21, 27, 2, 65, 0, 100, 2, 2
5, 100, 52, 100, 96, 79, 84, 38, 60, 0, 100, 13, 53, 34, 0, 49, 7
55, 98, 85, 100, 90, 70, 62, 43, 27, 20, 0, 1, 50, 5, 100, 0, 2
66, 100, 28, 84, 8, 50, 14, 14, 61, 0, 100, 21, 51, 36, 0, 28, 6
20, 73, 39, 100, 55, 69, 32, 31, 0, 4, 22, 0, 61, 1, 100, 2, 2
26, 67, 0, 38, 29, 0, 81, 20, 100, 66, 64, 100, 17, 74, 26, 28, 0
100, 100, 46, 88, 23, 59, 12, 30, 28, 0, 96, 6, 77, 31, 0, 25, 6
70, 67, 100, 86, 55, 100, 0, 82, 26, 62, 92, 58, 80, 29, 75, 0, 9
32, 84, 66, 100, 70, 57, 40, 25, 0, 15, 23, 33, 63, 22, 100, 0, 2
74, 88, 15, 100, 25, 61, 82, 27, 56, 0, 0, 23, 52, 58, 100, 90, 8
0, 99, 48, 100, 67, 84, 56, 43, 56, 0, 43, 1, 52, 29, 100, 39, 7
64, 100, 26, 89, 0, 62, 50, 52, 100, 71, 76, 56, 47, 28, 27, 0, 4
34, 77, 77, 100, 100, 74, 75, 43, 40, 16, 0, 0, 0, 24, 79, 26, 7
22, 76, 54, 100, 62, 58, 39, 20, 0, 0, 13, 24, 57, 27, 100, 23, 2
0, 100, 60, 99, 68, 68, 59, 34, 54, 0, 100, 15, 68, 35, 8, 44, 7
0, 100, 18, 93, 9, 56, 51, 32, 100, 53, 84, 74, 70, 37, 64, 0, 4
77, 100, 42, 79, 14, 57, 0, 33, 16, 9, 77, 0, 100, 17, 42, 21, 6
100, 90, 40, 100, 0, 73, 75, 76, 94, 95, 87, 63, 75, 31, 77, 0, 9
32, 90, 74, 100, 82, 58, 50, 23, 3, 4, 0, 18, 52, 17, 100, 0, 2
0, 77, 40, 79, 83, 96, 100, 100, 92, 74, 81, 49, 70, 23, 71, 0, 1
0, 79, 6, 64, 41, 51, 84, 21, 23, 0, 16, 51, 25, 100, 100, 94, 5
26, 93, 15, 77, 97, 45, 95, 1, 0, 0, 42, 45, 100, 88, 23, 100, 8
80, 89, 52, 97, 46, 49, 59, 0, 0, 6, 51, 44, 100, 84, 49, 100, 8
0, 36, 29, 54, 67, 76, 100, 100, 80, 76, 58, 50, 36, 25, 18, 0, 1
89, 100, 52, 74, 30, 43, 19, 11, 63, 0, 100, 23, 56, 44, 0, 41, 6
69, 100, 86, 68, 98, 98, 32, 81, 100, 77, 98, 51, 82, 6, 0, 0, 9
0, 82, 8, 35, 42, 0, 88, 21, 100, 66, 67, 100, 22, 80, 15, 35, 0
29, 100, 49, 61, 97, 83, 41, 95, 73, 51, 100, 39, 60, 0, 0, 18, 9
24, 86, 21, 63, 66, 32, 27, 0, 1, 25, 0, 72, 37, 100, 100, 99, 5
100, 71, 44, 70, 53, 100, 85, 86, 86, 51, 90, 16, 50, 0, 0, 19, 9
10, 63, 43, 100, 100, 85, 75, 43, 35, 6, 61, 0, 58, 35, 0, 66, 8
23, 65, 67, 85, 100, 100, 87, 75, 77, 49, 72, 23, 46, 0, 0, 0, 1
100, 100, 21, 84, 41, 44, 79, 6, 0, 0, 33, 39, 80, 76, 49, 97, 8
71, 100, 40, 70, 19, 35, 21, 0, 79, 4, 100, 35, 42, 43, 0, 21, 6
0, 83, 26, 90, 100, 100, 72, 68, 38, 34, 7, 0, 3, 19, 46, 41, 7
27, 76, 74, 75, 100, 100, 30, 97, 0, 75, 56, 55, 81, 28, 68, 0, 9
7, 87, 54, 100, 100, 88, 69, 66, 87, 37, 99, 6, 51, 0, 0, 8, 3
14, 82, 45, 100, 57, 74, 43, 53, 100, 51, 100, 25, 58, 5, 0, 0, 3
1, 74, 23, 100, 83, 87, 75, 42, 49, 0, 100, 2, 55, 34, 0, 64, 8
29, 100, 23, 80, 0, 51, 28, 41, 100, 43, 77, 62, 71, 31, 66, 0, 4
0, 88, 57, 100, 78, 75, 60, 37, 42, 0, 21, 3, 35, 27, 100, 32, 7
99, 80, 77, 100, 28, 81, 60, 62, 100, 70, 84, 33, 55, 0, 0, 4, 9
95, 83, 17, 87, 51, 48, 92, 10, 0, 0, 25, 37, 100, 69, 94, 100, 8
0, 59, 3, 18, 39, 0, 78, 18, 100, 54, 90, 92, 49, 100, 17, 75, 0
19, 71, 30, 100, 78, 89, 50, 65, 81, 46, 100, 17, 56, 0, 0, 3, 3
0, 96, 59, 100, 100, 74, 95, 36, 75, 0, 97, 7, 97, 28, 34, 30, 7
52, 95, 0, 83, 42, 41, 81, 0, 1, 2, 44, 39, 100, 75, 50, 100, 8
0, 47, 41, 65, 76, 88, 100, 100, 74, 75, 49, 51, 31, 26, 24, 0, 1
70, 100, 51, 76, 18, 49, 0, 36, 53, 41, 100, 44, 90, 34, 84, 0, 4
29, 100, 21, 58, 65, 40, 61, 0, 7, 12, 0, 58, 29, 94, 100, 97, 5
0, 40, 15, 64, 51, 87, 83, 100, 75, 75, 74, 50, 81, 25, 100, 0, 1
37, 96, 80, 100, 100, 79, 58, 64, 100, 45, 99, 17, 55, 0, 0, 1, 3
13, 57, 3, 18, 40, 0, 81, 28, 100, 66, 81, 100, 31, 85, 0, 54, 0
88, 87, 0, 82, 3, 95, 97, 100, 100, 75, 91, 50, 91, 25, 100, 0, 9
6, 99, 77, 100, 88, 68, 62, 35, 52, 0, 0, 22, 26, 31, 100, 25, 7
0, 76, 23, 100, 62, 85, 41, 52, 59, 47, 100, 24, 71, 0, 28, 16, 3
42, 100, 20, 80, 0, 47, 39, 38, 100, 37, 98, 66, 83, 31, 83, 0, 4
15, 100, 28, 93, 0, 62, 13, 37, 82, 33, 100, 64, 91, 31, 89, 0, 4
57, 61, 94, 86, 52, 100, 0, 81, 43, 68, 100, 56, 87, 26, 54, 0, 9
21, 100, 0, 68, 18, 44, 70, 45, 100, 54, 69, 70, 68, 34, 65, 0, 4
39, 100, 75, 61, 100, 98, 34, 81, 9, 30, 72, 0, 83, 45, 0, 50, 8
0, 80, 17, 100, 53, 94, 75, 73, 77, 47, 63, 23, 61, 1, 100, 0, 2
100, 100, 74, 86, 47, 61, 23, 32, 14, 0, 50, 1, 38, 25, 0, 26, 6
77, 100, 0, 87, 36, 41, 60, 0, 6, 19, 70, 56, 100, 97, 12, 90, 8
6, 74, 37, 58, 100, 45, 91, 2, 26, 0, 0, 46, 20, 85, 85, 100, 5
100, 76, 41, 59, 25, 82, 80, 100, 89, 64, 90, 27, 59, 0, 0, 16, 9
35, 92, 21, 64, 66, 36, 37, 0, 0, 15, 10, 69, 46, 100, 100, 100, 5
40, 100, 70, 60, 90, 100, 31, 94, 84, 63, 100, 31, 52, 0, 0, 28, 9
4, 92, 4, 62, 42, 32, 13, 0, 2, 34, 0, 72, 38, 100, 100, 97, 5
67, 93, 40, 100, 68, 76, 76, 92, 100, 55, 94, 13, 49, 0, 0, 6, 9
18, 78, 53, 100, 85, 85, 48, 61, 71, 46, 100, 20, 56, 0, 0, 5, 3
49, 94, 10, 70, 0, 33, 25, 0, 82, 9, 100, 44, 91, 81, 42, 100, 0
89, 75, 77, 100, 0, 83, 38, 56, 100, 81, 91, 50, 74, 12, 2, 0, 9
18, 76, 37, 100, 77, 79, 61, 39, 22, 10, 0, 24, 53, 19, 100, 0, 2
0, 82, 44, 100, 69, 81, 38, 54, 68, 46, 100, 20, 61, 0, 6, 6, 3
0, 71, 39, 79, 82, 100, 100, 95, 93, 71, 87, 46, 75, 22, 84, 0, 1
0, 63, 58, 85, 100, 100, 78, 74, 67, 46, 64, 19, 0, 0, 3, 3, 1
48, 88, 91, 69, 76, 100, 16, 75, 93, 75, 100, 56, 84, 11, 0, 0, 9
0, 69, 56, 76, 85, 99, 98, 100, 100, 75, 97, 50, 92, 25, 92, 0, 1
0, 95, 53, 100, 100, 86, 98, 51, 80, 18, 55, 0, 33, 31, 87, 34, 7
59, 100, 17, 69, 0, 31, 32, 0, 86, 22, 100, 61, 78, 97, 16, 96, 0
34, 100, 21, 73, 0, 44, 79, 40, 97, 62, 100, 54, 86, 22, 79, 0, 4
23, 73, 30, 100, 80, 93, 60, 61, 90, 44, 100, 10, 50, 0, 0, 15, 3
59, 43, 100, 79, 64, 100, 22, 66, 55, 28, 12, 0, 0, 27, 67, 56, 8
100, 100, 61, 99, 24, 66, 0, 31, 22, 0, 93, 13, 70, 33, 3, 18, 6
21, 83, 0, 65, 0, 28, 35, 0, 84, 17, 100, 53, 84, 88, 30, 100, 0
0, 17, 100, 38, 96, 69, 91, 100, 78, 94, 70, 62, 65, 31, 70, 0, 1
33, 100, 100, 99, 66, 98, 7, 86, 32, 65, 81, 38, 66, 5, 0, 0, 5
78, 91, 11, 100, 6, 67, 38, 34, 51, 0, 0, 20, 35, 51, 100, 72, 8
0, 68, 16, 97, 56, 100, 62, 66, 43, 33, 23, 2, 61, 0, 100, 0, 2
38, 97, 21, 61, 38, 16, 4, 0, 0, 45, 11, 88, 55, 100, 100, 99, 5
15, 100, 20, 55, 76, 48, 69, 0, 20, 10, 0, 61, 38, 95, 100, 99, 5
0, 85, 43, 100, 92, 79, 100, 45, 82, 13, 56, 0, 34, 31, 98, 39, 7
0, 86, 45, 100, 95, 93, 75, 69, 95, 39, 100, 7, 50, 0, 1, 12, 3
74, 100, 50, 65, 0, 37, 3, 36, 74, 39, 100, 61, 70, 39, 51, 0, 4
32, 100, 7, 55, 32, 98, 37, 58, 54, 10, 0, 0, 36, 2, 100, 8, 1
0, 60, 40, 79, 100, 100, 90, 86, 60, 64, 30, 42, 10, 21, 30, 0, 1
41, 100, 11, 70, 0, 26, 33, 0, 76, 17, 100, 55, 88, 97, 43, 91, 0
14, 100, 9, 91, 0, 49, 57, 40, 100, 41, 88, 86, 65, 45, 53, 0, 4
26, 68, 0, 32, 32, 0, 77, 1, 100, 41, 79, 87, 36, 100, 6, 65, 0
0, 93, 50, 100, 90, 82, 73, 41, 56, 0, 29, 20, 47, 34, 100, 32, 7
66, 59, 100, 85, 54, 100, 0, 84, 24, 61, 88, 54, 93, 30, 80, 0, 9
24, 100, 9, 84, 0, 60, 41, 43, 100, 53, 76, 47, 72, 23, 80, 0, 4
41, 100, 36, 64, 0, 30, 45, 34, 96, 46, 87, 77, 89, 38, 100, 0, 4
17, 69, 0, 27, 42, 0, 92, 13, 100, 58, 63, 95, 11, 100, 0, 62, 0
67, 100, 44, 80, 18, 50, 0, 35, 65, 34, 100, 48, 91, 32, 89, 0, 4
0, 93, 59, 100, 100, 80, 76, 46, 58, 12, 42, 0, 9, 32, 69, 42, 7
46, 92, 11, 51, 20, 0, 84, 16, 100, 66, 51, 100, 0, 64, 8, 15, 0
100, 100, 76, 96, 42, 68, 22, 37, 30, 5, 87, 0, 67, 25, 0, 18, 6
32, 87, 20, 56, 58, 30, 18, 0, 0, 31, 3, 79, 46, 100, 100, 97, 5
44, 93, 4, 83, 43, 42, 40, 0, 0, 16, 48, 52, 100, 86, 49, 100, 8
0, 94, 45, 100, 75, 76, 61, 38, 52, 0, 93, 14, 100, 38, 37, 41, 7
0, 82, 35, 100, 68, 81, 72, 39, 57, 0, 26, 23, 61, 40, 100, 52, 7
85, 100, 49, 81, 17, 60, 0, 38, 60, 32, 100, 43, 70, 22, 55, 0, 4
4, 55, 60, 77, 100, 100, 80, 92, 56, 70, 40, 46, 32, 23, 0, 0, 1
32, 82, 63, 100, 100, 89, 65, 63, 91, 54, 94, 24, 51, 5, 0, 0, 3
0, 68, 48, 81, 86, 100, 100, 97, 87, 73, 81, 49, 80, 24, 71, 0, 1
17, 89, 0, 49, 2, 7, 51, 0, 91, 26, 100, 66, 67, 98, 18, 100, 0
0, 83, 38, 100, 79, 90, 77, 47, 74, 4, 62, 0, 54, 32, 100, 39, 7
77, 95, 20, 81, 43, 59, 76, 19, 15, 0, 0, 36, 38, 85, 100, 100, 5
40, 88, 100, 100, 38, 91, 0, 64, 41, 52, 96, 38, 62, 11, 0, 0, 5
0, 97, 77, 100, 86, 70, 74, 40, 56, 10, 30, 0, 14, 25, 100, 30, 7
42, 76, 74, 43, 100, 76, 42, 100, 66, 72, 100, 38, 71, 1, 0, 0, 9
78, 100, 41, 82, 14, 52, 0, 19, 42, 0, 100, 12, 91, 38, 29, 38, 6
21, 81, 52, 100, 100, 100, 85, 76, 64, 53, 83, 29, 44, 13, 0, 0, 3
100, 78, 43, 100, 2, 72, 51, 35, 46, 0, 0, 24, 50, 58, 76, 90, 8
52, 83, 74, 100, 74, 63, 54, 28, 17, 0, 0, 16, 50, 22, 100, 5, 2
0, 45, 53, 36, 62, 0, 7, 6, 52, 38, 100, 70, 71, 100, 11, 84, 8
12, 99, 49, 100, 100, 93, 65, 62, 28, 32, 0, 0, 11, 35, 72, 39, 7
68, 96, 20, 84, 0, 42, 17, 0, 74, 1, 100, 40, 88, 84, 36, 100, 0
17, 100, 0, 65, 8, 23, 53, 0, 100, 22, 96, 63, 56, 94, 8, 80, 0
58, 100, 21, 85, 0, 52, 3, 17, 51, 0, 100, 17, 60, 35, 12, 19, 6
18, 95, 0, 56, 2, 13, 41, 0, 79, 24, 100, 62, 84, 99, 40, 100, 0
39, 100, 0, 74, 19, 51, 81, 52, 100, 70, 70, 63, 52, 32, 44, 0, 4
0, 86, 30, 100, 65, 89, 50, 60, 74, 37, 100, 14, 55, 0, 9, 0, 3
11, 82, 51, 100, 93, 89, 65, 66, 73, 51, 100, 32, 53, 14, 0, 0, 3
100, 100, 63, 81, 44, 55, 39, 28, 42, 1, 68, 0, 49, 25, 0, 27, 6
8, 99, 48, 100, 75, 68, 66, 25, 63, 0, 100, 25, 51, 37, 0, 41, 7
35, 83, 69, 100, 100, 79, 84, 52, 47, 31, 0, 12, 14, 0, 77, 2, 2
36, 100, 7, 79, 0, 45, 37, 20, 83, 32, 100, 66, 83, 34, 77, 0, 4
21, 91, 59, 100, 62, 66, 34, 36, 0, 11, 19, 13, 59, 0, 100, 9, 2
20, 96, 18, 65, 53, 30, 27, 0, 0, 32, 0, 75, 44, 100, 100, 96, 5
0, 95, 5, 58, 87, 60, 85, 16, 19, 0, 12, 48, 13, 93, 100, 100, 5
25, 71, 44, 100, 65, 81, 37, 52, 0, 30, 9, 18, 54, 10, 100, 0, 2
100, 89, 41, 100, 0, 77, 59, 71, 84, 87, 57, 57, 30, 29, 7, 0, 9
38, 87, 11, 47, 18, 2, 66, 0, 100, 35, 91, 80, 45, 100, 0, 83, 0
40, 100, 0, 58, 20, 16, 92, 10, 100, 49, 77, 100, 66, 54, 62, 0, 4
0, 95, 43, 100, 66, 65, 61, 25, 47, 0, 11, 32, 41, 44, 100, 55, 7
21, 69, 0, 48, 19, 7, 61, 0, 94, 30, 100, 74, 67, 100, 29, 83, 0
48, 100, 37, 83, 13, 54, 0, 25, 54, 23, 100, 46, 78, 26, 76, 0, 4
1, 91, 51, 100, 100, 86, 62, 49, 33, 9, 15, 0, 0, 36, 75, 33, 7
65, 72, 24, 45, 21, 0, 69, 8, 100, 47, 90, 93, 42, 100, 0, 75, 0
24, 77, 0, 46, 22, 8, 70, 0, 100, 32, 90, 74, 51, 100, 5, 90, 0
50, 100, 15, 65, 1, 23, 46, 0, 97, 27, 100, 69, 54, 100, 0, 84, 0
2, 93, 0, 97, 50, 98, 100, 100, 72, 78, 47, 53, 31, 26, 27, 0, 7
7, 91, 6, 50, 71, 40, 74, 0, 12, 13, 0, 56, 16, 94, 100, 100, 5
5, 62, 21, 83, 46, 100, 43, 57, 43, 14, 0, 9, 50, 0, 100, 0, 1
0, 88, 40, 100, 59, 69, 36, 36, 0, 11, 9, 13, 57, 15, 100, 0, 2
0, 82, 33, 100, 61, 87, 49, 50, 24, 18, 24, 0, 68, 0, 100, 8, 2
0, 90, 43, 100, 90, 99, 85, 58, 78, 11, 55, 0, 53, 25, 100, 32, 7
33, 63, 67, 82, 100, 100, 84, 85, 59, 64, 37, 43, 16, 21, 0, 0, 1
85, 96, 38, 77, 100, 40, 68, 0, 0, 20, 51, 59, 98, 100, 32, 86, 8
51, 46, 46, 76, 72, 100, 62, 69, 51, 37, 21, 7, 0, 0, 100, 6, 1
0, 84, 50, 100, 100, 86, 70, 44, 49, 0, 21, 8, 20, 28, 84, 30, 7
41, 100, 1, 61, 0, 33, 67, 36, 100, 46, 85, 91, 64, 46, 43, 0, 4
0, 23, 27, 45, 56, 68, 83, 94, 100, 100, 87, 66, 75, 33, 66, 0, 1
40, 74, 87, 93, 100, 100, 81, 73, 79, 47, 64, 20, 15, 0, 0, 6, 1
0, 66, 15, 99, 58, 100, 64, 66, 43, 32, 11, 5, 50, 0, 100, 5, 2
4, 70, 0, 27, 34, 0, 70, 1, 100, 34, 90, 86, 55, 100, 20, 83, 0
0, 100, 63, 100, 79, 71, 61, 36, 47, 0, 21, 5, 36, 29, 100, 31, 7
24, 88, 59, 100, 100, 91, 89, 64, 61, 42, 28, 22, 0, 0, 47, 2, 2
34, 89, 3, 70, 1, 25, 49, 0, 100, 23, 100, 67, 56, 99, 0, 100, 0
79, 90, 100, 93, 63, 100, 82, 84, 99, 61, 87, 22, 44, 0, 0, 19, 9
5, 97, 9, 61, 37, 25, 0, 0, 7, 32, 56, 64, 100, 96, 37, 100, 8
100, 93, 48, 100, 27, 69, 30, 33, 16, 0, 0, 26, 41, 51, 100, 58, 8
96, 66, 62, 100, 32, 69, 74, 62, 89, 56, 100, 10, 50, 0, 0, 10, 9
61, 100, 24, 88, 21, 49, 26, 9, 0, 0, 7, 37, 51, 60, 100, 78, 8
0, 98, 75, 100, 84, 65, 54, 31, 26, 0, 100, 21, 96, 39, 6, 41, 7
15, 70, 48, 100, 63, 89, 57, 56, 67, 24, 15, 1, 0, 0, 100, 0, 1
100, 100, 70, 86, 53, 72, 37, 58, 20, 43, 10, 29, 0, 14, 13, 0, 1
86, 100, 46, 83, 17, 56, 0, 28, 17, 1, 92, 0, 100, 21, 22, 16, 6
0, 83, 28, 96, 63, 100, 72, 78, 58, 54, 50, 29, 65, 8, 100, 0, 2
98, 89, 53, 100, 12, 72, 0, 27, 37, 0, 86, 21, 100, 63, 92, 90, 0
9, 49, 42, 63, 82, 85, 100, 100, 76, 74, 51, 48, 29, 22, 0, 0, 1
0, 61, 29, 88, 51, 100, 43, 66, 43, 32, 23, 0, 11, 2, 100, 3, 1
57, 94, 100, 100, 48, 82, 24, 48, 71, 64, 85, 31, 54, 0, 0, 1, 5
0, 77, 34, 100, 82, 97, 72, 64, 39, 36, 4, 10, 48, 1, 100, 0, 2
10, 61, 35, 100, 69, 88, 41, 46, 0, 13, 10, 28, 53, 0, 100, 23, 2
70, 100, 54, 86, 29, 53, 23, 16, 69, 0, 100, 23, 50, 36, 0, 21, 6
44, 100, 20, 63, 22, 22, 63, 0, 100, 29, 95, 69, 47, 89, 0, 74, 0
11, 95, 8, 55, 56, 35, 33, 0, 0, 25, 1, 65, 43, 92, 100, 100, 5
34, 99, 9, 67, 52, 42, 35, 0, 0, 4, 19, 62, 52, 97, 100, 100, 5
0, 74, 19, 98, 60, 100, 46, 66, 22, 34, 15, 0, 59, 0, 100, 11, 2
86, 100, 38, 76, 8, 48, 0, 20, 50, 0, 100, 18, 74, 45, 8, 57, 6
84, 96, 0, 100, 28, 66, 100, 36, 68, 0, 2, 21, 46, 60, 88, 95, 8
0, 84, 54, 100, 100, 79, 95, 42, 69, 8, 29, 0, 28, 26, 90, 30, 7
38, 100, 6, 73, 0, 41, 71, 37, 100, 67, 80, 63, 49, 32, 21, 0, 4
100, 100, 58, 80, 26, 58, 0, 35, 0, 11, 61, 0, 74, 12, 16, 6, 6
21, 66, 0, 28, 27, 0, 77, 14, 100, 49, 88, 88, 40, 100, 6, 70, 0
22, 95, 97, 100, 100, 98, 18, 95, 32, 70, 100, 47, 72, 0, 0, 16, 5
0, 89, 33, 100, 49, 54, 39, 6, 16, 0, 10, 36, 55, 35, 100, 31, 7
6, 75, 36, 97, 92, 100, 69, 75, 66, 51, 100, 30, 54, 12, 0, 0, 3
25, 70, 40, 100, 68, 81, 47, 46, 18, 14, 0, 0, 53, 3, 100, 12, 2
0, 88, 45, 100, 81, 79, 80, 43, 72, 7, 58, 0, 47, 23, 100, 24, 7
24, 61, 45, 100, 90, 99, 68, 54, 29, 17, 0, 14, 51, 0, 100, 5, 2
100, 91, 75, 100, 47, 79, 39, 45, 73, 40, 78, 13, 41, 0, 0, 0, 5
12, 98, 56, 100, 54, 67, 33, 33, 10, 0, 0, 34, 39, 44, 100, 44, 7
24, 84, 2, 39, 26, 0, 77, 10, 100, 53, 84, 97, 33, 100, 0, 63, 0
87, 86, 46, 100, 17, 70, 75, 75, 100, 80, 94, 39, 58, 6, 0, 0, 9
0, 59, 40, 78, 76, 100, 100, 100, 82, 75, 62, 49, 40, 25, 29, 0, 1
41, 100, 3, 64, 0, 13, 50, 0, 95, 31, 100, 80, 50, 87, 22, 44, 0
51, 82, 100, 100, 54, 76, 0, 54, 8, 32, 84, 45, 49, 25, 27, 0, 4
0, 89, 59, 100, 100, 74, 68, 36, 27, 0, 53, 1, 95, 28, 15, 34, 7
0, 75, 60, 100, 69, 89, 66, 51, 73, 13, 13, 2, 35, 0, 100, 3, 1
41, 100, 45, 99, 10, 77, 0, 58, 59, 49, 100, 49, 71, 25, 58, 0, 4
64, 88, 84, 100, 100, 78, 76, 54, 85, 33, 86, 10, 42, 0, 0, 4, 3
0, 78, 38, 98, 86, 100, 76, 66, 79, 52, 100, 28, 65, 0, 24, 9, 3
92, 93, 38, 100, 44, 62, 100, 84, 91, 75, 94, 29, 53, 0, 0, 23, 9
0, 82, 25, 100, 36, 68, 21, 33, 13, 7, 42, 2, 71, 0, 100, 1, 2
74, 100, 51, 90, 0, 70, 18, 55, 84, 42, 100, 45, 60, 22, 23, 0, 4
75, 100, 35, 99, 61, 73, 89, 99, 95, 64, 100, 22, 56, 0, 0, 7, 9
20, 88, 1, 52, 17, 7, 69, 0, 100, 38, 85, 84, 36, 100, 0, 69, 0
77, 100, 48, 75, 16, 52, 0, 26, 47, 18, 100, 36, 89, 25, 79, 0, 4
43, 72, 0, 89, 46, 100, 67, 76, 49, 47, 26, 19, 46, 0, 100, 3, 2
48, 92, 89, 100, 100, 83, 81, 63, 81, 42, 77, 21, 42, 6, 0, 0, 3
0, 68, 50, 100, 57, 96, 56, 54, 56, 13, 36, 6, 1, 0, 100, 1, 1
15, 82, 5, 53, 43, 23, 10, 0, 2, 41, 0, 84, 49, 98, 100, 100, 5
64, 59, 62, 97, 5, 80, 0, 37, 36, 0, 95, 15, 100, 58, 82, 100, 0
0, 49, 35, 62, 82, 82, 100, 100, 85, 74, 65, 49, 44, 24, 29, 0, 1
21, 86, 72, 100, 85, 72, 70, 43, 79, 41, 100, 15, 47, 0, 0, 18, 3
27, 100, 92, 91, 100, 61, 88, 30, 71, 0, 0, 10, 8, 32, 96, 40, 7
65, 100, 35, 85, 4, 54, 0, 20, 48, 0, 100, 24, 67, 51, 7, 36, 6
11, 62, 0, 88, 38, 99, 100, 100, 87, 78, 64, 52, 44, 27, 45, 0, 7
13, 68, 69, 100, 72, 97, 70, 50, 67, 3, 0, 0, 24, 3, 100, 6, 1
52, 100, 31, 70, 46, 34, 25, 0, 0, 19, 50, 50, 100, 81, 69, 99, 8
100, 97, 60, 100, 27, 77, 4, 45, 0, 6, 36, 0, 50, 34, 16, 37, 6
51, 82, 22, 64, 48, 25, 14, 0, 0, 35, 51, 67, 100, 100, 30, 90, 8
90, 100, 54, 100, 55, 76, 94, 97, 97, 61, 100, 23, 57, 0, 0, 2, 9
43, 100, 33, 87, 0, 61, 2, 40, 69, 39, 85, 56, 76, 27, 100, 0, 4
100, 100, 74, 96, 45, 68, 28, 35, 32, 0, 63, 12, 38, 37, 0, 31, 6
93, 91, 40, 100, 43, 80, 79, 92, 91, 56, 100, 20, 57, 0, 0, 1, 9
28, 95, 0, 55, 8, 8, 55, 0, 93, 32, 100, 79, 59, 100, 15, 78, 0
0, 83, 22, 100, 38, 70, 27, 30, 14, 0, 42, 1, 71, 2, 100, 5, 2
100, 91, 58, 100, 20, 75, 0, 38, 11, 0, 56, 3, 61, 37, 20, 33, 6
71, 76, 34, 100, 0, 72, 8, 31, 42, 0, 86, 15, 100, 56, 88, 96, 0
100, 93, 66, 100, 27, 93, 0, 65, 31, 55, 66, 40, 47, 10, 7, 0, 5
71, 92, 70, 100, 93, 86, 70, 60, 100, 38, 87, 12, 41, 0, 0, 5, 3
25, 100, 16, 68, 0, 34, 48, 35, 90, 49, 89, 58, 92, 23, 100, 0, 4
14, 85, 0, 48, 25, 10, 73, 0, 100, 35, 85, 76, 43, 100, 0, 84, 0
36, 83, 66, 100, 94, 81, 60, 54, 100, 44, 92, 12, 44, 0, 0, 17, 3
13, 90, 64, 100, 90, 74, 39, 58, 97, 53, 100, 20, 51, 0, 0, 12, 3
0, 48, 30, 66, 65, 83, 100, 100, 99, 79, 88, 53, 81, 26, 76, 0, 1
100, 93, 86, 100, 70, 84, 54, 67, 41, 50, 27, 33, 14, 17, 0, 0, 1
30, 100, 0, 72, 13, 43, 66, 40, 100, 62, 92, 60, 68, 30, 49, 0, 4
19, 74, 73, 100, 44, 79, 0, 47, 53, 32, 100, 53, 53, 38, 41, 0, 4
0, 70, 68, 77, 100, 100, 30, 93, 34, 73, 79, 64, 74, 32, 75, 0, 9
29, 100, 12, 57, 42, 33, 26, 0, 0, 33, 11, 71, 53, 88, 100, 91, 5
0, 91, 50, 100, 84, 73, 79, 36, 66, 0, 27, 21, 45, 37, 100, 37, 7
0, 78, 28, 100, 59, 91, 44, 58, 22, 28, 25, 1, 63, 0, 100, 2, 2
72, 100, 37, 86, 12, 55, 0, 23, 43, 0, 100, 14, 57, 34, 8, 20, 6
56, 100, 28, 72, 0, 44, 54, 50, 100, 69, 84, 59, 59, 30, 42, 0, 4
0, 68, 20, 98, 72, 100, 68, 68, 38, 38, 7, 10, 45, 0, 100, 3, 2
22, 100, 0, 68, 0, 28, 40, 0, 89, 25, 100, 64, 65, 96, 1, 88, 0
12, 77, 0, 37, 23, 0, 74, 4, 98, 39, 100, 80, 61, 100, 23, 71, 0
100, 100, 52, 98, 19, 69, 0, 34, 10, 0, 58, 8, 54, 41, 16, 29, 6
75, 97, 0, 100, 47, 68, 100, 35, 63, 0, 5, 23, 39, 63, 86, 97, 8
73, 89, 16, 89, 0, 100, 57, 99, 96, 81, 100, 53, 86, 27, 73, 0, 9
100, 100, 52, 92, 20, 65, 0, 36, 12, 6, 71, 0, 90, 24, 34, 25, 6
0, 95, 51, 100, 73, 92, 64, 47, 62, 0, 39, 17, 52, 33, 100, 36, 7
76, 100, 25, 87, 50, 60, 86, 86, 91, 69, 100, 31, 55, 9, 0, 0, 9
100, 79, 30, 100, 18, 66, 79, 27, 21, 0, 0, 35, 87, 65, 67, 92, 8
100, 94, 43, 100, 31, 59, 91, 69, 100, 86, 98, 39, 65, 0, 0, 1, 9
45, 100, 0, 74, 8, 48, 100, 45, 76, 72, 63, 64, 47, 31, 28, 0, 4
0, 90, 41, 96, 99, 100, 67, 57, 54, 0, 32, 5, 42, 25, 100, 31, 7
31, 76, 52, 64, 76, 26, 13, 0, 0, 35, 53, 69, 100, 100, 16, 88, 8
52, 87, 78, 100, 100, 84, 77, 59, 96, 37, 82, 13, 42, 3, 0, 0, 3
19, 84, 63, 100, 100, 93, 60, 73, 74, 51, 96, 30, 50, 13, 0, 0, 3
20, 100, 13, 75, 45, 41, 31, 0, 0, 12, 6, 57, 44, 89, 100, 100, 5
100, 100, 74, 78, 35, 57, 0, 37, 67, 37, 89, 45, 65, 23, 52, 0, 4
53, 86, 14, 64, 0, 29, 26, 0, 76, 18, 100, 52, 98, 87, 49, 100, 0
3, 68, 21, 100, 52, 87, 32, 51, 0, 22, 15, 4, 61, 0, 100, 14, 2
34, 63, 51, 100, 65, 72, 39, 33, 0, 5, 2, 8, 53, 7, 100, 0, 2
0, 87, 23, 100, 44, 80, 36, 52, 23, 25, 25, 0, 63, 0, 100, 4, 2
0, 96, 59, 100, 100, 89, 74, 54, 47, 19, 28, 0, 35, 39, 92, 48, 7
0, 95, 45, 100, 92, 99, 70, 63, 52, 25, 38, 0, 51, 33, 100, 37, 7
28, 100, 33, 79, 0, 49, 12, 21, 71, 26, 100, 54, 63, 34, 48, 0, 4
0, 78, 36, 100, 38, 97, 37, 60, 35, 23, 1, 0, 43, 7, 100, 6, 1
33, 75, 69, 100, 90, 94, 79, 55, 55, 19, 0, 0, 34, 3, 100, 7, 1
3, 72, 26, 100, 50, 80, 31, 48, 0, 19, 13, 12, 65, 0, 100, 17, 2
100, 100, 61, 83, 94, 89, 91, 71, 93, 40, 93, 11, 47, 2, 0, 0, 9
4, 74, 38, 100, 55, 71, 37, 35, 6, 5, 0, 7, 50, 6, 100, 0, 2
0, 88, 47, 100, 79, 76, 85, 40, 83, 4, 65, 0, 48, 28, 100, 34, 7
59, 100, 34, 78, 7, 49, 0, 18, 48, 0, 100, 17, 68, 43, 11, 47, 6
41, 83, 28, 54, 100, 50, 76, 12, 7, 0, 0, 41, 14, 84, 87, 100, 5
48, 52, 100, 77, 45, 100, 4, 70, 63, 53, 81, 53, 62, 12, 0, 0, 9
0, 93, 61, 100, 100, 81, 86, 50, 72, 19, 55, 0, 34, 22, 99, 23, 7
23, 73, 45, 100, 46, 89, 40, 57, 28, 26, 0, 0, 49, 6, 100, 7, 1
66, 100, 15, 80, 0, 50, 91, 46, 100, 72, 78, 65, 58, 33, 45, 0, 4
0, 15, 32, 39, 66, 68, 96, 99, 100, 100, 81, 67, 65, 34, 52, 0, 1
100, 90, 97, 100, 68, 74, 45, 47, 35, 20, 77, 1, 61, 18, 0, 0, 6
95, 66, 100, 100, 40, 98, 29, 61, 34, 23, 0, 0, 11, 34, 73, 56, 8
33, 88, 0, 51, 5, 0, 69, 4, 100, 50, 85, 100, 28, 89, 11, 39, 0
40, 94, 0, 51, 6, 0, 71, 5, 100, 52, 77, 100, 18, 82, 6, 32, 0
16, 75, 0, 41, 27, 5, 77, 0, 100, 37, 85, 78, 43, 100, 7, 71, 0
99, 88, 48, 100, 32, 70, 85, 86, 88, 68, 100, 27, 60, 0, 0, 4, 9
60, 100, 8, 78, 0, 45, 80, 42, 100, 65, 72, 78, 66, 39, 70, 0, 4
44, 78, 73, 100, 100, 86, 81, 60, 98, 38, 94, 12, 48, 0, 0, 3, 3
0, 55, 23, 90, 35, 100, 28, 51, 11, 8, 5, 0, 52, 1, 100, 1, 1
22, 100, 2, 84, 0, 67, 31, 55, 67, 47, 97, 35, 100, 17, 93, 0, 4
54, 83, 100, 100, 89, 94, 38, 87, 38, 70, 77, 34, 42, 0, 0, 19, 5
66, 100, 26, 87, 0, 68, 54, 63, 100, 57, 64, 40, 33, 21, 9, 0, 4
94, 100, 73, 92, 59, 66, 99, 93, 100, 82, 89, 44, 50, 16, 0, 0, 9
0, 79, 39, 100, 82, 90, 53, 57, 86, 49, 100, 17, 57, 0, 14, 13, 3
100, 100, 58, 82, 26, 53, 6, 21, 38, 0, 88, 15, 57, 36, 0, 29, 6
12, 100, 0, 71, 25, 43, 86, 44, 100, 75, 90, 52, 90, 20, 90, 0, 4
84, 100, 33, 78, 0, 50, 43, 34, 100, 45, 98, 57, 62, 30, 39, 0, 4
28, 81, 44, 54, 92, 34, 54, 1, 0, 0, 18, 45, 45, 86, 100, 100, 5
44, 85, 93, 100, 100, 92, 45, 81, 51, 68, 93, 36, 50, 0, 0, 17, 5
21, 74, 43, 100, 52, 64, 32, 28, 0, 6, 22, 3, 61, 0, 100, 1, 2
77, 100, 32, 78, 0, 55, 7, 34, 86, 42, 100, 46, 57, 24, 39, 0, 4
80, 100, 37, 76, 10, 50, 0, 22, 39, 0, 100, 13, 68, 37, 2, 46, 6
77, 96, 0, 100, 21, 61, 90, 30, 62, 0, 12, 24, 56, 62, 100, 100, 8
0, 93, 42, 100, 67, 55, 52, 0, 10, 2, 11, 27, 55, 36, 100, 39, 7
96, 64, 100, 100, 50, 99, 15, 68, 0, 31, 22, 0, 47, 27, 14, 25, 6
11, 75, 26, 100, 46, 81, 28, 46, 0, 17, 21, 19, 59, 0, 100, 11, 2
29, 88, 77, 100, 81, 74, 47, 51, 100, 49, 98, 20, 56, 0, 0, 4, 3
0, 68, 54, 81, 92, 100, 100, 85, 95, 63, 90, 42, 87, 21, 85, 0, 1
31, 49, 91, 77, 59, 100, 0, 73, 25, 41, 100, 57, 71, 36, 37, 0, 9
99, 83, 58, 100, 27, 67, 78, 65, 100, 84, 86, 41, 55, 4, 0, 0, 9
100, 60, 82, 100, 22, 89, 33, 44, 47, 0, 0, 1, 26, 42, 93, 62, 8
20, 80, 46, 95, 100, 100, 80, 76, 86, 50, 99, 23, 53, 7, 0, 0, 3
0, 81, 33, 100, 52, 79, 36, 49, 12, 22, 7, 0, 53, 4, 100, 7, 2
4, 67, 0, 35, 17, 0, 61, 12, 93, 43, 100, 83, 61, 100, 21, 83, 0
50, 100, 27, 77, 0, 45, 41, 30, 100, 40, 84, 67, 63, 33, 46, 0, 4
96, 71, 52, 46, 31, 73, 72, 100, 100, 71, 86, 33, 52, 1, 0, 0, 9
27, 72, 56, 100, 60, 66, 35, 26, 0, 12, 32, 16, 69, 0, 100, 10, 2
3, 94, 51, 100, 100, 100, 72, 79, 51, 56, 68, 30, 46, 9, 0, 0, 3
60, 100, 36, 85, 7, 54, 4, 20, 52, 0, 100, 18, 54, 38, 0, 23, 6
55, 100, 22, 88, 0, 72, 1, 53, 32, 41, 67, 32, 95, 19, 100, 0, 4
26, 80, 42, 100, 57, 69, 34, 30, 0, 0, 9, 20, 54, 27, 100, 26, 2
11, 80, 0, 34, 31, 0, 77, 17, 100, 60, 72, 100, 24, 94, 3, 51, 0
0, 55, 43, 71, 90, 91, 100, 100, 94, 75, 87, 50, 76, 25, 69, 0, 1
100, 64, 98, 100, 51, 78, 52, 39, 48, 0, 0, 4, 31, 38, 95, 57, 8
100, 100, 66, 89, 48, 75, 34, 60, 17, 45, 10, 30, 3, 15, 0, 0, 1
19, 92, 0, 51, 17, 7, 64, 0, 100, 29, 91, 77, 50, 100, 4, 87, 0
99, 69, 77, 100, 51, 72, 88, 79, 100, 59, 84, 15, 38, 0, 0, 7, 9
47, 82, 17, 73, 0, 34, 25, 0, 71, 9, 100, 44, 97, 85, 55, 100, 0
81, 98, 26, 93, 59, 67, 95, 100, 88, 66, 100, 24, 48, 0, 0, 14, 9
16, 71, 44, 100, 64, 71, 40, 31, 0, 11, 23, 12, 66, 0, 100, 15, 2
0, 97, 40, 100, 68, 74, 58, 34, 51, 0, 24, 34, 48, 56, 100, 60, 7
28, 75, 49, 100, 57, 63, 34, 26, 0, 3, 26, 11, 66, 0, 100, 5, 2
0, 88, 42, 100, 68, 83, 52, 59, 29, 36, 9, 12, 48, 2, 100, 0, 2
0, 80, 28, 100, 55, 82, 37, 48, 11, 20, 24, 3, 62, 1, 100, 0, 2
0, 96, 9, 97, 50, 100, 47, 64, 22, 32, 19, 0, 60, 5, 100, 19, 2
62, 100, 12, 72, 0, 43, 100, 45, 89, 69, 53, 88, 54, 43, 52, 0, 4
42, 100, 13, 73, 0, 42, 52, 35, 100, 48, 92, 56, 92, 25, 97, 0, 4
33, 100, 14, 97, 0, 80, 9, 61, 39, 48, 74, 36, 92, 18, 100, 0, 4
56, 100, 34, 83, 0, 63, 23, 48, 77, 39, 100, 42, 68, 22, 48, 0, 4
60, 95, 84, 73, 85, 100, 36, 87, 99, 76, 100, 39, 64, 9, 0, 0, 9
37, 93, 2, 89, 0, 33, 42, 0, 92, 11, 100, 65, 60, 100, 9, 91, 0
100, 79, 59, 100, 17, 73, 0, 35, 22, 0, 76, 5, 59, 34, 19, 16, 6
50, 91, 100, 100, 90, 97, 62, 69, 100, 43, 99, 11, 51, 0, 0, 1, 5
100, 88, 47, 100, 23, 66, 80, 66, 91, 78, 93, 36, 62, 0, 0, 3, 9
20, 86, 42, 100, 38, 64, 11, 35, 0, 22, 35, 0, 75, 1, 100, 31, 2
54, 92, 11, 60, 0, 17, 50, 0, 95, 29, 100, 72, 58, 100, 15, 72, 0
100, 100, 55, 86, 93, 81, 97, 76, 97, 51, 93, 26, 55, 7, 0, 0, 9
65, 87, 100, 100, 73, 87, 37, 74, 64, 58, 67, 21, 36, 0, 0, 12, 5
35, 100, 8, 68, 0, 31, 24, 0, 73, 10, 100, 43, 98, 80, 55, 94, 0
100, 100, 60, 98, 23, 69, 0, 32, 24, 0, 77, 8, 70, 39, 17, 37, 6
16, 89, 1, 48, 23, 9, 72, 0, 100, 34, 87, 76, 45, 100, 0, 83, 0
0, 90, 45, 100, 62, 76, 28, 53, 60, 42, 100, 26, 62, 6, 13, 0, 3
28, 100, 1, 75, 0, 45, 70, 38, 100, 66, 88, 58, 60, 29, 34, 0, 4
0, 100, 33, 93, 67, 92, 100, 94, 78, 71, 57, 49, 38, 25, 27, 0, 7
26, 77, 0, 33, 28, 0, 69, 15, 100, 52, 85, 97, 44, 100, 4, 84, 0
57, 100, 23, 74, 2, 45, 0, 16, 47, 0, 100, 13, 72, 34, 16, 23, 6
41, 100, 12, 77, 0, 42, 69, 28, 100, 58, 86, 67, 50, 34, 18, 0, 4
82, 100, 24, 94, 52, 46, 75, 0, 0, 13, 38, 56, 100, 92, 64, 99, 8
41, 83, 88, 70, 78, 100, 41, 80, 94, 64, 100, 28, 56, 1, 0, 0, 9
22, 69, 40, 100, 79, 87, 69, 52, 41, 22, 0, 0, 46, 2, 100, 0, 2
85, 100, 44, 87, 11, 54, 0, 16, 50, 0, 100, 20, 68, 46, 8, 41, 6
78, 100, 37, 99, 58, 59, 74, 20, 19, 0, 0, 28, 51, 55, 100, 80, 8
57, 100, 16, 72, 0, 34, 24, 0, 81, 14, 100, 51, 73, 86, 12, 82, 0
16, 69, 51, 100, 60, 91, 56, 54, 60, 17, 0, 4, 29, 0, 100, 2, 1
10, 94, 84, 100, 37, 97, 21, 67, 63, 60, 100, 32, 60, 0, 0, 18, 5
100, 100, 63, 85, 33, 62, 8, 37, 0, 7, 39, 0, 60, 25, 25, 41, 6
100, 100, 54, 92, 19, 77, 12, 53, 58, 56, 73, 27, 43, 1, 0, 0, 5
0, 66, 16, 93, 83, 100, 91, 73, 62, 46, 22, 21, 28, 0, 100, 3, 2
0, 82, 52, 100, 71, 100, 63, 64, 61, 29, 36, 2, 21, 0, 100, 5, 1
100, 93, 66, 100, 40, 81, 39, 51, 76, 45, 72, 14, 37, 0, 0, 4, 5
14, 93, 1, 80, 0, 37, 31, 0, 86, 21, 100, 62, 69, 99, 6, 100, 0
44, 100, 18, 74, 0, 48, 48, 40, 100, 44, 91, 56, 88, 28, 92, 0, 4
6, 92, 45, 100, 54, 59, 47, 16, 32, 0, 0, 36, 43, 52, 100, 56, 7
25, 86, 59, 100, 77, 81, 54, 57, 100, 42, 89, 16, 40, 0, 0, 18, 3
28, 81, 59, 100, 72, 73, 43, 55, 96, 48, 100, 16, 50, 0, 0, 10, 3
100, 100, 76, 91, 59, 76, 41, 61, 24, 46, 12, 30, 0, 15, 0, 0, 1
69, 94, 4, 100, 8, 70, 82, 76, 69, 85, 100, 46, 74, 11, 0, 0, 9
0, 34, 39, 52, 74, 75, 100, 100, 92, 83, 77, 55, 62, 28, 52, 0, 1
100, 96, 56, 100, 50, 72, 92, 90, 92, 65, 85, 24, 47, 0, 0, 4, 9
0, 82, 0, 42, 17, 6, 68, 0, 100, 31, 96, 69, 64, 100, 17, 93, 0
100, 100, 66, 90, 29, 63, 0, 31, 13, 0, 67, 4, 78, 35, 29, 46, 6
27, 95, 0, 62, 9, 20, 57, 0, 100, 27, 98, 70, 61, 100, 8, 85, 0
21, 84, 41, 100, 77, 79, 34, 53, 80, 54, 100, 21, 52, 0, 0, 14, 3
31, 81, 60, 100, 78, 78, 51, 56, 100, 48, 94, 13, 46, 0, 0, 15, 3
71, 100, 28, 74, 0, 45, 66, 50, 100, 70, 75, 85, 62, 42, 51, 0, 4
93, 100, 53, 92, 60, 49, 56, 8, 0, 0, 11, 35, 62, 57, 100, 84, 8
7, 81, 0, 58, 14, 8, 67, 0, 100, 42, 91, 94, 39, 100, 16, 55, 0
0, 70, 9, 100, 44, 97, 35, 60, 14, 27, 21, 0, 60, 0, 100, 3, 2
32, 84, 68, 100, 100, 89, 73, 61, 95, 42, 88, 11, 44, 0, 0, 15, 3
0, 81, 35, 92, 100, 100, 95, 70, 73, 32, 67, 0, 34, 20, 96, 31, 7
100, 76, 70, 100, 0, 73, 64, 38, 73, 0, 17, 23, 83, 58, 79, 88, 8
52, 81, 74, 100, 97, 89, 69, 66, 100, 46, 95, 20, 57, 0, 0, 2, 3
27, 88, 9, 62, 0, 18, 42, 0, 83, 30, 100, 73, 69, 100, 19, 81, 0
100, 100, 55, 86, 21, 65, 0, 40, 5, 14, 46, 0, 62, 19, 17, 32, 6
0, 99, 59, 100, 72, 82, 47, 42, 49, 0, 6, 30, 35, 39, 100, 45, 7
67, 100, 33, 79, 6, 49, 0, 16, 47, 0, 100, 12, 70, 29, 13, 25, 6
0, 83, 25, 100, 82, 79, 79, 40, 56, 0, 10, 12, 31, 36, 100, 35, 7
1, 100, 0, 58, 70, 42, 59, 0, 10, 10, 0, 64, 27, 94, 100, 94, 5
88, 93, 2, 100, 22, 66, 100, 37, 75, 0, 0, 11, 28, 52, 88, 86, 8
1, 92, 71, 100, 100, 72, 66, 35, 27, 0, 76, 28, 72, 52, 0, 56, 7
44, 65, 64, 100, 100, 88, 80, 49, 45, 17, 0, 0, 29, 11, 79, 1, 2
62, 100, 29, 75, 0, 42, 68, 41, 100, 56, 71, 75, 62, 37, 61, 0, 4
93, 100, 41, 80, 12, 54, 0, 25, 29, 0, 100, 4, 97, 29, 26, 36, 6
0, 70, 60, 69, 82, 100, 3, 83, 48, 70, 100, 78, 76, 39, 64, 0, 9
13, 88, 0, 100, 49, 100, 89, 88, 100, 66, 94, 43, 79, 21, 60, 0, 9
24, 86, 0, 45, 17, 0, 66, 2, 100, 35, 88, 82, 44, 100, 2, 78, 0
93, 96, 37, 100, 45, 62, 100, 83, 90, 81, 90, 38, 63, 0, 0, 10, 9
27, 82, 68, 100, 100, 89, 65, 65, 88, 41, 97, 17, 49, 5, 0, 0, 3
0, 58, 9, 58, 54, 79, 99, 100, 100, 84, 81, 56, 63, 28, 49, 0, 1
49, 61, 95, 87, 52, 100, 41, 69, 100, 83, 78, 53, 54, 18, 0, 0, 9
5, 68, 45, 100, 87, 83, 55, 45, 10, 13, 0, 12, 57, 0, 100, 9, 2
35, 60, 76, 44, 56, 0, 0, 3, 40, 44, 100, 80, 91, 100, 25, 68, 8
0, 32, 25, 56, 59, 79, 100, 100, 74, 77, 48, 52, 25, 27, 14, 0, 1
52, 100, 32, 69, 0, 35, 17, 24, 96, 26, 100, 55, 91, 37, 86, 0, 4
0, 50, 51, 73, 85, 100, 75, 67, 53, 36, 15, 8, 25, 2, 100, 0, 1
95, 93, 56, 100, 28, 68, 18, 34, 38, 2, 100, 0, 74, 27, 0, 21, 6
72, 94, 14, 85, 53, 44, 63, 1, 0, 0, 47, 38, 100, 75, 39, 100, 8
100, 100, 54, 94, 17, 68, 0, 32, 21, 0, 65, 9, 52, 40, 14, 22, 6
19, 100, 8, 57, 21, 18, 66, 0, 100, 29, 79, 66, 30, 78, 0, 47, 0
71, 81, 2, 86, 65, 45, 100, 0, 0, 2, 20, 50, 87, 91, 38, 100, 8
87, 100, 43, 83, 13, 55, 0, 23, 30, 0, 80, 5, 100, 28, 50, 29, 6
32, 87, 81, 100, 85, 69, 58, 41, 97, 47, 100, 15, 46, 0, 0, 19, 3
25, 85, 54, 100, 78, 77, 61, 48, 100, 35, 80, 10, 36, 0, 0, 16, 3
0, 62, 33, 90, 46, 100, 48, 64, 55, 27, 30, 5, 44, 0, 100, 5, 1
89, 83, 58, 100, 32, 68, 77, 64, 100, 74, 88, 29, 48, 4, 0, 0, 9
12, 82, 55, 100, 81, 88, 51, 61, 99, 51, 100, 21, 56, 2, 0, 0, 3
49, 79, 58, 100, 91, 85, 80, 58, 100, 44, 85, 20, 44, 7, 0, 0, 3
80, 100, 35, 84, 10, 53, 0, 20, 41, 0, 100, 14, 91, 40, 28, 33, 6
0, 36, 39, 49, 72, 74, 100, 100, 97, 87, 84, 58, 71, 28, 73, 0, 1
81, 100, 6, 97, 38, 62, 100, 30, 58, 0, 0, 22, 42, 61, 96, 96, 8
100, 100, 57, 88, 38, 72, 19, 58, 5, 44, 0, 29, 0, 14, 5, 0, 1
99, 66, 41, 58, 19, 84, 70, 100, 100, 70, 93, 34, 59, 3, 0, 0, 9
100, 99, 68, 100, 32, 67, 8, 31, 24, 0, 69, 21, 34, 46, 0, 22, 6
100, 97, 80, 100, 46, 99, 36, 73, 62, 63, 53, 42, 26, 21, 0, 0, 5
0, 90, 50, 100, 90, 76, 93, 39, 76, 3, 26, 0, 46, 30, 100, 37, 7
100, 78, 52, 100, 17, 76, 86, 39, 72, 0, 0, 25, 60, 64, 84, 92, 8
0, 61, 38, 73, 77, 90, 100, 100, 78, 76, 58, 51, 41, 25, 26, 0, 1
0, 73, 59, 85, 100, 100, 84, 80, 72, 60, 59, 40, 50, 20, 53, 0, 1
72, 100, 49, 96, 0, 73, 4, 56, 86, 48, 100, 48, 53, 25, 23, 0, 4
19, 84, 1, 43, 26, 0, 85, 1, 100, 46, 74, 90, 16, 100, 0, 58, 0
24, 92, 61, 100, 100, 99, 81, 79, 59, 57, 56, 31, 35, 9, 0, 0, 3
0, 56, 43, 77, 75, 99, 100, 100, 98, 75, 94, 50, 92, 25, 100, 0, 1
93, 84, 41, 100, 36, 65, 90, 33, 71, 0, 0, 7, 53, 39, 100, 74, 8
0, 66, 23, 73, 63, 90, 100, 100, 81, 75, 63, 50, 44, 25, 31, 0, 1
21, 76, 39, 100, 45, 67, 27, 29, 0, 0, 25, 2, 63, 1, 100, 2, 2
0, 91, 40, 58, 62, 22, 22, 0, 22, 35, 69, 67, 100, 100, 18, 91, 8
21, 95, 58, 100, 68, 68, 48, 33, 23, 0, 0, 31, 42, 41, 100, 44, 7
43, 100, 17, 84, 0, 62, 29, 43, 84, 47, 100, 43, 71, 22, 49, 0, 4
0, 59, 9, 64, 57, 86, 100, 100, 72, 75, 47, 51, 21, 25, 6, 0, 1
86, 100, 35, 77, 8, 51, 0, 23, 35, 0, 100, 15, 84, 42, 22, 58, 6
24, 87, 0, 82, 30, 72, 59, 23, 4, 0, 4, 45, 36, 98, 100, 100, 5
58, 65, 71, 100, 90, 70, 63, 31, 23, 0, 0, 13, 48, 1, 100, 4, 2
61, 100, 0, 84, 51, 60, 100, 33, 72, 0, 16, 17, 41, 53, 87, 84, 8
100, 77, 98, 100, 41, 83, 5, 55, 0, 23, 42, 0, 66, 24, 11, 35, 6
1, 83, 45, 100, 100, 93, 67, 66, 66, 50, 96, 23, 62, 0, 0, 5, 3
0, 81, 29, 100, 59, 78, 54, 35, 41, 0, 12, 30, 55, 41, 100, 46, 7
0, 68, 23, 100, 35, 90, 31, 54, 20, 18, 7, 0, 53, 2, 100, 3, 1
50, 83, 74, 47, 90, 0, 41, 4, 59, 49, 100, 85, 47, 100, 0, 71, 8
0, 15, 29, 40, 59, 68, 85, 97, 100, 100, 79, 67, 60, 34, 46, 0, 1
100, 100, 71, 80, 42, 59, 18, 38, 0, 14, 23, 0, 52, 19, 22, 32, 6
30, 84, 63, 100, 90, 86, 67, 58, 100, 39, 75, 13, 36, 0, 0, 13, 3
83, 89, 36, 100, 45, 59, 92, 84, 92, 75, 100, 28, 58, 0, 0, 19, 9
26, 93, 63, 100, 77, 78, 56, 54, 100, 41, 98, 17, 52, 6, 0, 0, 3
41, 72, 7, 50, 0, 7, 46, 0, 82, 34, 100, 76, 59, 100, 15, 76, 0
11, 75, 4, 45, 21, 1, 81, 0, 100, 43, 88, 87, 29, 100, 0, 67, 0
4, 63, 12, 15, 52, 0, 92, 15, 100, 63, 72, 100, 28, 97, 0, 62, 0
67, 100, 30, 90, 0, 57, 41, 40, 100, 53, 98, 67, 66, 34, 40, 0, 4
65, 100, 24, 84, 0, 48, 9, 10, 61, 0, 100, 24, 58, 47, 2, 46, 6
0, 100, 73, 97, 95, 80, 100, 64, 95, 48, 82, 31, 64, 15, 23, 0, 1
9, 61, 25, 100, 59, 72, 42, 27, 0, 5, 5, 24, 53, 16, 100, 0, 2
0, 45, 0, 61, 48, 82, 100, 100, 97, 78, 72, 51, 45, 24, 33, 0, 1
100, 100, 54, 85, 21, 57, 0, 27, 23, 0, 75, 7, 57, 29, 3, 23, 6
0, 86, 37, 100, 95, 92, 87, 67, 55, 44, 18, 23, 32, 2, 100, 0, 2
0, 54, 49, 75, 96, 100, 91, 75, 69, 45, 51, 16, 27, 0, 100, 6, 1
62, 76, 23, 100, 0, 67, 67, 35, 89, 0, 22, 22, 56, 60, 100, 96, 8
17, 100, 3, 75, 0, 43, 60, 46, 100, 62, 94, 69, 92, 34, 92, 0, 4
0, 44, 15, 0, 62, 5, 95, 40, 100, 88, 60, 100, 27, 64, 11, 17, 0
26, 87, 64, 100, 66, 57, 39, 21, 0, 0, 15, 29, 57, 21, 100, 21, 2
19, 71, 55, 100, 100, 99, 73, 66, 55, 44, 97, 22, 55, 0, 0, 4, 3
100, 92, 18, 81, 46, 39, 62, 0, 1, 13, 43, 56, 74, 100, 0, 75, 8
32, 90, 0, 60, 2, 17, 51, 0, 95, 27, 100, 69, 66, 100, 25, 72, 0
32, 75, 6, 48, 0, 16, 34, 0, 79, 11, 100, 39, 99, 70, 82, 100, 0
0, 40, 22, 53, 49, 64, 76, 79, 100, 100, 84, 73, 71, 38, 63, 0, 1
19, 96, 21, 59, 73, 41, 40, 0, 3, 21, 0, 77, 36, 98, 100, 100, 5
0, 53, 26, 84, 32, 100, 33, 65, 36, 29, 3, 0, 6, 2, 100, 6, 1
97, 100, 51, 100, 14, 68, 0, 32, 28, 0, 100, 13, 73, 32, 10, 10, 6
100, 100, 58, 88, 24, 61, 1, 31, 14, 0, 67, 1, 48, 27, 0, 19, 6
0, 89, 44, 100, 91, 89, 77, 53, 63, 17, 83, 0, 100, 15, 50, 20, 7
39, 83, 63, 100, 78, 78, 71, 61, 100, 39, 78, 11, 36, 0, 0, 17, 3
46, 88, 24, 61, 19, 11, 63, 0, 100, 29, 86, 78, 45, 100, 0, 86, 0
90, 100, 55, 76, 28, 46, 12, 14, 51, 0, 100, 19, 49, 20, 0, 2, 6
0, 74, 27, 100, 54, 77, 37, 42, 5, 14, 2, 17, 51, 9, 100, 0, 2
100, 62, 47, 55, 0, 73, 21, 100, 73, 91, 79, 57, 55, 25, 16, 0, 9
0, 91, 28, 100, 73, 91, 55, 46, 40, 0, 28, 8, 44, 38, 100, 45, 7
0, 72, 50, 85, 100, 100, 91, 81, 77, 60, 55, 38, 38, 18, 34, 0, 1
29, 66, 53, 100, 92, 91, 81, 52, 50, 18, 0, 0, 42, 6, 100, 6, 2
38, 96, 78, 100, 91, 82, 51, 60, 88, 35, 100, 4, 48, 0, 0, 5, 3
0, 38, 36, 54, 68, 78, 100, 100, 78, 75, 59, 50, 44, 25, 34, 0, 1
100, 100, 64, 96, 55, 68, 88, 92, 86, 66, 76, 28, 42, 1, 0, 0, 9
0, 43, 30, 54, 60, 77, 91, 100, 100, 84, 86, 56, 74, 28, 70, 0, 1
68, 93, 24, 82, 28, 39, 45, 3, 0, 0, 8, 66, 48, 99, 100, 100, 5
14, 89, 57, 100, 90, 78, 49, 55, 70, 39, 100, 12, 52, 0, 0, 9, 3
84, 100, 35, 84, 5, 55, 0, 21, 44, 0, 100, 7, 63, 18, 9, 7, 6
75, 100, 30, 81, 0, 36, 19, 0, 72, 14, 100, 58, 70, 98, 24, 74, 0
81, 100, 35, 78, 0, 47, 69, 52, 100, 66, 72, 91, 62, 44, 60, 0, 4
100, 100, 59, 86, 28, 58, 9, 28, 34, 0, 91, 9, 53, 23, 0, 9, 6
0, 93, 52, 100, 94, 87, 80, 63, 53, 42, 23, 20, 42, 3, 100, 0, 2
12, 89, 0, 48, 64, 45, 71, 0, 26, 8, 6, 59, 30, 100, 100, 98, 5
19, 94, 78, 100, 100, 82, 67, 50, 34, 20, 0, 0, 13, 31, 74, 33, 7
70, 100, 45, 91, 11, 60, 0, 23, 42, 0, 100, 4, 86, 32, 31, 27, 6
53, 80, 72, 100, 100, 79, 76, 52, 67, 28, 89, 8, 45, 0, 0, 2, 3
0, 100, 17, 100, 10, 74, 4, 48, 42, 29, 100, 44, 81, 25, 98, 0, 4
0, 100, 75, 94, 72, 59, 56, 22, 45, 0, 8, 32, 20, 43, 100, 41, 7
63, 100, 36, 65, 0, 30, 84, 36, 100, 63, 81, 79, 79, 39, 75, 0, 4
0, 68, 8, 100, 33, 90, 37, 50, 25, 11, 45, 0, 72, 6, 100, 13, 2
78, 100, 29, 88, 0, 52, 2, 10, 55, 0, 100, 26, 98, 67, 51, 77, 0
81, 100, 39, 77, 17, 42, 22, 5, 78, 0, 100, 31, 45, 46, 0, 27, 6
0, 88, 41, 100, 91, 91, 73, 46, 50, 1, 32, 0, 45, 27, 100, 37, 7
34, 93, 92, 100, 53, 92, 0, 73, 49, 61, 100, 40, 86, 10, 26, 0, 5
0, 70, 19, 100, 43, 77, 36, 44, 13, 15, 11, 15, 57, 14, 100, 0, 2
66, 94, 0, 92, 38, 48, 90, 5, 11, 0, 36, 45, 100, 84, 18, 100, 8
69, 80, 93, 100, 93, 77, 63, 55, 100, 42, 79, 20, 41, 7, 0, 0, 3
0, 84, 51, 100, 70, 69, 56, 34, 37, 0, 24, 7, 31, 32, 100, 34, 7
30, 68, 63, 39, 77, 0, 0, 6, 44, 41, 100, 75, 63, 100, 9, 69, 8
0, 58, 44, 39, 75, 9, 55, 0, 25, 30, 15, 63, 49, 90, 100, 100, 5
0, 88, 42, 100, 74, 90, 56, 44, 34, 0, 26, 31, 51, 55, 100, 57, 7
22, 91, 10, 52, 63, 40, 53, 0, 0, 15, 11, 62, 42, 98, 100, 100, 5
0, 66, 24, 96, 56, 100, 45, 63, 24, 30, 15, 0, 57, 4, 100, 7, 2
73, 100, 23, 83, 3, 53, 0, 22, 42, 0, 100, 14, 53, 32, 9, 13, 6
45, 80, 69, 100, 85, 75, 57, 53, 100, 45, 81, 14, 33, 0, 0, 14, 3
100, 100, 46, 95, 51, 59, 75, 25, 30, 0, 0, 17, 43, 46, 83, 78, 8
54, 89, 100, 100, 71, 91, 42, 64, 63, 50, 83, 27, 49, 2, 0, 0, 5
25, 93, 0, 55, 22, 0, 76, 5, 100, 59, 61, 100, 15, 67, 11, 7, 0
13, 95, 62, 100, 72, 61, 58, 19, 37, 0, 0, 31, 47, 37, 100, 35, 7
39, 88, 47, 100, 82, 81, 59, 54, 24, 32, 0, 7, 48, 0, 100, 1, 2
26, 82, 39, 100, 73, 76, 63, 45, 29, 20, 0, 13, 53, 17, 100, 0, 2
0, 83, 43, 100, 77, 78, 45, 49, 61, 44, 100, 21, 58, 0, 4, 6, 3
69, 100, 42, 81, 22, 52, 20, 21, 60, 0, 100, 15, 51, 28, 0, 16, 6
28, 60, 15, 100, 100, 98, 74, 50, 21, 6, 76, 0, 23, 43, 0, 87, 8
99, 100, 51, 99, 56, 77, 100, 90, 96, 67, 78, 38, 45, 14, 0, 0, 9
62, 100, 0, 96, 40, 62, 100, 30, 43, 0, 6, 27, 38, 73, 13, 99, 8
6, 97, 58, 100, 100, 85, 76, 56, 44, 29, 25, 0, 0, 29, 53, 37, 7
32, 84, 79, 64, 85, 100, 35, 78, 74, 68, 100, 37, 82, 0, 0, 0, 9
50, 100, 63, 96, 30, 65, 0, 36, 13, 8, 85, 22, 100, 30, 80, 0, 4
8, 65, 3, 100, 46, 99, 35, 55, 0, 24, 4, 8, 52, 0, 100, 2, 2
0, 45, 26, 66, 62, 84, 100, 100, 80, 75, 57, 50, 36, 25, 18, 0, 1
54, 100, 96, 93, 81, 72, 77, 54, 100, 30, 83, 7, 41, 0, 0, 8, 3
0, 66, 57, 80, 100, 100, 97, 89, 87, 64, 89, 40, 84, 15, 34, 0, 1
0, 89, 36, 100, 58, 72, 54, 36, 56, 0, 28, 11, 48, 27, 100, 30, 7
82, 85, 100, 100, 49, 68, 0, 36, 20, 0, 94, 3, 53, 27, 35, 8, 6
0, 78, 33, 100, 70, 79, 53, 43, 10, 23, 10, 32, 57, 20, 100, 0, 2
0, 78, 35, 100, 74, 86, 42, 55, 57, 31, 100, 8, 58, 0, 8, 8, 3
23, 93, 30, 64, 90, 36, 59, 0, 12, 12, 0, 54, 13, 91, 100, 100, 5
15, 70, 20, 32, 54, 0, 96, 24, 100, 66, 68, 100, 16, 92, 0, 52, 0
0, 96, 31, 100, 81, 93, 76, 48, 56, 1, 44, 0, 49, 32, 100, 35, 7
9, 91, 71, 100, 91, 68, 68, 34, 41, 0, 0, 15, 15, 32, 100, 34, 7
27, 100, 8, 73, 0, 45, 11, 17, 51, 0, 100, 3, 82, 20, 37, 9, 6
28, 74, 68, 100, 97, 87, 61, 57, 100, 38, 96, 8, 44, 0, 0, 13, 3
85, 76, 67, 68, 16, 78, 59, 100, 100, 85, 79, 53, 41, 26, 0, 0, 9
72, 72, 51, 100, 4, 75, 44, 38, 52, 0, 0, 17, 41, 53, 100, 81, 8
62, 83, 62, 75, 81, 100, 74, 86, 100, 53, 90, 18, 37, 0, 0, 16, 9
100, 100, 64, 98, 36, 99, 34, 68, 59, 60, 62, 36, 32, 17, 0, 0, 5
81, 85, 34, 100, 40, 66, 60, 30, 26, 0, 0, 22, 47, 51, 100, 78, 8
100, 100, 46, 89, 13, 64, 0, 34, 25, 7, 80, 0, 80, 24, 26, 26, 6
0, 39, 38, 57, 69, 79, 100, 100, 90, 74, 71, 49, 53, 24, 34, 0, 1
15, 81, 0, 68, 14, 97, 77, 100, 100, 95, 80, 62, 68, 28, 63, 0, 7
40, 92, 77, 100, 90, 85, 75, 56, 100, 29, 79, 6, 40, 1, 0, 0, 3
52, 89, 15, 63, 0, 21, 33, 0, 73, 16, 100, 54, 88, 96, 48, 100, 0
26, 71, 48, 100, 74, 74, 46, 37, 5, 12, 0, 11, 50, 8, 100, 0, 2
0, 89, 15, 100, 56, 97, 39, 64, 12, 33, 12, 2, 57, 0, 100, 11, 2
74, 73, 31, 61, 47, 91, 93, 100, 100, 68, 83, 35, 50, 8, 0, 0, 9
59, 49, 48, 85, 100, 100, 95, 58, 55, 23, 0, 2, 21, 13, 82, 0, 2
6, 100, 60, 98, 62, 56, 35, 15, 45, 0, 100, 26, 69, 40, 0, 38, 7
26, 88, 0, 58, 4, 17, 54, 0, 96, 28, 100, 69, 63, 100, 12, 86, 0
28, 89, 64, 100, 100, 92, 79, 71, 59, 51, 68, 27, 39, 9, 0, 0, 3
0, 72, 29, 100, 71, 82, 74, 43, 57, 5, 23, 0, 45, 28, 100, 35, 7
20, 88, 0, 52, 14, 14, 63, 0, 97, 31, 100, 71, 64, 100, 16, 84, 0
46, 100, 5, 73, 0, 41, 61, 41, 100, 57, 84, 69, 69, 35, 67, 0, 4
59, 94, 8, 100, 17, 65, 90, 36, 76, 0, 0, 10, 48, 46, 100, 83, 8
0, 33, 35, 52, 67, 75, 97, 100, 100, 90, 83, 61, 68, 31, 56, 0, 1
90, 88, 43, 100, 15, 69, 67, 66, 86, 66, 100, 27, 59, 3, 0, 0, 9
100, 83, 62, 100, 22, 73, 0, 44, 3, 13, 70, 0, 95, 22, 8, 21, 6
34, 87, 63, 100, 100, 93, 69, 64, 69, 37, 86, 13, 44, 0, 0, 0, 3
0, 74, 16, 80, 57, 96, 100, 100, 86, 75, 66, 50, 47, 25, 39, 0, 1
0, 95, 32, 69, 68, 34, 45, 0, 30, 25, 70, 59, 100, 95, 30, 100, 8
0, 86, 28, 100, 59, 93, 57, 66, 38, 40, 34, 13, 66, 4, 100, 0, 2
48, 100, 13, 71, 0, 40, 49, 25, 100, 37, 87, 62, 61, 32, 64, 0, 4
45, 90, 13, 52, 88, 46, 74, 5, 0, 0, 4, 43, 26, 90, 100, 100, 5
26, 92, 64, 100, 100, 94, 79, 73, 61, 50, 64, 25, 37, 7, 0, 0, 3
63, 100, 26, 76, 7, 51, 0, 25, 22, 0, 100, 6, 78, 31, 0, 40, 6
47, 100, 29, 87, 0, 61, 0, 37, 77, 51, 100, 52, 80, 26, 72, 0, 4
100, 100, 69, 79, 33, 59, 0, 38, 48, 34, 90, 47, 71, 24, 71, 0, 4
26, 100, 0, 70, 44, 54, 100, 53, 77, 78, 46, 69, 36, 34, 28, 0, 4
