@relation penbased-2
@attribute At1 integer [0, 100]
@attribute At2 integer [0, 100]
@attribute At3 integer [0, 100]
@attribute At4 integer [0, 100]
@attribute At5 integer [0, 100]
@attribute At6 integer [0, 100]
@attribute At7 integer [0, 100]
@attribute At8 integer [0, 100]
@attribute At9 integer [0, 100]
@attribute At10 integer [0, 100]
@attribute At11 integer [0, 100]
@attribute At12 integer [0, 100]
@attribute At13 integer [0, 100]
@attribute At14 integer [0, 100]
@attribute At15 integer [0, 100]
@attribute At16 integer [0, 100]
@attribute Class {0, 1, 2, 3, 4, 5, 6, 7, 8, 9}
@inputs At1, At2, At3, At4, At5, At6, At7, At8, At9, At10, At11, At12, At13, At14, At15, At16
@outputs Class
@data
0, 67, 49, 83, 100, 100, 81, 80, 60, 60, 40, 40, 33, 20, 47, 0, 1
46, 100, 10, 83, 34, 64, 100, 77, 71, 82, 49, 54, 22, 27, 0, 0, 4
0, 98, 36, 100, 80, 85, 68, 42, 56, 0, 25, 23, 50, 37, 100, 32, 7
64, 93, 0, 67, 97, 67, 89, 100, 14, 70, 100, 68, 96, 36, 28, 0, 9
56, 99, 18, 72, 0, 24, 36, 0, 85, 23, 100, 69, 58, 100, 19, 74, 0
20, 82, 62, 100, 100, 81, 68, 54, 82, 50, 89, 19, 42, 0, 0, 13, 3
100, 100, 58, 83, 31, 55, 17, 24, 43, 0, 80, 19, 50, 43, 0, 39, 6
35, 76, 0, 42, 11, 0, 65, 5, 100, 41, 97, 85, 49, 100, 9, 69, 0
38, 94, 4, 63, 0, 20, 41, 0, 84, 19, 100, 60, 77, 98, 32, 100, 0
52, 91, 72, 100, 87, 70, 57, 43, 100, 45, 90, 15, 43, 0, 0, 12, 3
88, 80, 12, 80, 100, 100, 100, 91, 65, 68, 29, 46, 6, 23, 0, 0, 1
14, 100, 1, 54, 51, 47, 36, 0, 0, 14, 6, 71, 42, 93, 100, 97, 5
16, 59, 0, 31, 31, 0, 78, 15, 100, 55, 87, 98, 40, 100, 6, 67, 0
100, 100, 68, 96, 38, 70, 14, 44, 0, 14, 36, 0, 51, 23, 3, 28, 6
0, 75, 29, 79, 71, 91, 100, 100, 82, 74, 68, 48, 57, 21, 58, 0, 1
80, 100, 60, 76, 26, 52, 0, 28, 46, 11, 97, 29, 100, 24, 100, 0, 4
34, 79, 66, 100, 83, 72, 52, 51, 100, 49, 91, 13, 43, 0, 0, 14, 3
100, 96, 66, 100, 63, 85, 85, 88, 78, 53, 66, 20, 35, 0, 0, 12, 9
47, 100, 19, 81, 0, 58, 19, 39, 61, 38, 100, 42, 82, 23, 62, 0, 4
0, 65, 46, 91, 50, 100, 50, 62, 52, 23, 4, 2, 12, 5, 100, 0, 1
45, 92, 19, 94, 42, 68, 58, 100, 89, 69, 100, 24, 55, 0, 0, 3, 9
5, 85, 50, 100, 79, 77, 54, 50, 85, 44, 100, 22, 56, 2, 0, 0, 3
0, 76, 24, 100, 65, 97, 61, 63, 40, 31, 6, 5, 51, 2, 100, 0, 2
86, 79, 47, 100, 18, 62, 65, 27, 66, 0, 0, 3, 46, 39, 100, 71, 8
38, 96, 49, 68, 74, 100, 24, 87, 91, 80, 100, 30, 54, 0, 0, 32, 9
40, 84, 61, 100, 87, 83, 53, 60, 96, 47, 100, 23, 55, 5, 0, 0, 3
0, 82, 47, 100, 75, 72, 52, 35, 22, 0, 16, 22, 41, 48, 100, 52, 7
97, 66, 77, 100, 8, 96, 0, 67, 69, 72, 100, 73, 92, 36, 86, 0, 9
33, 100, 10, 76, 0, 48, 4, 20, 43, 0, 100, 10, 81, 31, 21, 25, 6
100, 100, 62, 86, 30, 66, 7, 41, 0, 12, 36, 0, 59, 18, 17, 25, 6
72, 83, 49, 100, 61, 58, 82, 17, 0, 0, 25, 33, 100, 61, 75, 92, 8
0, 96, 45, 98, 100, 100, 97, 83, 77, 62, 60, 39, 52, 17, 55, 0, 7
6, 74, 0, 32, 38, 0, 90, 14, 100, 64, 67, 100, 18, 78, 16, 34, 0
99, 100, 61, 78, 37, 40, 41, 0, 99, 0, 100, 33, 47, 50, 0, 28, 6
15, 90, 57, 100, 82, 85, 60, 62, 100, 47, 86, 23, 44, 8, 0, 0, 3
40, 67, 54, 100, 91, 85, 69, 49, 34, 20, 0, 0, 49, 1, 100, 0, 2
32, 74, 87, 95, 100, 100, 84, 73, 79, 46, 66, 18, 0, 0, 3, 0, 1
24, 58, 84, 87, 100, 100, 89, 60, 85, 20, 45, 0, 0, 1, 94, 2, 1
31, 79, 55, 49, 70, 14, 32, 0, 14, 38, 0, 71, 49, 86, 100, 100, 5
0, 82, 37, 62, 83, 30, 65, 0, 46, 32, 81, 66, 100, 100, 23, 90, 8
44, 93, 9, 64, 82, 45, 63, 8, 0, 0, 13, 44, 28, 88, 100, 100, 5
18, 97, 35, 100, 0, 76, 0, 53, 64, 54, 100, 53, 75, 27, 66, 0, 4
66, 100, 33, 78, 11, 53, 0, 25, 20, 0, 77, 1, 100, 24, 41, 26, 6
100, 100, 24, 77, 0, 56, 96, 57, 100, 86, 79, 70, 37, 35, 4, 0, 4
57, 82, 65, 100, 100, 88, 89, 64, 79, 39, 75, 13, 39, 2, 0, 0, 3
16, 78, 0, 100, 76, 92, 100, 78, 77, 35, 74, 0, 98, 32, 27, 38, 7
49, 100, 5, 87, 15, 59, 92, 53, 100, 84, 69, 57, 35, 28, 0, 0, 4
0, 91, 34, 100, 65, 83, 43, 56, 12, 36, 25, 13, 63, 7, 100, 0, 2
100, 84, 27, 100, 0, 85, 0, 68, 13, 51, 20, 34, 27, 17, 60, 0, 1
100, 100, 100, 92, 80, 76, 65, 61, 50, 45, 40, 30, 15, 15, 0, 0, 1
0, 70, 1, 29, 37, 0, 88, 5, 100, 43, 78, 79, 34, 100, 5, 70, 0
66, 100, 100, 94, 91, 69, 69, 47, 95, 24, 74, 2, 36, 0, 0, 9, 3
0, 0, 42, 10, 79, 33, 100, 64, 89, 96, 40, 100, 22, 73, 67, 64, 9
29, 94, 90, 100, 43, 100, 8, 70, 56, 61, 100, 39, 61, 11, 0, 0, 5
48, 53, 10, 54, 0, 0, 49, 6, 88, 48, 100, 100, 48, 84, 7, 44, 0
31, 93, 7, 59, 8, 20, 54, 0, 98, 27, 100, 65, 60, 94, 0, 100, 0
0, 86, 46, 100, 100, 76, 81, 38, 58, 0, 53, 6, 8, 38, 83, 40, 7
0, 81, 15, 100, 20, 76, 19, 52, 24, 28, 71, 21, 88, 23, 100, 0, 4
0, 90, 31, 100, 46, 72, 27, 42, 2, 17, 29, 4, 64, 2, 100, 0, 2
100, 100, 59, 82, 31, 56, 17, 27, 35, 0, 83, 0, 49, 16, 0, 8, 6
100, 100, 58, 85, 23, 59, 0, 30, 9, 0, 58, 5, 60, 34, 7, 25, 6
0, 66, 44, 83, 92, 100, 100, 85, 81, 64, 61, 42, 40, 21, 22, 0, 1
9, 78, 39, 100, 86, 87, 51, 58, 79, 50, 100, 19, 54, 0, 0, 11, 3
63, 93, 36, 100, 30, 74, 58, 85, 80, 53, 100, 20, 60, 0, 0, 8, 9
12, 55, 0, 46, 21, 6, 66, 0, 100, 30, 99, 73, 63, 100, 18, 93, 0
73, 100, 35, 81, 10, 51, 11, 19, 59, 0, 100, 19, 62, 44, 0, 47, 6
32, 100, 12, 77, 0, 48, 53, 38, 100, 55, 94, 57, 81, 28, 65, 0, 4
0, 91, 36, 100, 62, 83, 57, 60, 70, 39, 100, 22, 78, 4, 39, 0, 3
34, 100, 15, 78, 0, 43, 56, 37, 100, 43, 78, 70, 54, 36, 41, 0, 4
63, 98, 95, 76, 93, 100, 61, 74, 100, 81, 99, 33, 67, 0, 0, 4, 9
0, 79, 27, 100, 84, 99, 82, 75, 84, 52, 100, 28, 55, 11, 2, 0, 3
27, 82, 5, 39, 30, 0, 80, 15, 100, 59, 74, 100, 23, 95, 0, 53, 0
0, 88, 26, 100, 56, 86, 45, 51, 26, 19, 34, 0, 69, 2, 100, 10, 2
0, 96, 51, 100, 98, 88, 87, 61, 53, 42, 100, 27, 68, 7, 17, 0, 3
0, 92, 51, 100, 100, 98, 83, 57, 71, 14, 59, 0, 44, 33, 97, 42, 7
0, 94, 22, 100, 71, 94, 70, 51, 61, 0, 42, 9, 52, 32, 100, 20, 7
89, 100, 40, 79, 0, 42, 69, 38, 100, 59, 74, 87, 69, 43, 68, 0, 4
0, 99, 91, 100, 79, 69, 60, 35, 50, 0, 17, 3, 9, 28, 100, 37, 7
31, 91, 0, 85, 8, 45, 85, 44, 100, 82, 66, 100, 68, 50, 76, 0, 4
52, 100, 19, 73, 0, 44, 6, 14, 58, 0, 100, 17, 60, 36, 19, 20, 6
14, 100, 66, 86, 66, 57, 50, 28, 31, 0, 0, 9, 25, 29, 100, 30, 7
0, 79, 65, 71, 100, 100, 27, 90, 3, 62, 78, 68, 70, 41, 35, 0, 9
31, 78, 0, 57, 14, 13, 59, 0, 100, 23, 98, 69, 62, 100, 19, 91, 0
35, 100, 21, 73, 0, 46, 18, 30, 77, 30, 100, 53, 87, 27, 79, 0, 4
100, 100, 59, 82, 25, 57, 0, 28, 14, 0, 59, 14, 46, 39, 0, 30, 6
100, 75, 79, 100, 47, 82, 79, 84, 66, 64, 62, 23, 36, 0, 0, 5, 9
39, 100, 5, 79, 0, 47, 55, 42, 100, 64, 80, 60, 52, 30, 28, 0, 4
31, 100, 17, 68, 41, 36, 5, 0, 0, 35, 7, 81, 43, 99, 100, 97, 5
41, 91, 100, 100, 99, 99, 45, 86, 40, 57, 89, 39, 57, 9, 0, 0, 5
100, 67, 66, 100, 0, 89, 10, 55, 70, 70, 87, 50, 74, 9, 12, 0, 9
25, 98, 7, 67, 95, 78, 36, 100, 0, 79, 100, 71, 76, 33, 14, 0, 9
88, 78, 34, 100, 0, 73, 45, 38, 78, 0, 21, 11, 50, 49, 100, 82, 8
22, 57, 0, 63, 46, 82, 94, 100, 100, 80, 78, 53, 56, 27, 44, 0, 1
37, 84, 0, 51, 2, 7, 53, 0, 98, 27, 100, 70, 58, 100, 7, 99, 0
100, 100, 61, 88, 30, 64, 7, 36, 0, 5, 42, 0, 49, 23, 6, 25, 6
100, 100, 56, 86, 23, 61, 0, 30, 14, 0, 59, 7, 47, 33, 1, 27, 6
46, 84, 72, 100, 83, 83, 82, 60, 100, 36, 77, 12, 39, 0, 0, 3, 3
40, 89, 0, 25, 46, 0, 100, 49, 70, 100, 44, 78, 95, 62, 34, 22, 0
28, 95, 39, 84, 67, 100, 42, 90, 81, 62, 100, 27, 56, 3, 0, 0, 9
0, 90, 40, 100, 97, 93, 100, 54, 98, 14, 71, 0, 32, 19, 91, 27, 7
0, 42, 35, 71, 70, 100, 63, 74, 57, 37, 48, 0, 44, 0, 100, 2, 1
11, 31, 0, 51, 59, 76, 100, 100, 67, 77, 44, 51, 33, 26, 48, 0, 1
0, 100, 30, 99, 67, 97, 100, 93, 72, 75, 53, 51, 44, 23, 52, 0, 7
100, 100, 40, 83, 2, 51, 0, 16, 67, 9, 89, 38, 18, 32, 11, 0, 6
0, 39, 33, 59, 67, 79, 100, 100, 100, 88, 81, 59, 65, 30, 53, 0, 1
94, 82, 45, 100, 1, 63, 0, 9, 53, 0, 100, 30, 97, 85, 47, 97, 0
10, 99, 36, 98, 100, 100, 91, 68, 58, 34, 24, 0, 0, 3, 36, 22, 7
100, 98, 60, 100, 35, 76, 39, 56, 75, 52, 73, 21, 39, 5, 0, 0, 5
0, 53, 84, 42, 100, 6, 10, 0, 2, 34, 66, 66, 86, 100, 5, 84, 8
99, 74, 100, 100, 45, 90, 44, 65, 100, 66, 92, 35, 57, 8, 0, 0, 9
0, 31, 52, 59, 46, 100, 11, 81, 65, 52, 100, 17, 38, 0, 9, 26, 8
68, 100, 27, 81, 0, 51, 45, 29, 99, 43, 100, 63, 77, 32, 69, 0, 4
30, 83, 60, 100, 100, 86, 67, 60, 94, 43, 75, 14, 27, 0, 0, 16, 3
39, 90, 14, 75, 0, 34, 26, 0, 75, 0, 100, 35, 82, 74, 42, 100, 0
0, 97, 62, 100, 99, 84, 77, 50, 62, 15, 52, 0, 26, 33, 100, 38, 7
42, 98, 0, 69, 54, 36, 71, 0, 14, 16, 54, 54, 100, 91, 39, 100, 8
26, 87, 63, 100, 83, 83, 57, 57, 100, 40, 90, 10, 41, 0, 0, 12, 3
33, 94, 60, 64, 99, 100, 38, 99, 79, 85, 100, 55, 73, 11, 0, 0, 9
80, 74, 100, 100, 56, 70, 29, 35, 36, 0, 100, 13, 67, 38, 0, 24, 6
0, 43, 19, 64, 56, 82, 93, 100, 100, 86, 75, 58, 49, 30, 31, 0, 1
11, 100, 0, 87, 11, 48, 69, 38, 100, 50, 75, 94, 53, 49, 37, 0, 4
43, 100, 9, 64, 0, 19, 44, 0, 90, 22, 100, 66, 66, 99, 15, 88, 0
0, 86, 44, 100, 85, 86, 62, 42, 34, 0, 21, 4, 45, 38, 100, 43, 7
31, 67, 40, 100, 81, 97, 69, 53, 39, 15, 0, 1, 49, 5, 100, 0, 2
0, 94, 69, 100, 97, 69, 72, 34, 49, 0, 90, 32, 100, 50, 19, 49, 7
35, 64, 58, 100, 63, 91, 57, 50, 48, 10, 0, 1, 50, 0, 100, 1, 1
0, 92, 50, 96, 100, 100, 79, 70, 54, 36, 36, 0, 29, 26, 79, 31, 7
79, 100, 46, 75, 22, 48, 22, 18, 65, 0, 100, 17, 51, 32, 0, 20, 6
3, 81, 57, 100, 100, 92, 63, 49, 23, 7, 0, 0, 30, 32, 93, 34, 7
25, 40, 21, 0, 60, 4, 89, 35, 100, 75, 71, 100, 30, 90, 0, 63, 0
48, 97, 89, 100, 77, 71, 49, 46, 16, 23, 0, 0, 50, 3, 100, 7, 2
82, 83, 100, 100, 54, 76, 17, 47, 0, 13, 46, 0, 50, 30, 0, 27, 6
0, 0, 40, 9, 74, 26, 95, 52, 100, 80, 73, 100, 46, 81, 74, 63, 9
31, 91, 1, 62, 0, 20, 37, 0, 80, 15, 100, 52, 86, 91, 44, 100, 0
0, 96, 23, 46, 91, 55, 80, 100, 49, 94, 100, 59, 81, 7, 15, 0, 9
0, 51, 31, 60, 66, 79, 100, 100, 90, 79, 66, 53, 43, 28, 27, 0, 1
30, 94, 0, 58, 4, 14, 52, 0, 94, 29, 100, 71, 60, 100, 10, 86, 0
58, 62, 8, 46, 12, 0, 67, 15, 100, 56, 90, 100, 34, 81, 0, 41, 0
0, 88, 39, 100, 77, 83, 77, 42, 72, 0, 42, 11, 54, 27, 100, 26, 7
12, 60, 37, 36, 41, 0, 15, 2, 0, 42, 27, 66, 63, 84, 100, 100, 5
15, 79, 8, 36, 37, 0, 89, 21, 100, 63, 73, 100, 21, 82, 0, 43, 0
49, 85, 84, 100, 89, 81, 48, 61, 90, 49, 100, 30, 51, 14, 0, 0, 3
0, 66, 48, 100, 100, 83, 69, 41, 37, 0, 81, 26, 76, 69, 8, 93, 8
100, 100, 66, 95, 27, 65, 0, 29, 25, 0, 77, 12, 70, 43, 16, 44, 6
26, 85, 68, 100, 91, 79, 68, 54, 83, 40, 100, 16, 56, 0, 0, 7, 3
8, 64, 65, 74, 100, 100, 43, 93, 0, 66, 57, 72, 48, 42, 27, 0, 9
39, 96, 79, 100, 71, 71, 68, 55, 100, 34, 86, 4, 43, 0, 0, 11, 3
7, 72, 34, 100, 79, 95, 67, 61, 33, 33, 0, 5, 48, 0, 100, 1, 2
11, 100, 7, 95, 0, 73, 11, 51, 71, 50, 100, 44, 85, 22, 78, 0, 4
22, 89, 0, 55, 39, 47, 43, 4, 6, 0, 16, 56, 39, 100, 100, 98, 5
88, 100, 48, 83, 16, 59, 0, 31, 50, 28, 100, 45, 75, 27, 62, 0, 4
33, 93, 84, 100, 90, 78, 46, 59, 94, 47, 100, 18, 56, 1, 0, 0, 3
53, 100, 25, 70, 0, 39, 50, 34, 100, 42, 85, 64, 77, 32, 80, 0, 4
14, 79, 37, 100, 56, 79, 30, 52, 0, 27, 0, 2, 50, 0, 100, 4, 2
17, 65, 71, 80, 100, 100, 81, 74, 74, 47, 69, 20, 31, 0, 0, 2, 1
0, 90, 57, 100, 63, 71, 46, 36, 40, 0, 10, 12, 39, 32, 100, 39, 7
93, 87, 50, 73, 27, 81, 75, 100, 100, 80, 67, 52, 27, 27, 0, 0, 9
0, 26, 57, 56, 98, 94, 31, 100, 45, 63, 100, 31, 78, 0, 9, 16, 8
39, 94, 0, 63, 66, 44, 70, 1, 10, 0, 15, 52, 29, 99, 100, 100, 5
37, 100, 0, 60, 94, 94, 3, 89, 29, 54, 0, 0, 100, 28, 8, 38, 8
29, 78, 52, 100, 72, 80, 65, 61, 100, 43, 81, 14, 33, 0, 0, 20, 3
62, 76, 0, 82, 29, 100, 90, 98, 100, 74, 90, 49, 75, 25, 70, 0, 9
13, 100, 20, 71, 59, 39, 44, 0, 0, 16, 7, 61, 42, 93, 100, 97, 5
96, 66, 64, 100, 0, 88, 31, 54, 86, 72, 100, 42, 87, 0, 19, 3, 9
35, 87, 86, 100, 100, 76, 52, 57, 89, 53, 97, 21, 53, 0, 0, 8, 3
0, 89, 20, 97, 64, 100, 100, 90, 95, 66, 78, 44, 57, 22, 40, 0, 7
48, 99, 8, 92, 50, 73, 63, 100, 100, 67, 99, 23, 53, 0, 0, 3, 9
25, 46, 100, 31, 80, 0, 0, 9, 38, 45, 89, 78, 54, 100, 20, 68, 8
74, 95, 21, 75, 0, 36, 20, 0, 75, 25, 100, 64, 78, 100, 19, 82, 0
75, 91, 30, 100, 24, 60, 53, 21, 11, 0, 0, 37, 44, 70, 100, 93, 8
26, 80, 50, 100, 100, 95, 58, 72, 50, 47, 90, 20, 53, 0, 0, 5, 3
70, 99, 42, 69, 35, 30, 0, 0, 19, 29, 60, 58, 100, 88, 54, 100, 8
0, 79, 31, 100, 64, 88, 49, 58, 24, 30, 10, 1, 56, 0, 100, 10, 2
75, 100, 40, 90, 11, 59, 0, 27, 32, 0, 98, 5, 100, 28, 38, 16, 6
49, 100, 17, 82, 0, 61, 0, 40, 49, 38, 100, 42, 88, 21, 84, 0, 4
96, 98, 83, 100, 47, 68, 26, 32, 49, 0, 100, 18, 53, 39, 0, 27, 6
16, 88, 47, 100, 50, 69, 28, 38, 0, 13, 23, 1, 62, 1, 100, 0, 2
55, 99, 55, 68, 77, 26, 38, 0, 0, 13, 20, 56, 49, 92, 100, 100, 5
27, 100, 100, 93, 78, 62, 53, 31, 28, 0, 0, 13, 3, 33, 92, 35, 7
41, 100, 20, 80, 0, 57, 39, 42, 100, 55, 98, 45, 72, 23, 57, 0, 4
100, 100, 22, 97, 23, 62, 94, 33, 69, 0, 0, 18, 25, 59, 78, 95, 8
0, 58, 39, 38, 56, 5, 27, 0, 6, 35, 18, 64, 59, 83, 100, 100, 5
22, 93, 0, 70, 69, 37, 100, 0, 15, 20, 51, 60, 77, 94, 42, 100, 8
1, 72, 39, 100, 90, 92, 50, 64, 52, 53, 100, 35, 60, 8, 0, 0, 3
9, 100, 4, 81, 0, 54, 35, 39, 84, 46, 100, 52, 80, 26, 77, 0, 4
22, 67, 56, 87, 100, 100, 72, 80, 44, 60, 17, 40, 0, 19, 22, 0, 1
100, 92, 62, 100, 44, 70, 84, 79, 79, 75, 72, 33, 45, 0, 0, 0, 9
20, 100, 7, 78, 0, 44, 32, 24, 89, 29, 100, 55, 76, 31, 55, 0, 4
54, 88, 24, 76, 66, 51, 47, 2, 0, 0, 18, 48, 50, 92, 100, 100, 5
0, 100, 57, 95, 62, 63, 46, 31, 25, 0, 4, 22, 39, 43, 100, 43, 7
29, 81, 60, 100, 90, 81, 68, 52, 34, 27, 0, 4, 47, 0, 100, 1, 2
0, 0, 51, 9, 87, 37, 100, 70, 72, 100, 14, 94, 36, 65, 99, 58, 9
0, 96, 77, 100, 100, 84, 67, 46, 47, 5, 33, 0, 10, 34, 88, 39, 7
40, 85, 92, 100, 100, 98, 45, 85, 79, 65, 99, 33, 55, 7, 0, 0, 5
23, 80, 14, 80, 77, 100, 100, 70, 66, 39, 0, 19, 23, 12, 97, 0, 2
44, 68, 79, 100, 26, 93, 59, 67, 100, 71, 95, 25, 56, 0, 0, 12, 9
35, 90, 24, 61, 100, 100, 12, 84, 0, 29, 49, 0, 96, 57, 7, 28, 8
38, 100, 4, 73, 0, 29, 33, 0, 78, 3, 100, 39, 85, 79, 44, 98, 0
25, 72, 15, 31, 47, 0, 93, 8, 100, 50, 73, 87, 28, 100, 0, 68, 0
14, 78, 44, 100, 63, 79, 41, 52, 13, 29, 0, 2, 50, 0, 100, 8, 2
0, 95, 44, 100, 74, 82, 65, 41, 57, 0, 42, 11, 55, 31, 100, 32, 7
5, 68, 22, 100, 47, 75, 35, 35, 8, 1, 0, 2, 50, 4, 100, 0, 2
83, 85, 17, 98, 37, 57, 94, 19, 38, 0, 0, 38, 65, 71, 100, 100, 8
27, 76, 62, 100, 84, 76, 66, 41, 37, 11, 0, 3, 50, 1, 100, 0, 2
30, 100, 23, 69, 66, 33, 59, 0, 19, 27, 0, 67, 8, 100, 100, 97, 5
26, 99, 0, 55, 61, 48, 76, 14, 7, 0, 4, 44, 27, 87, 100, 100, 5
31, 90, 63, 100, 100, 76, 75, 36, 56, 0, 96, 34, 61, 43, 0, 45, 7
0, 68, 45, 75, 80, 95, 100, 100, 98, 75, 96, 50, 92, 25, 88, 0, 1
18, 100, 13, 78, 0, 46, 57, 37, 100, 50, 85, 66, 83, 33, 84, 0, 4
0, 28, 35, 51, 67, 75, 100, 100, 96, 81, 77, 54, 58, 27, 46, 0, 1
0, 51, 27, 72, 61, 85, 95, 100, 100, 91, 82, 61, 67, 30, 72, 0, 1
24, 84, 6, 80, 0, 35, 31, 0, 79, 11, 100, 53, 77, 92, 27, 100, 0
100, 51, 72, 100, 0, 88, 28, 42, 77, 0, 2, 11, 5, 55, 78, 82, 8
0, 77, 38, 89, 56, 100, 46, 57, 47, 15, 100, 11, 45, 4, 8, 0, 1
1, 66, 28, 93, 81, 100, 72, 75, 82, 43, 100, 12, 54, 0, 0, 2, 3
17, 72, 16, 36, 40, 0, 86, 12, 100, 53, 79, 92, 31, 100, 0, 67, 0
0, 44, 28, 59, 67, 78, 100, 100, 89, 83, 75, 56, 65, 28, 67, 0, 1
100, 96, 66, 100, 26, 94, 43, 70, 87, 55, 76, 19, 33, 0, 0, 16, 5
0, 90, 41, 100, 58, 78, 42, 40, 32, 0, 5, 24, 51, 35, 100, 36, 7
6, 82, 49, 100, 100, 89, 70, 63, 30, 40, 85, 26, 60, 4, 0, 0, 3
100, 91, 96, 100, 50, 70, 9, 40, 0, 6, 76, 0, 93, 26, 28, 21, 6
0, 40, 31, 62, 68, 78, 100, 100, 91, 91, 67, 62, 46, 33, 36, 0, 1
0, 0, 41, 16, 77, 37, 100, 65, 100, 96, 60, 100, 54, 71, 87, 48, 9
50, 83, 26, 62, 58, 100, 14, 60, 2, 30, 50, 0, 100, 51, 0, 34, 8
62, 100, 84, 93, 67, 70, 82, 48, 100, 26, 77, 6, 39, 0, 0, 2, 3
57, 70, 57, 100, 55, 66, 33, 36, 0, 16, 23, 9, 60, 0, 100, 3, 2
41, 58, 99, 39, 100, 1, 27, 0, 33, 40, 80, 75, 66, 100, 0, 83, 8
100, 77, 53, 73, 18, 92, 60, 100, 84, 74, 71, 42, 41, 16, 0, 0, 9
14, 77, 0, 56, 91, 55, 94, 11, 26, 0, 8, 46, 2, 91, 100, 100, 5
62, 100, 36, 92, 12, 57, 12, 19, 61, 0, 100, 22, 51, 41, 0, 27, 6
30, 78, 64, 100, 90, 82, 62, 57, 95, 42, 100, 17, 52, 4, 0, 0, 3
42, 94, 1, 70, 0, 26, 44, 0, 92, 22, 100, 66, 64, 100, 17, 84, 0
13, 93, 21, 49, 51, 24, 15, 0, 0, 45, 18, 92, 59, 100, 100, 95, 5
53, 100, 35, 93, 6, 61, 0, 28, 36, 0, 96, 12, 100, 42, 37, 28, 6
45, 92, 37, 100, 76, 99, 63, 47, 30, 5, 0, 0, 50, 8, 100, 2, 2
55, 100, 7, 78, 0, 47, 83, 43, 100, 77, 84, 64, 48, 32, 13, 0, 4
12, 80, 40, 100, 81, 90, 64, 60, 64, 30, 100, 9, 53, 0, 0, 1, 3
24, 77, 18, 34, 46, 0, 89, 20, 100, 62, 78, 100, 31, 90, 0, 55, 0
13, 83, 42, 100, 59, 67, 35, 34, 0, 27, 30, 32, 65, 11, 100, 0, 2
0, 100, 58, 94, 100, 91, 61, 59, 32, 20, 8, 0, 20, 33, 80, 34, 7
0, 76, 35, 100, 55, 100, 49, 62, 44, 24, 2, 0, 27, 0, 100, 8, 1
21, 100, 1, 76, 0, 47, 65, 41, 100, 58, 83, 61, 75, 30, 75, 0, 4
0, 88, 53, 96, 100, 100, 73, 66, 50, 31, 26, 0, 4, 34, 48, 33, 7
24, 90, 0, 69, 43, 39, 45, 0, 13, 17, 21, 62, 43, 99, 100, 100, 5
100, 85, 59, 100, 17, 76, 0, 39, 20, 2, 68, 0, 49, 29, 1, 21, 6
0, 57, 33, 76, 70, 96, 100, 100, 92, 75, 86, 50, 83, 25, 83, 0, 1
0, 51, 19, 63, 59, 82, 100, 100, 84, 76, 67, 51, 51, 26, 40, 0, 1
0, 78, 31, 100, 66, 77, 58, 34, 20, 12, 15, 21, 58, 13, 100, 0, 2
0, 95, 49, 100, 83, 77, 72, 38, 60, 0, 42, 4, 49, 28, 100, 29, 7
14, 64, 18, 100, 100, 95, 84, 67, 50, 28, 30, 0, 0, 39, 72, 42, 7
0, 77, 28, 100, 60, 85, 62, 51, 42, 21, 26, 2, 68, 0, 100, 0, 2
38, 81, 92, 100, 100, 66, 65, 33, 37, 0, 100, 20, 67, 51, 0, 72, 8
27, 85, 57, 50, 64, 11, 15, 0, 0, 33, 2, 75, 46, 96, 100, 100, 5
2, 97, 55, 100, 67, 65, 41, 25, 17, 0, 0, 43, 45, 46, 100, 32, 7
0, 90, 27, 100, 81, 95, 57, 72, 69, 51, 100, 29, 56, 13, 7, 0, 3
0, 30, 41, 53, 82, 77, 100, 100, 71, 76, 59, 50, 59, 25, 65, 0, 1
32, 68, 20, 36, 42, 0, 83, 15, 100, 56, 80, 95, 36, 100, 0, 73, 0
10, 93, 0, 54, 21, 74, 52, 100, 65, 46, 53, 0, 26, 4, 100, 5, 1
64, 86, 47, 96, 100, 100, 90, 63, 50, 35, 0, 14, 32, 15, 86, 0, 2
72, 85, 40, 100, 61, 68, 100, 90, 85, 87, 88, 54, 63, 16, 0, 0, 9
26, 100, 1, 96, 0, 57, 68, 43, 100, 61, 73, 78, 45, 40, 29, 0, 4
31, 74, 88, 100, 100, 95, 98, 55, 96, 16, 25, 2, 0, 0, 100, 2, 1
1, 85, 46, 100, 70, 88, 55, 58, 97, 39, 100, 10, 51, 0, 0, 2, 3
32, 62, 2, 35, 0, 6, 57, 0, 97, 22, 100, 52, 77, 80, 30, 100, 0
100, 100, 65, 90, 32, 67, 5, 40, 0, 8, 40, 0, 36, 27, 0, 20, 6
0, 100, 51, 99, 70, 67, 57, 27, 59, 0, 100, 26, 57, 41, 5, 40, 7
0, 96, 31, 63, 100, 32, 86, 0, 12, 18, 53, 53, 98, 87, 41, 100, 8
0, 86, 57, 100, 100, 78, 71, 46, 36, 14, 30, 0, 4, 32, 74, 34, 7
46, 78, 26, 54, 84, 100, 0, 75, 24, 42, 29, 0, 100, 44, 20, 39, 8
0, 58, 18, 26, 49, 0, 86, 18, 100, 50, 86, 82, 45, 100, 17, 77, 0
0, 76, 66, 74, 100, 100, 28, 88, 3, 59, 76, 69, 74, 40, 59, 0, 9
36, 53, 44, 100, 60, 67, 38, 22, 0, 0, 14, 16, 57, 10, 100, 5, 2
58, 89, 15, 70, 0, 30, 33, 0, 79, 32, 100, 72, 67, 100, 18, 70, 0
0, 76, 33, 100, 82, 92, 45, 70, 69, 45, 100, 16, 58, 0, 13, 10, 3
0, 46, 47, 71, 66, 100, 59, 98, 59, 68, 68, 38, 87, 8, 100, 0, 1
0, 83, 38, 100, 93, 97, 100, 71, 70, 48, 34, 26, 27, 2, 84, 0, 2
39, 76, 83, 94, 100, 100, 65, 80, 30, 60, 9, 41, 0, 20, 22, 0, 1
56, 71, 31, 100, 16, 66, 24, 23, 0, 0, 17, 34, 57, 57, 100, 76, 8
100, 100, 62, 87, 21, 60, 0, 27, 31, 0, 93, 7, 87, 37, 32, 55, 6
21, 66, 47, 100, 65, 67, 40, 28, 0, 12, 18, 31, 60, 19, 100, 0, 2
71, 100, 40, 85, 0, 63, 19, 42, 88, 45, 100, 52, 80, 26, 69, 0, 4
0, 70, 8, 100, 56, 91, 69, 50, 38, 15, 10, 10, 58, 0, 100, 15, 2
8, 92, 52, 100, 91, 88, 76, 61, 92, 37, 100, 14, 51, 3, 0, 0, 3
14, 77, 53, 100, 79, 77, 43, 46, 83, 36, 100, 9, 50, 0, 0, 1, 3
90, 100, 50, 82, 0, 45, 70, 46, 100, 65, 83, 91, 77, 43, 75, 0, 4
0, 91, 34, 100, 62, 78, 58, 38, 46, 0, 31, 34, 57, 55, 100, 59, 7
43, 84, 76, 100, 100, 78, 62, 55, 83, 43, 99, 14, 53, 0, 0, 7, 3
4, 100, 59, 90, 66, 56, 56, 22, 39, 0, 0, 30, 16, 49, 100, 47, 7
0, 75, 8, 100, 52, 99, 96, 98, 100, 81, 83, 54, 68, 27, 58, 0, 7
12, 92, 1, 58, 62, 38, 50, 0, 0, 15, 2, 59, 30, 96, 100, 100, 5
46, 78, 49, 100, 100, 93, 78, 65, 86, 39, 87, 10, 36, 0, 0, 19, 3
47, 90, 75, 100, 75, 72, 55, 45, 26, 21, 0, 0, 49, 5, 100, 4, 2
46, 93, 9, 63, 0, 15, 45, 0, 90, 24, 100, 70, 60, 100, 19, 83, 0
89, 100, 35, 79, 11, 52, 0, 25, 19, 0, 97, 1, 100, 23, 22, 21, 6
80, 100, 59, 97, 26, 71, 0, 43, 28, 23, 94, 38, 100, 28, 81, 0, 4
86, 100, 32, 81, 0, 57, 30, 37, 100, 51, 86, 46, 41, 23, 11, 0, 4
13, 92, 85, 100, 97, 71, 68, 35, 31, 0, 0, 12, 25, 34, 100, 30, 7
20, 100, 34, 93, 0, 53, 4, 38, 88, 50, 100, 72, 99, 30, 96, 0, 4
69, 100, 31, 77, 7, 50, 0, 23, 31, 0, 100, 2, 94, 24, 33, 21, 6
73, 100, 27, 84, 1, 51, 0, 15, 47, 0, 100, 4, 82, 19, 34, 10, 6
100, 92, 60, 100, 57, 80, 94, 97, 81, 72, 64, 43, 34, 20, 0, 0, 9
12, 100, 0, 62, 11, 19, 49, 0, 88, 19, 100, 60, 72, 93, 30, 92, 0
7, 89, 52, 100, 93, 70, 80, 27, 68, 0, 100, 39, 66, 53, 0, 52, 7
0, 99, 39, 100, 65, 72, 49, 30, 23, 0, 8, 36, 53, 43, 100, 47, 7
19, 81, 55, 100, 78, 80, 42, 61, 88, 43, 100, 13, 53, 0, 0, 6, 3
0, 81, 34, 100, 77, 92, 73, 61, 46, 34, 17, 8, 52, 0, 100, 3, 2
65, 100, 0, 79, 67, 41, 99, 0, 10, 3, 41, 42, 100, 80, 6, 90, 8
0, 39, 47, 63, 88, 87, 100, 100, 76, 75, 53, 50, 29, 25, 29, 0, 1
0, 65, 13, 100, 55, 87, 48, 42, 15, 9, 1, 17, 51, 12, 100, 0, 2
92, 100, 36, 87, 0, 51, 8, 11, 82, 7, 100, 40, 27, 36, 10, 0, 6
79, 100, 38, 76, 8, 49, 1, 19, 47, 0, 100, 9, 47, 21, 0, 8, 6
10, 75, 0, 40, 22, 4, 58, 0, 89, 25, 100, 67, 78, 100, 44, 89, 0
37, 100, 13, 66, 52, 35, 26, 0, 0, 18, 17, 65, 50, 96, 100, 86, 5
74, 100, 28, 78, 0, 52, 0, 24, 37, 0, 100, 6, 76, 26, 13, 19, 6
31, 86, 95, 100, 66, 95, 10, 77, 56, 63, 100, 44, 62, 15, 0, 0, 5
24, 91, 0, 55, 22, 3, 71, 0, 100, 48, 82, 100, 37, 76, 1, 33, 0
31, 84, 60, 100, 83, 85, 66, 64, 100, 45, 82, 17, 42, 0, 0, 0, 3
13, 87, 41, 62, 93, 44, 78, 0, 28, 15, 0, 62, 39, 92, 100, 100, 5
50, 100, 20, 75, 2, 46, 0, 17, 43, 0, 100, 10, 73, 32, 16, 24, 6
37, 89, 25, 54, 80, 20, 15, 0, 0, 26, 62, 58, 100, 97, 23, 100, 8
70, 77, 30, 69, 0, 81, 44, 100, 79, 82, 80, 54, 80, 26, 100, 0, 9
14, 74, 36, 100, 77, 93, 53, 58, 18, 29, 0, 15, 50, 9, 100, 0, 2
64, 53, 100, 79, 62, 100, 0, 84, 29, 68, 93, 57, 87, 28, 60, 0, 9
0, 59, 36, 64, 69, 82, 99, 100, 100, 78, 92, 51, 84, 25, 76, 0, 1
100, 100, 62, 88, 26, 61, 0, 30, 14, 0, 68, 2, 63, 23, 12, 13, 6
66, 92, 100, 100, 85, 91, 46, 72, 50, 43, 83, 24, 46, 3, 0, 0, 5
94, 100, 35, 94, 3, 58, 0, 21, 74, 14, 100, 43, 21, 34, 19, 0, 6
0, 91, 52, 100, 100, 85, 96, 48, 79, 12, 50, 0, 28, 25, 83, 22, 7
68, 73, 63, 100, 15, 86, 68, 68, 100, 66, 98, 25, 51, 4, 0, 0, 9
0, 73, 45, 86, 90, 100, 100, 90, 86, 68, 73, 45, 66, 23, 62, 0, 1
30, 96, 0, 66, 59, 46, 55, 2, 10, 0, 20, 48, 34, 95, 100, 100, 5
11, 47, 58, 70, 100, 100, 73, 70, 50, 34, 28, 0, 0, 12, 70, 10, 1
48, 100, 20, 80, 0, 51, 55, 43, 100, 56, 90, 62, 86, 30, 73, 0, 4
0, 91, 55, 100, 71, 69, 62, 33, 64, 0, 22, 27, 36, 40, 100, 40, 7
0, 85, 48, 100, 84, 89, 73, 48, 65, 6, 48, 0, 37, 28, 100, 33, 7
69, 100, 38, 82, 13, 54, 7, 24, 41, 0, 100, 4, 57, 16, 0, 8, 6
29, 71, 65, 100, 63, 82, 42, 39, 24, 0, 0, 7, 50, 9, 100, 8, 1
0, 100, 53, 97, 91, 69, 72, 29, 31, 0, 5, 35, 46, 49, 100, 41, 7
67, 100, 39, 82, 0, 53, 63, 55, 100, 66, 67, 77, 53, 39, 40, 0, 4
66, 100, 30, 87, 8, 56, 0, 21, 31, 0, 75, 17, 100, 47, 89, 79, 0
32, 85, 0, 51, 2, 7, 51, 0, 93, 23, 100, 67, 67, 100, 23, 84, 0
0, 91, 35, 100, 100, 97, 81, 63, 44, 32, 8, 0, 9, 14, 49, 29, 7
43, 78, 68, 100, 100, 85, 82, 58, 76, 37, 78, 14, 36, 0, 0, 10, 3
67, 100, 27, 75, 0, 44, 15, 11, 73, 3, 100, 25, 40, 25, 3, 0, 6
0, 25, 26, 48, 66, 73, 100, 100, 96, 93, 72, 62, 48, 31, 31, 0, 1
95, 71, 100, 100, 39, 100, 0, 76, 55, 76, 93, 59, 76, 29, 55, 0, 9
100, 79, 64, 100, 23, 81, 63, 69, 97, 74, 79, 38, 48, 7, 0, 0, 9
0, 100, 67, 98, 87, 83, 57, 43, 35, 0, 9, 25, 32, 45, 100, 45, 7
37, 83, 63, 100, 83, 74, 62, 47, 30, 24, 0, 0, 50, 2, 100, 4, 2
49, 75, 44, 100, 23, 73, 43, 37, 47, 0, 0, 16, 40, 45, 100, 68, 8
100, 90, 64, 100, 45, 68, 81, 70, 85, 61, 81, 27, 52, 0, 0, 9, 9
0, 45, 26, 68, 68, 88, 100, 100, 76, 75, 55, 51, 42, 26, 40, 0, 1
89, 100, 34, 81, 9, 54, 0, 25, 26, 0, 98, 6, 100, 26, 32, 25, 6
0, 75, 28, 100, 65, 93, 43, 59, 12, 29, 12, 3, 56, 0, 100, 3, 2
0, 91, 36, 100, 58, 64, 42, 17, 23, 0, 22, 37, 61, 42, 100, 47, 7
100, 98, 51, 100, 11, 72, 44, 35, 43, 0, 0, 20, 22, 61, 65, 92, 8
44, 75, 50, 100, 100, 94, 82, 64, 92, 36, 89, 5, 38, 0, 0, 21, 3
100, 100, 60, 86, 26, 58, 0, 28, 16, 0, 73, 9, 56, 31, 3, 16, 6
20, 100, 79, 93, 60, 94, 20, 73, 55, 55, 100, 29, 53, 0, 0, 14, 5
0, 85, 22, 100, 53, 83, 45, 55, 21, 31, 15, 6, 57, 1, 100, 0, 2
0, 66, 43, 100, 49, 89, 19, 42, 48, 10, 100, 5, 38, 1, 3, 0, 1
78, 100, 60, 77, 100, 93, 54, 84, 66, 59, 86, 34, 70, 9, 0, 0, 9
0, 27, 34, 51, 70, 75, 100, 100, 83, 77, 68, 52, 55, 26, 47, 0, 1
47, 80, 57, 100, 100, 90, 70, 63, 93, 34, 74, 5, 28, 0, 0, 25, 3
2, 61, 0, 8, 41, 0, 77, 31, 100, 80, 67, 100, 30, 69, 11, 20, 0
35, 84, 60, 100, 100, 87, 72, 60, 97, 31, 80, 3, 32, 0, 0, 23, 3
0, 64, 49, 89, 73, 100, 65, 55, 62, 9, 8, 2, 23, 0, 100, 5, 1
90, 68, 41, 64, 15, 88, 68, 100, 100, 78, 75, 49, 40, 23, 0, 0, 9
68, 100, 55, 83, 27, 56, 0, 27, 14, 0, 100, 2, 73, 27, 52, 11, 6
21, 52, 0, 48, 39, 50, 100, 51, 68, 0, 26, 29, 8, 83, 85, 100, 5
44, 95, 1, 72, 39, 36, 38, 0, 0, 24, 49, 57, 100, 90, 34, 100, 8
33, 77, 64, 100, 100, 89, 68, 62, 78, 43, 86, 12, 44, 0, 0, 2, 3
67, 73, 41, 100, 16, 67, 73, 34, 78, 0, 0, 10, 35, 47, 100, 77, 8
11, 100, 0, 74, 43, 56, 100, 56, 88, 83, 87, 55, 84, 27, 87, 0, 4
9, 96, 72, 100, 96, 77, 41, 59, 57, 46, 100, 23, 68, 0, 0, 5, 3
34, 91, 0, 98, 42, 100, 83, 94, 100, 71, 86, 46, 62, 23, 46, 0, 7
25, 100, 95, 96, 100, 70, 72, 43, 55, 15, 45, 0, 0, 23, 43, 34, 7
0, 41, 50, 71, 91, 100, 74, 59, 65, 16, 17, 0, 27, 4, 100, 5, 1
43, 92, 62, 70, 64, 100, 3, 91, 68, 75, 100, 34, 67, 0, 0, 8, 9
11, 100, 59, 98, 58, 59, 42, 21, 25, 0, 0, 35, 49, 40, 100, 41, 7
38, 95, 53, 100, 19, 80, 0, 59, 61, 65, 100, 89, 75, 47, 49, 0, 4
100, 72, 43, 78, 0, 91, 50, 100, 54, 75, 40, 50, 30, 25, 29, 0, 9
50, 85, 84, 100, 76, 60, 48, 24, 7, 0, 0, 2, 50, 4, 100, 4, 2
7, 98, 0, 58, 20, 18, 56, 0, 91, 15, 100, 58, 77, 94, 40, 100, 0
0, 54, 4, 100, 43, 98, 36, 48, 10, 6, 11, 2, 56, 9, 100, 0, 2
11, 82, 45, 100, 93, 91, 77, 64, 82, 40, 100, 14, 53, 3, 0, 0, 3
67, 63, 78, 83, 100, 100, 83, 80, 61, 60, 33, 40, 11, 20, 0, 0, 1
0, 64, 2, 26, 35, 0, 77, 12, 100, 46, 96, 85, 58, 100, 19, 80, 0
100, 100, 54, 84, 18, 59, 0, 29, 21, 1, 75, 0, 92, 27, 51, 48, 6
55, 100, 27, 94, 5, 56, 8, 18, 59, 0, 100, 23, 45, 31, 0, 8, 6
0, 100, 38, 97, 44, 76, 47, 54, 73, 37, 100, 21, 74, 6, 35, 0, 3
9, 100, 0, 80, 37, 67, 100, 72, 100, 85, 77, 57, 53, 28, 36, 0, 4
44, 84, 80, 100, 84, 73, 50, 60, 100, 49, 86, 16, 33, 0, 0, 23, 3
8, 63, 31, 79, 90, 100, 100, 92, 67, 69, 33, 47, 10, 23, 0, 0, 1
48, 100, 32, 65, 0, 26, 50, 24, 100, 41, 85, 86, 81, 46, 76, 0, 4
100, 100, 62, 92, 58, 59, 84, 89, 93, 70, 79, 30, 46, 0, 0, 3, 9
0, 81, 40, 100, 95, 84, 96, 41, 69, 0, 36, 9, 38, 36, 100, 39, 7
35, 92, 12, 47, 21, 0, 71, 8, 100, 48, 82, 94, 32, 100, 0, 66, 0
100, 100, 55, 94, 19, 70, 0, 36, 12, 3, 57, 0, 66, 30, 20, 35, 6
43, 75, 0, 60, 11, 13, 60, 0, 100, 28, 85, 76, 41, 100, 1, 73, 0
49, 100, 17, 71, 0, 39, 11, 7, 66, 0, 100, 24, 48, 33, 21, 8, 6
81, 96, 39, 100, 13, 71, 13, 39, 76, 44, 100, 16, 44, 0, 0, 6, 5
39, 93, 0, 64, 4, 15, 46, 0, 86, 27, 100, 73, 62, 100, 18, 86, 0
66, 100, 38, 69, 0, 40, 43, 34, 100, 37, 94, 63, 60, 35, 41, 0, 4
5, 94, 66, 100, 100, 76, 98, 49, 71, 22, 34, 0, 0, 25, 78, 37, 7
11, 66, 43, 39, 40, 5, 1, 0, 0, 44, 22, 73, 61, 88, 100, 100, 5
0, 60, 49, 78, 97, 100, 100, 94, 92, 71, 77, 47, 59, 23, 33, 0, 1
77, 83, 42, 100, 13, 69, 62, 57, 100, 74, 91, 27, 53, 0, 0, 9, 9
100, 82, 60, 78, 31, 99, 82, 100, 100, 73, 77, 44, 41, 20, 0, 0, 9
0, 97, 44, 99, 100, 100, 94, 98, 68, 75, 56, 50, 52, 25, 54, 0, 7
22, 100, 8, 72, 0, 41, 5, 10, 57, 0, 100, 21, 51, 33, 6, 13, 6
34, 69, 23, 100, 65, 98, 58, 63, 32, 32, 0, 3, 47, 0, 100, 7, 2
60, 63, 100, 84, 55, 100, 0, 78, 40, 68, 98, 60, 73, 28, 32, 0, 9
5, 28, 50, 60, 69, 100, 17, 90, 60, 58, 100, 24, 49, 0, 0, 22, 8
92, 100, 8, 87, 54, 50, 100, 15, 0, 0, 5, 37, 64, 73, 48, 99, 8
31, 94, 85, 100, 100, 77, 78, 49, 59, 21, 43, 0, 0, 19, 51, 25, 7
13, 100, 15, 75, 0, 45, 47, 32, 100, 46, 87, 61, 80, 30, 80, 0, 4
42, 79, 45, 100, 79, 86, 60, 46, 29, 12, 0, 6, 50, 10, 100, 0, 2
15, 83, 50, 100, 100, 94, 79, 71, 76, 48, 91, 20, 50, 2, 0, 0, 3
100, 100, 62, 86, 35, 55, 22, 19, 55, 0, 85, 27, 47, 48, 0, 40, 6
20, 76, 54, 100, 88, 82, 61, 53, 20, 28, 0, 19, 59, 21, 100, 0, 2
22, 87, 25, 55, 77, 43, 53, 0, 11, 18, 0, 69, 38, 91, 100, 100, 5
22, 90, 5, 55, 68, 52, 76, 9, 4, 0, 0, 43, 17, 87, 100, 100, 5
13, 93, 16, 100, 0, 60, 54, 42, 100, 43, 89, 79, 59, 41, 45, 0, 4
0, 97, 62, 100, 80, 76, 69, 38, 62, 0, 14, 18, 3, 39, 100, 38, 7
39, 100, 0, 80, 2, 49, 67, 40, 100, 64, 60, 63, 31, 32, 14, 0, 4
100, 89, 63, 94, 14, 100, 13, 65, 61, 60, 78, 20, 35, 0, 0, 12, 5
35, 93, 2, 69, 0, 26, 36, 0, 79, 2, 100, 39, 81, 77, 42, 100, 0
59, 100, 27, 80, 0, 56, 11, 35, 70, 35, 100, 45, 88, 23, 87, 0, 4
83, 63, 77, 55, 100, 15, 35, 0, 23, 38, 70, 73, 63, 100, 0, 78, 8
100, 100, 73, 94, 48, 66, 30, 35, 35, 2, 74, 0, 44, 15, 0, 14, 6
69, 97, 37, 54, 57, 0, 0, 4, 30, 46, 100, 66, 84, 100, 12, 94, 8
14, 71, 29, 100, 66, 76, 50, 35, 11, 7, 0, 15, 50, 8, 100, 0, 2
64, 100, 22, 69, 55, 35, 16, 0, 0, 16, 12, 63, 42, 97, 100, 96, 5
0, 86, 31, 100, 65, 78, 59, 36, 44, 0, 21, 37, 54, 46, 100, 55, 7
21, 100, 13, 70, 0, 38, 6, 17, 73, 20, 100, 28, 62, 32, 56, 0, 4
12, 98, 63, 100, 68, 56, 53, 11, 38, 0, 0, 37, 38, 44, 100, 42, 7
0, 91, 44, 100, 74, 78, 71, 51, 48, 26, 12, 5, 42, 0, 100, 1, 2
51, 79, 78, 100, 100, 79, 67, 53, 96, 42, 96, 13, 49, 0, 0, 11, 3
100, 98, 58, 100, 23, 90, 32, 60, 72, 57, 69, 19, 33, 0, 0, 14, 5
27, 99, 2, 62, 0, 21, 39, 0, 86, 17, 100, 55, 80, 93, 33, 100, 0
57, 100, 100, 100, 53, 91, 22, 66, 67, 48, 91, 20, 50, 0, 0, 8, 5
89, 100, 38, 85, 8, 54, 0, 20, 45, 0, 100, 12, 88, 40, 29, 39, 6
100, 89, 58, 100, 29, 72, 70, 75, 79, 49, 87, 8, 43, 0, 0, 8, 9
41, 75, 46, 100, 87, 86, 70, 53, 38, 25, 0, 19, 53, 18, 100, 0, 2
47, 96, 100, 100, 53, 93, 15, 74, 46, 58, 77, 34, 51, 9, 0, 0, 5
8, 97, 14, 72, 0, 35, 10, 0, 69, 18, 100, 53, 90, 90, 25, 100, 0
0, 73, 48, 91, 62, 100, 56, 46, 71, 12, 100, 16, 42, 6, 15, 0, 1
54, 100, 0, 78, 47, 62, 63, 20, 13, 0, 18, 49, 40, 95, 100, 95, 5
56, 100, 24, 73, 0, 37, 8, 2, 74, 5, 100, 36, 41, 34, 27, 0, 6
61, 97, 0, 88, 57, 60, 75, 16, 4, 0, 2, 49, 24, 98, 100, 100, 5
9, 100, 0, 77, 11, 51, 74, 53, 100, 72, 59, 50, 33, 25, 9, 0, 4
62, 95, 12, 76, 74, 39, 100, 0, 21, 6, 30, 57, 65, 100, 0, 66, 8
21, 100, 7, 51, 37, 89, 39, 87, 44, 20, 0, 0, 30, 2, 100, 7, 1
15, 81, 42, 100, 71, 81, 54, 54, 27, 30, 0, 5, 45, 0, 100, 1, 2
3, 15, 44, 51, 88, 88, 46, 100, 42, 63, 100, 31, 72, 0, 0, 17, 8
0, 46, 42, 66, 79, 88, 100, 100, 84, 75, 72, 49, 63, 23, 60, 0, 1
100, 100, 55, 96, 20, 66, 0, 32, 16, 0, 79, 2, 68, 27, 9, 13, 6
26, 100, 0, 70, 16, 41, 69, 42, 100, 70, 92, 63, 71, 31, 49, 0, 4
100, 100, 55, 86, 18, 60, 0, 28, 26, 0, 79, 14, 63, 42, 10, 41, 6
49, 94, 76, 73, 82, 100, 30, 77, 100, 81, 100, 42, 75, 2, 0, 0, 9
26, 100, 7, 77, 0, 44, 43, 35, 86, 46, 100, 67, 91, 33, 79, 0, 4
0, 100, 24, 98, 99, 100, 100, 90, 59, 70, 33, 47, 19, 23, 28, 0, 7
27, 96, 0, 59, 1, 10, 38, 0, 75, 20, 100, 59, 75, 97, 36, 100, 0
28, 100, 13, 76, 0, 47, 59, 38, 100, 60, 92, 58, 79, 28, 65, 0, 4
0, 79, 34, 100, 57, 80, 46, 45, 18, 14, 10, 0, 59, 1, 100, 2, 2
0, 89, 23, 100, 79, 94, 73, 48, 51, 2, 31, 0, 42, 31, 100, 30, 7
42, 79, 53, 100, 68, 75, 48, 48, 17, 24, 0, 10, 50, 7, 100, 0, 2
31, 90, 67, 100, 87, 84, 58, 61, 79, 35, 100, 10, 52, 0, 0, 4, 3
100, 100, 58, 90, 20, 60, 0, 27, 33, 0, 98, 8, 64, 21, 2, 8, 6
79, 84, 17, 62, 100, 80, 67, 100, 0, 75, 88, 79, 70, 38, 36, 0, 9
100, 91, 85, 100, 49, 78, 18, 52, 0, 23, 25, 0, 69, 9, 30, 20, 6
0, 0, 39, 10, 76, 29, 99, 55, 100, 84, 64, 100, 34, 81, 77, 68, 9
29, 96, 5, 100, 0, 72, 4, 45, 47, 36, 77, 51, 75, 23, 100, 0, 4
78, 70, 100, 100, 53, 91, 59, 75, 92, 86, 63, 57, 32, 28, 0, 0, 9
27, 50, 66, 35, 46, 0, 7, 31, 46, 68, 100, 100, 41, 100, 0, 64, 8
0, 67, 47, 91, 78, 100, 64, 59, 49, 18, 2, 0, 37, 4, 100, 5, 1
4, 98, 10, 100, 0, 69, 4, 40, 62, 43, 56, 55, 63, 24, 100, 0, 4
38, 91, 78, 100, 100, 74, 68, 55, 82, 46, 88, 13, 45, 0, 0, 5, 3
2, 100, 96, 97, 76, 67, 65, 33, 59, 0, 35, 9, 0, 37, 100, 37, 7
0, 67, 38, 84, 84, 100, 100, 95, 81, 71, 64, 48, 48, 23, 38, 0, 1
26, 95, 58, 100, 73, 74, 55, 47, 27, 23, 0, 0, 49, 2, 100, 2, 2
0, 57, 12, 65, 52, 83, 94, 100, 100, 82, 75, 55, 52, 28, 35, 0, 1
100, 100, 48, 97, 12, 68, 0, 33, 21, 0, 76, 0, 63, 27, 2, 27, 6
24, 100, 77, 93, 100, 72, 71, 48, 46, 23, 28, 0, 0, 24, 31, 35, 7
0, 91, 34, 100, 100, 77, 99, 38, 71, 0, 90, 7, 85, 30, 0, 25, 7
5, 32, 36, 54, 71, 75, 100, 100, 71, 78, 43, 53, 17, 27, 0, 0, 1
39, 75, 46, 100, 95, 83, 80, 41, 41, 6, 0, 6, 50, 28, 100, 0, 2
97, 94, 58, 100, 30, 76, 67, 58, 100, 35, 84, 4, 37, 0, 0, 15, 5
100, 82, 75, 100, 54, 76, 82, 86, 69, 55, 60, 23, 35, 0, 0, 4, 9
30, 83, 64, 100, 100, 85, 64, 63, 98, 41, 98, 14, 48, 0, 0, 10, 3
20, 91, 59, 100, 100, 91, 84, 71, 52, 53, 64, 32, 39, 12, 0, 0, 3
100, 100, 54, 79, 19, 52, 1, 22, 35, 0, 92, 9, 46, 26, 0, 12, 6
99, 100, 76, 84, 40, 56, 14, 24, 46, 0, 100, 13, 57, 31, 0, 23, 6
67, 73, 40, 100, 10, 69, 34, 31, 29, 0, 0, 24, 51, 47, 100, 72, 8
0, 100, 62, 89, 71, 59, 54, 29, 40, 0, 2, 20, 5, 42, 100, 49, 7
0, 85, 31, 100, 60, 91, 54, 51, 33, 18, 33, 0, 66, 3, 100, 6, 2
38, 100, 18, 88, 0, 61, 15, 37, 52, 35, 90, 38, 100, 26, 91, 0, 4
51, 100, 23, 74, 7, 34, 35, 0, 99, 6, 100, 34, 34, 31, 0, 1, 6
0, 69, 5, 92, 62, 100, 100, 82, 80, 53, 97, 26, 97, 2, 38, 0, 3
0, 96, 43, 100, 100, 86, 75, 51, 48, 16, 33, 0, 17, 33, 88, 36, 7
19, 74, 52, 85, 100, 100, 95, 82, 70, 60, 41, 39, 14, 17, 0, 0, 1
9, 100, 0, 72, 27, 51, 100, 55, 97, 86, 72, 61, 53, 30, 48, 0, 4
69, 45, 100, 75, 66, 100, 9, 82, 0, 48, 65, 53, 98, 38, 87, 0, 9
0, 88, 39, 100, 97, 87, 84, 47, 67, 7, 38, 0, 33, 26, 100, 35, 7
9, 92, 0, 96, 47, 100, 93, 96, 100, 71, 76, 47, 51, 23, 27, 0, 7
0, 95, 51, 100, 100, 90, 72, 56, 50, 20, 36, 0, 17, 37, 69, 46, 7
26, 86, 0, 53, 63, 40, 72, 0, 29, 3, 31, 49, 27, 92, 100, 100, 5
19, 48, 68, 72, 100, 100, 89, 75, 79, 46, 67, 16, 0, 2, 88, 0, 1
88, 100, 42, 84, 69, 66, 100, 92, 92, 62, 83, 26, 49, 0, 0, 1, 9
83, 100, 35, 80, 9, 50, 4, 17, 53, 0, 100, 21, 55, 31, 0, 15, 6
100, 66, 48, 75, 12, 43, 0, 5, 47, 0, 89, 25, 86, 64, 61, 100, 0
0, 91, 30, 100, 48, 70, 52, 33, 42, 0, 27, 26, 64, 28, 100, 31, 7
0, 100, 7, 91, 4, 70, 7, 47, 30, 31, 74, 41, 80, 20, 100, 0, 4
89, 100, 42, 84, 12, 53, 7, 20, 60, 0, 100, 20, 50, 38, 0, 19, 6
56, 91, 24, 100, 47, 77, 83, 87, 100, 48, 99, 8, 51, 0, 0, 14, 9
30, 71, 20, 52, 40, 12, 7, 0, 0, 52, 24, 84, 61, 95, 100, 100, 5
94, 72, 56, 72, 39, 95, 88, 100, 100, 73, 71, 46, 37, 22, 0, 0, 9
38, 99, 77, 100, 100, 78, 66, 59, 98, 35, 80, 9, 37, 0, 0, 9, 3
34, 89, 68, 100, 78, 80, 61, 67, 100, 48, 95, 19, 51, 0, 0, 0, 3
100, 100, 38, 87, 2, 62, 48, 51, 94, 28, 70, 0, 0, 4, 2, 28, 5
36, 77, 65, 100, 100, 83, 74, 52, 80, 41, 88, 14, 44, 0, 0, 10, 3
56, 100, 37, 68, 0, 35, 71, 31, 100, 50, 73, 72, 71, 36, 74, 0, 4
58, 94, 14, 82, 31, 32, 11, 0, 0, 36, 58, 65, 100, 97, 30, 100, 8
32, 63, 76, 31, 50, 0, 0, 14, 50, 44, 100, 73, 78, 100, 24, 75, 8
9, 80, 24, 98, 88, 100, 78, 72, 65, 52, 100, 30, 64, 5, 0, 0, 3
54, 84, 100, 100, 80, 88, 29, 72, 59, 49, 94, 23, 51, 0, 0, 1, 5
13, 93, 56, 60, 100, 25, 35, 0, 8, 29, 60, 63, 81, 100, 0, 98, 8
100, 72, 75, 100, 43, 80, 82, 78, 92, 53, 88, 17, 47, 0, 0, 7, 9
36, 91, 39, 53, 40, 15, 0, 0, 2, 31, 19, 71, 57, 91, 100, 100, 5
77, 100, 41, 71, 0, 40, 7, 18, 75, 30, 100, 52, 70, 37, 57, 0, 4
57, 90, 0, 88, 46, 52, 100, 19, 39, 0, 33, 37, 69, 75, 39, 100, 8
2, 58, 0, 22, 48, 0, 100, 24, 100, 71, 53, 100, 6, 76, 22, 31, 0
16, 99, 26, 100, 0, 58, 45, 39, 100, 34, 86, 77, 57, 47, 45, 0, 4
28, 100, 11, 66, 0, 33, 50, 38, 100, 42, 75, 71, 57, 39, 50, 0, 4
26, 100, 0, 76, 25, 52, 89, 48, 100, 84, 70, 68, 42, 34, 15, 0, 4
0, 26, 34, 45, 68, 71, 100, 100, 86, 87, 59, 55, 32, 22, 5, 0, 1
90, 100, 0, 96, 8, 65, 83, 83, 100, 96, 85, 64, 75, 32, 81, 0, 9
0, 86, 28, 100, 47, 71, 23, 33, 14, 0, 0, 39, 48, 47, 100, 52, 7
17, 81, 43, 100, 100, 91, 75, 63, 49, 37, 98, 16, 62, 0, 0, 1, 3
22, 97, 62, 100, 60, 62, 51, 24, 38, 0, 0, 31, 37, 42, 100, 44, 7
26, 80, 53, 100, 100, 98, 93, 76, 55, 59, 71, 37, 37, 17, 0, 0, 3
60, 100, 47, 71, 19, 38, 0, 32, 52, 34, 100, 43, 97, 37, 83, 0, 4
4, 98, 6, 73, 96, 100, 16, 97, 0, 72, 100, 89, 51, 43, 13, 0, 9
93, 75, 80, 100, 0, 74, 51, 38, 96, 4, 6, 0, 32, 43, 100, 79, 8
75, 100, 0, 88, 54, 58, 100, 24, 44, 0, 2, 29, 41, 65, 22, 96, 8
10, 46, 0, 71, 38, 94, 79, 100, 76, 75, 72, 50, 76, 24, 100, 0, 1
35, 90, 75, 100, 88, 74, 58, 54, 100, 41, 88, 14, 44, 4, 0, 0, 3
0, 60, 34, 83, 57, 100, 51, 64, 48, 29, 13, 0, 20, 2, 100, 4, 1
100, 100, 74, 86, 48, 73, 29, 59, 16, 44, 6, 29, 0, 15, 0, 0, 1
0, 66, 21, 72, 65, 88, 100, 100, 94, 75, 87, 49, 79, 23, 79, 0, 1
78, 100, 33, 80, 0, 57, 69, 56, 100, 68, 70, 75, 43, 38, 16, 0, 4
2, 64, 21, 100, 47, 81, 30, 44, 0, 12, 7, 24, 53, 14, 100, 0, 2
38, 77, 86, 97, 100, 100, 41, 92, 23, 56, 80, 44, 56, 12, 0, 0, 5
39, 86, 78, 61, 100, 100, 33, 85, 83, 74, 83, 54, 75, 6, 0, 0, 9
0, 93, 40, 100, 57, 56, 44, 5, 20, 0, 18, 34, 59, 44, 100, 54, 7
0, 81, 44, 100, 100, 86, 79, 45, 49, 5, 29, 0, 26, 34, 90, 32, 7
0, 100, 46, 96, 91, 94, 100, 82, 72, 59, 53, 33, 49, 5, 66, 0, 7
0, 100, 22, 86, 60, 80, 100, 80, 84, 65, 66, 42, 51, 18, 47, 0, 7
56, 92, 100, 100, 87, 99, 44, 87, 28, 54, 68, 36, 45, 6, 0, 0, 5
13, 87, 61, 100, 100, 86, 69, 59, 73, 51, 87, 21, 46, 0, 0, 5, 3
0, 87, 26, 100, 95, 82, 88, 41, 63, 0, 27, 11, 15, 40, 100, 43, 7
24, 100, 5, 57, 0, 13, 41, 0, 84, 25, 100, 65, 57, 86, 7, 87, 0
100, 65, 72, 100, 0, 85, 20, 52, 79, 78, 99, 48, 83, 5, 14, 0, 9
80, 50, 77, 96, 21, 100, 58, 55, 77, 9, 0, 0, 24, 46, 100, 82, 8
16, 100, 0, 63, 40, 37, 100, 37, 87, 83, 73, 95, 71, 47, 68, 0, 4
0, 100, 48, 91, 93, 84, 77, 41, 54, 0, 26, 7, 49, 27, 100, 25, 7
12, 97, 56, 100, 97, 87, 100, 63, 95, 39, 82, 10, 41, 0, 0, 12, 3
65, 100, 93, 92, 71, 68, 80, 47, 100, 24, 70, 6, 34, 0, 0, 7, 3
100, 100, 46, 90, 57, 55, 91, 23, 46, 0, 0, 17, 35, 50, 85, 75, 8
62, 90, 100, 100, 90, 95, 54, 84, 46, 55, 64, 24, 35, 0, 0, 4, 5
2, 95, 64, 100, 100, 78, 87, 50, 51, 25, 0, 6, 20, 0, 89, 3, 2
23, 100, 3, 69, 0, 38, 58, 26, 100, 45, 97, 60, 76, 30, 60, 0, 4
29, 94, 54, 100, 54, 64, 31, 32, 0, 10, 26, 7, 62, 3, 100, 0, 2
6, 36, 60, 64, 74, 100, 19, 83, 62, 51, 100, 18, 40, 0, 0, 28, 8
78, 100, 32, 74, 0, 43, 74, 36, 100, 56, 88, 64, 60, 32, 38, 0, 4
20, 86, 0, 73, 82, 85, 35, 100, 19, 45, 30, 0, 100, 33, 24, 54, 8
81, 100, 22, 84, 0, 41, 18, 0, 82, 18, 100, 60, 61, 96, 13, 69, 0
100, 100, 53, 77, 20, 40, 13, 0, 65, 15, 94, 51, 56, 78, 0, 78, 0
29, 88, 64, 100, 55, 73, 29, 50, 0, 26, 0, 2, 50, 0, 100, 3, 2
32, 89, 19, 53, 73, 37, 53, 0, 0, 17, 7, 65, 39, 100, 100, 98, 5
65, 99, 27, 100, 45, 68, 74, 96, 91, 75, 100, 26, 59, 0, 0, 5, 9
100, 100, 47, 92, 12, 61, 0, 25, 36, 0, 85, 20, 49, 38, 28, 11, 6
100, 74, 51, 62, 0, 73, 25, 100, 76, 96, 78, 63, 68, 31, 59, 0, 9
39, 86, 6, 89, 39, 47, 53, 0, 0, 6, 10, 59, 42, 96, 100, 100, 5
77, 100, 37, 88, 61, 68, 100, 85, 84, 69, 72, 41, 39, 18, 0, 0, 9
0, 100, 57, 94, 100, 78, 100, 63, 100, 47, 86, 31, 71, 15, 100, 0, 1
90, 100, 52, 75, 26, 48, 11, 19, 49, 0, 100, 18, 38, 24, 0, 2, 6
0, 88, 40, 100, 68, 82, 56, 40, 39, 0, 29, 27, 58, 44, 100, 56, 7
97, 94, 61, 100, 28, 77, 67, 71, 100, 47, 86, 8, 43, 0, 0, 12, 5
37, 69, 100, 83, 61, 100, 0, 91, 64, 78, 62, 55, 26, 28, 2, 0, 9
76, 93, 28, 69, 100, 75, 34, 100, 38, 41, 0, 0, 72, 12, 21, 52, 8
19, 97, 0, 69, 72, 60, 85, 20, 19, 0, 11, 47, 26, 96, 100, 100, 5
83, 73, 74, 100, 4, 82, 0, 59, 74, 73, 100, 54, 65, 21, 2, 0, 9
77, 95, 33, 100, 0, 64, 0, 20, 50, 0, 100, 21, 57, 35, 19, 3, 6
0, 79, 25, 100, 62, 98, 69, 66, 47, 37, 27, 8, 63, 1, 100, 0, 2
77, 99, 0, 73, 100, 100, 12, 84, 6, 48, 12, 0, 99, 39, 16, 51, 8
82, 96, 63, 62, 100, 25, 45, 0, 18, 32, 77, 65, 97, 100, 0, 98, 8
52, 100, 16, 70, 0, 35, 3, 0, 66, 10, 100, 41, 98, 77, 51, 93, 0
66, 72, 27, 100, 0, 75, 45, 39, 63, 0, 11, 24, 50, 61, 100, 87, 8
40, 100, 47, 79, 15, 45, 0, 28, 80, 25, 100, 51, 92, 24, 95, 0, 4
32, 87, 12, 69, 0, 30, 31, 0, 82, 8, 100, 46, 76, 81, 29, 100, 0
17, 74, 20, 40, 39, 0, 84, 5, 100, 46, 83, 86, 35, 100, 0, 71, 0
28, 88, 58, 100, 61, 74, 46, 54, 95, 45, 100, 20, 54, 5, 0, 0, 3
0, 77, 17, 100, 55, 96, 58, 62, 40, 31, 22, 1, 60, 0, 100, 3, 2
11, 88, 74, 100, 100, 77, 69, 40, 37, 5, 6, 0, 0, 34, 72, 41, 7
30, 100, 3, 68, 0, 25, 36, 0, 81, 10, 100, 48, 66, 75, 21, 63, 0
66, 82, 2, 100, 0, 67, 57, 37, 62, 0, 6, 22, 32, 60, 100, 84, 8
100, 90, 60, 100, 18, 84, 70, 88, 89, 71, 66, 44, 37, 18, 0, 0, 9
0, 93, 51, 100, 100, 89, 99, 59, 80, 28, 54, 0, 26, 27, 51, 45, 7
31, 82, 72, 100, 100, 87, 65, 64, 69, 40, 91, 14, 47, 0, 0, 5, 3
37, 78, 15, 58, 49, 25, 18, 0, 0, 30, 1, 72, 49, 89, 100, 100, 5
35, 100, 16, 68, 0, 41, 92, 36, 100, 74, 96, 76, 83, 38, 71, 0, 4
0, 53, 40, 68, 75, 91, 100, 100, 94, 72, 88, 45, 87, 17, 87, 0, 1
62, 79, 70, 100, 87, 73, 61, 41, 20, 16, 0, 26, 54, 22, 100, 0, 2
100, 100, 38, 98, 49, 62, 97, 86, 98, 77, 97, 36, 70, 2, 0, 0, 9
25, 98, 0, 64, 83, 72, 79, 22, 12, 0, 9, 51, 8, 95, 100, 100, 5
42, 84, 70, 100, 100, 87, 69, 65, 55, 43, 86, 23, 51, 5, 0, 0, 3
100, 100, 56, 88, 64, 67, 91, 96, 93, 60, 79, 24, 43, 0, 0, 11, 9
38, 42, 96, 71, 100, 100, 32, 77, 43, 38, 62, 0, 0, 5, 49, 39, 8
5, 81, 45, 100, 71, 77, 48, 38, 16, 6, 0, 3, 50, 8, 100, 0, 2
32, 82, 69, 100, 74, 70, 57, 49, 100, 33, 94, 5, 47, 0, 0, 7, 3
30, 85, 68, 100, 54, 78, 60, 65, 100, 46, 85, 15, 38, 0, 0, 16, 3
60, 100, 18, 97, 0, 49, 23, 3, 75, 0, 100, 45, 82, 91, 32, 89, 0
0, 83, 18, 50, 63, 16, 23, 0, 3, 35, 50, 68, 100, 100, 13, 95, 8
96, 90, 2, 68, 78, 32, 85, 0, 15, 26, 72, 67, 100, 100, 0, 71, 8
88, 95, 60, 69, 74, 18, 10, 0, 0, 35, 67, 59, 100, 100, 36, 100, 8
23, 95, 0, 60, 3, 21, 42, 0, 84, 16, 100, 53, 74, 85, 30, 100, 0
0, 95, 41, 97, 100, 100, 80, 67, 62, 23, 48, 0, 17, 38, 76, 42, 7
92, 72, 36, 59, 1, 82, 54, 100, 100, 82, 80, 48, 40, 19, 0, 0, 9
25, 100, 76, 95, 75, 63, 58, 29, 54, 0, 100, 24, 61, 43, 0, 54, 7
8, 70, 36, 100, 55, 69, 40, 31, 9, 0, 0, 17, 49, 10, 100, 0, 2
29, 88, 90, 100, 69, 95, 12, 74, 35, 58, 100, 47, 64, 17, 0, 0, 5
99, 69, 86, 100, 32, 91, 62, 70, 100, 66, 98, 27, 57, 0, 0, 1, 9
56, 100, 39, 68, 70, 27, 29, 0, 0, 33, 62, 60, 100, 90, 30, 95, 8
0, 95, 25, 72, 100, 84, 30, 100, 23, 81, 100, 66, 78, 30, 33, 0, 9
0, 72, 59, 43, 90, 7, 27, 0, 20, 37, 67, 70, 100, 100, 22, 86, 8
8, 73, 0, 61, 63, 35, 74, 0, 6, 6, 7, 51, 25, 91, 100, 100, 5
0, 69, 2, 99, 41, 100, 56, 72, 35, 42, 23, 11, 60, 0, 100, 1, 2
13, 100, 0, 72, 13, 41, 69, 42, 100, 55, 68, 77, 43, 39, 23, 0, 4
0, 55, 34, 74, 74, 91, 100, 100, 80, 75, 62, 49, 42, 25, 24, 0, 1
19, 91, 0, 52, 10, 10, 63, 0, 99, 32, 100, 75, 56, 100, 7, 80, 0
33, 73, 66, 88, 100, 100, 79, 80, 58, 60, 36, 41, 16, 20, 0, 0, 1
45, 71, 63, 100, 20, 78, 44, 39, 51, 0, 0, 11, 40, 40, 100, 52, 8
59, 100, 10, 71, 99, 78, 31, 96, 0, 45, 41, 0, 100, 35, 23, 61, 8
98, 64, 52, 70, 12, 89, 68, 100, 100, 76, 86, 45, 48, 20, 0, 0, 9
100, 100, 64, 86, 28, 57, 3, 24, 29, 0, 80, 15, 50, 34, 0, 18, 6
39, 84, 64, 100, 83, 77, 71, 53, 100, 31, 80, 6, 31, 0, 0, 18, 3
0, 58, 36, 70, 71, 86, 100, 100, 84, 75, 69, 51, 56, 25, 46, 0, 1
15, 100, 0, 78, 3, 46, 66, 43, 100, 58, 95, 72, 92, 36, 90, 0, 4
0, 17, 24, 44, 64, 73, 100, 100, 68, 84, 32, 57, 24, 28, 16, 0, 1
0, 81, 29, 100, 61, 87, 56, 49, 34, 17, 35, 0, 69, 2, 100, 5, 2
67, 100, 19, 90, 0, 47, 14, 4, 69, 0, 100, 38, 91, 82, 46, 99, 0
43, 100, 30, 82, 5, 53, 0, 27, 52, 39, 100, 57, 83, 29, 72, 0, 4
20, 77, 54, 100, 100, 94, 81, 64, 79, 44, 94, 15, 48, 0, 0, 14, 3
81, 100, 32, 82, 6, 55, 0, 27, 23, 0, 100, 0, 97, 25, 16, 18, 6
85, 64, 85, 100, 39, 81, 71, 56, 98, 71, 100, 30, 64, 0, 0, 2, 9
20, 71, 0, 29, 31, 0, 78, 12, 100, 51, 84, 93, 37, 100, 8, 66, 0
100, 100, 67, 98, 41, 80, 44, 50, 78, 42, 68, 16, 35, 2, 0, 0, 5
4, 100, 0, 72, 15, 44, 79, 50, 100, 76, 90, 51, 83, 22, 85, 0, 4
2, 75, 37, 100, 56, 99, 58, 61, 46, 25, 0, 0, 34, 5, 100, 8, 1
29, 97, 0, 57, 22, 10, 68, 0, 100, 40, 83, 90, 37, 100, 12, 57, 0
76, 93, 24, 100, 0, 72, 58, 73, 74, 74, 100, 42, 92, 12, 37, 0, 9
0, 67, 25, 100, 49, 73, 36, 33, 6, 0, 1, 6, 53, 3, 100, 11, 2
9, 88, 22, 100, 26, 65, 16, 31, 0, 5, 33, 1, 66, 0, 100, 3, 2
79, 100, 27, 86, 0, 53, 9, 15, 53, 0, 95, 25, 100, 63, 76, 99, 0
11, 98, 0, 55, 52, 36, 45, 0, 17, 22, 11, 72, 42, 100, 100, 99, 5
54, 98, 17, 64, 0, 18, 50, 0, 93, 36, 100, 84, 54, 100, 19, 60, 0
100, 100, 93, 86, 73, 72, 57, 57, 40, 44, 23, 29, 10, 15, 0, 0, 1
47, 100, 12, 70, 0, 41, 65, 43, 100, 49, 51, 69, 49, 33, 50, 0, 4
12, 87, 0, 77, 35, 97, 100, 100, 98, 78, 81, 43, 73, 6, 72, 0, 7
25, 100, 16, 73, 0, 44, 57, 40, 100, 54, 88, 58, 65, 29, 51, 0, 4
82, 88, 35, 100, 0, 69, 48, 36, 79, 0, 24, 15, 50, 54, 100, 86, 8
88, 83, 71, 100, 44, 78, 86, 77, 100, 64, 87, 21, 46, 1, 0, 0, 9
0, 62, 47, 88, 67, 100, 63, 65, 59, 29, 46, 2, 34, 0, 100, 0, 1
95, 79, 73, 100, 61, 72, 98, 95, 100, 55, 84, 16, 36, 0, 0, 1, 9
0, 95, 54, 100, 66, 90, 55, 46, 51, 0, 18, 16, 45, 27, 100, 29, 7
25, 100, 1, 63, 0, 21, 41, 0, 87, 16, 100, 57, 74, 93, 25, 89, 0
0, 96, 43, 100, 76, 92, 54, 48, 36, 0, 21, 13, 56, 32, 100, 36, 7
100, 100, 51, 81, 18, 54, 0, 24, 29, 0, 89, 11, 84, 36, 23, 28, 6
100, 100, 57, 85, 20, 57, 0, 27, 26, 0, 90, 8, 81, 34, 14, 36, 6
99, 89, 26, 100, 27, 68, 83, 32, 40, 0, 0, 27, 63, 61, 100, 91, 8
7, 67, 62, 39, 100, 8, 38, 0, 24, 33, 57, 67, 74, 100, 0, 91, 8
0, 97, 51, 100, 65, 88, 46, 44, 42, 0, 9, 29, 40, 34, 100, 40, 7
72, 74, 63, 100, 0, 78, 67, 42, 100, 0, 15, 4, 38, 47, 95, 80, 8
62, 100, 13, 81, 0, 50, 100, 56, 77, 78, 57, 88, 62, 35, 65, 0, 4
100, 100, 69, 83, 40, 58, 15, 31, 0, 0, 36, 1, 43, 27, 6, 20, 6
38, 86, 66, 100, 100, 94, 70, 74, 71, 39, 70, 7, 35, 0, 0, 3, 3
30, 91, 72, 60, 91, 96, 47, 100, 95, 75, 100, 19, 52, 0, 0, 1, 9
62, 100, 0, 77, 68, 43, 100, 4, 7, 0, 21, 39, 88, 73, 15, 90, 8
27, 76, 41, 100, 100, 94, 79, 66, 86, 45, 94, 16, 39, 0, 0, 10, 3
56, 72, 38, 100, 0, 69, 45, 35, 64, 0, 2, 21, 35, 57, 100, 86, 8
0, 98, 42, 100, 73, 70, 60, 31, 35, 0, 5, 27, 52, 32, 100, 24, 7
15, 100, 0, 84, 6, 64, 65, 60, 100, 62, 81, 42, 71, 21, 73, 0, 4
15, 75, 0, 34, 24, 0, 69, 10, 98, 44, 100, 86, 58, 100, 13, 86, 0
22, 86, 100, 100, 32, 97, 0, 69, 13, 59, 92, 55, 86, 19, 15, 0, 5
21, 85, 73, 100, 100, 96, 44, 87, 10, 74, 62, 51, 47, 0, 0, 11, 5
24, 64, 38, 100, 68, 92, 48, 56, 17, 25, 0, 5, 51, 0, 100, 9, 2
0, 73, 4, 69, 22, 95, 93, 100, 100, 83, 82, 45, 67, 8, 76, 0, 7
42, 100, 34, 62, 55, 29, 40, 0, 0, 23, 5, 55, 51, 71, 100, 83, 5
32, 90, 21, 41, 46, 0, 91, 17, 100, 66, 64, 100, 15, 88, 0, 42, 0
73, 100, 35, 86, 3, 53, 0, 16, 54, 0, 100, 22, 53, 42, 4, 30, 6
0, 93, 70, 100, 100, 88, 95, 70, 75, 52, 70, 34, 55, 17, 45, 0, 1
27, 60, 44, 100, 42, 90, 44, 45, 47, 3, 0, 0, 50, 2, 100, 6, 1
2, 75, 28, 100, 66, 95, 48, 65, 22, 37, 0, 7, 47, 0, 100, 1, 2
42, 75, 70, 100, 75, 66, 51, 29, 14, 0, 0, 6, 49, 13, 100, 15, 2
0, 73, 28, 100, 69, 100, 60, 68, 36, 38, 11, 9, 51, 0, 100, 6, 2
62, 100, 14, 91, 0, 54, 12, 17, 55, 0, 96, 21, 100, 60, 79, 95, 0
14, 86, 0, 42, 25, 0, 71, 3, 100, 43, 86, 89, 41, 100, 5, 69, 0
44, 95, 23, 49, 22, 0, 68, 4, 100, 45, 100, 94, 47, 100, 0, 75, 0
72, 100, 16, 89, 52, 60, 100, 86, 92, 72, 93, 28, 55, 0, 0, 19, 9
4, 71, 54, 39, 31, 0, 0, 10, 46, 46, 100, 80, 80, 100, 2, 77, 8
4, 73, 31, 98, 76, 100, 69, 68, 100, 42, 87, 11, 43, 0, 0, 12, 3
0, 76, 28, 100, 66, 93, 61, 57, 35, 29, 19, 7, 60, 6, 100, 0, 2
0, 70, 71, 90, 100, 100, 84, 66, 76, 32, 47, 2, 5, 2, 98, 0, 1
100, 100, 62, 85, 32, 57, 11, 26, 25, 0, 58, 21, 35, 45, 0, 35, 6
0, 96, 46, 100, 73, 68, 61, 34, 34, 0, 4, 1, 28, 23, 100, 30, 7
11, 88, 0, 64, 67, 52, 64, 0, 0, 2, 0, 57, 25, 99, 100, 100, 5
0, 59, 46, 76, 91, 100, 82, 66, 71, 34, 65, 0, 33, 8, 100, 10, 1
40, 100, 0, 86, 7, 63, 100, 63, 68, 90, 46, 80, 52, 39, 40, 0, 4
0, 90, 57, 100, 100, 81, 83, 40, 58, 0, 29, 3, 28, 37, 89, 43, 7
44, 85, 100, 100, 83, 85, 61, 68, 44, 51, 31, 34, 17, 17, 0, 0, 1
0, 100, 56, 100, 70, 68, 51, 34, 32, 0, 6, 14, 30, 34, 100, 40, 7
21, 88, 24, 41, 78, 40, 53, 0, 14, 20, 0, 70, 44, 96, 100, 100, 5
69, 100, 45, 82, 14, 54, 0, 23, 37, 0, 100, 7, 70, 27, 5, 25, 6
77, 69, 97, 100, 28, 80, 53, 38, 78, 0, 0, 7, 30, 43, 100, 69, 8
59, 100, 11, 75, 0, 43, 100, 49, 66, 80, 70, 83, 73, 32, 74, 0, 4
28, 76, 80, 85, 44, 100, 48, 85, 100, 71, 96, 37, 51, 15, 0, 0, 9
14, 69, 34, 100, 50, 74, 29, 36, 0, 21, 36, 23, 68, 0, 100, 14, 2
0, 68, 43, 82, 90, 100, 100, 94, 87, 71, 78, 47, 76, 23, 81, 0, 1
81, 100, 59, 98, 21, 65, 0, 29, 33, 0, 100, 10, 86, 37, 20, 25, 6
0, 82, 58, 99, 70, 100, 61, 62, 59, 24, 24, 2, 14, 0, 100, 3, 1
50, 100, 15, 82, 0, 51, 72, 45, 100, 61, 64, 73, 49, 36, 43, 0, 4
23, 93, 0, 70, 15, 100, 70, 99, 100, 93, 87, 60, 76, 27, 65, 0, 7
0, 59, 18, 94, 52, 100, 52, 61, 32, 26, 24, 0, 62, 7, 100, 14, 2
14, 67, 29, 100, 54, 72, 35, 32, 0, 4, 17, 10, 59, 0, 100, 3, 2
100, 94, 76, 100, 36, 67, 3, 30, 31, 0, 90, 15, 59, 46, 0, 34, 6
98, 80, 34, 100, 8, 73, 73, 44, 100, 10, 8, 0, 0, 27, 70, 55, 8
100, 100, 45, 83, 14, 61, 0, 38, 3, 14, 66, 0, 97, 15, 21, 7, 6
0, 51, 21, 68, 63, 88, 100, 100, 79, 75, 58, 50, 37, 25, 30, 0, 1
0, 84, 36, 100, 53, 79, 28, 50, 7, 22, 27, 0, 76, 5, 100, 14, 2
70, 63, 93, 98, 0, 100, 3, 62, 99, 68, 100, 70, 53, 31, 26, 0, 9
31, 89, 51, 100, 52, 67, 31, 39, 0, 19, 27, 9, 63, 0, 100, 14, 2
8, 95, 26, 71, 82, 45, 55, 0, 0, 12, 0, 65, 28, 100, 100, 98, 5
0, 90, 29, 100, 61, 76, 54, 33, 46, 0, 24, 38, 55, 53, 100, 52, 7
0, 90, 42, 99, 89, 100, 84, 79, 62, 41, 57, 0, 53, 38, 100, 37, 7
63, 100, 45, 97, 0, 78, 0, 61, 49, 44, 100, 47, 63, 24, 37, 0, 4
0, 57, 24, 68, 60, 88, 100, 100, 93, 74, 83, 50, 72, 25, 69, 0, 1
38, 91, 77, 100, 100, 87, 73, 67, 66, 46, 82, 24, 48, 8, 0, 0, 3
18, 82, 6, 46, 56, 39, 36, 0, 0, 5, 11, 63, 49, 95, 100, 100, 5
2, 85, 40, 100, 81, 72, 64, 26, 38, 0, 0, 35, 46, 38, 100, 39, 7
0, 69, 56, 84, 100, 100, 97, 80, 84, 59, 62, 39, 38, 19, 34, 0, 1
60, 98, 50, 100, 20, 70, 0, 38, 7, 8, 83, 0, 100, 24, 13, 20, 6
61, 98, 20, 75, 0, 32, 26, 0, 73, 14, 100, 53, 84, 96, 36, 100, 0
100, 100, 63, 81, 34, 57, 10, 30, 10, 0, 48, 10, 38, 37, 0, 24, 6
0, 88, 34, 99, 70, 100, 68, 71, 46, 43, 33, 11, 64, 0, 100, 5, 2
50, 100, 19, 86, 0, 71, 11, 55, 43, 42, 80, 31, 100, 16, 89, 0, 4
95, 67, 69, 100, 26, 94, 0, 51, 11, 7, 60, 0, 100, 28, 94, 75, 0
12, 60, 24, 100, 58, 90, 37, 47, 0, 14, 1, 0, 51, 0, 100, 15, 2
16, 76, 71, 94, 100, 100, 43, 83, 45, 52, 93, 28, 66, 2, 0, 0, 5
12, 87, 56, 64, 83, 27, 21, 0, 0, 29, 55, 62, 100, 95, 9, 100, 8
35, 75, 55, 100, 86, 85, 66, 55, 100, 36, 87, 7, 37, 0, 0, 22, 3
67, 96, 7, 83, 66, 56, 100, 23, 34, 0, 0, 30, 24, 68, 24, 100, 8
0, 98, 35, 100, 75, 75, 63, 43, 47, 10, 28, 0, 19, 19, 100, 30, 7
100, 35, 94, 76, 62, 100, 22, 75, 0, 37, 18, 0, 58, 17, 71, 55, 0
11, 65, 34, 100, 66, 77, 42, 38, 4, 8, 0, 2, 50, 7, 100, 0, 2
98, 100, 34, 77, 0, 37, 20, 0, 89, 0, 100, 37, 36, 51, 6, 49, 6
22, 71, 44, 100, 56, 74, 32, 32, 0, 0, 18, 15, 59, 24, 100, 38, 2
12, 96, 12, 52, 62, 32, 20, 0, 0, 32, 4, 78, 36, 99, 100, 100, 5
100, 100, 57, 85, 27, 63, 5, 39, 0, 14, 35, 0, 66, 20, 27, 29, 6
7, 80, 39, 100, 78, 92, 65, 58, 100, 48, 85, 16, 43, 0, 0, 12, 3
61, 79, 98, 79, 73, 100, 53, 78, 100, 67, 84, 37, 44, 16, 0, 0, 9
49, 92, 8, 61, 0, 16, 56, 0, 97, 35, 100, 81, 51, 100, 28, 60, 0
46, 85, 80, 100, 83, 70, 52, 48, 100, 39, 91, 10, 43, 0, 0, 6, 3
39, 78, 45, 44, 44, 2, 0, 0, 39, 37, 95, 70, 100, 100, 29, 78, 8
100, 99, 52, 100, 42, 65, 41, 29, 11, 0, 0, 30, 40, 58, 100, 70, 8
4, 77, 54, 100, 53, 97, 53, 56, 52, 15, 0, 0, 51, 4, 100, 9, 1
27, 96, 0, 65, 4, 24, 53, 0, 94, 29, 100, 71, 62, 100, 9, 83, 0
0, 70, 34, 93, 82, 100, 93, 72, 67, 44, 33, 20, 49, 3, 100, 0, 2
20, 63, 40, 98, 44, 100, 40, 63, 40, 25, 0, 1, 20, 1, 100, 0, 1
89, 100, 52, 79, 19, 51, 0, 27, 59, 39, 100, 62, 82, 31, 63, 0, 4
11, 95, 46, 96, 100, 100, 67, 71, 35, 39, 18, 0, 0, 29, 39, 30, 7
10, 81, 51, 100, 92, 73, 80, 31, 51, 0, 0, 24, 38, 39, 100, 38, 7
57, 88, 4, 100, 0, 63, 63, 33, 100, 0, 28, 14, 49, 52, 91, 87, 8
36, 86, 91, 100, 61, 91, 21, 65, 58, 48, 100, 27, 59, 4, 0, 0, 5
100, 97, 26, 100, 66, 60, 89, 18, 8, 0, 0, 31, 62, 65, 77, 98, 8
55, 100, 5, 69, 0, 45, 91, 53, 100, 79, 57, 95, 47, 45, 22, 0, 4
22, 85, 61, 100, 99, 79, 61, 54, 74, 42, 100, 15, 52, 0, 0, 13, 3
38, 96, 40, 57, 61, 16, 5, 0, 0, 36, 50, 68, 100, 100, 56, 96, 8
14, 78, 56, 100, 88, 80, 71, 41, 36, 12, 0, 0, 49, 12, 100, 7, 2
57, 100, 30, 77, 8, 53, 0, 28, 10, 4, 60, 0, 100, 16, 62, 24, 6
100, 78, 64, 100, 44, 72, 52, 35, 44, 0, 0, 2, 18, 36, 67, 56, 8
36, 100, 31, 82, 0, 50, 20, 26, 85, 39, 100, 63, 69, 32, 43, 0, 4
19, 97, 72, 100, 68, 73, 30, 51, 81, 42, 100, 17, 54, 2, 0, 0, 3
11, 100, 16, 66, 27, 32, 0, 0, 14, 28, 64, 59, 100, 92, 39, 97, 8
23, 86, 62, 100, 71, 71, 41, 43, 0, 24, 7, 17, 52, 7, 100, 0, 2
65, 97, 70, 100, 39, 66, 24, 28, 55, 0, 100, 19, 53, 34, 0, 21, 6
82, 94, 18, 100, 28, 65, 68, 30, 34, 0, 0, 24, 47, 56, 100, 86, 8
19, 100, 14, 84, 0, 56, 72, 45, 100, 69, 100, 58, 86, 29, 77, 0, 4
5, 63, 21, 100, 49, 76, 33, 34, 0, 0, 5, 6, 53, 2, 100, 8, 2
63, 67, 74, 100, 99, 80, 73, 39, 35, 7, 0, 3, 51, 4, 100, 0, 2
4, 65, 28, 100, 38, 100, 36, 61, 38, 22, 0, 0, 42, 5, 100, 8, 1
0, 64, 43, 78, 81, 100, 100, 98, 95, 73, 88, 49, 81, 24, 83, 0, 1
42, 93, 5, 61, 93, 54, 100, 14, 21, 0, 0, 41, 14, 83, 97, 100, 5
0, 69, 29, 100, 49, 75, 33, 36, 3, 4, 9, 14, 54, 6, 100, 0, 2
16, 72, 35, 100, 46, 74, 26, 42, 0, 13, 4, 3, 53, 0, 100, 4, 2
0, 69, 37, 96, 100, 100, 100, 65, 68, 34, 20, 9, 32, 0, 97, 1, 2
63, 89, 100, 100, 85, 96, 39, 88, 43, 64, 70, 32, 40, 0, 0, 9, 5
86, 72, 35, 100, 0, 67, 68, 38, 100, 1, 22, 0, 43, 43, 92, 82, 8
46, 67, 71, 100, 60, 73, 58, 33, 51, 0, 0, 1, 62, 3, 100, 8, 1
18, 93, 10, 55, 55, 27, 13, 0, 0, 34, 5, 81, 45, 100, 100, 98, 5
43, 89, 15, 49, 22, 0, 72, 3, 100, 46, 83, 92, 30, 100, 0, 66, 0
100, 100, 71, 96, 38, 74, 11, 50, 0, 21, 27, 0, 63, 16, 39, 39, 6
29, 100, 5, 74, 0, 46, 48, 39, 100, 46, 74, 57, 69, 28, 70, 0, 4
41, 90, 11, 65, 0, 23, 33, 0, 77, 23, 100, 60, 88, 100, 41, 96, 0
0, 93, 55, 63, 98, 29, 72, 0, 47, 27, 93, 61, 100, 100, 34, 99, 8
0, 86, 39, 100, 89, 95, 73, 74, 70, 52, 100, 33, 100, 13, 50, 0, 3
13, 87, 5, 54, 40, 24, 6, 0, 3, 38, 0, 77, 44, 95, 100, 100, 5
92, 69, 36, 74, 0, 87, 52, 100, 98, 86, 100, 56, 79, 28, 58, 0, 9
0, 70, 22, 99, 50, 100, 45, 59, 28, 22, 39, 0, 69, 4, 100, 8, 2
100, 100, 52, 82, 15, 54, 0, 21, 44, 0, 96, 17, 66, 43, 7, 30, 6
14, 96, 77, 100, 30, 99, 20, 60, 66, 61, 100, 32, 54, 0, 0, 17, 5
20, 88, 29, 53, 73, 35, 42, 0, 0, 3, 20, 59, 53, 98, 100, 100, 5
100, 100, 68, 92, 35, 67, 7, 35, 0, 0, 43, 2, 50, 26, 9, 11, 6
100, 89, 68, 100, 22, 89, 0, 55, 49, 66, 83, 43, 63, 9, 14, 0, 5
76, 49, 70, 92, 27, 100, 0, 66, 3, 19, 41, 0, 80, 21, 100, 57, 0
100, 100, 70, 100, 27, 97, 5, 62, 34, 58, 61, 36, 41, 1, 0, 0, 5
90, 100, 46, 77, 20, 49, 12, 20, 51, 0, 100, 17, 64, 41, 0, 44, 6
12, 91, 0, 50, 65, 45, 67, 0, 13, 9, 4, 65, 31, 100, 100, 99, 5
12, 91, 79, 100, 45, 95, 29, 63, 88, 68, 100, 24, 52, 0, 0, 23, 5
0, 95, 52, 100, 71, 86, 63, 42, 62, 0, 27, 33, 48, 50, 100, 53, 7
100, 100, 65, 80, 38, 56, 15, 29, 8, 0, 48, 8, 36, 27, 0, 13, 6
25, 100, 0, 63, 2, 17, 43, 0, 86, 10, 100, 52, 74, 90, 32, 97, 0
92, 47, 92, 90, 49, 100, 11, 74, 0, 27, 35, 0, 76, 18, 100, 57, 0
19, 99, 90, 100, 57, 94, 12, 73, 52, 60, 100, 35, 66, 0, 0, 5, 5
48, 94, 40, 69, 79, 37, 53, 0, 3, 19, 0, 64, 34, 95, 100, 100, 5
100, 100, 57, 84, 22, 59, 3, 28, 24, 0, 72, 11, 54, 36, 0, 28, 6
38, 85, 73, 100, 90, 77, 52, 56, 100, 49, 95, 18, 50, 0, 0, 11, 3
14, 73, 41, 100, 87, 95, 64, 65, 100, 45, 100, 15, 49, 0, 0, 16, 3
14, 71, 40, 100, 49, 70, 27, 36, 0, 5, 25, 0, 66, 2, 100, 19, 2
40, 100, 23, 89, 0, 59, 26, 34, 95, 45, 100, 60, 68, 31, 56, 0, 4
61, 100, 1, 74, 0, 47, 100, 48, 95, 73, 64, 76, 54, 36, 52, 0, 4
6, 100, 32, 98, 66, 71, 62, 34, 41, 0, 0, 27, 39, 41, 100, 46, 7
100, 100, 51, 96, 10, 82, 7, 63, 57, 61, 71, 35, 44, 9, 0, 0, 5
23, 88, 0, 47, 20, 7, 66, 0, 100, 29, 91, 76, 52, 100, 12, 78, 0
100, 100, 54, 86, 18, 59, 0, 29, 23, 1, 85, 0, 66, 18, 23, 15, 6
7, 77, 54, 48, 76, 10, 24, 0, 49, 36, 100, 69, 80, 100, 0, 84, 8
0, 78, 57, 74, 91, 100, 10, 94, 23, 74, 100, 80, 86, 40, 85, 0, 9
78, 100, 17, 99, 24, 73, 83, 80, 100, 68, 98, 30, 61, 2, 0, 0, 9
36, 92, 7, 77, 0, 30, 35, 0, 81, 15, 100, 58, 76, 99, 27, 100, 0
0, 78, 50, 86, 100, 100, 85, 80, 73, 60, 58, 40, 50, 19, 31, 0, 1
52, 100, 20, 70, 0, 29, 34, 0, 82, 18, 100, 60, 69, 94, 16, 86, 0
37, 100, 0, 77, 13, 53, 74, 60, 100, 82, 68, 55, 40, 28, 18, 0, 4
0, 98, 53, 100, 84, 72, 62, 34, 43, 0, 1, 26, 44, 37, 100, 38, 7
100, 100, 64, 90, 24, 52, 37, 9, 96, 0, 92, 42, 29, 50, 0, 17, 6
47, 84, 94, 100, 100, 93, 41, 80, 25, 61, 82, 41, 53, 0, 0, 10, 5
31, 100, 0, 74, 52, 36, 48, 0, 0, 18, 52, 56, 100, 94, 19, 94, 8
51, 100, 45, 99, 11, 65, 0, 25, 43, 0, 100, 20, 74, 48, 15, 31, 6
0, 72, 49, 84, 98, 100, 100, 80, 93, 60, 88, 39, 76, 20, 59, 0, 1
20, 62, 39, 98, 44, 100, 37, 62, 41, 24, 0, 0, 30, 0, 100, 0, 1
20, 56, 34, 14, 70, 0, 100, 26, 94, 70, 65, 100, 27, 95, 0, 64, 0
63, 79, 67, 100, 100, 100, 84, 73, 69, 50, 73, 23, 41, 4, 0, 0, 3
23, 75, 53, 100, 75, 78, 44, 50, 0, 32, 2, 18, 50, 8, 100, 0, 2
16, 70, 39, 75, 80, 100, 62, 68, 53, 36, 50, 6, 0, 0, 100, 3, 1
100, 55, 77, 100, 0, 88, 56, 48, 90, 0, 15, 1, 49, 50, 98, 81, 8
43, 100, 0, 74, 15, 46, 100, 43, 95, 69, 72, 74, 67, 37, 64, 0, 4
82, 80, 47, 100, 5, 75, 0, 32, 34, 0, 85, 14, 100, 55, 85, 97, 0
99, 74, 62, 100, 23, 75, 60, 53, 95, 58, 100, 11, 49, 1, 0, 0, 9
100, 100, 55, 94, 17, 64, 0, 32, 17, 0, 88, 2, 64, 22, 24, 13, 6
0, 89, 25, 100, 31, 68, 17, 37, 11, 9, 40, 4, 70, 3, 100, 0, 2
24, 74, 46, 100, 67, 72, 61, 38, 34, 8, 0, 0, 47, 7, 100, 5, 2
100, 100, 74, 99, 46, 98, 45, 72, 65, 51, 53, 26, 29, 9, 0, 0, 5
6, 90, 63, 100, 98, 91, 63, 72, 84, 50, 100, 27, 57, 10, 0, 0, 3
28, 100, 0, 56, 15, 6, 65, 0, 100, 38, 92, 90, 43, 99, 7, 63, 0
100, 100, 73, 78, 38, 59, 0, 41, 33, 36, 67, 43, 40, 22, 27, 0, 4
0, 46, 33, 63, 66, 82, 100, 100, 84, 75, 64, 51, 46, 25, 29, 0, 1
20, 85, 23, 62, 55, 30, 18, 0, 0, 22, 0, 57, 29, 88, 100, 100, 5
0, 68, 34, 93, 99, 100, 100, 66, 66, 35, 13, 11, 1, 0, 76, 2, 2
94, 100, 47, 78, 14, 50, 0, 22, 39, 0, 100, 19, 81, 46, 8, 53, 6
38, 97, 30, 100, 0, 76, 14, 52, 88, 51, 100, 51, 76, 26, 78, 0, 4
74, 100, 46, 89, 21, 54, 17, 16, 65, 0, 100, 22, 46, 34, 0, 27, 6
77, 84, 48, 72, 68, 33, 38, 0, 0, 17, 50, 48, 100, 79, 64, 100, 8
21, 64, 50, 100, 52, 98, 52, 57, 52, 17, 0, 0, 31, 2, 100, 0, 1
60, 83, 100, 100, 93, 91, 60, 73, 40, 55, 20, 36, 7, 18, 0, 0, 1
0, 57, 27, 90, 84, 100, 100, 66, 67, 33, 21, 7, 24, 0, 84, 2, 2
31, 100, 47, 91, 12, 58, 0, 24, 74, 20, 100, 45, 78, 36, 65, 0, 4
28, 100, 69, 99, 65, 65, 47, 32, 22, 0, 0, 27, 39, 38, 100, 38, 7
100, 100, 40, 84, 0, 45, 0, 0, 57, 17, 38, 50, 14, 52, 57, 27, 6
0, 67, 46, 60, 61, 23, 24, 0, 35, 36, 72, 67, 100, 100, 45, 85, 8
100, 100, 59, 80, 22, 53, 8, 18, 39, 0, 80, 24, 47, 45, 0, 37, 6
47, 100, 88, 93, 100, 74, 63, 61, 46, 43, 59, 21, 42, 4, 0, 0, 3
16, 100, 75, 98, 60, 62, 33, 53, 100, 45, 84, 10, 18, 0, 0, 23, 3
45, 99, 29, 73, 72, 36, 49, 0, 0, 23, 45, 59, 100, 92, 39, 100, 8
44, 100, 13, 80, 0, 59, 49, 49, 100, 59, 69, 39, 38, 20, 18, 0, 4
16, 67, 32, 100, 52, 78, 35, 38, 0, 11, 14, 19, 56, 0, 100, 8, 2
15, 87, 57, 100, 91, 82, 48, 61, 74, 43, 100, 16, 53, 1, 0, 0, 3
100, 100, 77, 97, 45, 71, 17, 43, 0, 12, 32, 0, 62, 24, 24, 29, 6
0, 100, 45, 100, 68, 83, 76, 66, 89, 48, 100, 30, 87, 12, 53, 0, 3
16, 88, 0, 68, 63, 38, 84, 0, 22, 15, 57, 58, 100, 99, 58, 100, 8
45, 80, 0, 64, 66, 49, 70, 9, 2, 0, 4, 45, 29, 91, 100, 100, 5
56, 100, 32, 74, 0, 45, 27, 28, 88, 30, 100, 56, 63, 29, 36, 0, 4
0, 60, 20, 68, 59, 85, 100, 100, 86, 76, 67, 50, 49, 26, 39, 0, 1
12, 68, 25, 100, 48, 79, 32, 46, 0, 22, 20, 16, 57, 0, 100, 5, 2
21, 78, 51, 100, 57, 62, 33, 27, 0, 1, 23, 10, 62, 12, 100, 0, 2
0, 76, 31, 100, 67, 82, 47, 44, 13, 13, 5, 1, 52, 4, 100, 0, 2
60, 100, 31, 85, 0, 63, 14, 52, 69, 46, 100, 46, 78, 23, 60, 0, 4
100, 95, 40, 100, 31, 63, 73, 29, 45, 0, 0, 17, 45, 49, 94, 81, 8
0, 73, 33, 81, 89, 100, 100, 85, 92, 63, 78, 41, 58, 20, 28, 0, 1
0, 77, 58, 73, 82, 100, 15, 94, 38, 74, 100, 71, 80, 35, 67, 0, 9
8, 78, 36, 100, 48, 72, 28, 38, 0, 9, 11, 3, 57, 0, 100, 6, 2
83, 91, 2, 100, 21, 67, 77, 36, 62, 0, 0, 17, 42, 54, 100, 87, 8
90, 88, 31, 100, 31, 62, 90, 76, 97, 79, 100, 33, 59, 0, 0, 23, 9
61, 100, 19, 87, 0, 51, 94, 47, 100, 75, 61, 94, 52, 47, 58, 0, 4
0, 87, 25, 100, 72, 96, 47, 64, 81, 47, 100, 18, 57, 0, 7, 0, 3
100, 80, 38, 100, 6, 65, 91, 39, 82, 0, 0, 16, 48, 53, 100, 89, 8
100, 47, 85, 86, 43, 100, 7, 73, 0, 28, 31, 0, 70, 22, 78, 61, 0
3, 60, 17, 100, 23, 84, 24, 40, 8, 3, 0, 0, 50, 5, 100, 11, 1
67, 94, 17, 100, 43, 67, 98, 94, 93, 81, 100, 39, 74, 0, 0, 6, 9
8, 100, 80, 98, 100, 68, 66, 35, 44, 0, 0, 29, 21, 40, 98, 41, 7
25, 81, 45, 100, 54, 72, 33, 41, 0, 16, 15, 6, 61, 0, 100, 20, 2
44, 84, 33, 59, 88, 39, 56, 0, 6, 12, 0, 65, 40, 97, 100, 100, 5
72, 57, 100, 85, 41, 100, 11, 68, 78, 69, 85, 52, 69, 15, 0, 0, 9
0, 84, 45, 100, 77, 85, 38, 61, 53, 46, 100, 31, 61, 10, 9, 0, 3
100, 100, 39, 84, 0, 63, 37, 46, 90, 62, 68, 45, 46, 23, 41, 0, 4
100, 100, 63, 83, 27, 57, 0, 26, 25, 0, 76, 12, 58, 39, 15, 24, 6
31, 60, 62, 88, 92, 100, 85, 70, 88, 40, 88, 10, 0, 0, 100, 4, 1
0, 93, 49, 100, 88, 89, 78, 68, 57, 49, 41, 28, 51, 9, 100, 0, 2
95, 72, 46, 68, 46, 100, 91, 99, 100, 66, 85, 32, 49, 6, 0, 0, 9
100, 100, 57, 97, 22, 68, 0, 37, 11, 5, 92, 0, 92, 28, 3, 25, 6
44, 86, 62, 100, 74, 75, 63, 47, 100, 30, 81, 5, 37, 0, 0, 12, 3
89, 73, 78, 100, 25, 72, 71, 36, 69, 0, 0, 19, 54, 53, 100, 86, 8
27, 81, 67, 100, 95, 91, 68, 61, 100, 50, 92, 17, 50, 0, 0, 5, 3
66, 89, 93, 100, 80, 69, 68, 48, 100, 23, 80, 0, 40, 1, 0, 6, 3
86, 82, 46, 100, 43, 66, 86, 32, 63, 0, 0, 12, 46, 45, 100, 75, 8
48, 95, 100, 100, 100, 92, 47, 85, 34, 70, 73, 35, 48, 0, 0, 19, 5
32, 100, 0, 80, 6, 56, 100, 56, 57, 88, 47, 84, 55, 38, 60, 0, 4
93, 81, 43, 100, 22, 69, 63, 36, 60, 0, 0, 2, 33, 31, 100, 47, 8
0, 94, 62, 100, 92, 71, 80, 34, 52, 0, 21, 23, 34, 48, 100, 51, 7
0, 65, 21, 91, 86, 100, 90, 80, 56, 54, 100, 30, 67, 7, 0, 0, 3
21, 100, 62, 95, 57, 54, 53, 13, 38, 0, 0, 19, 49, 17, 100, 16, 7
59, 100, 5, 95, 38, 72, 62, 89, 73, 56, 100, 22, 60, 1, 0, 0, 9
37, 100, 0, 87, 6, 57, 100, 57, 95, 85, 61, 85, 50, 42, 49, 0, 4
0, 26, 31, 43, 61, 67, 91, 94, 100, 100, 84, 67, 68, 34, 56, 0, 1
55, 100, 15, 89, 0, 39, 23, 0, 69, 6, 100, 44, 90, 92, 47, 91, 0
45, 99, 5, 77, 0, 30, 34, 0, 79, 19, 100, 62, 74, 100, 25, 100, 0
95, 100, 52, 79, 20, 57, 0, 34, 5, 9, 62, 0, 100, 18, 40, 27, 6
33, 87, 68, 100, 87, 79, 71, 53, 100, 31, 86, 7, 43, 0, 0, 1, 3
100, 100, 89, 85, 74, 71, 59, 57, 41, 43, 24, 29, 9, 14, 0, 0, 1
100, 100, 66, 81, 23, 62, 0, 40, 66, 34, 93, 44, 68, 22, 59, 0, 4
14, 96, 0, 62, 53, 40, 65, 0, 26, 3, 17, 54, 33, 97, 100, 100, 5
0, 82, 24, 100, 54, 99, 50, 61, 34, 27, 41, 0, 71, 6, 100, 17, 2
100, 89, 61, 100, 47, 70, 85, 91, 97, 60, 85, 19, 45, 0, 0, 1, 9
47, 85, 12, 75, 0, 34, 26, 0, 74, 8, 100, 44, 92, 85, 47, 100, 0
31, 87, 80, 100, 45, 88, 27, 63, 75, 45, 100, 20, 56, 2, 0, 0, 5
42, 86, 24, 44, 36, 0, 82, 3, 100, 48, 86, 92, 34, 100, 0, 63, 0
100, 84, 42, 100, 0, 72, 39, 36, 75, 0, 32, 16, 63, 55, 69, 91, 8
5, 75, 38, 100, 58, 76, 35, 41, 4, 11, 0, 0, 49, 7, 100, 3, 2
0, 93, 43, 99, 92, 100, 68, 52, 64, 0, 47, 0, 40, 36, 100, 42, 7
0, 86, 26, 100, 55, 96, 57, 68, 45, 41, 42, 12, 68, 1, 100, 0, 2
100, 100, 79, 92, 36, 73, 4, 51, 52, 49, 54, 46, 24, 24, 0, 0, 4
47, 85, 100, 100, 40, 87, 24, 59, 80, 61, 90, 34, 57, 8, 0, 0, 5
30, 84, 61, 100, 85, 79, 67, 54, 95, 39, 100, 14, 54, 0, 0, 10, 3
16, 95, 100, 100, 22, 92, 2, 65, 24, 47, 96, 39, 75, 0, 0, 2, 5
43, 75, 62, 100, 91, 87, 77, 57, 100, 38, 87, 11, 42, 0, 0, 15, 3
0, 95, 43, 100, 77, 72, 65, 32, 47, 0, 10, 32, 39, 52, 100, 53, 7
44, 100, 19, 82, 0, 59, 47, 48, 100, 59, 80, 46, 54, 24, 41, 0, 4
86, 78, 60, 100, 51, 63, 95, 77, 100, 66, 90, 22, 47, 0, 0, 16, 9
46, 100, 20, 73, 0, 43, 46, 30, 100, 45, 93, 58, 63, 30, 52, 0, 4
0, 65, 61, 80, 100, 100, 94, 88, 86, 65, 84, 43, 86, 20, 92, 0, 1
43, 81, 11, 69, 78, 51, 100, 17, 27, 0, 0, 32, 14, 80, 84, 100, 5
19, 100, 0, 61, 3, 23, 48, 0, 97, 27, 100, 66, 62, 97, 10, 81, 0
89, 87, 38, 100, 17, 78, 80, 77, 100, 76, 92, 34, 61, 0, 0, 4, 9
31, 88, 5, 50, 4, 8, 57, 0, 100, 30, 100, 71, 56, 100, 0, 92, 0
55, 76, 22, 68, 66, 29, 39, 0, 52, 32, 100, 68, 69, 100, 0, 86, 8
0, 56, 5, 14, 47, 0, 86, 25, 100, 66, 76, 100, 34, 80, 6, 45, 0
51, 91, 86, 100, 70, 66, 43, 34, 8, 6, 0, 11, 49, 10, 100, 0, 2
33, 76, 48, 100, 100, 97, 74, 50, 44, 4, 77, 0, 39, 40, 0, 79, 8
34, 100, 9, 68, 61, 65, 67, 24, 0, 0, 3, 45, 20, 92, 100, 99, 5
36, 100, 3, 76, 0, 32, 27, 0, 70, 6, 100, 37, 91, 76, 49, 70, 0
75, 100, 0, 89, 70, 61, 100, 26, 32, 0, 7, 31, 63, 63, 95, 99, 8
55, 83, 100, 100, 93, 83, 82, 56, 84, 28, 71, 2, 0, 0, 73, 3, 1
30, 100, 90, 99, 81, 100, 32, 78, 52, 57, 100, 31, 58, 0, 0, 17, 5
0, 89, 61, 100, 90, 74, 69, 37, 42, 2, 27, 0, 35, 30, 100, 38, 7
0, 99, 56, 100, 72, 80, 54, 41, 49, 0, 22, 18, 41, 36, 100, 39, 7
13, 98, 0, 74, 51, 57, 32, 0, 2, 22, 4, 85, 41, 100, 100, 100, 5
31, 83, 0, 53, 1, 8, 57, 0, 100, 30, 98, 75, 51, 100, 7, 72, 0
100, 100, 56, 82, 19, 56, 0, 25, 30, 0, 87, 2, 84, 16, 30, 9, 6
28, 100, 0, 52, 37, 99, 45, 89, 51, 34, 24, 2, 30, 0, 100, 0, 1
100, 81, 55, 100, 0, 83, 33, 65, 85, 85, 83, 64, 64, 32, 62, 0, 9
54, 82, 12, 67, 0, 28, 34, 0, 83, 8, 100, 46, 73, 82, 28, 100, 0
94, 79, 69, 100, 48, 71, 85, 70, 100, 54, 85, 18, 44, 0, 0, 9, 9
29, 100, 0, 66, 11, 24, 52, 0, 98, 14, 100, 55, 61, 83, 11, 85, 0
16, 76, 48, 100, 72, 77, 42, 46, 0, 23, 2, 14, 53, 0, 100, 13, 2
11, 100, 0, 68, 22, 14, 66, 0, 100, 35, 78, 88, 34, 100, 13, 51, 0
16, 88, 58, 100, 96, 82, 72, 55, 100, 34, 98, 7, 48, 0, 0, 10, 3
0, 37, 14, 70, 27, 100, 26, 64, 24, 28, 3, 0, 18, 5, 100, 12, 1
0, 64, 42, 81, 81, 100, 100, 95, 81, 70, 57, 45, 30, 21, 33, 0, 1
100, 98, 75, 96, 22, 100, 0, 83, 38, 66, 80, 42, 56, 6, 5, 0, 5
86, 62, 64, 100, 0, 80, 40, 44, 92, 12, 29, 0, 41, 37, 100, 65, 8
32, 59, 70, 77, 98, 100, 100, 83, 87, 58, 79, 33, 57, 9, 0, 0, 1
19, 63, 58, 100, 52, 74, 47, 27, 91, 0, 100, 5, 25, 8, 0, 9, 1
0, 94, 44, 100, 80, 86, 57, 43, 33, 0, 28, 2, 41, 38, 100, 44, 7
0, 88, 37, 100, 78, 81, 76, 41, 78, 0, 31, 17, 47, 37, 100, 43, 7
23, 97, 20, 61, 66, 44, 41, 0, 8, 24, 0, 82, 44, 98, 100, 100, 5
16, 81, 32, 63, 56, 30, 17, 0, 0, 36, 5, 79, 36, 99, 100, 100, 5
88, 86, 28, 74, 34, 100, 82, 91, 95, 54, 100, 16, 60, 0, 0, 12, 9
80, 80, 31, 75, 43, 100, 75, 75, 89, 39, 100, 4, 53, 0, 0, 3, 9
7, 60, 100, 79, 76, 100, 24, 71, 80, 36, 84, 0, 0, 14, 47, 50, 8
68, 55, 98, 94, 35, 100, 0, 65, 75, 80, 100, 61, 76, 20, 6, 0, 9
7, 100, 40, 89, 37, 48, 21, 9, 0, 0, 3, 40, 48, 58, 100, 65, 7
51, 100, 29, 82, 10, 60, 0, 35, 27, 20, 69, 22, 100, 25, 100, 0, 4
0, 63, 19, 73, 58, 97, 65, 100, 58, 73, 50, 48, 54, 22, 100, 0, 1
50, 81, 74, 100, 100, 75, 75, 43, 36, 20, 0, 28, 47, 23, 84, 0, 2
0, 80, 17, 100, 41, 99, 60, 83, 53, 52, 56, 20, 77, 7, 100, 0, 2
0, 82, 35, 100, 73, 84, 65, 46, 32, 19, 14, 23, 59, 16, 100, 0, 2
100, 77, 56, 100, 0, 78, 45, 57, 85, 80, 95, 40, 93, 0, 24, 7, 9
49, 78, 69, 100, 100, 95, 76, 72, 61, 46, 59, 18, 33, 0, 0, 12, 3
0, 47, 5, 25, 52, 0, 93, 30, 100, 75, 62, 100, 30, 63, 42, 22, 0
38, 72, 59, 100, 74, 99, 61, 57, 48, 16, 0, 3, 44, 0, 100, 2, 1
69, 100, 23, 78, 46, 49, 92, 71, 100, 74, 94, 32, 56, 2, 0, 0, 9
0, 39, 28, 50, 55, 65, 81, 85, 100, 100, 82, 69, 67, 35, 56, 0, 1
53, 69, 49, 91, 100, 100, 86, 66, 52, 36, 0, 18, 15, 9, 74, 0, 2
0, 90, 61, 100, 85, 83, 44, 64, 51, 48, 100, 32, 63, 13, 5, 0, 3
0, 84, 48, 100, 83, 77, 80, 38, 75, 0, 37, 12, 46, 34, 100, 44, 7
19, 100, 0, 73, 18, 53, 100, 63, 100, 78, 62, 53, 25, 27, 0, 0, 4
4, 79, 65, 100, 67, 86, 67, 58, 67, 29, 23, 5, 0, 0, 100, 5, 1
72, 100, 25, 79, 0, 37, 26, 0, 79, 19, 100, 62, 67, 97, 22, 73, 0
59, 100, 20, 79, 0, 50, 2, 20, 43, 0, 100, 7, 69, 22, 12, 12, 6
0, 95, 25, 97, 79, 100, 100, 92, 67, 72, 46, 49, 35, 25, 37, 0, 7
7, 86, 22, 63, 95, 54, 100, 9, 30, 0, 1, 46, 0, 93, 75, 100, 5
56, 94, 21, 74, 100, 89, 29, 100, 0, 63, 2, 0, 74, 21, 20, 66, 8
100, 100, 62, 98, 28, 83, 48, 57, 78, 35, 67, 11, 29, 4, 0, 0, 5
83, 96, 20, 81, 67, 41, 54, 0, 0, 27, 65, 62, 100, 100, 15, 93, 8
38, 100, 0, 76, 0, 47, 77, 47, 100, 71, 79, 64, 64, 32, 56, 0, 4
22, 75, 58, 41, 38, 0, 0, 8, 55, 39, 100, 74, 60, 100, 7, 76, 8
43, 89, 79, 64, 79, 100, 32, 77, 88, 78, 100, 36, 69, 0, 0, 3, 9
9, 77, 0, 28, 33, 0, 74, 16, 100, 56, 77, 95, 33, 100, 1, 68, 0
0, 94, 30, 100, 66, 78, 33, 52, 88, 46, 100, 17, 52, 0, 8, 11, 3
44, 100, 29, 67, 0, 31, 32, 15, 100, 16, 99, 52, 89, 40, 82, 0, 4
34, 68, 63, 100, 65, 65, 36, 29, 0, 0, 6, 9, 52, 16, 100, 7, 2
13, 100, 0, 43, 25, 0, 67, 0, 100, 34, 95, 87, 55, 100, 15, 92, 0
52, 80, 82, 100, 89, 72, 52, 47, 98, 33, 100, 9, 50, 1, 0, 0, 3
100, 100, 49, 93, 17, 64, 0, 31, 18, 0, 71, 5, 63, 32, 8, 27, 6
23, 100, 3, 93, 0, 61, 59, 43, 100, 57, 76, 61, 41, 32, 20, 0, 4
0, 55, 35, 67, 71, 82, 100, 100, 91, 76, 81, 50, 68, 24, 56, 0, 1
20, 100, 8, 74, 0, 44, 19, 23, 68, 26, 100, 45, 74, 29, 64, 0, 4
53, 87, 14, 80, 7, 29, 50, 0, 100, 26, 99, 76, 49, 100, 0, 77, 0
0, 77, 18, 100, 62, 100, 71, 72, 72, 41, 100, 17, 75, 0, 32, 4, 3
24, 100, 0, 61, 4, 17, 57, 0, 100, 32, 96, 75, 43, 94, 11, 57, 0
28, 97, 20, 71, 0, 26, 28, 0, 74, 21, 100, 63, 73, 100, 24, 96, 0
33, 100, 16, 84, 0, 62, 24, 41, 100, 48, 98, 46, 91, 23, 96, 0, 4
88, 97, 28, 91, 26, 43, 100, 5, 0, 0, 37, 51, 94, 100, 31, 87, 8
43, 92, 70, 100, 68, 66, 39, 37, 0, 18, 17, 34, 56, 13, 100, 0, 2
3, 88, 0, 51, 16, 10, 64, 0, 98, 34, 100, 76, 56, 100, 5, 85, 0
25, 75, 85, 100, 49, 72, 18, 40, 0, 7, 51, 0, 100, 28, 49, 29, 6
12, 93, 48, 62, 95, 96, 21, 100, 46, 70, 100, 64, 77, 7, 0, 0, 9
17, 77, 38, 100, 54, 73, 32, 39, 0, 11, 6, 10, 53, 0, 100, 3, 2
12, 100, 0, 70, 64, 68, 100, 87, 82, 90, 67, 60, 54, 30, 50, 0, 4
0, 79, 47, 96, 100, 100, 80, 74, 39, 51, 5, 26, 25, 4, 82, 0, 2
100, 100, 55, 91, 21, 65, 0, 34, 17, 3, 66, 0, 69, 25, 19, 25, 6
100, 85, 58, 100, 10, 97, 28, 76, 77, 73, 54, 53, 21, 28, 0, 0, 9
35, 77, 6, 50, 3, 8, 58, 0, 100, 29, 94, 70, 52, 100, 0, 84, 0
60, 100, 0, 73, 11, 49, 100, 53, 88, 76, 64, 83, 59, 41, 58, 0, 4
98, 100, 40, 87, 9, 55, 0, 21, 47, 0, 100, 22, 39, 31, 7, 4, 6
90, 79, 30, 61, 4, 89, 55, 100, 80, 63, 100, 26, 74, 0, 0, 8, 9
0, 82, 9, 59, 56, 34, 41, 0, 10, 30, 3, 67, 42, 96, 100, 100, 5
0, 82, 34, 100, 78, 90, 49, 62, 80, 49, 100, 18, 62, 0, 18, 13, 3
78, 99, 21, 85, 0, 50, 5, 14, 59, 0, 100, 27, 100, 65, 79, 100, 0
0, 66, 39, 83, 100, 100, 100, 82, 84, 62, 68, 41, 58, 20, 50, 0, 1
73, 100, 24, 85, 0, 39, 22, 0, 70, 20, 100, 62, 78, 99, 31, 76, 0
18, 75, 51, 100, 65, 72, 41, 35, 8, 3, 0, 0, 50, 6, 100, 15, 2
85, 83, 100, 76, 81, 100, 50, 67, 93, 69, 95, 21, 47, 0, 0, 23, 9
2, 90, 60, 100, 100, 72, 72, 36, 40, 0, 88, 12, 79, 29, 0, 31, 7
100, 100, 82, 91, 65, 75, 50, 59, 35, 43, 18, 28, 9, 12, 0, 0, 1
100, 100, 56, 97, 32, 73, 54, 62, 92, 46, 78, 9, 36, 0, 0, 16, 5
0, 83, 28, 100, 59, 88, 42, 57, 22, 28, 31, 0, 70, 1, 100, 2, 2
100, 100, 48, 81, 19, 54, 7, 25, 39, 0, 92, 10, 64, 34, 0, 33, 6
100, 97, 73, 100, 34, 88, 38, 59, 83, 50, 85, 18, 45, 0, 0, 3, 5
13, 72, 1, 33, 27, 0, 75, 10, 100, 44, 88, 83, 43, 100, 0, 82, 0
0, 30, 24, 54, 52, 77, 78, 100, 100, 99, 88, 66, 74, 33, 64, 0, 1
15, 58, 0, 19, 33, 0, 71, 18, 100, 52, 93, 93, 54, 100, 15, 85, 0
37, 90, 19, 57, 66, 43, 40, 5, 0, 0, 21, 50, 52, 90, 100, 100, 5
64, 86, 79, 100, 100, 87, 73, 63, 93, 41, 83, 13, 43, 0, 0, 5, 3
0, 78, 23, 100, 52, 88, 39, 62, 25, 37, 11, 12, 47, 0, 100, 4, 2
0, 73, 43, 100, 44, 95, 38, 62, 37, 29, 16, 0, 22, 2, 100, 3, 1
82, 100, 64, 89, 31, 67, 0, 45, 62, 37, 100, 46, 78, 23, 71, 0, 4
100, 100, 57, 85, 21, 58, 0, 29, 13, 0, 66, 8, 57, 33, 6, 26, 6
0, 74, 18, 100, 50, 94, 45, 62, 32, 32, 24, 4, 62, 0, 100, 1, 2
89, 83, 59, 100, 41, 63, 59, 23, 20, 0, 0, 29, 49, 54, 100, 73, 8
7, 70, 36, 100, 55, 98, 48, 61, 44, 24, 0, 0, 35, 6, 100, 5, 1
17, 70, 0, 32, 24, 0, 67, 14, 97, 48, 100, 90, 59, 100, 28, 71, 0
0, 100, 52, 97, 70, 80, 80, 61, 95, 44, 100, 25, 66, 10, 18, 0, 3
38, 100, 12, 86, 0, 69, 6, 51, 35, 40, 68, 31, 91, 17, 100, 0, 4
6, 100, 0, 99, 0, 56, 65, 51, 100, 65, 60, 94, 52, 47, 53, 0, 4
30, 90, 0, 56, 2, 18, 46, 0, 87, 28, 100, 66, 78, 100, 21, 100, 0
73, 100, 26, 72, 0, 43, 84, 37, 100, 56, 76, 65, 65, 33, 66, 0, 4
15, 100, 1, 82, 0, 63, 18, 47, 45, 37, 75, 31, 99, 18, 100, 0, 4
27, 100, 88, 86, 100, 56, 90, 25, 58, 0, 0, 24, 8, 42, 100, 45, 7
49, 76, 63, 100, 67, 77, 34, 53, 0, 29, 8, 13, 53, 1, 100, 0, 2
