@relation penbased-2
@attribute At1 integer [0, 100]
@attribute At2 integer [0, 100]
@attribute At3 integer [0, 100]
@attribute At4 integer [0, 100]
@attribute At5 integer [0, 100]
@attribute At6 integer [0, 100]
@attribute At7 integer [0, 100]
@attribute At8 integer [0, 100]
@attribute At9 integer [0, 100]
@attribute At10 integer [0, 100]
@attribute At11 integer [0, 100]
@attribute At12 integer [0, 100]
@attribute At13 integer [0, 100]
@attribute At14 integer [0, 100]
@attribute At15 integer [0, 100]
@attribute At16 integer [0, 100]
@attribute Class {0, 1, 2, 3, 4, 5, 6, 7, 8, 9}
@inputs At1, At2, At3, At4, At5, At6, At7, At8, At9, At10, At11, At12, At13, At14, At15, At16
@outputs Class
@data
0, 83, 29, 100, 88, 95, 64, 69, 73, 43, 100, 13, 50, 1, 10, 0, 3
29, 72, 45, 100, 78, 78, 60, 41, 25, 12, 0, 4, 50, 6, 100, 0, 2
100, 79, 67, 100, 26, 76, 41, 38, 47, 0, 0, 8, 38, 38, 96, 58, 8
0, 97, 42, 100, 67, 71, 53, 35, 34, 0, 16, 23, 40, 42, 100, 42, 7
19, 81, 0, 41, 12, 0, 54, 1, 88, 29, 100, 71, 72, 100, 31, 91, 0
40, 72, 16, 50, 96, 69, 70, 100, 0, 73, 65, 57, 100, 47, 94, 0, 9
27, 100, 0, 58, 12, 5, 62, 0, 100, 39, 97, 91, 48, 97, 18, 53, 0
0, 88, 24, 68, 76, 33, 43, 0, 29, 32, 84, 66, 100, 100, 8, 89, 8
37, 100, 48, 57, 74, 97, 27, 97, 80, 68, 100, 26, 49, 0, 0, 22, 9
49, 83, 8, 57, 0, 17, 51, 0, 93, 28, 100, 70, 61, 100, 8, 86, 0
53, 87, 32, 47, 98, 64, 69, 100, 58, 69, 100, 61, 71, 3, 0, 0, 9
100, 100, 53, 81, 25, 54, 11, 25, 38, 0, 99, 8, 65, 29, 0, 25, 6
2, 85, 31, 100, 76, 74, 62, 37, 47, 0, 100, 8, 68, 30, 0, 41, 7
84, 100, 46, 98, 13, 60, 0, 19, 53, 0, 100, 32, 33, 36, 10, 4, 6
0, 67, 16, 80, 64, 100, 85, 99, 85, 74, 89, 49, 95, 24, 100, 0, 1
24, 100, 14, 55, 72, 52, 54, 0, 8, 2, 0, 58, 35, 95, 100, 99, 5
36, 90, 86, 100, 87, 73, 47, 49, 92, 44, 100, 16, 53, 0, 0, 1, 3
0, 87, 55, 100, 100, 81, 74, 41, 49, 0, 20, 10, 32, 32, 99, 35, 7
34, 76, 0, 41, 7, 0, 62, 0, 100, 33, 95, 74, 49, 100, 0, 83, 0
49, 54, 100, 78, 65, 100, 0, 82, 12, 60, 90, 64, 95, 33, 86, 0, 9
100, 100, 71, 95, 30, 64, 1, 27, 32, 0, 82, 19, 54, 51, 0, 48, 6
76, 82, 34, 77, 0, 84, 55, 100, 100, 85, 77, 52, 38, 25, 3, 0, 9
85, 100, 56, 72, 42, 39, 55, 7, 100, 0, 95, 30, 46, 37, 0, 23, 6
28, 75, 57, 100, 93, 82, 71, 51, 33, 26, 0, 0, 49, 5, 100, 16, 2
76, 85, 0, 100, 16, 63, 81, 31, 69, 0, 6, 25, 34, 64, 100, 95, 8
10, 97, 2, 47, 24, 1, 74, 0, 100, 43, 82, 90, 33, 100, 0, 65, 0
0, 80, 30, 100, 74, 81, 82, 43, 75, 4, 39, 0, 44, 16, 100, 20, 7
92, 100, 61, 85, 31, 57, 10, 29, 21, 0, 100, 7, 69, 27, 0, 13, 6
0, 84, 34, 100, 67, 85, 60, 44, 31, 19, 26, 20, 64, 13, 100, 0, 2
11, 84, 52, 100, 100, 96, 83, 66, 72, 50, 87, 16, 45, 0, 0, 11, 3
54, 85, 100, 100, 99, 98, 49, 86, 23, 60, 63, 34, 50, 1, 0, 0, 5
13, 78, 45, 100, 97, 87, 69, 58, 76, 47, 100, 15, 49, 0, 0, 19, 3
36, 63, 0, 67, 53, 84, 100, 100, 83, 74, 66, 47, 53, 21, 51, 0, 1
43, 99, 8, 68, 73, 74, 62, 25, 0, 0, 7, 49, 20, 96, 100, 100, 5
0, 83, 37, 100, 81, 90, 65, 61, 100, 45, 97, 15, 54, 0, 14, 7, 3
0, 83, 11, 100, 56, 93, 53, 67, 66, 42, 100, 20, 73, 1, 16, 0, 3
0, 71, 39, 81, 74, 99, 100, 100, 78, 75, 53, 50, 28, 26, 11, 0, 1
0, 94, 44, 100, 84, 82, 100, 47, 93, 10, 90, 0, 88, 23, 41, 26, 7
0, 95, 50, 100, 100, 86, 90, 49, 66, 15, 49, 0, 23, 32, 76, 41, 7
0, 100, 17, 94, 8, 64, 24, 37, 70, 41, 100, 57, 87, 28, 100, 0, 4
86, 71, 72, 100, 32, 75, 55, 35, 42, 0, 0, 17, 48, 45, 100, 70, 8
45, 82, 39, 100, 82, 99, 64, 43, 25, 5, 0, 0, 50, 4, 100, 0, 2
23, 85, 0, 49, 2, 11, 52, 0, 91, 30, 100, 67, 70, 100, 14, 96, 0
8, 100, 0, 81, 9, 52, 81, 54, 100, 75, 86, 64, 87, 32, 90, 0, 4
0, 96, 10, 100, 59, 99, 100, 87, 93, 64, 69, 43, 44, 22, 25, 0, 7
43, 75, 61, 100, 94, 86, 75, 47, 43, 14, 0, 2, 49, 0, 100, 1, 2
38, 85, 13, 55, 31, 8, 75, 0, 100, 40, 85, 87, 42, 100, 0, 79, 0
19, 100, 55, 99, 58, 67, 30, 39, 0, 15, 21, 0, 60, 1, 100, 0, 2
57, 68, 52, 100, 4, 71, 48, 37, 63, 0, 0, 13, 27, 49, 100, 78, 8
34, 89, 14, 84, 0, 38, 24, 0, 75, 3, 100, 42, 82, 86, 34, 100, 0
0, 66, 37, 73, 73, 90, 100, 100, 98, 74, 96, 48, 90, 22, 87, 0, 1
14, 70, 46, 100, 48, 78, 41, 36, 21, 0, 0, 3, 50, 1, 100, 1, 1
16, 81, 40, 59, 100, 90, 30, 100, 48, 69, 95, 59, 75, 9, 0, 0, 9
19, 100, 61, 98, 62, 56, 50, 14, 29, 0, 0, 35, 50, 40, 100, 39, 7
19, 78, 29, 36, 13, 0, 8, 27, 58, 49, 100, 79, 55, 100, 0, 88, 8
0, 99, 71, 100, 100, 77, 72, 48, 53, 18, 40, 0, 0, 27, 66, 33, 7
42, 100, 93, 98, 79, 64, 51, 31, 15, 0, 0, 30, 25, 53, 100, 52, 7
100, 75, 47, 100, 0, 79, 49, 41, 66, 0, 3, 25, 27, 66, 98, 91, 8
0, 91, 26, 57, 52, 22, 8, 0, 4, 39, 4, 81, 41, 100, 100, 98, 5
0, 23, 63, 46, 100, 87, 50, 100, 34, 57, 86, 23, 57, 0, 9, 22, 8
0, 97, 41, 100, 68, 77, 64, 38, 51, 0, 28, 34, 56, 40, 100, 37, 7
18, 92, 66, 100, 93, 81, 49, 56, 0, 35, 14, 16, 75, 10, 100, 0, 2
10, 76, 39, 100, 88, 87, 55, 62, 100, 43, 98, 13, 43, 0, 0, 8, 3
14, 73, 52, 100, 66, 98, 50, 55, 35, 12, 0, 7, 50, 3, 100, 0, 1
32, 94, 0, 57, 56, 47, 59, 0, 17, 4, 12, 64, 42, 100, 100, 95, 5
62, 100, 37, 81, 14, 55, 0, 28, 55, 24, 100, 45, 66, 27, 58, 0, 4
0, 94, 50, 100, 94, 100, 73, 58, 60, 14, 43, 0, 50, 27, 100, 19, 7
37, 100, 48, 71, 0, 44, 63, 37, 100, 37, 89, 63, 80, 29, 74, 0, 4
48, 100, 18, 59, 43, 74, 53, 82, 41, 22, 0, 0, 38, 1, 100, 0, 1
0, 50, 13, 63, 56, 83, 100, 100, 94, 75, 75, 50, 54, 24, 31, 0, 1
75, 80, 93, 100, 100, 81, 80, 59, 66, 35, 66, 9, 34, 0, 0, 4, 3
38, 100, 20, 75, 0, 47, 56, 35, 100, 50, 80, 56, 61, 28, 43, 0, 4
27, 100, 15, 72, 0, 42, 49, 31, 100, 36, 82, 62, 68, 31, 66, 0, 4
0, 77, 26, 100, 49, 87, 39, 54, 15, 26, 24, 11, 62, 4, 100, 0, 2
33, 88, 39, 59, 63, 100, 0, 65, 28, 43, 40, 0, 100, 42, 25, 47, 8
4, 77, 29, 100, 80, 98, 68, 69, 93, 46, 100, 13, 52, 0, 0, 4, 3
9, 100, 18, 82, 0, 49, 10, 24, 71, 26, 100, 51, 92, 31, 90, 0, 4
25, 75, 37, 98, 92, 100, 100, 75, 68, 51, 97, 27, 51, 9, 0, 0, 3
7, 86, 44, 100, 54, 70, 30, 39, 0, 13, 14, 4, 57, 2, 100, 0, 2
41, 81, 63, 100, 82, 75, 52, 47, 100, 46, 98, 17, 46, 0, 0, 9, 3
27, 89, 0, 64, 62, 46, 54, 0, 3, 1, 6, 52, 31, 93, 100, 100, 5
34, 71, 16, 65, 17, 23, 0, 0, 1, 42, 44, 75, 100, 100, 46, 91, 8
34, 29, 0, 51, 37, 76, 92, 100, 100, 80, 84, 53, 74, 26, 74, 0, 1
80, 100, 32, 85, 63, 72, 61, 81, 86, 48, 100, 16, 53, 0, 0, 5, 9
0, 34, 34, 55, 70, 77, 100, 100, 95, 78, 84, 51, 73, 26, 64, 0, 1
16, 100, 9, 84, 0, 59, 30, 40, 86, 49, 100, 47, 75, 24, 63, 0, 4
15, 80, 0, 46, 20, 7, 67, 0, 100, 33, 93, 76, 53, 100, 16, 75, 0
0, 73, 46, 84, 87, 100, 100, 92, 86, 69, 76, 46, 69, 22, 67, 0, 1
47, 74, 68, 100, 100, 88, 74, 60, 62, 34, 96, 18, 52, 0, 0, 4, 3
0, 96, 59, 100, 86, 72, 68, 36, 48, 0, 16, 13, 38, 34, 100, 37, 7
0, 65, 49, 81, 91, 100, 100, 90, 78, 67, 56, 45, 36, 22, 16, 0, 1
77, 96, 29, 90, 66, 73, 66, 100, 100, 64, 93, 19, 49, 0, 0, 20, 9
7, 100, 0, 73, 57, 81, 49, 80, 76, 52, 100, 23, 65, 0, 1, 2, 9
0, 91, 19, 97, 69, 100, 100, 85, 84, 62, 59, 41, 33, 21, 7, 0, 7
7, 96, 18, 69, 68, 41, 46, 0, 11, 25, 0, 71, 29, 96, 100, 100, 5
16, 100, 15, 94, 6, 66, 0, 38, 69, 34, 95, 56, 92, 28, 100, 0, 4
100, 91, 67, 100, 27, 71, 0, 35, 17, 0, 68, 4, 58, 34, 23, 15, 6
39, 59, 74, 78, 100, 100, 76, 77, 62, 51, 57, 24, 38, 0, 0, 2, 1
100, 100, 62, 81, 35, 58, 18, 33, 31, 7, 76, 0, 49, 18, 0, 17, 6
5, 84, 38, 100, 53, 73, 32, 42, 0, 19, 29, 32, 69, 23, 100, 0, 2
0, 88, 10, 48, 33, 12, 75, 0, 100, 35, 87, 75, 50, 100, 6, 95, 0
23, 84, 56, 100, 100, 93, 80, 73, 68, 51, 76, 28, 42, 12, 0, 0, 3
44, 87, 21, 78, 68, 41, 70, 0, 0, 13, 45, 47, 100, 80, 41, 100, 8
0, 78, 60, 100, 64, 97, 56, 64, 52, 30, 4, 5, 0, 0, 100, 2, 1
78, 100, 36, 78, 6, 40, 13, 0, 71, 1, 100, 35, 43, 28, 0, 3, 6
0, 98, 50, 100, 100, 96, 73, 63, 43, 31, 13, 0, 11, 19, 46, 32, 7
59, 100, 34, 70, 0, 38, 33, 30, 100, 34, 95, 66, 73, 35, 53, 0, 4
17, 100, 36, 93, 0, 59, 50, 48, 98, 63, 100, 63, 84, 25, 76, 0, 4
56, 97, 41, 63, 69, 26, 29, 0, 6, 28, 0, 72, 45, 94, 100, 100, 5
0, 56, 34, 77, 69, 100, 100, 95, 84, 72, 62, 47, 41, 24, 25, 0, 1
86, 100, 41, 79, 10, 50, 0, 18, 45, 0, 100, 11, 78, 36, 22, 29, 6
65, 60, 100, 100, 5, 100, 19, 57, 65, 15, 0, 0, 13, 43, 97, 75, 8
0, 24, 43, 47, 75, 73, 100, 100, 71, 82, 43, 55, 18, 28, 3, 0, 1
0, 45, 38, 54, 72, 76, 100, 100, 82, 79, 62, 52, 41, 25, 20, 0, 1
21, 100, 0, 70, 7, 42, 91, 49, 100, 64, 70, 67, 72, 34, 70, 0, 4
0, 39, 42, 52, 76, 74, 100, 100, 92, 87, 82, 58, 71, 29, 68, 0, 1
41, 95, 44, 61, 58, 30, 13, 0, 0, 30, 3, 80, 44, 100, 100, 94, 5
43, 87, 100, 100, 77, 98, 29, 77, 60, 59, 95, 32, 54, 4, 0, 0, 5
21, 100, 4, 79, 0, 47, 54, 38, 100, 49, 92, 66, 91, 33, 92, 0, 4
16, 76, 2, 44, 16, 0, 84, 12, 100, 57, 75, 100, 9, 88, 0, 44, 0
82, 100, 16, 90, 0, 58, 60, 58, 93, 89, 100, 60, 85, 26, 41, 0, 9
40, 78, 30, 100, 79, 88, 71, 54, 42, 24, 0, 0, 43, 4, 100, 10, 2
0, 62, 18, 98, 56, 100, 42, 60, 14, 25, 11, 0, 55, 6, 100, 12, 2
0, 88, 52, 100, 100, 77, 75, 39, 44, 2, 17, 0, 15, 30, 87, 38, 7
0, 60, 36, 86, 60, 100, 59, 52, 53, 5, 16, 1, 60, 1, 100, 0, 1
0, 99, 36, 100, 93, 97, 100, 64, 83, 32, 61, 0, 28, 28, 76, 40, 7
57, 100, 51, 71, 10, 47, 0, 43, 54, 36, 100, 48, 85, 33, 71, 0, 4
85, 69, 81, 100, 100, 66, 76, 30, 36, 5, 0, 0, 50, 7, 99, 5, 2
40, 100, 0, 96, 1, 72, 44, 91, 63, 58, 100, 29, 96, 0, 39, 9, 9
0, 100, 57, 98, 100, 100, 76, 62, 58, 23, 53, 0, 30, 36, 88, 43, 7
56, 100, 31, 83, 6, 59, 0, 33, 53, 32, 100, 47, 89, 26, 80, 0, 4
77, 100, 47, 64, 0, 36, 34, 39, 100, 39, 93, 73, 61, 38, 37, 0, 4
46, 100, 26, 74, 0, 47, 20, 25, 84, 33, 100, 55, 76, 28, 69, 0, 4
0, 73, 12, 26, 49, 0, 92, 13, 100, 60, 73, 98, 29, 100, 8, 60, 0
97, 100, 43, 77, 13, 42, 7, 2, 68, 0, 100, 34, 43, 36, 0, 5, 6
82, 73, 61, 100, 0, 80, 35, 55, 100, 77, 99, 61, 87, 23, 98, 0, 9
4, 84, 50, 100, 57, 79, 39, 52, 90, 41, 100, 15, 52, 0, 0, 5, 3
26, 90, 17, 64, 60, 34, 53, 0, 20, 32, 0, 73, 31, 96, 100, 100, 5
90, 78, 43, 100, 0, 73, 63, 68, 95, 94, 100, 51, 79, 11, 16, 0, 9
23, 100, 0, 65, 5, 23, 52, 0, 100, 21, 95, 62, 53, 92, 12, 66, 0
36, 81, 69, 90, 100, 100, 80, 80, 60, 60, 41, 40, 20, 19, 0, 0, 1
52, 100, 28, 75, 63, 36, 41, 0, 0, 18, 16, 66, 47, 99, 100, 99, 5
12, 69, 26, 99, 79, 100, 70, 73, 79, 49, 100, 15, 53, 0, 0, 12, 3
18, 91, 0, 48, 22, 6, 66, 0, 100, 30, 91, 76, 52, 100, 16, 76, 0
28, 100, 0, 80, 25, 53, 96, 46, 100, 74, 71, 66, 43, 33, 28, 0, 4
24, 68, 38, 85, 100, 100, 85, 80, 56, 61, 29, 41, 6, 20, 0, 0, 1
53, 93, 96, 100, 99, 76, 65, 55, 79, 36, 100, 14, 54, 0, 0, 0, 3
67, 100, 18, 81, 44, 39, 35, 0, 0, 28, 53, 57, 100, 88, 42, 94, 8
76, 97, 64, 62, 100, 15, 14, 0, 0, 35, 90, 59, 98, 100, 0, 98, 8
36, 87, 24, 100, 77, 100, 64, 70, 74, 52, 100, 26, 62, 2, 0, 0, 3
100, 100, 54, 80, 21, 50, 14, 13, 61, 0, 100, 19, 48, 22, 0, 8, 6
44, 81, 72, 100, 100, 82, 64, 58, 99, 42, 93, 13, 47, 1, 0, 0, 3
25, 79, 59, 100, 100, 88, 63, 63, 35, 41, 80, 21, 54, 0, 0, 6, 3
10, 87, 58, 100, 92, 84, 64, 58, 62, 36, 100, 17, 55, 0, 0, 1, 3
39, 58, 100, 79, 88, 100, 6, 80, 0, 54, 89, 68, 63, 39, 31, 0, 9
73, 100, 31, 79, 4, 48, 0, 15, 49, 0, 100, 14, 66, 33, 10, 28, 6
48, 62, 60, 100, 61, 56, 37, 19, 0, 0, 20, 13, 60, 8, 100, 1, 2
25, 67, 41, 100, 80, 91, 61, 53, 24, 26, 0, 15, 49, 6, 100, 0, 2
35, 86, 56, 65, 100, 27, 23, 0, 6, 28, 65, 64, 98, 100, 0, 85, 8
54, 96, 83, 63, 100, 100, 29, 80, 87, 63, 96, 54, 78, 4, 0, 0, 9
46, 83, 41, 52, 38, 15, 0, 0, 18, 32, 36, 65, 59, 87, 100, 100, 5
0, 91, 41, 100, 67, 76, 53, 61, 99, 48, 100, 15, 54, 0, 6, 7, 3
0, 89, 4, 47, 21, 0, 73, 2, 100, 45, 78, 89, 25, 100, 14, 54, 0
26, 88, 33, 56, 93, 36, 64, 0, 11, 10, 0, 55, 31, 88, 100, 100, 5
100, 79, 64, 100, 30, 86, 63, 73, 77, 63, 72, 27, 42, 0, 0, 5, 9
85, 100, 32, 76, 0, 44, 74, 48, 100, 66, 76, 92, 72, 44, 67, 0, 4
54, 77, 47, 98, 100, 100, 93, 74, 77, 43, 96, 11, 46, 0, 0, 16, 3
42, 100, 12, 68, 0, 27, 32, 0, 76, 9, 100, 44, 88, 85, 47, 85, 0
23, 100, 0, 58, 8, 12, 58, 0, 99, 29, 100, 75, 56, 100, 14, 78, 0
100, 86, 79, 89, 15, 100, 8, 60, 71, 53, 99, 19, 43, 0, 0, 13, 5
56, 100, 19, 76, 0, 33, 24, 0, 74, 25, 100, 65, 70, 87, 23, 60, 0
47, 86, 87, 100, 100, 74, 67, 51, 97, 32, 96, 7, 48, 0, 0, 7, 3
0, 80, 22, 100, 43, 71, 36, 37, 9, 8, 7, 12, 54, 16, 100, 0, 2
11, 83, 0, 38, 21, 0, 71, 1, 100, 37, 87, 80, 41, 100, 5, 71, 0
100, 100, 58, 81, 27, 56, 1, 28, 0, 0, 53, 5, 53, 30, 0, 27, 6
77, 100, 28, 80, 63, 41, 59, 0, 0, 10, 47, 44, 100, 75, 61, 94, 8
0, 39, 35, 58, 69, 76, 100, 100, 86, 88, 69, 60, 52, 30, 45, 0, 1
34, 74, 75, 100, 100, 69, 76, 27, 34, 0, 0, 10, 49, 15, 100, 5, 2
92, 100, 49, 88, 8, 59, 56, 45, 100, 69, 82, 56, 39, 29, 0, 0, 4
51, 83, 75, 100, 82, 76, 74, 47, 100, 24, 74, 3, 32, 0, 0, 16, 3
25, 79, 58, 100, 88, 84, 56, 56, 79, 43, 100, 19, 54, 0, 0, 8, 3
32, 90, 65, 100, 100, 90, 75, 71, 59, 50, 68, 27, 39, 10, 0, 0, 3
80, 89, 54, 100, 40, 68, 81, 78, 100, 46, 92, 10, 46, 0, 0, 6, 9
40, 100, 13, 69, 0, 30, 22, 0, 73, 19, 100, 53, 92, 91, 39, 95, 0
9, 86, 48, 100, 68, 76, 59, 46, 33, 21, 0, 0, 49, 3, 100, 6, 2
26, 88, 61, 100, 100, 94, 88, 67, 97, 40, 78, 17, 40, 6, 0, 0, 3
17, 73, 35, 43, 37, 10, 0, 0, 7, 36, 18, 70, 58, 87, 100, 100, 5
7, 66, 74, 94, 100, 100, 89, 58, 83, 16, 15, 0, 0, 3, 94, 4, 1
56, 100, 20, 79, 0, 45, 29, 18, 74, 27, 100, 61, 76, 35, 60, 0, 4
5, 100, 31, 93, 0, 63, 52, 50, 100, 72, 62, 61, 31, 31, 1, 0, 4
0, 84, 30, 100, 36, 75, 28, 52, 89, 52, 100, 27, 64, 6, 6, 0, 3
100, 97, 57, 100, 26, 87, 21, 51, 63, 45, 75, 12, 37, 0, 0, 3, 5
78, 88, 4, 100, 0, 73, 86, 85, 100, 91, 76, 61, 58, 30, 64, 0, 9
36, 90, 79, 100, 100, 98, 50, 88, 32, 59, 76, 37, 47, 5, 0, 0, 5
0, 90, 41, 100, 90, 74, 81, 36, 51, 0, 36, 1, 24, 36, 100, 40, 7
84, 73, 83, 100, 33, 81, 67, 57, 100, 72, 100, 31, 64, 2, 0, 0, 9
97, 100, 65, 82, 33, 53, 15, 20, 54, 0, 100, 19, 58, 39, 0, 35, 6
31, 100, 5, 81, 0, 59, 27, 41, 72, 41, 100, 43, 81, 22, 69, 0, 4
20, 70, 39, 100, 100, 88, 67, 44, 30, 1, 64, 0, 22, 41, 0, 85, 8
10, 60, 31, 100, 61, 82, 37, 36, 2, 0, 0, 0, 50, 2, 100, 3, 2
60, 81, 12, 100, 0, 70, 28, 34, 28, 0, 12, 33, 52, 64, 100, 91, 8
57, 91, 22, 70, 0, 24, 37, 0, 81, 21, 100, 67, 69, 100, 30, 73, 0
0, 78, 38, 100, 100, 96, 93, 69, 57, 45, 15, 21, 18, 3, 85, 0, 2
46, 100, 9, 78, 0, 51, 4, 24, 37, 0, 100, 7, 67, 24, 22, 6, 6
34, 100, 90, 97, 100, 73, 64, 45, 34, 15, 15, 0, 0, 32, 57, 30, 7
88, 82, 44, 100, 49, 68, 100, 84, 93, 63, 98, 23, 57, 0, 0, 12, 9
100, 100, 62, 90, 31, 61, 12, 28, 33, 0, 78, 13, 44, 27, 0, 10, 6
0, 89, 21, 72, 62, 94, 11, 100, 57, 73, 100, 45, 74, 13, 9, 0, 9
40, 100, 16, 70, 0, 33, 20, 0, 70, 13, 100, 45, 88, 82, 37, 85, 0
52, 69, 82, 100, 75, 76, 61, 35, 47, 0, 0, 8, 50, 7, 100, 8, 1
0, 56, 76, 49, 100, 11, 31, 0, 45, 39, 95, 73, 71, 100, 11, 74, 8
63, 78, 59, 100, 100, 94, 70, 68, 91, 48, 94, 27, 48, 12, 0, 0, 3
0, 80, 36, 100, 81, 92, 49, 65, 86, 53, 100, 24, 57, 4, 6, 0, 3
12, 100, 0, 75, 11, 44, 98, 39, 100, 56, 68, 68, 58, 32, 60, 0, 4
45, 67, 19, 31, 48, 0, 85, 26, 100, 74, 69, 100, 28, 80, 0, 43, 0
64, 89, 66, 58, 74, 8, 0, 0, 20, 41, 92, 64, 100, 100, 24, 95, 8
0, 41, 47, 58, 92, 84, 100, 100, 84, 71, 71, 42, 66, 13, 74, 0, 1
44, 56, 99, 74, 100, 100, 30, 80, 0, 49, 74, 64, 62, 39, 36, 0, 9
0, 81, 20, 100, 64, 100, 100, 85, 72, 60, 35, 42, 46, 21, 79, 0, 3
0, 63, 38, 79, 75, 99, 100, 100, 88, 75, 78, 48, 70, 22, 58, 0, 1
75, 100, 32, 76, 9, 50, 0, 22, 37, 0, 100, 15, 89, 40, 39, 22, 6
4, 80, 3, 52, 47, 54, 55, 0, 10, 2, 0, 80, 43, 100, 100, 95, 5
100, 100, 80, 100, 38, 71, 11, 34, 31, 0, 81, 12, 53, 45, 0, 45, 6
88, 95, 43, 99, 8, 65, 0, 23, 40, 0, 88, 21, 100, 61, 79, 100, 0
0, 52, 23, 0, 79, 5, 100, 58, 59, 60, 74, 64, 79, 100, 27, 74, 0
0, 36, 30, 59, 66, 79, 100, 100, 76, 75, 50, 51, 26, 26, 17, 0, 1
0, 88, 34, 100, 92, 80, 89, 39, 62, 0, 38, 14, 32, 41, 100, 41, 7
66, 74, 23, 100, 14, 69, 64, 36, 47, 0, 0, 23, 35, 60, 100, 87, 8
81, 100, 30, 80, 2, 52, 0, 21, 45, 0, 100, 11, 72, 35, 21, 19, 6
36, 70, 42, 100, 69, 70, 55, 32, 19, 3, 0, 8, 50, 9, 100, 0, 2
61, 79, 90, 100, 100, 78, 76, 54, 42, 32, 7, 13, 0, 0, 49, 3, 2
0, 83, 43, 100, 72, 76, 35, 51, 69, 45, 100, 21, 59, 0, 5, 0, 3
30, 84, 36, 100, 79, 90, 56, 63, 86, 51, 100, 26, 61, 4, 0, 0, 3
89, 90, 49, 100, 14, 73, 11, 41, 49, 17, 100, 28, 41, 24, 0, 0, 6
40, 83, 81, 46, 79, 7, 5, 0, 51, 35, 100, 71, 72, 100, 0, 77, 8
40, 99, 5, 63, 46, 41, 9, 0, 0, 34, 1, 86, 37, 100, 100, 96, 5
40, 81, 67, 65, 100, 27, 38, 0, 0, 24, 46, 61, 81, 99, 27, 100, 8
24, 82, 62, 100, 76, 71, 52, 40, 13, 16, 0, 13, 52, 13, 100, 0, 2
0, 48, 13, 65, 47, 83, 82, 100, 100, 94, 77, 63, 54, 33, 45, 0, 1
0, 88, 40, 100, 65, 81, 51, 55, 30, 29, 11, 4, 51, 0, 100, 6, 2
20, 87, 60, 100, 69, 75, 50, 52, 100, 44, 96, 18, 51, 1, 0, 0, 3
50, 54, 80, 96, 38, 100, 37, 50, 46, 0, 0, 15, 45, 45, 100, 61, 8
32, 72, 57, 93, 100, 100, 87, 78, 62, 56, 61, 30, 44, 7, 0, 0, 3
49, 99, 5, 74, 0, 24, 46, 0, 98, 21, 100, 70, 55, 100, 5, 79, 0
30, 100, 0, 58, 23, 39, 63, 14, 13, 0, 24, 52, 44, 96, 100, 93, 5
10, 94, 0, 98, 65, 100, 100, 100, 66, 76, 47, 49, 36, 22, 52, 0, 7
0, 93, 36, 100, 79, 98, 94, 79, 72, 57, 100, 33, 79, 11, 38, 0, 3
26, 91, 70, 100, 86, 75, 49, 52, 11, 29, 0, 3, 49, 0, 100, 3, 2
29, 98, 0, 55, 43, 36, 43, 0, 21, 17, 28, 64, 41, 98, 100, 100, 5
6, 89, 52, 100, 100, 91, 93, 65, 62, 43, 25, 23, 0, 2, 55, 0, 2
0, 95, 32, 100, 78, 94, 73, 55, 61, 13, 50, 0, 53, 32, 100, 32, 7
61, 100, 40, 63, 0, 34, 36, 40, 100, 44, 81, 73, 60, 36, 46, 0, 4
20, 60, 0, 83, 15, 39, 100, 9, 30, 0, 47, 54, 67, 100, 2, 59, 8
33, 85, 69, 100, 78, 78, 53, 56, 100, 44, 93, 16, 48, 1, 0, 0, 3
0, 99, 28, 100, 65, 95, 100, 89, 95, 66, 72, 43, 50, 18, 45, 0, 7
39, 100, 10, 72, 0, 39, 68, 25, 100, 48, 96, 65, 72, 33, 68, 0, 4
67, 100, 35, 79, 17, 48, 24, 15, 70, 0, 100, 21, 45, 21, 0, 3, 6
0, 75, 26, 100, 61, 87, 55, 48, 24, 22, 26, 3, 65, 1, 100, 0, 2
0, 94, 41, 100, 71, 77, 53, 39, 42, 0, 15, 32, 47, 42, 100, 40, 7
29, 85, 82, 100, 100, 100, 43, 85, 27, 51, 81, 32, 57, 0, 0, 0, 5
100, 86, 49, 100, 3, 79, 37, 43, 59, 5, 9, 0, 0, 40, 43, 70, 8
1, 13, 46, 53, 72, 100, 13, 97, 39, 54, 100, 23, 56, 0, 0, 19, 8
100, 100, 48, 89, 12, 65, 0, 38, 15, 12, 79, 0, 70, 26, 3, 23, 6
0, 88, 55, 100, 100, 87, 65, 48, 39, 4, 19, 0, 22, 35, 87, 42, 7
0, 74, 44, 86, 94, 100, 100, 85, 79, 64, 54, 42, 31, 21, 8, 0, 1
67, 100, 25, 81, 0, 49, 0, 15, 51, 0, 100, 20, 63, 40, 9, 26, 6
0, 16, 33, 43, 69, 71, 100, 100, 97, 91, 77, 60, 57, 30, 44, 0, 1
25, 90, 24, 100, 61, 90, 31, 64, 77, 53, 100, 27, 68, 4, 0, 0, 3
14, 76, 57, 100, 63, 55, 13, 72, 71, 86, 100, 37, 52, 0, 0, 21, 9
0, 85, 35, 100, 77, 91, 65, 65, 68, 40, 100, 19, 73, 1, 24, 0, 3
4, 90, 53, 100, 100, 91, 66, 68, 78, 39, 97, 9, 51, 0, 0, 4, 3
100, 100, 49, 97, 15, 65, 0, 28, 33, 0, 85, 17, 62, 39, 20, 12, 6
97, 91, 33, 93, 55, 46, 54, 0, 0, 10, 49, 49, 100, 87, 30, 100, 8
23, 100, 9, 68, 0, 36, 49, 25, 100, 36, 99, 65, 93, 32, 83, 0, 4
57, 95, 59, 56, 76, 12, 0, 0, 28, 33, 100, 60, 96, 100, 21, 88, 8
26, 73, 35, 100, 100, 97, 78, 68, 46, 35, 26, 0, 0, 31, 52, 30, 7
72, 100, 31, 77, 4, 50, 0, 21, 40, 0, 100, 5, 88, 28, 28, 36, 6
23, 63, 42, 100, 63, 65, 39, 22, 0, 0, 13, 20, 56, 18, 100, 21, 2
89, 98, 57, 76, 63, 34, 19, 0, 0, 25, 55, 56, 100, 91, 36, 100, 8
78, 100, 29, 92, 4, 55, 0, 16, 54, 0, 100, 29, 44, 33, 3, 2, 6
2, 86, 4, 37, 31, 0, 74, 10, 100, 49, 80, 90, 35, 100, 0, 72, 0
21, 99, 0, 60, 3, 17, 50, 0, 94, 25, 100, 68, 64, 100, 15, 90, 0
58, 100, 21, 80, 0, 48, 9, 14, 56, 0, 100, 16, 64, 27, 25, 8, 6
76, 100, 23, 90, 41, 60, 92, 76, 100, 79, 93, 42, 56, 13, 0, 0, 9
54, 77, 30, 37, 0, 0, 13, 25, 55, 54, 100, 80, 89, 100, 37, 86, 8
9, 96, 13, 59, 76, 45, 60, 0, 3, 12, 0, 63, 24, 100, 100, 100, 5
0, 97, 38, 100, 89, 75, 59, 37, 25, 0, 8, 12, 29, 41, 100, 39, 7
7, 54, 43, 76, 76, 100, 100, 99, 78, 74, 57, 49, 28, 24, 0, 0, 1
40, 100, 0, 58, 93, 90, 6, 92, 11, 52, 9, 0, 100, 34, 0, 38, 8
85, 100, 38, 76, 0, 42, 82, 41, 100, 61, 78, 95, 75, 47, 71, 0, 4
100, 100, 55, 82, 22, 55, 0, 27, 11, 0, 95, 11, 85, 35, 9, 21, 6
38, 92, 11, 62, 0, 27, 27, 0, 75, 6, 100, 36, 88, 71, 59, 100, 0
27, 94, 0, 70, 59, 55, 52, 8, 0, 0, 8, 53, 37, 94, 100, 100, 5
20, 91, 61, 100, 71, 78, 59, 51, 100, 34, 86, 11, 37, 0, 0, 1, 3
30, 100, 33, 81, 4, 54, 0, 29, 70, 27, 100, 49, 94, 29, 98, 0, 4
0, 49, 27, 64, 65, 84, 100, 100, 83, 75, 62, 50, 46, 25, 33, 0, 1
14, 100, 0, 75, 7, 47, 72, 48, 100, 62, 83, 58, 82, 29, 84, 0, 4
84, 100, 38, 77, 8, 50, 0, 22, 40, 0, 100, 9, 54, 25, 2, 13, 6
15, 91, 23, 65, 92, 46, 68, 0, 10, 14, 0, 63, 7, 97, 100, 100, 5
51, 62, 56, 100, 1, 82, 33, 42, 65, 1, 0, 0, 32, 40, 100, 65, 8
0, 97, 68, 100, 66, 69, 55, 35, 54, 0, 31, 1, 32, 25, 100, 33, 7
0, 64, 26, 81, 74, 100, 100, 98, 80, 74, 67, 49, 62, 24, 70, 0, 1
14, 57, 56, 78, 100, 100, 98, 90, 82, 62, 75, 35, 63, 8, 0, 0, 1
0, 96, 27, 100, 73, 99, 100, 83, 85, 60, 60, 40, 33, 20, 8, 0, 7
100, 91, 69, 100, 53, 63, 85, 70, 90, 63, 80, 23, 44, 0, 0, 7, 9
100, 99, 89, 100, 46, 75, 15, 48, 0, 20, 43, 0, 96, 10, 24, 22, 6
39, 78, 25, 97, 74, 100, 100, 81, 85, 57, 72, 32, 46, 10, 0, 0, 3
91, 100, 36, 85, 3, 56, 0, 22, 45, 0, 100, 9, 60, 25, 18, 2, 6
18, 68, 0, 21, 44, 0, 89, 22, 100, 75, 58, 100, 11, 81, 1, 31, 0
26, 94, 0, 80, 47, 41, 68, 0, 5, 9, 52, 46, 100, 84, 36, 100, 8
55, 89, 23, 90, 0, 49, 18, 8, 73, 0, 100, 37, 83, 80, 32, 100, 0
7, 57, 15, 93, 65, 100, 67, 63, 44, 27, 0, 0, 36, 11, 100, 11, 2
0, 89, 44, 100, 100, 73, 88, 35, 46, 0, 12, 9, 11, 35, 92, 34, 7
8, 84, 37, 100, 54, 72, 32, 42, 0, 18, 15, 10, 58, 5, 100, 0, 2
28, 100, 22, 73, 0, 41, 16, 22, 78, 25, 98, 50, 93, 24, 100, 0, 4
9, 96, 62, 100, 81, 67, 53, 31, 19, 0, 0, 37, 29, 47, 100, 47, 7
94, 100, 53, 75, 11, 52, 0, 41, 52, 38, 99, 43, 100, 38, 91, 0, 4
72, 97, 4, 91, 14, 45, 29, 0, 0, 30, 61, 65, 100, 100, 20, 86, 8
16, 100, 0, 72, 17, 48, 61, 46, 100, 48, 93, 58, 81, 29, 71, 0, 4
27, 73, 35, 48, 100, 14, 70, 0, 38, 38, 89, 75, 94, 100, 0, 86, 8
88, 100, 58, 71, 26, 45, 0, 35, 56, 34, 100, 46, 97, 32, 88, 0, 4
100, 100, 62, 76, 34, 49, 19, 20, 55, 0, 100, 16, 58, 34, 0, 32, 6
32, 100, 0, 70, 77, 67, 60, 95, 60, 86, 97, 52, 100, 13, 19, 0, 9
46, 90, 77, 100, 100, 76, 70, 50, 92, 36, 93, 8, 47, 0, 0, 6, 3
100, 81, 56, 100, 12, 79, 0, 33, 30, 0, 78, 14, 94, 58, 66, 93, 0
27, 100, 0, 69, 1, 26, 33, 0, 73, 8, 100, 41, 91, 77, 52, 75, 0
86, 61, 28, 48, 0, 75, 36, 100, 91, 89, 100, 57, 81, 26, 44, 0, 9
45, 75, 22, 99, 70, 100, 100, 80, 62, 50, 88, 23, 48, 0, 0, 8, 3
100, 86, 71, 100, 32, 90, 12, 61, 50, 58, 63, 27, 40, 0, 0, 2, 5
25, 100, 7, 82, 0, 46, 56, 28, 100, 55, 99, 73, 75, 37, 66, 0, 4
0, 33, 34, 52, 64, 76, 93, 100, 100, 90, 88, 60, 75, 30, 64, 0, 1
0, 88, 40, 100, 79, 86, 67, 44, 64, 0, 100, 15, 70, 32, 23, 37, 7
36, 85, 71, 100, 100, 82, 72, 56, 36, 35, 0, 13, 33, 0, 88, 0, 2
3, 65, 37, 55, 100, 81, 54, 100, 0, 75, 85, 68, 69, 34, 58, 0, 9
36, 78, 66, 100, 83, 82, 81, 59, 100, 30, 82, 3, 38, 0, 0, 16, 3
0, 39, 4, 57, 51, 79, 100, 100, 96, 81, 68, 54, 40, 27, 15, 0, 1
0, 51, 29, 68, 57, 85, 87, 100, 100, 84, 87, 56, 70, 28, 58, 0, 1
5, 67, 30, 100, 60, 78, 41, 39, 5, 10, 0, 20, 49, 6, 100, 0, 2
48, 100, 12, 64, 0, 20, 43, 0, 91, 25, 100, 69, 62, 98, 13, 76, 0
70, 100, 38, 79, 6, 54, 0, 34, 65, 30, 100, 45, 88, 28, 80, 0, 4
49, 91, 14, 65, 0, 31, 18, 0, 81, 6, 100, 38, 86, 72, 49, 100, 0
28, 83, 5, 52, 0, 17, 35, 0, 78, 10, 100, 40, 89, 73, 60, 100, 0
68, 100, 59, 72, 25, 44, 0, 33, 54, 32, 100, 35, 98, 35, 86, 0, 4
86, 62, 21, 57, 0, 80, 51, 100, 98, 82, 100, 54, 88, 27, 84, 0, 9
96, 100, 44, 85, 14, 53, 7, 18, 57, 0, 100, 19, 57, 40, 0, 28, 6
43, 67, 83, 33, 78, 0, 9, 9, 57, 41, 100, 73, 57, 100, 0, 78, 8
16, 69, 8, 28, 43, 0, 87, 23, 100, 64, 75, 100, 25, 94, 0, 57, 0
0, 100, 45, 92, 100, 78, 67, 39, 31, 1, 10, 0, 27, 28, 93, 34, 7
5, 73, 0, 27, 38, 0, 81, 12, 100, 58, 78, 100, 31, 99, 10, 57, 0
0, 58, 26, 62, 63, 85, 100, 100, 76, 75, 51, 51, 32, 25, 20, 0, 1
33, 100, 0, 84, 3, 54, 52, 41, 100, 46, 69, 59, 51, 30, 41, 0, 4
17, 98, 0, 47, 31, 3, 84, 0, 100, 50, 71, 98, 23, 100, 3, 52, 0
12, 77, 36, 90, 44, 100, 37, 63, 46, 27, 100, 21, 47, 8, 0, 0, 1
50, 91, 36, 54, 63, 22, 17, 0, 0, 29, 6, 80, 48, 100, 100, 94, 5
0, 78, 30, 100, 62, 91, 48, 59, 24, 31, 14, 3, 57, 1, 100, 0, 2
32, 65, 51, 100, 56, 51, 35, 6, 0, 0, 27, 19, 63, 9, 100, 16, 2
79, 100, 42, 81, 10, 54, 0, 26, 24, 0, 100, 5, 88, 31, 8, 40, 6
100, 100, 69, 89, 46, 60, 27, 30, 32, 0, 68, 18, 40, 35, 0, 18, 6
88, 76, 52, 100, 33, 78, 82, 79, 93, 49, 100, 12, 53, 0, 0, 0, 9
35, 100, 38, 79, 6, 48, 67, 39, 100, 63, 76, 57, 34, 30, 0, 0, 4
81, 60, 96, 100, 0, 98, 49, 54, 96, 11, 13, 0, 33, 45, 100, 86, 8
100, 100, 81, 99, 48, 74, 19, 47, 0, 15, 30, 0, 51, 25, 8, 29, 6
15, 75, 38, 100, 55, 68, 37, 33, 3, 6, 0, 3, 50, 5, 100, 0, 2
0, 89, 40, 100, 64, 70, 55, 27, 38, 0, 15, 30, 57, 36, 100, 39, 7
39, 82, 69, 100, 96, 80, 60, 61, 100, 44, 88, 14, 43, 0, 0, 10, 3
0, 82, 27, 100, 35, 70, 18, 40, 6, 8, 41, 0, 78, 1, 100, 3, 2
39, 84, 17, 56, 31, 11, 74, 0, 100, 38, 87, 81, 44, 100, 0, 87, 0
46, 100, 1, 69, 0, 33, 64, 29, 100, 42, 75, 84, 65, 46, 62, 0, 4
74, 100, 32, 78, 13, 39, 15, 0, 71, 6, 100, 41, 47, 42, 0, 16, 6
76, 56, 75, 100, 0, 90, 35, 53, 95, 21, 47, 0, 57, 44, 100, 85, 8
20, 93, 74, 100, 100, 83, 78, 64, 41, 46, 0, 29, 11, 11, 78, 0, 2
0, 90, 60, 100, 100, 83, 72, 47, 40, 13, 4, 0, 25, 29, 92, 29, 7
100, 100, 43, 89, 7, 61, 0, 28, 31, 0, 87, 8, 71, 38, 11, 45, 6
36, 74, 77, 100, 69, 68, 50, 24, 35, 0, 0, 9, 50, 12, 100, 18, 1
43, 83, 54, 100, 73, 79, 51, 60, 100, 49, 88, 19, 42, 0, 0, 10, 3
64, 100, 38, 67, 2, 38, 0, 28, 62, 32, 100, 53, 88, 34, 79, 0, 4
34, 80, 65, 100, 100, 80, 80, 51, 41, 28, 0, 7, 37, 0, 95, 5, 2
0, 97, 76, 100, 100, 74, 62, 40, 33, 6, 4, 0, 11, 22, 91, 24, 7
14, 65, 36, 100, 67, 82, 50, 40, 17, 6, 0, 0, 50, 4, 100, 2, 2
57, 82, 81, 100, 84, 78, 57, 57, 100, 51, 86, 20, 47, 2, 0, 0, 3
0, 54, 59, 54, 100, 23, 45, 0, 41, 34, 79, 69, 65, 100, 13, 75, 8
49, 100, 79, 95, 61, 63, 67, 47, 100, 27, 73, 4, 31, 0, 0, 13, 3
78, 100, 41, 73, 0, 48, 35, 37, 100, 40, 83, 59, 56, 30, 37, 0, 4
23, 100, 22, 75, 0, 44, 47, 32, 100, 46, 99, 68, 90, 34, 86, 0, 4
0, 49, 53, 74, 95, 100, 88, 94, 74, 65, 72, 37, 82, 9, 100, 0, 1
29, 87, 66, 100, 100, 97, 74, 76, 69, 52, 72, 29, 38, 12, 0, 0, 3
31, 87, 59, 100, 59, 69, 74, 64, 100, 42, 84, 11, 44, 0, 0, 0, 3
29, 87, 100, 100, 83, 97, 10, 84, 31, 63, 93, 46, 66, 17, 0, 0, 5
10, 23, 56, 59, 67, 100, 0, 93, 44, 57, 100, 25, 50, 0, 16, 26, 8
2, 91, 48, 100, 63, 65, 51, 25, 30, 0, 0, 30, 50, 35, 100, 35, 7
96, 100, 55, 79, 68, 64, 100, 89, 99, 57, 84, 25, 46, 1, 0, 0, 9
43, 89, 25, 59, 76, 31, 41, 0, 0, 21, 6, 65, 33, 100, 100, 99, 5
15, 77, 42, 100, 76, 87, 41, 62, 93, 56, 100, 29, 58, 7, 0, 0, 3
100, 100, 0, 86, 0, 72, 0, 57, 0, 43, 0, 28, 50, 14, 50, 0, 1
28, 87, 70, 100, 68, 68, 40, 39, 5, 13, 0, 9, 51, 8, 100, 0, 2
86, 100, 39, 87, 12, 57, 0, 26, 31, 0, 100, 8, 61, 21, 2, 6, 6
19, 68, 32, 100, 68, 79, 59, 39, 25, 10, 0, 4, 50, 4, 100, 0, 2
100, 94, 66, 100, 24, 86, 19, 51, 65, 40, 90, 14, 48, 0, 0, 3, 5
59, 79, 35, 73, 72, 36, 35, 0, 5, 24, 0, 70, 32, 100, 100, 97, 5
0, 94, 9, 35, 42, 7, 78, 0, 100, 41, 73, 85, 37, 100, 8, 70, 0
36, 97, 0, 59, 9, 14, 61, 0, 99, 34, 100, 81, 53, 100, 5, 73, 0
16, 71, 20, 100, 52, 81, 36, 49, 5, 22, 0, 2, 50, 3, 100, 0, 2
52, 100, 21, 67, 29, 14, 72, 0, 100, 40, 80, 88, 35, 97, 0, 65, 0
0, 80, 44, 100, 74, 70, 52, 33, 20, 0, 5, 30, 45, 41, 100, 41, 7
100, 100, 72, 88, 52, 60, 34, 31, 32, 0, 75, 4, 51, 25, 0, 24, 6
40, 94, 0, 65, 51, 39, 51, 0, 11, 15, 5, 63, 35, 93, 100, 100, 5
0, 90, 22, 62, 79, 45, 56, 0, 22, 40, 4, 93, 25, 99, 100, 100, 5
10, 79, 18, 48, 39, 17, 0, 0, 3, 38, 10, 71, 54, 87, 100, 100, 5
17, 98, 80, 100, 100, 67, 67, 33, 26, 0, 0, 7, 0, 23, 89, 19, 7
65, 94, 100, 100, 82, 83, 71, 67, 41, 50, 18, 33, 6, 17, 0, 0, 1
7, 58, 31, 100, 59, 71, 41, 22, 0, 0, 7, 22, 54, 12, 100, 0, 2
0, 98, 67, 100, 100, 72, 88, 36, 72, 0, 54, 0, 19, 31, 87, 32, 7
0, 66, 78, 89, 100, 100, 88, 75, 78, 51, 72, 26, 56, 3, 69, 0, 1
51, 100, 25, 74, 0, 47, 57, 42, 100, 46, 80, 72, 70, 35, 56, 0, 4
24, 86, 3, 62, 49, 32, 42, 0, 0, 19, 9, 61, 37, 94, 100, 100, 5
0, 39, 21, 57, 63, 78, 100, 100, 94, 82, 78, 54, 65, 27, 57, 0, 1
100, 100, 64, 93, 36, 67, 14, 36, 11, 0, 48, 4, 34, 19, 0, 3, 6
12, 73, 22, 100, 72, 80, 26, 54, 56, 47, 100, 20, 50, 0, 0, 18, 3
100, 79, 84, 100, 45, 87, 95, 95, 99, 72, 67, 40, 33, 10, 0, 0, 9
93, 100, 52, 91, 23, 57, 11, 20, 60, 0, 100, 29, 41, 30, 0, 0, 6
82, 95, 26, 90, 90, 75, 52, 100, 27, 81, 100, 63, 67, 25, 0, 0, 9
75, 100, 31, 90, 3, 59, 0, 25, 39, 0, 100, 14, 75, 39, 11, 29, 6
15, 87, 60, 100, 95, 84, 50, 66, 96, 49, 100, 18, 56, 0, 0, 1, 3
90, 82, 4, 94, 44, 49, 62, 0, 0, 7, 49, 50, 100, 92, 21, 100, 8
70, 100, 25, 75, 0, 34, 25, 0, 73, 22, 100, 62, 75, 98, 23, 93, 0
100, 94, 90, 100, 45, 89, 24, 59, 66, 47, 85, 20, 47, 3, 0, 0, 5
0, 64, 43, 73, 79, 91, 100, 100, 92, 75, 84, 49, 78, 23, 74, 0, 1
0, 38, 29, 61, 63, 80, 95, 100, 100, 87, 81, 59, 62, 29, 47, 0, 1
32, 100, 0, 72, 1, 39, 50, 32, 100, 35, 87, 59, 77, 32, 58, 0, 4
0, 95, 53, 100, 81, 67, 61, 24, 49, 0, 7, 29, 42, 42, 100, 43, 7
100, 100, 39, 93, 43, 59, 70, 25, 32, 0, 0, 24, 34, 56, 79, 84, 8
98, 100, 31, 97, 48, 60, 72, 23, 16, 0, 0, 30, 47, 62, 100, 92, 8
42, 63, 100, 85, 54, 100, 42, 62, 62, 22, 0, 0, 0, 27, 73, 51, 8
33, 100, 11, 75, 0, 43, 44, 24, 91, 30, 100, 62, 76, 33, 64, 0, 4
0, 39, 62, 67, 86, 100, 6, 87, 38, 54, 100, 26, 72, 0, 1, 17, 8
0, 93, 51, 100, 100, 84, 75, 42, 50, 0, 30, 1, 36, 28, 94, 29, 7
48, 68, 59, 95, 100, 100, 78, 62, 43, 31, 0, 9, 40, 11, 88, 0, 2
14, 78, 38, 100, 82, 81, 69, 46, 24, 24, 0, 30, 54, 21, 100, 0, 2
19, 80, 46, 100, 46, 66, 28, 35, 0, 12, 24, 1, 63, 0, 100, 1, 2
0, 94, 50, 100, 68, 71, 59, 35, 45, 0, 18, 27, 47, 40, 100, 39, 7
79, 100, 46, 82, 13, 52, 0, 18, 48, 0, 100, 18, 58, 37, 0, 27, 6
44, 79, 19, 60, 6, 14, 55, 0, 100, 34, 92, 79, 35, 100, 0, 69, 0
60, 100, 46, 70, 9, 40, 0, 38, 57, 31, 100, 53, 91, 36, 75, 0, 4
14, 84, 24, 100, 81, 89, 42, 65, 27, 47, 100, 37, 71, 12, 0, 0, 3
31, 94, 100, 100, 66, 96, 5, 79, 0, 50, 69, 37, 92, 10, 22, 0, 5
84, 97, 40, 79, 0, 39, 9, 0, 62, 26, 100, 67, 71, 100, 15, 80, 0
64, 100, 15, 77, 0, 45, 100, 59, 84, 78, 58, 90, 56, 44, 67, 0, 4
11, 100, 0, 86, 2, 66, 26, 47, 81, 44, 100, 40, 83, 20, 79, 0, 4
23, 65, 37, 100, 72, 83, 64, 45, 36, 12, 0, 3, 48, 10, 100, 0, 2
13, 72, 27, 98, 93, 100, 100, 75, 58, 54, 85, 37, 56, 14, 0, 0, 3
56, 100, 66, 64, 100, 92, 42, 95, 65, 61, 74, 52, 62, 3, 0, 0, 9
33, 95, 29, 61, 71, 39, 38, 0, 0, 15, 10, 71, 45, 98, 100, 100, 5
14, 63, 1, 32, 34, 0, 78, 4, 100, 47, 79, 92, 37, 100, 0, 71, 0
0, 37, 28, 55, 62, 79, 100, 100, 98, 84, 84, 55, 76, 26, 67, 0, 1
51, 100, 24, 83, 6, 54, 0, 25, 31, 0, 100, 15, 57, 32, 10, 11, 6
53, 100, 36, 91, 15, 55, 10, 17, 61, 0, 100, 21, 59, 50, 0, 61, 6
57, 60, 61, 61, 100, 100, 37, 99, 62, 78, 93, 52, 67, 2, 0, 0, 9
90, 100, 53, 75, 16, 45, 0, 35, 52, 35, 100, 44, 96, 41, 87, 0, 4
15, 67, 44, 100, 51, 91, 44, 44, 29, 0, 0, 1, 50, 4, 100, 2, 1
38, 100, 10, 67, 0, 28, 26, 0, 73, 13, 100, 45, 76, 77, 29, 88, 0
38, 100, 11, 71, 0, 30, 33, 0, 82, 5, 100, 43, 76, 79, 28, 88, 0
100, 100, 66, 99, 23, 69, 0, 35, 17, 1, 94, 0, 86, 30, 10, 29, 6
70, 98, 100, 100, 49, 96, 25, 62, 63, 53, 78, 24, 39, 0, 0, 5, 5
0, 87, 6, 97, 64, 100, 100, 93, 71, 72, 50, 49, 34, 25, 30, 0, 7
0, 70, 33, 100, 100, 94, 100, 59, 75, 25, 47, 0, 69, 34, 14, 61, 8
92, 76, 28, 67, 3, 100, 58, 98, 77, 61, 100, 24, 80, 0, 0, 8, 9
12, 91, 55, 98, 100, 100, 100, 83, 67, 64, 54, 39, 37, 14, 0, 0, 3
80, 100, 28, 96, 0, 20, 52, 0, 100, 65, 61, 94, 57, 68, 32, 30, 0
85, 84, 39, 95, 0, 57, 10, 9, 62, 0, 100, 38, 92, 88, 43, 100, 0
13, 79, 31, 100, 73, 82, 59, 45, 17, 19, 0, 23, 53, 17, 100, 0, 2
0, 74, 82, 79, 100, 100, 19, 92, 7, 73, 88, 77, 54, 39, 18, 0, 9
100, 94, 76, 100, 44, 82, 18, 59, 0, 29, 6, 0, 41, 7, 22, 25, 6
20, 75, 32, 25, 66, 0, 100, 8, 98, 59, 68, 90, 32, 100, 0, 78, 0
33, 89, 63, 100, 58, 50, 35, 10, 0, 9, 31, 27, 65, 4, 100, 0, 2
100, 81, 52, 100, 6, 75, 0, 39, 31, 6, 90, 0, 68, 30, 10, 19, 6
0, 99, 40, 100, 66, 66, 58, 24, 38, 0, 11, 37, 42, 51, 100, 53, 7
64, 100, 41, 71, 5, 43, 0, 36, 57, 36, 100, 49, 88, 36, 87, 0, 4
30, 89, 0, 64, 22, 22, 63, 0, 100, 24, 90, 68, 51, 97, 5, 100, 0
46, 95, 87, 100, 92, 56, 59, 20, 15, 0, 0, 12, 50, 14, 100, 11, 2
100, 100, 46, 93, 11, 62, 0, 26, 42, 0, 96, 18, 55, 31, 35, 2, 6
25, 100, 71, 93, 77, 57, 59, 20, 30, 0, 0, 28, 50, 25, 100, 14, 7
34, 84, 9, 64, 0, 25, 41, 0, 88, 27, 100, 67, 68, 100, 12, 85, 0
82, 83, 39, 100, 10, 64, 71, 33, 72, 0, 0, 10, 42, 48, 100, 82, 8
0, 98, 57, 100, 100, 88, 75, 52, 61, 13, 55, 0, 30, 36, 77, 49, 7
23, 71, 61, 100, 70, 92, 52, 46, 41, 0, 0, 8, 50, 11, 100, 14, 1
0, 81, 41, 100, 76, 81, 69, 40, 55, 0, 30, 16, 51, 31, 100, 32, 7
0, 39, 39, 59, 80, 82, 100, 100, 74, 76, 52, 51, 37, 25, 33, 0, 1
14, 70, 58, 36, 28, 0, 0, 30, 48, 66, 100, 100, 46, 95, 22, 55, 8
0, 63, 29, 83, 67, 100, 100, 97, 84, 72, 61, 48, 40, 23, 19, 0, 1
2, 64, 31, 33, 47, 3, 0, 0, 3, 39, 8, 74, 54, 89, 100, 100, 5
20, 100, 18, 81, 3, 50, 0, 30, 61, 29, 100, 45, 87, 26, 86, 0, 4
0, 37, 10, 55, 72, 77, 100, 100, 83, 75, 72, 50, 55, 25, 41, 0, 1
72, 88, 13, 100, 0, 67, 28, 30, 22, 0, 3, 34, 51, 62, 100, 90, 8
35, 77, 53, 100, 66, 74, 42, 45, 8, 19, 0, 15, 51, 11, 100, 0, 2
100, 100, 67, 86, 26, 60, 0, 31, 16, 0, 71, 7, 65, 36, 5, 48, 6
100, 100, 62, 90, 56, 75, 38, 60, 25, 45, 12, 30, 0, 15, 0, 0, 1
100, 100, 59, 81, 29, 55, 4, 26, 11, 0, 60, 12, 51, 30, 0, 21, 6
58, 54, 98, 85, 96, 100, 79, 64, 52, 27, 0, 0, 10, 3, 100, 5, 1
0, 55, 37, 75, 80, 94, 100, 100, 80, 76, 63, 51, 47, 25, 39, 0, 1
52, 86, 27, 100, 0, 73, 56, 73, 100, 85, 87, 48, 58, 14, 5, 0, 9
54, 86, 88, 100, 100, 99, 64, 89, 36, 64, 50, 31, 32, 0, 0, 1, 5
0, 96, 64, 100, 100, 73, 90, 41, 77, 8, 53, 0, 25, 26, 100, 30, 7
51, 75, 45, 31, 71, 0, 100, 24, 96, 71, 66, 100, 30, 91, 0, 63, 0
20, 98, 9, 55, 71, 53, 70, 0, 0, 5, 10, 60, 24, 93, 100, 100, 5
0, 65, 52, 78, 77, 100, 77, 89, 76, 66, 76, 43, 77, 19, 100, 0, 1
60, 65, 95, 100, 100, 76, 67, 38, 37, 0, 76, 8, 57, 44, 0, 62, 8
100, 82, 39, 100, 16, 71, 56, 38, 68, 2, 0, 0, 21, 34, 93, 55, 8
35, 78, 92, 100, 100, 96, 85, 68, 88, 40, 79, 13, 0, 0, 27, 4, 1
0, 88, 47, 100, 100, 94, 97, 62, 75, 31, 52, 0, 38, 22, 58, 43, 7
23, 73, 60, 100, 54, 76, 40, 34, 22, 0, 0, 15, 50, 14, 100, 14, 1
33, 89, 19, 50, 35, 8, 78, 0, 100, 38, 85, 80, 45, 100, 0, 88, 0
29, 100, 72, 80, 65, 52, 38, 25, 0, 0, 2, 22, 25, 47, 100, 49, 7
0, 94, 59, 100, 86, 75, 72, 37, 61, 0, 37, 10, 28, 33, 100, 35, 7
11, 58, 65, 35, 67, 0, 4, 19, 41, 53, 100, 81, 57, 100, 0, 79, 8
69, 100, 26, 88, 70, 76, 72, 81, 88, 49, 100, 17, 56, 0, 0, 4, 9
0, 0, 45, 14, 85, 34, 100, 60, 88, 88, 43, 100, 37, 76, 88, 65, 9
23, 65, 43, 91, 59, 100, 47, 50, 36, 1, 0, 0, 50, 2, 100, 2, 1
7, 67, 22, 100, 46, 70, 35, 32, 0, 5, 2, 0, 51, 5, 100, 9, 2
0, 100, 62, 99, 100, 92, 66, 61, 43, 25, 21, 0, 11, 34, 73, 37, 7
88, 100, 38, 85, 18, 49, 19, 12, 65, 0, 100, 28, 53, 46, 0, 31, 6
29, 100, 18, 97, 9, 62, 0, 31, 71, 35, 100, 54, 94, 35, 89, 0, 4
34, 100, 0, 77, 11, 25, 56, 0, 100, 17, 99, 69, 52, 83, 34, 45, 0
91, 100, 52, 89, 24, 57, 13, 22, 57, 0, 100, 23, 60, 49, 0, 43, 6
4, 66, 27, 100, 47, 73, 29, 30, 0, 3, 31, 5, 65, 3, 100, 0, 2
6, 85, 47, 100, 76, 78, 56, 39, 36, 0, 0, 29, 47, 39, 100, 33, 7
54, 96, 23, 63, 0, 30, 15, 0, 74, 19, 99, 51, 100, 87, 47, 100, 0
0, 88, 39, 74, 88, 97, 13, 100, 34, 89, 100, 74, 81, 35, 51, 0, 9
0, 78, 23, 91, 61, 97, 100, 100, 87, 75, 78, 50, 71, 24, 68, 0, 7
21, 74, 4, 74, 2, 19, 63, 0, 100, 49, 71, 100, 10, 73, 0, 20, 0
0, 49, 30, 69, 69, 88, 100, 100, 80, 76, 62, 51, 45, 25, 32, 0, 1
100, 100, 54, 99, 16, 79, 0, 51, 48, 51, 76, 27, 47, 1, 1, 0, 5
90, 100, 100, 94, 50, 79, 40, 63, 20, 47, 10, 32, 0, 16, 0, 0, 1
0, 85, 39, 100, 84, 94, 62, 65, 77, 47, 100, 22, 63, 0, 25, 8, 3
0, 77, 44, 85, 100, 100, 88, 84, 71, 63, 60, 41, 58, 20, 77, 0, 1
0, 100, 24, 100, 63, 99, 100, 93, 81, 69, 57, 44, 39, 18, 32, 0, 7
47, 100, 3, 99, 14, 80, 43, 82, 72, 50, 100, 17, 58, 0, 0, 12, 9
20, 71, 30, 100, 75, 97, 59, 63, 25, 35, 0, 10, 50, 3, 100, 0, 2
47, 96, 35, 62, 44, 18, 5, 0, 0, 29, 18, 71, 56, 91, 100, 100, 5
9, 82, 52, 100, 66, 81, 38, 55, 89, 45, 100, 17, 55, 0, 0, 7, 3
53, 89, 59, 68, 77, 100, 38, 89, 100, 74, 93, 42, 57, 0, 0, 20, 9
0, 80, 35, 100, 50, 61, 33, 16, 10, 0, 18, 28, 59, 39, 100, 53, 7
4, 85, 18, 63, 74, 47, 47, 0, 9, 16, 0, 70, 34, 95, 100, 100, 5
19, 100, 0, 71, 0, 40, 51, 29, 100, 40, 90, 62, 82, 31, 82, 0, 4
27, 72, 42, 100, 87, 96, 69, 58, 35, 28, 0, 7, 50, 5, 100, 0, 2
39, 96, 24, 66, 100, 94, 19, 100, 30, 76, 95, 69, 70, 28, 0, 0, 9
4, 75, 55, 68, 100, 95, 46, 100, 0, 72, 51, 64, 62, 43, 35, 0, 9
39, 61, 95, 79, 65, 100, 0, 90, 13, 67, 80, 57, 100, 30, 85, 0, 9
0, 67, 52, 79, 81, 100, 88, 87, 88, 64, 88, 41, 90, 18, 100, 0, 1
12, 72, 50, 83, 92, 100, 100, 92, 75, 69, 47, 46, 22, 23, 0, 0, 1
3, 77, 2, 39, 39, 0, 90, 20, 100, 71, 53, 100, 0, 78, 10, 43, 0
0, 93, 11, 57, 69, 38, 42, 0, 4, 14, 5, 61, 35, 94, 100, 100, 5
100, 100, 54, 80, 19, 56, 0, 31, 17, 7, 81, 0, 98, 20, 31, 17, 6
6, 97, 65, 100, 100, 82, 70, 56, 42, 28, 27, 0, 0, 27, 47, 38, 7
0, 53, 39, 62, 72, 80, 100, 100, 93, 77, 82, 51, 73, 25, 68, 0, 1
0, 37, 17, 0, 66, 1, 100, 31, 96, 71, 59, 100, 12, 98, 9, 59, 0
67, 99, 18, 97, 32, 47, 69, 0, 0, 4, 45, 49, 100, 91, 42, 100, 8
55, 50, 100, 74, 76, 100, 7, 90, 0, 64, 72, 55, 97, 32, 83, 0, 9
7, 82, 69, 100, 100, 73, 55, 37, 15, 0, 74, 0, 34, 38, 0, 72, 8
43, 99, 84, 100, 80, 77, 70, 59, 100, 37, 80, 11, 39, 0, 0, 3, 3
100, 100, 48, 100, 9, 75, 8, 52, 61, 56, 85, 25, 49, 0, 0, 5, 5
9, 70, 32, 100, 59, 78, 36, 43, 0, 15, 6, 10, 52, 1, 100, 0, 2
36, 98, 8, 67, 0, 21, 40, 0, 85, 29, 100, 72, 59, 100, 15, 75, 0
20, 67, 0, 27, 36, 0, 84, 17, 100, 60, 77, 100, 31, 85, 10, 44, 0
63, 100, 41, 72, 0, 46, 4, 39, 58, 32, 100, 52, 86, 37, 77, 0, 4
19, 100, 0, 76, 29, 53, 98, 58, 100, 83, 87, 68, 84, 34, 86, 0, 4
100, 87, 52, 100, 13, 75, 65, 62, 96, 76, 84, 41, 60, 7, 0, 0, 9
11, 74, 22, 100, 93, 98, 91, 69, 49, 41, 0, 17, 25, 0, 100, 6, 2
0, 73, 25, 100, 54, 99, 39, 65, 18, 35, 22, 7, 61, 5, 100, 0, 2
40, 88, 23, 45, 39, 0, 85, 3, 100, 49, 79, 93, 32, 100, 0, 67, 0
16, 100, 8, 83, 0, 52, 40, 40, 88, 55, 100, 57, 75, 29, 60, 0, 4
71, 73, 92, 100, 18, 81, 25, 45, 45, 9, 0, 0, 18, 33, 100, 52, 8
66, 100, 39, 86, 11, 64, 36, 45, 100, 57, 66, 45, 32, 23, 0, 0, 4
87, 100, 48, 100, 17, 67, 6, 31, 38, 0, 100, 12, 52, 29, 0, 4, 6
3, 97, 42, 63, 100, 31, 61, 0, 0, 19, 38, 57, 80, 95, 32, 100, 8
65, 100, 28, 74, 0, 45, 0, 13, 50, 0, 100, 12, 58, 24, 5, 13, 6
23, 67, 43, 100, 73, 85, 68, 49, 41, 17, 0, 0, 49, 4, 100, 6, 2
0, 56, 29, 70, 66, 87, 100, 100, 88, 75, 73, 50, 58, 25, 48, 0, 1
13, 99, 0, 59, 10, 17, 62, 0, 100, 30, 87, 72, 41, 100, 0, 75, 0
28, 85, 11, 63, 82, 37, 88, 0, 9, 1, 0, 46, 16, 88, 100, 100, 5
91, 90, 31, 100, 0, 65, 57, 32, 84, 0, 15, 14, 44, 57, 100, 83, 8
91, 70, 83, 100, 15, 98, 40, 70, 100, 72, 100, 37, 70, 7, 0, 0, 9
49, 90, 32, 57, 61, 23, 5, 0, 0, 35, 9, 79, 34, 100, 100, 99, 5
42, 100, 19, 74, 0, 47, 7, 20, 62, 17, 100, 39, 84, 28, 82, 0, 4
0, 100, 54, 93, 57, 77, 57, 61, 61, 46, 61, 30, 68, 14, 100, 0, 1
17, 88, 56, 100, 100, 99, 92, 75, 61, 55, 70, 29, 42, 9, 0, 0, 3
0, 99, 57, 100, 97, 80, 77, 40, 48, 3, 28, 0, 42, 28, 100, 27, 7
45, 100, 23, 55, 27, 4, 73, 0, 100, 45, 85, 93, 30, 95, 0, 53, 0
71, 100, 47, 87, 21, 60, 0, 33, 24, 12, 97, 26, 100, 26, 76, 0, 4
0, 33, 26, 45, 51, 63, 75, 82, 100, 100, 89, 66, 74, 34, 71, 0, 1
0, 82, 41, 100, 75, 72, 68, 22, 42, 0, 11, 37, 54, 47, 100, 46, 7
7, 68, 22, 100, 54, 84, 42, 48, 15, 16, 0, 9, 50, 9, 100, 0, 2
0, 70, 19, 100, 65, 79, 59, 40, 12, 17, 3, 15, 59, 6, 100, 0, 2
0, 62, 53, 80, 100, 100, 83, 91, 63, 68, 47, 46, 33, 22, 33, 0, 1
60, 78, 100, 100, 38, 100, 0, 76, 70, 79, 96, 56, 75, 27, 44, 0, 9
14, 100, 83, 100, 100, 84, 67, 48, 47, 9, 27, 0, 0, 33, 75, 32, 7
0, 94, 61, 100, 96, 73, 79, 36, 68, 0, 100, 32, 88, 54, 17, 52, 7
88, 79, 80, 100, 15, 88, 59, 85, 100, 75, 76, 46, 38, 19, 0, 0, 9
0, 100, 31, 67, 98, 38, 86, 0, 15, 8, 65, 45, 100, 84, 26, 86, 8
84, 100, 58, 83, 35, 55, 24, 26, 48, 0, 100, 15, 65, 35, 0, 24, 6
11, 100, 66, 96, 80, 65, 68, 31, 60, 0, 100, 25, 56, 42, 0, 50, 7
0, 75, 15, 53, 77, 22, 33, 0, 20, 34, 72, 67, 100, 100, 5, 89, 8
33, 62, 50, 100, 65, 60, 39, 18, 0, 0, 17, 23, 59, 13, 100, 8, 2
5, 85, 12, 53, 30, 12, 3, 0, 0, 45, 8, 85, 53, 95, 100, 100, 5
100, 100, 56, 93, 40, 65, 85, 78, 94, 70, 86, 32, 51, 5, 0, 0, 9
12, 83, 50, 100, 85, 67, 63, 23, 16, 0, 0, 18, 52, 18, 100, 1, 2
43, 82, 21, 51, 35, 15, 0, 0, 8, 32, 30, 66, 64, 85, 100, 100, 5
35, 91, 46, 100, 20, 65, 4, 29, 38, 0, 100, 20, 38, 37, 0, 8, 6
33, 85, 25, 50, 37, 14, 0, 0, 6, 39, 12, 75, 56, 87, 100, 100, 5
52, 68, 94, 100, 84, 99, 70, 58, 58, 17, 0, 0, 22, 1, 100, 5, 1
0, 56, 31, 74, 60, 94, 80, 100, 86, 75, 90, 49, 95, 25, 100, 0, 1
81, 67, 72, 100, 0, 83, 31, 50, 100, 66, 94, 51, 83, 11, 4, 0, 9
31, 70, 0, 84, 16, 37, 52, 0, 100, 19, 99, 66, 60, 100, 6, 94, 0
0, 88, 31, 100, 65, 90, 62, 68, 45, 48, 38, 26, 62, 9, 100, 0, 2
0, 5, 53, 33, 90, 65, 100, 98, 83, 100, 73, 67, 73, 33, 77, 0, 1
5, 76, 29, 100, 100, 81, 55, 39, 0, 0, 61, 3, 15, 44, 21, 83, 8
0, 89, 50, 100, 100, 89, 77, 53, 53, 16, 55, 0, 20, 29, 82, 39, 7
26, 100, 0, 88, 0, 66, 7, 45, 48, 27, 95, 41, 86, 21, 100, 0, 4
24, 100, 0, 78, 2, 45, 80, 45, 100, 75, 72, 71, 37, 36, 8, 0, 4
53, 64, 100, 88, 52, 100, 29, 66, 60, 27, 30, 0, 0, 24, 46, 53, 8
30, 83, 61, 100, 93, 81, 53, 59, 89, 48, 100, 19, 56, 0, 0, 0, 3
25, 80, 0, 76, 35, 44, 76, 15, 10, 0, 4, 41, 30, 88, 100, 100, 5
0, 96, 38, 100, 75, 92, 70, 46, 62, 0, 49, 15, 63, 34, 100, 38, 7
30, 99, 0, 60, 61, 43, 52, 0, 15, 4, 15, 53, 35, 94, 100, 100, 5
21, 100, 9, 96, 0, 68, 39, 51, 100, 59, 99, 57, 91, 29, 89, 0, 4
41, 80, 73, 100, 92, 76, 57, 50, 100, 40, 86, 9, 37, 0, 0, 23, 3
0, 61, 36, 72, 74, 91, 100, 100, 95, 73, 87, 46, 77, 19, 68, 0, 1
32, 86, 65, 100, 99, 85, 78, 59, 94, 40, 100, 14, 52, 0, 0, 0, 3
16, 78, 41, 100, 89, 84, 38, 61, 29, 41, 100, 25, 84, 2, 0, 0, 3
0, 100, 11, 93, 7, 62, 32, 44, 68, 52, 100, 58, 86, 29, 71, 0, 4
0, 63, 23, 93, 78, 100, 89, 69, 54, 41, 11, 16, 41, 4, 100, 0, 2
2, 91, 48, 100, 68, 69, 52, 34, 37, 0, 0, 24, 43, 34, 100, 31, 7
100, 100, 66, 85, 39, 61, 16, 34, 10, 3, 45, 0, 36, 22, 0, 12, 6
86, 100, 47, 81, 14, 55, 0, 27, 22, 0, 88, 0, 100, 26, 34, 28, 6
98, 86, 69, 100, 34, 75, 76, 68, 90, 50, 100, 16, 53, 2, 0, 0, 9
47, 88, 72, 100, 65, 44, 36, 8, 0, 0, 27, 20, 63, 5, 100, 3, 2
0, 100, 10, 90, 56, 91, 100, 92, 69, 71, 40, 48, 17, 21, 12, 0, 7
39, 84, 83, 100, 84, 62, 55, 25, 9, 6, 0, 4, 50, 7, 100, 0, 2
100, 99, 60, 100, 34, 78, 14, 53, 0, 27, 6, 0, 37, 9, 6, 27, 6
72, 100, 44, 65, 0, 36, 39, 39, 100, 47, 83, 70, 55, 36, 35, 0, 4
0, 93, 34, 100, 59, 75, 45, 36, 22, 0, 19, 31, 53, 46, 100, 50, 7
37, 81, 61, 100, 91, 84, 63, 63, 100, 46, 85, 14, 37, 0, 0, 16, 3
80, 100, 35, 97, 45, 76, 98, 80, 100, 53, 95, 19, 53, 0, 0, 5, 9
42, 71, 79, 100, 73, 81, 58, 34, 38, 0, 0, 11, 50, 10, 100, 10, 1
14, 52, 0, 56, 36, 78, 74, 100, 100, 96, 79, 64, 58, 32, 39, 0, 1
14, 69, 67, 100, 59, 98, 60, 55, 62, 12, 0, 0, 3, 2, 100, 0, 1
0, 56, 23, 63, 61, 81, 100, 100, 88, 77, 69, 52, 53, 26, 44, 0, 1
0, 80, 35, 100, 99, 82, 100, 45, 61, 12, 20, 0, 18, 34, 92, 31, 7
100, 63, 39, 53, 0, 66, 36, 93, 82, 100, 89, 67, 88, 33, 91, 0, 9
15, 89, 0, 68, 87, 69, 86, 25, 21, 0, 4, 45, 8, 86, 100, 100, 5
0, 81, 42, 99, 92, 100, 100, 68, 78, 32, 60, 0, 47, 38, 89, 40, 7
66, 83, 100, 100, 98, 98, 59, 88, 29, 67, 49, 38, 38, 10, 0, 0, 5
0, 90, 28, 96, 86, 100, 100, 97, 71, 75, 55, 49, 44, 23, 42, 0, 7
0, 72, 41, 84, 80, 100, 100, 100, 84, 74, 66, 49, 48, 24, 37, 0, 1
14, 89, 52, 100, 64, 61, 38, 21, 4, 0, 0, 39, 50, 46, 100, 44, 7
56, 100, 19, 76, 0, 37, 13, 0, 66, 9, 100, 41, 94, 80, 44, 84, 0
29, 83, 61, 100, 100, 97, 79, 75, 58, 49, 61, 19, 38, 0, 0, 5, 3
100, 79, 52, 100, 0, 78, 25, 50, 83, 68, 99, 77, 83, 38, 62, 0, 9
22, 100, 0, 81, 40, 60, 100, 66, 91, 99, 64, 67, 46, 34, 34, 0, 4
44, 86, 77, 100, 100, 85, 78, 63, 63, 40, 70, 14, 39, 0, 0, 2, 3
27, 100, 20, 79, 0, 54, 10, 31, 62, 35, 100, 50, 81, 26, 77, 0, 4
84, 90, 0, 91, 51, 56, 98, 19, 36, 0, 43, 40, 100, 75, 62, 100, 8
47, 85, 18, 62, 5, 20, 47, 0, 100, 24, 99, 66, 59, 98, 0, 100, 0
22, 100, 25, 63, 54, 26, 22, 0, 0, 37, 2, 82, 49, 96, 100, 95, 5
21, 100, 19, 81, 11, 50, 0, 23, 65, 30, 100, 43, 65, 30, 68, 0, 4
90, 76, 42, 69, 40, 100, 81, 90, 93, 54, 100, 16, 55, 0, 0, 10, 9
34, 65, 42, 37, 39, 5, 0, 0, 6, 35, 27, 67, 61, 88, 100, 100, 5
0, 74, 33, 91, 92, 100, 100, 77, 71, 40, 52, 0, 37, 34, 69, 44, 7
31, 70, 47, 100, 91, 75, 51, 50, 71, 48, 100, 18, 51, 0, 0, 17, 3
46, 73, 80, 100, 70, 86, 61, 46, 45, 8, 0, 0, 47, 4, 100, 7, 1
93, 100, 39, 81, 10, 46, 11, 7, 71, 2, 100, 35, 37, 32, 0, 0, 6
59, 65, 91, 100, 84, 96, 72, 50, 51, 8, 0, 0, 45, 1, 100, 0, 1
30, 74, 55, 100, 89, 87, 66, 56, 100, 38, 92, 8, 41, 0, 0, 20, 3
69, 100, 44, 77, 5, 50, 0, 28, 67, 23, 100, 44, 95, 29, 89, 0, 4
11, 45, 17, 6, 55, 0, 88, 25, 100, 61, 79, 94, 38, 100, 0, 84, 0
0, 76, 29, 95, 92, 100, 81, 77, 75, 56, 100, 35, 85, 13, 31, 0, 3
95, 76, 34, 80, 0, 97, 57, 100, 98, 80, 100, 53, 83, 25, 59, 0, 9
17, 81, 59, 100, 76, 75, 53, 48, 100, 44, 89, 13, 40, 0, 0, 20, 3
8, 100, 67, 99, 72, 65, 55, 31, 32, 0, 0, 26, 36, 47, 100, 52, 7
80, 100, 28, 81, 44, 70, 89, 82, 89, 54, 100, 25, 69, 4, 0, 0, 9
100, 96, 2, 100, 0, 65, 61, 32, 37, 0, 19, 32, 68, 68, 64, 96, 8
12, 100, 10, 90, 0, 56, 58, 43, 100, 65, 97, 70, 91, 35, 90, 0, 4
37, 67, 84, 100, 51, 80, 24, 41, 32, 0, 100, 4, 69, 28, 0, 13, 6
87, 74, 63, 100, 46, 71, 87, 82, 100, 54, 88, 17, 40, 1, 0, 0, 9
54, 73, 37, 100, 0, 71, 49, 36, 76, 0, 19, 19, 53, 56, 100, 91, 8
100, 75, 62, 62, 54, 95, 93, 100, 98, 63, 81, 28, 46, 0, 0, 1, 9
19, 78, 40, 100, 54, 75, 31, 45, 0, 19, 26, 9, 62, 0, 100, 13, 2
23, 100, 0, 81, 25, 48, 100, 44, 96, 80, 85, 68, 76, 28, 65, 0, 4
0, 54, 47, 78, 69, 100, 53, 68, 33, 35, 0, 6, 31, 0, 100, 7, 1
100, 100, 83, 96, 67, 80, 50, 64, 37, 48, 20, 32, 7, 16, 0, 0, 1
16, 86, 0, 43, 25, 1, 68, 0, 100, 35, 90, 85, 50, 100, 13, 75, 0
7, 98, 58, 100, 90, 70, 71, 27, 41, 0, 0, 27, 50, 37, 100, 35, 7
11, 64, 23, 100, 52, 84, 34, 45, 5, 10, 0, 0, 50, 3, 100, 5, 2
24, 78, 56, 100, 96, 83, 77, 53, 100, 39, 97, 10, 46, 0, 0, 18, 3
36, 84, 81, 100, 97, 70, 52, 46, 96, 33, 100, 5, 45, 0, 0, 18, 3
4, 87, 64, 61, 56, 21, 0, 0, 47, 36, 100, 70, 99, 100, 19, 78, 8
29, 94, 91, 100, 60, 92, 34, 70, 72, 65, 100, 31, 60, 0, 0, 13, 5
100, 100, 64, 81, 35, 60, 13, 37, 0, 14, 31, 0, 53, 21, 5, 24, 6
0, 70, 18, 97, 76, 100, 92, 74, 66, 36, 54, 0, 100, 26, 58, 33, 7
100, 81, 54, 100, 0, 72, 43, 36, 66, 0, 26, 24, 67, 61, 95, 91, 8
0, 86, 42, 100, 84, 84, 83, 42, 78, 0, 45, 15, 49, 41, 100, 48, 7
41, 93, 32, 64, 32, 23, 0, 0, 0, 32, 51, 56, 100, 82, 58, 100, 8
14, 90, 65, 100, 100, 84, 57, 65, 71, 53, 91, 26, 56, 3, 0, 0, 3
57, 100, 84, 99, 79, 71, 68, 47, 100, 30, 77, 9, 38, 0, 0, 3, 3
21, 64, 34, 100, 39, 92, 41, 55, 41, 18, 0, 1, 34, 0, 100, 1, 1
31, 94, 0, 62, 2, 17, 40, 0, 78, 20, 100, 60, 80, 98, 37, 100, 0
78, 72, 60, 100, 24, 68, 69, 32, 57, 0, 0, 29, 36, 67, 100, 98, 8
0, 51, 25, 69, 65, 88, 100, 100, 82, 76, 65, 50, 55, 26, 51, 0, 1
19, 86, 0, 47, 5, 4, 50, 0, 90, 29, 100, 70, 68, 100, 35, 75, 0
100, 100, 61, 90, 13, 72, 0, 54, 52, 38, 93, 43, 52, 23, 24, 0, 4
61, 92, 100, 100, 74, 85, 55, 51, 92, 36, 78, 2, 38, 0, 0, 11, 5
9, 56, 6, 14, 40, 0, 78, 27, 100, 62, 90, 97, 43, 100, 0, 84, 0
38, 82, 77, 100, 100, 96, 51, 90, 13, 71, 58, 52, 46, 0, 0, 14, 5
100, 100, 60, 99, 27, 83, 15, 52, 47, 44, 76, 26, 42, 7, 0, 0, 5
100, 98, 65, 100, 19, 94, 0, 61, 44, 67, 74, 44, 51, 13, 6, 0, 5
0, 89, 53, 100, 91, 77, 77, 36, 49, 0, 23, 19, 43, 43, 100, 44, 7
38, 70, 61, 100, 91, 86, 72, 53, 39, 24, 0, 0, 47, 12, 100, 11, 2
72, 100, 28, 80, 53, 47, 84, 15, 30, 0, 0, 23, 49, 50, 100, 76, 8
15, 85, 53, 100, 78, 79, 47, 53, 4, 34, 0, 20, 49, 9, 100, 0, 2
0, 83, 52, 100, 100, 82, 80, 41, 53, 0, 30, 3, 33, 40, 99, 45, 7
84, 100, 34, 84, 69, 76, 91, 80, 90, 55, 100, 29, 60, 11, 0, 0, 9
65, 95, 100, 100, 45, 82, 47, 73, 94, 59, 87, 25, 39, 0, 0, 8, 5
8, 91, 12, 53, 59, 36, 26, 0, 5, 32, 0, 79, 42, 98, 100, 100, 5
46, 100, 10, 71, 0, 28, 32, 0, 76, 20, 100, 59, 87, 99, 39, 98, 0
29, 100, 15, 81, 4, 62, 0, 43, 20, 27, 59, 24, 95, 18, 100, 0, 4
0, 29, 21, 0, 63, 25, 100, 59, 100, 100, 52, 86, 13, 55, 2, 12, 0
54, 89, 100, 100, 68, 98, 25, 71, 68, 66, 81, 29, 46, 0, 0, 11, 5
28, 100, 16, 81, 0, 45, 38, 27, 85, 51, 100, 69, 80, 33, 81, 0, 4
100, 100, 42, 81, 0, 45, 4, 2, 72, 0, 92, 34, 45, 58, 3, 55, 6
85, 98, 17, 99, 21, 61, 66, 23, 15, 0, 0, 35, 61, 68, 100, 100, 8
0, 75, 45, 100, 45, 95, 44, 61, 45, 27, 15, 0, 34, 1, 100, 5, 1
0, 61, 0, 85, 39, 99, 100, 100, 79, 76, 57, 51, 38, 25, 33, 0, 7
71, 100, 12, 76, 0, 47, 100, 47, 97, 83, 74, 93, 68, 44, 65, 0, 4
6, 100, 1, 53, 61, 48, 44, 0, 5, 16, 0, 70, 41, 98, 100, 97, 5
13, 65, 58, 82, 100, 100, 77, 80, 52, 60, 32, 40, 10, 20, 0, 0, 1
27, 69, 56, 100, 64, 87, 58, 47, 37, 12, 0, 0, 50, 2, 100, 5, 1
48, 100, 46, 97, 12, 66, 0, 43, 61, 40, 86, 66, 88, 34, 100, 0, 4
23, 93, 5, 56, 19, 13, 68, 0, 100, 35, 92, 79, 45, 100, 0, 78, 0
8, 68, 33, 100, 52, 79, 31, 42, 0, 14, 24, 0, 64, 1, 100, 19, 2
70, 100, 35, 72, 10, 44, 10, 14, 68, 0, 100, 26, 65, 53, 0, 63, 6
67, 74, 73, 100, 0, 79, 71, 43, 98, 0, 9, 7, 33, 51, 100, 77, 8
26, 84, 38, 100, 52, 74, 30, 42, 0, 15, 20, 9, 62, 0, 100, 18, 2
100, 100, 95, 85, 84, 70, 71, 55, 55, 41, 36, 27, 14, 13, 0, 0, 1
100, 100, 50, 97, 21, 75, 44, 71, 82, 56, 76, 25, 47, 0, 0, 5, 5
100, 83, 46, 100, 34, 68, 72, 33, 53, 0, 0, 11, 46, 41, 94, 71, 8
71, 63, 88, 100, 14, 97, 0, 58, 76, 60, 100, 77, 60, 39, 23, 0, 9
100, 100, 52, 97, 23, 87, 27, 58, 74, 54, 78, 19, 39, 0, 0, 13, 5
25, 68, 68, 43, 61, 0, 4, 9, 42, 48, 100, 82, 68, 100, 0, 74, 8
100, 90, 53, 100, 37, 61, 91, 65, 99, 84, 97, 41, 62, 7, 0, 0, 9
39, 80, 72, 100, 100, 85, 71, 60, 89, 36, 84, 7, 40, 0, 0, 16, 3
54, 88, 85, 100, 100, 82, 70, 60, 91, 37, 86, 11, 43, 0, 0, 14, 3
19, 59, 22, 8, 60, 0, 92, 31, 100, 78, 65, 100, 27, 88, 0, 51, 0
100, 95, 83, 100, 29, 98, 0, 66, 27, 57, 75, 46, 64, 12, 17, 0, 5
88, 90, 14, 100, 35, 70, 100, 38, 79, 0, 0, 11, 40, 51, 88, 89, 8
49, 92, 37, 76, 62, 35, 30, 0, 0, 28, 52, 59, 100, 91, 42, 100, 8
0, 84, 46, 57, 89, 28, 68, 0, 41, 24, 70, 54, 100, 85, 41, 100, 8
1, 82, 32, 100, 48, 71, 38, 41, 12, 13, 0, 6, 49, 0, 100, 1, 2
97, 85, 53, 100, 12, 78, 74, 74, 97, 86, 100, 44, 61, 12, 0, 0, 9
32, 68, 49, 100, 91, 92, 59, 47, 13, 11, 0, 23, 46, 0, 100, 5, 2
86, 88, 46, 100, 50, 80, 99, 94, 100, 62, 96, 26, 56, 2, 0, 0, 9
14, 90, 51, 100, 68, 78, 71, 53, 100, 34, 79, 11, 41, 1, 0, 0, 3
26, 88, 0, 49, 9, 5, 61, 0, 100, 30, 94, 73, 52, 100, 4, 83, 0
99, 100, 46, 97, 19, 76, 33, 55, 84, 50, 100, 12, 49, 0, 0, 7, 5
25, 86, 0, 69, 19, 98, 69, 96, 100, 100, 81, 66, 67, 32, 54, 0, 7
17, 78, 53, 100, 68, 73, 37, 41, 0, 14, 25, 25, 62, 0, 100, 15, 2
58, 100, 11, 92, 0, 62, 73, 57, 100, 81, 67, 94, 58, 47, 55, 0, 4
0, 81, 25, 100, 69, 85, 70, 42, 59, 0, 22, 18, 49, 38, 100, 42, 7
90, 100, 33, 98, 44, 58, 99, 72, 95, 80, 100, 32, 61, 0, 0, 16, 9
0, 53, 31, 81, 51, 100, 50, 62, 46, 25, 15, 0, 59, 1, 100, 3, 1
0, 66, 26, 100, 64, 88, 73, 43, 63, 0, 34, 33, 57, 54, 100, 60, 7
74, 92, 30, 100, 0, 65, 2, 25, 44, 0, 94, 20, 100, 60, 79, 98, 0
23, 95, 85, 100, 49, 95, 20, 65, 70, 64, 100, 31, 57, 0, 0, 13, 5
39, 97, 64, 100, 50, 68, 26, 42, 0, 21, 34, 11, 68, 0, 100, 19, 2
0, 93, 79, 100, 100, 68, 68, 34, 26, 0, 19, 10, 9, 44, 94, 42, 7
99, 100, 54, 85, 17, 54, 15, 18, 71, 0, 100, 21, 37, 36, 0, 18, 6
51, 87, 78, 100, 95, 79, 99, 50, 100, 22, 71, 6, 35, 1, 0, 0, 3
0, 85, 47, 93, 100, 100, 66, 69, 37, 35, 16, 0, 0, 17, 41, 26, 7
39, 97, 17, 63, 65, 49, 45, 0, 0, 5, 14, 60, 42, 100, 100, 98, 5
61, 100, 0, 90, 53, 61, 100, 29, 56, 0, 9, 21, 50, 57, 86, 92, 8
100, 100, 62, 85, 30, 61, 7, 32, 0, 0, 40, 0, 34, 25, 1, 11, 6
100, 98, 53, 100, 18, 70, 0, 32, 21, 0, 66, 17, 47, 47, 18, 24, 6
17, 73, 41, 100, 55, 73, 32, 39, 0, 12, 13, 4, 58, 0, 100, 8, 2
56, 83, 78, 50, 100, 11, 19, 0, 25, 37, 80, 71, 83, 100, 0, 84, 8
0, 71, 41, 83, 100, 100, 94, 82, 75, 61, 62, 41, 53, 20, 44, 0, 1
83, 100, 72, 82, 26, 59, 0, 35, 85, 39, 100, 54, 77, 27, 55, 0, 4
0, 83, 33, 100, 68, 88, 67, 65, 79, 42, 100, 21, 59, 7, 6, 0, 3
10, 100, 0, 58, 10, 17, 60, 0, 100, 32, 94, 73, 46, 97, 0, 74, 0
0, 67, 17, 100, 56, 99, 49, 55, 25, 16, 14, 0, 56, 13, 100, 13, 2
16, 68, 37, 100, 63, 90, 45, 48, 16, 11, 0, 1, 50, 0, 100, 8, 2
100, 100, 52, 83, 17, 52, 2, 18, 40, 0, 81, 23, 55, 47, 0, 38, 6
68, 90, 91, 100, 56, 88, 96, 81, 100, 43, 84, 7, 40, 0, 0, 20, 9
76, 91, 100, 85, 69, 100, 76, 82, 100, 55, 89, 14, 41, 0, 0, 21, 9
25, 100, 75, 99, 78, 57, 63, 13, 42, 0, 0, 29, 47, 41, 100, 36, 7
100, 100, 60, 93, 22, 70, 0, 35, 14, 0, 60, 6, 65, 38, 21, 49, 6
100, 94, 67, 100, 39, 100, 37, 68, 62, 52, 58, 32, 28, 16, 0, 0, 5
23, 81, 65, 100, 92, 74, 67, 45, 97, 35, 100, 4, 38, 0, 0, 17, 3
100, 100, 89, 91, 68, 76, 53, 61, 32, 46, 21, 30, 11, 15, 0, 0, 1
58, 100, 11, 60, 0, 10, 62, 0, 100, 44, 96, 94, 33, 97, 10, 49, 0
100, 96, 66, 100, 25, 69, 0, 33, 18, 0, 82, 8, 66, 35, 11, 16, 6
0, 93, 42, 100, 69, 72, 68, 36, 66, 0, 42, 15, 50, 33, 100, 35, 7
100, 100, 58, 95, 23, 68, 1, 38, 0, 5, 55, 0, 57, 25, 7, 19, 6
93, 100, 47, 90, 9, 61, 0, 27, 35, 0, 100, 4, 84, 31, 18, 27, 6
0, 95, 33, 100, 50, 69, 50, 32, 40, 0, 28, 36, 60, 45, 100, 46, 7
42, 92, 85, 75, 83, 100, 47, 86, 99, 69, 100, 31, 54, 7, 0, 0, 9
80, 100, 33, 88, 73, 91, 82, 78, 97, 52, 100, 26, 57, 8, 0, 0, 9
52, 100, 100, 99, 45, 92, 15, 56, 57, 64, 82, 38, 49, 4, 0, 0, 5
71, 95, 37, 79, 0, 47, 90, 47, 100, 68, 75, 100, 63, 50, 66, 0, 4
23, 38, 42, 82, 54, 100, 46, 49, 33, 0, 0, 2, 49, 0, 100, 0, 1
24, 100, 0, 79, 59, 42, 98, 0, 74, 0, 91, 45, 100, 91, 13, 93, 8
100, 100, 73, 90, 55, 75, 55, 60, 36, 45, 18, 30, 0, 15, 0, 0, 1
0, 97, 48, 97, 100, 100, 67, 68, 39, 35, 23, 0, 7, 22, 60, 33, 7
0, 100, 10, 68, 55, 32, 18, 0, 4, 30, 57, 63, 100, 98, 10, 98, 8
100, 87, 19, 100, 17, 67, 92, 39, 75, 0, 0, 20, 29, 60, 94, 92, 8
21, 62, 45, 100, 45, 96, 49, 53, 51, 11, 0, 0, 56, 5, 100, 0, 1
25, 100, 0, 73, 16, 49, 72, 51, 100, 68, 89, 58, 79, 29, 74, 0, 4
5, 96, 72, 100, 69, 74, 51, 37, 49, 0, 0, 27, 48, 36, 100, 39, 7
100, 71, 80, 100, 24, 83, 40, 48, 57, 12, 0, 0, 11, 33, 78, 56, 8
13, 79, 35, 100, 58, 77, 37, 41, 0, 12, 4, 13, 55, 0, 100, 12, 2
82, 86, 54, 100, 32, 66, 93, 75, 97, 79, 100, 37, 70, 0, 0, 7, 9
0, 88, 27, 100, 49, 74, 39, 41, 16, 16, 36, 4, 68, 0, 100, 0, 2
82, 93, 59, 100, 20, 70, 0, 43, 67, 35, 92, 65, 86, 29, 100, 0, 4
66, 100, 26, 99, 42, 77, 86, 95, 87, 64, 100, 25, 60, 0, 0, 1, 9
21, 83, 20, 100, 0, 49, 18, 1, 82, 0, 100, 49, 66, 93, 3, 89, 0
16, 98, 10, 90, 0, 42, 27, 0, 85, 9, 100, 55, 69, 98, 11, 100, 0
93, 55, 78, 100, 28, 94, 49, 67, 93, 75, 100, 29, 60, 2, 0, 0, 9
8, 94, 71, 100, 39, 96, 6, 71, 60, 71, 100, 35, 55, 0, 0, 16, 5
0, 95, 44, 100, 66, 70, 48, 35, 24, 0, 2, 22, 42, 35, 100, 38, 7
22, 57, 50, 98, 61, 100, 56, 50, 35, 10, 0, 2, 52, 6, 100, 0, 1
93, 77, 49, 100, 19, 73, 72, 68, 90, 63, 100, 20, 58, 0, 0, 10, 9
35, 96, 42, 100, 16, 65, 7, 28, 44, 0, 100, 16, 62, 35, 0, 22, 6
76, 100, 40, 87, 0, 68, 8, 56, 68, 45, 100, 42, 68, 21, 44, 0, 4
16, 100, 10, 57, 64, 35, 25, 0, 0, 31, 5, 80, 39, 96, 100, 94, 5
0, 79, 33, 100, 63, 82, 44, 49, 14, 22, 19, 1, 59, 1, 100, 0, 2
24, 70, 42, 100, 100, 100, 72, 69, 66, 54, 92, 26, 45, 0, 0, 2, 3
100, 100, 57, 92, 24, 87, 0, 58, 33, 57, 66, 42, 48, 13, 8, 0, 5
40, 70, 1, 38, 0, 0, 61, 9, 95, 43, 100, 83, 59, 100, 28, 65, 0
100, 100, 55, 93, 20, 71, 0, 43, 4, 11, 45, 0, 68, 24, 33, 42, 6
39, 51, 76, 82, 100, 100, 71, 65, 44, 31, 0, 1, 29, 0, 97, 2, 1
47, 66, 50, 100, 92, 98, 78, 55, 47, 18, 0, 0, 46, 19, 100, 0, 2
42, 92, 64, 100, 50, 49, 23, 16, 0, 10, 34, 11, 68, 4, 100, 0, 2
30, 100, 0, 65, 0, 20, 41, 0, 85, 12, 100, 54, 77, 93, 33, 99, 0
25, 92, 29, 62, 86, 43, 56, 3, 0, 0, 8, 53, 38, 94, 100, 100, 5
0, 33, 40, 52, 73, 75, 100, 100, 100, 86, 87, 58, 76, 29, 73, 0, 1
49, 100, 25, 79, 0, 48, 84, 46, 100, 64, 66, 70, 57, 35, 56, 0, 4
100, 54, 48, 62, 0, 75, 25, 100, 65, 90, 60, 59, 48, 30, 33, 0, 9
0, 57, 50, 74, 82, 97, 100, 100, 89, 75, 75, 50, 64, 25, 61, 0, 1
0, 53, 29, 81, 49, 100, 44, 66, 40, 31, 25, 0, 54, 5, 100, 6, 1
65, 100, 18, 88, 0, 52, 11, 17, 58, 0, 99, 23, 100, 60, 85, 96, 0
16, 100, 4, 71, 0, 42, 39, 21, 89, 33, 100, 55, 80, 28, 87, 0, 4
42, 100, 24, 72, 0, 43, 50, 49, 93, 70, 100, 61, 94, 29, 99, 0, 4
18, 82, 0, 38, 23, 0, 70, 6, 100, 41, 85, 83, 39, 100, 4, 74, 0
0, 82, 33, 100, 77, 93, 50, 66, 71, 47, 100, 24, 58, 7, 11, 0, 3
100, 100, 56, 90, 20, 66, 0, 34, 9, 1, 55, 0, 67, 31, 26, 46, 6
73, 90, 0, 100, 2, 65, 57, 30, 20, 0, 2, 34, 59, 69, 100, 98, 8
50, 100, 27, 82, 0, 58, 38, 42, 100, 55, 86, 48, 55, 24, 34, 0, 4
100, 98, 66, 100, 38, 98, 32, 73, 59, 60, 48, 37, 24, 19, 0, 0, 5
46, 90, 70, 87, 16, 80, 0, 94, 54, 100, 100, 82, 94, 39, 70, 0, 9
0, 62, 19, 71, 69, 91, 100, 100, 71, 75, 50, 50, 29, 25, 12, 0, 1
19, 80, 45, 100, 49, 64, 29, 27, 0, 0, 25, 8, 63, 14, 100, 21, 2
18, 75, 0, 74, 35, 97, 100, 100, 88, 79, 72, 49, 52, 18, 40, 0, 7
34, 77, 79, 59, 100, 23, 28, 0, 0, 32, 38, 68, 93, 100, 31, 87, 8
0, 93, 2, 43, 21, 0, 67, 8, 100, 45, 100, 92, 54, 100, 21, 68, 0
0, 92, 48, 100, 68, 67, 64, 33, 48, 0, 9, 24, 39, 49, 100, 58, 7
100, 81, 37, 100, 0, 71, 49, 36, 71, 0, 18, 22, 51, 59, 90, 93, 8
88, 100, 25, 87, 61, 58, 92, 89, 89, 63, 100, 23, 47, 0, 0, 23, 9
35, 57, 0, 47, 1, 0, 48, 5, 86, 36, 100, 83, 58, 100, 12, 86, 0
100, 95, 49, 100, 14, 71, 0, 34, 21, 0, 64, 16, 39, 45, 29, 13, 6
90, 82, 46, 100, 38, 56, 97, 74, 92, 84, 100, 35, 62, 0, 0, 19, 9
63, 96, 3, 100, 26, 61, 54, 21, 9, 0, 0, 28, 50, 56, 100, 84, 8
38, 85, 60, 100, 58, 72, 33, 45, 0, 24, 15, 10, 58, 0, 100, 10, 2
0, 96, 54, 100, 99, 80, 86, 42, 67, 6, 34, 0, 36, 25, 100, 36, 7
56, 100, 31, 68, 0, 38, 27, 25, 83, 22, 100, 50, 91, 34, 76, 0, 4
100, 88, 69, 100, 34, 82, 8, 56, 0, 23, 26, 0, 50, 22, 22, 42, 6
55, 92, 100, 100, 73, 86, 43, 59, 72, 40, 89, 12, 46, 0, 0, 0, 5
91, 100, 77, 80, 11, 58, 0, 37, 97, 45, 100, 50, 51, 26, 29, 0, 4
26, 100, 6, 58, 59, 94, 100, 50, 61, 0, 0, 0, 30, 60, 16, 98, 9
0, 69, 27, 95, 66, 100, 76, 66, 61, 31, 37, 1, 58, 0, 100, 6, 2
16, 100, 12, 92, 0, 69, 38, 52, 100, 57, 96, 46, 82, 24, 75, 0, 4
14, 77, 34, 100, 52, 74, 30, 41, 0, 13, 25, 5, 66, 0, 100, 23, 2
93, 100, 42, 95, 60, 70, 99, 100, 97, 77, 100, 37, 58, 9, 0, 0, 9
14, 67, 0, 30, 26, 0, 70, 16, 100, 48, 96, 85, 53, 100, 7, 87, 0
55, 85, 67, 100, 86, 75, 67, 47, 100, 31, 83, 9, 38, 0, 0, 8, 3
95, 86, 64, 100, 61, 78, 95, 99, 100, 60, 83, 21, 44, 2, 0, 0, 9
21, 89, 13, 64, 67, 42, 42, 0, 0, 17, 5, 68, 34, 100, 100, 97, 5
100, 100, 49, 80, 17, 51, 0, 19, 34, 0, 91, 15, 77, 44, 23, 39, 6
10, 66, 30, 100, 39, 90, 45, 54, 41, 17, 0, 0, 43, 4, 100, 3, 1
12, 84, 0, 63, 8, 16, 46, 0, 88, 15, 100, 59, 71, 94, 29, 100, 0
33, 100, 0, 72, 7, 46, 77, 39, 100, 62, 90, 61, 69, 30, 57, 0, 4
56, 91, 100, 100, 51, 86, 16, 58, 66, 62, 81, 29, 49, 0, 0, 0, 5
0, 89, 31, 100, 61, 78, 51, 35, 45, 0, 17, 37, 50, 51, 100, 54, 7
82, 90, 50, 66, 100, 30, 40, 0, 18, 27, 72, 62, 100, 100, 0, 99, 8
85, 91, 27, 82, 0, 48, 8, 13, 64, 0, 100, 30, 95, 66, 73, 100, 0
100, 100, 60, 79, 27, 54, 2, 26, 10, 0, 54, 16, 34, 40, 0, 21, 6
95, 77, 46, 100, 5, 71, 54, 55, 95, 75, 100, 28, 62, 0, 0, 6, 9
48, 100, 35, 83, 7, 51, 0, 18, 47, 0, 100, 19, 67, 42, 9, 26, 6
8, 72, 0, 99, 47, 99, 100, 100, 77, 77, 53, 53, 35, 27, 31, 0, 7
100, 100, 52, 83, 17, 60, 0, 33, 10, 6, 63, 0, 65, 24, 13, 36, 6
70, 91, 88, 79, 74, 100, 77, 79, 100, 51, 93, 13, 43, 0, 0, 19, 9
47, 100, 20, 67, 73, 35, 45, 0, 0, 2, 0, 41, 18, 79, 100, 94, 5
46, 100, 0, 100, 7, 61, 63, 30, 48, 0, 8, 28, 50, 64, 100, 98, 8
28, 100, 5, 70, 0, 27, 44, 0, 98, 23, 100, 64, 65, 100, 19, 89, 0
45, 84, 75, 100, 100, 79, 79, 54, 79, 40, 90, 17, 49, 0, 0, 8, 3
88, 100, 53, 80, 22, 54, 0, 27, 9, 0, 100, 7, 44, 18, 6, 4, 6
75, 100, 23, 96, 31, 75, 82, 82, 100, 65, 91, 27, 50, 4, 0, 0, 9
0, 99, 57, 100, 88, 70, 80, 33, 52, 0, 3, 3, 40, 24, 100, 27, 7
15, 78, 2, 43, 20, 5, 69, 0, 100, 34, 92, 73, 53, 99, 0, 100, 0
100, 100, 57, 98, 23, 72, 0, 41, 1, 7, 47, 0, 52, 28, 2, 32, 6
87, 100, 43, 78, 13, 52, 0, 24, 31, 0, 91, 10, 100, 37, 41, 41, 6
6, 73, 36, 100, 45, 66, 31, 30, 0, 0, 5, 10, 52, 7, 100, 9, 2
28, 100, 24, 57, 49, 24, 31, 0, 0, 25, 24, 60, 59, 83, 100, 90, 5
36, 100, 3, 72, 0, 45, 62, 50, 100, 61, 95, 63, 97, 30, 97, 0, 4
52, 83, 80, 100, 100, 80, 71, 55, 94, 45, 91, 17, 49, 0, 0, 8, 3
100, 100, 47, 84, 14, 51, 0, 13, 44, 0, 79, 31, 43, 51, 10, 19, 6
55, 100, 30, 74, 0, 45, 37, 38, 85, 55, 100, 62, 81, 30, 64, 0, 4
100, 93, 72, 100, 30, 96, 0, 71, 22, 64, 59, 52, 50, 18, 17, 0, 5
23, 79, 0, 46, 6, 5, 53, 0, 89, 29, 100, 71, 67, 100, 25, 83, 0
14, 91, 56, 100, 68, 67, 53, 33, 35, 0, 0, 12, 41, 29, 100, 35, 7
68, 84, 0, 100, 2, 65, 97, 35, 100, 0, 11, 16, 52, 58, 74, 98, 8
58, 100, 19, 74, 0, 32, 27, 0, 76, 25, 100, 65, 74, 99, 18, 85, 0
28, 82, 19, 54, 81, 45, 55, 9, 0, 0, 11, 49, 37, 91, 100, 100, 5
55, 54, 34, 74, 0, 92, 56, 100, 100, 82, 100, 54, 86, 27, 70, 0, 9
39, 76, 61, 100, 57, 57, 33, 21, 0, 1, 27, 16, 64, 11, 100, 0, 2
33, 100, 0, 80, 19, 52, 100, 58, 99, 79, 63, 79, 55, 39, 54, 0, 4
33, 82, 0, 48, 2, 5, 52, 0, 92, 31, 100, 74, 60, 100, 9, 83, 0
39, 94, 26, 62, 93, 41, 67, 0, 7, 6, 0, 51, 18, 90, 100, 100, 5
100, 100, 67, 99, 37, 69, 14, 35, 8, 0, 50, 9, 36, 31, 0, 6, 6
100, 86, 15, 100, 0, 70, 98, 37, 81, 0, 35, 26, 92, 65, 81, 93, 8
100, 97, 82, 100, 45, 75, 15, 47, 0, 13, 39, 0, 58, 24, 12, 25, 6
83, 100, 14, 75, 0, 42, 97, 44, 100, 67, 64, 81, 60, 40, 58, 0, 4
69, 100, 24, 81, 0, 50, 47, 36, 100, 60, 80, 60, 39, 32, 25, 0, 4
5, 89, 18, 57, 56, 28, 24, 0, 13, 36, 0, 72, 34, 97, 100, 100, 5
100, 100, 51, 80, 16, 53, 0, 23, 31, 0, 93, 9, 87, 35, 28, 27, 6
62, 100, 36, 81, 0, 61, 38, 53, 100, 51, 93, 45, 72, 23, 59, 0, 4
100, 100, 95, 94, 79, 78, 62, 62, 48, 46, 29, 31, 14, 16, 0, 0, 1
0, 85, 33, 100, 55, 82, 44, 57, 28, 32, 17, 8, 55, 0, 100, 1, 2
80, 64, 51, 54, 24, 77, 69, 100, 100, 73, 90, 35, 56, 4, 0, 0, 9
32, 100, 13, 72, 0, 41, 52, 28, 100, 31, 83, 60, 56, 32, 41, 0, 4
100, 80, 65, 43, 26, 55, 50, 100, 90, 92, 83, 42, 49, 3, 0, 0, 9
7, 72, 39, 100, 64, 72, 42, 31, 0, 5, 2, 7, 52, 1, 100, 0, 2
50, 90, 33, 62, 73, 32, 55, 0, 27, 33, 0, 66, 27, 95, 100, 100, 5
100, 78, 67, 100, 25, 78, 64, 67, 94, 66, 93, 26, 54, 0, 0, 1, 9
100, 80, 66, 100, 34, 71, 29, 35, 15, 0, 0, 19, 41, 45, 97, 58, 8
47, 81, 68, 100, 100, 93, 81, 69, 93, 42, 78, 18, 41, 6, 0, 0, 3
36, 100, 8, 70, 0, 27, 28, 0, 68, 10, 96, 44, 100, 84, 61, 86, 0
82, 88, 45, 100, 51, 65, 100, 80, 90, 76, 98, 30, 56, 3, 0, 0, 9
72, 100, 66, 68, 93, 98, 44, 83, 90, 74, 100, 30, 60, 0, 0, 9, 9
0, 89, 42, 100, 100, 93, 88, 56, 59, 21, 42, 0, 32, 25, 94, 29, 7
100, 93, 75, 100, 47, 88, 33, 54, 68, 49, 79, 28, 43, 8, 0, 0, 5
0, 74, 34, 100, 83, 99, 81, 63, 48, 31, 6, 6, 47, 4, 100, 0, 2
13, 88, 5, 45, 26, 0, 73, 7, 100, 49, 85, 93, 37, 100, 0, 70, 0
55, 96, 14, 68, 0, 32, 24, 0, 77, 17, 100, 52, 96, 89, 49, 100, 0
11, 100, 0, 60, 1, 19, 45, 0, 89, 26, 100, 65, 65, 95, 13, 82, 0
32, 100, 13, 85, 0, 40, 27, 0, 88, 10, 100, 55, 74, 96, 14, 99, 0
17, 74, 42, 100, 100, 98, 73, 70, 86, 51, 95, 24, 53, 0, 0, 3, 3
0, 88, 10, 98, 50, 100, 44, 66, 27, 34, 19, 0, 59, 3, 100, 13, 2
45, 74, 45, 96, 90, 100, 76, 62, 46, 28, 0, 0, 38, 18, 100, 2, 2
100, 100, 80, 87, 61, 73, 43, 59, 30, 45, 16, 30, 5, 15, 0, 0, 1
56, 100, 38, 69, 0, 41, 44, 38, 100, 40, 95, 68, 80, 34, 74, 0, 4
30, 81, 2, 67, 0, 25, 33, 0, 74, 26, 100, 63, 88, 100, 37, 89, 0
24, 78, 51, 100, 91, 89, 70, 63, 98, 43, 100, 17, 53, 0, 0, 10, 3
0, 72, 29, 97, 79, 100, 100, 69, 86, 34, 65, 0, 43, 21, 88, 30, 7
0, 94, 37, 100, 65, 77, 70, 38, 61, 0, 43, 16, 62, 38, 100, 46, 7
0, 86, 37, 98, 79, 100, 60, 82, 81, 57, 100, 31, 70, 9, 30, 0, 3
18, 70, 49, 100, 47, 86, 36, 40, 4, 7, 0, 0, 50, 4, 100, 9, 1
71, 85, 40, 100, 43, 59, 46, 18, 4, 0, 0, 33, 56, 48, 100, 69, 8
0, 88, 55, 100, 85, 79, 21, 55, 22, 48, 100, 39, 73, 13, 1, 0, 3
14, 69, 39, 100, 53, 71, 35, 33, 0, 8, 28, 12, 72, 0, 100, 26, 2
35, 76, 55, 100, 72, 70, 43, 33, 0, 9, 15, 13, 64, 0, 100, 13, 2
76, 87, 38, 100, 45, 64, 51, 23, 15, 0, 0, 25, 51, 42, 100, 62, 8
0, 96, 64, 100, 96, 70, 81, 33, 52, 0, 19, 19, 35, 49, 100, 56, 7
89, 91, 34, 100, 39, 66, 74, 31, 49, 0, 0, 19, 46, 49, 100, 76, 8
100, 100, 53, 88, 20, 61, 0, 31, 16, 1, 67, 0, 56, 27, 3, 32, 6
22, 83, 0, 55, 48, 40, 45, 0, 15, 25, 15, 72, 52, 100, 100, 85, 5
24, 100, 0, 81, 3, 55, 65, 52, 100, 72, 66, 52, 34, 27, 24, 0, 4
0, 42, 40, 60, 74, 81, 100, 100, 90, 74, 78, 48, 66, 23, 65, 0, 1
15, 100, 23, 62, 66, 40, 37, 0, 0, 13, 0, 56, 45, 85, 100, 99, 5
100, 83, 65, 100, 24, 79, 0, 48, 4, 14, 46, 0, 67, 26, 24, 40, 6
100, 72, 77, 100, 20, 74, 71, 56, 94, 81, 95, 39, 65, 0, 0, 0, 9
100, 73, 77, 100, 31, 80, 31, 40, 29, 0, 0, 14, 35, 46, 90, 62, 8
35, 70, 75, 47, 75, 10, 0, 0, 18, 36, 68, 68, 100, 100, 23, 79, 8
100, 70, 49, 55, 15, 73, 53, 100, 93, 85, 80, 46, 48, 14, 0, 0, 9
95, 100, 54, 94, 67, 54, 61, 14, 15, 0, 0, 38, 46, 58, 100, 72, 8
49, 72, 64, 100, 100, 88, 78, 52, 43, 22, 0, 1, 40, 6, 90, 0, 2
56, 60, 100, 84, 44, 100, 0, 72, 66, 61, 85, 65, 68, 32, 53, 0, 9
0, 85, 21, 100, 66, 98, 83, 77, 90, 53, 100, 30, 75, 10, 35, 0, 3
16, 75, 41, 100, 52, 64, 32, 27, 0, 0, 21, 9, 62, 2, 100, 14, 2
97, 100, 41, 90, 4, 58, 0, 22, 52, 0, 100, 22, 49, 38, 8, 13, 6
30, 81, 87, 100, 100, 98, 37, 86, 46, 54, 99, 32, 59, 2, 0, 0, 5
41, 79, 47, 100, 84, 94, 71, 52, 42, 16, 0, 3, 49, 7, 100, 0, 2
27, 100, 2, 56, 12, 8, 62, 0, 100, 33, 94, 79, 46, 94, 0, 72, 0
44, 60, 0, 77, 47, 99, 100, 100, 84, 75, 75, 50, 75, 24, 100, 0, 1
18, 78, 53, 100, 90, 81, 43, 57, 90, 55, 100, 22, 52, 0, 0, 16, 3
0, 72, 9, 100, 68, 94, 74, 63, 49, 34, 6, 9, 30, 0, 100, 1, 2
100, 97, 40, 100, 0, 65, 35, 27, 39, 0, 40, 38, 87, 73, 87, 100, 8
36, 84, 9, 86, 0, 38, 27, 0, 72, 9, 100, 47, 88, 94, 46, 100, 0
39, 94, 100, 100, 99, 98, 36, 92, 50, 69, 93, 39, 61, 7, 0, 0, 5
0, 87, 46, 100, 88, 85, 73, 43, 65, 0, 36, 18, 46, 42, 100, 50, 7
40, 100, 0, 60, 20, 21, 86, 14, 100, 40, 75, 86, 61, 50, 59, 0, 4
0, 77, 13, 100, 57, 99, 60, 64, 38, 30, 11, 2, 57, 0, 100, 6, 2
32, 99, 35, 63, 56, 21, 17, 0, 0, 36, 12, 82, 54, 100, 100, 83, 5
22, 72, 34, 100, 62, 73, 38, 35, 0, 8, 5, 0, 53, 3, 100, 8, 2
41, 85, 77, 100, 92, 73, 66, 49, 100, 31, 78, 5, 37, 0, 0, 15, 3
61, 59, 100, 80, 66, 100, 15, 85, 0, 55, 55, 48, 87, 32, 71, 0, 9
0, 63, 24, 100, 52, 79, 37, 37, 5, 3, 6, 0, 53, 2, 100, 1, 2
27, 100, 21, 83, 0, 47, 36, 42, 100, 49, 96, 75, 86, 37, 84, 0, 4
23, 57, 70, 39, 100, 0, 40, 1, 51, 43, 89, 83, 60, 100, 0, 75, 8
87, 90, 38, 100, 0, 82, 46, 71, 100, 71, 73, 47, 38, 24, 27, 0, 9
4, 100, 2, 82, 0, 50, 46, 35, 100, 42, 100, 63, 93, 32, 93, 0, 4
30, 83, 8, 43, 19, 3, 71, 0, 100, 36, 87, 78, 39, 100, 0, 73, 0
100, 100, 56, 78, 24, 53, 0, 27, 11, 0, 74, 3, 56, 23, 6, 14, 6
45, 77, 74, 100, 100, 87, 74, 58, 81, 40, 74, 6, 37, 0, 0, 11, 3
97, 82, 62, 100, 13, 69, 63, 59, 100, 88, 96, 41, 64, 1, 0, 0, 9
46, 84, 65, 46, 65, 9, 0, 0, 30, 29, 84, 57, 100, 94, 44, 100, 8
0, 99, 42, 100, 23, 75, 2, 50, 23, 27, 93, 43, 81, 25, 100, 0, 4
100, 100, 68, 78, 39, 55, 14, 32, 0, 5, 34, 0, 57, 23, 15, 19, 6
15, 100, 0, 76, 8, 50, 62, 47, 100, 62, 82, 57, 82, 28, 85, 0, 4
0, 100, 46, 100, 86, 84, 68, 43, 56, 0, 40, 9, 50, 34, 100, 34, 7
30, 93, 34, 78, 75, 100, 18, 95, 79, 75, 100, 37, 72, 5, 0, 0, 9
36, 100, 7, 89, 0, 53, 67, 41, 100, 57, 82, 74, 51, 38, 31, 0, 4
100, 100, 33, 95, 0, 60, 47, 28, 48, 0, 5, 21, 40, 59, 87, 92, 8
78, 100, 47, 78, 19, 49, 8, 18, 48, 0, 100, 15, 62, 35, 0, 34, 6
34, 100, 0, 70, 1, 17, 40, 0, 80, 15, 100, 61, 66, 90, 26, 81, 0
36, 88, 100, 100, 83, 93, 25, 76, 39, 53, 97, 45, 60, 17, 0, 0, 5
100, 100, 51, 100, 11, 81, 9, 51, 57, 55, 73, 22, 37, 0, 0, 14, 5
61, 88, 100, 100, 96, 81, 75, 60, 80, 36, 81, 13, 44, 0, 0, 1, 3
0, 91, 44, 100, 79, 74, 64, 37, 53, 0, 27, 23, 40, 38, 100, 39, 7
19, 92, 86, 100, 75, 99, 2, 84, 37, 68, 100, 50, 72, 16, 0, 0, 5
17, 56, 0, 27, 35, 0, 74, 5, 100, 47, 76, 95, 37, 100, 2, 76, 0
88, 100, 9, 93, 8, 45, 55, 0, 0, 6, 37, 50, 100, 84, 44, 99, 8
0, 73, 49, 82, 94, 100, 100, 86, 82, 65, 65, 43, 43, 22, 29, 0, 1
51, 91, 46, 56, 29, 15, 0, 0, 36, 33, 72, 64, 100, 100, 48, 92, 8
0, 95, 46, 100, 87, 84, 78, 44, 63, 6, 42, 0, 41, 37, 100, 44, 7
44, 81, 72, 100, 100, 84, 74, 59, 37, 38, 0, 17, 7, 0, 65, 3, 2
0, 48, 26, 69, 64, 89, 100, 100, 80, 76, 61, 51, 48, 25, 56, 0, 1
0, 62, 47, 79, 92, 100, 100, 92, 98, 68, 96, 45, 92, 21, 92, 0, 1
0, 75, 28, 100, 66, 71, 55, 34, 5, 12, 22, 11, 80, 0, 100, 32, 2
49, 85, 49, 61, 71, 25, 27, 0, 8, 37, 0, 79, 42, 99, 100, 100, 5
32, 83, 12, 92, 5, 41, 38, 0, 100, 28, 98, 76, 36, 100, 0, 60, 0
0, 87, 64, 100, 100, 81, 74, 48, 41, 16, 3, 0, 9, 27, 78, 36, 7
72, 100, 22, 84, 0, 54, 5, 21, 50, 0, 100, 15, 75, 42, 21, 34, 6
13, 100, 17, 79, 0, 52, 56, 55, 100, 65, 93, 53, 77, 27, 73, 0, 4
0, 89, 39, 98, 87, 100, 85, 63, 77, 23, 72, 0, 53, 35, 100, 41, 7
92, 88, 69, 100, 60, 61, 100, 82, 97, 73, 70, 34, 38, 0, 0, 0, 9
52, 98, 100, 100, 100, 80, 63, 61, 93, 40, 96, 16, 51, 3, 0, 0, 3
51, 78, 81, 100, 86, 65, 53, 31, 10, 8, 0, 19, 50, 10, 100, 0, 2
100, 100, 55, 79, 19, 53, 0, 25, 26, 0, 89, 8, 75, 34, 7, 37, 6
47, 74, 68, 100, 65, 53, 37, 17, 0, 0, 21, 18, 60, 14, 100, 11, 2
31, 74, 71, 100, 74, 79, 62, 35, 44, 0, 0, 4, 50, 4, 100, 7, 1
30, 97, 93, 100, 100, 99, 34, 93, 1, 59, 62, 43, 53, 0, 0, 13, 5
93, 67, 83, 100, 35, 88, 71, 85, 100, 93, 72, 59, 39, 28, 0, 0, 9
47, 88, 45, 100, 71, 76, 52, 40, 19, 10, 0, 13, 51, 12, 100, 0, 2
56, 100, 19, 71, 0, 38, 45, 16, 84, 39, 100, 66, 69, 34, 52, 0, 4
0, 94, 46, 100, 68, 80, 59, 60, 93, 41, 100, 15, 62, 0, 14, 2, 3
0, 53, 30, 82, 62, 100, 52, 61, 50, 21, 20, 3, 45, 0, 100, 3, 1
86, 100, 38, 93, 7, 62, 1, 28, 41, 0, 100, 12, 54, 28, 0, 7, 6
100, 100, 54, 83, 23, 56, 5, 24, 32, 0, 77, 11, 46, 34, 0, 28, 6
33, 76, 68, 100, 71, 64, 42, 29, 4, 0, 0, 15, 49, 15, 100, 7, 2
42, 100, 0, 79, 24, 56, 91, 58, 100, 83, 75, 61, 60, 31, 49, 0, 4
9, 100, 1, 82, 0, 48, 66, 46, 100, 77, 81, 58, 59, 23, 48, 0, 4
58, 67, 24, 85, 86, 100, 92, 70, 48, 42, 0, 14, 29, 0, 100, 7, 2
15, 62, 56, 100, 100, 88, 74, 43, 41, 0, 88, 8, 65, 50, 0, 60, 8
52, 87, 100, 100, 92, 95, 44, 77, 71, 51, 94, 22, 47, 0, 0, 5, 5
12, 90, 67, 100, 71, 70, 26, 44, 71, 47, 100, 19, 50, 0, 0, 14, 3
0, 82, 46, 75, 97, 100, 27, 97, 45, 81, 100, 79, 88, 39, 78, 0, 9
4, 64, 27, 100, 31, 83, 26, 39, 0, 8, 5, 3, 52, 2, 100, 0, 1
100, 100, 50, 91, 19, 66, 0, 40, 0, 13, 48, 0, 94, 15, 44, 21, 6
100, 100, 53, 89, 19, 63, 0, 31, 13, 0, 63, 1, 75, 29, 29, 43, 6
13, 88, 0, 53, 17, 13, 67, 0, 100, 31, 91, 72, 51, 100, 5, 86, 0
12, 79, 9, 48, 36, 18, 30, 0, 12, 31, 0, 62, 34, 88, 100, 100, 5
100, 99, 66, 100, 36, 80, 38, 50, 79, 41, 69, 16, 32, 0, 0, 7, 5
59, 100, 0, 78, 33, 53, 100, 56, 67, 89, 46, 73, 37, 36, 29, 0, 4
0, 76, 47, 71, 96, 96, 28, 100, 17, 77, 90, 74, 100, 37, 100, 0, 9
0, 57, 24, 71, 64, 94, 100, 100, 92, 75, 80, 50, 76, 24, 84, 0, 1
0, 91, 39, 100, 72, 90, 79, 69, 92, 50, 100, 31, 89, 12, 52, 0, 3
8, 98, 53, 100, 69, 63, 50, 24, 46, 0, 100, 19, 58, 37, 0, 46, 7
0, 75, 36, 100, 81, 93, 97, 51, 96, 5, 73, 0, 53, 21, 100, 25, 7
0, 87, 52, 100, 96, 82, 45, 58, 39, 42, 100, 28, 73, 4, 8, 0, 3
0, 95, 39, 100, 58, 70, 45, 30, 35, 0, 18, 38, 58, 47, 100, 49, 7
0, 69, 22, 93, 55, 100, 65, 73, 46, 41, 33, 8, 65, 0, 100, 4, 2
0, 52, 39, 67, 76, 84, 100, 100, 89, 75, 78, 49, 65, 24, 52, 0, 1
39, 76, 64, 100, 89, 81, 66, 50, 100, 34, 91, 6, 41, 0, 0, 18, 3
39, 90, 4, 68, 0, 20, 41, 0, 84, 24, 100, 70, 67, 100, 23, 80, 0
31, 100, 1, 70, 0, 29, 35, 0, 82, 23, 100, 62, 85, 99, 31, 93, 0
0, 92, 57, 100, 100, 77, 77, 38, 46, 0, 25, 9, 25, 48, 92, 58, 7
93, 69, 79, 100, 18, 84, 57, 60, 94, 73, 100, 34, 70, 1, 0, 0, 9
78, 94, 3, 100, 22, 66, 100, 35, 62, 0, 0, 25, 44, 66, 41, 96, 8
31, 100, 12, 74, 0, 46, 55, 42, 100, 51, 78, 59, 78, 29, 83, 0, 4
37, 90, 73, 100, 100, 90, 64, 72, 83, 45, 83, 16, 43, 3, 0, 0, 3
100, 100, 53, 79, 19, 50, 0, 18, 36, 0, 74, 25, 52, 53, 2, 38, 6
21, 87, 0, 38, 26, 0, 67, 6, 100, 41, 92, 95, 52, 100, 21, 65, 0
46, 78, 79, 100, 100, 77, 68, 51, 28, 35, 0, 16, 43, 6, 89, 0, 2
44, 100, 28, 82, 0, 52, 40, 32, 100, 33, 91, 65, 80, 33, 77, 0, 4
100, 74, 51, 73, 0, 79, 23, 100, 72, 95, 100, 66, 100, 32, 85, 0, 9
1, 89, 62, 100, 100, 76, 77, 38, 58, 0, 24, 4, 0, 36, 77, 41, 7
100, 100, 62, 96, 27, 75, 5, 49, 0, 20, 30, 0, 66, 17, 30, 34, 6
34, 100, 0, 71, 5, 40, 75, 32, 100, 58, 94, 64, 80, 32, 64, 0, 4
30, 75, 54, 100, 100, 99, 74, 72, 79, 46, 88, 18, 43, 0, 0, 12, 3
86, 100, 49, 77, 28, 51, 26, 24, 51, 0, 100, 13, 63, 34, 0, 31, 6
5, 90, 55, 100, 78, 84, 31, 65, 71, 51, 100, 23, 52, 5, 0, 0, 3
61, 100, 32, 70, 0, 41, 18, 28, 77, 29, 100, 49, 95, 34, 92, 0, 4
