@relation yeast-1
@attribute Mcg real [0.11, 1.0]
@attribute Gvh real [0.13, 1.0]
@attribute Alm real [0.21, 1.0]
@attribute Mit real [0.0, 1.0]
@attribute Erl real [0.5, 1.0]
@attribute Pox real [0.0, 0.83]
@attribute Vac real [0.0, 0.73]
@attribute Nuc real [0.0, 1.0]
@attribute Class {MIT, NUC, CYT, ME1, ME2, ME3, EXC, VAC, POX, ERL}
@inputs Mcg, Gvh, Alm, Mit, Erl, Pox, Vac, Nuc
@outputs Class
@data
0.58, 0.61, 0.47, 0.13, 0.5, 0.0, 0.48, 0.22, MIT
0.43, 0.53, 0.52, 0.13, 0.5, 0.0, 0.55, 0.22, CYT
0.63, 0.67, 0.57, 0.24, 0.5, 0.0, 0.49, 0.22, MIT
0.74, 0.67, 0.47, 0.34, 0.5, 0.0, 0.42, 0.22, EXC
0.57, 0.53, 0.53, 0.34, 0.5, 0.0, 0.53, 0.22, MIT
0.41, 0.54, 0.39, 0.2, 0.5, 0.0, 0.51, 0.22, ME3
0.53, 0.44, 0.51, 0.33, 0.5, 0.0, 0.55, 0.22, CYT
0.38, 0.49, 0.53, 0.19, 0.5, 0.0, 0.5, 0.22, CYT
0.5, 0.54, 0.53, 0.54, 0.5, 0.0, 0.51, 0.27, MIT
0.48, 0.45, 0.55, 0.5, 0.5, 0.0, 0.53, 0.22, MIT
0.5, 0.58, 0.46, 0.46, 0.5, 0.0, 0.46, 0.22, MIT
0.46, 0.38, 0.47, 0.22, 0.5, 0.0, 0.52, 0.27, MIT
0.36, 0.58, 0.35, 0.24, 0.5, 0.0, 0.44, 0.22, ME3
0.47, 0.39, 0.55, 0.24, 0.5, 0.0, 0.47, 0.22, CYT
0.44, 0.59, 0.36, 0.16, 0.5, 0.0, 0.52, 0.22, ME3
0.59, 0.67, 0.56, 0.41, 0.5, 0.0, 0.47, 0.22, MIT
0.47, 0.47, 0.57, 0.48, 0.5, 0.0, 0.48, 0.22, MIT
0.64, 0.62, 0.29, 0.28, 0.5, 0.0, 0.51, 0.22, MIT
0.62, 0.51, 0.52, 0.42, 0.5, 0.0, 0.54, 0.27, NUC
0.35, 0.58, 0.54, 0.16, 0.5, 0.0, 0.51, 0.22, NUC
0.48, 0.54, 0.5, 0.17, 0.5, 0.0, 0.53, 0.22, NUC
0.57, 0.51, 0.53, 0.18, 0.5, 0.0, 0.56, 0.25, NUC
0.24, 0.34, 0.69, 0.18, 0.5, 0.0, 0.52, 0.22, CYT
0.47, 0.46, 0.59, 0.49, 0.5, 0.0, 0.56, 0.22, MIT
0.7, 0.65, 0.54, 0.28, 0.5, 0.0, 0.6, 0.4, VAC
0.41, 0.45, 0.53, 0.17, 0.5, 0.0, 0.51, 0.25, NUC
0.46, 0.54, 0.71, 0.15, 0.5, 0.0, 0.59, 0.22, MIT
0.42, 0.57, 0.72, 0.22, 0.5, 0.0, 0.57, 0.22, MIT
0.2, 0.26, 0.52, 0.14, 0.5, 0.0, 0.53, 0.44, CYT
0.5, 0.51, 0.52, 0.09, 0.5, 0.0, 0.48, 0.25, NUC
0.53, 0.61, 0.52, 0.21, 0.5, 0.0, 0.55, 0.3, NUC
0.58, 0.53, 0.38, 0.18, 0.5, 0.0, 0.52, 0.22, ME3
0.32, 0.47, 0.55, 0.12, 0.5, 0.0, 0.52, 0.22, CYT
0.57, 0.61, 0.45, 0.26, 0.5, 0.0, 0.5, 0.22, CYT
0.46, 0.35, 0.33, 0.17, 0.5, 0.0, 0.55, 0.22, ME3
0.54, 0.57, 0.52, 0.19, 0.5, 0.0, 0.59, 0.67, NUC
0.41, 0.39, 0.51, 0.52, 0.5, 0.0, 0.49, 0.22, CYT
0.5, 0.5, 0.48, 0.17, 0.5, 0.0, 0.47, 0.26, CYT
0.59, 0.65, 0.52, 0.3, 0.5, 0.0, 0.46, 0.31, CYT
0.43, 0.51, 0.54, 0.15, 0.5, 0.0, 0.45, 0.26, NUC
0.64, 0.53, 0.45, 0.13, 0.5, 0.0, 0.53, 0.22, CYT
0.48, 0.34, 0.47, 0.14, 0.5, 0.0, 0.47, 0.26, CYT
0.34, 0.35, 0.61, 0.19, 0.5, 0.0, 0.52, 0.25, NUC
0.32, 0.34, 0.61, 0.17, 0.5, 0.0, 0.52, 0.32, NUC
0.56, 0.45, 0.59, 0.14, 0.5, 0.0, 0.51, 0.26, NUC
0.67, 0.63, 0.34, 0.41, 0.5, 0.0, 0.6, 0.33, ME1
0.87, 0.83, 0.57, 0.36, 0.5, 0.0, 0.36, 0.22, EXC
0.42, 0.51, 0.39, 0.22, 0.5, 0.0, 0.49, 0.26, ME3
0.48, 0.57, 0.52, 0.61, 0.5, 0.0, 0.51, 0.22, MIT
0.47, 0.6, 0.35, 0.21, 0.5, 0.0, 0.52, 0.22, ME3
0.45, 0.48, 0.63, 0.67, 0.5, 0.0, 0.48, 0.22, MIT
0.46, 0.55, 0.61, 0.13, 0.5, 0.0, 0.47, 0.22, CYT
0.38, 0.54, 0.54, 0.41, 0.5, 0.0, 0.51, 0.22, MIT
0.4, 0.74, 0.49, 0.16, 0.5, 0.0, 0.51, 0.22, MIT
0.44, 0.53, 0.53, 0.37, 0.5, 0.0, 0.51, 0.22, MIT
0.53, 0.41, 0.5, 0.24, 1.0, 0.0, 0.47, 0.22, CYT
0.47, 0.59, 0.37, 0.31, 0.5, 0.0, 0.51, 0.36, NUC
0.33, 0.46, 0.53, 0.29, 0.5, 0.0, 0.5, 0.55, NUC
0.3, 0.55, 0.58, 0.16, 0.5, 0.0, 0.61, 0.28, NUC
0.48, 0.49, 0.45, 0.23, 0.5, 0.0, 0.51, 0.22, ME3
0.39, 0.42, 0.49, 0.1, 0.5, 0.0, 0.49, 0.65, NUC
0.49, 0.45, 0.53, 0.16, 0.5, 0.0, 0.49, 0.31, CYT
0.51, 0.46, 0.57, 0.25, 0.5, 0.0, 0.53, 0.22, CYT
0.51, 0.46, 0.49, 0.21, 0.5, 0.0, 0.55, 0.22, VAC
0.75, 0.6, 0.43, 0.35, 0.5, 0.0, 0.45, 0.27, MIT
0.41, 0.48, 0.54, 0.24, 0.5, 0.0, 0.37, 0.51, NUC
0.37, 0.51, 0.39, 0.18, 0.5, 0.0, 0.51, 0.27, ME3
0.49, 0.48, 0.52, 0.2, 0.5, 0.0, 0.55, 0.22, NUC
0.5, 0.45, 0.53, 0.21, 0.5, 0.0, 0.28, 0.22, NUC
0.45, 0.48, 0.56, 0.56, 0.5, 0.0, 0.47, 0.22, NUC
0.48, 0.41, 0.54, 0.39, 0.5, 0.0, 0.51, 0.22, NUC
0.32, 0.48, 0.49, 0.17, 0.5, 0.0, 0.47, 0.22, NUC
0.37, 0.44, 0.51, 0.56, 0.5, 0.0, 0.5, 0.38, NUC
0.45, 0.27, 0.5, 0.33, 0.5, 0.0, 0.53, 0.26, CYT
0.36, 0.33, 0.38, 0.15, 0.5, 0.0, 0.55, 0.36, ME3
0.29, 0.4, 0.41, 0.48, 0.5, 0.0, 0.53, 0.3, NUC
0.61, 0.39, 0.53, 0.14, 0.5, 0.0, 0.43, 0.26, NUC
0.51, 0.55, 0.56, 0.18, 0.5, 0.0, 0.5, 0.38, NUC
0.44, 0.45, 0.53, 0.19, 0.5, 0.0, 0.41, 0.28, NUC
0.56, 0.51, 0.32, 0.49, 0.5, 0.0, 0.48, 0.22, NUC
0.43, 0.44, 0.64, 0.19, 0.5, 0.0, 0.38, 0.33, NUC
0.59, 0.51, 0.48, 0.12, 0.5, 0.0, 0.54, 0.31, CYT
0.63, 0.64, 0.45, 0.26, 0.5, 0.0, 0.43, 0.22, CYT
0.43, 0.22, 0.79, 0.79, 0.5, 0.0, 0.22, 0.0, CYT
0.51, 0.52, 0.58, 0.17, 0.5, 0.0, 0.47, 0.28, CYT
0.41, 0.46, 0.58, 0.08, 0.5, 0.0, 0.51, 0.28, NUC
0.5, 0.48, 0.48, 0.23, 0.5, 0.0, 0.53, 0.68, CYT
0.54, 0.64, 0.4, 0.56, 0.5, 0.0, 0.51, 0.22, MIT
0.49, 0.38, 0.56, 0.09, 0.5, 0.0, 0.46, 0.22, CYT
0.38, 0.4, 0.53, 0.12, 0.5, 0.0, 0.55, 0.22, CYT
0.41, 0.49, 0.47, 0.09, 0.5, 0.0, 0.49, 0.22, CYT
0.41, 0.4, 0.56, 0.17, 0.5, 0.0, 0.56, 0.22, CYT
0.47, 0.37, 0.46, 0.28, 0.5, 0.0, 0.52, 0.99, NUC
0.45, 0.41, 0.53, 0.49, 0.5, 0.0, 0.49, 0.31, NUC
0.56, 0.55, 0.57, 0.15, 0.5, 0.0, 0.54, 0.25, CYT
0.8, 0.69, 0.53, 0.33, 0.5, 0.0, 0.51, 0.22, ME2
0.27, 0.41, 0.24, 0.2, 0.5, 0.0, 0.49, 0.22, ME3
0.52, 0.47, 0.58, 0.18, 0.5, 0.0, 0.34, 0.11, CYT
0.52, 0.47, 0.58, 0.18, 0.5, 0.0, 0.34, 0.11, CYT
0.5, 0.45, 0.51, 0.19, 0.5, 0.0, 0.53, 0.25, CYT
0.73, 0.52, 0.59, 0.25, 0.5, 0.0, 0.51, 0.22, NUC
0.52, 0.31, 0.56, 0.16, 0.5, 0.0, 0.55, 0.22, NUC
0.51, 0.48, 0.51, 0.19, 0.5, 0.0, 0.51, 0.27, CYT
0.36, 0.37, 0.63, 0.25, 0.5, 0.0, 0.3, 0.22, CYT
0.23, 0.29, 0.46, 0.0, 0.5, 0.0, 0.43, 0.31, CYT
0.47, 0.47, 0.5, 0.19, 0.5, 0.0, 0.51, 0.26, NUC
0.44, 0.65, 0.49, 0.16, 0.5, 0.0, 0.48, 0.31, NUC
0.49, 0.51, 0.52, 0.13, 0.5, 0.0, 0.51, 0.33, NUC
0.77, 0.7, 0.44, 0.29, 0.5, 0.0, 0.56, 0.22, ME1
0.57, 0.36, 0.51, 0.25, 0.5, 0.0, 0.54, 0.25, CYT
0.46, 0.47, 0.62, 0.3, 0.5, 0.0, 0.38, 0.22, CYT
0.27, 0.43, 0.5, 0.13, 0.5, 0.0, 0.54, 0.31, CYT
0.42, 0.51, 0.33, 0.16, 0.5, 0.0, 0.54, 0.22, ME3
0.48, 0.39, 0.56, 0.23, 0.5, 0.0, 0.6, 0.22, CYT
0.4, 0.28, 0.58, 0.44, 0.5, 0.0, 0.41, 0.22, CYT
0.65, 0.63, 0.47, 0.22, 0.5, 0.0, 0.52, 0.27, CYT
0.63, 0.56, 0.52, 0.21, 0.5, 0.0, 0.5, 0.22, CYT
0.5, 0.4, 0.57, 0.17, 0.5, 0.0, 0.59, 0.22, CYT
0.77, 0.78, 0.27, 0.37, 0.5, 0.0, 0.49, 0.22, ME1
0.71, 0.51, 0.49, 0.23, 0.5, 0.0, 0.3, 0.32, ME2
0.28, 0.48, 0.36, 0.16, 0.5, 0.0, 0.53, 0.22, ME3
0.8, 0.79, 0.43, 0.25, 0.5, 0.0, 0.52, 0.22, EXC
0.33, 0.38, 0.47, 0.14, 0.5, 0.0, 0.51, 0.47, NUC
0.51, 0.46, 0.41, 0.36, 0.5, 0.0, 0.49, 0.22, ME3
0.86, 0.78, 0.34, 0.15, 0.5, 0.0, 0.53, 0.22, ME2
0.77, 0.74, 0.37, 0.29, 0.5, 0.0, 0.45, 0.22, ME1
0.58, 0.56, 0.38, 0.39, 0.5, 0.0, 0.54, 0.57, NUC
0.38, 0.48, 0.57, 0.3, 0.5, 0.0, 0.41, 0.11, CYT
0.48, 0.61, 0.57, 0.17, 0.5, 0.0, 0.45, 0.22, CYT
0.81, 0.62, 0.43, 0.17, 0.5, 0.0, 0.53, 0.22, ME2
0.48, 0.42, 0.52, 0.24, 0.5, 0.0, 0.56, 0.22, CYT
0.48, 0.23, 0.57, 0.27, 0.5, 0.0, 0.48, 0.47, NUC
0.69, 0.6, 0.51, 0.13, 0.5, 0.83, 0.52, 0.22, POX
0.44, 0.53, 0.52, 0.37, 0.5, 0.0, 0.5, 0.22, NUC
0.32, 0.36, 0.34, 0.19, 0.5, 0.0, 0.55, 0.26, ME3
0.48, 0.48, 0.5, 0.47, 0.5, 0.0, 0.55, 0.22, MIT
0.78, 0.48, 0.47, 0.3, 0.5, 0.0, 0.53, 0.47, ME2
0.75, 0.66, 0.64, 0.39, 0.5, 0.0, 0.46, 0.32, MIT
0.49, 0.52, 0.53, 0.7, 0.5, 0.0, 0.51, 0.22, MIT
0.39, 0.44, 0.54, 0.24, 0.5, 0.0, 0.51, 0.49, NUC
0.41, 0.41, 0.43, 0.61, 0.5, 0.0, 0.53, 0.22, MIT
0.34, 0.34, 0.65, 0.4, 0.5, 0.0, 0.32, 0.16, CYT
0.85, 0.66, 0.49, 0.18, 0.5, 0.0, 0.51, 0.22, ME1
0.66, 0.65, 0.54, 0.4, 0.5, 0.0, 0.51, 0.22, EXC
0.5, 0.43, 0.5, 0.17, 0.5, 0.0, 0.46, 0.47, NUC
0.43, 0.48, 0.36, 0.26, 0.5, 0.0, 0.52, 0.22, ME3
0.4, 0.36, 0.32, 0.16, 0.5, 0.0, 0.51, 0.27, VAC
0.82, 0.63, 0.47, 0.18, 0.5, 0.0, 0.5, 0.22, POX
