@relation yeast-5
@attribute Mcg real [0.11, 1.0]
@attribute Gvh real [0.13, 1.0]
@attribute Alm real [0.21, 1.0]
@attribute Mit real [0.0, 1.0]
@attribute Erl real [0.5, 1.0]
@attribute Pox real [0.0, 0.83]
@attribute Vac real [0.0, 0.73]
@attribute Nuc real [0.0, 1.0]
@attribute Class {MIT, NUC, CYT, ME1, ME2, ME3, EXC, VAC, POX, ERL}
@inputs Mcg, Gvh, Alm, Mit, Erl, Pox, Vac, Nuc
@outputs Class
@data
0.64, 0.62, 0.49, 0.15, 0.5, 0.0, 0.53, 0.22, MIT
0.46, 0.44, 0.52, 0.11, 0.5, 0.0, 0.5, 0.22, CYT
0.78, 0.74, 0.42, 0.26, 0.5, 0.0, 0.43, 0.22, ME1
0.64, 0.59, 0.56, 0.23, 0.5, 0.0, 0.46, 0.22, CYT
0.45, 0.58, 0.48, 0.67, 0.5, 0.0, 0.52, 0.22, MIT
0.37, 0.32, 0.47, 0.18, 0.5, 0.0, 0.45, 0.25, NUC
0.47, 0.39, 0.59, 0.15, 0.5, 0.0, 0.57, 0.22, CYT
0.47, 0.47, 0.57, 0.48, 0.5, 0.0, 0.48, 0.22, MIT
0.58, 0.48, 0.51, 0.47, 0.5, 0.0, 0.55, 0.22, NUC
0.42, 0.31, 0.5, 0.15, 0.5, 0.0, 0.53, 0.22, NUC
0.4, 0.42, 0.71, 0.21, 0.5, 0.0, 0.54, 0.32, CYT
0.26, 0.44, 0.3, 0.11, 0.5, 0.0, 0.51, 0.47, ME3
0.66, 0.45, 0.5, 0.23, 0.5, 0.0, 0.49, 0.22, CYT
0.67, 0.68, 0.46, 0.29, 0.5, 0.0, 0.46, 0.22, MIT
0.47, 0.46, 0.59, 0.49, 0.5, 0.0, 0.56, 0.22, MIT
0.37, 0.53, 0.6, 0.19, 0.5, 0.5, 0.42, 0.22, POX
0.82, 0.78, 0.49, 0.23, 0.5, 0.0, 0.46, 0.22, EXC
0.82, 0.75, 0.54, 0.23, 0.5, 0.0, 0.46, 0.22, EXC
0.53, 0.44, 0.51, 0.33, 0.5, 0.0, 0.52, 0.22, MIT
0.4, 0.56, 0.48, 0.14, 0.5, 0.0, 0.47, 0.22, MIT
0.27, 0.39, 0.66, 0.11, 0.5, 0.0, 0.44, 0.22, MIT
0.59, 0.58, 0.56, 0.21, 0.5, 0.0, 0.54, 0.33, NUC
0.46, 0.35, 0.53, 0.16, 0.5, 0.0, 0.51, 0.29, CYT
0.61, 0.3, 0.59, 0.12, 0.5, 0.0, 0.49, 0.27, NUC
0.55, 0.46, 0.53, 0.11, 0.5, 0.0, 0.52, 0.48, CYT
0.92, 0.61, 0.4, 0.22, 0.5, 0.0, 0.54, 0.22, ME2
0.63, 0.62, 0.42, 0.12, 0.5, 0.0, 0.52, 0.25, CYT
0.56, 0.62, 0.53, 0.24, 0.5, 0.0, 0.57, 0.22, CYT
0.51, 0.58, 0.54, 0.29, 0.5, 0.0, 0.53, 0.22, CYT
0.55, 0.66, 0.57, 0.32, 0.5, 0.0, 0.57, 0.34, CYT
0.49, 0.46, 0.34, 0.21, 0.5, 0.0, 0.55, 0.22, ME3
0.7, 0.69, 0.43, 0.33, 0.5, 0.0, 0.58, 0.22, ME1
0.59, 0.65, 0.52, 0.3, 0.5, 0.0, 0.46, 0.31, CYT
0.27, 0.51, 0.47, 0.35, 0.5, 0.0, 0.49, 0.28, NUC
0.38, 0.47, 0.53, 0.12, 0.5, 0.0, 0.48, 0.22, CYT
0.48, 0.39, 0.49, 0.18, 0.5, 0.0, 0.51, 0.22, CYT
0.44, 0.51, 0.48, 0.38, 0.5, 0.0, 0.52, 0.22, CYT
0.41, 0.6, 0.53, 0.29, 0.5, 0.0, 0.47, 0.43, NUC
0.28, 0.51, 0.55, 0.11, 0.5, 0.0, 0.46, 0.22, NUC
0.29, 0.68, 0.47, 0.26, 0.5, 0.0, 0.47, 0.37, NUC
0.55, 0.53, 0.56, 0.29, 0.5, 0.0, 0.48, 0.22, MIT
0.43, 0.44, 0.3, 0.18, 0.5, 0.0, 0.51, 0.22, ME3
0.5, 0.46, 0.42, 0.32, 0.5, 0.0, 0.56, 0.55, ME3
0.7, 0.73, 0.38, 0.36, 0.5, 0.0, 0.54, 0.22, ME1
0.89, 0.82, 0.6, 0.49, 0.5, 0.0, 0.55, 0.22, ME2
0.77, 0.6, 0.42, 0.33, 0.5, 0.0, 0.57, 0.22, ME2
0.42, 0.32, 0.48, 0.16, 0.5, 0.0, 0.55, 0.22, VAC
0.36, 0.34, 0.46, 0.19, 0.5, 0.0, 0.52, 0.22, ME2
0.46, 0.47, 0.46, 0.16, 0.5, 0.0, 0.51, 0.22, CYT
0.62, 0.64, 0.56, 0.2, 0.5, 0.0, 0.48, 0.33, NUC
0.46, 0.32, 0.58, 0.17, 0.5, 0.0, 0.61, 0.25, NUC
0.72, 0.58, 0.42, 0.28, 0.5, 0.0, 0.48, 0.22, MIT
0.81, 0.65, 0.52, 0.41, 0.5, 0.0, 0.57, 0.26, MIT
0.46, 0.57, 0.52, 0.28, 0.5, 0.0, 0.52, 0.22, NUC
0.34, 0.54, 0.54, 0.13, 0.5, 0.0, 0.52, 0.22, CYT
0.58, 0.46, 0.46, 0.34, 0.5, 0.0, 0.5, 0.43, NUC
0.41, 0.54, 0.58, 0.2, 0.5, 0.0, 0.52, 0.22, MIT
0.44, 0.44, 0.67, 0.35, 0.5, 0.0, 0.48, 0.26, MIT
0.55, 0.53, 0.54, 0.4, 0.5, 0.0, 0.48, 0.22, MIT
0.41, 0.47, 0.58, 0.62, 0.5, 0.0, 0.5, 0.22, MIT
0.47, 0.46, 0.55, 0.28, 0.5, 0.0, 0.44, 0.46, NUC
0.41, 0.59, 0.46, 0.19, 0.5, 0.0, 0.36, 0.22, EXC
0.47, 0.59, 0.37, 0.31, 0.5, 0.0, 0.51, 0.36, NUC
0.49, 0.44, 0.51, 0.18, 0.5, 0.0, 0.52, 0.27, CYT
0.45, 0.41, 0.58, 0.48, 0.5, 0.0, 0.53, 0.64, NUC
0.56, 0.48, 0.5, 0.3, 0.5, 0.0, 0.51, 0.22, CYT
0.49, 0.45, 0.46, 0.18, 0.5, 0.0, 0.49, 0.31, CYT
0.74, 0.72, 0.5, 0.28, 0.5, 0.0, 0.49, 0.27, EXC
0.95, 0.71, 0.27, 0.39, 0.5, 0.0, 0.31, 0.22, ME2
0.44, 0.43, 0.34, 0.21, 0.5, 0.0, 0.55, 0.4, ME3
0.27, 0.49, 0.36, 0.26, 0.5, 0.0, 0.49, 0.26, ME3
0.54, 0.53, 0.48, 0.14, 0.5, 0.0, 0.49, 0.33, NUC
0.45, 0.48, 0.56, 0.56, 0.5, 0.0, 0.47, 0.22, NUC
0.38, 0.26, 0.6, 0.1, 0.5, 0.0, 0.48, 0.44, NUC
0.45, 0.45, 0.52, 0.17, 0.5, 0.0, 0.54, 0.22, CYT
0.37, 0.44, 0.51, 0.56, 0.5, 0.0, 0.5, 0.38, NUC
0.35, 0.47, 0.53, 0.19, 0.5, 0.0, 0.48, 0.22, CYT
0.5, 0.62, 0.52, 0.3, 0.5, 0.0, 0.56, 0.22, MIT
0.64, 0.53, 0.59, 0.14, 0.5, 0.0, 0.53, 0.22, MIT
0.43, 0.41, 0.51, 0.34, 0.5, 0.0, 0.49, 0.28, NUC
0.41, 0.52, 0.56, 0.26, 0.5, 0.0, 0.48, 0.32, NUC
0.49, 0.67, 0.5, 0.28, 0.5, 0.0, 0.43, 0.22, NUC
0.55, 0.38, 0.64, 0.42, 0.5, 0.0, 0.47, 0.22, MIT
0.45, 0.43, 0.5, 0.25, 0.5, 0.0, 0.47, 0.22, MIT
0.45, 0.52, 0.5, 0.12, 0.5, 0.0, 0.6, 0.22, CYT
0.47, 0.45, 0.51, 0.33, 0.5, 0.0, 0.46, 0.26, NUC
0.61, 0.38, 0.57, 0.36, 0.5, 0.0, 0.44, 0.21, CYT
0.57, 0.49, 0.61, 0.26, 0.5, 0.0, 0.52, 0.22, NUC
0.48, 0.45, 0.63, 0.19, 0.5, 0.0, 0.58, 0.22, NUC
0.4, 0.3, 0.57, 0.13, 0.5, 0.0, 0.46, 0.22, NUC
0.43, 0.33, 0.67, 0.12, 0.5, 0.0, 0.45, 0.23, CYT
0.43, 0.33, 0.67, 0.12, 0.5, 0.0, 0.43, 0.23, CYT
0.4, 0.45, 0.61, 0.29, 0.5, 0.0, 0.44, 0.22, CYT
0.78, 0.82, 0.56, 0.21, 0.5, 0.0, 0.69, 0.22, CYT
0.32, 0.44, 0.54, 0.21, 0.5, 0.0, 0.4, 0.19, CYT
0.42, 0.38, 0.52, 0.29, 0.5, 0.0, 0.42, 0.22, NUC
0.54, 0.64, 0.4, 0.56, 0.5, 0.0, 0.51, 0.22, MIT
0.44, 0.71, 0.5, 0.21, 0.5, 0.0, 0.54, 0.27, CYT
0.41, 0.4, 0.56, 0.17, 0.5, 0.0, 0.56, 0.22, CYT
0.49, 0.49, 0.52, 0.18, 0.5, 0.0, 0.51, 0.25, NUC
0.45, 0.41, 0.53, 0.49, 0.5, 0.0, 0.49, 0.31, NUC
0.19, 0.16, 0.68, 0.36, 0.5, 0.0, 0.49, 0.21, NUC
0.33, 0.46, 0.6, 0.18, 0.5, 0.0, 0.51, 0.26, NUC
0.54, 0.6, 0.57, 0.17, 0.5, 0.0, 0.44, 0.22, NUC
0.57, 0.55, 0.51, 0.18, 0.5, 0.0, 0.51, 0.43, NUC
0.38, 0.58, 0.46, 0.21, 0.5, 0.0, 0.52, 0.22, NUC
0.32, 0.68, 0.51, 0.16, 0.5, 0.83, 0.55, 0.22, POX
0.5, 0.52, 0.51, 0.22, 0.5, 0.0, 0.46, 0.37, CYT
0.56, 0.52, 0.46, 0.17, 0.5, 0.0, 0.49, 0.73, CYT
0.53, 0.48, 0.51, 0.18, 0.5, 0.0, 0.52, 0.27, CYT
0.6, 0.46, 0.51, 0.1, 0.5, 0.0, 0.48, 0.31, CYT
0.4, 0.65, 0.38, 0.17, 0.5, 0.0, 0.57, 0.22, ME3
0.31, 0.4, 0.31, 0.17, 0.5, 0.0, 0.52, 0.22, ME3
0.63, 0.58, 0.57, 0.1, 0.5, 0.0, 0.52, 0.33, NUC
0.54, 0.67, 0.56, 0.15, 0.5, 0.0, 0.57, 0.33, NUC
0.38, 0.42, 0.5, 0.19, 0.5, 0.0, 0.44, 0.22, CYT
0.44, 0.55, 0.51, 0.16, 0.5, 0.0, 0.6, 0.22, CYT
0.55, 0.39, 0.39, 0.47, 0.5, 0.0, 0.5, 0.83, ME3
0.79, 0.56, 0.53, 0.19, 0.5, 0.0, 0.47, 0.35, CYT
0.5, 0.43, 0.56, 0.17, 0.5, 0.0, 0.35, 0.22, NUC
0.52, 0.51, 0.48, 0.12, 0.5, 0.0, 0.54, 0.31, CYT
0.42, 0.51, 0.33, 0.16, 0.5, 0.0, 0.54, 0.22, ME3
0.66, 0.37, 0.6, 0.25, 0.5, 0.0, 0.69, 0.22, MIT
0.51, 0.49, 0.48, 0.55, 0.5, 0.0, 0.52, 0.58, CYT
0.68, 0.68, 0.35, 0.16, 0.5, 0.0, 0.62, 0.22, VAC
0.63, 0.56, 0.52, 0.21, 0.5, 0.0, 0.5, 0.22, CYT
0.64, 0.56, 0.52, 0.17, 0.5, 0.0, 0.54, 0.47, NUC
0.32, 0.3, 0.57, 0.38, 0.5, 0.0, 0.5, 0.25, NUC
0.8, 0.82, 0.4, 0.31, 0.5, 0.0, 0.57, 0.25, ME1
0.51, 0.38, 0.42, 0.21, 0.5, 0.0, 0.46, 0.34, ME3
0.63, 0.65, 0.42, 0.18, 0.5, 0.0, 0.54, 0.27, ME3
0.61, 0.76, 0.3, 0.16, 0.5, 0.0, 0.45, 0.41, ME3
0.2, 0.6, 0.5, 0.29, 0.5, 0.0, 0.51, 0.22, ME3
0.77, 0.68, 0.35, 0.19, 0.5, 0.0, 0.53, 0.43, ME1
0.57, 0.59, 0.49, 0.86, 0.5, 0.0, 0.47, 0.22, NUC
0.32, 0.29, 0.29, 0.08, 0.5, 0.0, 0.52, 0.22, ME3
0.38, 0.48, 0.57, 0.3, 0.5, 0.0, 0.41, 0.11, CYT
0.39, 0.58, 0.47, 0.18, 0.5, 0.0, 0.48, 0.22, MIT
0.59, 0.67, 0.54, 0.19, 0.5, 0.0, 0.48, 0.6, NUC
0.27, 0.6, 0.48, 0.23, 0.5, 0.0, 0.55, 0.22, CYT
0.39, 0.45, 0.53, 0.18, 0.5, 0.0, 0.54, 0.22, CYT
0.44, 0.34, 0.55, 0.18, 0.5, 0.0, 0.52, 0.22, CYT
0.37, 0.34, 0.58, 0.24, 0.5, 0.0, 0.44, 0.18, NUC
0.53, 0.42, 0.58, 0.29, 0.5, 0.0, 0.5, 0.22, MIT
0.75, 0.66, 0.64, 0.39, 0.5, 0.0, 0.46, 0.32, MIT
0.28, 0.46, 0.26, 0.18, 0.5, 0.0, 0.39, 0.22, VAC
0.55, 0.51, 0.54, 0.2, 0.5, 0.0, 0.56, 0.22, CYT
0.46, 0.61, 0.38, 0.35, 0.5, 0.0, 0.49, 0.22, ME3
