@relation yeast-5
@attribute Mcg real [0.11, 1.0]
@attribute Gvh real [0.13, 1.0]
@attribute Alm real [0.21, 1.0]
@attribute Mit real [0.0, 1.0]
@attribute Erl real [0.5, 1.0]
@attribute Pox real [0.0, 0.83]
@attribute Vac real [0.0, 0.73]
@attribute Nuc real [0.0, 1.0]
@attribute Class {MIT, NUC, CYT, ME1, ME2, ME3, EXC, VAC, POX, ERL}
@inputs Mcg, Gvh, Alm, Mit, Erl, Pox, Vac, Nuc
@outputs Class
@data
0.66, 0.62, 0.49, 0.1, 0.5, 0.0, 0.49, 0.22, CYT
0.6, 0.47, 0.45, 0.22, 0.5, 0.0, 0.51, 0.29, CYT
0.46, 0.49, 0.58, 0.23, 0.5, 0.0, 0.44, 0.22, MIT
0.63, 0.53, 0.54, 0.4, 0.5, 0.0, 0.5, 0.22, MIT
0.5, 0.58, 0.46, 0.46, 0.5, 0.0, 0.46, 0.22, MIT
0.8, 0.63, 0.45, 0.29, 0.5, 0.0, 0.51, 0.22, EXC
0.42, 0.43, 0.56, 0.1, 0.5, 0.0, 0.49, 0.22, CYT
0.67, 0.71, 0.52, 0.65, 0.5, 0.0, 0.53, 0.36, NUC
0.71, 0.59, 0.48, 0.43, 0.5, 0.0, 0.59, 0.22, MIT
0.42, 0.51, 0.5, 0.12, 0.5, 0.0, 0.52, 0.46, NUC
0.24, 0.34, 0.69, 0.18, 0.5, 0.0, 0.52, 0.22, CYT
0.46, 0.43, 0.38, 0.33, 0.5, 0.0, 0.48, 0.28, MIT
0.5, 0.41, 0.44, 0.5, 0.5, 0.0, 0.42, 0.22, MIT
0.35, 0.66, 0.49, 0.21, 0.5, 0.0, 0.54, 0.25, CYT
0.47, 0.54, 0.37, 0.14, 0.5, 0.0, 0.5, 0.22, ME3
0.41, 0.51, 0.58, 0.15, 0.5, 0.0, 0.45, 0.27, CYT
0.38, 0.51, 0.75, 0.17, 0.5, 0.0, 0.55, 0.22, CYT
0.45, 0.27, 0.57, 0.36, 0.5, 0.0, 0.52, 0.18, CYT
0.36, 0.68, 0.38, 0.08, 0.5, 0.0, 0.53, 0.25, VAC
0.35, 0.4, 0.59, 0.22, 0.5, 0.0, 0.47, 0.37, NUC
0.23, 0.2, 0.53, 0.2, 0.5, 0.0, 0.44, 0.22, NUC
0.43, 0.39, 0.54, 0.14, 0.5, 0.0, 0.47, 0.22, NUC
0.56, 0.52, 0.55, 0.19, 0.5, 0.0, 0.54, 0.22, CYT
0.32, 0.47, 0.55, 0.12, 0.5, 0.0, 0.52, 0.22, CYT
0.35, 0.6, 0.47, 0.13, 0.5, 0.0, 0.52, 0.43, NUC
0.35, 0.46, 0.49, 0.15, 1.0, 0.0, 0.55, 0.35, CYT
0.35, 0.36, 0.57, 0.17, 0.5, 0.0, 0.52, 0.22, CYT
0.69, 0.5, 0.49, 0.42, 0.5, 0.0, 0.49, 0.22, MIT
0.46, 0.57, 0.57, 0.15, 0.5, 0.0, 0.52, 0.26, NUC
0.35, 0.4, 0.53, 0.18, 0.5, 0.0, 0.42, 0.38, CYT
0.53, 0.43, 0.47, 0.15, 0.5, 0.0, 0.58, 0.22, CYT
0.53, 0.53, 0.53, 0.17, 0.5, 0.0, 0.49, 0.37, NUC
0.33, 0.28, 0.31, 0.24, 0.5, 0.0, 0.53, 0.22, ME3
0.32, 0.34, 0.61, 0.17, 0.5, 0.0, 0.52, 0.32, NUC
0.41, 0.3, 0.49, 0.28, 0.5, 0.0, 0.54, 0.22, CYT
0.67, 0.51, 0.53, 0.28, 0.5, 0.0, 0.51, 0.22, MIT
0.35, 0.49, 0.47, 0.22, 0.5, 0.0, 0.5, 0.28, MIT
0.51, 0.34, 0.43, 0.18, 0.5, 0.0, 0.48, 0.25, CYT
0.45, 0.38, 0.59, 0.18, 0.5, 0.0, 0.44, 0.45, NUC
0.59, 0.57, 0.46, 0.14, 0.5, 0.0, 0.52, 0.22, MIT
0.7, 0.73, 0.37, 0.37, 0.5, 0.0, 0.48, 0.31, ME1
0.85, 0.56, 0.33, 0.38, 1.0, 0.0, 0.55, 0.25, ERL
0.34, 0.31, 0.6, 0.37, 0.5, 0.0, 0.5, 0.3, NUC
0.52, 0.49, 0.57, 0.57, 0.5, 0.0, 0.51, 0.22, NUC
0.47, 0.54, 0.54, 0.48, 0.5, 0.0, 0.53, 0.26, MIT
0.5, 0.49, 0.52, 0.2, 0.5, 0.0, 0.43, 0.52, NUC
0.49, 0.44, 0.45, 0.22, 0.5, 0.0, 0.51, 0.22, CYT
0.43, 0.83, 0.55, 0.2, 0.5, 0.0, 0.47, 0.4, NUC
0.29, 0.46, 0.54, 0.27, 0.5, 0.0, 0.49, 0.22, CYT
0.37, 0.31, 0.53, 0.16, 0.5, 0.0, 0.53, 0.44, NUC
0.48, 0.47, 0.54, 0.55, 0.5, 0.0, 0.51, 0.65, MIT
0.4, 0.68, 0.5, 0.82, 0.5, 0.0, 0.44, 0.36, MIT
0.36, 0.4, 0.53, 0.48, 0.5, 0.0, 0.48, 0.22, MIT
0.52, 0.5, 0.59, 0.31, 0.5, 0.0, 0.5, 0.22, MIT
0.58, 0.52, 0.61, 0.33, 0.5, 0.0, 0.38, 0.11, MIT
0.58, 0.53, 0.57, 0.46, 0.5, 0.0, 0.51, 0.27, MIT
0.46, 0.46, 0.56, 0.12, 0.5, 0.0, 0.55, 0.22, MIT
0.44, 0.41, 0.29, 0.21, 0.5, 0.0, 0.49, 0.22, ME3
0.47, 0.47, 0.5, 0.15, 0.5, 0.0, 0.5, 0.48, NUC
0.51, 0.34, 0.49, 0.16, 0.5, 0.0, 0.53, 0.21, NUC
0.25, 0.36, 0.58, 0.3, 0.5, 0.0, 0.58, 0.31, NUC
0.76, 0.67, 0.37, 0.22, 0.5, 0.0, 0.54, 0.22, ME2
0.49, 0.27, 0.57, 0.18, 0.5, 0.83, 0.54, 0.22, POX
0.33, 0.38, 0.45, 0.19, 0.5, 0.0, 0.54, 0.37, NUC
0.51, 0.46, 0.49, 0.21, 0.5, 0.0, 0.55, 0.22, VAC
0.48, 0.45, 0.59, 0.35, 0.5, 0.0, 0.55, 0.3, MIT
0.45, 0.41, 0.49, 0.14, 1.0, 0.0, 0.53, 0.3, CYT
0.38, 0.45, 0.37, 0.19, 0.5, 0.0, 0.52, 0.3, ME3
0.45, 0.4, 0.43, 0.22, 0.5, 0.0, 0.51, 0.48, NUC
0.47, 0.61, 0.5, 0.23, 0.5, 0.0, 0.49, 0.22, ME3
0.49, 0.71, 0.54, 0.13, 0.5, 0.0, 0.58, 0.22, NUC
0.41, 0.53, 0.41, 0.15, 0.5, 0.0, 0.54, 0.25, NUC
0.62, 0.41, 0.52, 0.17, 0.5, 0.0, 0.48, 0.22, NUC
0.57, 0.6, 0.54, 0.17, 0.5, 0.0, 0.52, 0.22, MIT
0.47, 0.43, 0.48, 0.16, 0.5, 0.0, 0.46, 0.27, NUC
0.55, 0.59, 0.53, 0.15, 0.5, 0.0, 0.49, 0.22, NUC
0.49, 0.49, 0.51, 0.29, 0.5, 0.0, 0.52, 0.71, NUC
0.4, 0.6, 0.5, 0.16, 0.5, 0.0, 0.51, 0.22, CYT
0.44, 0.45, 0.53, 0.19, 0.5, 0.0, 0.41, 0.28, NUC
0.34, 0.58, 0.5, 0.26, 0.5, 0.0, 0.51, 0.22, NUC
0.42, 0.21, 0.59, 0.3, 0.5, 0.0, 0.47, 0.27, NUC
0.43, 0.33, 0.54, 0.37, 0.5, 0.0, 0.38, 0.16, CYT
0.27, 0.31, 0.55, 0.13, 0.5, 0.0, 0.5, 0.22, NUC
0.5, 0.56, 0.63, 0.25, 0.5, 0.0, 0.42, 0.22, NUC
0.37, 0.45, 0.53, 0.14, 0.5, 0.0, 0.49, 0.22, NUC
0.61, 0.48, 0.56, 0.19, 0.5, 0.0, 0.53, 0.31, CYT
0.36, 0.56, 0.52, 0.18, 0.5, 0.0, 0.45, 0.16, CYT
0.43, 0.22, 0.79, 0.79, 0.5, 0.0, 0.22, 0.0, CYT
0.48, 0.55, 0.48, 0.1, 0.5, 0.0, 0.55, 0.22, CYT
0.73, 0.6, 0.47, 0.2, 0.5, 0.0, 0.72, 0.22, CYT
0.46, 0.54, 0.59, 0.41, 0.5, 0.0, 0.53, 0.21, CYT
0.56, 0.42, 0.52, 0.14, 0.5, 0.0, 0.51, 0.22, CYT
0.39, 0.46, 0.33, 0.18, 0.5, 0.0, 0.53, 0.22, ME3
0.49, 0.38, 0.56, 0.09, 0.5, 0.0, 0.46, 0.22, CYT
0.46, 0.44, 0.58, 0.17, 0.5, 0.0, 0.55, 0.22, CYT
0.44, 0.51, 0.53, 0.3, 0.5, 0.0, 0.53, 0.22, CYT
0.54, 0.51, 0.56, 0.15, 0.5, 0.0, 0.54, 0.31, CYT
0.51, 0.51, 0.32, 0.27, 0.5, 0.0, 0.54, 0.22, ME3
0.48, 0.51, 0.5, 0.24, 0.5, 0.0, 0.54, 0.38, CYT
0.77, 0.82, 0.4, 0.36, 0.5, 0.0, 0.38, 0.22, ME1
0.52, 0.55, 0.39, 0.09, 1.0, 0.0, 0.55, 0.25, ME3
0.42, 0.28, 0.33, 0.23, 0.5, 0.0, 0.39, 0.26, ME3
0.7, 0.57, 0.34, 0.19, 0.5, 0.0, 0.53, 0.27, ME2
0.8, 0.69, 0.53, 0.33, 0.5, 0.0, 0.51, 0.22, ME2
0.57, 0.51, 0.34, 0.13, 0.5, 0.0, 0.53, 0.27, MIT
0.5, 0.45, 0.51, 0.19, 0.5, 0.0, 0.53, 0.25, CYT
0.62, 0.33, 0.49, 0.24, 0.5, 0.0, 0.51, 0.42, CYT
0.53, 0.48, 0.51, 0.18, 0.5, 0.0, 0.51, 0.27, CYT
0.6, 0.46, 0.51, 0.1, 0.5, 0.0, 0.48, 0.31, CYT
0.38, 0.42, 0.47, 0.12, 0.5, 0.0, 0.47, 0.53, NUC
0.33, 0.37, 0.49, 0.22, 0.5, 0.0, 0.55, 0.22, CYT
0.74, 0.82, 0.46, 0.24, 0.5, 0.0, 0.5, 0.31, EXC
0.23, 0.29, 0.46, 0.0, 0.5, 0.0, 0.43, 0.31, CYT
0.47, 0.47, 0.5, 0.19, 0.5, 0.0, 0.51, 0.26, NUC
0.44, 0.65, 0.49, 0.16, 0.5, 0.0, 0.48, 0.31, NUC
0.5, 0.49, 0.46, 0.22, 0.5, 0.0, 0.53, 0.25, CYT
0.54, 0.55, 0.55, 0.4, 0.5, 0.0, 0.53, 0.22, CYT
0.31, 0.31, 0.57, 0.15, 0.5, 0.0, 0.5, 0.22, CYT
0.44, 0.54, 0.51, 0.16, 0.5, 0.0, 0.58, 0.22, CYT
0.79, 0.79, 0.42, 0.26, 0.5, 0.0, 0.6, 0.22, ME1
0.4, 0.44, 0.5, 0.13, 0.5, 0.0, 0.52, 0.39, CYT
0.79, 0.62, 0.35, 0.35, 0.5, 0.0, 0.6, 0.28, ME2
0.6, 0.37, 0.52, 0.15, 0.5, 0.0, 0.55, 0.26, VAC
0.46, 0.52, 0.51, 0.13, 0.5, 0.0, 0.47, 0.22, CYT
0.49, 0.53, 0.36, 0.15, 0.5, 0.0, 0.52, 0.27, ME3
0.22, 0.53, 0.36, 0.22, 0.5, 0.0, 0.54, 0.31, ME3
0.3, 0.68, 0.41, 0.17, 0.5, 0.0, 0.51, 0.22, ME3
0.42, 0.71, 0.45, 0.15, 0.5, 0.0, 0.48, 0.22, ME3
0.8, 0.73, 0.47, 0.19, 0.5, 0.0, 0.49, 0.22, ME1
0.63, 0.71, 0.44, 0.53, 0.5, 0.0, 0.52, 0.22, ME2
0.38, 0.4, 0.39, 0.19, 0.5, 0.0, 0.46, 0.62, NUC
0.74, 0.75, 0.45, 0.44, 0.5, 0.0, 0.52, 0.22, POX
0.25, 0.4, 0.52, 0.15, 0.5, 0.0, 0.56, 0.28, NUC
0.49, 0.39, 0.52, 0.29, 0.5, 0.0, 0.48, 0.22, EXC
0.59, 0.6, 0.49, 0.43, 0.5, 0.0, 0.53, 0.31, MIT
0.56, 0.52, 0.48, 0.17, 0.5, 0.0, 0.46, 0.22, NUC
0.37, 0.22, 0.64, 0.35, 0.5, 0.0, 0.47, 0.22, NUC
0.32, 0.36, 0.34, 0.19, 0.5, 0.0, 0.55, 0.26, ME3
0.48, 0.48, 0.5, 0.47, 0.5, 0.0, 0.55, 0.22, MIT
0.37, 0.51, 0.57, 0.4, 0.5, 0.0, 0.48, 0.27, MIT
0.75, 0.67, 0.51, 0.29, 0.5, 0.0, 0.52, 0.36, MIT
0.38, 0.62, 0.52, 0.14, 0.5, 0.0, 0.53, 0.22, CYT
0.5, 0.42, 0.57, 0.49, 0.5, 0.0, 0.48, 0.27, NUC
0.47, 0.55, 0.57, 0.17, 0.5, 0.0, 0.52, 0.66, NUC
0.4, 0.43, 0.36, 0.33, 0.5, 0.0, 0.51, 0.22, ME3
0.43, 0.48, 0.36, 0.26, 0.5, 0.0, 0.52, 0.22, ME3
0.4, 0.43, 0.49, 0.17, 0.5, 0.0, 0.51, 0.36, NUC
0.35, 0.29, 0.46, 0.14, 0.5, 0.0, 0.54, 0.66, NUC
0.67, 0.57, 0.36, 0.19, 0.5, 0.0, 0.56, 0.22, ME2
