@relation yeast-3
@attribute Mcg real [0.11, 1.0]
@attribute Gvh real [0.13, 1.0]
@attribute Alm real [0.21, 1.0]
@attribute Mit real [0.0, 1.0]
@attribute Erl real [0.5, 1.0]
@attribute Pox real [0.0, 0.83]
@attribute Vac real [0.0, 0.73]
@attribute Nuc real [0.0, 1.0]
@attribute Class {MIT, NUC, CYT, ME1, ME2, ME3, EXC, VAC, POX, ERL}
@inputs Mcg, Gvh, Alm, Mit, Erl, Pox, Vac, Nuc
@outputs Class
@data
0.42, 0.44, 0.48, 0.54, 0.5, 0.0, 0.48, 0.22, MIT
0.42, 0.37, 0.59, 0.2, 0.5, 0.0, 0.52, 0.29, NUC
0.46, 0.44, 0.52, 0.11, 0.5, 0.0, 0.5, 0.22, CYT
0.5, 0.34, 0.55, 0.21, 0.5, 0.0, 0.49, 0.22, NUC
0.51, 0.51, 0.43, 0.87, 0.5, 0.0, 0.52, 0.22, MIT
0.47, 0.39, 0.59, 0.15, 0.5, 0.0, 0.57, 0.22, CYT
0.5, 0.54, 0.53, 0.54, 0.5, 0.0, 0.51, 0.27, MIT
0.8, 0.63, 0.45, 0.29, 0.5, 0.0, 0.51, 0.22, EXC
0.5, 0.52, 0.59, 0.3, 0.5, 0.0, 0.51, 0.35, NUC
0.3, 0.32, 0.57, 0.19, 0.5, 0.0, 0.48, 0.55, NUC
0.64, 0.62, 0.29, 0.28, 0.5, 0.0, 0.51, 0.22, MIT
0.58, 0.62, 0.54, 0.17, 0.5, 0.0, 0.48, 0.22, MIT
0.46, 0.71, 0.48, 0.53, 0.5, 0.0, 0.53, 0.22, MIT
0.21, 0.41, 0.55, 0.11, 0.5, 0.0, 0.5, 0.27, CYT
0.39, 0.4, 0.53, 0.67, 0.5, 0.0, 0.47, 0.22, CYT
0.49, 0.43, 0.51, 0.13, 0.5, 0.0, 0.47, 0.22, CYT
0.48, 0.64, 0.61, 0.23, 0.5, 0.0, 0.6, 0.22, CYT
0.57, 0.57, 0.44, 0.37, 0.5, 0.0, 0.52, 0.25, MIT
0.49, 0.6, 0.43, 0.56, 0.5, 0.0, 0.36, 0.22, MIT
0.37, 0.58, 0.44, 0.51, 0.5, 0.0, 0.44, 0.22, MIT
0.77, 0.79, 0.58, 0.23, 0.5, 0.0, 0.48, 0.22, EXC
0.36, 0.37, 0.33, 0.14, 0.5, 0.0, 0.57, 0.31, ME3
0.53, 0.53, 0.6, 0.13, 0.5, 0.0, 0.49, 0.22, MIT
0.54, 0.42, 0.41, 0.16, 0.5, 0.0, 0.52, 0.22, ME2
0.52, 0.75, 0.37, 0.14, 0.5, 0.0, 0.46, 0.22, ME3
0.53, 0.68, 0.42, 0.19, 0.5, 0.0, 0.53, 0.22, ME3
0.35, 0.6, 0.47, 0.13, 0.5, 0.0, 0.52, 0.43, NUC
0.77, 0.87, 0.47, 0.37, 0.5, 0.0, 0.48, 0.22, EXC
0.71, 0.59, 0.53, 0.15, 0.5, 0.0, 0.49, 0.33, CYT
0.54, 0.57, 0.52, 0.19, 0.5, 0.0, 0.59, 0.67, NUC
0.47, 0.47, 0.58, 0.16, 0.5, 0.0, 0.49, 0.28, CYT
0.37, 0.43, 0.62, 0.27, 0.5, 0.0, 0.48, 0.22, NUC
0.45, 0.42, 0.52, 0.2, 0.5, 0.0, 0.5, 0.25, CYT
0.43, 0.51, 0.54, 0.15, 0.5, 0.0, 0.45, 0.26, NUC
0.49, 0.43, 0.48, 0.15, 0.5, 0.0, 0.55, 0.25, CYT
0.74, 0.53, 0.5, 0.08, 0.5, 0.0, 0.55, 0.31, CYT
0.58, 0.48, 0.56, 0.1, 0.5, 0.0, 0.46, 0.25, NUC
0.47, 0.45, 0.53, 0.62, 0.5, 0.0, 0.46, 0.22, MIT
0.48, 0.57, 0.5, 0.09, 0.5, 0.0, 0.52, 0.42, NUC
0.44, 0.53, 0.52, 0.37, 0.5, 0.0, 0.5, 0.22, NUC
0.45, 0.57, 0.3, 0.17, 0.5, 0.0, 0.51, 0.22, ME3
0.77, 0.6, 0.42, 0.33, 0.5, 0.0, 0.57, 0.22, ME2
0.76, 0.74, 0.56, 0.34, 0.5, 0.0, 0.51, 0.3, ME2
0.48, 0.57, 0.52, 0.61, 0.5, 0.0, 0.51, 0.22, MIT
0.49, 0.62, 0.65, 0.18, 0.5, 0.0, 0.46, 0.43, NUC
0.39, 0.37, 0.56, 0.15, 0.5, 0.0, 0.5, 0.27, CYT
0.6, 0.59, 0.45, 0.23, 0.5, 0.0, 0.55, 0.22, MIT
0.67, 0.51, 0.54, 0.21, 0.5, 0.0, 0.43, 0.3, MIT
0.58, 0.46, 0.46, 0.34, 0.5, 0.0, 0.5, 0.43, NUC
0.41, 0.54, 0.58, 0.2, 0.5, 0.0, 0.52, 0.22, MIT
0.58, 0.52, 0.61, 0.33, 0.5, 0.0, 0.38, 0.11, MIT
0.63, 0.6, 0.5, 0.27, 0.5, 0.0, 0.55, 0.22, MIT
0.58, 0.57, 0.54, 0.69, 0.5, 0.0, 0.54, 0.22, MIT
0.4, 0.53, 0.44, 0.18, 0.5, 0.0, 0.54, 0.31, NUC
0.43, 0.28, 0.53, 0.34, 0.5, 0.0, 0.55, 0.57, NUC
0.58, 0.51, 0.56, 0.16, 0.5, 0.0, 0.34, 0.22, NUC
0.49, 0.27, 0.57, 0.18, 0.5, 0.83, 0.54, 0.22, POX
0.69, 0.39, 0.52, 0.12, 0.5, 0.0, 0.38, 0.35, CYT
0.5, 0.51, 0.57, 0.27, 0.5, 0.0, 0.48, 0.22, POX
0.6, 0.54, 0.54, 0.53, 0.5, 0.0, 0.52, 0.27, MIT
0.49, 0.45, 0.46, 0.18, 0.5, 0.0, 0.49, 0.31, CYT
0.48, 0.45, 0.59, 0.35, 0.5, 0.0, 0.55, 0.3, MIT
0.57, 0.49, 0.5, 0.2, 0.5, 0.0, 0.51, 0.28, CYT
0.45, 0.41, 0.49, 0.14, 1.0, 0.0, 0.53, 0.3, CYT
0.48, 0.46, 0.58, 0.26, 0.5, 0.0, 0.44, 0.22, NUC
0.46, 0.62, 0.54, 0.25, 0.5, 0.0, 0.46, 0.22, CYT
0.3, 0.3, 0.46, 0.32, 0.5, 0.0, 0.45, 0.22, NUC
0.38, 0.26, 0.6, 0.1, 0.5, 0.0, 0.48, 0.44, NUC
0.68, 0.39, 0.5, 0.15, 0.5, 0.0, 0.48, 0.37, NUC
0.32, 0.48, 0.49, 0.17, 0.5, 0.0, 0.47, 0.22, NUC
0.53, 0.45, 0.53, 0.18, 0.5, 0.0, 0.42, 0.22, CYT
0.58, 0.53, 0.33, 0.26, 0.5, 0.0, 0.51, 0.22, ME3
0.61, 0.39, 0.53, 0.14, 0.5, 0.0, 0.43, 0.26, NUC
0.39, 0.16, 0.59, 0.08, 0.5, 0.0, 0.51, 0.27, NUC
0.36, 0.48, 0.5, 0.13, 0.5, 0.0, 0.49, 0.6, NUC
0.55, 0.59, 0.53, 0.15, 0.5, 0.0, 0.49, 0.22, NUC
0.41, 0.52, 0.56, 0.26, 0.5, 0.0, 0.48, 0.32, NUC
0.57, 0.55, 0.52, 0.16, 0.5, 0.0, 0.49, 0.39, NUC
0.39, 0.39, 0.59, 0.25, 0.5, 0.0, 0.45, 0.22, CYT
0.61, 0.38, 0.57, 0.36, 0.5, 0.0, 0.44, 0.21, CYT
0.56, 0.49, 0.54, 0.15, 0.5, 0.0, 0.5, 0.35, NUC
0.38, 0.44, 0.55, 0.44, 0.5, 0.0, 0.47, 0.51, NUC
0.43, 0.33, 0.67, 0.12, 0.5, 0.0, 0.45, 0.23, CYT
0.58, 0.44, 0.5, 0.26, 0.5, 0.0, 0.52, 0.22, CYT
0.52, 0.43, 0.61, 0.22, 0.5, 0.0, 0.45, 0.22, CYT
0.42, 0.5, 0.64, 0.13, 0.5, 0.0, 0.49, 0.22, CYT
0.46, 0.54, 0.59, 0.41, 0.5, 0.0, 0.53, 0.21, CYT
0.51, 0.52, 0.58, 0.17, 0.5, 0.0, 0.47, 0.28, CYT
0.5, 0.5, 0.62, 0.23, 0.5, 0.0, 0.35, 0.11, CYT
0.51, 0.4, 0.5, 0.28, 0.5, 0.0, 0.48, 0.27, CYT
0.51, 0.51, 0.32, 0.27, 0.5, 0.0, 0.54, 0.22, ME3
0.55, 0.72, 0.35, 0.26, 0.5, 0.0, 0.49, 0.22, ME3
0.7, 0.78, 0.53, 0.24, 0.5, 0.0, 0.48, 0.22, VAC
0.7, 0.57, 0.34, 0.19, 0.5, 0.0, 0.53, 0.27, ME2
0.56, 0.55, 0.57, 0.15, 0.5, 0.0, 0.54, 0.25, CYT
0.32, 0.6, 0.48, 0.13, 0.5, 0.0, 0.53, 0.22, NUC
0.38, 0.42, 0.31, 0.35, 0.5, 0.0, 0.52, 0.22, ME3
0.36, 0.32, 0.55, 0.27, 0.5, 0.0, 0.47, 0.43, NUC
0.27, 0.46, 0.52, 0.17, 0.5, 0.0, 0.49, 0.44, NUC
0.49, 0.6, 0.42, 0.18, 0.5, 0.0, 0.58, 0.28, NUC
0.38, 0.34, 0.55, 0.44, 0.5, 0.0, 0.48, 0.26, CYT
0.44, 0.65, 0.49, 0.16, 0.5, 0.0, 0.48, 0.31, NUC
0.55, 0.79, 0.45, 0.25, 0.5, 0.0, 0.51, 0.22, NUC
0.38, 0.42, 0.5, 0.19, 0.5, 0.0, 0.44, 0.22, CYT
0.8, 0.83, 0.43, 0.24, 0.5, 0.0, 0.54, 0.22, ME1
0.55, 0.69, 0.51, 0.12, 0.5, 0.0, 0.51, 0.22, CYT
0.52, 0.49, 0.59, 0.21, 0.5, 0.0, 0.47, 0.22, NUC
0.52, 0.5, 0.6, 0.2, 0.5, 0.0, 0.52, 0.22, CYT
0.5, 0.46, 0.49, 0.27, 0.5, 0.0, 0.6, 0.22, CYT
0.42, 0.46, 0.44, 0.17, 0.5, 0.0, 0.51, 0.42, CYT
0.4, 0.28, 0.58, 0.44, 0.5, 0.0, 0.41, 0.22, CYT
0.54, 0.35, 0.55, 0.19, 0.5, 0.0, 0.3, 0.22, CYT
0.5, 0.47, 0.45, 0.14, 0.5, 0.0, 0.53, 0.32, ME3
0.55, 0.49, 0.6, 0.18, 0.5, 0.0, 0.51, 0.22, NUC
0.64, 0.61, 0.56, 0.15, 0.5, 0.0, 0.54, 0.22, VAC
0.25, 0.4, 0.54, 0.16, 0.5, 0.0, 0.43, 0.22, CYT
0.77, 0.78, 0.27, 0.37, 0.5, 0.0, 0.49, 0.22, ME1
0.43, 0.41, 0.37, 0.18, 0.5, 0.0, 0.54, 0.31, ME3
0.59, 0.48, 0.49, 0.49, 0.5, 0.0, 0.36, 0.32, CYT
0.63, 0.65, 0.42, 0.18, 0.5, 0.0, 0.54, 0.27, ME3
0.61, 0.76, 0.3, 0.16, 0.5, 0.0, 0.45, 0.41, ME3
0.6, 0.68, 0.3, 0.27, 0.5, 0.0, 0.55, 0.22, ME3
0.58, 0.67, 0.49, 0.16, 0.5, 0.0, 0.47, 0.28, MIT
0.57, 0.59, 0.49, 0.86, 0.5, 0.0, 0.47, 0.22, NUC
0.77, 0.74, 0.37, 0.29, 0.5, 0.0, 0.45, 0.22, ME1
0.39, 0.45, 0.53, 0.18, 0.5, 0.0, 0.54, 0.22, CYT
0.35, 0.39, 0.57, 0.11, 0.5, 0.0, 0.48, 0.22, NUC
0.36, 0.49, 0.3, 0.22, 0.5, 0.0, 0.52, 0.31, ME3
0.43, 0.54, 0.58, 0.16, 0.5, 0.0, 0.5, 0.36, NUC
0.66, 0.62, 0.52, 0.17, 0.5, 0.0, 0.49, 0.22, CYT
0.72, 0.56, 0.4, 0.26, 0.5, 0.0, 0.51, 0.26, ME2
0.48, 0.54, 0.53, 0.6, 0.5, 0.0, 0.53, 0.31, NUC
0.36, 0.44, 0.51, 0.17, 0.5, 0.0, 0.6, 0.19, NUC
0.7, 0.84, 0.49, 0.28, 1.0, 0.0, 0.58, 0.22, ERL
0.28, 0.46, 0.26, 0.18, 0.5, 0.0, 0.39, 0.22, VAC
0.42, 0.65, 0.58, 0.34, 0.5, 0.0, 0.5, 0.22, MIT
0.61, 0.46, 0.54, 0.11, 0.5, 0.0, 0.47, 0.22, CYT
0.41, 0.41, 0.43, 0.61, 0.5, 0.0, 0.53, 0.22, MIT
0.61, 0.53, 0.59, 0.17, 0.5, 0.0, 0.44, 0.28, CYT
0.34, 0.34, 0.65, 0.4, 0.5, 0.0, 0.32, 0.16, CYT
0.39, 0.65, 0.57, 0.19, 0.5, 0.0, 0.44, 0.25, CYT
0.57, 0.48, 0.54, 0.22, 0.5, 0.0, 0.5, 0.11, CYT
0.41, 0.49, 0.65, 0.28, 0.5, 0.0, 0.59, 0.57, CYT
0.85, 0.66, 0.49, 0.18, 0.5, 0.0, 0.51, 0.22, ME1
0.54, 0.44, 0.35, 0.19, 0.5, 0.0, 0.51, 0.27, ME3
0.37, 0.4, 0.38, 0.18, 0.5, 0.0, 0.51, 0.22, ME3
0.46, 0.61, 0.55, 0.29, 0.5, 0.0, 0.49, 0.22, MIT
0.29, 0.26, 0.43, 0.17, 0.5, 0.0, 0.55, 0.3, ME3
0.51, 0.45, 0.62, 0.25, 0.5, 0.0, 0.59, 0.22, MIT
