@relation .a/segment-4/segment-4
@attribute Region-centroid-col real [1.0, 254.0]
@attribute Region-centroid-row real [11.0, 251.0]
@attribute Region-pixel-count real [9.0, 10.0]
@attribute Short-line-density-5 real [0.0, 0.33333334]
@attribute Short-line-density-2 real [0.0, 0.22222222]
@attribute Vedge-mean real [0.0, 29.222221]
@attribute Vegde-sd real [0.0, 991.7184]
@attribute Hedge-mean real [0.0, 44.722225]
@attribute Hedge-sd real [-1.5894573E-8, 1386.3292]
@attribute Intensity-mean real [0.0, 143.44444]
@attribute Rawred-mean real [0.0, 137.11111]
@attribute Rawblue-mean real [0.0, 150.88889]
@attribute Rawgreen-mean real [0.0, 142.55556]
@attribute Exred-mean real [-49.666668, 9.888889]
@attribute Exblue-mean real [-12.444445, 82.0]
@attribute Exgreen-mean real [-33.88889, 24.666666]
@attribute Value-mean real [0.0, 150.88889]
@attribute Saturatoin-mean real [0.0, 1.0]
@attribute Hue-mean real [-3.0441751, 2.9124804]
@attribute Class {1, 2, 3, 4, 5, 6, 7}
@inputs Region-centroid-col, Region-centroid-row, Region-pixel-count, Short-line-density-5, Short-line-density-2, Vedge-mean, Vegde-sd, Hedge-mean, Hedge-sd, Intensity-mean, Rawred-mean, Rawblue-mean, Rawgreen-mean, Exred-mean, Exblue-mean, Exgreen-mean, Value-mean, Saturatoin-mean, Hue-mean
@outputs Class
@data
14.0, 120.0, 9.0, 0.0, 0.0, 0.3333333, 0.13333331, 0.44444442, 0.29629624, 1.5925926, 0.0, 3.8888888, 0.8888889, -4.7777777, 6.888889, -2.1111112, 3.8888888, 1.0, -2.3157208, 3
48.0, 173.0, 9.0, 0.0, 0.0, 1.1666666, 1.0697874, 1.4444447, 1.6420407, 19.222221, 16.444445, 16.444445, 24.777779, -8.333333, -8.333333, 16.666666, 24.777779, 0.34965578, 2.0995574, 7
33.0, 117.0, 9.0, 0.0, 0.0, 0.2777778, 0.018518511, 0.11111111, 0.029629635, 1.074074, 0.0, 3.1111112, 0.11111111, -3.2222223, 6.111111, -2.8888888, 3.1111112, 1.0, -2.132635, 3
118.0, 85.0, 9.0, 0.0, 0.0, 3.2777777, 4.418521, 2.277778, 6.8185186, 8.185185, 3.5555556, 14.888889, 6.111111, -13.888889, 20.11111, -6.2222223, 14.888889, 0.7741213, -2.3290927, 3
108.0, 146.0, 9.0, 0.0, 0.0, 0.0, 0.0, 0.0, 0.0, 0.0, 0.0, 0.0, 0.0, 0.0, 0.0, 0.0, 0.0, 0.0, 0.0, 3
180.0, 224.0, 9.0, 0.0, 0.0, 3.7222223, 3.7074065, 3.6111107, 5.618522, 15.185185, 11.666667, 13.333333, 20.555555, -10.555555, -5.5555553, 16.11111, 20.555555, 0.4433746, 2.2982552, 7
48.0, 81.0, 9.0, 0.0, 0.0, 0.6111107, 0.24074274, 0.88889056, 0.42962864, 112.92593, 105.666664, 128.88889, 104.22222, -21.777779, 47.88889, -26.11111, 128.88889, 0.19307978, -2.0334873, 2
245.0, 238.0, 9.0, 0.11111111, 0.0, 1.6666665, 2.5385911, 2.3333333, 2.4404008, 8.925926, 6.3333335, 6.5555553, 13.888889, -7.7777777, -7.111111, 14.888889, 13.888889, 0.59701496, 2.1260629, 7
192.0, 142.0, 9.0, 0.11111111, 0.0, 0.50000006, 0.12222217, 1.5000001, 0.52222186, 4.6666665, 6.7777777, 4.888889, 2.3333335, 6.3333335, 0.6666667, -7.0, 6.7777777, 0.662037, -0.60486406, 1
187.0, 134.0, 9.0, 0.11111111, 0.0, 2.9999998, 2.0444458, 1.1111116, 0.38518462, 26.703703, 20.333334, 37.444443, 22.333334, -19.11111, 32.22222, -13.111111, 37.444443, 0.45775157, -2.21646, 5
98.0, 119.0, 9.0, 0.22222222, 0.0, 1.4444447, 0.51851857, 2.5555556, 5.585183, 21.592592, 21.333334, 27.333334, 16.11111, -0.7777778, 17.222221, -16.444445, 27.333334, 0.40821064, -1.5789601, 1
228.0, 42.0, 9.0, 0.11111111, 0.0, 2.055556, 1.5551584, 4.333334, 2.2310944, 44.555557, 39.555557, 54.11111, 40.0, -15.0, 28.666666, -13.666667, 54.11111, 0.27157217, -2.120131, 4
28.0, 131.0, 9.0, 0.0, 0.0, 0.22222216, 0.074074045, 0.77777773, 0.20740731, 5.185185, 6.6666665, 6.0, 2.8888888, 4.4444447, 2.4444444, -6.888889, 6.6666665, 0.56613755, -0.87464094, 1
201.0, 125.0, 9.0, 0.0, 0.0, 1.0, 0.44444403, 9.944444, 103.751854, 42.814816, 39.11111, 51.77778, 37.555557, -11.111111, 26.88889, -15.777778, 51.77778, 0.27063802, -1.9730246, 4
59.0, 120.0, 9.0, 0.0, 0.0, 2.1666667, 1.9860634, 1.4444441, 1.8698385, 19.074074, 10.555555, 33.11111, 13.555555, -25.555555, 42.11111, -16.555555, 33.11111, 0.6812664, -2.2312608, 3
123.0, 183.0, 9.0, 0.0, 0.0, 1.111111, 0.6518524, 6.333334, 36.933327, 32.25926, 29.444445, 39.11111, 28.222221, -8.444445, 20.555555, -12.111111, 39.11111, 0.2664361, -1.970772, 6
187.0, 89.0, 9.0, 0.0, 0.0, 3.0, 1.6055458, 1.111111, 1.0680547, 8.444445, 6.3333335, 13.0, 6.0, -6.3333335, 13.666667, -7.3333335, 13.0, 0.548545, -2.0438845, 5
129.0, 184.0, 9.0, 0.11111111, 0.0, 2.222222, 0.91084087, 3.6111114, 1.8186271, 45.22222, 41.77778, 54.444443, 39.444443, -10.333333, 27.666666, -17.333334, 54.444443, 0.2758183, -1.9301959, 6
73.0, 19.0, 9.0, 0.0, 0.0, 0.9444453, 0.38968116, 0.94444275, 0.68041587, 127.51852, 116.55556, 143.11111, 122.888885, -32.88889, 46.77778, -13.888889, 143.11111, 0.1855386, -2.344188, 2
70.0, 38.0, 9.0, 0.0, 0.0, 1.2222227, 0.2721662, 1.0000006, 0.76011634, 58.0, 50.0, 74.333336, 49.666668, -24.0, 49.0, -25.0, 74.333336, 0.33601543, -2.0785036, 4
93.0, 190.0, 9.0, 0.0, 0.0, 5.5000014, 1.8226972, 2.6111114, 3.234651, 53.592594, 47.333332, 66.88889, 46.555557, -18.777779, 39.88889, -21.11111, 66.88889, 0.3036015, -2.052546, 6
95.0, 57.0, 9.0, 0.0, 0.0, 1.8333327, 3.4111106, 2.1111107, 1.7185175, 26.296297, 24.666666, 34.444447, 19.777779, -4.888889, 24.444445, -19.555555, 34.444447, 0.42569095, -1.7390174, 1
233.0, 184.0, 9.0, 0.0, 0.0, 0.5000002, 0.077777766, 0.7777777, 0.785185, 11.851851, 9.777778, 9.888889, 15.888889, -6.2222223, -5.888889, 12.111111, 15.888889, 0.40555555, 2.1286457, 7
22.0, 87.0, 9.0, 0.0, 0.0, 1.8888899, 1.2590423, 1.1666666, 0.62361073, 64.03704, 55.77778, 80.333336, 56.0, -24.777779, 48.88889, -24.11111, 80.333336, 0.30969977, -2.105073, 4
23.0, 147.0, 9.0, 0.0, 0.0, 0.33333337, 0.13333334, 0.72222215, 0.41851825, 4.5925927, 4.111111, 7.4444447, 2.2222223, -1.4444444, 8.555555, -7.111111, 7.6666665, 0.6984448, -1.5617536, 1
123.0, 143.0, 9.0, 0.0, 0.0, 0.2777778, 0.3896817, 0.2777778, 0.13608274, 0.4074074, 0.0, 1.2222222, 0.0, -1.2222222, 2.4444444, -1.2222222, 1.2222222, 0.7777778, -2.0943952, 3
96.0, 94.0, 9.0, 0.0, 0.0, 0.7222226, 0.28518537, 0.44444466, 0.42963016, 20.222221, 16.0, 28.777779, 15.888889, -12.666667, 25.666666, -13.0, 28.777779, 0.45154575, -2.084893, 5
216.0, 151.0, 9.0, 0.0, 0.0, 0.16666667, 0.2788867, 0.11111113, 0.17213261, 0.11111111, 0.0, 0.33333334, 0.0, -0.33333334, 0.6666667, -0.33333334, 0.33333334, 0.22222222, -2.0943952, 5
63.0, 122.0, 9.0, 0.0, 0.0, 0.0, 0.0, 0.0, 0.0, 0.33333334, 0.0, 1.0, 0.0, -1.0, 2.0, -1.0, 1.0, 1.0, -2.0943952, 3
140.0, 73.0, 9.0, 0.0, 0.0, 1.7222214, 0.8277598, 0.7777774, 1.0036957, 46.296295, 45.666668, 51.11111, 42.11111, -1.8888888, 14.444445, -12.555555, 51.11111, 0.1761556, -1.6815889, 4
148.0, 109.0, 9.0, 0.0, 0.0, 0.99999934, 1.2110597, 1.222222, 0.6554618, 49.407406, 42.555557, 62.88889, 42.77778, -20.555555, 40.444443, -19.88889, 62.88889, 0.32513812, -2.105478, 4
51.0, 115.0, 9.0, 0.0, 0.0, 0.6666667, 0.48888892, 1.388889, 0.6851847, 2.7037036, 0.5555556, 5.6666665, 1.8888888, -6.4444447, 8.888889, -2.4444444, 5.6666665, 0.91798943, -2.3583865, 3
85.0, 225.0, 9.0, 0.0, 0.0, 1.5, 1.0055401, 1.6111113, 1.2895594, 16.185184, 14.444445, 12.777778, 21.333334, -5.2222223, -10.222222, 15.444445, 21.333334, 0.40115124, 1.8910155, 7
178.0, 43.0, 9.0, 0.0, 0.0, 1.1666654, 1.1000005, 1.1111107, 0.7407369, 125.25926, 115.666664, 140.22223, 119.888885, -28.777779, 44.88889, -16.11111, 140.22223, 0.17494753, -2.2706535, 2
163.0, 68.0, 9.0, 0.0, 0.0, 1.833334, 2.21111, 1.5555559, 0.96296287, 56.77778, 52.0, 68.22222, 50.11111, -14.333333, 34.333332, -20.0, 68.22222, 0.26505277, -1.9843078, 4
33.0, 117.0, 9.0, 0.0, 0.0, 0.5, 0.12222214, 1.0, 0.31111106, 6.4444447, 7.3333335, 8.222222, 3.7777777, 2.6666667, 5.3333335, -8.0, 8.222222, 0.53858024, -1.2332561, 1
42.0, 244.0, 9.0, 0.11111111, 0.0, 1.111111, 1.4707015, 1.1111112, 1.2590414, 12.814815, 9.555555, 11.666667, 17.222223, -9.777778, -3.4444444, 13.222222, 17.222223, 0.44603544, 2.3917358, 7
159.0, 83.0, 9.0, 0.0, 0.0, 0.3888887, 0.25092387, 0.27777734, 0.2509239, 18.222221, 13.333333, 26.88889, 14.444445, -14.666667, 26.0, -11.333333, 26.88889, 0.50381, -2.178321, 5
133.0, 181.0, 9.0, 0.0, 0.0, 2.3888893, 2.1645303, 4.777777, 2.8648567, 41.25926, 37.77778, 49.555557, 36.444443, -10.444445, 24.88889, -14.444445, 49.555557, 0.2656194, -1.9983681, 6
28.0, 114.0, 9.0, 0.0, 0.0, 0.8333333, 0.43333334, 1.1666666, 0.25555548, 1.8518518, 0.11111111, 4.666667, 0.7777778, -5.2222223, 8.444445, -3.2222223, 4.666667, 0.984127, -2.222661, 3
70.0, 177.0, 9.0, 0.0, 0.0, 2.166666, 1.0697887, 1.666666, 1.173788, 49.444443, 45.0, 61.0, 42.333336, -13.333333, 34.666668, -21.333334, 61.0, 0.30596185, -1.9426625, 6
164.0, 49.0, 9.0, 0.0, 0.0, 1.1666654, 0.43333474, 1.4999987, 0.30000052, 126.18519, 116.333336, 141.77779, 120.44444, -29.555555, 46.77778, -17.222221, 141.77779, 0.1794131, -2.2637377, 2
101.0, 80.0, 9.0, 0.0, 0.0, 3.5555553, 1.8518513, 3.0, 3.8666666, 24.814816, 24.333334, 31.555555, 18.555555, -1.4444444, 20.222221, -18.777779, 31.555555, 0.4120944, -1.620451, 1
76.0, 19.0, 9.0, 0.0, 0.0, 0.944444, 0.4430521, 0.88888806, 0.5837302, 114.25926, 101.0, 132.33334, 109.44444, -39.77778, 54.22222, -14.444445, 132.33334, 0.23673333, -2.3759847, 2
83.0, 143.0, 9.0, 0.0, 0.0, 1.2777767, 1.1038657, 1.2222214, 0.54433095, 50.37037, 43.0, 64.77778, 43.333332, -22.11111, 43.22222, -21.11111, 64.77778, 0.3412286, -2.1089952, 4
190.0, 81.0, 9.0, 0.0, 0.0, 1.2222214, 0.6518519, 1.8333334, 0.34444275, 42.925926, 39.444443, 51.555557, 37.77778, -10.444445, 25.88889, -15.444445, 51.555557, 0.26725134, -1.9704217, 4
86.0, 155.0, 9.0, 0.0, 0.0, 4.277778, 10.551853, 5.3888893, 60.240738, 8.740741, 6.6666665, 12.888889, 6.6666665, -6.2222223, 12.444445, -6.2222223, 12.888889, 0.3923854, -2.079296, 5
195.0, 161.0, 9.0, 0.0, 0.0, 2.1111107, 1.8074051, 10.499999, 91.32222, 41.48148, 36.0, 51.11111, 37.333336, -16.444445, 28.88889, -12.444445, 51.22222, 0.29470626, -2.3165061, 6
92.0, 56.0, 9.0, 0.0, 0.0, 0.44444275, 0.029629406, 0.8333333, 0.5666677, 126.0, 115.888885, 140.66667, 121.44444, -30.333334, 44.0, -13.666667, 140.66667, 0.17606053, -2.3267827, 2
85.0, 101.0, 9.0, 0.0, 0.0, 1.3333334, 1.2888881, 1.2777777, 1.2185181, 21.296297, 21.222221, 26.777779, 15.888889, -0.22222222, 16.444445, -16.222221, 26.777779, 0.4047922, -1.5585992, 1
114.0, 242.0, 9.0, 0.0, 0.0, 2.7222223, 2.4532676, 4.6666675, 1.9206476, 24.074074, 19.222221, 22.444445, 30.555555, -14.555555, -4.888889, 19.444445, 30.555555, 0.3716949, 2.395778, 7
165.0, 96.0, 9.0, 0.0, 0.0, 2.38889, 1.5740778, 1.722222, 1.2185229, 67.03704, 61.0, 80.22222, 59.88889, -18.11111, 39.555557, -21.444445, 80.22222, 0.25459513, -2.0363362, 4
165.0, 99.0, 9.0, 0.0, 0.0, 0.88889056, 0.47407392, 0.7777786, 0.47407353, 93.40741, 79.0, 118.0, 83.22222, -43.22222, 73.77778, -30.555555, 118.0, 0.33041757, -2.2077565, 2
53.0, 53.0, 9.0, 0.0, 0.0, 1.0000013, 0.44444403, 1.1111094, 0.42962876, 113.14815, 104.333336, 130.22223, 104.888885, -26.444445, 51.22222, -24.777779, 130.22223, 0.20048407, -2.117007, 2
184.0, 197.0, 9.0, 0.0, 0.0, 3.0555553, 3.2551951, 4.5555553, 2.7460418, 11.962963, 8.888889, 9.555555, 17.444445, -9.222222, -7.2222223, 16.444445, 17.444445, 0.51518697, 2.164262, 7
62.0, 223.0, 9.0, 0.0, 0.0, 2.5, 5.722223, 1.6666666, 2.4444442, 6.6666665, 4.888889, 4.666667, 10.444445, -5.3333335, -6.0, 11.333333, 10.444445, 0.5931498, 2.0465877, 7
206.0, 30.0, 9.0, 0.0, 0.0, 0.7777774, 0.50184685, 0.83333206, 0.54772305, 123.333336, 112.77778, 139.66667, 117.55556, -31.666666, 49.0, -17.333334, 139.66667, 0.19250989, -2.2795098, 2
229.0, 175.0, 9.0, 0.0, 0.0, 1.166666, 0.52222264, 5.666666, 26.133337, 33.0, 29.0, 41.0, 29.0, -12.0, 24.0, -12.0, 41.0, 0.28683385, -2.091209, 6
86.0, 193.0, 9.0, 0.0, 0.0, 3.2777793, 1.6521593, 2.222222, 1.8094397, 61.407406, 53.666668, 76.55556, 54.0, -23.222221, 45.444443, -22.222221, 76.55556, 0.29957896, -2.1093748, 6
35.0, 76.0, 9.0, 0.0, 0.11111111, 7.777778, 192.20744, 7.8333335, 201.72226, 13.518518, 8.444445, 19.444445, 12.666667, -15.222222, 17.777779, -2.5555556, 19.444445, 0.6374209, -2.5233247, 3
81.0, 79.0, 9.0, 0.0, 0.0, 0.44444466, 0.074074, 0.88888866, 0.6518533, 45.814816, 42.88889, 53.88889, 40.666668, -8.777778, 24.222221, -15.444445, 53.88889, 0.245206, -1.9188883, 4
122.0, 106.0, 9.0, 0.11111111, 0.0, 1.611111, 0.59629595, 1.6111113, 2.7296302, 23.037037, 22.0, 29.88889, 17.222223, -3.1111112, 20.555555, -17.444445, 29.88889, 0.42334643, -1.6958038, 1
37.0, 78.0, 9.0, 0.0, 0.0, 1.0000006, 0.17777735, 2.5555565, 2.8740728, 43.814816, 41.11111, 51.88889, 38.444443, -8.111111, 24.222221, -16.11111, 51.88889, 0.25891644, -1.8860723, 4
161.0, 138.0, 9.0, 0.0, 0.0, 0.22222221, 0.17213258, 0.22222222, 0.2721655, 1.2222222, 0.44444445, 3.2222223, 0.0, -2.3333333, 6.0, -3.6666667, 3.2222223, 1.0, -1.9491665, 5
66.0, 160.0, 9.0, 0.0, 0.0, 3.0000007, 4.044447, 2.777778, 0.4296295, 22.851852, 18.222221, 31.555555, 18.777779, -13.888889, 26.11111, -12.222222, 31.555555, 0.4260139, -2.1387258, 4
38.0, 41.0, 9.0, 0.11111111, 0.0, 1.7777777, 1.6740736, 1.6666666, 1.7777781, 22.481482, 20.777779, 29.777779, 16.88889, -5.111111, 21.88889, -16.777779, 29.777779, 0.4320471, -1.7716596, 1
105.0, 110.0, 9.0, 0.0, 0.0, 0.5, 0.12222223, 1.9444445, 2.3740728, 4.2222223, 4.3333335, 6.3333335, 2.0, 0.33333334, 6.3333335, -6.6666665, 6.3333335, 0.7083333, -1.5397619, 1
229.0, 24.0, 9.0, 0.0, 0.0, 1.777778, 1.1088876, 1.2222233, 1.0470423, 49.185184, 42.333336, 61.22222, 44.0, -20.555555, 36.11111, -15.555555, 61.22222, 0.3086199, -2.1867971, 4
240.0, 26.0, 9.0, 0.0, 0.0, 1.2222239, 1.0074004, 0.88888806, 0.20741068, 136.88889, 131.0, 146.55556, 133.11111, -17.666666, 29.0, -11.333333, 146.55556, 0.10610159, -2.2307248, 2
31.0, 42.0, 9.0, 0.11111111, 0.0, 1.2777773, 0.68518394, 0.944444, 0.7740725, 127.03704, 117.0, 141.77779, 122.333336, -30.11111, 44.22222, -14.111111, 141.77779, 0.17463355, -2.3144195, 2
133.0, 67.0, 9.0, 0.0, 0.0, 1.388889, 1.3962967, 2.1111114, 1.2296311, 27.148148, 25.11111, 35.88889, 20.444445, -6.111111, 26.222221, -20.11111, 35.88889, 0.42930815, -1.7683556, 1
142.0, 100.0, 9.0, 0.0, 0.0, 0.6666667, 0.26666614, 1.388889, 0.9074066, 22.222221, 21.777779, 28.444445, 16.444445, -1.3333334, 18.666666, -17.333334, 28.444445, 0.42199442, -1.6233006, 1
140.0, 188.0, 9.0, 0.0, 0.0, 2.0, 2.1081848, 3.0555546, 2.4981472, 61.666668, 54.444443, 76.55556, 54.0, -21.666666, 44.666668, -23.0, 76.55556, 0.29562417, -2.074028, 6
217.0, 208.0, 9.0, 0.0, 0.0, 2.5000002, 2.1666656, 2.6666667, 2.4444458, 16.074074, 12.666667, 14.444445, 21.11111, -10.222222, -4.888889, 15.111111, 21.11111, 0.40212956, 2.3109324, 7
57.0, 93.0, 9.0, 0.0, 0.0, 0.38888898, 0.38968158, 0.22222202, 0.17213243, 17.925926, 13.222222, 27.11111, 13.444445, -14.111111, 27.555555, -13.444445, 27.11111, 0.5119048, -2.1104572, 5
96.0, 130.0, 9.0, 0.0, 0.0, 0.5555555, 0.45542008, 1.2222222, 0.65546143, 2.4074075, 0.44444445, 5.0, 1.7777778, -5.888889, 7.7777777, -1.8888888, 5.0, 0.93121696, -2.3662155, 3
231.0, 123.0, 9.0, 0.0, 0.0, 0.66666675, 0.08888893, 0.38888893, 0.15185189, 5.814815, 7.111111, 6.888889, 3.4444444, 3.8888888, 3.2222223, -7.111111, 7.3333335, 0.53174603, -0.9884131, 1
203.0, 133.0, 9.0, 0.0, 0.0, 0.11111111, 0.029629635, 0.11111111, 0.029629635, 0.5925926, 0.0, 1.7777778, 0.0, -1.7777778, 3.5555556, -1.7777778, 1.7777778, 1.0, -2.0943952, 5
93.0, 190.0, 9.0, 0.0, 0.0, 5.5000014, 1.8226972, 2.6111114, 3.234651, 53.592594, 47.333332, 66.88889, 46.555557, -18.777779, 39.88889, -21.11111, 66.88889, 0.3036015, -2.052546, 6
143.0, 89.0, 9.0, 0.0, 0.0, 2.6666665, 2.1908906, 0.33333316, 0.0, 18.0, 14.0, 25.777779, 14.222222, -12.0, 23.333334, -11.333333, 25.777779, 0.45909294, -2.1130323, 5
31.0, 88.0, 9.0, 0.11111111, 0.0, 0.88888884, 0.60740745, 2.1666665, 1.9888896, 5.259259, 1.5555556, 10.111111, 4.111111, -11.111111, 14.555555, -3.4444444, 10.111111, 0.85137916, -2.3966565, 3
142.0, 182.0, 9.0, 0.0, 0.0, 2.499999, 1.0999985, 2.277777, 3.618518, 34.51852, 31.555555, 42.22222, 29.777779, -8.888889, 23.11111, -14.222222, 42.22222, 0.29320765, -1.9430385, 6
187.0, 36.0, 9.0, 0.0, 0.0, 0.38888884, 0.2509243, 0.4999999, 0.2788868, 7.5185184, 4.7777777, 13.0, 4.7777777, -8.222222, 16.444445, -8.222222, 13.0, 0.6486569, -2.0972927, 5
47.0, 189.0, 9.0, 0.0, 0.0, 2.2777774, 4.5518537, 5.8888893, 14.6074095, 29.62963, 26.777779, 36.555557, 25.555555, -8.555555, 20.777779, -12.222222, 36.555557, 0.29741284, -1.9545742, 6
136.0, 70.0, 9.0, 0.0, 0.0, 1.0, 0.31111133, 1.7222223, 2.196296, 26.037037, 24.444445, 34.0, 19.666668, -4.7777777, 23.88889, -19.11111, 34.0, 0.42128146, -1.7451795, 1
253.0, 150.0, 9.0, 0.0, 0.0, 0.0, 0.0, 0.0, 0.0, 0.0, 0.0, 0.0, 0.0, 0.0, 0.0, 0.0, 0.0, 0.0, 0.0, 5
91.0, 54.0, 9.0, 0.0, 0.0, 0.8333333, 0.4082483, 0.8333346, 0.6582833, 110.0, 97.888885, 127.111115, 105.0, -36.333332, 51.333332, -15.0, 127.111115, 0.22967392, -2.345744, 2
207.0, 172.0, 9.0, 0.0, 0.0, 1.0000004, 0.29814267, 1.6666673, 0.9189365, 19.0, 16.444445, 16.333334, 24.222221, -7.6666665, -8.0, 15.666667, 24.222221, 0.34374964, 2.0838537, 7
174.0, 50.0, 9.0, 0.0, 0.0, 1.0000013, 0.7601153, 0.9444453, 0.9525792, 107.44444, 94.666664, 125.77778, 101.888885, -38.333332, 55.0, -16.666666, 125.77778, 0.2473368, -2.3372955, 2
197.0, 105.0, 9.0, 0.0, 0.0, 3.7222223, 15.662961, 3.6666663, 14.400001, 4.148148, 1.6666666, 8.333334, 2.4444444, -7.4444447, 12.555555, -5.111111, 8.333334, 0.88604844, -2.2054374, 3
226.0, 144.0, 9.0, 0.0, 0.0, 0.0, 0.0, 0.0, 0.0, 0.0, 0.0, 0.0, 0.0, 0.0, 0.0, 0.0, 0.0, 0.0, 0.0, 5
27.0, 189.0, 9.0, 0.0, 0.0, 0.9999997, 0.31111082, 2.6111114, 2.5074077, 32.77778, 29.0, 40.666668, 28.666666, -11.333333, 23.666666, -12.333333, 40.666668, 0.29784104, -2.0642734, 6
128.0, 15.0, 9.0, 0.0, 0.0, 0.7777799, 0.27216768, 0.555556, 0.6206318, 129.25926, 118.333336, 144.0, 125.44444, -32.77778, 44.22222, -11.444445, 144.0, 0.17818023, -2.3824396, 2
189.0, 68.0, 9.0, 0.0, 0.0, 1.6666666, 1.619327, 1.1111113, 1.344399, 38.592594, 38.333336, 42.333336, 35.11111, -0.7777778, 11.222222, -10.444445, 42.333336, 0.17044854, -1.6248463, 4
196.0, 100.0, 9.0, 0.0, 0.0, 7.277777, 83.351845, 5.777778, 68.87406, 8.148149, 4.666667, 13.333333, 6.4444447, -10.444445, 15.555555, -5.111111, 13.333333, 0.7380342, -2.2898738, 3
19.0, 28.0, 9.0, 0.0, 0.0, 1.1666666, 1.2780217, 1.111112, 1.186343, 111.51852, 96.111115, 131.22223, 107.22222, -46.22222, 59.11111, -12.888889, 131.22223, 0.26754448, -2.4259923, 2
75.0, 65.0, 9.0, 0.0, 0.0, 2.5, 1.1105564, 1.5555553, 0.9349202, 57.74074, 50.444443, 72.66667, 50.11111, -21.88889, 44.77778, -22.88889, 72.66667, 0.31478265, -2.077647, 4
206.0, 233.0, 9.0, 0.0, 0.0, 1.388889, 1.5408032, 1.7222227, 0.82775885, 26.814816, 21.88889, 25.11111, 33.444447, -14.777778, -5.111111, 19.88889, 33.444447, 0.34575516, 2.3893497, 7
195.0, 119.0, 9.0, 0.0, 0.11111111, 3.611111, 1.4050171, 1.2222223, 0.91084015, 8.62963, 5.888889, 13.666667, 6.3333335, -8.222222, 15.111111, -6.888889, 13.666667, 0.58956474, -2.1427078, 5
237.0, 137.0, 9.0, 0.0, 0.0, 8.944446, 8.654905, 2.6111104, 1.5551589, 36.925926, 34.88889, 42.333336, 33.555557, -6.111111, 16.222221, -10.111111, 42.333336, 0.2144562, -1.9409745, 4
203.0, 133.0, 9.0, 0.0, 0.0, 0.055555556, 0.13608277, 0.055555556, 0.13608277, 0.2962963, 0.0, 0.8888889, 0.0, -0.8888889, 1.7777778, -0.8888889, 0.8888889, 0.8888889, -2.0943952, 5
36.0, 207.0, 9.0, 0.0, 0.0, 2.722222, 3.1792145, 6.444444, 2.8021147, 56.814816, 50.444443, 70.111115, 49.88889, -19.11111, 39.88889, -20.777779, 70.111115, 0.2906682, -2.0627244, 6
19.0, 62.0, 9.0, 0.0, 0.0, 11.222222, 0.8860996, 0.6666667, 0.36514628, 62.814816, 53.77778, 80.0, 54.666668, -27.11111, 51.555557, -24.444445, 80.0, 0.32936445, -2.1262069, 4
206.0, 26.0, 9.0, 0.0, 0.0, 1.2222189, 1.496289, 1.8888855, 1.4074122, 137.03703, 131.44444, 146.77777, 132.88889, -16.777779, 29.222221, -12.444445, 146.77777, 0.105127536, -2.1825674, 2
81.0, 98.0, 9.0, 0.11111111, 0.0, 1.2222227, 0.42963, 1.888889, 3.2296317, 20.88889, 21.0, 25.88889, 15.777778, 0.33333334, 15.0, -15.333333, 25.88889, 0.38914663, -1.5288948, 1
121.0, 192.0, 9.0, 0.11111111, 0.0, 3.3888886, 2.059307, 5.9444447, 2.489237, 60.814816, 53.444443, 76.44444, 52.555557, -22.11111, 46.88889, -24.777779, 76.44444, 0.3126096, -2.055457, 6
142.0, 112.0, 9.0, 0.0, 0.0, 1.0555557, 0.49065286, 0.55555534, 0.34426492, 28.851852, 24.555555, 36.22222, 25.777779, -12.888889, 22.11111, -9.222222, 36.22222, 0.32174963, -2.2001557, 5
237.0, 192.0, 9.0, 0.11111111, 0.0, 0.8333333, 0.54772305, 4.3888893, 3.5239923, 46.37037, 41.11111, 57.666668, 40.333336, -15.777778, 33.88889, -18.11111, 57.666668, 0.3026748, -2.047243, 6
94.0, 80.0, 9.0, 0.0, 0.0, 2.1666653, 1.1879028, 0.83333397, 0.50552523, 58.333332, 51.22222, 72.111115, 51.666668, -21.333334, 41.333332, -20.0, 72.111115, 0.2908336, -2.1163511, 4
218.0, 64.0, 9.0, 0.0, 0.0, 1.5000004, 1.1303884, 1.8333334, 1.9635572, 8.0, 6.111111, 12.555555, 5.3333335, -5.6666665, 13.666667, -8.0, 12.555555, 0.5791423, -1.9652462, 5
209.0, 191.0, 9.0, 0.0, 0.11111111, 3.0555553, 2.3037815, 5.722222, 6.071487, 48.22222, 43.88889, 58.666668, 42.11111, -13.0, 31.333334, -18.333334, 58.666668, 0.27976418, -1.964901, 6
230.0, 162.0, 9.0, 0.0, 0.0, 1.6666666, 1.0749676, 0.9444442, 0.5741337, 17.333334, 13.777778, 15.888889, 22.333334, -10.666667, -4.3333335, 15.0, 22.333334, 0.38252184, 2.3503675, 7
197.0, 236.0, 9.0, 0.0, 0.0, 2.4444444, 6.829628, 3.3333333, 7.599998, 16.074074, 13.111111, 16.666668, 18.444445, -8.888889, 1.7777778, 7.111111, 18.555555, 0.29272884, 2.7898002, 7
240.0, 79.0, 9.0, 0.0, 0.0, 16.277779, 40.862957, 14.166667, 155.3222, 32.77778, 24.333334, 45.77778, 28.222221, -25.333334, 39.0, -13.666667, 45.77778, 0.48906165, -2.2862954, 3
196.0, 161.0, 9.0, 0.0, 0.0, 2.7777774, 5.540735, 11.777776, 93.98522, 41.962963, 36.555557, 51.22222, 38.11111, -16.222221, 27.777779, -11.555555, 51.333332, 0.28212494, -2.38829, 6
59.0, 141.0, 9.0, 0.11111111, 0.0, 2.3888888, 1.540803, 2.1666667, 1.278019, 12.666667, 7.888889, 18.555555, 11.555555, -14.333333, 17.666666, -3.3333333, 18.555555, 0.58577543, -2.4515712, 3
229.0, 124.0, 9.0, 0.0, 0.0, 0.888889, 0.074073985, 0.8888889, 0.3407407, 5.888889, 7.111111, 7.111111, 3.4444444, 3.6666667, 3.6666667, -7.3333335, 7.5555553, 0.5458554, -1.0376626, 1
9.0, 131.0, 9.0, 0.0, 0.0, 0.0, 0.0, 0.0, 0.0, 0.0, 0.0, 0.0, 0.0, 0.0, 0.0, 0.0, 0.0, 0.0, 0.0, 3
121.0, 82.0, 9.0, 0.0, 0.0, 0.555556, 0.34426636, 0.6111107, 0.44305366, 106.51852, 92.888885, 125.888885, 100.77778, -40.88889, 58.11111, -17.222221, 125.888885, 0.2620926, -2.3448718, 2
18.0, 43.0, 9.0, 0.0, 0.0, 1.8888893, 1.7722137, 1.5555567, 1.2232332, 64.703705, 54.88889, 82.55556, 56.666668, -29.444445, 53.555557, -24.11111, 82.55556, 0.3351151, -2.1605515, 4
74.0, 122.0, 9.0, 0.0, 0.0, 1.2222222, 1.2412658, 1.3333331, 0.6992059, 16.148148, 8.0, 28.333334, 12.111111, -24.444445, 36.555557, -12.111111, 28.333334, 0.71822083, -2.305989, 3
41.0, 139.0, 9.0, 0.0, 0.0, 0.055555563, 0.018518524, 0.11111113, 0.029629637, 1.2962962, 0.0, 3.8888888, 0.0, -3.8888888, 7.7777777, -3.8888888, 3.8888888, 1.0, -2.0943952, 5
1.0, 115.0, 9.0, 0.11111111, 0.0, 1.8333331, 2.3888893, 2.2222226, 4.9629602, 16.555555, 15.666667, 21.777779, 12.222222, -2.6666667, 15.666667, -13.0, 21.88889, 0.42553785, -1.5480099, 1
140.0, 25.0, 9.0, 0.0, 0.0, 0.99999875, 1.4666697, 1.1111107, 0.118517555, 128.0, 117.77778, 142.33334, 123.888885, -30.666666, 43.0, -12.333333, 142.33334, 0.17250364, -2.3545518, 2
17.0, 110.0, 9.0, 0.11111111, 0.0, 1.2777778, 1.2629629, 2.7222223, 2.9962952, 3.9629629, 1.4444444, 6.4444447, 4.0, -7.5555553, 7.4444447, 0.11111111, 6.4444447, 0.80665785, -2.6186507, 3
97.0, 123.0, 9.0, 0.0, 0.0, 1.5555553, 1.0962937, 13.222221, 108.74074, 52.814816, 48.0, 64.111115, 46.333332, -14.444445, 33.88889, -19.444445, 64.111115, 0.2805935, -1.9941053, 4
231.0, 49.0, 9.0, 0.0, 0.0, 0.555556, 0.38518602, 0.6666692, 0.26666775, 120.703705, 108.111115, 139.33334, 114.666664, -37.77778, 55.88889, -18.11111, 139.33334, 0.22387896, -2.3154767, 2
233.0, 211.0, 9.0, 0.11111111, 0.0, 2.6666667, 6.0888896, 1.6666666, 1.7333333, 15.444445, 12.444445, 15.222222, 18.666668, -9.0, -0.6666667, 9.666667, 18.666668, 0.33542147, 2.5549645, 7
211.0, 206.0, 9.0, 0.0, 0.0, 0.94444466, 1.1296302, 2.166667, 1.1000005, 16.074074, 13.555555, 14.555555, 20.11111, -7.5555553, -4.5555553, 12.111111, 20.11111, 0.3273603, 2.252368, 7
128.0, 175.0, 9.0, 0.0, 0.0, 2.1666667, 4.2111096, 2.7222214, 4.3296275, 23.777779, 20.88889, 21.777779, 28.666666, -8.666667, -6.0, 14.666667, 28.666666, 0.2849537, 2.2635381, 7
149.0, 182.0, 9.0, 0.11111111, 0.0, 3.1111126, 3.2087827, 7.0, 5.6489916, 39.851852, 37.22222, 47.333332, 35.0, -7.888889, 22.444445, -14.555555, 47.333332, 0.24779001, -1.8682772, 6
142.0, 33.0, 9.0, 0.0, 0.0, 0.49999872, 0.62360865, 0.50000125, 0.3496027, 110.59259, 96.77778, 128.66667, 106.333336, -41.444443, 54.22222, -12.777778, 128.66667, 0.24777646, -2.4080186, 2
105.0, 111.0, 9.0, 0.0, 0.0, 0.3888887, 0.38968194, 1.0555559, 0.44305268, 60.185184, 53.22222, 74.888885, 52.444443, -20.88889, 44.11111, -23.222221, 74.888885, 0.29966387, -2.0580003, 4
38.0, 200.0, 9.0, 0.0, 0.0, 3.4444447, 2.125681, 3.4444454, 1.2049289, 55.962963, 49.0, 70.22222, 48.666668, -20.88889, 42.77778, -21.88889, 70.22222, 0.3098264, -2.080206, 6
2.0, 245.0, 9.0, 0.0, 0.0, 1.8888888, 2.162963, 3.1666667, 3.2777781, 6.4074073, 6.2222223, 6.0, 7.0, -0.5555556, -1.2222222, 1.7777778, 7.2222223, 0.19104938, 1.7566451, 7
176.0, 132.0, 9.0, 0.0, 0.0, 0.5, 0.12222223, 0.9444444, 0.3296295, 5.740741, 7.4444447, 6.2222223, 3.5555556, 5.111111, 1.4444444, -6.5555553, 7.5555553, 0.5299824, -0.72601837, 1
149.0, 64.0, 9.0, 0.0, 0.0, 1.4999996, 1.1444446, 1.3888887, 0.46296337, 24.074074, 22.666666, 31.88889, 17.666668, -4.2222223, 23.444445, -19.222221, 31.88889, 0.4463545, -1.7248944, 1
223.0, 190.0, 9.0, 0.0, 0.0, 1.9999994, 1.0327959, 2.055556, 1.4669192, 46.88889, 42.0, 57.77778, 40.88889, -14.666667, 32.666668, -18.0, 57.77778, 0.29222646, -2.0251334, 6
198.0, 185.0, 9.0, 0.0, 0.0, 1.3333346, 1.2292717, 2.5, 1.656637, 50.22222, 45.444443, 61.333332, 43.88889, -14.333333, 33.333332, -19.0, 61.333332, 0.28555444, -2.0071752, 6
155.0, 27.0, 9.0, 0.0, 0.0, 1.0555573, 0.24073716, 1.4444453, 0.25185013, 137.51852, 132.55556, 146.55556, 133.44444, -14.888889, 27.11111, -12.222222, 146.55556, 0.09847229, -2.146716, 2
124.0, 29.0, 9.0, 0.0, 0.0, 1.0000013, 0.7111076, 1.0555534, 0.90741664, 128.44444, 119.22222, 142.88889, 123.22222, -27.666666, 43.333332, -15.666667, 142.88889, 0.16561614, -2.271128, 2
196.0, 124.0, 9.0, 0.0, 0.0, 0.22222209, 0.029629592, 0.8333332, 0.38888887, 6.2222223, 7.5555553, 7.4444447, 3.6666667, 4.0, 3.6666667, -7.6666665, 8.0, 0.5421076, -1.0114845, 1
101.0, 121.0, 9.0, 0.11111111, 0.0, 0.6666667, 0.843274, 1.5, 0.88819396, 3.4074075, 1.1111112, 6.0, 3.1111112, -6.888889, 7.7777777, -0.8888889, 6.0, 0.8435185, -2.5191648, 3
61.0, 202.0, 9.0, 0.0, 0.0, 2.2777774, 1.8787305, 1.8888887, 1.0036967, 61.62963, 55.0, 76.0, 53.88889, -19.88889, 43.11111, -23.222221, 76.0, 0.29352704, -2.0435379, 6
56.0, 140.0, 9.0, 0.0, 0.0, 0.9444444, 0.46296272, 0.27777776, 0.06296294, 5.5555553, 3.6666667, 9.444445, 3.5555556, -5.6666665, 11.666667, -6.0, 9.444445, 0.6392537, -2.0722682, 5
224.0, 124.0, 9.0, 0.0, 0.0, 3.1666667, 9.544442, 7.388889, 70.1963, 43.148148, 39.22222, 52.666668, 37.555557, -11.777778, 28.555555, -16.777779, 52.666668, 0.2909818, -1.9809769, 4
103.0, 64.0, 9.0, 0.0, 0.0, 0.6666667, 0.6992054, 1.3333308, 0.91893595, 108.77778, 96.333336, 126.22222, 103.77778, -37.333332, 52.333332, -15.0, 126.22222, 0.2367968, -2.3554425, 2
170.0, 139.0, 9.0, 0.0, 0.0, 1.0555555, 0.5074076, 0.72222215, 0.28518504, 4.185185, 1.8888888, 8.555555, 2.1111112, -6.888889, 13.111111, -6.2222223, 8.555555, 0.78617525, -2.127586, 5
13.0, 15.0, 9.0, 0.11111111, 0.0, 1.2222227, 0.8861077, 1.2222227, 1.0256, 68.96296, 59.333332, 86.888885, 60.666668, -28.88889, 53.77778, -24.88889, 86.888885, 0.3169049, -2.145323, 4
234.0, 175.0, 9.0, 0.0, 0.0, 1.9444441, 1.323576, 3.4444454, 2.2574966, 57.77778, 50.666668, 72.66667, 50.0, -21.333334, 44.666668, -23.333334, 72.66667, 0.31203708, -2.0637763, 6
89.0, 53.0, 9.0, 0.0, 0.0, 2.1111107, 1.7185186, 2.8333333, 3.0111105, 27.074074, 22.777779, 38.333336, 20.11111, -12.888889, 33.77778, -20.88889, 38.333336, 0.4747726, -1.937482, 1
173.0, 186.0, 9.0, 0.0, 0.11111111, 3.2222226, 2.115201, 5.5, 3.5071344, 53.444443, 48.22222, 65.88889, 46.22222, -15.666667, 37.333332, -21.666666, 65.88889, 0.2983021, -1.9882493, 6
216.0, 15.0, 9.0, 0.0, 0.0, 0.88889056, 0.34074262, 1.2222252, 0.51851857, 106.51852, 90.888885, 131.11111, 97.55556, -46.88889, 73.77778, -26.88889, 131.11111, 0.30673698, -2.2664518, 2
189.0, 62.0, 9.0, 0.0, 0.0, 0.38888893, 0.2509241, 0.44444442, 0.3442651, 7.6296296, 5.0, 13.111111, 4.7777777, -7.888889, 16.444445, -8.555555, 13.111111, 0.6359381, -2.0669532, 5
166.0, 55.0, 9.0, 0.0, 0.0, 1.388888, 0.8185244, 1.1666679, 0.70000154, 124.111115, 113.888885, 139.33334, 119.111115, -30.666666, 45.666668, -15.0, 139.33334, 0.18262304, -2.3081791, 2
229.0, 195.0, 9.0, 0.0, 0.0, 4.166666, 2.2779152, 4.111111, 2.2476342, 47.703705, 42.444443, 58.88889, 41.77778, -15.777778, 33.555557, -17.777779, 58.88889, 0.29027814, -2.0527046, 6
76.0, 249.0, 9.0, 0.11111111, 0.0, 2.0555558, 2.0629644, 2.3333335, 5.5111136, 13.37037, 12.222222, 13.111111, 14.777778, -3.4444444, -0.7777778, 4.2222223, 15.0, 0.20324889, 2.5634372, 7
171.0, 89.0, 9.0, 0.0, 0.0, 0.0, 0.0, 0.0, 0.0, 0.0, 0.0, 0.0, 0.0, 0.0, 0.0, 0.0, 0.0, 0.0, 0.0, 5
47.0, 209.0, 9.0, 0.0, 0.0, 1.7222222, 1.2895589, 1.388889, 0.92895794, 11.62963, 9.555555, 9.222222, 16.11111, -6.2222223, -7.2222223, 13.444445, 16.11111, 0.46432462, 2.0609548, 7
242.0, 164.0, 9.0, 0.11111111, 0.0, 0.38888898, 0.534027, 3.222223, 1.0470421, 19.814816, 15.111111, 18.777779, 25.555555, -14.111111, -3.1111112, 17.222221, 25.555555, 0.40952933, 2.4598064, 7
131.0, 214.0, 9.0, 0.0, 0.0, 0.77777773, 0.6518515, 1.2777777, 0.24074058, 6.814815, 5.0, 4.7777777, 10.666667, -5.4444447, -6.111111, 11.555555, 10.666667, 0.5681624, 2.0583289, 7
191.0, 162.0, 9.0, 0.0, 0.0, 2.6111114, 1.8851837, 14.166667, 210.92223, 40.962963, 34.88889, 50.11111, 37.88889, -18.222221, 27.444445, -9.222222, 50.666668, 0.298124, -2.555683, 6
115.0, 182.0, 9.0, 0.0, 0.0, 0.5555558, 1.0470418, 0.7222228, 1.1434194, 17.592592, 15.444445, 14.0, 23.333334, -6.4444447, -10.777778, 17.222221, 23.333334, 0.39944676, 1.9375944, 7
9.0, 130.0, 9.0, 0.0, 0.0, 0.055555582, 0.018518535, 2.611111, 6.240745, 1.7407408, 1.0, 3.2222223, 1.0, -2.2222223, 4.4444447, -2.2222223, 3.2222223, 0.5509259, -2.0943952, 5
58.0, 140.0, 9.0, 0.0, 0.0, 0.055555556, 0.01851852, 0.22222225, 0.029629627, 0.25925925, 0.0, 0.7777778, 0.0, -0.7777778, 1.5555556, -0.7777778, 0.7777778, 0.7777778, -2.0943952, 5
58.0, 109.0, 9.0, 0.0, 0.0, 0.8888889, 0.25185165, 2.8333333, 1.677777, 4.296296, 1.4444444, 8.444445, 3.0, -8.555555, 12.444445, -3.8888888, 8.444445, 0.8644824, -2.2837873, 3
201.0, 40.0, 9.0, 0.0, 0.0, 1.0555559, 0.59629506, 1.4999987, 1.5444428, 123.77778, 113.333336, 139.66667, 118.333336, -31.333334, 47.666668, -16.333334, 139.66667, 0.18850341, -2.2922006, 2
113.0, 34.0, 9.0, 0.0, 0.0, 1.9999987, 1.1352938, 0.8333308, 0.83665943, 72.888885, 65.0, 89.111115, 64.55556, -23.666666, 48.666668, -25.0, 89.111115, 0.27917594, -2.0781536, 4
144.0, 118.0, 9.0, 0.0, 0.0, 0.5555556, 0.38518524, 0.66666657, 0.4, 6.4444447, 7.5555553, 8.111112, 3.6666667, 3.3333333, 5.0, -8.333333, 8.444445, 0.5643298, -1.1345428, 1
57.0, 199.0, 9.0, 0.0, 0.0, 3.833334, 2.647851, 6.3888893, 3.4667745, 54.962963, 47.88889, 69.22222, 47.77778, -21.222221, 42.77778, -21.555555, 69.22222, 0.31700587, -2.0847538, 6
139.0, 121.0, 9.0, 0.0, 0.0, 1.0555555, 0.41851884, 1.1666666, 0.83333385, 3.7037036, 0.7777778, 7.7777777, 2.5555556, -8.777778, 12.222222, -3.4444444, 7.7777777, 0.9074074, -2.351514, 3
204.0, 116.0, 9.0, 0.0, 0.0, 1.0555555, 1.262963, 1.0555556, 1.4407407, 2.1851852, 0.33333334, 5.111111, 1.1111112, -5.5555553, 8.777778, -3.2222223, 5.111111, 0.96141976, -2.2490795, 3
108.0, 75.0, 9.0, 0.11111111, 0.0, 0.6666667, 0.47140282, 11.111111, 10.014803, 116.703705, 105.888885, 133.0, 111.22222, -32.444443, 48.88889, -16.444445, 133.0, 0.20298976, -2.2954879, 2
59.0, 120.0, 9.0, 0.0, 0.0, 2.1666667, 1.9860634, 1.4444441, 1.8698385, 19.074074, 10.555555, 33.11111, 13.555555, -25.555555, 42.11111, -16.555555, 33.11111, 0.6812664, -2.2312608, 3
55.0, 93.0, 9.0, 0.11111111, 0.0, 0.83333343, 0.2999998, 1.388889, 1.7962962, 3.0, 0.5555556, 7.2222223, 1.2222222, -7.3333335, 12.666667, -5.3333335, 7.2222223, 0.9356702, -2.1836095, 3
239.0, 93.0, 9.0, 0.0, 0.0, 3.444444, 13.496301, 1.0555555, 0.86296237, 14.407408, 9.888889, 22.88889, 10.444445, -13.555555, 25.444445, -11.888889, 22.88889, 0.57700235, -2.1374934, 5
138.0, 185.0, 9.0, 0.0, 0.0, 3.0555546, 2.977074, 1.9444441, 2.1542377, 57.074074, 50.11111, 71.111115, 50.0, -20.88889, 42.11111, -21.222221, 71.111115, 0.29802468, -2.0888546, 6
19.0, 145.0, 9.0, 0.0, 0.0, 0.88888884, 1.674074, 2.111111, 4.3851857, 2.074074, 0.6666667, 3.5555556, 2.0, -4.2222223, 4.4444447, -0.22222222, 3.5555556, 0.45767197, -2.5697682, 3
25.0, 138.0, 9.0, 0.11111111, 0.0, 1.2777777, 1.1434193, 0.72222215, 0.49065349, 5.185185, 2.0, 9.333334, 4.2222223, -9.555555, 12.444445, -2.8888888, 9.333334, 0.7900112, -2.4068089, 3
245.0, 23.0, 9.0, 0.0, 0.0, 0.6666667, 0.36514837, 1.1666654, 1.224743, 123.0, 111.0, 139.77779, 118.22222, -36.0, 50.333332, -14.333333, 139.77779, 0.20590083, -2.3562624, 2
107.0, 21.0, 9.0, 0.0, 0.0, 0.66666156, 0.51639783, 1.1666666, 0.4082483, 126.77778, 115.77778, 141.88889, 122.666664, -33.0, 45.333332, -12.333333, 141.88889, 0.18402189, -2.3703718, 2
121.0, 134.0, 9.0, 0.0, 0.0, 0.22222228, 0.029629644, 0.8333333, 0.07777786, 1.6666666, 0.6666667, 4.0, 0.33333334, -3.0, 7.0, -4.0, 4.0, 0.93703705, -2.0131435, 5
103.0, 237.0, 9.0, 0.0, 0.0, 1.0000001, 0.4444444, 0.5555555, 0.47407398, 8.0, 6.5555553, 5.6666665, 11.777778, -4.3333335, -7.0, 11.333333, 11.777778, 0.5229992, 1.9465016, 7
145.0, 170.0, 9.0, 0.0, 0.0, 1.277778, 0.57413363, 1.222222, 0.86066276, 16.407408, 12.777778, 16.88889, 19.555555, -10.888889, 1.4444444, 9.444445, 19.555555, 0.34671864, 2.7370737, 7
63.0, 13.0, 9.0, 0.0, 0.0, 0.6111145, 0.19629402, 1.1666666, 1.011112, 132.25926, 122.77778, 145.44444, 128.55556, -28.444445, 39.555557, -11.111111, 145.44444, 0.15582462, -2.3604276, 2
94.0, 215.0, 9.0, 0.0, 0.0, 3.1111114, 5.0962954, 1.6111113, 1.1296293, 17.185184, 14.333333, 14.333333, 22.88889, -8.555555, -8.555555, 17.11111, 22.88889, 0.4043918, 2.1051967, 7
2.0, 89.0, 9.0, 0.0, 0.0, 1.2222224, 1.7629623, 2.5555556, 3.4962957, 18.962963, 18.777779, 23.88889, 14.222222, -0.5555556, 14.777778, -14.222222, 23.88889, 0.40250653, -1.544214, 1
112.0, 120.0, 9.0, 0.11111111, 0.0, 1.3333334, 1.0327947, 2.222222, 1.7083671, 21.555555, 17.555555, 28.666666, 18.444445, -12.0, 21.333334, -9.333333, 28.666666, 0.38675025, -2.1774175, 5
44.0, 157.0, 9.0, 0.0, 0.0, 0.83333397, 0.30000025, 2.9444444, 7.6185203, 24.296297, 19.222221, 24.222221, 29.444445, -15.222222, -0.22222222, 15.444445, 29.444445, 0.35004318, 2.6043034, 7
22.0, 133.0, 9.0, 0.0, 0.0, 0.0, 0.0, 0.0, 0.0, 0.0, 0.0, 0.0, 0.0, 0.0, 0.0, 0.0, 0.0, 0.0, 0.0, 3
123.0, 104.0, 9.0, 0.0, 0.0, 2.2777777, 2.107407, 4.0, 2.0000021, 21.925926, 20.555555, 28.666666, 16.555555, -4.111111, 20.222221, -16.11111, 28.666666, 0.4213954, -1.7287898, 1
224.0, 95.0, 9.0, 0.0, 0.0, 1.2222223, 0.47407404, 1.0555557, 0.7296295, 3.5185184, 0.8888889, 7.2222223, 2.4444444, -7.888889, 11.111111, -3.2222223, 7.2222223, 0.88955027, -2.3489873, 3
222.0, 62.0, 9.0, 0.0, 0.0, 0.27777782, 0.2509242, 0.6666667, 0.55777335, 6.4074073, 4.111111, 11.444445, 3.6666667, -6.888889, 15.111111, -8.222222, 11.444445, 0.68080807, -2.0341523, 5
68.0, 157.0, 9.0, 0.0, 0.0, 5.8333325, 14.344446, 1.388889, 1.6629623, 21.444445, 16.88889, 30.0, 17.444445, -13.666667, 25.666666, -12.0, 30.0, 0.43888178, -2.1343, 4
52.0, 185.0, 9.0, 0.0, 0.0, 1.6666666, 1.4222219, 0.94444436, 0.95185256, 19.25926, 14.888889, 18.222221, 24.666666, -13.111111, -3.1111112, 16.222221, 24.666666, 0.39645794, 2.4518359, 7
59.0, 99.0, 9.0, 0.0, 0.0, 0.77777785, 0.8296297, 0.99999994, 0.3555556, 2.0370371, 0.11111111, 5.5555553, 0.44444445, -5.7777777, 10.555555, -4.7777777, 5.5555553, 0.9861111, -2.149743, 3
184.0, 15.0, 9.0, 0.0, 0.0, 0.44444528, 0.25185028, 0.77777356, 0.11851902, 140.77777, 134.33334, 150.11111, 137.88889, -19.333334, 28.0, -8.666667, 150.11111, 0.105074264, -2.3284721, 2
65.0, 176.0, 9.0, 0.0, 0.0, 2.8888886, 1.4707015, 1.5, 1.1690452, 49.74074, 45.22222, 61.0, 43.0, -13.555555, 33.77778, -20.222221, 61.0, 0.294787, -1.9657031, 6
98.0, 135.0, 9.0, 0.0, 0.0, 0.6111112, 0.15185179, 1.0555556, 0.37407392, 5.703704, 7.4444447, 6.4444447, 3.2222223, 5.2222223, 2.2222223, -7.4444447, 7.4444447, 0.5654762, -0.7873758, 1
79.0, 28.0, 9.0, 0.0, 0.0, 4.277777, 3.7618961, 0.8333333, 0.6582806, 62.407406, 53.444443, 79.111115, 54.666668, -26.88889, 50.11111, -23.222221, 79.111115, 0.32455578, -2.1445074, 4
37.0, 124.0, 9.0, 0.0, 0.11111111, 1.4999994, 1.0111091, 2.4444447, 1.8074036, 54.333332, 49.444443, 65.22222, 48.333332, -14.666667, 32.666668, -18.0, 65.22222, 0.2585428, -2.0300786, 4
207.0, 115.0, 9.0, 0.0, 0.0, 1.0555555, 0.3296295, 0.16666669, 0.033333343, 1.2222222, 0.44444445, 2.8888888, 0.33333334, -2.3333333, 5.0, -2.6666667, 2.8888888, 0.93333334, -2.0655363, 5
95.0, 57.0, 9.0, 0.0, 0.0, 1.8333327, 3.4111106, 2.1111107, 1.7185175, 26.296297, 24.666666, 34.444447, 19.777779, -4.888889, 24.444445, -19.555555, 34.444447, 0.42569095, -1.7390174, 1
234.0, 122.0, 9.0, 0.0, 0.0, 1.7222222, 7.8407397, 1.3888888, 7.574073, 2.2592592, 0.5555556, 5.2222223, 1.0, -5.111111, 8.888889, -3.7777777, 5.2222223, 0.96031743, -2.1732037, 3
23.0, 88.0, 9.0, 0.0, 0.0, 2.0000002, 3.2, 2.9444447, 1.040741, 20.592592, 18.777779, 27.333334, 15.666667, -5.4444447, 20.222221, -14.777778, 27.333334, 0.42490423, -1.7851468, 1
73.0, 201.0, 9.0, 0.0, 0.11111111, 0.7222226, 0.64693, 4.444444, 2.4555306, 58.703705, 52.88889, 72.22222, 51.0, -17.444445, 40.555557, -23.11111, 72.22222, 0.29418743, -1.9977362, 6
26.0, 67.0, 9.0, 0.11111111, 0.0, 1.0, 0.8888903, 2.4444447, 3.1851847, 20.0, 19.555555, 25.88889, 14.555555, -1.3333334, 17.666666, -16.333334, 25.88889, 0.4369392, -1.6232022, 1
214.0, 108.0, 9.0, 0.0, 0.0, 0.6666667, 0.365148, 0.6666667, 0.29814258, 16.925926, 13.555555, 23.444445, 13.777778, -10.111111, 19.555555, -9.444445, 23.444445, 0.42167473, -2.117648, 5
186.0, 89.0, 9.0, 0.0, 0.0, 0.61111134, 0.19629638, 1.0555557, 0.28518525, 22.666666, 16.444445, 33.555557, 18.0, -18.666666, 32.666668, -14.0, 33.555557, 0.5094622, -2.188149, 5
118.0, 111.0, 9.0, 0.0, 0.0, 1.2222227, 1.0470412, 0.55555534, 0.27216536, 62.25926, 56.444443, 75.333336, 55.0, -17.444445, 39.22222, -21.777779, 75.333336, 0.2692176, -2.014126, 4
109.0, 146.0, 9.0, 0.0, 0.0, 0.055555556, 0.13608277, 0.055555556, 0.13608277, 0.037037037, 0.0, 0.11111111, 0.0, -0.11111111, 0.22222222, -0.11111111, 0.11111111, 0.11111111, -2.0943952, 3
96.0, 92.0, 9.0, 0.11111111, 0.0, 3.3333337, 2.9777782, 1.777778, 0.6518514, 22.88889, 21.777779, 29.777779, 17.11111, -3.3333333, 20.666666, -17.333334, 29.777779, 0.422223, -1.6826507, 1
212.0, 68.0, 9.0, 0.11111111, 0.0, 2.8888886, 2.083444, 1.8333334, 0.93689704, 37.962963, 37.555557, 41.666668, 34.666668, -1.2222222, 11.111111, -9.888889, 41.666668, 0.16790761, -1.6596414, 4
110.0, 189.0, 9.0, 0.0, 0.0, 1.0000004, 0.66666675, 1.2222223, 1.1863422, 12.925926, 10.888889, 9.222222, 18.666668, -6.111111, -11.111111, 17.222221, 18.666668, 0.50813884, 1.9108642, 7
173.0, 67.0, 9.0, 0.0, 0.0, 1.1111112, 1.2412658, 0.22222225, 0.34426522, 0.7407407, 0.7777778, 1.1111112, 0.33333334, 0.11111111, 1.1111112, -1.2222222, 1.1111112, 0.23148148, -1.5126845, 5
36.0, 243.0, 9.0, 0.11111111, 0.0, 1.888889, 1.8518513, 2.0, 0.7111104, 13.333333, 9.888889, 12.111111, 18.0, -10.333333, -3.6666667, 14.0, 18.0, 0.4522286, 2.3683105, 7
227.0, 222.0, 9.0, 0.0, 0.0, 2.111111, 2.6074066, 2.6111114, 7.26296, 9.333333, 8.555555, 7.6666665, 11.777778, -2.3333333, -5.0, 7.3333335, 11.777778, 0.37369296, 1.9050448, 7
77.0, 185.0, 9.0, 0.0, 0.0, 2.944445, 7.6629586, 6.2222214, 32.118523, 32.555557, 29.222221, 39.666668, 28.777779, -10.0, 21.333334, -11.333333, 39.666668, 0.27036038, -2.0852716, 6
236.0, 194.0, 9.0, 0.0, 0.0, 2.666666, 1.9321826, 2.4444435, 1.7971164, 50.11111, 44.22222, 62.444443, 43.666668, -17.666666, 37.0, -19.333334, 62.444443, 0.30066735, -2.0642767, 6
115.0, 75.0, 9.0, 0.0, 0.0, 0.9444453, 0.774077, 1.0555586, 0.59629595, 126.07407, 115.888885, 141.22223, 121.111115, -30.555555, 45.444443, -14.888889, 141.22223, 0.17935319, -2.309804, 2
41.0, 150.0, 9.0, 0.0, 0.0, 1.777778, 1.94074, 2.1666667, 1.4999995, 20.74074, 16.222223, 29.222221, 16.777779, -13.555555, 25.444445, -11.888889, 29.222221, 0.44157267, -2.1348755, 4
146.0, 72.0, 9.0, 0.0, 0.0, 0.944444, 0.507407, 1.6666664, 0.5777763, 26.222221, 23.777779, 35.444447, 19.444445, -7.3333335, 27.666666, -20.333334, 35.444447, 0.45092598, -1.8078662, 1
38.0, 103.0, 9.0, 0.0, 0.0, 0.8888893, 1.051852, 1.9444447, 1.3962961, 58.185184, 53.333332, 69.55556, 51.666668, -14.555555, 34.11111, -19.555555, 69.55556, 0.2570141, -1.9975892, 4
124.0, 201.0, 9.0, 0.0, 0.0, 1.944445, 1.9597805, 2.0555556, 1.306678, 17.88889, 14.0, 14.888889, 24.777779, -11.666667, -9.0, 20.666666, 24.777779, 0.43971756, 2.1769927, 7
66.0, 41.0, 9.0, 0.0, 0.0, 0.61111194, 0.32773077, 0.38889185, 0.32773316, 109.703705, 95.111115, 128.88889, 105.111115, -43.77778, 57.555557, -13.777778, 128.88889, 0.26204562, -2.404745, 2
68.0, 135.0, 9.0, 0.0, 0.0, 0.83333343, 0.47777793, 0.3333334, 0.2666667, 6.2222223, 4.0, 10.444445, 4.2222223, -6.6666665, 12.666667, -6.0, 10.444445, 0.6175926, -2.1255164, 5
76.0, 135.0, 9.0, 0.0, 0.0, 0.4444445, 0.11851851, 0.8333333, 0.1222222, 5.0, 6.888889, 5.4444447, 2.6666667, 5.6666665, 1.3333334, -7.0, 6.888889, 0.6137566, -0.6920281, 1
106.0, 193.0, 9.0, 0.0, 0.0, 1.0555557, 0.9525794, 0.888889, 0.6206331, 14.444445, 11.666667, 12.555555, 19.11111, -8.333333, -5.6666665, 14.0, 19.11111, 0.38886335, 2.2100549, 7
75.0, 90.0, 9.0, 0.11111111, 0.0, 4.1666675, 3.0018506, 2.8333333, 2.7708795, 48.22222, 41.22222, 61.444443, 42.0, -21.0, 39.666668, -18.666666, 61.444443, 0.32763156, -2.1318614, 4
226.0, 110.0, 9.0, 0.0, 0.0, 0.33333334, 0.08888887, 0.49999997, 0.2111111, 1.6666666, 0.11111111, 4.4444447, 0.44444445, -4.6666665, 8.333333, -3.6666667, 4.4444447, 0.9777778, -2.1559837, 3
16.0, 117.0, 9.0, 0.0, 0.0, 0.27777776, 0.15185185, 0.50000006, 0.2111111, 5.888889, 6.888889, 7.4444447, 3.3333333, 3.0, 4.6666665, -7.6666665, 7.4444447, 0.5535714, -1.1796917, 1
