@relation penbased-5
@attribute At1 integer [0, 100]
@attribute At2 integer [0, 100]
@attribute At3 integer [0, 100]
@attribute At4 integer [0, 100]
@attribute At5 integer [0, 100]
@attribute At6 integer [0, 100]
@attribute At7 integer [0, 100]
@attribute At8 integer [0, 100]
@attribute At9 integer [0, 100]
@attribute At10 integer [0, 100]
@attribute At11 integer [0, 100]
@attribute At12 integer [0, 100]
@attribute At13 integer [0, 100]
@attribute At14 integer [0, 100]
@attribute At15 integer [0, 100]
@attribute At16 integer [0, 100]
@attribute Class {0, 1, 2, 3, 4, 5, 6, 7, 8, 9}
@inputs At1, At2, At3, At4, At5, At6, At7, At8, At9, At10, At11, At12, At13, At14, At15, At16
@outputs Class
@data
0, 67, 49, 83, 100, 100, 81, 80, 60, 60, 40, 40, 33, 20, 47, 0, 1
0, 39, 2, 62, 11, 5, 63, 0, 100, 43, 89, 99, 36, 100, 0, 57, 0
48, 96, 62, 65, 88, 27, 21, 0, 21, 33, 79, 67, 100, 100, 0, 85, 8
91, 74, 54, 100, 0, 87, 23, 59, 81, 67, 100, 39, 79, 4, 21, 0, 9
0, 83, 29, 100, 88, 95, 64, 69, 73, 43, 100, 13, 50, 1, 10, 0, 3
5, 90, 46, 98, 89, 100, 100, 81, 77, 59, 62, 34, 37, 14, 0, 0, 3
1, 88, 0, 54, 59, 31, 36, 0, 11, 28, 4, 68, 28, 97, 100, 100, 5
0, 84, 50, 100, 72, 79, 37, 52, 51, 41, 100, 27, 62, 3, 3, 0, 3
43, 94, 15, 66, 52, 38, 20, 0, 5, 35, 0, 83, 42, 100, 100, 98, 5
37, 100, 48, 57, 74, 97, 27, 97, 80, 68, 100, 26, 49, 0, 0, 22, 9
45, 93, 0, 60, 75, 69, 89, 29, 19, 0, 15, 43, 26, 93, 100, 100, 5
100, 70, 58, 100, 10, 75, 0, 24, 48, 0, 100, 19, 97, 68, 45, 81, 0
29, 38, 61, 60, 92, 83, 100, 100, 73, 76, 49, 50, 25, 25, 0, 0, 1
45, 85, 93, 100, 100, 98, 48, 88, 7, 62, 48, 48, 48, 18, 0, 0, 5
46, 83, 87, 100, 100, 79, 75, 54, 90, 36, 100, 13, 49, 0, 0, 12, 3
14, 100, 1, 54, 51, 47, 36, 0, 0, 14, 6, 71, 42, 93, 100, 97, 5
30, 100, 4, 67, 0, 24, 30, 0, 66, 11, 95, 41, 100, 82, 64, 93, 0
47, 100, 19, 67, 0, 30, 20, 0, 68, 5, 100, 33, 91, 72, 50, 88, 0
67, 100, 36, 82, 0, 60, 5, 37, 66, 38, 100, 50, 73, 25, 56, 0, 4
0, 96, 45, 100, 100, 99, 79, 83, 60, 63, 45, 42, 36, 21, 33, 0, 7
0, 74, 28, 100, 69, 99, 79, 63, 59, 28, 28, 0, 57, 0, 100, 2, 2
22, 98, 0, 75, 4, 18, 55, 0, 100, 36, 84, 89, 34, 100, 21, 46, 0
86, 100, 0, 95, 32, 56, 100, 22, 30, 0, 5, 36, 80, 68, 52, 99, 8
85, 100, 56, 72, 42, 39, 55, 7, 100, 0, 95, 30, 46, 37, 0, 23, 6
100, 100, 50, 98, 16, 67, 0, 30, 26, 0, 80, 8, 81, 34, 29, 24, 6
23, 76, 52, 100, 100, 98, 79, 71, 63, 50, 82, 19, 49, 0, 0, 7, 3
100, 100, 54, 90, 17, 66, 0, 35, 16, 5, 66, 0, 66, 29, 22, 47, 6
74, 100, 30, 76, 0, 50, 55, 49, 100, 72, 77, 56, 52, 28, 35, 0, 4
42, 100, 34, 73, 0, 42, 2, 42, 62, 36, 100, 59, 92, 35, 87, 0, 4
38, 76, 58, 100, 21, 65, 0, 27, 44, 0, 100, 22, 45, 36, 22, 8, 6
17, 82, 56, 100, 100, 90, 64, 66, 85, 40, 94, 12, 48, 3, 0, 0, 3
100, 100, 26, 97, 1, 66, 45, 33, 29, 0, 0, 26, 38, 61, 87, 93, 8
0, 36, 35, 56, 68, 78, 100, 100, 94, 76, 80, 51, 70, 25, 70, 0, 1
89, 100, 56, 85, 0, 62, 44, 50, 100, 54, 82, 77, 52, 38, 20, 0, 4
76, 100, 34, 77, 7, 48, 0, 17, 47, 0, 100, 13, 78, 37, 21, 29, 6
35, 61, 54, 100, 58, 76, 54, 31, 78, 0, 100, 6, 36, 5, 0, 8, 1
0, 99, 48, 100, 100, 96, 90, 55, 58, 15, 33, 0, 40, 40, 92, 37, 7
6, 74, 0, 32, 38, 0, 90, 14, 100, 64, 67, 100, 18, 78, 16, 34, 0
100, 95, 87, 100, 49, 74, 16, 43, 6, 6, 52, 0, 48, 29, 0, 39, 6
44, 89, 100, 100, 91, 93, 35, 79, 33, 55, 73, 29, 54, 0, 0, 11, 5
0, 87, 9, 47, 80, 54, 80, 7, 24, 0, 2, 50, 25, 91, 100, 100, 5
29, 75, 29, 85, 100, 100, 85, 81, 59, 61, 38, 41, 15, 20, 0, 0, 1
33, 95, 4, 69, 0, 27, 39, 0, 88, 16, 100, 56, 69, 89, 17, 100, 0
19, 100, 3, 83, 0, 60, 8, 37, 92, 33, 81, 44, 70, 21, 100, 0, 4
44, 73, 66, 100, 100, 88, 74, 57, 33, 32, 0, 21, 53, 19, 99, 0, 2
35, 85, 22, 38, 45, 0, 87, 12, 100, 57, 81, 100, 37, 97, 0, 72, 0
8, 95, 8, 58, 61, 47, 54, 0, 20, 21, 0, 68, 37, 100, 100, 100, 5
19, 100, 61, 98, 62, 56, 50, 14, 29, 0, 0, 35, 50, 40, 100, 39, 7
73, 64, 54, 100, 0, 75, 60, 40, 91, 0, 13, 13, 46, 55, 100, 87, 8
82, 97, 35, 100, 0, 67, 0, 25, 45, 2, 100, 10, 61, 23, 14, 0, 6
19, 86, 18, 35, 57, 0, 100, 24, 92, 72, 47, 100, 0, 77, 1, 31, 0
55, 91, 100, 100, 64, 94, 27, 69, 53, 52, 84, 32, 48, 7, 0, 0, 5
0, 83, 35, 100, 71, 91, 63, 46, 57, 0, 40, 17, 60, 34, 100, 34, 7
49, 100, 5, 87, 15, 59, 92, 53, 100, 84, 69, 57, 35, 28, 0, 0, 4
42, 49, 34, 94, 81, 100, 85, 53, 48, 16, 0, 0, 45, 3, 100, 3, 2
1, 91, 11, 49, 72, 47, 53, 0, 13, 12, 0, 68, 36, 97, 100, 100, 5
36, 78, 75, 100, 77, 82, 61, 34, 39, 0, 0, 8, 50, 8, 100, 7, 1
0, 70, 1, 29, 37, 0, 88, 5, 100, 43, 78, 79, 34, 100, 5, 70, 0
45, 74, 23, 68, 92, 35, 77, 0, 45, 28, 100, 64, 95, 100, 0, 80, 8
19, 66, 3, 28, 34, 0, 77, 13, 100, 51, 78, 89, 34, 100, 0, 76, 0
30, 82, 52, 100, 100, 85, 81, 53, 38, 28, 0, 26, 56, 17, 97, 0, 2
78, 72, 81, 100, 8, 91, 0, 55, 69, 59, 100, 71, 74, 33, 58, 0, 9
5, 85, 47, 100, 95, 93, 55, 70, 78, 50, 100, 29, 49, 14, 0, 0, 3
0, 81, 15, 100, 20, 76, 19, 52, 24, 28, 71, 21, 88, 23, 100, 0, 4
28, 94, 96, 100, 83, 94, 22, 76, 50, 64, 100, 41, 66, 9, 0, 0, 5
97, 81, 52, 100, 0, 87, 21, 60, 76, 70, 100, 47, 74, 12, 23, 0, 9
27, 73, 42, 100, 62, 66, 41, 30, 0, 13, 38, 10, 82, 0, 100, 34, 2
0, 52, 56, 73, 100, 100, 91, 85, 88, 51, 89, 16, 42, 0, 93, 6, 1
15, 90, 59, 100, 71, 74, 50, 55, 99, 42, 100, 13, 53, 0, 0, 10, 3
0, 97, 41, 100, 68, 77, 64, 38, 51, 0, 28, 34, 56, 40, 100, 37, 7
28, 6, 64, 48, 100, 91, 53, 100, 22, 59, 80, 31, 66, 0, 0, 2, 8
80, 88, 43, 100, 9, 70, 0, 31, 28, 0, 78, 11, 100, 46, 90, 85, 0
42, 100, 7, 72, 0, 41, 54, 38, 100, 44, 73, 73, 56, 36, 39, 0, 4
12, 55, 0, 46, 21, 6, 66, 0, 100, 30, 99, 73, 63, 100, 18, 93, 0
0, 71, 20, 100, 54, 91, 51, 55, 29, 22, 3, 0, 54, 3, 100, 9, 2
79, 81, 57, 100, 17, 82, 62, 65, 99, 52, 100, 16, 52, 1, 0, 0, 9
43, 80, 28, 100, 60, 73, 40, 38, 0, 14, 0, 3, 50, 0, 100, 0, 2
71, 92, 48, 62, 100, 82, 59, 100, 87, 75, 87, 47, 55, 0, 0, 5, 9
0, 94, 61, 100, 100, 77, 83, 44, 58, 13, 44, 0, 25, 29, 97, 36, 7
34, 96, 43, 63, 89, 37, 65, 0, 0, 14, 12, 54, 26, 93, 100, 100, 5
0, 98, 5, 73, 70, 39, 100, 0, 43, 9, 53, 50, 84, 90, 26, 100, 8
100, 100, 55, 100, 13, 76, 0, 46, 12, 15, 64, 0, 78, 27, 26, 46, 6
12, 73, 0, 30, 33, 0, 77, 6, 100, 44, 78, 85, 37, 100, 12, 67, 0
19, 83, 12, 55, 57, 31, 28, 0, 7, 35, 0, 73, 41, 97, 100, 100, 5
0, 90, 59, 100, 100, 79, 72, 40, 55, 0, 40, 1, 9, 30, 84, 31, 7
100, 94, 40, 100, 0, 68, 43, 35, 92, 5, 23, 0, 3, 34, 46, 68, 8
86, 86, 37, 100, 0, 74, 53, 62, 100, 86, 83, 66, 61, 32, 41, 0, 9
99, 100, 54, 77, 26, 52, 17, 23, 51, 0, 100, 14, 61, 35, 0, 27, 6
25, 98, 7, 67, 95, 78, 36, 100, 0, 79, 100, 71, 76, 33, 14, 0, 9
51, 92, 12, 63, 0, 8, 54, 0, 100, 37, 86, 86, 28, 100, 20, 56, 0
100, 100, 70, 86, 30, 60, 0, 29, 11, 0, 70, 9, 76, 32, 16, 35, 6
100, 100, 56, 100, 19, 75, 0, 43, 12, 10, 62, 0, 68, 14, 15, 12, 6
57, 87, 100, 69, 97, 100, 23, 83, 74, 59, 96, 52, 78, 10, 0, 0, 9
55, 96, 14, 68, 48, 40, 19, 0, 0, 18, 6, 73, 47, 100, 100, 96, 5
54, 63, 100, 76, 80, 100, 43, 75, 51, 35, 47, 0, 0, 16, 27, 46, 8
4, 11, 46, 53, 76, 100, 24, 98, 41, 53, 100, 24, 57, 0, 0, 15, 8
100, 100, 61, 88, 30, 64, 7, 36, 0, 5, 42, 0, 49, 23, 6, 25, 6
100, 100, 56, 86, 23, 61, 0, 30, 14, 0, 59, 7, 47, 33, 1, 27, 6
0, 5, 18, 35, 47, 63, 76, 88, 100, 100, 79, 68, 60, 35, 58, 0, 1
0, 100, 30, 99, 67, 97, 100, 93, 72, 75, 53, 51, 44, 23, 52, 0, 7
0, 93, 69, 100, 98, 69, 71, 35, 35, 4, 13, 0, 24, 35, 100, 35, 7
29, 95, 93, 67, 84, 100, 10, 68, 0, 18, 74, 0, 100, 44, 17, 44, 8
100, 100, 56, 91, 25, 68, 4, 43, 0, 15, 37, 0, 61, 20, 12, 24, 6
34, 100, 34, 76, 0, 49, 58, 47, 100, 57, 100, 56, 90, 26, 82, 0, 4
47, 73, 82, 95, 100, 100, 89, 75, 79, 49, 76, 24, 47, 0, 0, 2, 1
56, 92, 15, 68, 0, 24, 39, 0, 86, 16, 100, 60, 76, 100, 30, 93, 0
70, 61, 65, 100, 15, 70, 72, 34, 87, 0, 0, 10, 23, 50, 100, 76, 8
38, 100, 16, 80, 3, 50, 0, 20, 48, 5, 100, 20, 47, 24, 22, 0, 6
56, 97, 41, 63, 69, 26, 29, 0, 6, 28, 0, 72, 45, 94, 100, 100, 5
0, 45, 38, 54, 72, 76, 100, 100, 82, 79, 62, 52, 41, 25, 20, 0, 1
19, 87, 61, 100, 96, 77, 72, 50, 64, 39, 100, 15, 51, 0, 0, 14, 3
0, 96, 40, 100, 59, 67, 42, 25, 26, 0, 14, 38, 57, 45, 100, 48, 7
39, 92, 89, 100, 95, 77, 53, 57, 91, 45, 100, 17, 55, 0, 0, 2, 3
21, 100, 0, 70, 7, 42, 91, 49, 100, 64, 70, 67, 72, 34, 70, 0, 4
27, 95, 14, 59, 70, 43, 59, 0, 0, 10, 6, 56, 30, 96, 100, 100, 5
0, 80, 32, 100, 64, 76, 58, 36, 46, 0, 11, 30, 47, 39, 100, 41, 7
82, 100, 16, 90, 0, 58, 60, 58, 93, 89, 100, 60, 85, 26, 41, 0, 9
10, 100, 6, 82, 0, 62, 4, 42, 59, 34, 88, 39, 80, 19, 100, 0, 4
0, 65, 51, 74, 87, 96, 100, 100, 78, 75, 54, 50, 32, 25, 12, 0, 1
0, 83, 35, 100, 86, 88, 42, 63, 52, 47, 100, 27, 60, 4, 2, 0, 3
100, 100, 51, 96, 18, 67, 0, 35, 12, 4, 79, 0, 94, 25, 32, 24, 6
0, 93, 43, 100, 91, 87, 70, 44, 50, 0, 35, 5, 39, 44, 100, 53, 7
33, 93, 0, 55, 61, 58, 91, 25, 37, 0, 29, 53, 36, 100, 100, 93, 5
87, 93, 59, 100, 21, 86, 6, 53, 69, 56, 100, 31, 59, 4, 0, 0, 5
35, 94, 0, 74, 75, 97, 100, 100, 70, 75, 45, 50, 25, 25, 0, 0, 1
15, 100, 0, 74, 20, 45, 82, 47, 100, 64, 84, 68, 77, 34, 73, 0, 4
100, 100, 74, 88, 46, 69, 22, 47, 0, 24, 3, 0, 36, 11, 7, 23, 6
98, 100, 56, 80, 23, 48, 10, 9, 58, 0, 100, 18, 49, 22, 0, 8, 6
46, 100, 26, 74, 0, 47, 20, 25, 84, 33, 100, 55, 76, 28, 69, 0, 4
0, 62, 30, 90, 70, 100, 57, 61, 48, 22, 7, 0, 36, 2, 100, 3, 1
60, 82, 21, 74, 0, 25, 34, 0, 82, 27, 100, 75, 54, 100, 14, 75, 0
0, 90, 41, 100, 83, 88, 65, 65, 69, 43, 100, 22, 66, 5, 14, 0, 3
76, 100, 18, 73, 0, 50, 81, 48, 100, 70, 67, 74, 33, 37, 8, 0, 4
97, 100, 43, 77, 13, 42, 7, 2, 68, 0, 100, 34, 43, 36, 0, 5, 6
82, 73, 61, 100, 0, 80, 35, 55, 100, 77, 99, 61, 87, 23, 98, 0, 9
82, 100, 39, 78, 17, 48, 19, 17, 66, 0, 100, 21, 44, 31, 0, 13, 6
21, 100, 1, 80, 0, 54, 70, 51, 100, 73, 82, 51, 74, 24, 75, 0, 4
65, 93, 68, 73, 92, 23, 13, 0, 0, 38, 87, 65, 100, 100, 5, 98, 8
52, 95, 100, 100, 70, 91, 26, 77, 26, 55, 64, 43, 43, 14, 0, 0, 5
13, 100, 0, 54, 25, 13, 70, 0, 100, 35, 86, 81, 41, 94, 6, 62, 0
52, 100, 28, 75, 63, 36, 41, 0, 0, 18, 16, 66, 47, 99, 100, 99, 5
7, 72, 34, 100, 79, 95, 67, 61, 33, 33, 0, 5, 48, 0, 100, 1, 2
49, 97, 77, 100, 79, 60, 47, 28, 0, 11, 8, 24, 58, 14, 100, 0, 2
2, 65, 29, 35, 46, 2, 12, 0, 0, 41, 18, 73, 58, 88, 100, 100, 5
0, 54, 27, 64, 63, 83, 100, 100, 97, 78, 81, 53, 68, 26, 63, 0, 1
22, 100, 0, 70, 28, 44, 83, 47, 100, 79, 71, 61, 45, 30, 19, 0, 4
53, 100, 25, 70, 0, 39, 50, 34, 100, 42, 85, 64, 77, 32, 80, 0, 4
0, 53, 36, 77, 82, 99, 100, 100, 73, 75, 39, 50, 9, 25, 3, 0, 1
27, 82, 58, 100, 73, 83, 68, 53, 100, 34, 76, 8, 38, 0, 0, 5, 3
36, 60, 40, 100, 57, 68, 36, 29, 0, 3, 15, 8, 59, 0, 100, 10, 2
0, 85, 21, 100, 72, 84, 65, 43, 56, 0, 37, 1, 42, 28, 100, 28, 7
33, 78, 67, 100, 68, 67, 36, 40, 0, 17, 27, 1, 72, 0, 100, 2, 2
0, 90, 57, 100, 63, 71, 46, 36, 40, 0, 10, 12, 39, 32, 100, 39, 7
24, 81, 57, 100, 85, 76, 59, 47, 82, 41, 100, 15, 53, 0, 0, 5, 3
0, 96, 46, 100, 64, 67, 45, 31, 12, 0, 10, 30, 50, 55, 100, 68, 7
32, 96, 0, 67, 61, 58, 74, 14, 24, 0, 20, 50, 38, 91, 100, 100, 5
100, 100, 46, 91, 14, 64, 0, 32, 8, 0, 62, 0, 55, 27, 6, 27, 6
0, 71, 52, 100, 100, 75, 53, 37, 13, 0, 82, 7, 34, 44, 16, 83, 8
19, 73, 12, 61, 77, 36, 57, 0, 9, 19, 0, 59, 12, 94, 100, 100, 5
0, 51, 33, 75, 68, 100, 51, 85, 53, 59, 58, 33, 65, 7, 100, 0, 1
27, 100, 0, 74, 60, 43, 100, 3, 34, 0, 29, 44, 74, 81, 10, 58, 8
88, 68, 31, 56, 0, 81, 47, 100, 100, 86, 97, 55, 75, 26, 44, 0, 9
23, 78, 26, 100, 62, 85, 34, 55, 0, 27, 1, 0, 51, 0, 100, 7, 2
52, 100, 26, 68, 0, 36, 52, 36, 100, 40, 84, 69, 62, 35, 48, 0, 4
13, 83, 52, 100, 75, 78, 44, 48, 4, 22, 0, 0, 54, 1, 100, 6, 2
100, 100, 21, 86, 45, 47, 86, 11, 3, 0, 0, 33, 65, 65, 99, 96, 8
54, 100, 29, 87, 6, 55, 0, 23, 48, 0, 100, 21, 40, 35, 12, 17, 6
32, 92, 75, 100, 79, 63, 56, 28, 29, 0, 0, 33, 42, 46, 100, 48, 7
74, 90, 50, 100, 56, 72, 100, 82, 93, 54, 90, 12, 47, 0, 0, 7, 9
16, 89, 16, 100, 0, 70, 15, 42, 81, 51, 100, 61, 84, 30, 75, 0, 4
100, 79, 64, 100, 30, 86, 63, 73, 77, 63, 72, 27, 42, 0, 0, 5, 9
36, 68, 72, 100, 81, 90, 63, 46, 47, 7, 0, 2, 49, 0, 100, 2, 1
66, 91, 22, 73, 50, 27, 19, 0, 0, 33, 65, 60, 100, 96, 24, 100, 8
0, 88, 44, 100, 100, 85, 88, 45, 60, 8, 25, 0, 32, 25, 98, 27, 7
34, 74, 75, 100, 100, 69, 76, 27, 34, 0, 0, 10, 49, 15, 100, 5, 2
92, 100, 49, 88, 8, 59, 56, 45, 100, 69, 82, 56, 39, 29, 0, 0, 4
5, 39, 0, 61, 55, 84, 100, 100, 73, 75, 55, 50, 45, 25, 59, 0, 1
27, 95, 1, 56, 41, 32, 16, 0, 0, 24, 12, 75, 55, 93, 100, 100, 5
80, 89, 54, 100, 40, 68, 81, 78, 100, 46, 92, 10, 46, 0, 0, 6, 9
5, 84, 40, 100, 79, 82, 26, 62, 56, 46, 100, 22, 65, 0, 0, 8, 3
25, 100, 0, 75, 9, 50, 77, 49, 100, 72, 77, 53, 67, 26, 65, 0, 4
40, 83, 71, 100, 99, 79, 66, 54, 84, 44, 100, 18, 56, 0, 0, 3, 3
1, 72, 39, 100, 90, 92, 50, 64, 52, 53, 100, 35, 60, 8, 0, 0, 3
63, 100, 23, 77, 0, 39, 3, 0, 61, 7, 100, 38, 99, 78, 46, 96, 0
0, 67, 53, 82, 100, 100, 86, 84, 75, 63, 67, 42, 63, 21, 55, 0, 1
0, 94, 28, 100, 65, 100, 100, 97, 79, 75, 61, 51, 50, 26, 48, 0, 7
91, 100, 48, 79, 23, 50, 18, 18, 62, 0, 100, 18, 55, 38, 0, 34, 6
8, 72, 41, 100, 70, 72, 47, 35, 9, 7, 0, 6, 50, 9, 100, 0, 2
19, 78, 0, 36, 25, 0, 71, 4, 100, 39, 90, 84, 49, 100, 10, 76, 0
90, 100, 43, 79, 0, 56, 51, 58, 100, 69, 97, 61, 79, 28, 60, 0, 4
0, 89, 34, 100, 57, 72, 51, 34, 44, 0, 12, 28, 55, 36, 100, 37, 7
7, 88, 0, 42, 19, 0, 67, 1, 100, 35, 93, 79, 49, 100, 3, 89, 0
0, 90, 41, 100, 90, 74, 81, 36, 51, 0, 36, 1, 24, 36, 100, 40, 7
27, 94, 1, 63, 56, 67, 64, 19, 0, 0, 0, 55, 21, 100, 100, 100, 5
0, 100, 12, 71, 94, 90, 31, 96, 11, 76, 100, 80, 58, 41, 37, 0, 9
10, 100, 1, 66, 0, 19, 40, 0, 84, 28, 100, 72, 59, 98, 7, 88, 0
0, 9, 42, 38, 73, 69, 100, 100, 88, 94, 73, 63, 73, 31, 81, 0, 1
29, 74, 1, 49, 0, 2, 51, 0, 93, 30, 100, 76, 55, 100, 6, 84, 0
31, 81, 49, 43, 38, 7, 0, 0, 5, 42, 25, 73, 62, 90, 100, 100, 5
27, 84, 20, 51, 38, 11, 0, 0, 2, 47, 9, 93, 54, 100, 100, 99, 5
83, 85, 17, 98, 37, 57, 94, 19, 38, 0, 0, 38, 65, 71, 100, 100, 8
12, 75, 3, 59, 67, 25, 20, 0, 27, 36, 95, 68, 100, 100, 0, 95, 8
34, 62, 51, 96, 55, 56, 50, 13, 0, 0, 6, 56, 38, 100, 100, 90, 5
30, 100, 23, 69, 66, 33, 59, 0, 19, 27, 0, 67, 8, 100, 100, 97, 5
43, 81, 72, 100, 100, 78, 77, 49, 41, 25, 0, 5, 39, 0, 93, 2, 2
0, 28, 35, 51, 67, 75, 100, 100, 96, 81, 77, 54, 58, 27, 46, 0, 1
20, 100, 5, 78, 0, 55, 64, 63, 100, 83, 81, 55, 61, 25, 45, 0, 4
16, 85, 45, 100, 96, 93, 85, 66, 88, 40, 100, 15, 52, 4, 0, 0, 3
0, 88, 34, 100, 92, 97, 74, 72, 62, 46, 100, 24, 89, 3, 31, 0, 3
44, 85, 76, 100, 79, 70, 54, 41, 23, 16, 0, 0, 50, 5, 100, 1, 2
0, 81, 23, 100, 73, 96, 52, 46, 26, 0, 12, 19, 46, 42, 100, 48, 7
48, 100, 31, 64, 3, 31, 0, 21, 62, 16, 100, 35, 93, 37, 89, 0, 4
15, 100, 0, 68, 6, 23, 41, 0, 80, 5, 100, 42, 80, 80, 42, 94, 0
17, 72, 16, 36, 40, 0, 86, 12, 100, 53, 79, 92, 31, 100, 0, 67, 0
20, 86, 0, 53, 4, 11, 48, 0, 89, 24, 100, 64, 74, 99, 26, 100, 0
0, 92, 42, 97, 86, 100, 72, 54, 60, 0, 40, 0, 56, 22, 100, 21, 7
30, 69, 38, 100, 82, 88, 76, 53, 43, 24, 0, 0, 43, 6, 100, 6, 2
17, 59, 32, 100, 57, 82, 32, 39, 0, 5, 19, 0, 59, 7, 100, 14, 2
59, 71, 62, 100, 90, 79, 67, 43, 28, 16, 0, 22, 50, 16, 100, 0, 2
4, 80, 3, 52, 47, 54, 55, 0, 10, 2, 0, 80, 43, 100, 100, 95, 5
100, 100, 80, 100, 38, 71, 11, 34, 31, 0, 81, 12, 53, 45, 0, 45, 6
58, 95, 36, 68, 62, 29, 34, 0, 0, 19, 8, 64, 45, 91, 100, 100, 5
100, 100, 66, 90, 25, 59, 0, 24, 36, 0, 98, 12, 62, 34, 0, 26, 6
72, 100, 32, 80, 9, 49, 13, 16, 59, 0, 100, 24, 59, 41, 0, 31, 6
27, 100, 28, 96, 0, 64, 3, 37, 88, 43, 100, 68, 94, 33, 100, 0, 4
30, 87, 65, 100, 83, 80, 73, 61, 100, 39, 81, 14, 41, 0, 0, 4, 3
44, 73, 77, 100, 100, 68, 78, 28, 68, 0, 100, 33, 56, 51, 0, 53, 8
0, 28, 22, 49, 58, 74, 92, 100, 100, 90, 78, 59, 55, 29, 46, 0, 1
0, 43, 26, 65, 57, 84, 94, 100, 100, 79, 87, 52, 75, 26, 66, 0, 1
36, 77, 55, 100, 53, 57, 34, 19, 0, 0, 23, 19, 62, 14, 100, 4, 2
47, 82, 83, 100, 100, 67, 67, 33, 28, 0, 1, 14, 0, 41, 78, 35, 7
64, 99, 23, 76, 61, 60, 57, 21, 0, 0, 9, 50, 38, 94, 100, 100, 5
51, 99, 17, 86, 0, 42, 24, 2, 73, 0, 100, 38, 87, 82, 42, 100, 0
2, 98, 80, 100, 100, 75, 56, 39, 26, 0, 5, 1, 0, 28, 80, 29, 7
66, 74, 23, 100, 14, 69, 64, 36, 47, 0, 0, 23, 35, 60, 100, 87, 8
68, 100, 34, 88, 0, 62, 6, 42, 70, 49, 100, 51, 62, 27, 42, 0, 4
57, 99, 1, 100, 39, 80, 64, 95, 78, 58, 100, 22, 59, 0, 0, 5, 9
65, 95, 0, 77, 46, 36, 35, 0, 5, 26, 73, 61, 100, 100, 6, 84, 8
20, 73, 58, 100, 62, 87, 55, 42, 41, 3, 0, 0, 50, 1, 100, 6, 1
68, 77, 77, 100, 100, 87, 65, 66, 81, 44, 98, 21, 52, 7, 0, 0, 3
22, 84, 41, 100, 49, 69, 26, 40, 0, 11, 21, 0, 60, 6, 100, 12, 2
0, 48, 13, 65, 47, 83, 82, 100, 100, 94, 77, 63, 54, 33, 45, 0, 1
7, 96, 0, 61, 13, 22, 61, 0, 100, 30, 98, 69, 59, 100, 13, 86, 0
50, 54, 80, 96, 38, 100, 37, 50, 46, 0, 0, 15, 45, 45, 100, 61, 8
41, 87, 0, 63, 62, 62, 84, 24, 8, 0, 6, 44, 11, 93, 100, 100, 5
100, 100, 77, 94, 47, 71, 23, 43, 14, 12, 50, 0, 42, 20, 0, 29, 6
4, 94, 7, 42, 35, 0, 82, 11, 100, 58, 73, 100, 25, 93, 0, 49, 0
20, 90, 0, 58, 37, 52, 44, 3, 0, 0, 12, 64, 44, 99, 100, 100, 5
0, 95, 49, 100, 83, 77, 72, 38, 60, 0, 42, 4, 49, 28, 100, 29, 7
94, 86, 55, 78, 100, 78, 79, 100, 90, 86, 85, 40, 58, 0, 0, 6, 9
26, 91, 70, 100, 86, 75, 49, 52, 11, 29, 0, 3, 49, 0, 100, 3, 2
0, 79, 39, 85, 100, 100, 95, 92, 80, 69, 73, 46, 63, 23, 59, 0, 1
76, 100, 37, 88, 0, 54, 44, 33, 96, 58, 100, 66, 60, 33, 23, 0, 4
42, 100, 11, 71, 38, 34, 17, 0, 0, 26, 3, 79, 50, 90, 100, 85, 5
9, 93, 0, 54, 12, 15, 62, 0, 99, 29, 100, 70, 64, 100, 26, 78, 0
30, 86, 65, 100, 84, 85, 58, 63, 100, 45, 98, 21, 51, 6, 0, 0, 3
0, 72, 19, 100, 27, 60, 10, 21, 2, 1, 35, 0, 68, 1, 100, 8, 2
48, 92, 29, 62, 92, 100, 16, 67, 0, 38, 36, 0, 100, 43, 10, 41, 8
6, 77, 23, 50, 31, 0, 4, 13, 0, 65, 22, 96, 60, 100, 100, 100, 5
0, 54, 62, 77, 100, 100, 75, 77, 75, 53, 85, 30, 100, 6, 98, 0, 1
96, 74, 47, 54, 0, 72, 25, 100, 82, 89, 100, 57, 84, 25, 41, 0, 9
33, 85, 69, 100, 78, 78, 53, 56, 100, 44, 93, 16, 48, 1, 0, 0, 3
7, 94, 54, 100, 76, 80, 30, 63, 73, 43, 100, 17, 60, 0, 0, 6, 3
67, 100, 35, 79, 17, 48, 24, 15, 70, 0, 100, 21, 45, 21, 0, 3, 6
0, 94, 41, 100, 71, 77, 53, 39, 42, 0, 15, 32, 47, 42, 100, 40, 7
13, 90, 44, 100, 91, 99, 80, 71, 100, 43, 92, 17, 47, 5, 0, 0, 3
20, 100, 21, 84, 0, 52, 37, 42, 100, 46, 97, 63, 81, 31, 71, 0, 4
75, 61, 85, 100, 22, 82, 37, 42, 55, 2, 0, 0, 31, 36, 100, 60, 8
37, 100, 3, 86, 0, 51, 19, 22, 72, 21, 100, 47, 76, 33, 65, 0, 4
100, 100, 65, 90, 32, 67, 5, 40, 0, 8, 40, 0, 36, 27, 0, 20, 6
0, 100, 51, 99, 70, 67, 57, 27, 59, 0, 100, 26, 57, 41, 5, 40, 7
0, 34, 55, 65, 89, 100, 82, 58, 82, 17, 39, 1, 9, 0, 100, 1, 1
82, 100, 30, 90, 0, 59, 0, 25, 45, 0, 100, 15, 71, 40, 10, 33, 6
78, 99, 77, 83, 99, 100, 75, 86, 100, 58, 100, 28, 57, 9, 0, 0, 9
0, 88, 30, 100, 68, 90, 60, 62, 72, 37, 100, 16, 70, 0, 27, 1, 3
0, 76, 66, 74, 100, 100, 28, 88, 3, 59, 76, 69, 74, 40, 59, 0, 9
0, 71, 28, 100, 65, 83, 55, 40, 20, 12, 13, 16, 57, 11, 100, 0, 2
20, 92, 58, 100, 100, 87, 72, 60, 71, 38, 95, 15, 49, 4, 0, 0, 3
18, 98, 64, 100, 93, 80, 68, 58, 100, 36, 92, 8, 47, 0, 0, 2, 3
30, 75, 47, 100, 64, 69, 47, 35, 15, 8, 0, 0, 50, 5, 100, 0, 2
33, 79, 75, 100, 99, 75, 71, 45, 24, 25, 0, 29, 55, 21, 100, 0, 2
94, 100, 52, 78, 24, 50, 13, 21, 47, 0, 100, 15, 53, 30, 0, 18, 6
23, 77, 0, 46, 0, 2, 51, 0, 87, 34, 100, 78, 60, 100, 12, 77, 0
76, 100, 23, 90, 41, 60, 92, 76, 100, 79, 93, 42, 56, 13, 0, 0, 9
13, 78, 38, 100, 41, 68, 24, 36, 0, 10, 33, 3, 68, 0, 100, 3, 2
32, 63, 52, 100, 86, 69, 70, 24, 24, 0, 0, 4, 53, 2, 100, 1, 2
48, 86, 64, 100, 94, 80, 58, 54, 100, 52, 87, 19, 43, 0, 0, 7, 3
51, 100, 35, 74, 10, 49, 0, 22, 54, 12, 100, 32, 90, 25, 69, 0, 4
100, 81, 65, 97, 24, 100, 7, 64, 41, 57, 65, 25, 31, 0, 0, 5, 5
100, 100, 55, 99, 20, 93, 23, 53, 67, 54, 80, 20, 43, 0, 0, 3, 5
73, 97, 35, 54, 100, 84, 44, 100, 75, 71, 92, 60, 62, 0, 0, 9, 9
41, 80, 61, 100, 83, 78, 65, 58, 100, 44, 84, 17, 45, 0, 0, 0, 3
4, 83, 0, 52, 21, 100, 27, 67, 54, 20, 2, 0, 35, 4, 100, 7, 1
42, 100, 41, 78, 18, 51, 0, 23, 60, 24, 94, 41, 89, 27, 100, 0, 4
55, 95, 100, 100, 54, 91, 28, 55, 54, 53, 76, 30, 43, 0, 0, 1, 5
0, 49, 27, 64, 65, 84, 100, 100, 83, 75, 62, 50, 46, 25, 33, 0, 1
100, 87, 9, 100, 0, 67, 74, 37, 94, 0, 21, 15, 60, 56, 93, 94, 8
87, 96, 62, 81, 99, 100, 66, 92, 99, 61, 100, 26, 55, 2, 0, 0, 9
13, 92, 85, 100, 97, 71, 68, 35, 31, 0, 0, 12, 25, 34, 100, 30, 7
51, 71, 53, 100, 87, 83, 69, 43, 34, 11, 0, 6, 50, 14, 100, 0, 2
19, 63, 76, 69, 100, 100, 38, 94, 0, 64, 63, 62, 88, 41, 73, 0, 9
100, 100, 61, 91, 27, 68, 0, 39, 0, 2, 40, 0, 54, 27, 15, 20, 6
0, 76, 70, 100, 100, 79, 60, 40, 25, 0, 8, 1, 12, 38, 100, 47, 7
48, 88, 28, 58, 34, 9, 0, 0, 25, 42, 66, 77, 100, 100, 49, 78, 8
65, 100, 0, 79, 67, 41, 99, 0, 10, 3, 41, 42, 100, 80, 6, 90, 8
0, 90, 38, 100, 87, 93, 90, 56, 77, 16, 64, 0, 50, 29, 100, 28, 7
100, 100, 57, 97, 21, 66, 0, 32, 17, 0, 85, 3, 64, 23, 4, 3, 6
100, 100, 46, 90, 19, 71, 42, 63, 92, 56, 91, 26, 54, 2, 0, 0, 5
21, 85, 1, 41, 23, 1, 75, 0, 100, 39, 78, 83, 31, 100, 0, 64, 0
0, 100, 56, 97, 82, 65, 74, 31, 39, 0, 3, 5, 23, 34, 100, 43, 7
0, 87, 39, 100, 61, 70, 47, 27, 36, 0, 11, 33, 55, 35, 100, 39, 7
22, 89, 69, 100, 82, 76, 61, 49, 100, 36, 93, 10, 42, 0, 0, 8, 3
0, 91, 44, 97, 96, 100, 84, 54, 65, 9, 44, 0, 46, 27, 100, 26, 7
55, 95, 78, 100, 71, 60, 41, 27, 0, 0, 1, 26, 52, 21, 100, 4, 2
0, 42, 40, 63, 78, 86, 100, 100, 71, 75, 43, 50, 16, 24, 0, 0, 1
80, 81, 42, 77, 10, 46, 0, 2, 42, 0, 82, 19, 100, 60, 77, 100, 0
0, 45, 19, 64, 59, 83, 100, 100, 89, 77, 67, 51, 46, 25, 26, 0, 1
73, 99, 37, 100, 62, 73, 89, 91, 99, 51, 100, 13, 52, 0, 0, 1, 9
60, 56, 56, 100, 0, 79, 46, 38, 100, 0, 45, 1, 39, 48, 91, 86, 8
8, 96, 0, 50, 12, 6, 58, 0, 96, 28, 100, 71, 59, 95, 11, 100, 0
0, 27, 23, 44, 63, 72, 100, 100, 86, 88, 50, 60, 22, 30, 9, 0, 1
36, 86, 30, 70, 78, 35, 55, 0, 0, 21, 62, 53, 100, 89, 9, 100, 8
0, 63, 54, 77, 91, 99, 100, 100, 83, 75, 67, 50, 50, 25, 48, 0, 1
65, 67, 72, 100, 1, 75, 32, 37, 61, 0, 0, 4, 32, 44, 100, 74, 8
51, 100, 18, 73, 0, 34, 20, 0, 63, 2, 95, 31, 100, 72, 66, 90, 0
25, 92, 20, 41, 67, 47, 55, 0, 20, 30, 0, 76, 43, 100, 100, 99, 5
39, 81, 58, 100, 83, 67, 70, 30, 33, 0, 0, 8, 50, 23, 100, 3, 2
1, 87, 38, 100, 49, 63, 34, 22, 16, 0, 0, 29, 49, 24, 100, 22, 7
3, 65, 37, 55, 100, 81, 54, 100, 0, 75, 85, 68, 69, 34, 58, 0, 9
96, 100, 55, 66, 0, 37, 18, 37, 100, 42, 95, 72, 64, 36, 39, 0, 4
0, 87, 38, 100, 74, 83, 74, 40, 55, 0, 32, 34, 60, 45, 100, 55, 7
1, 78, 16, 100, 61, 93, 50, 64, 21, 39, 0, 11, 46, 0, 100, 0, 2
16, 100, 0, 68, 20, 26, 53, 0, 92, 11, 100, 54, 72, 86, 33, 96, 0
0, 51, 29, 68, 57, 85, 87, 100, 100, 84, 87, 56, 70, 28, 58, 0, 1
1, 98, 52, 100, 69, 65, 50, 23, 29, 0, 0, 37, 47, 42, 100, 43, 7
66, 100, 30, 87, 8, 56, 0, 21, 31, 0, 75, 17, 100, 47, 89, 79, 0
29, 61, 97, 31, 78, 0, 0, 12, 45, 45, 100, 77, 80, 100, 9, 73, 8
37, 100, 1, 66, 9, 10, 58, 0, 100, 31, 97, 85, 48, 99, 0, 81, 0
27, 100, 41, 75, 0, 48, 43, 47, 84, 56, 100, 68, 93, 31, 82, 0, 4
42, 91, 48, 52, 52, 15, 8, 0, 0, 31, 11, 70, 53, 90, 100, 100, 5
0, 100, 67, 98, 87, 83, 57, 43, 35, 0, 9, 25, 32, 45, 100, 45, 7
73, 100, 12, 90, 0, 55, 65, 61, 100, 71, 99, 32, 65, 0, 3, 6, 9
100, 90, 64, 100, 45, 68, 81, 70, 85, 61, 81, 27, 52, 0, 0, 9, 9
0, 45, 26, 68, 68, 88, 100, 100, 76, 75, 55, 51, 42, 26, 40, 0, 1
0, 78, 16, 100, 51, 74, 42, 37, 10, 8, 21, 18, 65, 0, 100, 19, 2
20, 100, 14, 70, 0, 40, 3, 16, 77, 22, 100, 45, 96, 30, 96, 0, 4
0, 89, 65, 100, 85, 70, 51, 35, 19, 0, 12, 21, 29, 48, 100, 46, 7
71, 100, 44, 63, 0, 38, 57, 43, 100, 52, 82, 80, 66, 41, 60, 0, 4
31, 78, 35, 100, 77, 85, 76, 50, 43, 23, 0, 2, 48, 1, 100, 0, 2
0, 75, 28, 100, 65, 93, 43, 59, 12, 29, 12, 3, 56, 0, 100, 3, 2
0, 67, 43, 74, 78, 91, 100, 100, 95, 74, 87, 49, 84, 23, 96, 0, 1
60, 100, 35, 75, 8, 47, 0, 17, 46, 0, 100, 12, 70, 26, 25, 6, 6
69, 100, 42, 83, 0, 61, 9, 39, 77, 41, 100, 47, 62, 24, 33, 0, 4
0, 86, 35, 100, 89, 89, 68, 63, 58, 46, 100, 25, 71, 2, 8, 0, 3
0, 43, 32, 60, 65, 80, 99, 100, 100, 81, 88, 54, 79, 26, 84, 0, 1
0, 57, 15, 62, 59, 80, 100, 100, 100, 83, 78, 55, 57, 28, 37, 0, 1
100, 100, 61, 96, 33, 73, 11, 48, 0, 21, 24, 0, 59, 15, 17, 22, 6
62, 99, 100, 100, 62, 96, 29, 85, 33, 57, 55, 32, 38, 8, 0, 0, 5
86, 59, 56, 100, 0, 81, 48, 42, 71, 0, 11, 8, 45, 52, 100, 88, 8
100, 100, 53, 91, 16, 58, 0, 20, 49, 0, 99, 24, 64, 56, 5, 53, 6
100, 74, 69, 100, 16, 88, 47, 76, 100, 74, 91, 37, 54, 8, 0, 0, 9
91, 92, 27, 100, 0, 71, 67, 63, 100, 90, 85, 66, 81, 33, 88, 0, 9
0, 92, 49, 100, 100, 95, 93, 70, 93, 44, 99, 18, 51, 7, 0, 0, 3
79, 100, 42, 81, 10, 54, 0, 26, 24, 0, 100, 5, 88, 31, 8, 40, 6
100, 100, 69, 91, 43, 72, 18, 49, 0, 22, 16, 0, 34, 11, 3, 10, 6
0, 85, 22, 100, 53, 83, 45, 55, 21, 31, 15, 6, 57, 1, 100, 0, 2
44, 82, 79, 100, 100, 81, 73, 56, 82, 45, 80, 17, 42, 0, 0, 13, 3
0, 64, 31, 79, 72, 100, 100, 98, 87, 74, 74, 49, 72, 24, 82, 0, 1
26, 89, 13, 44, 29, 1, 72, 0, 100, 36, 85, 79, 45, 100, 0, 92, 0
49, 49, 100, 79, 54, 100, 8, 68, 35, 27, 0, 0, 6, 35, 71, 63, 8
38, 79, 69, 100, 76, 60, 46, 25, 3, 2, 0, 3, 50, 0, 100, 1, 2
0, 83, 26, 100, 45, 80, 27, 52, 6, 27, 29, 10, 65, 5, 100, 0, 2
75, 77, 41, 100, 19, 68, 65, 36, 59, 0, 0, 5, 43, 38, 100, 66, 8
74, 100, 32, 78, 13, 39, 15, 0, 71, 6, 100, 41, 47, 42, 0, 16, 6
0, 40, 37, 61, 68, 85, 98, 100, 100, 75, 95, 50, 85, 24, 80, 0, 1
28, 78, 57, 100, 61, 67, 33, 33, 0, 7, 17, 0, 59, 1, 100, 0, 2
95, 69, 60, 100, 35, 66, 63, 28, 24, 0, 0, 23, 41, 56, 100, 82, 8
2, 79, 48, 100, 77, 83, 60, 53, 100, 28, 83, 0, 23, 1, 0, 30, 3
0, 37, 34, 55, 68, 77, 100, 100, 72, 77, 50, 52, 30, 26, 22, 0, 1
11, 100, 0, 74, 43, 56, 100, 56, 88, 83, 87, 55, 84, 27, 87, 0, 4
34, 91, 0, 98, 42, 100, 83, 94, 100, 71, 86, 46, 62, 23, 46, 0, 7
63, 100, 28, 79, 4, 51, 0, 21, 37, 0, 100, 9, 68, 27, 7, 19, 6
0, 41, 31, 62, 64, 81, 99, 100, 100, 77, 84, 50, 65, 24, 58, 0, 1
52, 76, 72, 100, 100, 81, 71, 52, 94, 35, 97, 6, 48, 0, 0, 5, 3
0, 66, 21, 100, 50, 78, 42, 33, 24, 0, 9, 40, 54, 55, 100, 69, 7
0, 78, 25, 100, 66, 98, 87, 71, 62, 40, 32, 13, 58, 0, 100, 3, 2
1, 66, 0, 25, 39, 0, 84, 8, 100, 53, 75, 95, 32, 100, 12, 59, 0
28, 94, 42, 57, 42, 18, 2, 0, 0, 37, 16, 78, 56, 95, 100, 100, 5
67, 63, 78, 83, 100, 100, 83, 80, 61, 60, 33, 40, 11, 20, 0, 0, 1
0, 49, 53, 74, 95, 100, 88, 94, 74, 65, 72, 37, 82, 9, 100, 0, 1
55, 100, 27, 94, 5, 56, 8, 18, 59, 0, 100, 23, 45, 31, 0, 8, 6
12, 100, 7, 80, 0, 60, 3, 39, 36, 23, 86, 34, 88, 20, 100, 0, 4
24, 96, 84, 99, 100, 100, 25, 93, 28, 57, 93, 36, 73, 0, 0, 1, 5
26, 88, 9, 63, 0, 20, 36, 0, 80, 18, 100, 57, 76, 94, 31, 100, 0
0, 33, 66, 60, 100, 100, 48, 78, 84, 37, 52, 0, 30, 32, 85, 68, 8
50, 89, 66, 100, 82, 73, 50, 54, 100, 48, 93, 17, 47, 0, 0, 3, 3
0, 96, 50, 100, 72, 69, 67, 34, 64, 0, 33, 25, 36, 40, 100, 45, 7
55, 100, 13, 73, 46, 41, 50, 7, 0, 0, 16, 56, 48, 94, 100, 86, 5
96, 100, 55, 79, 68, 64, 100, 89, 99, 57, 84, 25, 46, 1, 0, 0, 9
21, 81, 0, 55, 7, 10, 56, 0, 97, 26, 100, 71, 62, 100, 15, 84, 0
42, 100, 40, 83, 5, 51, 0, 47, 55, 40, 100, 51, 85, 38, 76, 0, 4
72, 97, 23, 80, 0, 37, 22, 0, 76, 18, 100, 61, 79, 100, 24, 93, 0
12, 54, 58, 77, 100, 100, 83, 92, 67, 69, 42, 45, 21, 21, 0, 0, 1
43, 75, 0, 60, 11, 13, 60, 0, 100, 28, 85, 76, 41, 100, 1, 73, 0
14, 86, 52, 100, 60, 76, 41, 55, 100, 52, 98, 27, 60, 8, 0, 0, 3
0, 77, 38, 58, 75, 30, 72, 0, 45, 28, 21, 60, 36, 91, 100, 100, 5
0, 94, 9, 35, 42, 7, 78, 0, 100, 41, 73, 85, 37, 100, 8, 70, 0
47, 73, 61, 100, 100, 83, 79, 52, 96, 38, 90, 6, 43, 0, 0, 17, 3
0, 37, 50, 49, 80, 74, 100, 100, 96, 76, 86, 50, 70, 23, 59, 0, 1
0, 60, 49, 78, 97, 100, 100, 94, 92, 71, 77, 47, 59, 23, 33, 0, 1
100, 100, 56, 92, 22, 66, 0, 34, 8, 0, 56, 0, 71, 29, 25, 40, 6
0, 95, 52, 100, 100, 89, 84, 57, 60, 27, 35, 0, 12, 29, 65, 35, 7
95, 100, 46, 80, 13, 53, 0, 25, 28, 0, 100, 10, 62, 32, 8, 18, 6
0, 90, 22, 62, 79, 45, 56, 0, 22, 40, 4, 93, 25, 99, 100, 100, 5
0, 88, 33, 100, 64, 87, 47, 56, 22, 31, 28, 6, 64, 1, 100, 0, 2
60, 63, 100, 84, 55, 100, 0, 78, 40, 68, 98, 60, 73, 28, 32, 0, 9
72, 100, 27, 81, 0, 47, 6, 9, 56, 0, 100, 19, 63, 30, 16, 14, 6
34, 55, 100, 75, 86, 100, 0, 90, 2, 68, 86, 56, 75, 27, 27, 0, 9
0, 55, 41, 76, 63, 100, 69, 92, 71, 68, 78, 43, 88, 18, 100, 0, 1
5, 100, 10, 71, 33, 71, 33, 80, 48, 37, 40, 0, 0, 4, 100, 6, 1
7, 85, 49, 97, 97, 100, 100, 77, 86, 48, 88, 20, 46, 7, 0, 0, 3
50, 100, 9, 73, 0, 34, 24, 0, 78, 19, 100, 55, 77, 89, 21, 78, 0
26, 90, 75, 74, 70, 100, 0, 85, 83, 80, 100, 52, 61, 20, 9, 0, 9
26, 64, 22, 30, 55, 0, 97, 23, 100, 64, 74, 100, 23, 91, 0, 54, 0
0, 70, 6, 98, 46, 100, 76, 77, 50, 46, 24, 17, 58, 0, 100, 1, 2
39, 100, 0, 80, 2, 49, 67, 40, 100, 64, 60, 63, 31, 32, 14, 0, 4
78, 62, 60, 100, 12, 65, 94, 32, 100, 0, 0, 14, 60, 53, 72, 83, 8
22, 79, 78, 63, 100, 100, 20, 96, 74, 76, 100, 49, 87, 6, 0, 0, 9
100, 88, 62, 100, 23, 85, 0, 54, 4, 18, 39, 0, 58, 26, 18, 32, 6
12, 73, 22, 100, 72, 80, 26, 54, 56, 47, 100, 20, 50, 0, 0, 18, 3
54, 100, 32, 67, 0, 37, 28, 35, 100, 37, 75, 62, 62, 29, 69, 0, 4
17, 100, 79, 92, 100, 76, 72, 44, 49, 10, 24, 0, 0, 31, 71, 33, 7
70, 100, 49, 72, 100, 71, 64, 97, 69, 69, 86, 32, 54, 2, 0, 0, 9
36, 100, 0, 61, 28, 34, 98, 35, 100, 71, 71, 90, 66, 45, 60, 0, 4
15, 55, 0, 35, 15, 1, 54, 0, 88, 19, 100, 53, 80, 85, 45, 100, 0
54, 92, 100, 100, 56, 89, 18, 66, 48, 52, 82, 34, 49, 8, 0, 0, 5
21, 100, 13, 70, 0, 38, 6, 17, 73, 20, 100, 28, 62, 32, 56, 0, 4
0, 97, 41, 100, 59, 52, 45, 0, 17, 9, 5, 45, 52, 44, 100, 39, 7
42, 63, 100, 85, 54, 100, 42, 62, 62, 22, 0, 0, 0, 27, 73, 51, 8
0, 39, 62, 67, 86, 100, 6, 87, 38, 54, 100, 26, 72, 0, 1, 17, 8
0, 78, 36, 100, 68, 72, 70, 35, 56, 0, 27, 21, 39, 50, 100, 57, 7
53, 100, 24, 78, 0, 56, 36, 41, 100, 55, 91, 44, 59, 23, 37, 0, 4
0, 91, 38, 100, 81, 91, 67, 62, 100, 40, 98, 16, 51, 5, 0, 0, 3
0, 67, 39, 83, 80, 100, 100, 93, 96, 70, 93, 46, 91, 23, 89, 0, 1
35, 77, 44, 100, 100, 99, 71, 69, 80, 39, 90, 7, 33, 0, 0, 24, 3
51, 79, 78, 100, 100, 79, 67, 53, 96, 42, 96, 13, 49, 0, 0, 11, 3
57, 100, 0, 83, 48, 72, 100, 93, 89, 74, 67, 47, 48, 21, 56, 0, 9
100, 98, 58, 100, 23, 90, 32, 60, 72, 57, 69, 19, 33, 0, 0, 14, 5
14, 76, 49, 100, 90, 84, 73, 52, 68, 39, 100, 17, 54, 0, 0, 8, 3
0, 94, 50, 100, 68, 71, 59, 35, 45, 0, 18, 27, 47, 40, 100, 39, 7
0, 100, 60, 97, 100, 73, 82, 36, 64, 0, 88, 15, 89, 38, 23, 40, 7
41, 69, 78, 60, 100, 100, 37, 97, 57, 69, 89, 54, 66, 7, 0, 0, 9
100, 88, 32, 100, 0, 64, 55, 31, 40, 0, 5, 30, 55, 66, 91, 98, 8
0, 90, 38, 100, 77, 95, 68, 69, 87, 50, 100, 19, 70, 0, 32, 6, 3
55, 100, 16, 79, 0, 39, 5, 0, 61, 1, 100, 31, 67, 61, 5, 67, 0
21, 87, 49, 100, 96, 87, 53, 63, 65, 48, 100, 21, 55, 0, 0, 5, 3
11, 100, 0, 86, 2, 66, 26, 47, 81, 44, 100, 40, 83, 20, 79, 0, 4
4, 73, 44, 100, 83, 81, 55, 43, 12, 15, 0, 22, 52, 20, 100, 0, 2
0, 100, 53, 99, 66, 67, 59, 33, 53, 0, 36, 18, 38, 42, 100, 42, 7
58, 50, 88, 84, 100, 100, 84, 60, 80, 19, 40, 0, 0, 4, 64, 5, 1
16, 95, 39, 100, 67, 82, 48, 57, 87, 36, 100, 12, 49, 0, 0, 3, 3
23, 69, 60, 33, 48, 0, 0, 19, 48, 50, 100, 81, 68, 100, 17, 71, 8
35, 94, 0, 66, 51, 54, 48, 13, 1, 0, 17, 47, 35, 94, 100, 100, 5
12, 74, 66, 73, 100, 100, 39, 96, 0, 68, 62, 70, 49, 40, 27, 0, 9
46, 100, 19, 77, 0, 49, 0, 20, 42, 0, 100, 7, 77, 28, 27, 17, 6
26, 77, 49, 100, 100, 94, 76, 67, 73, 43, 94, 16, 51, 0, 0, 13, 3
53, 100, 33, 71, 0, 44, 14, 43, 68, 37, 100, 58, 85, 33, 83, 0, 4
14, 63, 1, 32, 34, 0, 78, 4, 100, 47, 79, 92, 37, 100, 0, 71, 0
51, 100, 24, 83, 6, 54, 0, 25, 31, 0, 100, 15, 57, 32, 10, 11, 6
44, 97, 13, 100, 56, 87, 61, 95, 92, 58, 100, 14, 53, 0, 0, 4, 9
93, 71, 0, 76, 15, 92, 95, 100, 100, 75, 93, 50, 88, 25, 83, 0, 9
50, 100, 18, 76, 2, 48, 0, 20, 40, 0, 100, 7, 68, 28, 0, 27, 6
0, 73, 30, 100, 62, 86, 46, 48, 13, 22, 21, 21, 58, 4, 100, 0, 2
24, 61, 63, 80, 100, 100, 100, 90, 79, 67, 55, 44, 26, 22, 0, 0, 1
64, 100, 19, 66, 0, 24, 64, 19, 100, 45, 98, 88, 78, 46, 69, 0, 4
0, 0, 39, 9, 74, 28, 95, 52, 100, 79, 73, 100, 42, 85, 77, 67, 9
20, 65, 43, 94, 76, 100, 58, 64, 44, 27, 0, 1, 18, 4, 100, 0, 1
60, 86, 55, 71, 0, 71, 42, 97, 100, 100, 96, 64, 62, 31, 38, 0, 9
62, 100, 38, 71, 0, 46, 6, 41, 58, 33, 100, 52, 83, 34, 72, 0, 4
73, 100, 22, 62, 0, 0, 65, 14, 100, 73, 42, 82, 51, 65, 41, 37, 0
81, 100, 46, 75, 19, 49, 0, 22, 29, 0, 100, 10, 97, 33, 20, 32, 6
0, 57, 14, 91, 50, 100, 55, 66, 37, 32, 24, 0, 62, 6, 100, 15, 2
92, 76, 28, 67, 3, 100, 58, 98, 77, 61, 100, 24, 80, 0, 0, 8, 9
0, 100, 21, 73, 50, 52, 84, 67, 100, 100, 89, 69, 88, 35, 86, 0, 4
87, 75, 29, 75, 0, 89, 55, 100, 100, 84, 90, 54, 63, 26, 31, 0, 9
30, 100, 25, 82, 0, 48, 11, 38, 64, 45, 100, 54, 91, 37, 85, 0, 4
0, 71, 40, 91, 85, 100, 92, 75, 68, 48, 100, 22, 70, 3, 22, 0, 3
24, 73, 85, 63, 100, 24, 35, 0, 18, 33, 66, 67, 79, 100, 0, 88, 8
100, 100, 50, 100, 34, 60, 69, 25, 43, 0, 0, 18, 27, 58, 65, 92, 8
49, 100, 57, 55, 40, 9, 0, 0, 44, 40, 100, 77, 77, 100, 14, 69, 8
80, 100, 28, 96, 0, 20, 52, 0, 100, 65, 61, 94, 57, 68, 32, 30, 0
66, 98, 55, 70, 98, 68, 100, 100, 57, 92, 33, 62, 16, 31, 0, 0, 0
78, 70, 100, 100, 53, 91, 59, 75, 92, 86, 63, 57, 32, 28, 0, 0, 9
33, 89, 63, 100, 58, 50, 35, 10, 0, 9, 31, 27, 65, 4, 100, 0, 2
0, 99, 40, 100, 66, 66, 58, 24, 38, 0, 11, 37, 42, 51, 100, 53, 7
0, 67, 47, 91, 78, 100, 64, 59, 49, 18, 2, 0, 37, 4, 100, 5, 1
3, 100, 0, 58, 40, 98, 20, 85, 28, 35, 2, 3, 2, 0, 100, 4, 1
53, 67, 40, 56, 100, 71, 61, 100, 42, 50, 89, 74, 68, 19, 0, 0, 9
2, 100, 96, 97, 76, 67, 65, 33, 59, 0, 35, 9, 0, 37, 100, 37, 7
46, 95, 87, 100, 92, 56, 59, 20, 15, 0, 0, 12, 50, 14, 100, 11, 2
82, 83, 39, 100, 10, 64, 71, 33, 72, 0, 0, 10, 42, 48, 100, 82, 8
0, 78, 36, 100, 81, 87, 62, 57, 84, 51, 100, 18, 57, 0, 12, 13, 3
51, 65, 59, 100, 0, 72, 63, 37, 100, 1, 4, 0, 15, 37, 99, 62, 8
20, 100, 10, 69, 0, 38, 38, 23, 94, 30, 100, 60, 81, 30, 72, 0, 4
0, 80, 35, 84, 84, 100, 100, 89, 82, 67, 63, 44, 41, 22, 22, 0, 1
68, 90, 62, 80, 100, 34, 54, 0, 0, 21, 55, 58, 97, 100, 29, 96, 8
97, 94, 58, 100, 30, 76, 67, 58, 100, 35, 84, 4, 37, 0, 0, 15, 5
17, 83, 62, 73, 100, 99, 14, 100, 47, 79, 98, 56, 56, 26, 0, 0, 9
0, 83, 50, 100, 92, 75, 66, 38, 36, 0, 34, 6, 28, 34, 100, 36, 7
78, 100, 34, 79, 9, 52, 0, 24, 29, 0, 100, 7, 76, 23, 13, 9, 6
100, 82, 75, 100, 54, 76, 82, 86, 69, 55, 60, 23, 35, 0, 0, 4, 9
53, 100, 23, 75, 3, 48, 0, 20, 41, 0, 100, 6, 67, 25, 8, 16, 6
99, 100, 76, 84, 40, 56, 14, 24, 46, 0, 100, 13, 57, 31, 0, 23, 6
35, 100, 25, 77, 0, 49, 35, 34, 98, 31, 100, 56, 82, 27, 66, 0, 4
0, 100, 62, 89, 71, 59, 54, 29, 40, 0, 2, 20, 5, 42, 100, 49, 7
100, 100, 62, 90, 56, 75, 38, 60, 25, 45, 12, 30, 0, 15, 0, 0, 1
0, 67, 30, 79, 83, 98, 100, 100, 85, 75, 70, 50, 55, 25, 40, 0, 1
77, 100, 42, 79, 14, 57, 0, 33, 16, 9, 77, 0, 100, 17, 42, 21, 6
0, 55, 37, 75, 80, 94, 100, 100, 80, 76, 63, 51, 47, 25, 39, 0, 1
20, 72, 51, 100, 60, 69, 40, 35, 12, 4, 0, 12, 49, 9, 100, 0, 2
0, 79, 6, 64, 41, 51, 84, 21, 23, 0, 16, 51, 25, 100, 100, 94, 5
57, 100, 20, 77, 0, 49, 2, 19, 46, 0, 100, 13, 83, 38, 35, 26, 6
70, 100, 2, 50, 15, 1, 100, 36, 70, 79, 36, 56, 67, 51, 0, 0, 0
60, 100, 25, 76, 1, 49, 0, 21, 42, 0, 100, 7, 62, 18, 5, 6, 6
18, 84, 15, 44, 39, 4, 83, 0, 100, 43, 83, 84, 37, 100, 0, 71, 0
100, 100, 76, 78, 53, 57, 33, 35, 24, 12, 59, 0, 53, 19, 0, 21, 6
0, 78, 28, 100, 58, 88, 45, 56, 24, 28, 12, 1, 55, 0, 100, 2, 2
0, 100, 7, 91, 4, 70, 7, 47, 30, 31, 74, 41, 80, 20, 100, 0, 4
74, 100, 40, 85, 0, 62, 36, 40, 88, 49, 100, 57, 70, 30, 51, 0, 4
35, 78, 92, 100, 100, 96, 85, 68, 88, 40, 79, 13, 0, 0, 27, 4, 1
80, 84, 11, 100, 19, 64, 100, 35, 88, 0, 0, 15, 42, 52, 99, 88, 8
0, 72, 29, 100, 61, 82, 59, 34, 47, 0, 24, 40, 62, 49, 100, 64, 7
48, 89, 100, 100, 62, 92, 23, 66, 58, 55, 92, 36, 51, 13, 0, 0, 5
51, 86, 45, 100, 9, 51, 13, 0, 69, 22, 100, 71, 54, 95, 0, 68, 0
49, 82, 6, 100, 0, 65, 19, 27, 15, 0, 8, 38, 48, 62, 100, 68, 8
0, 59, 3, 18, 39, 0, 78, 18, 100, 54, 90, 92, 49, 100, 17, 75, 0
41, 78, 68, 100, 78, 83, 70, 57, 100, 34, 82, 5, 41, 0, 0, 9, 3
43, 93, 86, 100, 100, 74, 61, 52, 55, 36, 98, 19, 56, 0, 0, 0, 3
8, 97, 74, 100, 100, 79, 71, 40, 38, 3, 5, 0, 0, 28, 68, 31, 7
0, 98, 30, 100, 66, 98, 100, 93, 76, 71, 56, 46, 47, 17, 43, 0, 7
67, 100, 29, 73, 0, 38, 9, 0, 78, 10, 100, 47, 41, 37, 10, 2, 6
47, 100, 3, 99, 14, 80, 43, 82, 72, 50, 100, 17, 58, 0, 0, 12, 9
13, 57, 3, 18, 40, 0, 81, 28, 100, 66, 81, 100, 31, 85, 0, 54, 0
0, 75, 24, 100, 64, 95, 57, 66, 96, 50, 100, 19, 64, 0, 22, 3, 3
12, 54, 21, 11, 62, 0, 99, 23, 100, 68, 71, 100, 27, 100, 0, 67, 0
40, 92, 74, 99, 100, 100, 66, 92, 33, 80, 30, 39, 32, 0, 0, 0, 5
69, 100, 21, 76, 0, 36, 25, 0, 76, 21, 100, 60, 78, 97, 26, 80, 0
7, 100, 8, 75, 0, 45, 13, 23, 64, 26, 70, 36, 84, 28, 100, 0, 4
4, 85, 18, 63, 74, 47, 47, 0, 9, 16, 0, 70, 34, 95, 100, 100, 5
10, 89, 32, 98, 36, 100, 0, 68, 31, 49, 100, 29, 60, 0, 1, 15, 5
33, 74, 71, 100, 60, 71, 47, 30, 26, 0, 0, 3, 50, 2, 100, 4, 1
2, 58, 0, 22, 48, 0, 100, 24, 100, 71, 53, 100, 6, 76, 22, 31, 0
28, 100, 11, 66, 0, 33, 50, 38, 100, 42, 75, 71, 57, 39, 50, 0, 4
64, 81, 7, 82, 54, 74, 100, 100, 4, 87, 82, 61, 55, 29, 0, 0, 9
3, 83, 47, 67, 51, 25, 0, 0, 11, 37, 65, 69, 100, 100, 21, 92, 8
90, 100, 0, 96, 8, 65, 83, 83, 100, 96, 85, 64, 75, 32, 81, 0, 9
0, 94, 26, 100, 79, 96, 100, 67, 81, 33, 57, 0, 18, 20, 63, 34, 7
39, 96, 24, 66, 100, 94, 19, 100, 30, 76, 95, 69, 70, 28, 0, 0, 9
45, 100, 26, 70, 0, 34, 21, 26, 82, 25, 100, 59, 82, 41, 78, 0, 4
61, 100, 29, 76, 4, 52, 0, 28, 46, 8, 100, 29, 71, 23, 82, 0, 4
51, 99, 28, 60, 40, 9, 79, 0, 100, 44, 81, 90, 40, 100, 0, 87, 0
0, 37, 17, 0, 66, 1, 100, 31, 96, 71, 59, 100, 12, 98, 9, 59, 0
83, 100, 72, 85, 28, 56, 0, 22, 51, 0, 100, 16, 46, 37, 29, 11, 6
52, 100, 48, 66, 91, 45, 48, 10, 0, 0, 20, 49, 39, 98, 100, 100, 5
0, 57, 51, 68, 85, 92, 100, 100, 85, 73, 73, 46, 64, 18, 63, 0, 1
92, 100, 50, 79, 20, 56, 0, 34, 56, 22, 100, 41, 66, 23, 50, 0, 4
0, 92, 31, 97, 96, 100, 100, 74, 72, 37, 57, 0, 18, 33, 73, 37, 7
54, 90, 22, 65, 100, 77, 48, 100, 14, 49, 0, 0, 73, 16, 44, 66, 8
9, 70, 32, 100, 59, 78, 36, 43, 0, 15, 6, 10, 52, 1, 100, 0, 2
0, 100, 19, 90, 8, 60, 1, 29, 53, 24, 95, 43, 96, 30, 100, 0, 4
78, 100, 33, 80, 0, 57, 69, 56, 100, 68, 70, 75, 43, 38, 16, 0, 4
0, 81, 43, 80, 100, 100, 86, 86, 57, 65, 36, 43, 21, 21, 18, 0, 1
56, 68, 100, 95, 46, 100, 0, 74, 48, 70, 99, 62, 74, 30, 40, 0, 9
41, 100, 0, 82, 18, 50, 81, 39, 100, 58, 68, 65, 37, 33, 13, 0, 4
0, 95, 40, 100, 59, 80, 32, 56, 5, 32, 14, 7, 57, 0, 100, 1, 2
100, 93, 34, 100, 0, 73, 64, 71, 87, 94, 74, 62, 64, 31, 62, 0, 9
100, 100, 61, 99, 24, 66, 0, 31, 22, 0, 93, 13, 70, 33, 3, 18, 6
62, 100, 15, 83, 3, 62, 0, 40, 79, 34, 100, 43, 79, 22, 88, 0, 4
0, 87, 26, 100, 95, 82, 88, 41, 63, 0, 27, 11, 15, 40, 100, 43, 7
0, 48, 30, 66, 72, 87, 100, 100, 73, 75, 47, 50, 22, 25, 0, 0, 1
88, 85, 100, 100, 60, 75, 26, 48, 0, 19, 34, 0, 80, 18, 30, 30, 6
0, 0, 32, 13, 77, 36, 100, 65, 92, 94, 32, 100, 7, 75, 66, 63, 9
91, 90, 31, 100, 0, 65, 57, 32, 84, 0, 15, 14, 44, 57, 100, 83, 8
33, 66, 50, 100, 58, 57, 36, 18, 0, 0, 21, 17, 61, 13, 100, 4, 2
7, 59, 0, 25, 35, 0, 76, 0, 100, 35, 80, 76, 44, 100, 5, 88, 0
100, 100, 51, 87, 18, 60, 0, 29, 20, 0, 71, 2, 58, 28, 8, 17, 6
100, 100, 47, 91, 11, 59, 0, 22, 49, 4, 97, 25, 38, 29, 17, 0, 6
0, 33, 26, 45, 51, 63, 75, 82, 100, 100, 89, 66, 74, 34, 71, 0, 1
0, 70, 19, 100, 65, 79, 59, 40, 12, 17, 3, 15, 59, 6, 100, 0, 2
30, 100, 17, 87, 0, 52, 38, 28, 99, 34, 100, 71, 85, 36, 78, 0, 4
0, 92, 55, 100, 68, 67, 55, 32, 42, 0, 2, 28, 35, 44, 100, 50, 7
60, 100, 19, 81, 0, 44, 14, 7, 62, 0, 97, 27, 100, 66, 62, 86, 0
43, 100, 25, 88, 0, 58, 23, 34, 93, 53, 100, 53, 75, 24, 68, 0, 4
37, 83, 77, 100, 14, 95, 2, 68, 52, 46, 100, 23, 58, 0, 0, 0, 5
96, 100, 70, 100, 35, 80, 57, 60, 100, 46, 90, 13, 46, 0, 0, 8, 5
29, 88, 64, 100, 55, 73, 29, 50, 0, 26, 0, 2, 50, 0, 100, 3, 2
0, 43, 33, 62, 70, 80, 100, 100, 80, 78, 66, 52, 58, 26, 58, 0, 1
33, 62, 50, 100, 65, 60, 39, 18, 0, 0, 17, 23, 59, 13, 100, 8, 2
59, 100, 12, 74, 0, 32, 31, 0, 84, 21, 100, 60, 69, 96, 16, 86, 0
27, 84, 56, 100, 100, 90, 80, 65, 86, 36, 90, 5, 46, 0, 0, 4, 3
42, 88, 49, 100, 60, 58, 37, 20, 0, 28, 46, 15, 89, 0, 100, 40, 2
36, 90, 77, 100, 100, 88, 66, 68, 47, 49, 73, 27, 42, 6, 0, 0, 3
0, 43, 62, 61, 83, 86, 88, 100, 92, 75, 94, 50, 98, 25, 100, 0, 1
9, 93, 41, 100, 59, 59, 41, 16, 11, 0, 0, 37, 50, 34, 100, 25, 7
31, 100, 17, 75, 0, 44, 2, 15, 60, 20, 100, 43, 80, 31, 80, 0, 4
0, 100, 7, 77, 10, 45, 66, 34, 100, 57, 96, 63, 79, 31, 75, 0, 4
46, 100, 28, 98, 7, 64, 13, 29, 55, 6, 100, 15, 46, 17, 0, 0, 6
100, 100, 60, 92, 20, 63, 0, 30, 24, 0, 83, 11, 69, 41, 5, 49, 6
0, 30, 38, 51, 69, 76, 100, 100, 87, 80, 66, 54, 50, 27, 41, 0, 1
56, 95, 42, 62, 38, 17, 0, 0, 27, 38, 64, 69, 100, 100, 53, 94, 8
34, 58, 45, 100, 54, 60, 35, 18, 0, 0, 22, 17, 61, 8, 100, 9, 2
0, 5, 53, 33, 90, 65, 100, 98, 83, 100, 73, 67, 73, 33, 77, 0, 1
66, 76, 78, 49, 100, 88, 50, 100, 70, 66, 86, 45, 60, 0, 0, 6, 9
77, 95, 33, 100, 0, 64, 0, 20, 50, 0, 100, 21, 57, 35, 19, 3, 6
33, 79, 83, 99, 100, 100, 47, 84, 0, 62, 22, 38, 53, 14, 1, 0, 5
100, 100, 54, 97, 14, 67, 0, 32, 28, 0, 91, 4, 84, 35, 15, 47, 6
30, 99, 0, 60, 61, 43, 52, 0, 15, 4, 15, 53, 35, 94, 100, 100, 5
56, 86, 99, 100, 100, 96, 54, 87, 20, 73, 45, 46, 42, 16, 0, 0, 5
29, 50, 0, 15, 40, 0, 83, 22, 100, 65, 70, 100, 24, 95, 15, 50, 0
0, 100, 11, 91, 2, 60, 47, 47, 100, 62, 72, 57, 46, 29, 26, 0, 4
40, 100, 12, 76, 0, 33, 30, 0, 82, 1, 100, 39, 75, 78, 30, 100, 0
59, 100, 31, 75, 0, 43, 30, 45, 93, 41, 100, 59, 83, 36, 82, 0, 4
16, 93, 35, 70, 100, 86, 26, 100, 46, 86, 86, 72, 52, 32, 0, 0, 9
10, 71, 44, 100, 67, 76, 52, 37, 24, 4, 0, 5, 49, 9, 100, 0, 2
100, 87, 70, 100, 50, 66, 69, 28, 35, 0, 0, 17, 44, 46, 92, 72, 8
16, 78, 41, 100, 89, 84, 38, 61, 29, 41, 100, 25, 84, 2, 0, 0, 3
100, 100, 82, 90, 51, 62, 26, 32, 12, 0, 56, 6, 46, 26, 0, 12, 6
0, 84, 37, 100, 82, 96, 85, 67, 59, 41, 31, 15, 51, 0, 100, 2, 2
26, 100, 0, 75, 2, 47, 61, 41, 100, 63, 93, 56, 84, 27, 75, 0, 4
0, 93, 51, 100, 100, 89, 99, 59, 80, 28, 54, 0, 26, 27, 51, 45, 7
2, 73, 10, 98, 73, 100, 60, 73, 70, 44, 100, 15, 47, 2, 0, 0, 3
0, 82, 24, 100, 53, 84, 46, 51, 25, 23, 32, 0, 66, 1, 100, 4, 2
6, 76, 22, 100, 55, 78, 36, 42, 0, 16, 7, 9, 54, 7, 100, 0, 2
20, 92, 10, 51, 68, 47, 45, 0, 2, 9, 0, 67, 39, 97, 100, 100, 5
23, 76, 0, 42, 17, 4, 68, 0, 100, 32, 99, 72, 62, 100, 12, 90, 0
0, 80, 58, 100, 100, 81, 62, 44, 26, 5, 30, 0, 8, 35, 75, 34, 7
5, 81, 45, 100, 71, 77, 48, 38, 16, 6, 0, 3, 50, 8, 100, 0, 2
22, 66, 47, 100, 66, 68, 38, 28, 0, 1, 7, 2, 53, 2, 100, 0, 2
33, 100, 0, 71, 86, 75, 38, 96, 38, 73, 100, 71, 62, 32, 6, 0, 9
22, 96, 34, 66, 91, 40, 56, 0, 0, 4, 6, 58, 31, 94, 100, 100, 5
96, 90, 2, 68, 78, 32, 85, 0, 15, 26, 72, 67, 100, 100, 0, 71, 8
0, 79, 35, 100, 74, 91, 52, 58, 19, 30, 13, 4, 58, 0, 100, 3, 2
61, 92, 100, 100, 100, 94, 62, 83, 30, 60, 49, 27, 36, 0, 0, 6, 5
29, 88, 90, 100, 69, 95, 12, 74, 35, 58, 100, 47, 64, 17, 0, 0, 5
56, 100, 39, 68, 70, 27, 29, 0, 0, 33, 62, 60, 100, 90, 30, 95, 8
65, 72, 24, 45, 21, 0, 69, 8, 100, 47, 90, 93, 42, 100, 0, 75, 0
15, 89, 0, 68, 87, 69, 86, 25, 21, 0, 4, 45, 8, 86, 100, 100, 5
33, 73, 66, 88, 100, 100, 79, 80, 58, 60, 36, 41, 16, 20, 0, 0, 1
100, 100, 53, 77, 18, 50, 0, 19, 42, 0, 97, 16, 68, 40, 11, 35, 6
32, 68, 0, 100, 38, 71, 100, 37, 75, 0, 13, 18, 35, 59, 90, 95, 8
0, 56, 39, 72, 71, 93, 100, 100, 88, 75, 75, 50, 63, 25, 58, 0, 1
11, 23, 44, 0, 87, 15, 100, 50, 83, 84, 41, 100, 0, 80, 2, 46, 0
55, 100, 33, 79, 14, 55, 0, 30, 57, 24, 100, 46, 64, 25, 67, 0, 4
3, 95, 0, 47, 13, 2, 60, 0, 98, 28, 100, 74, 62, 100, 18, 92, 0
100, 100, 69, 83, 36, 62, 11, 38, 0, 12, 39, 0, 70, 18, 26, 26, 6
35, 100, 8, 73, 0, 39, 58, 24, 100, 44, 100, 67, 79, 34, 71, 0, 4
4, 70, 0, 27, 34, 0, 70, 1, 100, 34, 90, 86, 55, 100, 20, 83, 0
57, 89, 0, 100, 1, 68, 43, 34, 30, 0, 1, 31, 41, 65, 100, 86, 8
0, 96, 41, 100, 61, 68, 47, 31, 31, 0, 12, 36, 46, 48, 100, 47, 7
42, 99, 55, 61, 71, 24, 18, 0, 0, 30, 64, 61, 100, 94, 9, 100, 8
18, 90, 11, 43, 34, 0, 87, 20, 100, 67, 57, 100, 10, 73, 0, 24, 0
34, 85, 64, 100, 90, 82, 60, 56, 100, 38, 92, 11, 44, 0, 0, 13, 3
0, 66, 35, 100, 45, 92, 41, 38, 22, 1, 5, 0, 53, 3, 100, 6, 1
24, 88, 59, 100, 100, 91, 89, 64, 61, 42, 28, 22, 0, 0, 47, 2, 2
17, 63, 6, 20, 51, 0, 95, 28, 100, 72, 55, 100, 0, 91, 0, 52, 0
0, 78, 29, 100, 94, 86, 70, 48, 42, 11, 32, 0, 25, 36, 100, 40, 7
68, 100, 6, 88, 47, 75, 87, 82, 85, 56, 100, 29, 75, 6, 0, 0, 9
100, 100, 79, 80, 54, 59, 32, 38, 21, 16, 50, 0, 79, 16, 0, 16, 6
5, 97, 9, 61, 37, 25, 0, 0, 7, 32, 56, 64, 100, 96, 37, 100, 8
21, 87, 33, 52, 62, 13, 5, 0, 0, 36, 74, 66, 100, 100, 5, 89, 8
29, 97, 0, 57, 22, 10, 68, 0, 100, 40, 83, 90, 37, 100, 12, 57, 0
53, 67, 80, 44, 67, 7, 0, 0, 35, 36, 83, 68, 100, 100, 25, 80, 8
88, 100, 29, 100, 30, 74, 85, 83, 100, 67, 97, 27, 57, 0, 0, 5, 9
61, 100, 24, 88, 21, 49, 26, 9, 0, 0, 7, 37, 51, 60, 100, 78, 8
9, 88, 22, 100, 26, 65, 16, 31, 0, 5, 33, 1, 66, 0, 100, 3, 2
26, 94, 0, 61, 6, 16, 47, 0, 91, 17, 100, 60, 71, 95, 27, 100, 0
34, 100, 14, 83, 2, 66, 0, 48, 23, 34, 65, 30, 91, 17, 100, 0, 4
49, 100, 7, 83, 0, 54, 100, 60, 72, 82, 51, 86, 59, 36, 68, 0, 4
62, 81, 100, 100, 84, 91, 40, 76, 67, 64, 83, 26, 46, 0, 0, 9, 5
100, 65, 92, 100, 39, 93, 9, 62, 0, 27, 31, 0, 60, 26, 19, 28, 6
86, 100, 46, 83, 17, 56, 0, 28, 17, 1, 92, 0, 100, 21, 22, 16, 6
14, 93, 0, 54, 52, 31, 24, 0, 2, 29, 4, 78, 44, 96, 100, 100, 5
18, 73, 62, 100, 53, 85, 53, 53, 52, 20, 0, 0, 8, 6, 100, 6, 1
0, 84, 3, 73, 30, 98, 100, 100, 90, 79, 73, 48, 61, 16, 59, 0, 7
24, 96, 0, 61, 7, 16, 43, 0, 82, 11, 100, 48, 78, 86, 39, 100, 0
20, 57, 0, 20, 40, 0, 83, 23, 100, 62, 87, 100, 40, 88, 11, 53, 0
83, 74, 74, 100, 42, 73, 51, 36, 46, 0, 0, 12, 35, 41, 100, 54, 8
0, 77, 34, 100, 82, 97, 72, 64, 39, 36, 4, 10, 48, 1, 100, 0, 2
0, 87, 27, 100, 55, 87, 68, 68, 82, 50, 100, 32, 100, 13, 73, 0, 3
75, 100, 31, 92, 1, 55, 0, 10, 46, 0, 84, 31, 100, 73, 68, 99, 0
0, 73, 40, 98, 58, 100, 55, 64, 58, 27, 24, 3, 43, 0, 100, 4, 1
100, 75, 62, 62, 54, 95, 93, 100, 98, 63, 81, 28, 46, 0, 0, 1, 9
19, 90, 2, 64, 15, 24, 62, 0, 100, 30, 97, 71, 55, 100, 0, 92, 0
96, 100, 51, 76, 17, 50, 0, 20, 41, 0, 100, 16, 73, 39, 4, 33, 6
100, 100, 64, 78, 33, 56, 13, 32, 3, 8, 54, 0, 54, 17, 0, 9, 6
100, 93, 38, 100, 21, 67, 85, 34, 62, 0, 0, 20, 50, 57, 88, 93, 8
95, 75, 42, 100, 14, 74, 80, 39, 73, 0, 0, 20, 47, 59, 100, 84, 8
79, 89, 100, 100, 79, 83, 57, 67, 36, 50, 18, 34, 7, 17, 0, 0, 1
11, 64, 23, 100, 52, 84, 34, 45, 5, 10, 0, 0, 50, 3, 100, 5, 2
0, 99, 54, 100, 78, 72, 73, 39, 71, 6, 48, 0, 45, 14, 100, 16, 7
28, 86, 38, 57, 91, 37, 57, 1, 0, 0, 8, 62, 42, 98, 100, 100, 5
11, 100, 8, 63, 44, 36, 37, 0, 0, 21, 1, 59, 46, 84, 100, 91, 5
0, 97, 51, 100, 65, 88, 46, 44, 42, 0, 9, 29, 40, 34, 100, 40, 7
100, 81, 54, 100, 0, 72, 43, 36, 66, 0, 26, 24, 67, 61, 95, 91, 8
14, 85, 54, 100, 100, 96, 72, 72, 87, 41, 92, 10, 47, 0, 0, 3, 3
25, 70, 40, 100, 68, 81, 47, 46, 18, 14, 0, 0, 53, 3, 100, 12, 2
0, 88, 45, 100, 81, 79, 80, 43, 72, 7, 58, 0, 47, 23, 100, 24, 7
0, 91, 25, 63, 86, 33, 75, 0, 14, 11, 53, 43, 100, 75, 75, 100, 8
78, 75, 51, 100, 8, 75, 47, 58, 85, 60, 100, 20, 64, 0, 0, 1, 9
7, 92, 47, 58, 76, 23, 13, 0, 22, 35, 78, 67, 100, 100, 0, 86, 8
22, 100, 19, 84, 0, 49, 40, 39, 97, 41, 90, 69, 93, 31, 100, 0, 4
23, 68, 46, 100, 46, 85, 47, 48, 43, 12, 0, 0, 54, 4, 100, 2, 1
0, 96, 51, 100, 100, 96, 70, 63, 49, 27, 32, 0, 16, 36, 69, 51, 7
76, 54, 73, 95, 27, 100, 0, 60, 8, 15, 53, 0, 91, 29, 100, 72, 0
51, 82, 100, 100, 54, 76, 0, 54, 8, 32, 84, 45, 49, 25, 27, 0, 4
6, 65, 0, 92, 48, 100, 100, 97, 74, 73, 47, 49, 25, 24, 32, 0, 7
100, 100, 77, 99, 42, 76, 16, 50, 0, 20, 28, 0, 65, 17, 25, 30, 6
71, 100, 35, 82, 0, 62, 45, 51, 100, 49, 82, 43, 52, 21, 25, 0, 4
0, 54, 30, 84, 54, 100, 53, 64, 46, 27, 5, 0, 41, 0, 100, 4, 1
100, 100, 46, 84, 76, 42, 74, 0, 0, 14, 26, 56, 81, 92, 51, 99, 8
44, 86, 90, 86, 60, 100, 61, 82, 100, 58, 94, 20, 49, 4, 0, 0, 9
0, 73, 7, 84, 63, 100, 100, 98, 88, 73, 80, 49, 74, 24, 77, 0, 1
38, 70, 61, 100, 91, 86, 72, 53, 39, 24, 0, 0, 47, 12, 100, 11, 2
100, 100, 54, 77, 20, 49, 0, 19, 41, 0, 100, 11, 76, 38, 11, 35, 6
65, 80, 59, 100, 2, 75, 73, 45, 100, 10, 0, 0, 8, 33, 78, 63, 8
22, 100, 0, 75, 5, 49, 61, 47, 100, 68, 86, 52, 70, 26, 69, 0, 4
100, 100, 71, 77, 49, 52, 29, 29, 22, 4, 58, 0, 44, 19, 0, 7, 6
28, 98, 77, 100, 89, 65, 67, 27, 35, 0, 0, 17, 48, 29, 100, 30, 7
54, 100, 14, 71, 0, 38, 68, 33, 100, 47, 61, 76, 50, 38, 54, 0, 4
89, 100, 52, 72, 0, 46, 10, 33, 100, 35, 99, 60, 89, 31, 85, 0, 4
22, 86, 74, 100, 96, 72, 67, 42, 100, 42, 98, 12, 30, 0, 0, 19, 3
26, 100, 0, 60, 5, 16, 50, 0, 93, 25, 100, 67, 52, 75, 13, 48, 0
43, 72, 0, 89, 46, 100, 67, 76, 49, 47, 26, 19, 46, 0, 100, 3, 2
31, 93, 5, 82, 0, 43, 73, 40, 100, 58, 60, 100, 43, 51, 48, 0, 4
71, 100, 12, 76, 0, 47, 100, 47, 97, 83, 74, 93, 68, 44, 65, 0, 4
4, 73, 31, 98, 76, 100, 69, 68, 100, 42, 87, 11, 43, 0, 0, 12, 3
100, 100, 58, 99, 28, 91, 12, 57, 52, 58, 64, 26, 36, 0, 0, 9, 5
19, 81, 0, 41, 11, 0, 52, 10, 84, 40, 100, 80, 67, 100, 29, 82, 0
12, 90, 0, 83, 42, 94, 100, 100, 83, 77, 61, 51, 41, 26, 35, 0, 7
73, 74, 80, 100, 23, 65, 0, 22, 57, 0, 100, 38, 91, 82, 23, 73, 0
0, 100, 34, 96, 56, 64, 56, 23, 40, 0, 29, 32, 64, 35, 100, 34, 7
67, 100, 22, 81, 0, 46, 12, 11, 64, 0, 100, 27, 94, 63, 77, 99, 0
11, 62, 0, 88, 38, 99, 100, 100, 87, 78, 64, 52, 44, 27, 45, 0, 7
82, 100, 0, 89, 51, 60, 100, 28, 43, 0, 3, 26, 36, 63, 43, 97, 8
100, 100, 63, 87, 35, 68, 16, 47, 2, 25, 0, 2, 32, 0, 30, 21, 6
29, 99, 8, 63, 0, 21, 36, 0, 79, 20, 100, 58, 76, 94, 29, 100, 0
100, 97, 60, 100, 27, 77, 4, 45, 0, 6, 36, 0, 50, 34, 16, 37, 6
100, 83, 46, 100, 34, 68, 72, 33, 53, 0, 0, 11, 46, 41, 94, 71, 8
25, 68, 68, 43, 61, 0, 4, 9, 42, 48, 100, 82, 68, 100, 0, 74, 8
0, 63, 22, 66, 64, 87, 100, 100, 76, 75, 53, 50, 27, 25, 7, 0, 1
100, 99, 54, 100, 23, 79, 17, 60, 61, 63, 66, 30, 39, 1, 0, 0, 5
0, 88, 29, 100, 65, 86, 62, 40, 52, 0, 35, 43, 61, 53, 100, 52, 7
56, 94, 97, 100, 49, 85, 35, 54, 83, 42, 100, 21, 53, 2, 0, 0, 5
35, 98, 6, 70, 0, 25, 34, 0, 77, 12, 100, 50, 84, 92, 41, 100, 0
0, 82, 58, 99, 70, 100, 61, 62, 59, 24, 24, 2, 14, 0, 100, 3, 1
89, 73, 61, 100, 22, 71, 68, 37, 76, 0, 0, 0, 40, 34, 100, 64, 8
41, 77, 70, 100, 100, 78, 67, 50, 76, 38, 93, 11, 44, 0, 0, 5, 3
27, 100, 19, 89, 0, 65, 43, 53, 100, 55, 78, 44, 46, 24, 30, 0, 4
27, 70, 60, 100, 59, 84, 57, 44, 54, 6, 0, 5, 46, 2, 100, 0, 1
40, 100, 11, 66, 0, 22, 35, 0, 78, 16, 100, 55, 83, 95, 39, 99, 0
44, 100, 22, 68, 0, 38, 54, 40, 100, 48, 95, 65, 93, 32, 100, 0, 4
44, 64, 60, 100, 97, 83, 77, 43, 39, 11, 0, 13, 51, 23, 100, 0, 2
31, 87, 77, 100, 81, 69, 53, 45, 100, 39, 92, 9, 33, 0, 0, 25, 3
0, 68, 40, 100, 64, 96, 61, 59, 57, 23, 9, 0, 33, 3, 100, 2, 1
29, 100, 12, 57, 42, 33, 26, 0, 0, 33, 11, 71, 53, 88, 100, 91, 5
22, 88, 15, 37, 37, 0, 77, 12, 100, 51, 77, 92, 37, 100, 0, 78, 0
0, 63, 44, 80, 87, 100, 100, 98, 77, 74, 54, 49, 30, 25, 15, 0, 1
0, 84, 18, 85, 71, 100, 100, 91, 93, 68, 87, 45, 81, 23, 84, 0, 1
29, 87, 92, 100, 94, 98, 34, 81, 36, 45, 100, 37, 64, 7, 0, 0, 5
36, 81, 42, 100, 100, 97, 71, 70, 84, 55, 94, 26, 60, 0, 0, 5, 3
23, 81, 0, 54, 48, 78, 100, 100, 98, 86, 69, 58, 44, 29, 28, 0, 1
0, 38, 36, 55, 66, 78, 97, 100, 100, 88, 88, 58, 77, 29, 66, 0, 1
74, 92, 30, 100, 0, 65, 2, 25, 44, 0, 94, 20, 100, 60, 79, 98, 0
49, 100, 28, 74, 0, 47, 5, 34, 62, 39, 100, 56, 79, 28, 72, 0, 4
0, 90, 42, 99, 89, 100, 84, 79, 62, 41, 57, 0, 53, 38, 100, 37, 7
38, 85, 36, 100, 49, 70, 32, 39, 0, 17, 23, 1, 64, 0, 100, 16, 2
100, 89, 36, 100, 19, 78, 87, 80, 74, 71, 100, 35, 69, 8, 0, 0, 9
76, 100, 25, 87, 50, 60, 86, 86, 91, 69, 100, 31, 55, 9, 0, 0, 9
0, 98, 54, 100, 70, 84, 67, 65, 80, 45, 100, 27, 94, 9, 44, 0, 3
50, 100, 0, 89, 16, 62, 66, 73, 82, 60, 100, 23, 56, 2, 2, 0, 9
45, 100, 0, 74, 8, 48, 100, 45, 76, 72, 63, 64, 47, 31, 28, 0, 4
37, 97, 84, 100, 92, 69, 51, 48, 4, 35, 0, 18, 49, 7, 100, 0, 2
60, 98, 50, 100, 20, 70, 0, 38, 7, 8, 83, 0, 100, 24, 13, 20, 6
34, 87, 59, 100, 56, 60, 34, 24, 0, 0, 18, 9, 59, 4, 100, 2, 2
100, 98, 53, 100, 18, 70, 0, 32, 21, 0, 66, 17, 47, 47, 18, 24, 6
86, 86, 10, 100, 12, 67, 84, 40, 71, 0, 0, 18, 35, 58, 100, 89, 8
11, 72, 38, 100, 53, 72, 34, 35, 5, 3, 0, 1, 52, 0, 100, 1, 2
38, 100, 7, 83, 0, 35, 32, 0, 81, 10, 100, 54, 70, 92, 21, 90, 0
0, 83, 33, 100, 68, 88, 67, 65, 79, 42, 100, 21, 59, 7, 6, 0, 3
66, 100, 27, 88, 42, 50, 45, 11, 0, 0, 7, 34, 53, 53, 100, 70, 8
42, 99, 10, 59, 15, 12, 66, 0, 100, 38, 98, 84, 49, 100, 0, 75, 0
0, 78, 36, 100, 38, 97, 37, 60, 35, 23, 1, 0, 43, 7, 100, 6, 1
12, 87, 56, 64, 83, 27, 21, 0, 0, 29, 55, 62, 100, 95, 9, 100, 8
16, 89, 0, 68, 28, 92, 95, 100, 100, 89, 83, 58, 68, 27, 65, 0, 7
93, 100, 47, 90, 9, 61, 0, 27, 35, 0, 100, 4, 84, 31, 18, 27, 6
0, 79, 46, 100, 82, 84, 36, 59, 70, 49, 100, 21, 50, 0, 6, 15, 3
6, 72, 0, 98, 45, 100, 100, 98, 77, 76, 48, 51, 25, 25, 30, 0, 7
19, 69, 14, 18, 45, 0, 83, 27, 100, 73, 67, 100, 24, 86, 0, 47, 0
80, 100, 33, 88, 73, 91, 82, 78, 97, 52, 100, 26, 57, 8, 0, 0, 9
0, 81, 46, 100, 97, 83, 100, 44, 77, 7, 38, 0, 33, 24, 94, 31, 7
6, 95, 88, 100, 34, 98, 6, 74, 43, 62, 100, 38, 75, 0, 0, 13, 5
20, 79, 58, 100, 80, 76, 46, 50, 0, 33, 4, 21, 50, 5, 100, 0, 2
48, 52, 100, 77, 45, 100, 4, 70, 63, 53, 81, 53, 62, 12, 0, 0, 9
78, 88, 28, 100, 0, 75, 58, 74, 72, 73, 100, 36, 66, 6, 8, 0, 9
37, 100, 0, 83, 11, 58, 100, 58, 39, 91, 32, 90, 32, 39, 29, 0, 4
23, 38, 42, 82, 54, 100, 46, 49, 33, 0, 0, 2, 49, 0, 100, 0, 1
27, 94, 15, 45, 36, 0, 82, 7, 100, 52, 81, 98, 32, 100, 0, 62, 0
66, 100, 15, 80, 0, 50, 91, 46, 100, 72, 78, 65, 58, 33, 45, 0, 4
3, 96, 0, 45, 16, 0, 67, 8, 100, 46, 98, 93, 48, 100, 14, 67, 0
58, 100, 17, 78, 0, 37, 18, 0, 70, 4, 100, 38, 83, 78, 35, 83, 0
25, 55, 74, 63, 65, 100, 1, 75, 25, 43, 100, 66, 49, 34, 0, 0, 9
100, 100, 57, 85, 27, 63, 5, 39, 0, 14, 35, 0, 66, 20, 27, 29, 6
0, 68, 16, 100, 51, 90, 35, 53, 7, 19, 8, 1, 58, 0, 100, 17, 2
7, 80, 39, 100, 78, 92, 65, 58, 100, 48, 85, 16, 43, 0, 0, 12, 3
65, 100, 17, 83, 52, 40, 60, 0, 0, 24, 34, 65, 100, 93, 66, 99, 8
100, 100, 4, 85, 92, 59, 99, 21, 11, 0, 0, 32, 73, 62, 49, 86, 8
15, 100, 39, 92, 0, 61, 1, 36, 72, 36, 100, 54, 85, 36, 80, 0, 4
100, 95, 75, 100, 52, 80, 54, 47, 83, 33, 63, 9, 32, 0, 0, 0, 5
60, 100, 8, 78, 0, 45, 80, 42, 100, 65, 72, 78, 66, 39, 70, 0, 4
61, 79, 57, 100, 100, 93, 65, 68, 94, 46, 77, 18, 27, 0, 0, 16, 3
0, 63, 34, 43, 58, 12, 59, 0, 34, 30, 21, 62, 51, 88, 100, 100, 5
55, 100, 5, 69, 0, 45, 91, 53, 100, 79, 57, 95, 47, 45, 22, 0, 4
77, 83, 100, 100, 61, 93, 87, 83, 93, 52, 83, 12, 40, 0, 0, 18, 9
24, 100, 10, 59, 49, 35, 21, 0, 2, 21, 0, 64, 46, 85, 100, 87, 5
0, 95, 44, 100, 66, 70, 48, 35, 24, 0, 2, 22, 42, 35, 100, 38, 7
22, 57, 50, 98, 61, 100, 56, 50, 35, 10, 0, 2, 52, 6, 100, 0, 1
38, 92, 100, 100, 52, 94, 15, 58, 69, 72, 94, 35, 58, 0, 0, 2, 5
76, 100, 40, 87, 0, 68, 8, 56, 68, 45, 100, 42, 68, 21, 44, 0, 4
100, 78, 64, 100, 44, 72, 52, 35, 44, 0, 0, 2, 18, 36, 67, 56, 8
28, 81, 44, 54, 92, 34, 54, 1, 0, 0, 18, 45, 45, 86, 100, 100, 5
44, 85, 93, 100, 100, 92, 45, 81, 51, 68, 93, 36, 50, 0, 0, 17, 5
0, 38, 31, 56, 67, 77, 100, 100, 93, 91, 72, 62, 58, 32, 58, 0, 1
24, 80, 38, 100, 90, 93, 58, 66, 64, 48, 100, 25, 56, 6, 0, 0, 3
0, 77, 33, 100, 55, 77, 38, 42, 11, 12, 2, 0, 51, 8, 100, 8, 2
16, 100, 0, 55, 64, 39, 46, 0, 12, 15, 0, 63, 29, 96, 100, 98, 5
29, 71, 50, 100, 70, 77, 41, 49, 0, 28, 7, 18, 51, 4, 100, 0, 2
41, 90, 72, 100, 86, 75, 60, 50, 100, 35, 89, 10, 44, 0, 0, 5, 3
17, 94, 0, 66, 11, 93, 63, 100, 100, 98, 81, 64, 62, 29, 47, 0, 7
20, 85, 61, 100, 100, 93, 67, 69, 82, 44, 93, 18, 48, 4, 0, 0, 3
41, 100, 4, 73, 26, 49, 80, 61, 100, 85, 63, 58, 29, 29, 0, 0, 4
38, 67, 44, 100, 85, 96, 71, 58, 40, 24, 0, 7, 43, 17, 100, 0, 2
0, 64, 25, 90, 77, 100, 76, 69, 51, 39, 18, 12, 43, 0, 100, 4, 2
20, 80, 46, 95, 100, 100, 80, 76, 86, 50, 99, 23, 53, 7, 0, 0, 3
5, 63, 21, 100, 49, 76, 33, 34, 0, 0, 5, 6, 53, 2, 100, 8, 2
43, 93, 23, 65, 55, 27, 21, 0, 0, 33, 48, 64, 100, 93, 45, 100, 8
11, 65, 7, 91, 53, 100, 100, 98, 72, 75, 44, 50, 19, 25, 0, 0, 7
16, 72, 35, 100, 46, 74, 26, 42, 0, 13, 4, 3, 53, 0, 100, 4, 2
0, 73, 52, 81, 100, 100, 100, 84, 88, 63, 76, 42, 60, 20, 72, 0, 1
0, 91, 51, 96, 88, 100, 67, 55, 64, 7, 47, 0, 48, 19, 100, 24, 7
28, 100, 5, 77, 0, 53, 39, 40, 87, 44, 100, 46, 80, 23, 63, 0, 4
80, 98, 0, 95, 55, 68, 100, 34, 52, 0, 0, 24, 31, 64, 29, 100, 8
0, 92, 50, 100, 70, 75, 25, 53, 58, 42, 100, 20, 58, 0, 3, 1, 3
0, 74, 29, 100, 65, 86, 73, 44, 64, 0, 31, 8, 60, 35, 100, 40, 7
100, 100, 56, 90, 20, 66, 0, 34, 9, 1, 55, 0, 67, 31, 26, 46, 6
0, 93, 49, 100, 100, 100, 80, 66, 61, 27, 51, 0, 44, 35, 95, 37, 7
44, 68, 62, 40, 100, 2, 0, 0, 25, 38, 98, 71, 96, 100, 6, 73, 8
0, 88, 42, 100, 68, 83, 52, 59, 29, 36, 9, 12, 48, 2, 100, 0, 2
18, 75, 0, 74, 35, 97, 100, 100, 88, 79, 72, 49, 52, 18, 40, 0, 7
0, 96, 9, 97, 50, 100, 47, 64, 22, 32, 19, 0, 60, 5, 100, 19, 2
100, 80, 46, 100, 25, 68, 88, 75, 86, 75, 96, 32, 57, 0, 0, 19, 9
88, 100, 25, 87, 61, 58, 92, 89, 89, 63, 100, 23, 47, 0, 0, 23, 9
14, 73, 41, 100, 87, 95, 64, 65, 100, 45, 100, 15, 49, 0, 0, 16, 3
14, 71, 40, 100, 49, 70, 27, 36, 0, 5, 25, 0, 66, 2, 100, 19, 2
35, 57, 0, 47, 1, 0, 48, 5, 86, 36, 100, 83, 58, 100, 12, 86, 0
79, 100, 47, 89, 0, 70, 24, 56, 87, 45, 100, 43, 60, 22, 28, 0, 4
100, 94, 55, 100, 21, 84, 0, 55, 45, 62, 71, 40, 51, 11, 8, 0, 5
0, 84, 53, 100, 94, 76, 94, 38, 77, 0, 38, 3, 41, 28, 100, 36, 7
15, 95, 69, 100, 75, 66, 51, 33, 22, 0, 0, 9, 30, 29, 100, 33, 7
100, 92, 66, 100, 39, 82, 42, 57, 70, 38, 64, 9, 32, 0, 0, 8, 5
38, 85, 75, 100, 92, 84, 71, 58, 100, 37, 82, 11, 41, 0, 0, 6, 3
0, 90, 41, 100, 69, 86, 59, 64, 45, 43, 33, 22, 49, 3, 100, 0, 2
0, 40, 38, 60, 74, 80, 100, 100, 76, 76, 55, 50, 38, 25, 22, 0, 1
8, 62, 17, 100, 61, 88, 41, 44, 0, 11, 8, 22, 58, 0, 100, 14, 2
0, 91, 15, 56, 44, 22, 15, 0, 36, 34, 82, 67, 100, 100, 5, 95, 8
76, 100, 53, 91, 0, 71, 33, 56, 100, 47, 97, 48, 47, 26, 17, 0, 4
0, 69, 27, 95, 66, 100, 76, 66, 61, 31, 37, 1, 58, 0, 100, 6, 2
100, 100, 64, 90, 24, 52, 37, 9, 96, 0, 92, 42, 29, 50, 0, 17, 6
51, 100, 45, 99, 11, 65, 0, 25, 43, 0, 100, 20, 74, 48, 15, 31, 6
0, 80, 37, 100, 82, 95, 68, 63, 79, 47, 100, 17, 67, 0, 22, 9, 3
41, 100, 12, 77, 0, 42, 69, 28, 100, 58, 86, 67, 50, 34, 18, 0, 4
0, 72, 49, 84, 98, 100, 100, 80, 93, 60, 88, 39, 76, 20, 59, 0, 1
14, 77, 34, 100, 52, 74, 30, 41, 0, 13, 25, 5, 66, 0, 100, 23, 2
38, 90, 0, 75, 0, 32, 42, 0, 93, 23, 100, 66, 60, 100, 1, 94, 0
100, 100, 58, 94, 21, 66, 5, 35, 17, 4, 74, 0, 62, 29, 0, 37, 6
56, 85, 95, 100, 100, 97, 47, 95, 7, 71, 57, 52, 48, 0, 0, 11, 5
51, 93, 86, 100, 80, 69, 54, 44, 100, 37, 94, 10, 48, 1, 0, 0, 3
100, 100, 56, 95, 78, 84, 95, 83, 97, 54, 89, 26, 49, 8, 0, 0, 9
90, 79, 70, 100, 0, 74, 51, 37, 100, 0, 22, 10, 56, 50, 79, 87, 8
0, 60, 39, 74, 73, 91, 100, 100, 80, 75, 67, 51, 51, 25, 39, 0, 1
100, 55, 77, 100, 0, 88, 56, 48, 90, 0, 15, 1, 49, 50, 98, 81, 8
0, 82, 52, 100, 71, 100, 63, 64, 61, 29, 36, 2, 21, 0, 100, 5, 1
87, 95, 34, 100, 57, 77, 100, 96, 88, 70, 99, 28, 57, 2, 0, 0, 9
100, 100, 55, 94, 17, 64, 0, 32, 17, 0, 88, 2, 64, 22, 24, 13, 6
100, 72, 74, 100, 35, 73, 65, 53, 84, 65, 90, 25, 55, 0, 0, 2, 9
1, 61, 0, 92, 47, 100, 62, 70, 42, 39, 16, 9, 49, 0, 100, 7, 2
65, 100, 37, 83, 13, 64, 0, 43, 24, 28, 63, 27, 100, 22, 97, 0, 4
70, 91, 88, 79, 74, 100, 77, 79, 100, 51, 93, 13, 43, 0, 0, 19, 9
45, 84, 75, 100, 100, 79, 79, 54, 79, 40, 90, 17, 49, 0, 0, 8, 3
0, 88, 24, 100, 40, 76, 24, 50, 4, 25, 23, 4, 62, 0, 100, 0, 2
0, 68, 26, 100, 69, 94, 62, 52, 31, 19, 18, 18, 60, 0, 100, 8, 2
75, 100, 23, 96, 31, 75, 82, 82, 100, 65, 91, 27, 50, 4, 0, 0, 9
71, 84, 25, 100, 0, 69, 56, 66, 76, 74, 100, 36, 66, 5, 7, 0, 9
28, 100, 24, 57, 49, 24, 31, 0, 0, 25, 24, 60, 59, 83, 100, 90, 5
100, 100, 58, 90, 25, 68, 4, 44, 0, 20, 35, 0, 60, 18, 7, 34, 6
74, 100, 100, 96, 78, 80, 52, 64, 30, 48, 13, 32, 4, 16, 0, 0, 1
100, 99, 62, 100, 36, 78, 47, 51, 82, 44, 69, 14, 34, 0, 0, 14, 5
12, 97, 73, 100, 100, 70, 74, 35, 49, 0, 0, 25, 34, 41, 98, 37, 7
100, 100, 66, 90, 29, 63, 0, 31, 13, 0, 67, 4, 78, 35, 29, 46, 6
31, 100, 47, 91, 12, 58, 0, 24, 74, 20, 100, 45, 78, 36, 65, 0, 4
0, 63, 8, 86, 53, 100, 100, 96, 73, 73, 46, 49, 26, 25, 19, 0, 7
100, 100, 68, 95, 33, 72, 7, 45, 0, 15, 38, 0, 55, 25, 11, 33, 6
80, 76, 47, 100, 5, 72, 62, 64, 75, 72, 100, 29, 64, 0, 0, 2, 9
20, 76, 50, 100, 100, 95, 75, 69, 90, 51, 88, 23, 49, 0, 0, 7, 3
16, 88, 0, 68, 63, 38, 84, 0, 22, 15, 57, 58, 100, 99, 58, 100, 8
73, 85, 93, 77, 73, 100, 53, 70, 100, 64, 97, 21, 48, 0, 0, 24, 9
98, 100, 51, 87, 15, 59, 0, 29, 22, 0, 100, 6, 85, 34, 10, 49, 6
58, 100, 19, 74, 0, 32, 27, 0, 76, 25, 100, 65, 74, 99, 18, 85, 0
56, 100, 32, 74, 0, 45, 27, 28, 88, 30, 100, 56, 63, 29, 36, 0, 4
0, 100, 19, 85, 19, 63, 98, 65, 100, 67, 62, 46, 33, 23, 12, 0, 4
12, 68, 25, 100, 48, 79, 32, 46, 0, 22, 20, 16, 57, 0, 100, 5, 2
88, 68, 59, 100, 14, 83, 58, 66, 88, 63, 100, 23, 58, 0, 0, 6, 9
14, 99, 49, 72, 60, 100, 25, 93, 75, 70, 100, 35, 59, 7, 0, 0, 9
15, 82, 55, 100, 94, 82, 67, 45, 28, 17, 0, 6, 51, 13, 100, 0, 2
3, 70, 0, 96, 47, 100, 100, 97, 74, 73, 51, 49, 40, 23, 62, 0, 7
0, 97, 67, 100, 76, 73, 62, 40, 51, 7, 38, 0, 24, 25, 100, 34, 7
21, 78, 51, 100, 57, 62, 33, 27, 0, 1, 23, 10, 62, 12, 100, 0, 2
40, 63, 4, 75, 0, 97, 43, 100, 84, 89, 100, 61, 91, 29, 75, 0, 9
39, 76, 61, 100, 57, 57, 33, 21, 0, 1, 27, 16, 64, 11, 100, 0, 2
21, 80, 8, 35, 35, 0, 77, 7, 100, 45, 77, 88, 37, 100, 0, 76, 0
73, 100, 16, 99, 42, 83, 96, 97, 100, 61, 99, 23, 57, 0, 0, 5, 9
0, 99, 59, 100, 72, 82, 47, 42, 49, 0, 6, 30, 35, 39, 100, 45, 7
26, 100, 0, 58, 5, 11, 55, 0, 97, 28, 100, 75, 56, 97, 17, 68, 0
20, 95, 27, 64, 54, 30, 34, 0, 14, 33, 0, 71, 41, 95, 100, 100, 5
100, 96, 32, 100, 43, 66, 93, 32, 58, 0, 0, 20, 22, 59, 64, 94, 8
13, 71, 38, 100, 63, 82, 38, 47, 0, 21, 8, 20, 54, 0, 100, 14, 2
29, 62, 52, 100, 50, 95, 52, 54, 52, 12, 0, 0, 45, 4, 100, 5, 1
0, 64, 23, 100, 74, 84, 75, 42, 61, 0, 6, 1, 36, 30, 100, 37, 7
54, 84, 81, 100, 91, 79, 66, 55, 100, 39, 86, 12, 42, 0, 0, 14, 3
9, 95, 45, 100, 100, 99, 71, 66, 46, 31, 28, 0, 0, 29, 56, 32, 7
100, 86, 62, 100, 21, 83, 0, 51, 5, 17, 43, 0, 67, 25, 29, 42, 6
100, 100, 68, 97, 16, 90, 8, 56, 53, 57, 83, 36, 52, 8, 0, 0, 5
90, 62, 52, 42, 30, 69, 68, 100, 100, 73, 86, 33, 52, 0, 0, 4, 9
57, 93, 0, 71, 61, 42, 100, 6, 31, 0, 40, 42, 71, 82, 21, 100, 8
29, 100, 5, 66, 0, 26, 35, 0, 81, 18, 100, 56, 83, 93, 33, 96, 0
37, 74, 74, 100, 88, 68, 62, 32, 22, 3, 0, 11, 49, 4, 100, 0, 2
33, 80, 0, 47, 13, 0, 74, 8, 100, 54, 79, 100, 29, 76, 25, 26, 0
32, 100, 13, 72, 0, 41, 52, 28, 100, 31, 83, 60, 56, 32, 41, 0, 4
100, 96, 38, 100, 48, 69, 85, 36, 65, 2, 0, 0, 33, 28, 86, 53, 8
0, 87, 25, 100, 72, 96, 47, 64, 81, 47, 100, 18, 57, 0, 7, 0, 3
78, 64, 54, 53, 23, 76, 66, 100, 100, 72, 87, 31, 49, 0, 0, 6, 9
42, 83, 54, 100, 50, 64, 28, 33, 0, 13, 34, 0, 70, 1, 100, 23, 2
24, 86, 0, 45, 17, 0, 66, 2, 100, 35, 88, 82, 44, 100, 2, 78, 0
0, 49, 52, 62, 95, 82, 100, 100, 84, 75, 71, 50, 59, 25, 57, 0, 1
27, 82, 68, 100, 100, 89, 65, 65, 88, 41, 97, 17, 49, 5, 0, 0, 3
43, 78, 3, 49, 0, 9, 57, 0, 98, 30, 100, 70, 60, 100, 39, 69, 0
52, 97, 82, 100, 76, 70, 60, 48, 100, 34, 84, 8, 41, 0, 0, 10, 3
72, 57, 100, 85, 41, 100, 11, 68, 78, 69, 85, 52, 69, 15, 0, 0, 9
0, 56, 7, 86, 34, 100, 84, 96, 100, 83, 74, 57, 50, 29, 38, 0, 7
0, 84, 45, 100, 77, 85, 38, 61, 53, 46, 100, 31, 61, 10, 9, 0, 3
31, 60, 62, 88, 92, 100, 85, 70, 88, 40, 88, 10, 0, 0, 100, 4, 1
0, 89, 38, 100, 54, 60, 50, 13, 36, 0, 20, 30, 60, 39, 100, 45, 7
0, 97, 50, 99, 100, 100, 88, 71, 56, 37, 38, 0, 46, 38, 96, 35, 7
0, 63, 22, 89, 83, 100, 84, 67, 57, 35, 14, 8, 33, 0, 100, 7, 2
16, 88, 0, 57, 38, 31, 22, 0, 13, 32, 11, 68, 42, 95, 100, 100, 5
100, 100, 57, 97, 22, 68, 0, 37, 11, 5, 92, 0, 92, 28, 3, 25, 6
44, 100, 0, 72, 0, 42, 100, 43, 99, 60, 59, 70, 53, 35, 65, 0, 4
100, 100, 54, 94, 17, 68, 0, 32, 21, 0, 65, 9, 52, 40, 14, 22, 6
0, 77, 42, 100, 75, 79, 34, 53, 60, 47, 100, 25, 57, 4, 6, 0, 3
30, 91, 65, 100, 83, 77, 64, 52, 100, 38, 76, 9, 37, 0, 0, 10, 3
56, 100, 15, 71, 0, 29, 34, 0, 79, 21, 100, 62, 75, 97, 26, 83, 0
0, 85, 32, 100, 64, 87, 50, 57, 28, 29, 24, 0, 63, 5, 100, 15, 2
86, 82, 46, 100, 43, 66, 86, 32, 63, 0, 0, 12, 46, 45, 100, 75, 8
8, 49, 60, 72, 100, 100, 75, 74, 48, 45, 29, 15, 0, 0, 88, 1, 1
0, 78, 27, 100, 55, 82, 58, 35, 50, 0, 36, 24, 67, 37, 100, 40, 7
80, 100, 35, 84, 10, 53, 0, 20, 41, 0, 100, 14, 91, 40, 28, 33, 6
0, 36, 39, 49, 72, 74, 100, 100, 97, 87, 84, 58, 71, 28, 73, 0, 1
0, 92, 43, 100, 78, 76, 81, 32, 58, 0, 26, 1, 56, 31, 100, 43, 7
0, 81, 33, 100, 68, 91, 38, 65, 11, 36, 20, 5, 60, 1, 100, 0, 2
63, 86, 32, 66, 58, 32, 30, 0, 5, 19, 0, 57, 41, 84, 100, 100, 5
0, 77, 35, 100, 47, 95, 44, 61, 38, 27, 0, 0, 36, 3, 100, 5, 1
100, 85, 57, 100, 44, 74, 90, 76, 93, 54, 82, 15, 41, 0, 0, 20, 9
7, 95, 47, 100, 68, 69, 50, 34, 27, 0, 0, 19, 44, 31, 100, 35, 7
18, 95, 22, 59, 73, 44, 44, 0, 11, 31, 0, 85, 51, 100, 100, 99, 5
2, 85, 43, 100, 66, 79, 54, 52, 100, 39, 97, 13, 51, 2, 0, 0, 3
93, 84, 41, 100, 36, 65, 90, 33, 71, 0, 0, 7, 53, 39, 100, 74, 8
10, 67, 42, 100, 43, 97, 45, 58, 48, 19, 0, 0, 42, 3, 100, 2, 1
1, 73, 49, 100, 55, 92, 51, 56, 46, 20, 0, 2, 30, 1, 100, 0, 1
100, 84, 42, 100, 0, 72, 39, 36, 75, 0, 32, 16, 63, 55, 69, 91, 8
22, 83, 0, 55, 48, 40, 45, 0, 15, 25, 15, 72, 52, 100, 100, 85, 5
18, 96, 4, 70, 0, 99, 62, 100, 100, 97, 82, 62, 72, 25, 64, 0, 7
0, 87, 47, 100, 97, 87, 94, 69, 92, 50, 100, 31, 81, 13, 22, 0, 3
49, 89, 71, 59, 98, 23, 38, 0, 18, 33, 60, 67, 100, 100, 0, 94, 8
99, 98, 40, 100, 39, 68, 96, 77, 86, 83, 100, 38, 62, 6, 0, 0, 9
100, 100, 64, 90, 33, 69, 10, 45, 0, 17, 30, 0, 50, 20, 13, 36, 6
0, 15, 29, 40, 59, 68, 85, 97, 100, 100, 79, 67, 60, 34, 46, 0, 1
58, 100, 0, 70, 9, 41, 97, 38, 100, 60, 66, 78, 55, 39, 53, 0, 4
8, 67, 51, 37, 22, 0, 9, 24, 53, 58, 100, 92, 59, 100, 0, 74, 8
100, 85, 57, 100, 23, 65, 82, 63, 97, 78, 96, 37, 64, 0, 0, 7, 9
95, 100, 54, 94, 67, 54, 61, 14, 15, 0, 0, 38, 46, 58, 100, 72, 8
1, 82, 42, 100, 64, 79, 42, 61, 96, 49, 100, 17, 48, 0, 0, 13, 3
100, 69, 54, 61, 13, 77, 56, 100, 96, 77, 90, 44, 58, 14, 0, 0, 9
30, 81, 87, 100, 100, 98, 37, 86, 46, 54, 99, 32, 59, 2, 0, 0, 5
29, 47, 59, 71, 100, 100, 90, 81, 74, 50, 66, 18, 0, 0, 99, 7, 1
0, 45, 0, 61, 48, 82, 100, 100, 97, 78, 72, 51, 45, 24, 33, 0, 1
44, 60, 0, 77, 47, 99, 100, 100, 84, 75, 75, 50, 75, 24, 100, 0, 1
15, 72, 47, 100, 88, 89, 52, 60, 75, 35, 100, 7, 50, 0, 0, 11, 3
33, 76, 48, 100, 100, 97, 74, 50, 44, 4, 77, 0, 39, 40, 0, 79, 8
100, 97, 40, 100, 0, 65, 35, 27, 39, 0, 40, 38, 87, 73, 87, 100, 8
76, 70, 32, 100, 10, 71, 85, 41, 100, 4, 4, 0, 0, 39, 54, 73, 8
59, 85, 25, 71, 88, 35, 79, 0, 7, 29, 62, 64, 100, 100, 0, 99, 8
21, 82, 36, 60, 82, 32, 82, 0, 37, 28, 0, 58, 34, 89, 100, 100, 5
26, 87, 64, 100, 66, 57, 39, 21, 0, 0, 15, 29, 57, 21, 100, 21, 2
21, 87, 61, 100, 71, 66, 38, 36, 0, 12, 15, 1, 60, 1, 100, 0, 2
17, 100, 8, 53, 61, 47, 42, 0, 3, 17, 0, 80, 44, 96, 100, 94, 5
40, 100, 0, 60, 20, 21, 86, 14, 100, 40, 75, 86, 61, 50, 59, 0, 4
19, 96, 21, 59, 73, 41, 40, 0, 3, 21, 0, 77, 36, 98, 100, 100, 5
0, 81, 54, 58, 100, 82, 33, 100, 37, 81, 82, 55, 72, 20, 12, 0, 9
0, 63, 24, 100, 52, 79, 37, 37, 5, 3, 6, 0, 53, 2, 100, 1, 2
100, 100, 58, 88, 24, 61, 1, 31, 14, 0, 67, 1, 48, 27, 0, 19, 6
11, 100, 0, 68, 22, 14, 66, 0, 100, 35, 78, 88, 34, 100, 13, 51, 0
27, 100, 21, 83, 0, 47, 36, 42, 100, 49, 96, 75, 86, 37, 84, 0, 4
1, 91, 50, 100, 58, 67, 32, 32, 16, 0, 0, 38, 40, 49, 100, 49, 7
0, 0, 39, 12, 76, 32, 96, 58, 97, 84, 59, 100, 53, 77, 100, 63, 9
0, 62, 50, 81, 100, 100, 96, 87, 71, 64, 46, 43, 25, 21, 32, 0, 1
100, 92, 50, 75, 0, 77, 38, 100, 90, 95, 88, 60, 54, 31, 34, 0, 9
0, 100, 47, 86, 100, 79, 68, 52, 42, 23, 30, 0, 66, 25, 82, 40, 7
100, 100, 64, 96, 55, 68, 88, 92, 86, 66, 76, 28, 42, 1, 0, 0, 9
100, 100, 68, 78, 39, 55, 14, 32, 0, 5, 34, 0, 57, 23, 15, 19, 6
45, 100, 2, 72, 0, 49, 81, 55, 100, 79, 88, 66, 59, 33, 33, 0, 4
51, 100, 29, 82, 10, 60, 0, 35, 27, 20, 69, 22, 100, 25, 100, 0, 4
84, 100, 35, 84, 5, 55, 0, 21, 44, 0, 100, 7, 63, 18, 9, 7, 6
100, 90, 68, 100, 38, 74, 28, 38, 68, 43, 76, 15, 39, 0, 0, 8, 5
62, 60, 100, 76, 99, 100, 32, 93, 0, 69, 59, 53, 78, 28, 56, 0, 9
100, 77, 56, 100, 0, 78, 45, 57, 85, 80, 95, 40, 93, 0, 24, 7, 9
54, 100, 35, 79, 0, 49, 19, 40, 89, 38, 100, 65, 81, 32, 65, 0, 4
9, 88, 46, 100, 60, 78, 31, 55, 0, 34, 10, 13, 56, 7, 100, 0, 2
63, 100, 36, 65, 0, 30, 84, 36, 100, 63, 81, 79, 79, 39, 75, 0, 4
0, 90, 61, 100, 85, 83, 44, 64, 51, 48, 100, 32, 63, 13, 5, 0, 3
27, 100, 8, 70, 0, 40, 14, 9, 65, 0, 100, 22, 62, 42, 14, 33, 6
69, 100, 52, 50, 100, 65, 64, 93, 82, 70, 96, 49, 61, 0, 0, 4, 9
81, 100, 39, 77, 17, 42, 22, 5, 78, 0, 100, 31, 45, 46, 0, 27, 6
38, 82, 80, 100, 88, 72, 39, 50, 84, 47, 100, 14, 47, 0, 0, 13, 3
30, 97, 81, 98, 43, 100, 14, 65, 58, 57, 100, 27, 48, 0, 0, 17, 5
0, 100, 27, 100, 64, 99, 100, 96, 78, 73, 50, 47, 33, 13, 36, 0, 7
35, 84, 0, 65, 4, 21, 49, 0, 95, 24, 100, 67, 64, 100, 5, 95, 0
85, 100, 19, 76, 100, 62, 47, 97, 26, 50, 0, 18, 81, 0, 48, 43, 8
0, 81, 38, 100, 71, 82, 54, 41, 33, 0, 26, 14, 43, 46, 100, 55, 7
0, 38, 29, 60, 60, 80, 96, 100, 100, 78, 96, 52, 93, 26, 93, 0, 1
13, 69, 78, 100, 100, 73, 59, 36, 11, 0, 87, 11, 87, 45, 0, 69, 8
22, 98, 2, 66, 0, 17, 43, 0, 85, 26, 100, 73, 61, 100, 12, 86, 0
0, 71, 71, 94, 89, 100, 76, 74, 73, 49, 78, 23, 84, 3, 100, 0, 1
83, 71, 75, 100, 31, 85, 72, 74, 100, 62, 86, 26, 51, 0, 0, 5, 9
13, 96, 55, 100, 100, 74, 65, 37, 27, 0, 0, 23, 4, 51, 96, 55, 7
0, 94, 30, 100, 66, 78, 33, 52, 88, 46, 100, 17, 52, 0, 8, 11, 3
18, 88, 47, 100, 47, 71, 21, 47, 0, 21, 22, 1, 61, 0, 100, 3, 2
40, 80, 61, 100, 77, 76, 65, 54, 100, 40, 86, 13, 46, 0, 0, 1, 3
0, 92, 46, 100, 100, 92, 78, 51, 59, 9, 38, 0, 30, 28, 95, 30, 7
0, 95, 3, 97, 69, 100, 100, 100, 52, 80, 23, 55, 16, 26, 34, 0, 7
43, 92, 70, 100, 68, 66, 39, 37, 0, 18, 17, 34, 56, 13, 100, 0, 2
3, 88, 0, 51, 16, 10, 64, 0, 98, 34, 100, 76, 56, 100, 5, 85, 0
25, 75, 85, 100, 49, 72, 18, 40, 0, 7, 51, 0, 100, 28, 49, 29, 6
12, 93, 48, 62, 95, 96, 21, 100, 46, 70, 100, 64, 77, 7, 0, 0, 9
31, 96, 18, 51, 27, 100, 26, 67, 40, 17, 0, 0, 44, 6, 100, 7, 1
82, 85, 100, 100, 49, 68, 0, 36, 20, 0, 94, 3, 53, 27, 35, 8, 6
53, 90, 95, 100, 100, 74, 74, 49, 40, 28, 0, 10, 26, 0, 78, 4, 2
0, 78, 35, 100, 74, 86, 42, 55, 57, 31, 100, 8, 58, 0, 8, 8, 3
40, 81, 69, 100, 97, 80, 66, 55, 100, 41, 100, 15, 53, 0, 0, 0, 3
64, 77, 86, 100, 100, 79, 83, 54, 79, 28, 90, 5, 36, 0, 0, 1, 3
81, 85, 34, 100, 40, 66, 60, 30, 26, 0, 0, 22, 47, 51, 100, 78, 8
73, 100, 24, 85, 0, 39, 22, 0, 70, 20, 100, 62, 78, 99, 31, 76, 0
0, 82, 46, 75, 97, 100, 27, 97, 45, 81, 100, 79, 88, 39, 78, 0, 9
0, 92, 28, 100, 67, 74, 70, 35, 48, 0, 5, 24, 45, 34, 100, 34, 7
48, 100, 20, 88, 0, 72, 4, 54, 21, 39, 52, 28, 79, 15, 100, 0, 4
78, 100, 20, 92, 0, 58, 6, 22, 53, 0, 97, 23, 100, 59, 89, 95, 0
0, 52, 34, 63, 66, 82, 100, 100, 94, 78, 78, 52, 62, 26, 55, 0, 1
14, 91, 38, 75, 69, 39, 35, 0, 0, 18, 8, 66, 35, 100, 100, 96, 5
76, 76, 48, 100, 0, 80, 37, 58, 100, 74, 84, 57, 46, 29, 19, 0, 9
31, 100, 15, 84, 2, 65, 0, 45, 20, 29, 48, 21, 79, 14, 100, 0, 4
0, 91, 39, 100, 72, 90, 79, 69, 92, 50, 100, 31, 89, 12, 52, 0, 3
29, 74, 53, 100, 100, 99, 75, 71, 81, 51, 81, 20, 38, 0, 0, 15, 3
8, 98, 53, 100, 69, 63, 50, 24, 46, 0, 100, 19, 58, 37, 0, 46, 7
5, 96, 66, 100, 72, 65, 54, 24, 31, 0, 0, 38, 41, 53, 100, 51, 7
0, 98, 55, 98, 100, 100, 72, 63, 52, 23, 40, 0, 31, 35, 86, 40, 7
23, 97, 0, 52, 11, 4, 61, 0, 100, 36, 99, 84, 50, 100, 5, 77, 0
2, 75, 36, 100, 87, 93, 58, 62, 94, 49, 100, 19, 50, 0, 0, 16, 3
21, 93, 28, 62, 53, 24, 13, 0, 5, 41, 0, 84, 47, 96, 100, 100, 5
51, 82, 84, 100, 99, 79, 80, 55, 100, 29, 79, 4, 36, 0, 0, 19, 3
72, 72, 90, 100, 0, 94, 5, 59, 91, 65, 100, 68, 60, 34, 25, 0, 9
15, 83, 56, 100, 82, 78, 35, 58, 62, 47, 100, 26, 56, 5, 0, 0, 3
3, 58, 20, 100, 41, 80, 22, 38, 0, 8, 33, 4, 66, 3, 100, 0, 2
0, 86, 28, 100, 59, 93, 57, 66, 38, 40, 34, 13, 66, 4, 100, 0, 2
39, 100, 17, 84, 0, 63, 8, 42, 42, 33, 79, 30, 100, 18, 78, 0, 4
100, 100, 60, 87, 30, 59, 0, 38, 51, 31, 84, 54, 71, 32, 74, 0, 4
15, 76, 35, 99, 88, 100, 100, 94, 71, 72, 42, 49, 17, 25, 0, 0, 7
100, 98, 67, 100, 29, 76, 2, 44, 0, 8, 45, 0, 54, 32, 11, 50, 6
16, 89, 13, 41, 65, 35, 26, 0, 0, 29, 2, 83, 53, 100, 100, 96, 5
99, 100, 46, 86, 12, 59, 0, 28, 27, 0, 89, 2, 100, 29, 38, 30, 6
0, 82, 35, 100, 58, 85, 42, 57, 21, 29, 15, 0, 58, 2, 100, 11, 2
64, 100, 38, 98, 0, 75, 23, 61, 85, 46, 100, 48, 69, 24, 43, 0, 4
