@relation penbased-5
@attribute At1 integer [0, 100]
@attribute At2 integer [0, 100]
@attribute At3 integer [0, 100]
@attribute At4 integer [0, 100]
@attribute At5 integer [0, 100]
@attribute At6 integer [0, 100]
@attribute At7 integer [0, 100]
@attribute At8 integer [0, 100]
@attribute At9 integer [0, 100]
@attribute At10 integer [0, 100]
@attribute At11 integer [0, 100]
@attribute At12 integer [0, 100]
@attribute At13 integer [0, 100]
@attribute At14 integer [0, 100]
@attribute At15 integer [0, 100]
@attribute At16 integer [0, 100]
@attribute Class {0, 1, 2, 3, 4, 5, 6, 7, 8, 9}
@inputs At1, At2, At3, At4, At5, At6, At7, At8, At9, At10, At11, At12, At13, At14, At15, At16
@outputs Class
@data
40, 99, 51, 66, 79, 26, 39, 0, 0, 27, 8, 77, 46, 100, 100, 94, 5
29, 72, 45, 100, 78, 78, 60, 41, 25, 12, 0, 4, 50, 6, 100, 0, 2
94, 79, 40, 100, 13, 65, 59, 30, 67, 0, 0, 17, 45, 52, 100, 83, 8
80, 100, 36, 100, 58, 80, 65, 82, 82, 47, 100, 14, 53, 0, 0, 7, 9
26, 79, 69, 100, 92, 85, 56, 56, 90, 42, 100, 15, 51, 0, 0, 2, 3
47, 93, 1, 67, 0, 16, 53, 0, 100, 32, 95, 81, 42, 100, 7, 62, 0
3, 96, 53, 100, 81, 68, 83, 28, 72, 0, 100, 34, 51, 41, 0, 43, 7
42, 83, 60, 53, 89, 11, 13, 0, 0, 33, 77, 57, 100, 92, 18, 100, 8
100, 89, 40, 83, 63, 40, 84, 0, 0, 7, 53, 53, 80, 100, 3, 78, 8
49, 83, 8, 57, 0, 17, 51, 0, 93, 28, 100, 70, 61, 100, 8, 86, 0
52, 91, 72, 100, 87, 70, 57, 43, 100, 45, 90, 15, 43, 0, 0, 12, 3
72, 100, 38, 84, 13, 63, 0, 40, 40, 28, 88, 31, 100, 22, 84, 0, 4
24, 100, 14, 55, 72, 52, 54, 0, 8, 2, 0, 58, 35, 95, 100, 99, 5
19, 86, 35, 72, 95, 94, 0, 100, 60, 78, 100, 52, 67, 26, 26, 0, 9
83, 86, 44, 100, 0, 74, 58, 67, 100, 94, 89, 63, 77, 31, 75, 0, 9
48, 95, 94, 100, 100, 73, 75, 47, 41, 25, 0, 5, 41, 1, 94, 0, 2
46, 96, 80, 100, 81, 76, 77, 60, 100, 36, 75, 12, 36, 0, 0, 6, 3
76, 82, 34, 77, 0, 84, 55, 100, 100, 85, 77, 52, 38, 25, 3, 0, 9
45, 100, 1, 67, 0, 24, 69, 24, 100, 48, 73, 98, 80, 53, 90, 0, 4
9, 32, 60, 62, 80, 100, 6, 93, 36, 56, 100, 27, 57, 0, 0, 25, 8
0, 78, 40, 100, 97, 78, 69, 39, 44, 0, 100, 7, 35, 37, 22, 73, 8
10, 100, 24, 93, 0, 61, 0, 37, 69, 35, 100, 57, 80, 34, 70, 0, 4
0, 89, 28, 100, 64, 85, 43, 61, 9, 44, 23, 21, 62, 11, 100, 0, 2
43, 99, 8, 68, 73, 74, 62, 25, 0, 0, 7, 49, 20, 96, 100, 100, 5
100, 100, 57, 78, 25, 53, 12, 26, 30, 0, 88, 7, 65, 28, 0, 21, 6
0, 100, 65, 99, 70, 66, 51, 33, 32, 0, 15, 12, 29, 39, 100, 44, 7
40, 84, 61, 100, 87, 83, 53, 60, 96, 47, 100, 23, 55, 5, 0, 0, 3
13, 71, 40, 100, 65, 69, 41, 34, 0, 12, 2, 8, 51, 6, 100, 0, 2
80, 100, 32, 81, 7, 52, 0, 21, 40, 0, 100, 9, 88, 30, 28, 22, 6
0, 58, 4, 67, 42, 83, 79, 100, 100, 98, 81, 66, 65, 34, 66, 0, 1
40, 76, 62, 100, 62, 69, 34, 40, 0, 16, 12, 11, 57, 10, 100, 0, 2
39, 100, 0, 82, 22, 55, 100, 63, 62, 99, 62, 81, 59, 40, 60, 0, 4
23, 83, 0, 48, 10, 9, 53, 0, 91, 23, 100, 63, 75, 97, 31, 100, 0
0, 72, 62, 95, 74, 100, 69, 74, 72, 49, 79, 23, 51, 0, 100, 0, 1
23, 63, 31, 100, 64, 84, 54, 45, 28, 10, 0, 5, 50, 3, 100, 0, 2
48, 100, 39, 64, 0, 31, 89, 31, 100, 59, 77, 85, 71, 42, 63, 0, 4
100, 95, 68, 100, 34, 98, 19, 61, 53, 61, 61, 20, 31, 2, 0, 0, 5
0, 75, 36, 100, 63, 73, 47, 34, 14, 4, 4, 10, 52, 9, 100, 0, 2
15, 73, 42, 100, 32, 72, 27, 39, 44, 7, 100, 0, 52, 5, 0, 3, 1
27, 90, 0, 77, 64, 52, 72, 11, 8, 0, 7, 41, 29, 84, 100, 100, 5
52, 96, 84, 100, 100, 79, 73, 58, 84, 35, 90, 11, 47, 0, 0, 5, 3
0, 95, 43, 100, 100, 93, 64, 62, 33, 29, 1, 0, 1, 36, 72, 36, 7
81, 90, 29, 82, 0, 42, 10, 0, 70, 16, 100, 56, 96, 100, 47, 82, 0
0, 98, 20, 100, 19, 70, 11, 40, 43, 27, 89, 42, 94, 29, 100, 0, 4
31, 79, 55, 49, 70, 14, 32, 0, 14, 38, 0, 71, 49, 86, 100, 100, 5
0, 100, 82, 95, 100, 79, 100, 64, 91, 48, 82, 32, 55, 15, 55, 0, 1
27, 84, 65, 77, 71, 100, 0, 88, 78, 80, 100, 53, 60, 24, 5, 0, 9
10, 86, 51, 100, 84, 78, 53, 48, 85, 40, 100, 14, 52, 0, 0, 0, 3
100, 100, 35, 91, 0, 57, 1, 18, 67, 10, 96, 39, 27, 33, 16, 0, 6
100, 100, 63, 84, 32, 55, 13, 22, 43, 0, 81, 17, 36, 28, 0, 8, 6
8, 80, 40, 100, 61, 67, 38, 31, 0, 12, 21, 27, 61, 10, 100, 0, 2
19, 81, 53, 100, 68, 79, 49, 52, 95, 38, 100, 9, 50, 0, 0, 7, 3
66, 100, 33, 78, 11, 53, 0, 25, 20, 0, 77, 1, 100, 24, 41, 26, 6
0, 66, 37, 73, 73, 90, 100, 100, 98, 74, 96, 48, 90, 22, 87, 0, 1
16, 81, 40, 59, 100, 90, 30, 100, 48, 69, 95, 59, 75, 9, 0, 0, 9
14, 88, 49, 100, 65, 77, 34, 53, 0, 31, 1, 7, 50, 0, 100, 0, 2
38, 83, 40, 53, 55, 14, 11, 0, 0, 30, 10, 71, 52, 92, 100, 100, 5
16, 78, 0, 100, 76, 92, 100, 78, 77, 35, 74, 0, 98, 32, 27, 38, 7
35, 100, 1, 77, 0, 57, 86, 62, 100, 77, 48, 81, 22, 41, 6, 0, 4
50, 91, 78, 100, 85, 74, 71, 61, 100, 38, 81, 10, 41, 0, 0, 4, 3
6, 43, 16, 2, 68, 0, 100, 35, 81, 75, 38, 100, 7, 63, 0, 22, 0
15, 59, 57, 81, 100, 100, 79, 72, 65, 44, 53, 15, 0, 1, 21, 0, 1
20, 84, 60, 100, 93, 83, 60, 58, 73, 43, 100, 22, 54, 5, 0, 0, 3
0, 99, 71, 100, 100, 77, 72, 48, 53, 18, 40, 0, 0, 27, 66, 33, 7
17, 100, 17, 69, 60, 36, 30, 0, 0, 20, 0, 73, 41, 91, 100, 92, 5
32, 89, 67, 100, 100, 93, 79, 71, 66, 47, 68, 22, 40, 6, 0, 0, 3
30, 100, 0, 78, 56, 82, 44, 78, 75, 51, 100, 22, 72, 0, 15, 7, 9
25, 91, 61, 100, 74, 75, 44, 55, 94, 43, 100, 16, 53, 0, 0, 6, 3
0, 92, 33, 100, 97, 83, 82, 41, 59, 0, 100, 9, 82, 37, 7, 45, 7
25, 100, 0, 69, 1, 20, 43, 0, 87, 16, 100, 61, 72, 100, 29, 96, 0
10, 76, 39, 100, 88, 87, 55, 62, 100, 43, 98, 13, 43, 0, 0, 8, 3
100, 97, 58, 100, 21, 70, 0, 34, 21, 0, 71, 1, 57, 28, 11, 14, 6
100, 100, 53, 82, 18, 57, 0, 29, 14, 0, 69, 1, 64, 20, 12, 7, 6
0, 93, 53, 100, 83, 84, 68, 43, 55, 0, 30, 22, 45, 46, 100, 51, 7
0, 66, 54, 79, 78, 100, 100, 86, 98, 63, 92, 42, 80, 20, 90, 0, 1
34, 66, 65, 100, 62, 99, 55, 61, 44, 23, 0, 0, 21, 3, 100, 2, 1
0, 100, 28, 65, 100, 79, 38, 96, 58, 55, 96, 44, 72, 0, 11, 23, 9
75, 80, 93, 100, 100, 81, 80, 59, 66, 35, 66, 9, 34, 0, 0, 4, 3
6, 80, 45, 100, 59, 70, 37, 39, 3, 13, 0, 9, 52, 5, 100, 0, 2
81, 97, 2, 90, 0, 61, 81, 72, 100, 100, 81, 67, 69, 33, 59, 0, 9
35, 100, 5, 72, 0, 40, 44, 18, 87, 30, 100, 58, 70, 30, 53, 0, 4
27, 100, 15, 72, 0, 42, 49, 31, 100, 36, 82, 62, 68, 31, 66, 0, 4
0, 51, 10, 59, 57, 79, 100, 100, 92, 78, 70, 52, 52, 25, 32, 0, 1
33, 100, 13, 89, 0, 61, 49, 58, 100, 76, 63, 55, 37, 28, 20, 0, 4
0, 95, 31, 100, 78, 97, 54, 47, 23, 0, 17, 5, 44, 39, 100, 48, 7
11, 84, 0, 34, 35, 0, 84, 19, 100, 67, 65, 100, 21, 70, 11, 24, 0
31, 91, 0, 85, 8, 45, 85, 44, 100, 82, 66, 100, 68, 50, 76, 0, 4
34, 29, 0, 51, 37, 76, 92, 100, 100, 80, 84, 53, 74, 26, 74, 0, 1
38, 79, 59, 100, 89, 77, 69, 44, 31, 17, 0, 22, 54, 20, 100, 0, 2
25, 89, 62, 100, 65, 78, 66, 52, 100, 33, 81, 7, 41, 0, 0, 3, 3
0, 73, 46, 84, 87, 100, 100, 92, 86, 69, 76, 46, 69, 22, 67, 0, 1
29, 94, 2, 59, 0, 17, 47, 0, 90, 25, 100, 66, 71, 100, 19, 98, 0
100, 100, 57, 84, 24, 58, 0, 27, 18, 0, 69, 10, 57, 38, 4, 42, 6
0, 87, 36, 100, 56, 71, 37, 40, 1, 19, 15, 19, 61, 16, 100, 0, 2
26, 91, 0, 80, 2, 34, 33, 0, 80, 8, 100, 50, 82, 92, 38, 100, 0
100, 81, 52, 62, 17, 77, 57, 100, 79, 68, 75, 31, 52, 0, 0, 12, 9
7, 78, 78, 100, 100, 93, 98, 51, 98, 9, 22, 0, 0, 1, 93, 2, 1
43, 99, 19, 72, 53, 36, 30, 0, 0, 25, 10, 73, 42, 100, 100, 98, 5
16, 100, 15, 94, 6, 66, 0, 38, 69, 34, 95, 56, 92, 28, 100, 0, 4
100, 91, 67, 100, 27, 71, 0, 35, 17, 0, 68, 4, 58, 34, 23, 15, 6
69, 100, 22, 80, 0, 34, 31, 0, 80, 28, 100, 75, 56, 99, 7, 71, 0
86, 71, 100, 100, 58, 79, 24, 51, 0, 17, 28, 0, 43, 25, 2, 21, 6
100, 90, 27, 100, 0, 66, 56, 33, 81, 0, 10, 16, 33, 57, 98, 84, 8
0, 80, 39, 100, 73, 83, 38, 57, 60, 42, 100, 22, 62, 1, 9, 0, 3
0, 78, 21, 100, 54, 97, 68, 72, 60, 43, 48, 16, 66, 0, 100, 6, 2
100, 100, 76, 95, 50, 72, 26, 49, 6, 26, 0, 0, 46, 2, 25, 20, 6
23, 100, 9, 78, 0, 45, 57, 28, 100, 38, 58, 62, 42, 32, 43, 0, 4
39, 73, 76, 100, 22, 79, 50, 43, 69, 6, 0, 0, 26, 30, 100, 52, 8
57, 53, 100, 85, 62, 100, 51, 61, 79, 24, 29, 0, 0, 30, 61, 56, 8
0, 31, 52, 59, 46, 100, 11, 81, 65, 52, 100, 17, 38, 0, 9, 26, 8
87, 74, 64, 100, 11, 85, 68, 78, 100, 72, 84, 26, 38, 0, 0, 15, 9
100, 100, 56, 83, 22, 57, 0, 29, 11, 0, 68, 0, 62, 24, 6, 11, 6
31, 71, 2, 36, 32, 0, 82, 12, 100, 57, 66, 93, 15, 100, 0, 60, 0
83, 95, 0, 86, 56, 49, 100, 13, 17, 0, 48, 40, 99, 79, 37, 100, 8
9, 77, 18, 100, 74, 95, 66, 68, 34, 43, 0, 19, 37, 2, 100, 0, 2
59, 100, 34, 70, 0, 38, 33, 30, 100, 34, 95, 66, 73, 35, 53, 0, 4
4, 100, 23, 65, 89, 36, 100, 0, 20, 8, 32, 49, 79, 85, 0, 89, 8
16, 37, 8, 82, 49, 100, 55, 56, 26, 17, 0, 0, 50, 3, 100, 3, 2
0, 100, 13, 84, 13, 52, 18, 22, 60, 23, 93, 39, 88, 30, 100, 0, 4
17, 100, 36, 93, 0, 59, 50, 48, 98, 63, 100, 63, 84, 25, 76, 0, 4
26, 87, 63, 100, 83, 83, 57, 57, 100, 40, 90, 10, 41, 0, 0, 12, 3
100, 73, 76, 100, 0, 88, 21, 64, 98, 78, 96, 65, 86, 32, 82, 0, 9
0, 82, 58, 100, 92, 74, 68, 38, 38, 2, 19, 0, 29, 37, 100, 41, 7
100, 98, 49, 100, 13, 69, 6, 30, 40, 0, 93, 13, 61, 41, 0, 41, 6
10, 77, 0, 52, 30, 100, 31, 100, 44, 44, 18, 0, 21, 8, 100, 12, 1
78, 100, 23, 83, 59, 64, 100, 83, 76, 74, 77, 46, 55, 20, 0, 0, 9
0, 39, 42, 52, 76, 74, 100, 100, 92, 87, 82, 58, 71, 29, 68, 0, 1
43, 100, 9, 64, 0, 19, 44, 0, 90, 22, 100, 66, 66, 99, 15, 88, 0
42, 87, 77, 100, 75, 76, 70, 52, 100, 34, 88, 10, 44, 0, 0, 5, 3
94, 95, 44, 100, 12, 77, 29, 53, 80, 45, 100, 11, 52, 0, 0, 8, 5
0, 77, 30, 100, 74, 96, 56, 63, 75, 43, 100, 14, 59, 0, 13, 5, 3
0, 0, 32, 10, 66, 31, 92, 56, 97, 88, 61, 100, 57, 76, 100, 65, 9
81, 100, 29, 89, 0, 55, 3, 15, 51, 0, 94, 24, 100, 64, 68, 97, 0
0, 62, 55, 75, 85, 97, 100, 100, 98, 75, 93, 50, 91, 25, 89, 0, 1
37, 80, 81, 100, 95, 70, 68, 39, 32, 11, 0, 10, 48, 17, 100, 0, 2
82, 83, 100, 100, 54, 76, 17, 47, 0, 13, 46, 0, 50, 30, 0, 27, 6
0, 72, 52, 84, 100, 100, 94, 96, 85, 72, 81, 48, 79, 24, 75, 0, 1
100, 100, 44, 84, 17, 56, 8, 27, 34, 0, 84, 17, 53, 35, 0, 15, 6
94, 77, 61, 100, 53, 73, 100, 78, 98, 58, 94, 15, 49, 0, 0, 14, 9
0, 29, 32, 52, 68, 76, 100, 100, 95, 76, 89, 50, 78, 25, 76, 0, 1
46, 79, 37, 60, 59, 22, 0, 0, 19, 35, 78, 64, 100, 97, 29, 100, 8
19, 91, 18, 50, 88, 50, 88, 5, 24, 0, 0, 51, 29, 91, 100, 100, 5
46, 92, 45, 62, 38, 22, 0, 0, 9, 39, 57, 70, 100, 100, 27, 98, 8
79, 90, 68, 100, 29, 67, 0, 34, 2, 0, 95, 0, 100, 27, 5, 20, 6
30, 94, 0, 58, 4, 14, 52, 0, 94, 29, 100, 71, 60, 100, 10, 86, 0
0, 73, 12, 26, 49, 0, 92, 13, 100, 60, 73, 98, 29, 100, 8, 60, 0
81, 85, 10, 79, 42, 38, 56, 0, 0, 21, 45, 62, 100, 100, 29, 82, 8
29, 70, 56, 36, 43, 2, 3, 0, 0, 42, 13, 76, 56, 90, 100, 100, 5
32, 84, 0, 55, 18, 1, 76, 0, 100, 52, 71, 100, 34, 61, 43, 5, 0
25, 84, 56, 54, 47, 17, 5, 0, 0, 35, 10, 72, 52, 90, 100, 100, 5
67, 99, 62, 62, 97, 13, 0, 0, 7, 34, 100, 59, 100, 100, 10, 93, 8
96, 82, 63, 100, 0, 84, 31, 71, 100, 84, 91, 55, 64, 28, 36, 0, 9
0, 99, 73, 100, 100, 80, 56, 47, 33, 7, 10, 0, 7, 33, 81, 35, 7
0, 83, 42, 100, 100, 86, 75, 43, 50, 0, 11, 15, 2, 27, 69, 29, 7
43, 97, 80, 79, 22, 66, 35, 100, 86, 75, 100, 23, 48, 0, 0, 24, 9
100, 100, 68, 96, 37, 75, 14, 51, 0, 22, 21, 0, 54, 10, 15, 18, 6
47, 80, 71, 100, 100, 89, 38, 72, 44, 48, 91, 23, 45, 0, 0, 10, 3
0, 93, 53, 100, 89, 75, 85, 37, 73, 0, 48, 1, 44, 29, 100, 25, 7
90, 78, 43, 100, 0, 73, 63, 68, 95, 94, 100, 51, 79, 11, 16, 0, 9
36, 81, 69, 90, 100, 100, 80, 80, 60, 60, 41, 40, 20, 19, 0, 0, 1
37, 100, 8, 78, 0, 39, 18, 4, 59, 0, 91, 26, 100, 64, 72, 92, 0
11, 100, 7, 95, 0, 73, 11, 51, 71, 50, 100, 44, 85, 22, 78, 0, 4
7, 54, 8, 14, 56, 0, 99, 24, 100, 68, 63, 100, 12, 97, 0, 56, 0
12, 69, 26, 99, 79, 100, 70, 73, 79, 49, 100, 15, 53, 0, 0, 12, 3
59, 100, 37, 69, 0, 34, 46, 33, 100, 38, 81, 51, 63, 43, 46, 0, 4
39, 88, 82, 100, 100, 68, 68, 34, 34, 0, 16, 10, 0, 45, 78, 50, 7
41, 81, 48, 100, 67, 71, 50, 36, 0, 26, 29, 19, 72, 0, 100, 31, 2
100, 100, 54, 80, 21, 50, 14, 13, 61, 0, 100, 19, 48, 22, 0, 8, 6
62, 86, 97, 100, 94, 71, 69, 46, 37, 22, 0, 2, 47, 0, 100, 1, 2
0, 48, 36, 61, 69, 78, 100, 100, 95, 94, 70, 64, 48, 34, 33, 0, 1
16, 68, 0, 40, 26, 0, 73, 10, 100, 50, 82, 93, 32, 100, 1, 73, 0
0, 4, 74, 29, 100, 62, 88, 95, 74, 100, 74, 67, 74, 33, 76, 0, 1
60, 100, 14, 67, 100, 55, 80, 98, 39, 56, 0, 13, 80, 0, 50, 45, 8
17, 37, 24, 0, 73, 14, 100, 50, 89, 90, 43, 100, 11, 66, 0, 25, 0
97, 100, 57, 82, 24, 51, 0, 20, 32, 0, 100, 12, 91, 42, 25, 56, 6
39, 76, 68, 100, 49, 61, 40, 21, 19, 0, 0, 4, 50, 6, 100, 5, 1
0, 95, 44, 100, 76, 78, 72, 39, 63, 0, 52, 12, 54, 40, 100, 46, 7
11, 59, 51, 85, 53, 100, 46, 58, 38, 16, 0, 5, 51, 0, 100, 1, 1
0, 93, 60, 100, 65, 66, 51, 33, 35, 0, 11, 23, 31, 37, 100, 38, 7
0, 91, 41, 100, 67, 76, 53, 61, 99, 48, 100, 15, 54, 0, 6, 7, 3
0, 100, 15, 87, 8, 66, 20, 46, 66, 50, 77, 40, 87, 20, 100, 0, 4
78, 79, 40, 100, 6, 71, 16, 33, 16, 0, 0, 32, 46, 58, 100, 80, 8
95, 96, 56, 84, 0, 47, 57, 39, 100, 55, 93, 100, 86, 48, 81, 0, 4
100, 100, 54, 92, 19, 67, 0, 35, 22, 6, 71, 0, 89, 25, 48, 46, 6
100, 100, 68, 95, 26, 98, 27, 55, 70, 53, 73, 15, 35, 0, 0, 16, 5
41, 100, 6, 89, 0, 57, 12, 25, 54, 4, 100, 24, 55, 25, 17, 0, 6
12, 54, 30, 100, 62, 87, 43, 39, 3, 7, 0, 1, 50, 0, 100, 4, 2
32, 71, 54, 100, 82, 77, 62, 43, 24, 17, 0, 8, 50, 6, 100, 0, 2
8, 56, 53, 77, 100, 100, 100, 99, 79, 71, 74, 42, 60, 14, 0, 0, 1
13, 85, 76, 100, 100, 69, 74, 35, 40, 1, 12, 0, 0, 33, 81, 37, 7
47, 100, 38, 94, 12, 68, 0, 42, 48, 39, 100, 52, 80, 26, 83, 0, 4
0, 93, 64, 100, 100, 80, 76, 44, 52, 8, 27, 0, 30, 24, 96, 31, 7
35, 96, 87, 100, 74, 99, 28, 77, 60, 56, 100, 35, 53, 9, 0, 0, 5
0, 90, 43, 100, 89, 87, 75, 59, 44, 36, 9, 14, 48, 5, 100, 0, 2
43, 77, 53, 100, 95, 94, 68, 67, 80, 53, 100, 29, 57, 7, 0, 0, 3
100, 100, 100, 96, 79, 80, 50, 64, 36, 48, 14, 31, 0, 16, 7, 0, 1
36, 96, 23, 54, 42, 5, 86, 0, 100, 49, 76, 95, 31, 100, 0, 62, 0
100, 100, 59, 83, 24, 57, 0, 29, 12, 1, 73, 0, 62, 26, 7, 43, 6
43, 82, 60, 100, 100, 91, 74, 68, 60, 50, 77, 26, 41, 10, 0, 0, 3
20, 84, 58, 100, 59, 74, 53, 53, 100, 42, 98, 15, 53, 0, 0, 1, 3
46, 85, 36, 68, 84, 79, 42, 100, 79, 65, 100, 23, 53, 0, 0, 8, 9
9, 86, 48, 100, 68, 76, 59, 46, 33, 21, 0, 0, 49, 3, 100, 6, 2
0, 44, 36, 58, 70, 79, 100, 100, 82, 74, 69, 47, 59, 20, 54, 0, 1
0, 56, 40, 72, 79, 90, 100, 100, 86, 74, 70, 49, 55, 23, 45, 0, 1
3, 97, 90, 100, 100, 71, 75, 38, 61, 4, 31, 0, 0, 26, 90, 28, 7
14, 76, 43, 100, 72, 79, 46, 45, 12, 15, 0, 0, 50, 4, 100, 7, 2
11, 71, 16, 100, 53, 79, 44, 41, 9, 14, 0, 6, 50, 3, 100, 0, 2
100, 80, 60, 71, 45, 94, 88, 100, 88, 70, 67, 42, 34, 18, 0, 0, 9
27, 86, 70, 100, 77, 77, 50, 53, 96, 40, 100, 19, 52, 6, 0, 0, 3
76, 100, 36, 75, 10, 47, 0, 17, 43, 0, 100, 12, 63, 31, 3, 23, 6
15, 73, 39, 100, 93, 95, 81, 62, 43, 34, 0, 10, 39, 0, 100, 4, 2
56, 100, 29, 74, 0, 40, 51, 38, 100, 44, 77, 73, 58, 36, 35, 0, 4
36, 90, 79, 100, 100, 98, 50, 88, 32, 59, 76, 37, 47, 5, 0, 0, 5
14, 63, 19, 100, 63, 96, 60, 57, 27, 26, 0, 0, 50, 6, 100, 12, 2
55, 72, 53, 100, 100, 95, 86, 66, 73, 38, 88, 5, 42, 0, 0, 17, 3
0, 96, 77, 100, 100, 84, 67, 46, 47, 5, 33, 0, 10, 34, 88, 39, 7
91, 98, 47, 100, 49, 72, 92, 96, 100, 93, 73, 57, 43, 23, 0, 0, 9
0, 86, 38, 100, 84, 95, 82, 69, 75, 43, 100, 19, 68, 0, 22, 2, 3
12, 78, 0, 31, 30, 0, 67, 1, 100, 27, 96, 76, 63, 100, 39, 73, 0
65, 100, 56, 100, 17, 67, 0, 31, 36, 0, 100, 6, 73, 38, 10, 55, 6
100, 100, 44, 80, 11, 47, 0, 11, 56, 0, 100, 30, 55, 44, 0, 19, 6
74, 69, 100, 100, 84, 86, 70, 51, 47, 19, 0, 0, 36, 7, 98, 10, 1
72, 100, 32, 76, 5, 47, 0, 15, 47, 0, 100, 12, 59, 24, 3, 17, 6
52, 100, 0, 98, 27, 78, 41, 82, 67, 48, 100, 16, 63, 0, 3, 10, 9
66, 100, 43, 66, 0, 37, 33, 39, 100, 42, 78, 68, 51, 35, 39, 0, 4
7, 66, 43, 92, 42, 100, 43, 58, 55, 17, 0, 0, 22, 0, 100, 1, 1
57, 56, 37, 92, 88, 100, 94, 63, 51, 34, 0, 12, 41, 4, 100, 0, 2
3, 70, 0, 58, 57, 80, 100, 100, 84, 75, 81, 50, 81, 25, 97, 0, 1
5, 68, 22, 100, 47, 75, 35, 35, 8, 1, 0, 2, 50, 4, 100, 0, 2
13, 89, 54, 100, 100, 97, 90, 72, 68, 48, 73, 21, 44, 1, 0, 0, 3
0, 86, 27, 100, 46, 77, 43, 45, 31, 16, 34, 0, 66, 1, 100, 2, 2
5, 64, 30, 83, 100, 100, 75, 80, 50, 60, 25, 40, 0, 20, 5, 0, 1
92, 100, 54, 84, 66, 70, 100, 88, 85, 64, 68, 39, 39, 18, 0, 0, 9
100, 100, 62, 90, 31, 61, 12, 28, 33, 0, 78, 13, 44, 27, 0, 10, 6
1, 92, 0, 63, 36, 33, 14, 0, 3, 37, 5, 81, 50, 96, 100, 100, 5
38, 100, 23, 84, 6, 59, 0, 35, 45, 21, 100, 35, 85, 24, 98, 0, 4
40, 100, 16, 70, 0, 33, 20, 0, 70, 13, 100, 45, 88, 82, 37, 85, 0
27, 90, 64, 100, 67, 70, 37, 43, 0, 22, 12, 18, 64, 19, 100, 0, 2
0, 77, 38, 89, 56, 100, 46, 57, 47, 15, 100, 11, 45, 4, 8, 0, 1
0, 86, 73, 100, 100, 96, 71, 61, 36, 25, 3, 0, 6, 38, 85, 43, 7
100, 63, 71, 100, 10, 85, 24, 43, 56, 4, 0, 0, 26, 38, 88, 55, 8
0, 99, 45, 100, 68, 72, 41, 34, 16, 0, 9, 41, 54, 43, 100, 41, 7
0, 88, 35, 100, 69, 85, 62, 58, 66, 32, 100, 14, 74, 1, 31, 0, 3
42, 94, 12, 60, 56, 33, 33, 0, 0, 20, 13, 71, 48, 100, 100, 96, 5
14, 65, 35, 100, 64, 79, 48, 41, 16, 11, 0, 8, 50, 9, 100, 0, 2
0, 47, 7, 58, 48, 79, 90, 100, 100, 81, 85, 54, 67, 27, 51, 0, 1
32, 42, 26, 0, 71, 1, 100, 36, 87, 79, 45, 100, 0, 81, 0, 41, 0
7, 96, 59, 100, 100, 89, 65, 67, 71, 52, 92, 31, 52, 12, 0, 0, 3
100, 100, 73, 92, 34, 69, 6, 42, 0, 12, 50, 0, 91, 17, 37, 23, 6
100, 94, 53, 100, 21, 84, 14, 52, 62, 44, 81, 14, 43, 0, 0, 17, 5
0, 43, 46, 66, 73, 90, 79, 100, 81, 74, 85, 49, 88, 24, 100, 0, 1
20, 100, 17, 60, 51, 27, 17, 0, 6, 40, 0, 82, 42, 96, 100, 96, 5
0, 100, 34, 94, 70, 90, 100, 85, 78, 64, 57, 41, 42, 15, 43, 0, 7
28, 100, 0, 73, 16, 49, 75, 47, 100, 63, 94, 59, 93, 29, 83, 0, 4
30, 78, 64, 100, 90, 82, 62, 57, 95, 42, 100, 17, 52, 4, 0, 0, 3
55, 100, 7, 74, 0, 51, 72, 52, 100, 75, 77, 66, 48, 33, 23, 0, 4
0, 100, 48, 99, 59, 77, 61, 54, 91, 35, 100, 15, 59, 1, 11, 0, 3
14, 100, 14, 87, 0, 59, 11, 35, 100, 40, 97, 54, 83, 27, 100, 0, 4
95, 76, 100, 94, 47, 100, 0, 81, 34, 69, 80, 53, 65, 23, 25, 0, 9
19, 100, 0, 73, 9, 46, 72, 47, 100, 61, 82, 69, 75, 34, 60, 0, 4
75, 92, 23, 83, 58, 39, 77, 0, 0, 13, 42, 51, 100, 86, 32, 100, 8
56, 71, 40, 98, 93, 100, 85, 65, 72, 50, 100, 21, 54, 0, 0, 12, 3
21, 77, 0, 35, 29, 0, 69, 7, 100, 43, 85, 89, 44, 100, 12, 73, 0
2, 20, 44, 53, 63, 100, 14, 98, 53, 59, 100, 25, 57, 0, 0, 13, 8
37, 89, 97, 100, 60, 95, 15, 72, 72, 63, 100, 35, 60, 8, 0, 0, 5
0, 64, 36, 72, 73, 90, 100, 100, 89, 74, 82, 47, 78, 21, 76, 0, 1
0, 82, 42, 100, 73, 100, 63, 58, 52, 16, 19, 8, 50, 3, 100, 0, 1
0, 83, 42, 100, 98, 97, 93, 71, 81, 44, 100, 15, 58, 0, 4, 7, 3
41, 96, 91, 100, 46, 94, 5, 63, 42, 48, 100, 32, 63, 5, 0, 0, 5
0, 94, 34, 97, 100, 100, 59, 58, 34, 10, 18, 0, 21, 37, 91, 44, 7
14, 64, 18, 100, 100, 95, 84, 67, 50, 28, 30, 0, 0, 39, 72, 42, 7
63, 85, 26, 59, 64, 42, 53, 0, 0, 1, 22, 44, 46, 87, 100, 100, 5
0, 64, 32, 68, 73, 84, 100, 100, 88, 75, 81, 50, 75, 25, 71, 0, 1
6, 89, 52, 100, 100, 91, 93, 65, 62, 43, 25, 23, 0, 2, 55, 0, 2
0, 88, 43, 100, 78, 81, 78, 43, 79, 5, 60, 0, 50, 24, 100, 31, 7
71, 71, 90, 89, 36, 100, 0, 79, 71, 72, 100, 50, 79, 25, 59, 0, 9
0, 98, 41, 100, 79, 81, 65, 41, 57, 0, 40, 18, 50, 40, 100, 39, 7
65, 78, 77, 100, 100, 76, 66, 53, 99, 32, 83, 7, 35, 0, 0, 11, 3
62, 96, 24, 99, 0, 59, 19, 17, 61, 0, 97, 24, 100, 71, 65, 100, 0
63, 100, 43, 89, 15, 58, 10, 23, 50, 0, 100, 18, 63, 43, 0, 50, 6
32, 68, 20, 36, 42, 0, 83, 15, 100, 56, 80, 95, 36, 100, 0, 73, 0
0, 96, 45, 100, 56, 68, 51, 33, 48, 0, 29, 32, 50, 50, 100, 52, 7
42, 100, 0, 66, 61, 57, 64, 12, 19, 0, 15, 47, 30, 90, 100, 96, 5
70, 100, 36, 70, 0, 41, 25, 31, 90, 36, 100, 45, 80, 33, 62, 0, 4
84, 100, 52, 74, 28, 46, 16, 17, 55, 0, 100, 21, 61, 38, 0, 26, 6
69, 94, 0, 81, 73, 55, 100, 21, 32, 0, 20, 33, 58, 67, 51, 100, 8
11, 81, 60, 100, 100, 89, 69, 55, 31, 24, 0, 0, 7, 39, 64, 43, 7
28, 49, 35, 93, 100, 100, 81, 54, 41, 13, 52, 0, 66, 45, 0, 63, 8
97, 91, 33, 93, 55, 46, 54, 0, 0, 10, 49, 49, 100, 87, 30, 100, 8
68, 76, 75, 100, 33, 82, 78, 74, 75, 55, 100, 23, 55, 4, 0, 0, 9
86, 100, 49, 91, 0, 54, 63, 52, 100, 64, 90, 98, 76, 45, 69, 0, 4
0, 85, 34, 100, 68, 86, 61, 55, 31, 31, 20, 9, 61, 4, 100, 0, 2
0, 42, 44, 55, 76, 78, 100, 100, 80, 74, 61, 47, 43, 21, 27, 0, 1
56, 100, 15, 70, 42, 33, 2, 0, 0, 30, 13, 76, 41, 99, 100, 97, 5
0, 82, 35, 100, 78, 74, 71, 36, 48, 0, 27, 16, 34, 40, 100, 42, 7
2, 86, 4, 37, 31, 0, 74, 10, 100, 49, 80, 90, 35, 100, 0, 72, 0
0, 78, 26, 94, 95, 100, 100, 82, 57, 61, 62, 37, 57, 14, 0, 0, 3
0, 64, 43, 81, 100, 100, 74, 83, 43, 62, 13, 42, 4, 20, 9, 0, 1
40, 84, 33, 81, 100, 42, 81, 0, 0, 13, 46, 57, 94, 100, 11, 90, 8
100, 99, 65, 100, 33, 77, 11, 51, 0, 22, 21, 0, 52, 19, 11, 20, 6
0, 70, 8, 100, 56, 91, 69, 50, 38, 15, 10, 10, 58, 0, 100, 15, 2
0, 38, 32, 51, 64, 75, 93, 100, 100, 97, 91, 64, 83, 32, 75, 0, 1
8, 92, 52, 100, 91, 88, 76, 61, 92, 37, 100, 14, 51, 3, 0, 0, 3
0, 81, 34, 100, 68, 83, 56, 52, 24, 29, 16, 20, 64, 17, 100, 0, 2
0, 91, 34, 100, 62, 78, 58, 38, 46, 0, 31, 34, 57, 55, 100, 59, 7
36, 100, 5, 66, 0, 22, 40, 0, 85, 19, 100, 59, 65, 89, 15, 94, 0
59, 100, 28, 71, 26, 20, 0, 0, 28, 40, 72, 67, 100, 99, 49, 99, 8
26, 89, 0, 74, 1, 30, 35, 0, 80, 10, 100, 50, 86, 92, 46, 100, 0
21, 86, 55, 100, 87, 79, 62, 49, 83, 38, 100, 12, 52, 0, 0, 4, 3
85, 100, 38, 76, 0, 42, 82, 41, 100, 61, 78, 95, 75, 47, 71, 0, 4
22, 100, 20, 75, 0, 40, 0, 25, 67, 30, 100, 39, 84, 36, 79, 0, 4
3, 61, 69, 34, 69, 0, 0, 13, 45, 46, 100, 78, 71, 100, 29, 71, 8
13, 100, 0, 82, 0, 60, 27, 42, 82, 42, 80, 41, 80, 19, 100, 0, 4
61, 100, 96, 98, 83, 49, 46, 14, 0, 0, 6, 29, 54, 27, 100, 8, 2
67, 92, 32, 87, 0, 44, 72, 50, 100, 62, 63, 100, 62, 48, 59, 0, 4
0, 70, 35, 87, 59, 100, 61, 79, 64, 58, 72, 37, 81, 17, 100, 0, 1
36, 86, 0, 75, 35, 34, 12, 0, 11, 35, 75, 68, 100, 100, 12, 89, 8
52, 79, 71, 100, 92, 78, 67, 52, 100, 35, 84, 9, 39, 0, 0, 8, 3
13, 78, 35, 100, 83, 96, 63, 66, 27, 42, 0, 13, 43, 0, 100, 1, 2
0, 89, 38, 100, 65, 85, 55, 60, 69, 37, 100, 18, 81, 0, 45, 1, 3
47, 97, 17, 79, 57, 40, 70, 0, 0, 17, 33, 53, 100, 79, 65, 100, 8
0, 95, 27, 100, 32, 63, 15, 31, 11, 10, 41, 7, 70, 3, 100, 0, 2
24, 100, 12, 89, 0, 55, 28, 39, 73, 53, 100, 61, 74, 32, 58, 0, 4
73, 100, 27, 84, 1, 51, 0, 15, 47, 0, 100, 4, 82, 19, 34, 10, 6
12, 100, 3, 86, 0, 61, 35, 54, 72, 54, 100, 53, 90, 27, 88, 0, 4
15, 63, 36, 100, 68, 70, 50, 24, 8, 0, 0, 6, 50, 5, 100, 4, 2
18, 68, 0, 21, 44, 0, 89, 22, 100, 75, 58, 100, 11, 81, 1, 31, 0
9, 45, 0, 65, 45, 89, 100, 100, 88, 75, 79, 50, 61, 25, 52, 0, 1
32, 87, 76, 51, 98, 14, 16, 0, 46, 32, 100, 66, 76, 100, 0, 82, 8
21, 71, 0, 33, 22, 0, 72, 10, 100, 44, 93, 84, 47, 100, 1, 82, 0
42, 100, 34, 75, 0, 48, 3, 42, 58, 38, 100, 53, 85, 33, 71, 0, 4
16, 87, 66, 100, 86, 81, 48, 57, 77, 46, 100, 21, 60, 0, 0, 2, 3
0, 91, 47, 70, 62, 100, 43, 78, 91, 70, 100, 30, 68, 0, 29, 12, 9
6, 100, 2, 97, 0, 69, 15, 42, 59, 39, 100, 51, 84, 27, 76, 0, 4
100, 100, 85, 86, 60, 62, 41, 36, 29, 9, 58, 0, 46, 21, 0, 21, 6
1, 63, 3, 27, 37, 0, 79, 18, 100, 54, 89, 90, 41, 100, 0, 80, 0
100, 83, 29, 100, 27, 65, 86, 32, 59, 0, 0, 21, 45, 58, 99, 89, 8
86, 61, 28, 48, 0, 75, 36, 100, 91, 89, 100, 57, 81, 26, 44, 0, 9
69, 100, 27, 87, 1, 57, 0, 25, 35, 1, 91, 0, 100, 21, 45, 27, 6
32, 100, 20, 69, 0, 34, 36, 29, 92, 36, 100, 51, 66, 36, 58, 0, 4
47, 91, 80, 100, 66, 70, 81, 65, 100, 37, 76, 6, 36, 0, 0, 18, 3
36, 100, 0, 55, 7, 0, 61, 25, 100, 76, 61, 100, 37, 69, 24, 44, 0
42, 59, 53, 100, 87, 81, 61, 41, 22, 12, 0, 1, 50, 1, 100, 0, 2
0, 57, 31, 69, 66, 85, 100, 100, 88, 75, 73, 50, 61, 23, 53, 0, 1
44, 93, 0, 100, 32, 60, 85, 27, 61, 0, 41, 36, 100, 65, 72, 88, 8
26, 100, 0, 83, 23, 51, 83, 42, 100, 55, 79, 84, 56, 42, 37, 0, 4
0, 58, 0, 14, 38, 0, 77, 16, 100, 55, 82, 95, 42, 100, 9, 74, 0
0, 90, 43, 100, 100, 90, 91, 57, 72, 25, 50, 0, 14, 26, 74, 38, 7
69, 82, 0, 100, 22, 64, 96, 36, 96, 0, 33, 20, 93, 53, 100, 79, 8
10, 89, 0, 45, 20, 4, 65, 0, 99, 31, 100, 75, 61, 100, 16, 85, 0
0, 54, 61, 75, 100, 100, 94, 98, 65, 74, 42, 49, 35, 23, 68, 0, 1
29, 71, 65, 100, 63, 82, 42, 39, 24, 0, 0, 7, 50, 9, 100, 8, 1
5, 67, 30, 100, 60, 78, 41, 39, 5, 10, 0, 20, 49, 6, 100, 0, 2
100, 95, 46, 100, 9, 71, 0, 37, 21, 3, 80, 0, 67, 29, 3, 31, 6
69, 48, 100, 74, 76, 100, 26, 86, 0, 56, 46, 44, 81, 34, 77, 0, 9
25, 79, 57, 100, 85, 78, 56, 45, 84, 42, 100, 11, 52, 0, 0, 2, 3
84, 78, 27, 54, 6, 82, 65, 100, 89, 65, 100, 28, 69, 0, 0, 10, 9
100, 96, 54, 84, 0, 74, 33, 100, 85, 98, 67, 62, 36, 29, 37, 0, 9
59, 100, 19, 92, 0, 49, 15, 5, 60, 0, 97, 28, 100, 74, 61, 96, 0
43, 67, 83, 33, 78, 0, 9, 9, 57, 41, 100, 73, 57, 100, 0, 78, 8
0, 100, 16, 91, 69, 94, 100, 90, 65, 70, 45, 45, 31, 18, 20, 0, 7
69, 84, 31, 100, 29, 65, 76, 86, 81, 76, 100, 31, 58, 4, 0, 0, 9
39, 100, 12, 74, 0, 44, 38, 30, 85, 32, 100, 51, 95, 30, 86, 0, 4
0, 0, 44, 16, 80, 41, 100, 70, 86, 100, 38, 95, 33, 68, 83, 59, 9
36, 100, 0, 70, 32, 46, 93, 53, 100, 88, 74, 67, 52, 33, 31, 0, 4
7, 94, 0, 100, 57, 100, 100, 98, 58, 79, 33, 52, 19, 25, 22, 0, 7
61, 100, 18, 82, 0, 41, 15, 0, 72, 8, 100, 47, 100, 90, 50, 82, 0
0, 91, 36, 100, 58, 64, 42, 17, 23, 0, 22, 37, 61, 42, 100, 47, 7
0, 97, 63, 100, 87, 75, 73, 32, 63, 0, 8, 26, 29, 39, 100, 39, 7
33, 100, 0, 84, 3, 54, 52, 41, 100, 46, 69, 59, 51, 30, 41, 0, 4
80, 86, 46, 100, 0, 78, 42, 57, 100, 75, 98, 62, 88, 29, 75, 0, 9
17, 98, 0, 47, 31, 3, 84, 0, 100, 50, 71, 98, 23, 100, 3, 52, 0
12, 77, 36, 90, 44, 100, 37, 63, 46, 27, 100, 21, 47, 8, 0, 0, 1
0, 78, 30, 100, 62, 91, 48, 59, 24, 31, 14, 3, 57, 1, 100, 0, 2
39, 82, 69, 100, 96, 80, 60, 61, 100, 44, 88, 14, 43, 0, 0, 10, 3
46, 100, 1, 69, 0, 33, 64, 29, 100, 42, 75, 84, 65, 46, 62, 0, 4
53, 92, 99, 100, 100, 74, 61, 53, 83, 39, 95, 13, 48, 0, 0, 6, 3
0, 90, 22, 100, 39, 59, 37, 11, 31, 0, 21, 32, 60, 35, 100, 39, 7
48, 87, 13, 59, 0, 10, 43, 0, 84, 29, 100, 77, 64, 100, 26, 68, 0
33, 70, 68, 100, 68, 78, 61, 36, 42, 5, 0, 2, 50, 2, 100, 0, 1
100, 100, 73, 83, 32, 59, 4, 33, 0, 4, 66, 0, 88, 18, 20, 18, 6
69, 65, 10, 59, 0, 88, 54, 100, 100, 80, 94, 49, 61, 22, 14, 0, 9
0, 90, 48, 100, 100, 95, 82, 64, 56, 32, 42, 0, 17, 24, 70, 26, 7
0, 95, 43, 100, 89, 94, 73, 51, 62, 6, 47, 0, 51, 35, 100, 38, 7
68, 82, 100, 100, 99, 91, 68, 75, 95, 48, 80, 21, 41, 7, 0, 0, 5
28, 58, 25, 97, 68, 100, 69, 59, 44, 22, 0, 0, 47, 10, 100, 1, 2
0, 94, 73, 100, 81, 64, 56, 27, 47, 0, 5, 34, 19, 45, 100, 45, 7
13, 74, 0, 44, 31, 0, 86, 4, 100, 55, 67, 100, 18, 84, 23, 30, 0
0, 100, 1, 58, 20, 17, 58, 0, 94, 19, 100, 64, 69, 92, 28, 90, 0
0, 54, 59, 54, 100, 23, 45, 0, 41, 34, 79, 69, 65, 100, 13, 75, 8
86, 88, 51, 100, 44, 74, 87, 95, 100, 89, 70, 51, 38, 14, 0, 0, 9
100, 67, 75, 100, 0, 95, 17, 64, 92, 72, 100, 69, 92, 33, 56, 0, 9
84, 85, 37, 100, 0, 72, 58, 65, 100, 93, 82, 66, 65, 33, 61, 0, 9
23, 100, 22, 75, 0, 44, 47, 32, 100, 46, 99, 68, 90, 34, 86, 0, 4
65, 90, 97, 100, 95, 73, 72, 48, 39, 25, 0, 5, 43, 0, 100, 0, 2
0, 78, 27, 100, 42, 70, 29, 33, 1, 4, 14, 5, 57, 0, 100, 4, 2
59, 85, 4, 100, 49, 50, 94, 0, 0, 24, 49, 56, 100, 88, 4, 90, 8
44, 84, 80, 100, 84, 73, 50, 60, 100, 49, 86, 16, 33, 0, 0, 23, 3
100, 100, 61, 85, 25, 58, 0, 28, 23, 0, 77, 9, 85, 39, 30, 50, 6
9, 90, 0, 100, 60, 100, 100, 85, 87, 63, 60, 42, 31, 22, 17, 0, 7
39, 100, 16, 74, 40, 57, 14, 80, 32, 35, 0, 7, 18, 0, 100, 8, 1
2, 91, 80, 100, 82, 67, 57, 33, 28, 0, 0, 17, 13, 40, 100, 44, 7
0, 51, 21, 56, 62, 78, 100, 100, 77, 79, 52, 53, 32, 26, 24, 0, 1
0, 93, 57, 100, 100, 84, 89, 45, 82, 5, 63, 0, 39, 26, 100, 35, 7
100, 100, 55, 94, 19, 70, 0, 36, 12, 3, 57, 0, 66, 30, 20, 35, 6
28, 87, 70, 100, 68, 68, 40, 39, 5, 13, 0, 9, 51, 8, 100, 0, 2
8, 70, 25, 100, 50, 72, 42, 34, 10, 5, 0, 9, 50, 5, 100, 0, 2
86, 89, 48, 100, 27, 61, 77, 63, 100, 85, 87, 43, 61, 5, 0, 0, 9
0, 92, 38, 100, 87, 93, 70, 71, 72, 47, 100, 22, 64, 3, 15, 0, 3
1, 72, 34, 100, 60, 84, 43, 46, 13, 13, 0, 0, 54, 2, 100, 4, 2
44, 74, 53, 100, 50, 73, 46, 42, 44, 10, 0, 0, 35, 5, 100, 7, 1
29, 100, 21, 76, 0, 47, 6, 32, 79, 35, 100, 58, 99, 28, 93, 0, 4
0, 89, 50, 100, 85, 78, 70, 39, 56, 0, 30, 13, 43, 35, 100, 45, 7
79, 79, 66, 100, 0, 91, 23, 64, 91, 73, 100, 62, 84, 29, 85, 0, 9
25, 100, 82, 99, 81, 65, 51, 32, 14, 0, 0, 1, 14, 35, 100, 42, 7
0, 54, 46, 77, 100, 100, 79, 80, 71, 55, 65, 30, 56, 5, 100, 0, 1
0, 40, 32, 59, 71, 82, 100, 100, 85, 75, 71, 50, 64, 25, 75, 0, 1
23, 100, 17, 69, 0, 35, 34, 22, 100, 22, 99, 39, 56, 34, 43, 0, 4
0, 78, 34, 100, 67, 83, 66, 40, 54, 0, 34, 28, 62, 46, 100, 63, 7
31, 72, 56, 100, 70, 76, 47, 45, 15, 17, 0, 4, 50, 0, 100, 0, 2
46, 100, 0, 75, 14, 57, 85, 57, 100, 82, 74, 63, 53, 31, 46, 0, 4
13, 100, 15, 75, 0, 45, 47, 32, 100, 46, 87, 61, 80, 30, 80, 0, 4
78, 100, 0, 92, 22, 75, 100, 89, 90, 80, 62, 53, 38, 27, 32, 0, 9
36, 65, 49, 100, 73, 71, 58, 33, 27, 1, 0, 1, 50, 6, 100, 0, 2
24, 91, 82, 100, 88, 95, 33, 82, 51, 51, 100, 32, 53, 4, 0, 0, 5
99, 81, 53, 100, 0, 83, 50, 67, 100, 78, 99, 34, 69, 0, 8, 2, 9
63, 100, 21, 81, 0, 51, 7, 19, 56, 0, 100, 17, 54, 33, 0, 19, 6
45, 85, 80, 100, 76, 72, 58, 58, 100, 44, 87, 13, 39, 0, 0, 16, 3
59, 77, 15, 63, 88, 31, 47, 0, 14, 26, 66, 62, 100, 100, 0, 99, 8
27, 50, 79, 68, 100, 100, 46, 85, 42, 42, 51, 1, 0, 0, 35, 33, 8
68, 100, 32, 95, 0, 61, 35, 34, 99, 28, 100, 66, 63, 35, 33, 0, 4
44, 89, 97, 100, 76, 93, 36, 67, 88, 60, 100, 29, 57, 6, 0, 0, 5
15, 100, 6, 83, 0, 63, 15, 44, 58, 44, 72, 37, 74, 17, 100, 0, 4
100, 100, 64, 93, 36, 67, 14, 36, 11, 0, 48, 4, 34, 19, 0, 3, 6
36, 100, 100, 99, 82, 65, 60, 32, 36, 0, 0, 21, 25, 33, 92, 34, 7
82, 95, 26, 90, 90, 75, 52, 100, 27, 81, 100, 63, 67, 25, 0, 0, 9
100, 85, 73, 84, 3, 63, 8, 91, 82, 100, 79, 65, 36, 32, 0, 0, 9
76, 81, 0, 82, 57, 42, 91, 0, 19, 17, 78, 57, 100, 100, 20, 84, 8
0, 63, 30, 50, 64, 20, 50, 0, 23, 35, 16, 73, 53, 96, 100, 100, 5
98, 100, 31, 97, 48, 60, 72, 23, 16, 0, 0, 30, 47, 62, 100, 92, 8
33, 100, 11, 75, 0, 43, 44, 24, 91, 30, 100, 62, 76, 33, 64, 0, 4
47, 100, 21, 78, 0, 42, 26, 8, 94, 4, 100, 32, 34, 28, 28, 0, 6
14, 87, 44, 65, 71, 100, 0, 87, 44, 69, 94, 72, 100, 23, 36, 0, 9
41, 75, 46, 100, 87, 86, 70, 53, 38, 25, 0, 19, 53, 18, 100, 0, 2
54, 94, 100, 100, 60, 99, 25, 75, 41, 58, 73, 39, 44, 10, 0, 0, 5
60, 91, 0, 85, 19, 37, 82, 27, 31, 0, 3, 30, 40, 74, 100, 100, 5
35, 93, 94, 100, 100, 94, 44, 82, 47, 48, 98, 31, 58, 6, 0, 0, 5
100, 100, 49, 88, 20, 56, 7, 19, 46, 0, 95, 17, 51, 22, 0, 7, 6
55, 100, 22, 77, 2, 47, 0, 16, 46, 0, 100, 10, 80, 30, 31, 16, 6
13, 72, 27, 98, 93, 100, 100, 75, 58, 54, 85, 37, 56, 14, 0, 0, 3
43, 84, 0, 77, 48, 37, 28, 0, 1, 25, 68, 57, 100, 97, 21, 100, 8
0, 99, 27, 100, 49, 83, 51, 55, 43, 29, 44, 3, 72, 0, 100, 2, 2
21, 100, 4, 74, 0, 30, 32, 0, 81, 20, 100, 59, 76, 96, 25, 90, 0
20, 79, 30, 100, 100, 99, 66, 71, 45, 59, 97, 40, 70, 11, 0, 0, 3
0, 69, 35, 100, 100, 94, 69, 49, 26, 8, 71, 0, 36, 40, 15, 83, 8
4, 25, 68, 64, 33, 97, 0, 36, 38, 0, 100, 43, 96, 100, 22, 85, 0
0, 71, 39, 94, 100, 100, 100, 73, 54, 48, 11, 23, 33, 1, 95, 0, 2
57, 60, 61, 61, 100, 100, 37, 99, 62, 78, 93, 52, 67, 2, 0, 0, 9
39, 83, 58, 100, 100, 90, 80, 63, 94, 37, 80, 9, 35, 0, 0, 17, 3
54, 86, 84, 100, 100, 79, 71, 59, 56, 34, 62, 9, 22, 0, 0, 15, 3
0, 82, 37, 100, 75, 87, 61, 55, 34, 27, 9, 5, 56, 5, 100, 0, 2
20, 69, 35, 100, 68, 82, 59, 44, 30, 12, 0, 0, 50, 6, 100, 6, 2
0, 83, 26, 100, 58, 92, 47, 58, 22, 31, 34, 4, 67, 0, 100, 0, 2
36, 100, 29, 81, 0, 56, 12, 32, 67, 32, 95, 54, 94, 26, 100, 0, 4
0, 88, 50, 100, 83, 85, 52, 61, 62, 38, 100, 18, 57, 1, 3, 0, 3
0, 89, 23, 100, 79, 94, 73, 48, 51, 2, 31, 0, 42, 31, 100, 30, 7
81, 79, 38, 57, 13, 88, 61, 100, 84, 65, 100, 28, 75, 0, 0, 5, 9
2, 83, 32, 100, 69, 84, 41, 59, 76, 40, 100, 15, 54, 0, 0, 10, 3
55, 100, 16, 89, 0, 59, 4, 28, 34, 0, 100, 1, 90, 25, 32, 10, 6
0, 97, 30, 96, 71, 98, 100, 100, 67, 83, 47, 56, 32, 28, 24, 0, 7
42, 79, 53, 100, 68, 75, 48, 48, 17, 24, 0, 10, 50, 7, 100, 0, 2
42, 90, 91, 100, 100, 76, 56, 57, 86, 49, 89, 17, 46, 0, 0, 12, 3
100, 100, 63, 99, 29, 74, 3, 43, 0, 6, 41, 0, 66, 22, 25, 31, 6
12, 91, 55, 98, 100, 100, 100, 83, 67, 64, 54, 39, 37, 14, 0, 0, 3
13, 83, 0, 61, 4, 15, 54, 0, 98, 28, 100, 73, 55, 100, 16, 71, 0
47, 96, 13, 66, 44, 34, 7, 0, 0, 34, 8, 83, 45, 100, 100, 97, 5
91, 67, 83, 100, 25, 86, 24, 43, 41, 0, 0, 6, 36, 33, 100, 36, 8
63, 100, 25, 80, 0, 48, 0, 12, 54, 0, 100, 24, 70, 43, 21, 20, 6
5, 92, 82, 100, 100, 67, 57, 32, 12, 0, 80, 11, 70, 46, 0, 66, 8
0, 65, 32, 69, 66, 84, 100, 100, 89, 75, 77, 49, 66, 23, 62, 0, 1
11, 70, 0, 31, 32, 0, 89, 9, 100, 47, 78, 84, 27, 100, 2, 66, 0
30, 89, 0, 64, 22, 22, 63, 0, 100, 24, 90, 68, 51, 97, 5, 100, 0
25, 100, 71, 93, 77, 57, 59, 20, 30, 0, 0, 28, 50, 25, 100, 14, 7
53, 100, 41, 90, 15, 66, 0, 40, 46, 29, 100, 30, 92, 24, 93, 0, 4
31, 77, 35, 100, 69, 86, 51, 43, 19, 8, 0, 3, 49, 3, 100, 0, 2
5, 100, 52, 100, 96, 79, 84, 38, 60, 0, 100, 13, 53, 34, 0, 49, 7
3, 40, 14, 59, 55, 81, 100, 100, 82, 76, 51, 51, 21, 26, 0, 0, 1
0, 39, 39, 59, 80, 82, 100, 100, 74, 76, 52, 51, 37, 25, 33, 0, 1
14, 70, 58, 36, 28, 0, 0, 30, 48, 66, 100, 100, 46, 95, 22, 55, 8
0, 63, 29, 83, 67, 100, 100, 97, 84, 72, 61, 48, 40, 23, 19, 0, 1
0, 52, 52, 75, 87, 100, 65, 84, 63, 58, 72, 32, 98, 7, 100, 0, 1
5, 87, 5, 30, 41, 0, 83, 9, 100, 58, 70, 100, 29, 95, 0, 51, 0
100, 100, 6, 98, 0, 81, 0, 65, 6, 48, 6, 32, 12, 16, 44, 0, 1
100, 92, 79, 100, 47, 89, 46, 61, 68, 37, 66, 9, 34, 0, 0, 1, 5
100, 100, 57, 100, 29, 77, 22, 54, 65, 53, 61, 16, 22, 0, 0, 9, 5
100, 100, 56, 93, 21, 63, 0, 31, 19, 0, 79, 6, 77, 37, 17, 29, 6
0, 96, 50, 100, 100, 94, 95, 60, 70, 27, 55, 0, 30, 25, 82, 23, 7
0, 63, 60, 78, 100, 100, 93, 91, 86, 67, 86, 41, 79, 16, 24, 0, 1
0, 37, 10, 55, 72, 77, 100, 100, 83, 75, 72, 50, 55, 25, 41, 0, 1
18, 73, 100, 80, 95, 100, 10, 80, 0, 54, 92, 68, 92, 40, 58, 0, 9
100, 85, 67, 100, 56, 66, 96, 79, 90, 65, 86, 28, 54, 0, 0, 11, 9
100, 100, 54, 99, 15, 80, 20, 47, 64, 56, 80, 24, 46, 0, 0, 2, 5
20, 91, 59, 100, 100, 91, 84, 71, 52, 53, 64, 32, 39, 12, 0, 0, 3
0, 66, 30, 90, 69, 100, 65, 62, 39, 29, 12, 1, 57, 0, 100, 3, 2
0, 99, 48, 100, 67, 84, 56, 43, 56, 0, 43, 1, 52, 29, 100, 39, 7
49, 92, 58, 48, 66, 4, 0, 0, 39, 36, 100, 65, 92, 100, 25, 88, 8
87, 95, 28, 76, 0, 37, 18, 0, 77, 23, 100, 64, 74, 100, 23, 75, 0
51, 100, 23, 74, 7, 34, 35, 0, 99, 6, 100, 34, 34, 31, 0, 1, 6
25, 79, 5, 36, 32, 0, 75, 19, 100, 60, 81, 100, 35, 94, 0, 62, 0
100, 100, 67, 86, 26, 60, 0, 31, 16, 0, 71, 7, 65, 36, 5, 48, 6
27, 84, 27, 56, 74, 30, 42, 0, 17, 27, 0, 64, 35, 94, 100, 100, 5
45, 100, 4, 75, 0, 47, 80, 39, 100, 64, 82, 57, 66, 28, 68, 0, 4
0, 42, 38, 61, 74, 82, 100, 100, 85, 75, 69, 50, 57, 25, 55, 0, 1
30, 78, 62, 100, 81, 77, 59, 46, 25, 19, 0, 11, 50, 5, 100, 0, 2
0, 65, 28, 36, 41, 0, 19, 4, 5, 40, 7, 79, 50, 97, 100, 100, 5
100, 100, 68, 87, 40, 61, 12, 34, 0, 5, 42, 0, 59, 20, 8, 15, 6
0, 88, 46, 100, 83, 78, 66, 39, 45, 0, 15, 15, 32, 37, 100, 38, 7
2, 55, 50, 76, 93, 100, 100, 98, 90, 70, 83, 42, 62, 14, 0, 0, 1
0, 57, 35, 95, 100, 100, 95, 57, 53, 19, 43, 0, 60, 38, 0, 63, 8
50, 92, 100, 100, 51, 96, 22, 60, 43, 42, 86, 31, 49, 0, 0, 0, 5
56, 91, 24, 100, 47, 77, 83, 87, 100, 48, 99, 8, 51, 0, 0, 14, 9
64, 100, 45, 87, 6, 58, 0, 23, 49, 0, 100, 21, 55, 43, 34, 22, 6
27, 76, 74, 75, 100, 100, 30, 97, 0, 75, 56, 55, 81, 28, 68, 0, 9
7, 87, 54, 100, 100, 88, 69, 66, 87, 37, 99, 6, 51, 0, 0, 8, 3
30, 71, 20, 52, 40, 12, 7, 0, 0, 52, 24, 84, 61, 95, 100, 100, 5
32, 100, 57, 90, 46, 51, 25, 15, 6, 0, 0, 38, 48, 46, 100, 48, 7
38, 99, 77, 100, 100, 78, 66, 59, 98, 35, 80, 9, 37, 0, 0, 9, 3
26, 100, 15, 94, 0, 62, 19, 37, 67, 49, 100, 59, 83, 30, 81, 0, 4
31, 89, 0, 55, 14, 12, 64, 0, 100, 29, 94, 72, 53, 100, 3, 91, 0
7, 67, 22, 100, 46, 70, 35, 32, 0, 5, 2, 0, 51, 5, 100, 9, 2
0, 49, 30, 69, 69, 88, 100, 100, 80, 76, 62, 51, 45, 25, 32, 0, 1
100, 100, 54, 99, 16, 79, 0, 51, 48, 51, 76, 27, 47, 1, 1, 0, 5
42, 78, 56, 78, 100, 38, 50, 0, 8, 20, 58, 60, 94, 100, 0, 89, 8
0, 78, 51, 100, 100, 79, 86, 44, 62, 11, 44, 0, 1, 28, 73, 34, 7
13, 93, 56, 60, 100, 25, 35, 0, 8, 29, 60, 63, 81, 100, 0, 98, 8
45, 100, 9, 76, 40, 64, 100, 70, 76, 79, 53, 53, 25, 26, 0, 0, 4
50, 91, 56, 72, 100, 100, 46, 100, 82, 81, 94, 43, 64, 4, 0, 0, 9
0, 65, 55, 81, 100, 100, 89, 86, 77, 65, 70, 43, 62, 21, 65, 0, 1
100, 100, 60, 91, 23, 63, 0, 32, 12, 0, 65, 6, 69, 36, 11, 38, 6
19, 100, 0, 71, 0, 40, 51, 29, 100, 40, 90, 62, 82, 31, 82, 0, 4
6, 74, 37, 58, 100, 45, 91, 2, 26, 0, 0, 46, 20, 85, 85, 100, 5
70, 100, 28, 85, 2, 52, 0, 17, 53, 0, 100, 22, 52, 44, 6, 28, 6
8, 73, 25, 100, 53, 71, 40, 35, 2, 11, 0, 1, 50, 1, 100, 0, 2
68, 66, 100, 98, 57, 100, 27, 68, 73, 72, 78, 37, 45, 5, 0, 0, 9
9, 88, 49, 100, 64, 76, 21, 56, 72, 46, 100, 21, 59, 2, 0, 0, 3
0, 85, 36, 100, 45, 74, 24, 51, 80, 56, 100, 31, 61, 10, 6, 0, 3
60, 47, 100, 69, 95, 100, 38, 98, 0, 73, 33, 49, 82, 32, 68, 0, 9
4, 75, 55, 68, 100, 95, 46, 100, 0, 72, 51, 64, 62, 43, 35, 0, 9
51, 88, 14, 74, 0, 27, 35, 0, 85, 24, 100, 69, 61, 100, 15, 76, 0
77, 100, 31, 84, 0, 44, 1, 0, 60, 5, 100, 40, 83, 81, 32, 72, 0
34, 93, 7, 61, 0, 25, 34, 0, 81, 12, 100, 46, 98, 83, 62, 100, 0
100, 100, 54, 80, 19, 56, 0, 31, 17, 7, 81, 0, 98, 20, 31, 17, 6
17, 94, 0, 57, 16, 10, 64, 0, 100, 32, 98, 80, 55, 100, 14, 73, 0
67, 100, 10, 92, 29, 53, 50, 14, 1, 0, 0, 37, 45, 67, 100, 87, 8
0, 87, 43, 100, 68, 58, 63, 8, 34, 0, 2, 29, 51, 34, 100, 41, 7
21, 89, 0, 68, 50, 37, 49, 0, 7, 15, 3, 68, 39, 99, 100, 100, 5
0, 75, 21, 55, 42, 22, 18, 0, 4, 35, 4, 72, 42, 96, 100, 100, 5
100, 100, 48, 100, 9, 75, 8, 52, 61, 56, 85, 25, 49, 0, 0, 5, 5
42, 100, 10, 77, 0, 47, 68, 43, 100, 68, 83, 60, 66, 30, 68, 0, 4
48, 88, 91, 69, 76, 100, 16, 75, 93, 75, 100, 56, 84, 11, 0, 0, 9
49, 72, 46, 100, 0, 71, 48, 35, 79, 0, 11, 21, 40, 58, 100, 86, 8
8, 87, 0, 43, 10, 0, 61, 3, 95, 38, 100, 81, 53, 100, 1, 83, 0
27, 86, 50, 100, 100, 95, 64, 72, 50, 47, 80, 21, 53, 0, 0, 3, 3
19, 89, 64, 100, 70, 61, 41, 27, 0, 4, 4, 3, 52, 4, 100, 0, 2
76, 100, 52, 60, 0, 27, 58, 27, 100, 55, 98, 85, 95, 42, 90, 0, 4
35, 86, 67, 100, 100, 84, 57, 66, 95, 44, 96, 12, 48, 0, 0, 11, 3
46, 90, 41, 60, 99, 87, 54, 100, 89, 98, 100, 58, 67, 20, 0, 0, 9
38, 77, 86, 97, 100, 100, 41, 92, 23, 56, 80, 44, 56, 12, 0, 0, 5
59, 100, 17, 69, 0, 31, 32, 0, 86, 22, 100, 61, 78, 97, 16, 96, 0
0, 56, 30, 73, 64, 87, 99, 100, 100, 79, 85, 52, 79, 23, 97, 0, 1
72, 91, 21, 75, 13, 30, 53, 0, 100, 24, 100, 69, 55, 100, 0, 88, 0
0, 100, 22, 86, 60, 80, 100, 80, 84, 65, 66, 42, 51, 18, 47, 0, 7
0, 94, 48, 100, 85, 80, 78, 41, 75, 0, 96, 1, 100, 32, 45, 37, 7
100, 65, 72, 100, 0, 85, 20, 52, 79, 78, 99, 48, 83, 5, 14, 0, 9
3, 97, 42, 63, 100, 31, 61, 0, 0, 19, 38, 57, 80, 95, 32, 100, 8
15, 100, 20, 55, 76, 48, 69, 0, 20, 10, 0, 61, 38, 95, 100, 99, 5
100, 100, 90, 96, 45, 71, 14, 43, 16, 12, 78, 0, 72, 16, 0, 18, 6
0, 39, 35, 59, 65, 81, 100, 100, 95, 75, 87, 50, 78, 25, 77, 0, 1
16, 78, 44, 100, 95, 95, 75, 66, 51, 43, 100, 31, 59, 9, 0, 0, 3
74, 100, 50, 65, 0, 37, 3, 36, 74, 39, 100, 61, 70, 39, 51, 0, 4
93, 100, 48, 89, 12, 59, 0, 25, 43, 0, 100, 18, 61, 43, 0, 29, 6
65, 100, 93, 92, 71, 68, 80, 47, 100, 24, 70, 6, 34, 0, 0, 7, 3
77, 90, 8, 100, 1, 64, 55, 31, 60, 0, 0, 27, 29, 65, 100, 89, 8
26, 80, 23, 56, 60, 24, 28, 0, 0, 24, 13, 68, 47, 97, 100, 100, 5
0, 32, 24, 56, 62, 77, 100, 100, 100, 91, 77, 62, 62, 32, 54, 0, 1
0, 79, 26, 54, 70, 25, 26, 0, 10, 33, 0, 70, 30, 100, 100, 95, 5
20, 62, 15, 17, 58, 0, 99, 20, 100, 65, 69, 100, 23, 98, 0, 60, 0
90, 100, 0, 86, 42, 44, 53, 0, 17, 15, 73, 56, 100, 99, 8, 99, 8
92, 90, 56, 100, 33, 66, 78, 66, 100, 69, 100, 31, 65, 0, 0, 2, 9
32, 81, 62, 100, 65, 76, 39, 52, 10, 28, 0, 2, 50, 0, 100, 3, 2
100, 100, 53, 77, 20, 40, 13, 0, 65, 15, 94, 51, 56, 78, 0, 78, 0
32, 89, 19, 53, 73, 37, 53, 0, 0, 17, 7, 65, 39, 100, 100, 98, 5
0, 75, 15, 53, 77, 22, 33, 0, 20, 34, 72, 67, 100, 100, 5, 89, 8
0, 77, 29, 100, 78, 87, 55, 59, 67, 50, 100, 23, 66, 0, 12, 7, 3
0, 91, 40, 100, 65, 69, 62, 29, 48, 0, 16, 31, 51, 40, 100, 48, 7
96, 100, 52, 84, 18, 49, 0, 13, 46, 0, 95, 28, 100, 66, 52, 95, 0
12, 83, 50, 100, 85, 67, 63, 23, 16, 0, 0, 18, 52, 18, 100, 1, 2
11, 17, 54, 54, 99, 92, 42, 100, 31, 64, 100, 35, 75, 0, 0, 13, 8
33, 85, 25, 50, 37, 14, 0, 0, 6, 39, 12, 75, 56, 87, 100, 100, 5
29, 80, 33, 100, 71, 89, 55, 43, 20, 8, 0, 5, 50, 4, 100, 0, 2
100, 100, 72, 89, 30, 59, 0, 25, 31, 0, 92, 12, 79, 32, 19, 18, 6
100, 100, 47, 92, 12, 61, 0, 25, 36, 0, 85, 20, 49, 38, 28, 11, 6
19, 76, 67, 68, 86, 100, 7, 83, 61, 61, 100, 57, 81, 16, 0, 0, 9
90, 100, 52, 75, 26, 48, 11, 19, 49, 0, 100, 18, 38, 24, 0, 2, 6
0, 94, 45, 100, 75, 76, 61, 38, 52, 0, 93, 14, 100, 38, 37, 41, 7
1, 84, 0, 69, 72, 41, 94, 3, 11, 0, 4, 45, 13, 91, 100, 100, 5
0, 88, 40, 100, 68, 82, 56, 40, 39, 0, 29, 27, 58, 44, 100, 56, 7
100, 100, 57, 97, 26, 73, 2, 44, 0, 12, 37, 0, 58, 25, 15, 31, 6
0, 82, 35, 100, 68, 81, 72, 39, 57, 0, 26, 23, 61, 40, 100, 52, 7
82, 100, 33, 82, 12, 51, 18, 18, 65, 0, 100, 20, 42, 30, 0, 9, 6
35, 100, 9, 71, 0, 26, 41, 0, 93, 11, 100, 53, 63, 87, 11, 100, 0
9, 97, 56, 100, 91, 72, 74, 36, 58, 0, 100, 22, 63, 34, 0, 34, 7
21, 100, 15, 75, 0, 44, 36, 33, 100, 35, 69, 44, 40, 32, 50, 0, 4
5, 76, 29, 100, 100, 81, 55, 39, 0, 0, 61, 3, 15, 44, 21, 83, 8
0, 83, 38, 100, 79, 90, 77, 47, 74, 4, 62, 0, 54, 32, 100, 39, 7
18, 75, 51, 100, 100, 96, 79, 65, 41, 40, 0, 17, 9, 0, 63, 2, 2
26, 100, 0, 88, 0, 66, 7, 45, 48, 27, 95, 41, 86, 21, 100, 0, 4
77, 95, 20, 81, 43, 59, 76, 19, 15, 0, 0, 36, 38, 85, 100, 100, 5
10, 100, 26, 94, 18, 72, 0, 50, 41, 36, 100, 43, 72, 22, 77, 0, 4
28, 82, 74, 100, 87, 77, 46, 51, 88, 48, 100, 18, 52, 0, 0, 0, 3
40, 100, 47, 79, 15, 45, 0, 28, 80, 25, 100, 51, 92, 24, 95, 0, 4
100, 100, 54, 92, 39, 76, 29, 61, 18, 46, 7, 30, 4, 15, 0, 0, 1
32, 89, 14, 91, 0, 44, 15, 1, 62, 0, 100, 28, 85, 73, 45, 100, 0
11, 88, 74, 100, 100, 77, 69, 40, 37, 5, 6, 0, 0, 34, 72, 41, 7
11, 100, 28, 85, 15, 53, 0, 22, 53, 22, 100, 42, 91, 32, 92, 0, 4
32, 86, 65, 100, 99, 85, 78, 59, 94, 40, 100, 14, 52, 0, 0, 0, 3
52, 83, 74, 100, 74, 63, 54, 28, 17, 0, 0, 16, 50, 22, 100, 5, 2
0, 83, 37, 100, 61, 81, 44, 53, 19, 27, 3, 0, 51, 3, 100, 7, 2
35, 100, 16, 68, 0, 41, 92, 36, 100, 74, 96, 76, 83, 38, 71, 0, 4
71, 100, 22, 89, 48, 69, 51, 80, 75, 47, 100, 16, 57, 0, 0, 7, 9
100, 100, 38, 98, 49, 62, 97, 86, 98, 77, 97, 36, 70, 2, 0, 0, 9
25, 81, 47, 100, 48, 55, 27, 17, 0, 3, 32, 21, 65, 2, 100, 0, 2
100, 100, 56, 88, 64, 67, 91, 96, 93, 60, 79, 24, 43, 0, 0, 11, 9
84, 100, 72, 98, 38, 66, 18, 31, 44, 0, 100, 14, 64, 39, 0, 27, 6
0, 93, 34, 100, 59, 75, 45, 36, 22, 0, 19, 31, 53, 46, 100, 50, 7
13, 65, 39, 100, 72, 82, 49, 44, 11, 15, 0, 0, 50, 4, 100, 6, 2
53, 70, 71, 100, 68, 58, 38, 23, 0, 7, 22, 30, 63, 21, 100, 0, 2
80, 100, 35, 97, 45, 76, 98, 80, 100, 53, 95, 19, 53, 0, 0, 5, 9
40, 100, 0, 58, 20, 16, 92, 10, 100, 49, 77, 100, 66, 54, 62, 0, 4
100, 100, 48, 80, 13, 53, 0, 23, 36, 0, 94, 15, 64, 30, 10, 11, 6
8, 70, 36, 100, 55, 69, 40, 31, 9, 0, 0, 17, 49, 10, 100, 0, 2
64, 75, 43, 100, 40, 60, 100, 28, 81, 0, 0, 6, 38, 44, 72, 75, 8
0, 56, 23, 63, 61, 81, 100, 100, 88, 77, 69, 52, 53, 26, 44, 0, 1
8, 73, 0, 61, 63, 35, 74, 0, 6, 6, 7, 51, 25, 91, 100, 100, 5
0, 100, 45, 95, 100, 89, 87, 48, 62, 9, 38, 0, 29, 37, 87, 40, 7
0, 87, 38, 100, 88, 88, 68, 58, 47, 39, 100, 28, 96, 0, 41, 1, 3
77, 100, 29, 80, 0, 53, 2, 21, 45, 0, 100, 6, 68, 29, 14, 27, 6
0, 78, 23, 100, 62, 79, 68, 40, 59, 0, 31, 18, 49, 39, 100, 44, 7
0, 81, 30, 100, 78, 93, 62, 65, 28, 42, 7, 14, 48, 1, 100, 0, 2
7, 91, 6, 50, 71, 40, 74, 0, 12, 13, 0, 56, 16, 94, 100, 100, 5
9, 100, 0, 78, 1, 48, 67, 45, 100, 65, 88, 59, 90, 29, 97, 0, 4
5, 62, 21, 83, 46, 100, 43, 57, 43, 14, 0, 9, 50, 0, 100, 0, 1
42, 67, 16, 27, 49, 0, 93, 19, 100, 66, 64, 98, 19, 100, 0, 59, 0
0, 90, 43, 100, 90, 99, 85, 58, 78, 11, 55, 0, 53, 25, 100, 32, 7
26, 83, 18, 45, 40, 0, 89, 6, 100, 54, 71, 94, 21, 100, 0, 57, 0
3, 94, 0, 100, 76, 100, 100, 92, 64, 70, 39, 46, 26, 21, 33, 0, 7
23, 78, 51, 100, 100, 78, 70, 40, 40, 0, 78, 2, 37, 37, 0, 74, 8
78, 96, 9, 75, 100, 66, 82, 100, 17, 54, 0, 0, 81, 18, 24, 61, 8
0, 84, 50, 100, 100, 86, 70, 44, 49, 0, 21, 8, 20, 28, 84, 30, 7
26, 80, 58, 100, 63, 61, 38, 26, 0, 6, 22, 18, 61, 0, 100, 18, 2
0, 79, 40, 100, 87, 89, 66, 60, 82, 46, 100, 19, 56, 0, 4, 3, 3
0, 100, 63, 100, 79, 71, 61, 36, 47, 0, 21, 5, 36, 29, 100, 31, 7
0, 58, 36, 70, 71, 86, 100, 100, 84, 75, 69, 51, 56, 25, 46, 0, 1
53, 85, 95, 100, 100, 97, 58, 92, 19, 72, 38, 44, 39, 9, 0, 0, 5
0, 91, 47, 100, 100, 81, 88, 44, 60, 10, 37, 0, 24, 32, 96, 40, 7
0, 55, 38, 74, 83, 96, 100, 100, 83, 75, 71, 50, 60, 24, 43, 0, 1
90, 76, 42, 69, 40, 100, 81, 90, 93, 54, 100, 16, 55, 0, 0, 10, 9
20, 77, 54, 100, 100, 94, 81, 64, 79, 44, 94, 15, 48, 0, 0, 14, 3
0, 49, 40, 59, 72, 79, 100, 100, 85, 74, 69, 48, 53, 21, 51, 0, 1
93, 100, 39, 81, 10, 46, 11, 7, 71, 2, 100, 35, 37, 32, 0, 0, 6
88, 92, 2, 99, 16, 66, 94, 37, 70, 0, 0, 24, 42, 65, 100, 100, 8
0, 94, 9, 57, 20, 19, 7, 0, 20, 36, 70, 68, 100, 100, 18, 92, 8
95, 82, 71, 100, 27, 77, 77, 73, 100, 80, 93, 42, 56, 13, 0, 0, 9
58, 64, 100, 96, 27, 100, 0, 63, 79, 65, 91, 72, 48, 36, 10, 0, 9
5, 65, 0, 89, 37, 100, 88, 97, 100, 79, 71, 53, 48, 26, 59, 0, 7
4, 100, 0, 72, 15, 44, 79, 50, 100, 76, 90, 51, 83, 22, 85, 0, 4
19, 100, 35, 93, 0, 63, 12, 36, 89, 37, 100, 66, 94, 33, 89, 0, 4
59, 89, 42, 23, 29, 42, 25, 100, 100, 82, 75, 46, 98, 0, 0, 3, 3
75, 100, 42, 78, 13, 51, 0, 22, 40, 0, 100, 16, 88, 43, 22, 35, 6
26, 98, 24, 49, 45, 13, 17, 0, 0, 35, 26, 72, 62, 91, 100, 100, 5
23, 97, 0, 48, 17, 0, 58, 3, 93, 35, 100, 89, 59, 100, 23, 73, 0
99, 88, 74, 100, 56, 75, 100, 85, 99, 57, 89, 17, 46, 0, 0, 4, 9
100, 100, 55, 82, 23, 54, 0, 23, 33, 0, 87, 15, 66, 44, 11, 40, 6
100, 100, 82, 91, 64, 75, 50, 59, 27, 43, 14, 27, 0, 11, 0, 0, 1
8, 96, 55, 100, 62, 67, 42, 30, 25, 0, 0, 36, 41, 49, 100, 50, 7
42, 98, 22, 72, 75, 51, 62, 0, 0, 6, 23, 57, 43, 100, 100, 99, 5
28, 96, 98, 97, 87, 95, 13, 100, 34, 64, 100, 45, 63, 0, 0, 18, 5
3, 74, 33, 100, 52, 71, 33, 34, 3, 2, 0, 4, 51, 0, 100, 1, 2
11, 98, 0, 55, 52, 36, 45, 0, 17, 22, 11, 72, 42, 100, 100, 99, 5
64, 100, 10, 99, 0, 71, 56, 77, 72, 71, 100, 37, 75, 8, 19, 0, 9
100, 100, 56, 89, 22, 59, 0, 26, 24, 0, 77, 11, 77, 39, 22, 36, 6
64, 65, 100, 100, 41, 85, 67, 42, 64, 0, 0, 16, 20, 59, 81, 74, 8
0, 86, 52, 100, 100, 80, 99, 36, 65, 0, 26, 3, 34, 38, 90, 49, 7
95, 79, 73, 100, 61, 72, 98, 95, 100, 55, 84, 16, 36, 0, 0, 1, 9
2, 91, 0, 56, 28, 21, 43, 0, 39, 33, 76, 65, 100, 100, 37, 96, 8
26, 83, 72, 100, 84, 69, 56, 45, 100, 47, 87, 15, 36, 0, 0, 24, 3
22, 95, 97, 100, 100, 98, 18, 95, 32, 70, 100, 47, 72, 0, 0, 16, 5
31, 94, 0, 62, 2, 17, 40, 0, 78, 20, 100, 60, 80, 98, 37, 100, 0
24, 84, 2, 39, 26, 0, 77, 10, 100, 53, 84, 97, 33, 100, 0, 63, 0
61, 92, 100, 100, 74, 85, 55, 51, 92, 36, 78, 2, 38, 0, 0, 11, 5
27, 76, 41, 100, 100, 94, 79, 66, 86, 45, 94, 16, 39, 0, 0, 10, 3
72, 87, 29, 100, 0, 67, 50, 56, 92, 79, 100, 45, 98, 6, 45, 0, 9
55, 96, 99, 100, 52, 86, 61, 58, 96, 35, 100, 6, 51, 0, 0, 2, 5
0, 98, 42, 100, 73, 70, 60, 31, 35, 0, 5, 27, 52, 32, 100, 24, 7
47, 50, 88, 41, 100, 1, 0, 0, 18, 41, 88, 76, 84, 100, 12, 73, 8
44, 86, 76, 100, 74, 73, 55, 45, 100, 32, 100, 9, 49, 0, 0, 4, 3
98, 100, 50, 83, 14, 53, 0, 20, 46, 0, 100, 16, 70, 43, 18, 38, 6
100, 100, 66, 98, 34, 75, 10, 48, 0, 17, 32, 0, 57, 23, 22, 40, 6
8, 91, 12, 53, 59, 36, 26, 0, 5, 32, 0, 79, 42, 98, 100, 100, 5
58, 100, 3, 99, 0, 64, 57, 65, 71, 70, 100, 30, 70, 0, 13, 3, 9
29, 100, 15, 81, 4, 62, 0, 43, 20, 27, 59, 24, 95, 18, 100, 0, 4
35, 100, 2, 66, 0, 21, 41, 0, 87, 9, 100, 51, 69, 85, 23, 89, 0
75, 100, 35, 99, 61, 73, 89, 99, 95, 64, 100, 22, 56, 0, 0, 7, 9
32, 76, 51, 100, 70, 73, 39, 41, 0, 17, 10, 18, 54, 0, 100, 6, 2
80, 100, 22, 76, 58, 36, 100, 0, 0, 7, 12, 38, 96, 65, 44, 91, 8
77, 100, 48, 75, 16, 52, 0, 26, 47, 18, 100, 36, 89, 25, 79, 0, 4
72, 100, 34, 82, 0, 59, 51, 53, 100, 48, 99, 51, 71, 26, 51, 0, 4
100, 100, 86, 89, 42, 71, 0, 52, 23, 39, 62, 46, 35, 23, 9, 0, 4
70, 75, 92, 40, 84, 0, 0, 0, 35, 38, 100, 71, 90, 100, 13, 84, 8
34, 91, 0, 72, 5, 22, 45, 0, 90, 16, 100, 63, 69, 100, 24, 91, 0
100, 100, 42, 81, 0, 45, 4, 2, 72, 0, 92, 34, 45, 58, 3, 55, 6
26, 95, 0, 58, 9, 16, 58, 0, 99, 25, 100, 68, 65, 100, 20, 87, 0
85, 90, 31, 100, 31, 64, 88, 80, 98, 71, 100, 32, 65, 0, 0, 13, 9
58, 64, 69, 100, 91, 71, 72, 33, 36, 4, 0, 1, 50, 6, 100, 0, 2
100, 100, 68, 91, 37, 65, 15, 37, 9, 4, 45, 0, 46, 27, 0, 23, 6
0, 75, 45, 100, 45, 95, 44, 61, 45, 27, 15, 0, 34, 1, 100, 5, 1
80, 95, 0, 84, 43, 48, 100, 16, 58, 0, 37, 36, 75, 73, 82, 100, 8
64, 74, 73, 52, 100, 13, 35, 0, 47, 37, 95, 72, 56, 100, 0, 76, 8
48, 100, 46, 97, 12, 66, 0, 43, 61, 40, 86, 66, 88, 34, 100, 0, 4
24, 78, 43, 100, 54, 75, 30, 43, 0, 16, 27, 4, 66, 0, 100, 22, 2
13, 77, 44, 100, 51, 68, 40, 36, 15, 7, 0, 1, 50, 3, 100, 0, 2
44, 99, 11, 71, 0, 30, 30, 0, 74, 11, 100, 47, 88, 86, 46, 100, 0
16, 100, 0, 83, 0, 65, 18, 50, 50, 41, 82, 34, 99, 18, 100, 0, 4
98, 75, 34, 100, 0, 75, 70, 41, 99, 0, 16, 13, 61, 53, 100, 85, 8
47, 85, 67, 100, 82, 78, 61, 51, 100, 38, 90, 12, 45, 0, 0, 7, 3
90, 100, 54, 100, 55, 76, 94, 97, 97, 61, 100, 23, 57, 0, 0, 2, 9
62, 100, 40, 74, 7, 45, 0, 29, 68, 46, 100, 59, 83, 29, 69, 0, 4
20, 98, 1, 64, 46, 35, 30, 0, 1, 24, 0, 71, 43, 95, 100, 100, 5
0, 87, 31, 100, 66, 71, 61, 35, 51, 0, 1, 13, 21, 28, 100, 34, 7
33, 86, 62, 60, 88, 30, 64, 0, 31, 28, 0, 57, 21, 84, 100, 100, 5
100, 82, 56, 100, 51, 60, 69, 18, 22, 0, 0, 28, 48, 53, 96, 73, 8
28, 79, 55, 100, 52, 68, 29, 39, 0, 15, 31, 1, 68, 0, 100, 23, 2
11, 78, 0, 56, 53, 41, 46, 0, 3, 10, 4, 70, 46, 100, 100, 94, 5
100, 93, 86, 100, 70, 84, 54, 67, 41, 50, 27, 33, 14, 17, 0, 0, 1
79, 100, 44, 95, 53, 51, 54, 8, 6, 0, 0, 36, 60, 54, 100, 83, 8
38, 68, 68, 100, 66, 82, 62, 44, 55, 7, 0, 0, 57, 3, 100, 7, 1
12, 100, 25, 89, 17, 37, 40, 0, 0, 10, 7, 54, 51, 72, 100, 81, 5
43, 93, 30, 62, 45, 25, 0, 0, 6, 30, 53, 61, 100, 91, 53, 100, 8
100, 100, 62, 97, 39, 73, 46, 49, 84, 41, 71, 14, 34, 0, 0, 8, 5
0, 92, 54, 100, 65, 83, 63, 63, 85, 44, 100, 24, 63, 8, 7, 0, 3
19, 74, 73, 100, 44, 79, 0, 47, 53, 32, 100, 53, 53, 38, 41, 0, 4
100, 100, 74, 78, 40, 50, 0, 28, 54, 26, 93, 39, 88, 28, 94, 0, 4
9, 65, 43, 98, 52, 100, 49, 60, 60, 21, 0, 0, 12, 4, 100, 6, 1
14, 78, 52, 100, 75, 75, 55, 40, 22, 10, 0, 6, 52, 7, 100, 0, 2
100, 88, 12, 95, 25, 62, 81, 29, 25, 0, 0, 30, 42, 65, 94, 100, 8
56, 100, 28, 72, 0, 44, 54, 50, 100, 69, 84, 59, 59, 30, 42, 0, 4
0, 68, 20, 98, 72, 100, 68, 68, 38, 38, 7, 10, 45, 0, 100, 3, 2
0, 75, 29, 90, 67, 100, 83, 80, 94, 58, 100, 36, 88, 14, 56, 0, 3
12, 77, 0, 37, 23, 0, 74, 4, 98, 39, 100, 80, 61, 100, 23, 71, 0
100, 93, 59, 100, 45, 82, 45, 54, 84, 45, 74, 27, 37, 13, 0, 0, 5
0, 95, 51, 100, 73, 92, 64, 47, 62, 0, 39, 17, 52, 33, 100, 36, 7
0, 85, 24, 100, 49, 90, 38, 56, 24, 24, 37, 0, 69, 4, 100, 14, 2
6, 81, 40, 100, 57, 78, 38, 50, 11, 24, 0, 5, 51, 8, 100, 0, 2
18, 82, 6, 46, 56, 39, 36, 0, 0, 5, 11, 63, 49, 95, 100, 100, 5
0, 85, 47, 93, 100, 100, 66, 69, 37, 35, 16, 0, 0, 17, 41, 26, 7
61, 100, 0, 90, 53, 61, 100, 29, 56, 0, 9, 21, 50, 57, 86, 92, 8
100, 100, 56, 93, 29, 63, 13, 31, 28, 0, 74, 7, 46, 29, 0, 17, 6
90, 78, 57, 100, 0, 72, 65, 37, 73, 0, 3, 23, 43, 64, 100, 84, 8
0, 87, 23, 100, 44, 80, 36, 52, 23, 25, 25, 0, 63, 0, 100, 4, 2
10, 76, 49, 100, 73, 74, 47, 43, 100, 31, 83, 2, 15, 0, 0, 25, 3
10, 86, 51, 100, 83, 81, 59, 51, 91, 41, 100, 11, 51, 0, 0, 7, 3
44, 79, 69, 100, 99, 88, 69, 62, 100, 41, 97, 12, 47, 0, 0, 15, 3
53, 65, 100, 93, 31, 100, 0, 69, 71, 60, 100, 64, 67, 32, 32, 0, 9
58, 100, 23, 77, 0, 47, 52, 34, 100, 50, 97, 62, 76, 31, 70, 0, 4
99, 100, 64, 81, 25, 52, 6, 19, 55, 0, 100, 25, 60, 45, 0, 31, 6
100, 99, 40, 91, 66, 49, 58, 8, 0, 0, 22, 41, 66, 76, 72, 100, 8
16, 68, 37, 100, 63, 90, 45, 48, 16, 11, 0, 1, 50, 0, 100, 8, 2
81, 100, 3, 89, 0, 68, 86, 83, 100, 65, 100, 37, 95, 9, 0, 0, 9
45, 100, 10, 66, 0, 26, 31, 0, 75, 29, 100, 66, 72, 95, 24, 74, 0
25, 100, 75, 99, 78, 57, 63, 13, 42, 0, 0, 29, 47, 41, 100, 36, 7
3, 72, 26, 100, 50, 80, 31, 48, 0, 19, 13, 12, 65, 0, 100, 17, 2
100, 100, 61, 83, 94, 89, 91, 71, 93, 40, 93, 11, 47, 2, 0, 0, 9
0, 88, 47, 100, 79, 76, 85, 40, 83, 4, 65, 0, 48, 28, 100, 34, 7
44, 83, 76, 100, 82, 75, 58, 58, 100, 45, 90, 15, 45, 0, 0, 11, 3
0, 91, 35, 100, 100, 97, 74, 65, 38, 32, 23, 0, 2, 34, 59, 38, 7
0, 88, 44, 100, 80, 83, 40, 62, 58, 44, 100, 25, 70, 5, 21, 0, 3
100, 96, 66, 100, 25, 69, 0, 33, 18, 0, 82, 8, 66, 35, 11, 16, 6
100, 100, 53, 95, 53, 58, 67, 21, 20, 0, 0, 25, 53, 46, 94, 69, 8
100, 35, 94, 76, 62, 100, 22, 75, 0, 37, 18, 0, 58, 17, 71, 55, 0
42, 92, 85, 75, 83, 100, 47, 86, 99, 69, 100, 31, 54, 7, 0, 0, 9
8, 90, 39, 61, 44, 20, 0, 0, 11, 37, 55, 67, 100, 96, 57, 100, 8
69, 100, 25, 86, 0, 55, 100, 58, 84, 86, 52, 89, 51, 39, 45, 0, 4
33, 90, 21, 49, 63, 32, 27, 0, 0, 14, 9, 64, 52, 89, 100, 100, 5
100, 94, 44, 100, 41, 64, 89, 78, 90, 73, 90, 31, 52, 0, 0, 7, 9
0, 81, 31, 100, 60, 80, 61, 31, 50, 0, 29, 37, 64, 45, 100, 48, 7
11, 94, 0, 48, 23, 6, 72, 0, 100, 36, 84, 80, 39, 100, 5, 69, 0
45, 100, 34, 60, 47, 24, 16, 0, 0, 38, 20, 73, 59, 85, 100, 86, 5
23, 75, 77, 98, 100, 100, 42, 88, 23, 50, 84, 46, 62, 10, 0, 0, 5
100, 100, 96, 99, 84, 82, 69, 65, 51, 49, 35, 32, 18, 15, 0, 0, 1
26, 88, 49, 100, 56, 74, 32, 45, 0, 21, 24, 5, 67, 0, 100, 23, 2
5, 96, 72, 100, 69, 74, 51, 37, 49, 0, 0, 27, 48, 36, 100, 39, 7
26, 98, 14, 82, 0, 37, 32, 0, 91, 14, 100, 59, 71, 100, 25, 99, 0
21, 83, 20, 100, 0, 49, 18, 1, 82, 0, 100, 49, 66, 93, 3, 89, 0
20, 63, 40, 98, 44, 100, 40, 63, 40, 25, 0, 1, 20, 1, 100, 0, 1
11, 95, 46, 96, 100, 100, 67, 71, 35, 39, 18, 0, 0, 29, 39, 30, 7
0, 100, 17, 94, 71, 87, 51, 49, 32, 11, 8, 0, 24, 22, 100, 35, 7
16, 78, 53, 100, 81, 76, 53, 46, 94, 46, 100, 15, 44, 0, 0, 14, 3
100, 100, 63, 98, 38, 91, 42, 66, 77, 56, 60, 34, 30, 16, 0, 0, 5
58, 81, 90, 100, 100, 96, 58, 86, 38, 67, 67, 36, 39, 0, 0, 10, 5
0, 68, 40, 78, 76, 100, 88, 91, 88, 68, 88, 45, 88, 22, 100, 0, 1
77, 100, 32, 78, 0, 55, 7, 34, 86, 42, 100, 46, 57, 24, 39, 0, 4
38, 100, 73, 98, 71, 69, 78, 46, 100, 20, 77, 0, 38, 0, 0, 6, 3
17, 97, 89, 100, 48, 96, 21, 70, 59, 67, 100, 36, 63, 0, 0, 16, 5
4, 65, 14, 100, 24, 66, 16, 28, 0, 1, 34, 0, 66, 0, 100, 0, 2
4, 89, 0, 73, 23, 99, 87, 100, 100, 88, 79, 59, 59, 29, 44, 0, 7
0, 68, 54, 81, 92, 100, 100, 85, 95, 63, 90, 42, 87, 21, 85, 0, 1
65, 97, 70, 100, 39, 66, 24, 28, 55, 0, 100, 19, 53, 34, 0, 21, 6
32, 100, 0, 77, 11, 54, 100, 59, 46, 86, 41, 79, 45, 33, 41, 0, 4
100, 100, 60, 90, 26, 62, 0, 31, 12, 0, 62, 4, 60, 33, 9, 36, 6
44, 100, 32, 71, 0, 44, 29, 37, 88, 49, 100, 57, 75, 29, 58, 0, 4
0, 81, 33, 100, 52, 79, 36, 49, 12, 22, 7, 0, 53, 4, 100, 7, 2
42, 92, 64, 100, 50, 49, 23, 16, 0, 10, 34, 11, 68, 4, 100, 0, 2
43, 61, 10, 23, 46, 0, 88, 31, 100, 76, 64, 100, 24, 67, 0, 25, 0
0, 72, 23, 81, 67, 100, 100, 99, 94, 75, 87, 49, 83, 25, 75, 0, 1
86, 72, 35, 100, 0, 67, 68, 38, 100, 1, 22, 0, 43, 43, 92, 82, 8
29, 100, 30, 64, 62, 30, 20, 0, 1, 31, 0, 77, 41, 93, 100, 95, 5
6, 100, 51, 92, 57, 56, 45, 21, 22, 0, 0, 31, 48, 39, 100, 40, 7
0, 58, 25, 69, 67, 91, 100, 100, 76, 75, 53, 50, 25, 25, 4, 0, 1
23, 80, 60, 100, 100, 88, 81, 61, 43, 40, 0, 23, 11, 5, 64, 0, 2
37, 82, 57, 100, 53, 65, 30, 36, 0, 16, 30, 0, 66, 2, 100, 19, 2
0, 93, 55, 63, 98, 29, 72, 0, 47, 27, 93, 61, 100, 100, 34, 99, 8
13, 87, 5, 54, 40, 24, 6, 0, 3, 38, 0, 77, 44, 95, 100, 100, 5
100, 100, 66, 89, 48, 75, 34, 60, 17, 45, 10, 30, 3, 15, 0, 0, 1
43, 100, 30, 64, 49, 28, 30, 0, 0, 25, 18, 59, 58, 73, 100, 78, 5
100, 98, 66, 100, 38, 98, 32, 73, 59, 60, 48, 37, 24, 19, 0, 0, 5
52, 100, 49, 99, 0, 63, 99, 53, 100, 81, 81, 84, 77, 42, 86, 0, 4
90, 100, 46, 77, 20, 49, 12, 20, 51, 0, 100, 17, 64, 41, 0, 44, 6
12, 91, 79, 100, 45, 95, 29, 63, 88, 68, 100, 24, 52, 0, 0, 23, 5
32, 100, 8, 74, 0, 46, 51, 37, 100, 48, 96, 55, 86, 27, 81, 0, 4
94, 92, 100, 100, 77, 83, 62, 65, 43, 47, 26, 29, 15, 12, 0, 0, 1
36, 84, 66, 100, 91, 75, 79, 46, 100, 27, 70, 4, 22, 0, 0, 25, 3
100, 46, 93, 86, 46, 100, 10, 72, 0, 28, 29, 0, 76, 18, 88, 55, 0
0, 84, 31, 100, 81, 98, 73, 74, 87, 51, 100, 29, 67, 10, 17, 0, 3
0, 53, 33, 71, 76, 93, 100, 100, 79, 74, 53, 49, 28, 25, 12, 0, 1
16, 100, 6, 51, 58, 34, 24, 0, 3, 29, 0, 81, 46, 99, 100, 99, 5
42, 100, 13, 73, 0, 42, 52, 35, 100, 48, 92, 56, 92, 25, 97, 0, 4
56, 100, 34, 83, 0, 63, 23, 48, 77, 39, 100, 42, 68, 22, 48, 0, 4
51, 76, 0, 73, 11, 95, 60, 100, 97, 83, 100, 55, 91, 27, 83, 0, 9
17, 92, 55, 100, 69, 71, 38, 50, 0, 38, 23, 25, 61, 13, 100, 0, 2
0, 83, 55, 100, 100, 79, 94, 38, 69, 0, 40, 7, 32, 48, 91, 57, 7
100, 100, 55, 86, 93, 81, 97, 76, 97, 51, 93, 26, 55, 7, 0, 0, 9
26, 89, 7, 73, 0, 30, 45, 0, 97, 21, 100, 65, 64, 100, 9, 88, 0
2, 74, 5, 95, 70, 100, 100, 89, 66, 67, 31, 45, 0, 22, 2, 0, 7
24, 96, 19, 69, 58, 30, 16, 0, 2, 42, 0, 90, 52, 100, 100, 94, 5
37, 95, 7, 60, 65, 60, 65, 11, 0, 0, 16, 50, 30, 95, 100, 100, 5
72, 100, 28, 85, 0, 61, 100, 67, 89, 84, 64, 84, 64, 41, 59, 0, 4
19, 60, 33, 88, 100, 100, 93, 70, 51, 48, 98, 27, 63, 0, 0, 0, 3
92, 75, 51, 67, 51, 98, 94, 100, 100, 63, 84, 28, 49, 0, 0, 2, 9
38, 100, 2, 73, 0, 42, 69, 34, 100, 52, 83, 62, 62, 31, 45, 0, 4
37, 76, 46, 100, 99, 95, 74, 61, 100, 50, 91, 18, 42, 0, 0, 15, 3
37, 100, 0, 77, 13, 53, 74, 60, 100, 82, 68, 55, 40, 28, 18, 0, 4
81, 100, 27, 92, 0, 59, 2, 22, 47, 0, 95, 23, 100, 61, 88, 97, 0
91, 100, 77, 80, 11, 58, 0, 37, 97, 45, 100, 50, 51, 26, 29, 0, 4
0, 98, 53, 100, 84, 72, 62, 34, 43, 0, 1, 26, 44, 37, 100, 38, 7
0, 100, 41, 98, 56, 69, 50, 34, 43, 0, 28, 26, 57, 44, 100, 48, 7
48, 100, 25, 78, 0, 48, 25, 30, 72, 29, 94, 55, 90, 32, 100, 0, 4
26, 77, 0, 33, 28, 0, 69, 15, 100, 52, 85, 97, 44, 100, 4, 84, 0
13, 96, 0, 58, 16, 17, 63, 0, 100, 27, 94, 68, 60, 100, 17, 89, 0
100, 100, 62, 80, 31, 56, 9, 29, 12, 0, 59, 2, 48, 23, 0, 18, 6
77, 100, 65, 90, 24, 61, 0, 28, 33, 0, 100, 8, 69, 32, 2, 27, 6
63, 79, 67, 100, 100, 100, 84, 73, 69, 50, 73, 23, 41, 4, 0, 0, 3
10, 66, 30, 100, 39, 90, 45, 54, 41, 17, 0, 0, 43, 4, 100, 3, 1
12, 84, 0, 63, 8, 16, 46, 0, 88, 15, 100, 59, 71, 94, 29, 100, 0
0, 96, 77, 100, 90, 97, 9, 96, 26, 52, 100, 45, 77, 0, 1, 16, 5
17, 97, 87, 100, 100, 66, 72, 31, 43, 0, 0, 32, 32, 45, 73, 45, 7
22, 96, 53, 100, 59, 66, 43, 32, 22, 0, 0, 33, 49, 40, 100, 42, 7
0, 62, 11, 17, 45, 0, 80, 14, 100, 52, 86, 92, 49, 100, 16, 83, 0
11, 85, 0, 70, 26, 96, 92, 100, 100, 87, 81, 55, 65, 21, 60, 0, 7
48, 100, 35, 83, 7, 51, 0, 18, 47, 0, 100, 19, 67, 42, 9, 26, 6
58, 100, 33, 73, 0, 48, 28, 38, 82, 38, 100, 60, 93, 30, 99, 0, 4
28, 100, 0, 56, 15, 6, 65, 0, 100, 38, 92, 90, 43, 99, 7, 63, 0
28, 100, 5, 70, 0, 27, 44, 0, 98, 23, 100, 64, 65, 100, 19, 89, 0
29, 95, 0, 63, 4, 19, 52, 0, 96, 23, 100, 68, 66, 100, 16, 87, 0
47, 100, 14, 69, 0, 31, 27, 0, 77, 13, 100, 48, 86, 86, 38, 98, 0
94, 100, 47, 78, 14, 50, 0, 22, 39, 0, 100, 19, 81, 46, 8, 53, 6
0, 99, 57, 100, 88, 70, 80, 33, 52, 0, 3, 3, 40, 24, 100, 27, 7
31, 100, 0, 85, 0, 52, 31, 29, 100, 35, 74, 65, 60, 33, 52, 0, 4
0, 92, 27, 100, 77, 97, 70, 70, 37, 46, 12, 20, 49, 2, 100, 0, 2
43, 87, 43, 51, 47, 14, 0, 0, 29, 33, 71, 63, 100, 96, 45, 100, 8
75, 88, 100, 100, 61, 88, 97, 80, 100, 40, 87, 4, 39, 0, 0, 22, 9
0, 78, 40, 82, 69, 100, 61, 69, 62, 37, 66, 6, 18, 0, 100, 5, 1
12, 97, 48, 100, 69, 69, 55, 33, 35, 0, 0, 25, 46, 35, 100, 39, 7
60, 94, 40, 72, 97, 36, 93, 0, 0, 15, 30, 52, 100, 86, 37, 100, 8
100, 100, 84, 90, 60, 75, 40, 60, 20, 44, 8, 29, 0, 14, 4, 0, 1
0, 88, 42, 100, 84, 89, 80, 69, 80, 48, 100, 28, 78, 9, 28, 0, 3
36, 84, 0, 66, 84, 57, 100, 18, 22, 0, 5, 40, 9, 86, 84, 100, 5
47, 100, 88, 93, 100, 74, 63, 61, 46, 43, 59, 21, 42, 4, 0, 0, 3
71, 100, 28, 74, 0, 45, 66, 50, 100, 70, 75, 85, 62, 42, 51, 0, 4
2, 97, 8, 66, 45, 31, 12, 0, 0, 37, 2, 91, 50, 100, 100, 100, 5
0, 68, 31, 77, 81, 100, 94, 96, 88, 71, 81, 48, 81, 24, 100, 0, 1
15, 87, 57, 100, 91, 82, 48, 61, 74, 43, 100, 16, 53, 1, 0, 0, 3
88, 100, 39, 75, 9, 48, 0, 21, 55, 0, 100, 21, 76, 48, 0, 61, 6
4, 61, 26, 97, 38, 100, 28, 60, 16, 21, 0, 2, 49, 2, 100, 0, 1
7, 81, 0, 58, 14, 8, 67, 0, 100, 42, 91, 94, 39, 100, 16, 55, 0
45, 100, 7, 61, 0, 10, 60, 0, 100, 43, 96, 93, 38, 96, 15, 48, 0
100, 76, 70, 100, 0, 73, 64, 38, 73, 0, 17, 23, 83, 58, 79, 88, 8
22, 83, 62, 100, 73, 69, 43, 41, 0, 26, 6, 12, 52, 1, 100, 0, 2
52, 81, 74, 100, 97, 89, 69, 66, 100, 46, 95, 20, 57, 0, 0, 2, 3
100, 100, 71, 90, 50, 90, 39, 67, 70, 55, 59, 31, 31, 13, 0, 0, 5
100, 100, 55, 86, 21, 65, 0, 40, 5, 14, 46, 0, 62, 19, 17, 32, 6
100, 67, 76, 100, 27, 83, 54, 61, 86, 71, 95, 29, 55, 2, 0, 0, 9
49, 100, 14, 71, 0, 24, 33, 0, 73, 8, 100, 45, 83, 89, 44, 95, 0
100, 97, 82, 100, 45, 75, 15, 47, 0, 13, 39, 0, 58, 24, 12, 25, 6
75, 100, 58, 75, 38, 47, 30, 18, 62, 0, 100, 13, 50, 16, 0, 10, 6
26, 60, 43, 100, 60, 74, 37, 33, 0, 10, 17, 16, 59, 9, 100, 0, 2
0, 76, 31, 100, 67, 82, 47, 44, 13, 13, 5, 1, 52, 4, 100, 0, 2
83, 100, 14, 75, 0, 42, 97, 44, 100, 67, 64, 81, 60, 40, 58, 0, 4
63, 100, 23, 87, 0, 67, 28, 51, 85, 54, 100, 41, 77, 21, 60, 0, 4
9, 91, 45, 100, 58, 61, 49, 18, 31, 0, 0, 35, 46, 47, 100, 46, 7
23, 64, 39, 100, 42, 93, 41, 54, 41, 15, 0, 0, 49, 2, 100, 1, 1
1, 92, 71, 100, 100, 72, 66, 35, 27, 0, 76, 28, 72, 52, 0, 56, 7
29, 84, 0, 54, 15, 8, 63, 0, 100, 32, 91, 79, 48, 100, 3, 81, 0
0, 85, 33, 100, 55, 82, 44, 57, 28, 32, 17, 8, 55, 0, 100, 1, 2
100, 78, 64, 100, 0, 75, 57, 37, 46, 0, 24, 31, 82, 68, 100, 98, 8
90, 88, 31, 100, 31, 62, 90, 76, 97, 79, 100, 33, 59, 0, 0, 23, 9
7, 56, 33, 100, 46, 97, 39, 43, 5, 11, 0, 7, 49, 2, 100, 0, 1
0, 58, 9, 58, 54, 79, 99, 100, 100, 84, 81, 56, 63, 28, 49, 0, 1
5, 68, 45, 100, 87, 83, 55, 45, 10, 13, 0, 12, 57, 0, 100, 9, 2
60, 100, 23, 88, 71, 92, 100, 96, 90, 65, 87, 32, 56, 7, 0, 0, 9
6, 61, 33, 100, 61, 76, 39, 27, 0, 1, 17, 3, 61, 0, 100, 3, 2
52, 100, 32, 69, 0, 35, 17, 24, 96, 26, 100, 55, 91, 37, 86, 0, 4
88, 91, 52, 91, 73, 73, 94, 100, 100, 58, 87, 18, 46, 0, 0, 1, 9
49, 100, 24, 82, 0, 54, 20, 37, 82, 40, 82, 54, 80, 25, 100, 0, 4
27, 81, 67, 100, 95, 91, 68, 61, 100, 50, 92, 17, 50, 0, 0, 5, 3
97, 74, 79, 100, 37, 74, 59, 35, 35, 0, 0, 19, 41, 52, 100, 71, 8
42, 76, 27, 30, 55, 0, 90, 30, 100, 77, 65, 100, 25, 79, 0, 40, 0
17, 72, 0, 37, 18, 2, 56, 0, 90, 20, 100, 58, 79, 93, 42, 100, 0
100, 100, 58, 87, 30, 59, 19, 27, 40, 0, 84, 8, 45, 21, 0, 12, 6
30, 83, 69, 100, 66, 65, 38, 35, 0, 12, 4, 7, 52, 8, 100, 0, 2
74, 100, 43, 73, 94, 38, 100, 0, 51, 8, 79, 46, 91, 84, 0, 88, 8
100, 100, 86, 86, 72, 71, 58, 57, 42, 43, 25, 28, 8, 14, 0, 0, 1
0, 26, 31, 43, 61, 67, 91, 94, 100, 100, 84, 67, 68, 34, 56, 0, 1
100, 77, 70, 100, 33, 75, 31, 36, 17, 0, 0, 17, 39, 45, 93, 62, 8
95, 100, 52, 79, 20, 57, 0, 34, 5, 9, 62, 0, 100, 18, 40, 27, 6
44, 100, 11, 69, 0, 30, 27, 0, 79, 17, 100, 53, 80, 89, 24, 91, 0
0, 98, 51, 100, 67, 66, 57, 26, 43, 0, 6, 29, 48, 43, 100, 43, 7
56, 100, 38, 69, 0, 41, 44, 38, 100, 40, 95, 68, 80, 34, 74, 0, 4
0, 94, 37, 100, 65, 77, 70, 38, 61, 0, 43, 16, 62, 38, 100, 46, 7
0, 86, 37, 98, 79, 100, 60, 82, 81, 57, 100, 31, 70, 9, 30, 0, 3
71, 85, 40, 100, 43, 59, 46, 18, 4, 0, 0, 33, 56, 48, 100, 69, 8
100, 100, 60, 85, 25, 58, 0, 28, 13, 0, 71, 6, 46, 23, 15, 10, 6
0, 89, 44, 66, 63, 30, 36, 0, 34, 34, 68, 67, 100, 100, 53, 95, 8
14, 69, 39, 100, 53, 71, 35, 33, 0, 8, 28, 12, 72, 0, 100, 26, 2
76, 87, 38, 100, 45, 64, 51, 23, 15, 0, 0, 25, 51, 42, 100, 62, 8
0, 43, 32, 58, 67, 79, 100, 100, 89, 76, 76, 51, 63, 25, 59, 0, 1
16, 59, 30, 100, 55, 87, 34, 45, 0, 12, 2, 0, 51, 4, 100, 7, 2
36, 96, 29, 73, 71, 46, 47, 0, 0, 7, 15, 60, 41, 99, 100, 100, 5
61, 80, 97, 90, 60, 100, 67, 80, 100, 58, 83, 24, 44, 4, 0, 0, 9
92, 72, 72, 100, 34, 72, 76, 57, 100, 71, 96, 29, 56, 0, 0, 6, 9
0, 42, 40, 60, 74, 81, 100, 100, 90, 74, 78, 48, 66, 23, 65, 0, 1
5, 85, 56, 100, 82, 78, 38, 55, 52, 48, 100, 29, 63, 5, 0, 0, 3
100, 83, 65, 100, 24, 79, 0, 48, 4, 14, 46, 0, 67, 26, 24, 40, 6
16, 95, 100, 100, 22, 92, 2, 65, 24, 47, 96, 39, 75, 0, 0, 2, 5
31, 68, 46, 100, 81, 88, 63, 49, 29, 16, 0, 5, 50, 0, 100, 12, 2
0, 91, 39, 100, 75, 72, 80, 37, 79, 0, 31, 12, 38, 29, 100, 29, 7
100, 73, 77, 100, 31, 80, 31, 40, 29, 0, 0, 14, 35, 46, 90, 62, 8
46, 100, 20, 73, 0, 43, 46, 30, 100, 45, 93, 58, 63, 30, 52, 0, 4
77, 81, 14, 100, 23, 66, 79, 34, 67, 0, 0, 14, 47, 48, 100, 80, 8
43, 89, 93, 100, 66, 91, 40, 64, 82, 43, 100, 15, 52, 0, 0, 1, 5
57, 100, 22, 72, 0, 31, 25, 0, 75, 13, 100, 50, 75, 87, 26, 85, 0
65, 100, 24, 84, 0, 48, 9, 10, 61, 0, 100, 24, 58, 47, 2, 46, 6
35, 98, 76, 100, 80, 72, 67, 54, 100, 34, 77, 9, 35, 0, 0, 7, 3
41, 82, 77, 98, 100, 100, 59, 90, 28, 69, 54, 42, 39, 13, 0, 0, 5
0, 87, 32, 100, 75, 90, 64, 45, 49, 0, 82, 10, 100, 33, 54, 37, 7
34, 100, 9, 68, 61, 65, 67, 24, 0, 0, 3, 45, 20, 92, 100, 99, 5
0, 53, 8, 55, 46, 79, 89, 100, 100, 85, 78, 57, 56, 29, 47, 0, 1
39, 94, 100, 100, 99, 98, 36, 92, 50, 69, 93, 39, 61, 7, 0, 0, 5
0, 32, 34, 50, 63, 76, 94, 100, 100, 84, 86, 55, 73, 27, 70, 0, 1
59, 90, 16, 88, 0, 41, 25, 0, 77, 10, 100, 55, 82, 100, 35, 94, 0
31, 83, 0, 53, 1, 8, 57, 0, 100, 30, 98, 75, 51, 100, 7, 72, 0
87, 62, 61, 100, 0, 87, 18, 48, 78, 73, 100, 63, 71, 20, 10, 0, 9
94, 79, 69, 100, 48, 71, 85, 70, 100, 54, 85, 18, 44, 0, 0, 9, 9
2, 44, 0, 58, 43, 79, 86, 100, 100, 93, 77, 63, 56, 32, 50, 0, 1
12, 78, 7, 36, 33, 2, 83, 0, 100, 38, 85, 78, 43, 100, 0, 80, 0
0, 35, 39, 52, 71, 75, 100, 100, 82, 76, 59, 51, 36, 25, 9, 0, 1
42, 85, 85, 100, 100, 68, 76, 32, 45, 0, 50, 1, 38, 40, 0, 65, 8
30, 83, 8, 43, 19, 3, 71, 0, 100, 36, 87, 78, 39, 100, 0, 73, 0
46, 88, 24, 61, 19, 11, 63, 0, 100, 29, 86, 78, 45, 100, 0, 86, 0
49, 100, 54, 67, 95, 32, 47, 0, 4, 11, 0, 58, 31, 94, 100, 94, 5
0, 20, 57, 51, 94, 89, 38, 100, 44, 61, 100, 30, 76, 0, 12, 14, 8
0, 94, 44, 100, 80, 86, 57, 43, 33, 0, 28, 2, 41, 38, 100, 44, 7
0, 88, 37, 100, 78, 81, 76, 41, 78, 0, 31, 17, 47, 37, 100, 43, 7
54, 85, 94, 100, 96, 61, 79, 22, 84, 0, 100, 32, 53, 52, 0, 58, 8
25, 77, 3, 60, 11, 0, 71, 4, 100, 57, 56, 100, 2, 66, 0, 11, 0
88, 86, 28, 74, 34, 100, 82, 91, 95, 54, 100, 16, 60, 0, 0, 12, 9
0, 90, 42, 100, 69, 78, 62, 39, 56, 0, 31, 3, 42, 29, 100, 34, 7
68, 55, 98, 94, 35, 100, 0, 65, 75, 80, 100, 61, 76, 20, 6, 0, 9
32, 92, 21, 49, 32, 4, 79, 0, 100, 41, 81, 82, 33, 100, 0, 66, 0
45, 65, 76, 96, 2, 100, 0, 72, 82, 79, 100, 49, 79, 11, 3, 0, 9
15, 100, 0, 76, 8, 50, 62, 47, 100, 62, 82, 57, 82, 28, 85, 0, 4
48, 100, 24, 75, 5, 40, 2, 5, 59, 0, 100, 26, 43, 30, 0, 5, 6
100, 90, 95, 100, 59, 70, 27, 38, 6, 5, 54, 0, 65, 27, 0, 18, 6
15, 100, 0, 68, 39, 37, 19, 0, 1, 45, 6, 89, 53, 97, 100, 99, 5
30, 93, 34, 78, 75, 100, 18, 95, 79, 75, 100, 37, 72, 5, 0, 0, 9
81, 75, 62, 100, 0, 86, 16, 59, 78, 74, 100, 66, 92, 32, 69, 0, 9
100, 100, 33, 95, 0, 60, 47, 28, 48, 0, 5, 21, 40, 59, 87, 92, 8
0, 47, 20, 61, 50, 80, 80, 100, 100, 96, 87, 64, 73, 32, 62, 0, 1
81, 100, 35, 78, 0, 47, 69, 52, 100, 66, 72, 91, 62, 44, 60, 0, 4
40, 69, 61, 100, 86, 68, 60, 26, 18, 0, 0, 18, 49, 23, 100, 16, 2
31, 92, 5, 50, 59, 42, 43, 0, 1, 3, 0, 63, 45, 92, 100, 100, 5
13, 76, 0, 33, 40, 0, 92, 20, 100, 67, 63, 100, 18, 68, 29, 24, 0
0, 100, 55, 94, 72, 63, 54, 31, 32, 0, 13, 8, 39, 28, 100, 27, 7
88, 95, 100, 100, 49, 73, 12, 42, 19, 10, 97, 0, 85, 18, 0, 17, 6
78, 100, 47, 78, 19, 49, 8, 18, 48, 0, 100, 15, 62, 35, 0, 34, 6
70, 100, 45, 91, 11, 60, 0, 23, 42, 0, 100, 4, 86, 32, 31, 27, 6
0, 100, 17, 100, 10, 74, 4, 48, 42, 29, 100, 44, 81, 25, 98, 0, 4
69, 100, 23, 78, 46, 49, 92, 71, 100, 74, 94, 32, 56, 2, 0, 0, 9
19, 92, 86, 100, 75, 99, 2, 84, 37, 68, 100, 50, 72, 16, 0, 0, 5
30, 79, 4, 66, 68, 31, 41, 0, 0, 28, 57, 64, 100, 100, 0, 92, 8
26, 82, 68, 100, 100, 82, 72, 52, 70, 46, 90, 20, 48, 0, 0, 9, 3
100, 100, 53, 99, 15, 61, 10, 16, 66, 0, 99, 32, 42, 45, 0, 20, 6
0, 91, 35, 100, 67, 72, 61, 35, 45, 0, 21, 13, 40, 27, 100, 29, 7
0, 73, 49, 82, 94, 100, 100, 86, 82, 65, 65, 43, 43, 22, 29, 0, 1
0, 69, 57, 88, 100, 100, 79, 80, 64, 60, 57, 40, 57, 20, 93, 0, 1
0, 71, 34, 80, 88, 100, 100, 93, 78, 69, 66, 46, 53, 23, 41, 0, 1
4, 79, 65, 100, 67, 86, 67, 58, 67, 29, 23, 5, 0, 0, 100, 5, 1
0, 48, 26, 69, 64, 89, 100, 100, 80, 76, 61, 51, 48, 25, 56, 0, 1
9, 97, 0, 48, 22, 1, 75, 0, 100, 46, 87, 97, 39, 100, 5, 58, 0
69, 80, 93, 100, 93, 77, 63, 55, 100, 42, 79, 20, 41, 7, 0, 0, 3
0, 62, 47, 79, 92, 100, 100, 92, 98, 68, 96, 45, 92, 21, 92, 0, 1
26, 86, 20, 43, 37, 0, 87, 12, 100, 56, 74, 95, 22, 100, 0, 60, 0
0, 71, 51, 83, 92, 100, 100, 90, 88, 67, 81, 45, 77, 22, 83, 0, 1
0, 75, 28, 100, 66, 71, 55, 34, 5, 12, 22, 11, 80, 0, 100, 32, 2
19, 56, 16, 68, 61, 86, 100, 100, 71, 75, 42, 51, 16, 26, 0, 0, 1
61, 85, 74, 100, 92, 77, 65, 54, 91, 38, 100, 14, 54, 0, 0, 4, 3
56, 94, 21, 74, 100, 89, 29, 100, 0, 63, 2, 0, 74, 21, 20, 66, 8
100, 100, 52, 87, 17, 60, 0, 29, 17, 0, 71, 4, 58, 29, 0, 30, 6
0, 81, 28, 100, 44, 64, 43, 24, 37, 0, 5, 29, 51, 40, 100, 47, 7
60, 100, 15, 85, 0, 50, 10, 17, 57, 0, 100, 18, 69, 43, 20, 31, 6
22, 75, 58, 41, 38, 0, 0, 8, 55, 39, 100, 74, 60, 100, 7, 76, 8
0, 100, 16, 66, 45, 34, 66, 0, 39, 28, 18, 62, 40, 94, 100, 99, 5
62, 99, 0, 92, 32, 50, 100, 24, 67, 0, 1, 19, 38, 64, 48, 100, 8
100, 100, 55, 79, 19, 53, 0, 25, 26, 0, 89, 8, 75, 34, 7, 37, 6
100, 100, 60, 94, 33, 62, 22, 29, 47, 0, 98, 12, 58, 35, 0, 27, 6
39, 88, 47, 100, 82, 81, 59, 54, 24, 32, 0, 7, 48, 0, 100, 1, 2
0, 69, 26, 100, 54, 67, 45, 23, 5, 0, 6, 0, 53, 0, 100, 1, 2
0, 83, 43, 100, 77, 78, 45, 49, 61, 44, 100, 21, 58, 0, 4, 6, 3
28, 60, 15, 100, 100, 98, 74, 50, 21, 6, 76, 0, 23, 43, 0, 87, 8
11, 75, 33, 84, 89, 100, 100, 90, 76, 68, 49, 45, 24, 22, 0, 0, 1
83, 100, 9, 87, 57, 44, 60, 0, 0, 17, 56, 56, 100, 95, 10, 100, 8
38, 54, 100, 82, 64, 100, 34, 65, 60, 27, 17, 0, 0, 32, 59, 62, 8
54, 57, 70, 100, 0, 83, 37, 41, 90, 0, 19, 0, 36, 45, 100, 82, 8
5, 85, 44, 100, 72, 71, 52, 33, 21, 0, 0, 34, 50, 41, 100, 45, 7
8, 65, 3, 100, 46, 99, 35, 55, 0, 24, 4, 8, 52, 0, 100, 2, 2
0, 85, 41, 100, 62, 73, 57, 36, 49, 0, 27, 20, 53, 32, 100, 35, 7
100, 100, 57, 94, 29, 76, 48, 63, 83, 49, 71, 19, 36, 0, 0, 4, 5
81, 100, 47, 96, 14, 62, 6, 22, 53, 0, 100, 19, 46, 34, 0, 12, 6
0, 79, 47, 96, 100, 100, 80, 74, 39, 51, 5, 26, 25, 4, 82, 0, 2
0, 98, 22, 65, 100, 89, 17, 100, 18, 74, 85, 70, 58, 30, 1, 0, 9
80, 100, 24, 98, 28, 70, 92, 91, 94, 86, 100, 50, 70, 18, 0, 0, 9
86, 100, 32, 92, 1, 55, 0, 16, 60, 0, 100, 31, 31, 34, 7, 1, 6
80, 100, 52, 63, 7, 35, 0, 32, 67, 34, 100, 53, 77, 36, 53, 0, 4
39, 96, 57, 59, 100, 94, 34, 100, 61, 66, 78, 66, 71, 15, 0, 0, 9
18, 74, 49, 100, 53, 67, 31, 31, 0, 0, 13, 11, 59, 2, 100, 8, 2
100, 100, 64, 98, 36, 99, 34, 68, 59, 60, 62, 36, 32, 17, 0, 0, 5
96, 36, 83, 81, 42, 100, 9, 65, 0, 20, 42, 0, 88, 20, 100, 62, 0
0, 82, 33, 100, 77, 89, 87, 57, 72, 25, 53, 0, 51, 27, 100, 24, 7
18, 89, 100, 100, 53, 93, 10, 64, 53, 77, 96, 52, 68, 21, 0, 0, 5
75, 69, 79, 100, 14, 88, 71, 70, 92, 84, 100, 36, 58, 0, 0, 9, 9
22, 100, 1, 55, 10, 10, 60, 0, 100, 31, 97, 77, 51, 99, 0, 83, 0
85, 83, 100, 76, 81, 100, 50, 67, 93, 69, 95, 21, 47, 0, 0, 23, 9
100, 100, 53, 89, 19, 63, 0, 31, 13, 0, 63, 1, 75, 29, 29, 43, 6
12, 79, 9, 48, 36, 18, 30, 0, 12, 31, 0, 62, 34, 88, 100, 100, 5
52, 89, 15, 63, 0, 21, 33, 0, 73, 16, 100, 54, 88, 96, 48, 100, 0
13, 72, 1, 33, 27, 0, 75, 10, 100, 44, 88, 83, 43, 100, 0, 82, 0
0, 89, 15, 100, 56, 97, 39, 64, 12, 33, 12, 2, 57, 0, 100, 11, 2
76, 100, 0, 90, 48, 62, 93, 29, 54, 0, 13, 27, 44, 64, 100, 94, 8
0, 81, 39, 97, 96, 100, 91, 78, 95, 52, 100, 25, 54, 9, 0, 0, 3
37, 90, 19, 57, 66, 43, 40, 5, 0, 0, 21, 50, 52, 90, 100, 100, 5
26, 88, 0, 58, 4, 17, 54, 0, 96, 28, 100, 69, 63, 100, 12, 86, 0
93, 69, 79, 100, 18, 84, 57, 60, 94, 73, 100, 34, 70, 1, 0, 0, 9
19, 100, 1, 79, 0, 57, 39, 46, 87, 51, 87, 41, 81, 19, 100, 0, 4
19, 89, 10, 61, 50, 28, 25, 0, 3, 31, 0, 75, 40, 98, 100, 100, 5
0, 100, 100, 91, 0, 76, 0, 60, 0, 45, 0, 30, 0, 15, 100, 0, 1
82, 100, 64, 89, 31, 67, 0, 45, 62, 37, 100, 46, 78, 23, 71, 0, 4
0, 33, 35, 52, 67, 75, 97, 100, 100, 90, 83, 61, 68, 31, 56, 0, 1
26, 70, 19, 25, 57, 0, 95, 21, 100, 68, 69, 100, 24, 88, 0, 48, 0
30, 82, 0, 70, 42, 34, 0, 0, 18, 34, 80, 67, 100, 100, 8, 82, 8
100, 83, 57, 100, 40, 67, 88, 75, 98, 54, 97, 11, 48, 0, 0, 12, 9
48, 100, 13, 71, 0, 40, 49, 25, 100, 37, 87, 62, 61, 32, 64, 0, 4
0, 85, 47, 96, 100, 100, 93, 82, 72, 59, 82, 33, 68, 9, 19, 0, 3
30, 90, 0, 56, 2, 18, 46, 0, 87, 28, 100, 66, 78, 100, 21, 100, 0
10, 60, 0, 85, 41, 95, 100, 100, 95, 78, 67, 52, 43, 27, 37, 0, 7
26, 92, 64, 100, 100, 94, 79, 73, 61, 50, 64, 25, 37, 7, 0, 0, 3
63, 100, 26, 76, 7, 51, 0, 25, 22, 0, 100, 6, 78, 31, 0, 40, 6
21, 73, 45, 100, 85, 99, 69, 67, 100, 47, 90, 16, 46, 0, 0, 6, 3
36, 100, 22, 80, 0, 50, 49, 39, 100, 54, 75, 62, 58, 31, 59, 0, 4
63, 100, 35, 79, 0, 55, 42, 39, 87, 48, 85, 51, 83, 20, 100, 0, 4
61, 100, 32, 70, 0, 41, 18, 28, 77, 29, 100, 49, 95, 34, 92, 0, 4
