@relation penbased-5
@attribute At1 integer [0, 100]
@attribute At2 integer [0, 100]
@attribute At3 integer [0, 100]
@attribute At4 integer [0, 100]
@attribute At5 integer [0, 100]
@attribute At6 integer [0, 100]
@attribute At7 integer [0, 100]
@attribute At8 integer [0, 100]
@attribute At9 integer [0, 100]
@attribute At10 integer [0, 100]
@attribute At11 integer [0, 100]
@attribute At12 integer [0, 100]
@attribute At13 integer [0, 100]
@attribute At14 integer [0, 100]
@attribute At15 integer [0, 100]
@attribute At16 integer [0, 100]
@attribute Class {0, 1, 2, 3, 4, 5, 6, 7, 8, 9}
@inputs At1, At2, At3, At4, At5, At6, At7, At8, At9, At10, At11, At12, At13, At14, At15, At16
@outputs Class
@data
74, 87, 31, 100, 0, 69, 62, 64, 100, 79, 100, 38, 84, 0, 18, 1, 9
0, 46, 49, 64, 78, 87, 100, 100, 91, 75, 85, 49, 75, 24, 89, 0, 1
54, 100, 34, 75, 6, 43, 0, 11, 70, 0, 100, 28, 44, 46, 36, 21, 6
36, 92, 7, 83, 0, 37, 26, 0, 77, 6, 100, 46, 84, 89, 36, 100, 0
61, 59, 58, 100, 0, 84, 44, 42, 80, 0, 8, 5, 33, 44, 100, 70, 8
30, 86, 67, 100, 77, 77, 53, 50, 78, 40, 100, 17, 56, 0, 0, 5, 3
77, 97, 40, 100, 0, 59, 9, 29, 84, 33, 100, 64, 77, 44, 48, 0, 4
56, 99, 18, 72, 0, 24, 36, 0, 85, 23, 100, 69, 58, 100, 19, 74, 0
0, 75, 31, 72, 67, 84, 100, 100, 94, 82, 80, 54, 68, 27, 56, 0, 1
0, 88, 24, 68, 76, 33, 43, 0, 29, 32, 84, 66, 100, 100, 8, 89, 8
50, 97, 72, 68, 100, 100, 42, 86, 93, 72, 89, 48, 70, 7, 0, 0, 9
22, 93, 0, 95, 50, 97, 100, 100, 67, 81, 43, 56, 28, 28, 30, 0, 7
40, 79, 61, 100, 78, 72, 46, 41, 0, 16, 1, 5, 61, 1, 100, 0, 2
0, 42, 34, 57, 64, 79, 95, 100, 100, 85, 81, 57, 62, 28, 45, 0, 1
37, 84, 69, 100, 96, 87, 55, 61, 88, 38, 100, 9, 51, 0, 0, 3, 3
31, 95, 5, 61, 0, 23, 32, 0, 77, 18, 100, 51, 82, 85, 37, 100, 0
19, 73, 54, 91, 100, 100, 99, 78, 86, 52, 78, 26, 43, 8, 0, 0, 3
100, 96, 71, 100, 42, 79, 49, 56, 91, 51, 82, 16, 42, 0, 0, 1, 5
53, 100, 23, 77, 0, 57, 74, 66, 100, 79, 70, 85, 44, 42, 16, 0, 4
95, 68, 77, 100, 21, 76, 60, 38, 68, 0, 0, 15, 29, 53, 100, 81, 8
92, 73, 32, 63, 0, 86, 51, 100, 100, 82, 96, 51, 64, 23, 21, 0, 9
70, 100, 46, 70, 12, 38, 0, 25, 52, 29, 100, 41, 96, 38, 90, 0, 4
11, 84, 52, 100, 100, 96, 83, 66, 72, 50, 87, 16, 45, 0, 0, 11, 3
0, 84, 40, 100, 76, 71, 65, 33, 32, 0, 5, 28, 42, 44, 100, 46, 7
0, 52, 37, 73, 76, 94, 100, 100, 75, 75, 53, 49, 35, 22, 28, 0, 1
0, 76, 24, 100, 65, 97, 61, 63, 40, 31, 6, 5, 51, 2, 100, 0, 2
86, 79, 47, 100, 18, 62, 65, 27, 66, 0, 0, 3, 46, 39, 100, 71, 8
0, 75, 45, 85, 100, 100, 84, 80, 71, 59, 58, 37, 55, 15, 63, 0, 1
100, 99, 56, 100, 31, 65, 87, 73, 98, 90, 94, 48, 61, 13, 0, 0, 9
86, 78, 48, 100, 14, 72, 19, 35, 2, 0, 0, 29, 49, 59, 100, 88, 8
0, 82, 47, 100, 75, 72, 52, 35, 22, 0, 16, 22, 41, 48, 100, 52, 7
21, 100, 12, 66, 64, 49, 52, 0, 10, 16, 0, 72, 43, 94, 100, 94, 5
73, 98, 0, 95, 16, 60, 84, 29, 70, 0, 45, 35, 100, 69, 88, 100, 8
79, 97, 0, 100, 9, 73, 89, 87, 100, 95, 79, 63, 60, 30, 57, 0, 9
12, 76, 47, 100, 100, 98, 97, 72, 52, 54, 74, 30, 52, 5, 0, 0, 3
100, 97, 50, 100, 12, 88, 6, 48, 37, 47, 78, 25, 50, 0, 0, 2, 5
4, 80, 0, 100, 37, 82, 33, 53, 5, 28, 4, 6, 52, 2, 100, 0, 2
42, 79, 67, 100, 78, 79, 71, 60, 100, 39, 85, 10, 41, 0, 0, 14, 3
15, 90, 57, 100, 82, 85, 60, 62, 100, 47, 86, 23, 44, 8, 0, 0, 3
44, 97, 9, 62, 0, 13, 41, 0, 82, 26, 100, 72, 63, 100, 17, 92, 0
0, 65, 37, 82, 82, 100, 100, 90, 86, 65, 70, 39, 55, 14, 49, 0, 1
100, 81, 55, 54, 0, 63, 23, 95, 84, 100, 94, 64, 74, 29, 35, 0, 9
100, 100, 66, 94, 38, 70, 15, 45, 0, 18, 26, 0, 55, 16, 11, 24, 6
41, 96, 99, 100, 100, 74, 58, 38, 28, 0, 7, 16, 0, 45, 80, 34, 7
100, 100, 50, 76, 0, 36, 76, 35, 99, 62, 89, 96, 80, 45, 72, 0, 4
43, 97, 3, 69, 0, 20, 43, 0, 88, 23, 100, 70, 62, 100, 14, 84, 0
0, 62, 21, 100, 27, 80, 26, 35, 4, 4, 12, 0, 55, 2, 100, 5, 1
8, 100, 0, 81, 9, 52, 81, 54, 100, 75, 86, 64, 87, 32, 90, 0, 4
0, 84, 46, 100, 96, 88, 94, 50, 83, 11, 62, 0, 45, 26, 100, 26, 7
45, 79, 57, 100, 100, 93, 86, 66, 70, 44, 87, 20, 46, 6, 0, 0, 3
0, 58, 42, 78, 90, 99, 100, 100, 87, 75, 78, 50, 76, 25, 84, 0, 1
0, 79, 19, 100, 60, 93, 59, 64, 41, 38, 19, 12, 54, 1, 100, 0, 2
20, 82, 35, 100, 73, 87, 42, 60, 72, 49, 100, 26, 57, 4, 0, 0, 3
0, 81, 11, 100, 55, 97, 100, 96, 86, 76, 66, 51, 48, 26, 38, 0, 7
64, 100, 21, 74, 0, 38, 17, 3, 72, 0, 100, 31, 59, 51, 6, 39, 6
19, 91, 22, 58, 50, 24, 25, 0, 4, 37, 0, 73, 44, 94, 100, 100, 5
47, 68, 0, 70, 53, 34, 85, 0, 22, 12, 53, 59, 100, 100, 46, 88, 8
29, 84, 65, 100, 87, 74, 69, 45, 38, 19, 0, 0, 49, 6, 100, 12, 2
13, 94, 10, 63, 73, 46, 65, 0, 0, 8, 3, 57, 31, 100, 100, 99, 5
99, 97, 47, 100, 8, 74, 0, 41, 28, 11, 85, 0, 100, 22, 38, 24, 6
33, 69, 57, 100, 87, 75, 66, 39, 24, 15, 0, 15, 51, 14, 100, 0, 2
0, 87, 32, 100, 67, 84, 48, 50, 16, 23, 16, 2, 58, 3, 100, 0, 2
100, 100, 58, 85, 23, 59, 0, 30, 9, 0, 58, 5, 60, 34, 7, 25, 6
100, 75, 47, 100, 0, 79, 49, 41, 66, 0, 3, 25, 27, 66, 98, 91, 8
0, 66, 44, 83, 92, 100, 100, 85, 81, 64, 61, 42, 40, 21, 22, 0, 1
91, 98, 48, 100, 12, 60, 0, 15, 55, 0, 100, 27, 39, 38, 5, 5, 6
69, 100, 43, 92, 15, 58, 5, 21, 50, 0, 100, 20, 48, 34, 0, 15, 6
10, 100, 4, 67, 11, 70, 2, 80, 19, 33, 0, 0, 21, 8, 100, 12, 1
33, 100, 21, 78, 0, 53, 4, 28, 77, 36, 90, 51, 88, 25, 100, 0, 4
38, 100, 14, 74, 0, 46, 39, 35, 93, 35, 100, 53, 86, 27, 70, 0, 4
0, 92, 42, 100, 90, 100, 100, 83, 71, 63, 57, 40, 44, 17, 14, 0, 3
34, 100, 15, 78, 0, 43, 56, 37, 100, 43, 78, 70, 54, 36, 41, 0, 4
0, 42, 42, 55, 73, 77, 100, 100, 81, 77, 61, 52, 46, 26, 39, 0, 1
90, 94, 13, 95, 26, 56, 96, 27, 52, 0, 0, 26, 45, 64, 100, 100, 8
47, 100, 11, 81, 0, 39, 21, 3, 62, 0, 98, 22, 100, 63, 61, 73, 0
0, 82, 43, 100, 100, 94, 90, 65, 55, 41, 13, 18, 28, 1, 92, 0, 2
96, 85, 31, 100, 44, 64, 96, 27, 37, 0, 0, 31, 72, 62, 100, 91, 8
46, 88, 78, 100, 79, 67, 65, 47, 100, 32, 75, 7, 37, 0, 0, 5, 3
32, 52, 22, 0, 100, 2, 78, 63, 35, 37, 14, 100, 71, 92, 0, 73, 8
29, 100, 16, 77, 0, 41, 70, 34, 100, 64, 89, 67, 57, 34, 26, 0, 4
0, 94, 22, 100, 71, 94, 70, 51, 61, 0, 42, 9, 52, 32, 100, 20, 7
9, 100, 18, 82, 0, 49, 10, 24, 71, 26, 100, 51, 92, 31, 90, 0, 4
25, 75, 37, 98, 92, 100, 100, 75, 68, 51, 97, 27, 51, 9, 0, 0, 3
7, 86, 44, 100, 54, 70, 30, 39, 0, 13, 14, 4, 57, 2, 100, 0, 2
100, 100, 70, 93, 37, 68, 11, 41, 0, 11, 38, 0, 48, 25, 2, 35, 6
100, 100, 60, 89, 26, 65, 3, 36, 0, 4, 43, 0, 51, 26, 12, 31, 6
21, 83, 55, 100, 92, 86, 73, 61, 92, 35, 100, 9, 52, 0, 0, 0, 3
69, 90, 33, 100, 63, 76, 70, 98, 100, 61, 98, 16, 51, 0, 0, 10, 9
7, 76, 27, 45, 48, 7, 8, 0, 0, 40, 8, 81, 52, 98, 100, 100, 5
51, 67, 100, 87, 56, 100, 0, 84, 48, 74, 91, 54, 65, 24, 22, 0, 9
34, 100, 32, 100, 8, 64, 0, 27, 41, 0, 100, 10, 76, 42, 19, 60, 6
0, 93, 43, 100, 93, 90, 89, 63, 60, 39, 28, 17, 44, 0, 100, 4, 2
63, 65, 35, 100, 1, 69, 61, 36, 79, 0, 0, 15, 33, 54, 100, 86, 8
49, 100, 19, 91, 31, 54, 36, 15, 0, 0, 7, 36, 51, 63, 100, 87, 8
39, 96, 14, 77, 0, 36, 25, 0, 78, 4, 100, 43, 77, 82, 28, 100, 0
100, 71, 46, 71, 18, 92, 66, 100, 91, 74, 75, 45, 44, 19, 0, 0, 9
16, 100, 10, 59, 57, 35, 27, 0, 0, 29, 2, 86, 45, 96, 100, 96, 5
12, 67, 42, 36, 57, 4, 12, 0, 0, 38, 12, 73, 55, 87, 100, 100, 5
28, 88, 75, 100, 100, 99, 51, 87, 8, 70, 32, 45, 47, 12, 0, 0, 5
0, 100, 38, 100, 70, 74, 55, 30, 26, 0, 19, 44, 59, 50, 100, 54, 7
60, 100, 40, 81, 0, 54, 2, 43, 60, 34, 100, 57, 82, 36, 71, 0, 4
59, 99, 16, 72, 89, 38, 91, 0, 28, 18, 73, 58, 100, 100, 0, 95, 8
0, 61, 35, 82, 90, 100, 100, 93, 69, 71, 44, 47, 23, 24, 8, 0, 1
0, 100, 55, 98, 100, 80, 98, 51, 80, 22, 72, 0, 91, 28, 71, 43, 7
100, 100, 57, 90, 28, 67, 6, 43, 0, 15, 37, 0, 70, 16, 28, 27, 6
4, 91, 47, 100, 100, 87, 68, 44, 45, 0, 25, 5, 0, 36, 76, 35, 7
100, 98, 60, 100, 35, 76, 39, 56, 75, 52, 73, 21, 39, 5, 0, 0, 5
0, 85, 43, 100, 68, 87, 50, 61, 92, 44, 100, 14, 55, 0, 8, 8, 3
100, 94, 53, 80, 68, 39, 68, 0, 0, 0, 17, 36, 62, 69, 88, 100, 8
63, 66, 58, 100, 11, 76, 36, 38, 63, 0, 0, 3, 36, 36, 100, 62, 8
84, 92, 41, 91, 37, 46, 66, 0, 0, 9, 46, 49, 100, 85, 33, 100, 8
26, 92, 0, 49, 10, 4, 61, 0, 100, 31, 95, 76, 50, 100, 4, 83, 0
10, 80, 12, 37, 38, 0, 90, 4, 100, 44, 72, 82, 24, 100, 0, 62, 0
41, 100, 12, 74, 0, 44, 75, 46, 100, 78, 81, 75, 65, 37, 48, 0, 4
41, 95, 44, 61, 58, 30, 13, 0, 0, 30, 3, 80, 44, 100, 100, 94, 5
43, 87, 100, 100, 77, 98, 29, 77, 60, 59, 95, 32, 54, 4, 0, 0, 5
35, 92, 61, 100, 81, 75, 59, 60, 100, 43, 86, 10, 40, 0, 0, 7, 3
8, 100, 23, 84, 0, 56, 26, 40, 100, 44, 72, 56, 68, 27, 89, 0, 4
28, 73, 81, 60, 73, 100, 39, 72, 91, 85, 100, 42, 88, 0, 0, 1, 9
79, 100, 46, 75, 22, 48, 22, 18, 65, 0, 100, 17, 51, 32, 0, 20, 6
31, 72, 12, 35, 35, 0, 77, 17, 100, 56, 89, 96, 43, 100, 0, 84, 0
23, 96, 5, 56, 0, 15, 41, 0, 83, 25, 100, 63, 81, 100, 34, 98, 0
31, 91, 1, 62, 0, 20, 37, 0, 80, 15, 100, 52, 86, 91, 44, 100, 0
63, 78, 83, 100, 100, 80, 78, 53, 42, 30, 0, 8, 30, 0, 93, 3, 2
77, 100, 47, 64, 0, 36, 34, 39, 100, 39, 93, 73, 61, 38, 37, 0, 4
42, 79, 93, 100, 89, 96, 39, 78, 51, 43, 100, 33, 56, 3, 0, 0, 5
0, 70, 11, 100, 34, 88, 26, 55, 15, 23, 28, 0, 66, 7, 100, 19, 2
44, 100, 21, 72, 0, 47, 68, 54, 100, 75, 85, 53, 61, 25, 43, 0, 4
0, 88, 39, 100, 77, 83, 77, 42, 72, 0, 42, 11, 54, 27, 100, 26, 7
12, 60, 37, 36, 41, 0, 15, 2, 0, 42, 27, 66, 63, 84, 100, 100, 5
15, 79, 8, 36, 37, 0, 89, 21, 100, 63, 73, 100, 21, 82, 0, 43, 0
11, 80, 0, 54, 47, 32, 36, 0, 11, 24, 3, 62, 46, 87, 100, 100, 5
0, 3, 28, 0, 62, 18, 87, 43, 100, 71, 89, 100, 54, 98, 78, 80, 9
1, 30, 35, 0, 78, 14, 100, 56, 85, 100, 42, 98, 8, 65, 0, 20, 0
93, 100, 58, 79, 28, 50, 8, 18, 47, 0, 100, 14, 58, 25, 0, 19, 6
100, 98, 54, 100, 52, 68, 83, 95, 95, 61, 92, 18, 48, 0, 0, 2, 9
0, 50, 28, 70, 77, 93, 100, 100, 77, 75, 56, 50, 44, 25, 62, 0, 1
0, 66, 25, 100, 48, 70, 43, 23, 26, 0, 21, 33, 60, 46, 100, 61, 7
23, 100, 0, 65, 5, 23, 52, 0, 100, 21, 95, 62, 53, 92, 12, 66, 0
0, 45, 27, 61, 63, 81, 100, 100, 84, 74, 63, 49, 41, 24, 20, 0, 1
60, 91, 14, 80, 50, 59, 56, 7, 0, 0, 4, 45, 41, 91, 100, 100, 5
35, 78, 48, 100, 76, 78, 57, 41, 24, 11, 0, 8, 50, 7, 100, 0, 2
35, 100, 0, 74, 1, 45, 68, 36, 100, 58, 88, 54, 79, 24, 72, 0, 4
36, 100, 0, 76, 21, 49, 73, 39, 100, 60, 70, 64, 72, 31, 85, 0, 4
14, 79, 37, 100, 56, 79, 30, 52, 0, 27, 0, 2, 50, 0, 100, 4, 2
0, 90, 3, 41, 31, 0, 76, 16, 100, 61, 70, 100, 25, 87, 14, 38, 0
75, 75, 36, 100, 6, 68, 62, 35, 100, 0, 0, 6, 31, 41, 93, 74, 8
93, 87, 50, 73, 27, 81, 75, 100, 100, 80, 67, 52, 27, 27, 0, 0, 9
44, 81, 72, 100, 100, 82, 64, 58, 99, 42, 93, 13, 47, 1, 0, 0, 3
39, 58, 100, 79, 88, 100, 6, 80, 0, 54, 89, 68, 63, 39, 31, 0, 9
77, 94, 35, 100, 53, 74, 74, 90, 99, 52, 100, 10, 51, 0, 0, 6, 9
20, 100, 17, 74, 0, 45, 25, 26, 81, 25, 95, 50, 95, 30, 100, 0, 4
9, 83, 30, 100, 84, 95, 64, 67, 85, 50, 100, 23, 57, 3, 0, 0, 3
35, 97, 35, 61, 44, 19, 0, 0, 23, 38, 61, 68, 100, 99, 51, 100, 8
0, 54, 40, 67, 78, 88, 100, 100, 82, 74, 69, 49, 58, 24, 40, 0, 1
100, 100, 38, 87, 25, 72, 19, 58, 12, 43, 6, 28, 0, 14, 6, 0, 1
0, 98, 43, 100, 68, 70, 66, 35, 56, 0, 39, 32, 49, 51, 100, 55, 7
0, 62, 27, 64, 61, 84, 100, 100, 90, 77, 70, 51, 50, 25, 35, 0, 1
71, 64, 55, 100, 0, 98, 19, 69, 74, 80, 100, 49, 67, 10, 13, 0, 9
55, 61, 81, 100, 68, 79, 56, 33, 30, 0, 0, 1, 51, 2, 100, 6, 1
48, 99, 8, 92, 50, 73, 63, 100, 100, 67, 99, 23, 53, 0, 0, 3, 9
0, 67, 59, 100, 79, 98, 71, 54, 71, 12, 9, 1, 2, 0, 100, 3, 1
0, 85, 27, 100, 54, 85, 44, 55, 22, 29, 33, 7, 66, 2, 100, 0, 2
0, 89, 78, 100, 100, 82, 66, 45, 58, 5, 33, 0, 12, 26, 98, 36, 7
41, 84, 93, 52, 100, 12, 33, 0, 47, 39, 93, 74, 72, 100, 0, 81, 8
38, 90, 10, 54, 74, 39, 48, 0, 0, 8, 7, 55, 29, 94, 100, 100, 5
35, 100, 0, 88, 58, 44, 55, 0, 30, 39, 100, 73, 94, 97, 28, 84, 8
70, 99, 42, 69, 35, 30, 0, 0, 19, 29, 60, 58, 100, 88, 54, 100, 8
32, 92, 12, 66, 42, 29, 18, 0, 0, 24, 17, 78, 56, 100, 100, 97, 5
37, 94, 53, 48, 41, 6, 0, 0, 4, 45, 17, 90, 57, 100, 100, 100, 5
100, 100, 74, 85, 34, 59, 0, 31, 7, 1, 68, 0, 60, 18, 0, 18, 6
11, 83, 0, 38, 21, 0, 71, 1, 100, 37, 87, 80, 41, 100, 5, 71, 0
22, 71, 55, 44, 42, 11, 0, 0, 1, 37, 13, 71, 53, 91, 100, 100, 5
44, 75, 21, 38, 0, 0, 18, 28, 56, 60, 100, 90, 82, 100, 28, 81, 8
26, 65, 0, 46, 4, 1, 54, 0, 95, 30, 100, 75, 59, 100, 12, 82, 0
23, 85, 69, 100, 62, 68, 53, 27, 32, 0, 0, 2, 50, 5, 100, 3, 1
19, 93, 66, 100, 78, 78, 41, 58, 63, 41, 100, 23, 53, 9, 0, 0, 3
0, 64, 16, 100, 57, 94, 37, 53, 0, 22, 5, 18, 52, 8, 100, 0, 2
35, 100, 0, 80, 45, 41, 96, 3, 44, 0, 34, 38, 100, 67, 78, 93, 8
32, 100, 9, 63, 0, 21, 30, 0, 70, 14, 100, 43, 87, 79, 47, 90, 0
53, 100, 27, 90, 6, 55, 0, 20, 46, 0, 100, 16, 53, 34, 6, 19, 6
40, 100, 6, 66, 0, 11, 41, 0, 81, 19, 100, 65, 60, 87, 19, 77, 0
57, 72, 100, 93, 47, 100, 0, 78, 52, 71, 94, 57, 69, 28, 39, 0, 9
14, 83, 51, 100, 100, 84, 54, 50, 16, 15, 0, 0, 11, 34, 92, 38, 7
0, 100, 57, 95, 62, 63, 46, 31, 25, 0, 4, 22, 39, 43, 100, 43, 7
100, 87, 37, 100, 0, 74, 90, 82, 90, 92, 67, 61, 43, 30, 49, 0, 9
2, 91, 44, 100, 91, 82, 52, 55, 62, 54, 100, 27, 56, 3, 0, 0, 3
42, 96, 10, 64, 0, 22, 44, 0, 92, 23, 100, 65, 64, 99, 8, 100, 0
0, 81, 34, 100, 62, 73, 54, 36, 39, 0, 12, 16, 50, 27, 100, 30, 7
67, 100, 24, 78, 0, 49, 0, 19, 44, 0, 100, 10, 65, 28, 10, 18, 6
63, 99, 25, 77, 0, 35, 22, 0, 73, 17, 100, 58, 79, 100, 33, 91, 0
31, 100, 34, 63, 75, 30, 36, 0, 0, 25, 7, 69, 37, 97, 100, 96, 5
28, 81, 59, 100, 100, 94, 78, 68, 51, 44, 83, 25, 44, 8, 0, 0, 3
38, 100, 4, 73, 0, 29, 33, 0, 78, 3, 100, 39, 85, 79, 44, 98, 0
25, 72, 15, 31, 47, 0, 93, 8, 100, 50, 73, 87, 28, 100, 0, 68, 0
10, 60, 31, 100, 61, 82, 37, 36, 2, 0, 0, 0, 50, 2, 100, 3, 2
92, 100, 46, 82, 8, 48, 0, 11, 70, 0, 100, 32, 26, 32, 14, 2, 6
65, 100, 19, 69, 22, 53, 95, 56, 100, 72, 48, 94, 26, 46, 0, 0, 4
60, 81, 12, 100, 0, 70, 28, 34, 28, 0, 12, 33, 52, 64, 100, 91, 8
0, 92, 39, 100, 100, 99, 78, 65, 44, 32, 9, 0, 4, 24, 56, 34, 7
31, 90, 63, 100, 100, 76, 75, 36, 56, 0, 96, 34, 61, 43, 0, 45, 7
79, 100, 31, 77, 0, 51, 68, 43, 100, 68, 76, 53, 41, 27, 14, 0, 4
0, 51, 27, 72, 61, 85, 95, 100, 100, 91, 82, 61, 67, 30, 72, 0, 1
0, 93, 44, 100, 90, 91, 76, 48, 64, 4, 49, 0, 52, 30, 100, 29, 7
100, 51, 72, 100, 0, 88, 28, 42, 77, 0, 2, 11, 5, 55, 78, 82, 8
52, 69, 82, 100, 75, 76, 61, 35, 47, 0, 0, 8, 50, 7, 100, 8, 1
38, 100, 12, 67, 19, 9, 62, 0, 100, 30, 83, 82, 39, 91, 0, 66, 0
35, 98, 60, 100, 47, 63, 25, 30, 0, 4, 34, 2, 68, 0, 100, 3, 2
79, 100, 35, 86, 60, 67, 100, 85, 89, 71, 70, 43, 40, 19, 0, 0, 9
89, 81, 49, 100, 0, 84, 39, 68, 100, 75, 94, 54, 84, 24, 51, 0, 9
7, 100, 28, 96, 18, 61, 0, 27, 50, 24, 85, 35, 85, 33, 100, 0, 4
61, 60, 88, 97, 10, 100, 16, 66, 91, 82, 100, 46, 82, 5, 0, 0, 9
100, 100, 67, 99, 26, 68, 0, 34, 15, 0, 88, 10, 60, 31, 26, 4, 6
40, 71, 60, 100, 100, 85, 78, 46, 37, 20, 0, 4, 49, 3, 99, 0, 2
4, 100, 36, 99, 44, 59, 39, 20, 29, 0, 0, 31, 49, 39, 100, 42, 7
6, 82, 49, 100, 100, 89, 70, 63, 30, 40, 85, 26, 60, 4, 0, 0, 3
33, 83, 4, 65, 73, 52, 61, 7, 0, 0, 6, 51, 26, 95, 100, 100, 5
18, 59, 41, 100, 76, 81, 54, 35, 15, 0, 0, 14, 49, 14, 100, 1, 2
0, 94, 45, 100, 92, 79, 83, 37, 56, 0, 36, 16, 44, 44, 100, 45, 7
0, 81, 27, 100, 58, 90, 45, 58, 25, 30, 23, 0, 61, 2, 100, 6, 2
46, 92, 18, 64, 62, 40, 28, 0, 0, 9, 4, 63, 28, 100, 100, 98, 5
0, 81, 20, 100, 64, 100, 100, 85, 72, 60, 35, 42, 46, 21, 79, 0, 3
100, 91, 96, 100, 50, 70, 9, 40, 0, 6, 76, 0, 93, 26, 28, 21, 6
85, 90, 10, 65, 100, 69, 34, 100, 53, 41, 0, 0, 92, 5, 35, 48, 8
12, 78, 50, 100, 79, 77, 44, 46, 1, 23, 0, 13, 53, 7, 100, 0, 2
0, 36, 30, 59, 66, 79, 100, 100, 76, 75, 50, 51, 26, 26, 17, 0, 1
17, 83, 2, 54, 0, 13, 47, 0, 90, 26, 100, 68, 71, 100, 26, 79, 0
32, 100, 19, 74, 0, 42, 44, 31, 100, 44, 93, 66, 85, 33, 81, 0, 4
62, 100, 36, 92, 12, 57, 12, 19, 61, 0, 100, 22, 51, 41, 0, 27, 6
42, 94, 0, 60, 23, 30, 86, 30, 100, 61, 70, 100, 69, 50, 71, 0, 4
16, 89, 54, 100, 94, 88, 61, 65, 100, 43, 96, 12, 50, 1, 0, 0, 3
7, 80, 21, 100, 34, 72, 18, 41, 0, 12, 30, 1, 65, 0, 100, 2, 2
36, 100, 39, 66, 100, 97, 34, 100, 29, 47, 0, 0, 73, 10, 32, 66, 8
88, 100, 100, 99, 52, 74, 14, 46, 0, 14, 57, 0, 84, 20, 18, 26, 6
0, 58, 38, 78, 73, 98, 100, 100, 92, 74, 84, 49, 77, 23, 80, 0, 1
92, 100, 56, 78, 21, 50, 1, 18, 43, 0, 100, 12, 60, 23, 0, 13, 6
30, 84, 36, 100, 79, 90, 56, 63, 86, 51, 100, 26, 61, 4, 0, 0, 3
32, 100, 0, 79, 16, 51, 77, 49, 100, 80, 70, 62, 45, 32, 26, 0, 4
0, 100, 53, 97, 100, 96, 71, 58, 57, 14, 44, 0, 33, 35, 90, 38, 7
33, 75, 68, 100, 100, 98, 52, 92, 37, 51, 79, 35, 47, 6, 0, 0, 5
57, 51, 100, 74, 87, 100, 27, 94, 0, 69, 57, 58, 75, 32, 65, 0, 9
82, 77, 45, 100, 0, 78, 47, 58, 100, 81, 94, 56, 87, 22, 88, 0, 9
0, 40, 29, 56, 67, 77, 100, 100, 100, 82, 82, 53, 64, 25, 45, 0, 1
56, 88, 10, 61, 0, 15, 50, 0, 91, 35, 100, 81, 52, 100, 9, 67, 0
21, 100, 1, 76, 0, 47, 65, 41, 100, 58, 83, 61, 75, 30, 75, 0, 4
0, 88, 40, 100, 65, 81, 51, 55, 30, 29, 11, 4, 51, 0, 100, 6, 2
0, 93, 43, 100, 78, 83, 66, 55, 36, 31, 11, 6, 53, 0, 100, 1, 2
37, 82, 18, 81, 58, 46, 56, 2, 0, 0, 12, 47, 37, 90, 100, 100, 5
20, 100, 0, 61, 10, 16, 58, 0, 100, 26, 98, 71, 56, 99, 7, 89, 0
0, 43, 35, 60, 67, 80, 99, 100, 100, 75, 100, 49, 100, 24, 99, 0, 1
84, 100, 40, 94, 46, 68, 85, 82, 90, 48, 100, 13, 54, 0, 0, 6, 9
30, 100, 0, 58, 23, 39, 63, 14, 13, 0, 24, 52, 44, 96, 100, 93, 5
100, 85, 64, 76, 38, 97, 84, 100, 90, 72, 67, 45, 36, 22, 0, 0, 9
35, 100, 19, 85, 0, 52, 50, 32, 100, 35, 96, 64, 62, 34, 39, 0, 4
39, 95, 9, 72, 63, 48, 57, 9, 0, 0, 19, 47, 38, 92, 100, 100, 5
49, 73, 83, 100, 76, 91, 59, 57, 37, 24, 0, 0, 38, 7, 100, 6, 1
0, 93, 35, 100, 84, 100, 100, 81, 85, 61, 70, 40, 55, 20, 52, 0, 7
11, 89, 55, 100, 100, 94, 82, 69, 97, 44, 93, 19, 49, 6, 0, 0, 3
77, 83, 47, 72, 78, 27, 22, 0, 0, 30, 68, 60, 100, 100, 20, 90, 8
95, 100, 46, 79, 14, 50, 0, 18, 42, 0, 88, 20, 100, 53, 83, 85, 0
0, 82, 41, 100, 90, 88, 69, 59, 73, 48, 100, 19, 56, 0, 3, 5, 3
2, 55, 18, 86, 70, 100, 98, 79, 75, 50, 100, 15, 52, 0, 0, 15, 3
9, 100, 0, 75, 78, 72, 100, 92, 74, 93, 56, 62, 38, 31, 21, 0, 4
63, 97, 19, 90, 4, 36, 42, 0, 95, 25, 100, 77, 46, 100, 0, 73, 0
23, 71, 2, 49, 57, 32, 23, 0, 3, 25, 0, 65, 34, 96, 100, 100, 5
0, 83, 28, 100, 85, 88, 74, 43, 43, 0, 8, 0, 38, 20, 100, 25, 7
38, 100, 4, 76, 0, 46, 70, 41, 100, 64, 86, 62, 66, 31, 54, 0, 4
21, 93, 64, 100, 100, 83, 71, 57, 94, 34, 95, 12, 48, 5, 0, 0, 3
45, 91, 88, 100, 100, 77, 69, 54, 100, 39, 99, 12, 51, 0, 0, 1, 3
44, 86, 14, 77, 0, 34, 28, 1, 70, 0, 100, 33, 85, 76, 48, 100, 0
34, 84, 83, 100, 100, 99, 28, 82, 0, 53, 65, 39, 84, 1, 13, 0, 5
45, 83, 14, 72, 35, 51, 52, 11, 0, 0, 20, 44, 45, 89, 100, 100, 5
2, 97, 14, 66, 50, 90, 14, 100, 62, 75, 100, 37, 75, 2, 0, 0, 9
0, 59, 5, 73, 61, 91, 100, 100, 75, 75, 52, 51, 33, 25, 25, 0, 1
100, 100, 48, 89, 12, 65, 0, 38, 15, 12, 79, 0, 70, 26, 3, 23, 6
100, 100, 60, 84, 29, 57, 11, 26, 35, 0, 83, 12, 53, 37, 0, 31, 6
100, 65, 80, 96, 33, 100, 51, 76, 94, 68, 83, 33, 48, 8, 0, 0, 9
0, 74, 44, 86, 94, 100, 100, 85, 79, 64, 54, 42, 31, 21, 8, 0, 1
22, 85, 49, 100, 71, 77, 45, 51, 11, 30, 0, 11, 51, 7, 100, 0, 2
54, 87, 59, 100, 26, 72, 0, 43, 28, 18, 100, 30, 96, 30, 80, 0, 4
0, 75, 61, 81, 100, 100, 96, 88, 87, 66, 85, 44, 85, 22, 87, 0, 1
12, 96, 60, 100, 96, 81, 60, 55, 16, 33, 0, 8, 55, 2, 100, 0, 2
18, 84, 0, 49, 14, 13, 58, 0, 92, 25, 100, 63, 73, 93, 27, 100, 0
0, 86, 57, 100, 100, 78, 71, 46, 36, 14, 30, 0, 4, 32, 74, 34, 7
8, 83, 69, 100, 100, 69, 82, 34, 51, 0, 15, 22, 0, 37, 89, 39, 7
61, 96, 46, 68, 71, 22, 11, 0, 0, 34, 67, 63, 100, 100, 25, 93, 8
0, 0, 42, 11, 83, 34, 100, 68, 77, 100, 29, 99, 41, 69, 90, 61, 9
86, 83, 40, 100, 0, 72, 49, 37, 63, 0, 10, 20, 52, 55, 100, 82, 8
52, 93, 95, 100, 100, 98, 54, 92, 28, 61, 58, 36, 42, 2, 0, 0, 5
31, 88, 68, 100, 60, 86, 76, 68, 100, 44, 78, 18, 39, 6, 0, 0, 3
34, 100, 100, 87, 82, 58, 55, 29, 42, 0, 3, 7, 0, 27, 85, 35, 7
58, 89, 15, 70, 0, 30, 33, 0, 79, 32, 100, 72, 67, 100, 18, 70, 0
52, 90, 100, 100, 60, 92, 32, 60, 79, 57, 86, 22, 44, 0, 0, 14, 5
97, 92, 62, 100, 60, 65, 100, 89, 90, 65, 85, 26, 50, 0, 0, 16, 9
9, 85, 0, 45, 16, 5, 63, 0, 95, 31, 100, 72, 65, 100, 19, 89, 0
0, 46, 47, 71, 66, 100, 59, 98, 59, 68, 68, 38, 87, 8, 100, 0, 1
95, 100, 64, 81, 36, 49, 27, 12, 75, 0, 100, 27, 51, 41, 0, 28, 6
0, 66, 3, 93, 52, 100, 100, 91, 84, 65, 45, 46, 27, 21, 65, 0, 3
8, 79, 47, 100, 47, 86, 39, 48, 45, 12, 100, 8, 44, 5, 0, 0, 1
53, 98, 88, 100, 100, 80, 78, 60, 58, 40, 57, 17, 35, 0, 0, 3, 3
4, 100, 59, 90, 66, 56, 56, 22, 39, 0, 0, 30, 16, 49, 100, 47, 7
0, 75, 8, 100, 52, 99, 96, 98, 100, 81, 83, 54, 68, 27, 58, 0, 7
14, 79, 0, 46, 18, 7, 58, 0, 92, 25, 100, 69, 71, 100, 32, 96, 0
11, 72, 28, 100, 66, 78, 56, 38, 19, 10, 0, 6, 50, 5, 100, 0, 2
30, 100, 33, 81, 4, 54, 0, 29, 70, 27, 100, 49, 94, 29, 98, 0, 4
30, 97, 12, 71, 0, 28, 33, 0, 84, 16, 100, 57, 74, 94, 24, 100, 0
0, 76, 27, 100, 63, 82, 58, 40, 26, 12, 20, 16, 60, 8, 100, 0, 2
33, 77, 30, 100, 63, 73, 43, 36, 0, 16, 29, 16, 78, 0, 100, 32, 2
4, 93, 50, 100, 82, 79, 49, 50, 70, 45, 100, 19, 56, 0, 0, 10, 3
48, 100, 39, 89, 14, 56, 12, 19, 57, 0, 100, 17, 52, 30, 0, 15, 6
100, 92, 46, 100, 11, 78, 37, 56, 86, 43, 81, 0, 28, 5, 0, 41, 5
76, 100, 28, 96, 0, 66, 2, 32, 45, 9, 100, 17, 53, 26, 19, 0, 6
0, 45, 32, 65, 67, 82, 100, 100, 75, 76, 51, 51, 28, 26, 9, 0, 1
100, 75, 82, 100, 29, 91, 20, 74, 74, 74, 63, 42, 30, 15, 0, 0, 9
67, 88, 100, 72, 85, 100, 54, 70, 94, 83, 92, 35, 59, 0, 0, 2, 9
26, 99, 0, 61, 6, 16, 53, 0, 95, 28, 100, 73, 58, 100, 6, 90, 0
0, 98, 72, 100, 73, 70, 57, 36, 50, 0, 18, 2, 26, 27, 100, 36, 7
100, 92, 60, 100, 57, 80, 94, 97, 81, 72, 64, 43, 34, 20, 0, 0, 9
0, 55, 41, 73, 70, 95, 94, 100, 93, 75, 89, 50, 91, 24, 100, 0, 1
7, 89, 52, 100, 93, 70, 80, 27, 68, 0, 100, 39, 66, 53, 0, 52, 7
0, 90, 37, 100, 58, 69, 55, 32, 47, 0, 25, 33, 55, 44, 100, 46, 7
0, 98, 67, 93, 47, 100, 19, 68, 45, 55, 100, 33, 73, 0, 17, 7, 5
0, 79, 28, 100, 54, 90, 46, 62, 28, 36, 18, 9, 52, 0, 100, 5, 2
3, 86, 34, 100, 85, 89, 51, 64, 100, 45, 96, 13, 42, 0, 0, 11, 3
78, 100, 62, 97, 36, 63, 29, 24, 65, 0, 100, 23, 52, 37, 0, 26, 6
2, 79, 48, 100, 81, 75, 59, 33, 22, 0, 0, 3, 49, 13, 100, 6, 2
39, 100, 10, 74, 0, 41, 60, 38, 100, 49, 85, 63, 60, 32, 43, 0, 4
34, 86, 22, 40, 39, 0, 83, 17, 100, 61, 70, 96, 22, 100, 0, 64, 0
26, 84, 72, 100, 92, 78, 51, 53, 70, 49, 100, 23, 58, 0, 0, 7, 3
74, 100, 28, 78, 0, 52, 0, 24, 37, 0, 100, 6, 76, 26, 13, 19, 6
0, 80, 22, 100, 24, 66, 7, 34, 0, 14, 34, 9, 69, 4, 100, 0, 2
56, 100, 46, 99, 14, 66, 0, 31, 36, 0, 100, 9, 58, 24, 32, 2, 6
88, 100, 58, 71, 26, 45, 0, 35, 56, 34, 100, 46, 97, 32, 88, 0, 4
58, 95, 60, 64, 100, 32, 83, 0, 17, 20, 62, 51, 69, 85, 0, 100, 8
46, 100, 31, 95, 8, 69, 0, 41, 56, 39, 100, 50, 65, 26, 54, 0, 4
39, 68, 67, 100, 74, 78, 78, 38, 86, 0, 100, 4, 39, 7, 0, 14, 1
98, 100, 36, 99, 0, 69, 30, 52, 89, 49, 100, 4, 42, 0, 9, 36, 5
0, 83, 37, 100, 84, 98, 76, 76, 80, 44, 100, 13, 62, 0, 15, 4, 3
94, 100, 35, 94, 3, 58, 0, 21, 74, 14, 100, 43, 21, 34, 19, 0, 6
24, 64, 52, 93, 67, 100, 57, 48, 39, 0, 0, 0, 50, 1, 100, 2, 1
87, 100, 45, 83, 14, 54, 0, 21, 42, 0, 100, 8, 77, 31, 18, 29, 6
54, 74, 72, 100, 76, 70, 57, 38, 26, 9, 0, 3, 50, 0, 100, 1, 2
0, 79, 25, 100, 49, 80, 27, 48, 0, 19, 24, 1, 62, 0, 100, 2, 2
100, 100, 72, 90, 41, 62, 12, 31, 9, 0, 57, 10, 47, 33, 0, 23, 6
48, 100, 20, 80, 0, 51, 55, 43, 100, 56, 90, 62, 86, 30, 73, 0, 4
53, 78, 80, 100, 96, 68, 68, 35, 23, 14, 0, 20, 51, 17, 100, 0, 2
0, 98, 53, 100, 88, 82, 63, 40, 33, 0, 36, 6, 39, 43, 100, 47, 7
0, 59, 41, 80, 94, 100, 100, 91, 68, 68, 35, 45, 6, 22, 0, 0, 1
54, 89, 17, 61, 0, 19, 38, 0, 81, 21, 100, 63, 77, 100, 32, 89, 0
37, 100, 11, 72, 0, 33, 26, 0, 74, 7, 100, 42, 81, 79, 36, 99, 0
10, 89, 56, 100, 76, 61, 65, 16, 37, 0, 0, 31, 50, 30, 100, 30, 7
48, 100, 12, 64, 0, 20, 43, 0, 91, 25, 100, 69, 62, 98, 13, 76, 0
100, 76, 73, 100, 18, 95, 11, 66, 66, 65, 74, 48, 49, 16, 0, 0, 9
0, 84, 47, 100, 100, 98, 75, 76, 50, 55, 92, 35, 77, 9, 25, 0, 3
47, 83, 84, 68, 100, 91, 35, 100, 73, 78, 93, 47, 48, 20, 0, 0, 9
2, 82, 42, 100, 100, 97, 76, 73, 42, 53, 85, 33, 56, 8, 0, 0, 3
75, 100, 30, 89, 1, 51, 0, 9, 57, 0, 100, 27, 45, 39, 10, 11, 6
0, 94, 8, 99, 55, 100, 95, 89, 100, 65, 82, 41, 55, 20, 26, 0, 7
68, 100, 59, 72, 25, 44, 0, 33, 54, 32, 100, 35, 98, 35, 86, 0, 4
44, 86, 71, 100, 100, 88, 73, 69, 61, 51, 68, 26, 36, 10, 0, 0, 3
6, 88, 8, 57, 48, 28, 23, 0, 5, 32, 0, 73, 41, 97, 100, 100, 5
0, 84, 46, 86, 91, 100, 100, 94, 85, 70, 72, 45, 61, 20, 62, 0, 1
43, 100, 0, 88, 67, 47, 85, 0, 17, 16, 83, 56, 100, 93, 17, 74, 8
0, 79, 35, 100, 71, 83, 45, 55, 84, 47, 100, 20, 57, 0, 3, 0, 3
5, 73, 0, 27, 38, 0, 81, 12, 100, 58, 78, 100, 31, 99, 10, 57, 0
5, 73, 25, 99, 75, 100, 63, 70, 80, 40, 100, 9, 51, 0, 0, 4, 3
29, 67, 7, 26, 42, 0, 90, 19, 100, 62, 75, 100, 25, 95, 0, 55, 0
0, 96, 50, 100, 97, 86, 86, 51, 59, 18, 46, 0, 47, 32, 100, 42, 7
25, 100, 11, 78, 0, 51, 3, 26, 89, 27, 100, 44, 57, 26, 36, 0, 4
32, 65, 51, 100, 56, 51, 35, 6, 0, 0, 27, 19, 63, 9, 100, 16, 2
0, 100, 33, 100, 67, 99, 100, 94, 89, 68, 67, 44, 51, 17, 50, 0, 7
18, 68, 50, 54, 100, 19, 30, 0, 24, 35, 84, 68, 90, 100, 0, 84, 8
29, 100, 0, 70, 35, 48, 82, 61, 100, 96, 71, 65, 41, 33, 16, 0, 4
12, 93, 0, 97, 57, 100, 100, 88, 94, 66, 75, 43, 57, 22, 40, 0, 7
70, 100, 17, 88, 36, 66, 89, 90, 88, 78, 100, 42, 68, 9, 0, 0, 9
17, 100, 5, 91, 0, 59, 58, 51, 100, 77, 60, 60, 30, 30, 6, 0, 4
49, 73, 61, 100, 0, 84, 42, 42, 81, 0, 26, 10, 43, 56, 100, 86, 8
55, 80, 68, 100, 85, 77, 68, 49, 100, 28, 80, 2, 34, 0, 0, 21, 3
97, 75, 60, 100, 35, 68, 68, 32, 49, 0, 0, 22, 39, 57, 100, 83, 8
44, 95, 1, 72, 39, 36, 38, 0, 0, 24, 49, 57, 100, 90, 34, 100, 8
33, 77, 64, 100, 100, 89, 68, 62, 78, 43, 86, 12, 44, 0, 0, 2, 3
26, 91, 0, 59, 33, 44, 53, 10, 15, 0, 22, 51, 39, 95, 100, 100, 5
0, 97, 49, 100, 100, 95, 89, 60, 60, 28, 30, 0, 24, 36, 77, 39, 7
30, 59, 46, 100, 49, 47, 27, 5, 0, 7, 33, 16, 66, 0, 100, 4, 2
36, 74, 77, 100, 69, 68, 50, 24, 35, 0, 0, 9, 50, 12, 100, 18, 1
0, 58, 62, 82, 78, 100, 41, 75, 30, 50, 32, 24, 30, 2, 100, 0, 1
64, 100, 38, 67, 2, 38, 0, 28, 62, 32, 100, 53, 88, 34, 79, 0, 4
0, 69, 43, 84, 89, 100, 100, 95, 74, 71, 51, 47, 34, 21, 16, 0, 1
0, 90, 36, 100, 53, 76, 15, 51, 67, 46, 100, 20, 61, 0, 10, 7, 3
58, 56, 55, 100, 0, 74, 68, 42, 100, 0, 19, 1, 29, 45, 87, 83, 8
65, 92, 19, 70, 0, 36, 6, 0, 62, 1, 97, 31, 100, 67, 77, 100, 0
15, 97, 35, 100, 55, 78, 26, 55, 0, 32, 33, 14, 78, 5, 100, 0, 2
11, 100, 59, 98, 58, 59, 42, 21, 25, 0, 0, 35, 49, 40, 100, 41, 7
36, 70, 53, 99, 100, 100, 88, 68, 85, 43, 91, 13, 47, 0, 0, 12, 3
100, 85, 59, 98, 11, 100, 6, 59, 34, 48, 68, 23, 30, 0, 0, 10, 5
41, 80, 54, 100, 92, 83, 76, 49, 43, 19, 0, 0, 43, 17, 100, 2, 2
7, 98, 0, 58, 20, 18, 56, 0, 91, 15, 100, 58, 77, 94, 40, 100, 0
74, 100, 26, 78, 0, 48, 2, 16, 56, 0, 100, 20, 56, 40, 9, 25, 6
35, 74, 71, 42, 100, 9, 62, 0, 76, 38, 89, 76, 48, 100, 0, 82, 8
78, 100, 41, 73, 0, 48, 35, 37, 100, 40, 83, 59, 56, 30, 37, 0, 4
46, 96, 60, 100, 100, 90, 70, 63, 64, 42, 86, 16, 46, 0, 0, 2, 3
28, 71, 68, 100, 61, 63, 29, 91, 82, 81, 100, 34, 57, 0, 0, 17, 9
52, 100, 32, 83, 11, 53, 0, 21, 37, 0, 100, 14, 48, 22, 5, 1, 6
95, 100, 16, 90, 0, 62, 84, 68, 100, 90, 80, 59, 56, 29, 58, 0, 9
0, 74, 26, 98, 64, 100, 76, 71, 56, 41, 30, 14, 60, 1, 100, 0, 2
8, 63, 31, 79, 90, 100, 100, 92, 67, 69, 33, 47, 10, 23, 0, 0, 1
48, 100, 32, 65, 0, 26, 50, 24, 100, 41, 85, 86, 81, 46, 76, 0, 4
0, 41, 73, 63, 100, 87, 86, 100, 73, 75, 64, 50, 64, 25, 77, 0, 1
100, 100, 55, 81, 22, 56, 0, 25, 25, 0, 74, 12, 58, 39, 8, 40, 6
0, 83, 35, 100, 73, 89, 70, 45, 67, 0, 46, 10, 57, 32, 100, 33, 7
34, 90, 35, 62, 51, 24, 8, 0, 0, 40, 1, 82, 46, 100, 100, 99, 5
100, 100, 61, 84, 24, 57, 0, 26, 25, 0, 80, 13, 62, 40, 13, 33, 6
0, 72, 18, 100, 68, 98, 63, 73, 89, 41, 100, 5, 53, 0, 6, 12, 3
27, 100, 14, 76, 0, 44, 41, 33, 94, 35, 100, 63, 76, 34, 76, 0, 4
0, 92, 40, 100, 100, 99, 84, 65, 48, 33, 13, 0, 12, 26, 74, 28, 7
0, 82, 32, 75, 70, 88, 100, 100, 89, 75, 75, 50, 61, 25, 54, 0, 1
19, 68, 32, 100, 68, 79, 59, 39, 25, 10, 0, 4, 50, 4, 100, 0, 2
100, 94, 66, 100, 24, 86, 19, 51, 65, 40, 90, 14, 48, 0, 0, 3, 5
0, 65, 47, 78, 80, 100, 73, 61, 71, 22, 42, 0, 46, 6, 100, 2, 1
100, 100, 48, 96, 15, 64, 0, 31, 25, 0, 95, 8, 94, 38, 25, 31, 6
40, 91, 94, 100, 68, 97, 31, 73, 44, 40, 100, 27, 60, 6, 0, 0, 5
30, 79, 72, 100, 95, 71, 59, 40, 100, 31, 84, 0, 27, 4, 0, 27, 3
85, 100, 37, 79, 13, 47, 14, 14, 67, 0, 100, 26, 51, 40, 0, 21, 6
0, 0, 35, 8, 69, 31, 93, 62, 100, 100, 69, 100, 57, 64, 64, 26, 9
46, 66, 100, 82, 59, 100, 0, 80, 41, 64, 94, 56, 62, 27, 24, 0, 9
0, 77, 45, 83, 90, 100, 100, 88, 82, 65, 60, 42, 37, 21, 10, 0, 1
0, 73, 36, 77, 81, 98, 100, 100, 92, 75, 84, 49, 78, 23, 93, 0, 1
92, 100, 8, 87, 54, 50, 100, 15, 0, 0, 5, 37, 64, 73, 48, 99, 8
57, 63, 100, 91, 48, 100, 0, 73, 55, 65, 96, 60, 60, 28, 13, 0, 9
44, 100, 15, 65, 0, 20, 35, 0, 78, 25, 100, 65, 65, 95, 21, 75, 0
17, 100, 0, 75, 1, 49, 67, 46, 100, 61, 88, 54, 89, 27, 94, 0, 4
5, 81, 1, 55, 29, 22, 4, 0, 0, 44, 16, 80, 57, 95, 100, 100, 5
97, 90, 67, 100, 26, 71, 0, 39, 4, 6, 74, 0, 100, 26, 27, 18, 6
22, 82, 17, 46, 42, 10, 1, 0, 0, 42, 14, 82, 56, 94, 100, 100, 5
8, 70, 43, 50, 44, 15, 10, 0, 0, 37, 12, 68, 55, 86, 100, 100, 5
91, 90, 59, 64, 50, 16, 0, 0, 21, 44, 94, 73, 100, 100, 11, 92, 8
50, 74, 65, 100, 70, 62, 40, 25, 0, 0, 4, 3, 52, 5, 100, 8, 2
100, 100, 70, 81, 38, 56, 14, 27, 32, 0, 86, 7, 53, 22, 0, 16, 6
60, 89, 69, 100, 100, 88, 69, 68, 48, 47, 76, 29, 40, 13, 0, 0, 3
0, 39, 21, 57, 63, 78, 100, 100, 94, 82, 78, 54, 65, 27, 57, 0, 1
100, 100, 0, 87, 0, 73, 17, 58, 33, 44, 33, 29, 50, 15, 67, 0, 1
83, 63, 77, 55, 100, 15, 35, 0, 23, 38, 70, 73, 63, 100, 0, 78, 8
90, 82, 4, 94, 44, 49, 62, 0, 0, 7, 49, 50, 100, 92, 21, 100, 8
100, 87, 96, 100, 49, 73, 11, 44, 0, 10, 60, 0, 73, 27, 16, 27, 6
0, 63, 36, 100, 81, 93, 66, 44, 30, 5, 0, 0, 47, 19, 100, 10, 2
0, 82, 30, 100, 64, 78, 50, 38, 55, 0, 25, 35, 46, 46, 100, 44, 7
100, 100, 73, 94, 48, 66, 30, 35, 35, 2, 74, 0, 44, 15, 0, 14, 6
46, 100, 16, 86, 0, 42, 100, 52, 68, 79, 54, 98, 56, 49, 61, 0, 4
46, 90, 100, 99, 100, 100, 46, 94, 12, 69, 53, 40, 50, 6, 0, 0, 5
0, 95, 53, 100, 81, 67, 61, 24, 49, 0, 7, 29, 42, 42, 100, 43, 7
100, 100, 39, 93, 43, 59, 70, 25, 32, 0, 0, 24, 34, 56, 79, 84, 8
35, 69, 55, 100, 87, 81, 70, 44, 34, 17, 0, 4, 50, 5, 100, 0, 2
77, 100, 48, 60, 0, 32, 50, 40, 100, 49, 91, 86, 70, 43, 52, 0, 4
44, 100, 24, 68, 0, 34, 37, 33, 84, 38, 100, 57, 86, 39, 80, 0, 4
48, 68, 59, 95, 100, 100, 78, 62, 43, 31, 0, 9, 40, 11, 88, 0, 2
0, 66, 46, 84, 100, 100, 83, 80, 71, 60, 62, 40, 54, 20, 62, 0, 1
4, 87, 53, 100, 76, 78, 47, 51, 97, 38, 100, 11, 46, 0, 0, 7, 3
0, 66, 63, 77, 100, 100, 80, 93, 60, 69, 43, 45, 37, 21, 50, 0, 1
0, 92, 45, 100, 53, 68, 40, 33, 31, 0, 5, 32, 47, 43, 100, 45, 7
44, 79, 19, 60, 6, 14, 55, 0, 100, 34, 92, 79, 35, 100, 0, 69, 0
14, 84, 24, 100, 81, 89, 42, 65, 27, 47, 100, 37, 71, 12, 0, 0, 3
100, 89, 58, 100, 29, 72, 70, 75, 79, 49, 87, 8, 43, 0, 0, 8, 9
84, 97, 40, 79, 0, 39, 9, 0, 62, 26, 100, 67, 71, 100, 15, 80, 0
87, 78, 50, 94, 16, 59, 0, 19, 45, 0, 99, 24, 100, 63, 67, 100, 0
35, 100, 35, 87, 14, 62, 0, 35, 35, 16, 97, 34, 100, 26, 89, 0, 4
100, 100, 66, 90, 26, 66, 0, 40, 4, 12, 62, 0, 80, 19, 10, 16, 6
48, 100, 4, 73, 0, 42, 71, 34, 100, 60, 95, 72, 58, 36, 29, 0, 4
14, 73, 0, 27, 38, 0, 84, 10, 100, 55, 75, 96, 31, 100, 9, 60, 0
100, 100, 48, 80, 0, 45, 74, 36, 99, 57, 70, 86, 65, 43, 66, 0, 4
15, 81, 42, 100, 71, 81, 54, 54, 27, 30, 0, 5, 45, 0, 100, 1, 2
86, 100, 56, 99, 19, 67, 0, 25, 31, 0, 81, 15, 100, 53, 78, 93, 0
44, 81, 68, 100, 85, 74, 69, 46, 40, 21, 0, 0, 41, 5, 100, 8, 2
0, 100, 14, 81, 5, 58, 28, 39, 88, 47, 97, 44, 91, 21, 100, 0, 4
2, 75, 35, 100, 96, 95, 88, 67, 77, 39, 100, 9, 41, 0, 0, 20, 3
15, 73, 41, 100, 87, 93, 60, 64, 99, 43, 100, 8, 50, 0, 0, 11, 3
100, 100, 52, 94, 22, 70, 1, 44, 0, 15, 39, 0, 70, 19, 29, 28, 6
0, 100, 20, 98, 78, 98, 100, 92, 61, 72, 33, 48, 15, 22, 25, 0, 7
27, 96, 0, 59, 1, 10, 38, 0, 75, 20, 100, 59, 75, 97, 36, 100, 0
66, 92, 29, 100, 50, 72, 67, 94, 97, 58, 100, 18, 53, 0, 0, 9, 9
0, 54, 24, 68, 71, 89, 100, 100, 69, 76, 43, 50, 19, 26, 5, 0, 1
11, 76, 30, 100, 42, 68, 27, 34, 0, 5, 16, 17, 58, 8, 100, 0, 2
37, 78, 8, 60, 56, 34, 44, 0, 0, 10, 10, 55, 43, 86, 100, 100, 5
100, 100, 58, 95, 20, 71, 0, 43, 7, 13, 58, 0, 97, 21, 54, 33, 6
0, 18, 39, 59, 82, 100, 34, 100, 34, 62, 100, 36, 68, 0, 14, 19, 8
33, 92, 72, 100, 100, 88, 80, 69, 61, 49, 67, 27, 35, 12, 0, 0, 3
0, 87, 56, 100, 80, 70, 62, 35, 56, 0, 11, 28, 11, 43, 100, 49, 7
4, 88, 19, 58, 59, 31, 24, 0, 6, 35, 0, 76, 44, 98, 100, 100, 5
14, 79, 49, 100, 64, 71, 38, 39, 0, 15, 9, 16, 55, 0, 100, 10, 2
0, 44, 29, 62, 66, 80, 100, 100, 79, 78, 59, 52, 40, 26, 25, 0, 1
100, 100, 54, 80, 25, 54, 0, 29, 0, 2, 75, 0, 89, 18, 19, 31, 6
100, 91, 85, 100, 49, 78, 18, 52, 0, 23, 25, 0, 69, 9, 30, 20, 6
100, 94, 76, 100, 44, 82, 18, 59, 0, 29, 6, 0, 41, 7, 22, 25, 6
0, 94, 59, 100, 99, 76, 86, 37, 62, 0, 29, 14, 39, 35, 100, 35, 7
20, 75, 32, 25, 66, 0, 100, 8, 98, 59, 68, 90, 32, 100, 0, 78, 0
100, 81, 52, 100, 6, 75, 0, 39, 31, 6, 90, 0, 68, 30, 10, 19, 6
2, 86, 46, 100, 62, 74, 26, 48, 60, 44, 100, 23, 61, 0, 0, 8, 3
27, 50, 66, 35, 46, 0, 7, 31, 46, 68, 100, 100, 41, 100, 0, 64, 8
4, 98, 10, 100, 0, 69, 4, 40, 62, 43, 56, 55, 63, 24, 100, 0, 4
0, 57, 12, 65, 52, 83, 94, 100, 100, 82, 75, 55, 52, 28, 35, 0, 1
59, 77, 60, 44, 69, 0, 0, 6, 36, 43, 100, 72, 96, 100, 31, 75, 8
34, 84, 9, 64, 0, 25, 41, 0, 88, 27, 100, 67, 68, 100, 12, 85, 0
0, 85, 22, 100, 50, 88, 43, 52, 20, 21, 27, 2, 65, 0, 100, 2, 2
17, 81, 46, 90, 100, 100, 83, 80, 59, 60, 37, 40, 13, 20, 0, 0, 1
24, 100, 77, 93, 100, 72, 71, 48, 46, 23, 28, 0, 0, 24, 31, 35, 7
95, 88, 23, 100, 57, 62, 100, 24, 42, 0, 0, 31, 44, 69, 87, 97, 8
0, 59, 55, 87, 100, 100, 88, 56, 89, 12, 32, 3, 5, 2, 88, 0, 1
8, 87, 0, 41, 21, 0, 70, 16, 100, 55, 97, 100, 45, 97, 9, 63, 0
42, 87, 100, 100, 80, 96, 30, 77, 52, 62, 94, 45, 57, 15, 0, 0, 5
70, 67, 100, 86, 55, 100, 0, 82, 26, 62, 92, 58, 80, 29, 75, 0, 9
40, 92, 100, 100, 97, 94, 43, 77, 57, 54, 89, 27, 55, 0, 0, 8, 5
75, 100, 26, 87, 0, 51, 4, 13, 64, 0, 100, 29, 37, 37, 15, 5, 6
31, 81, 51, 100, 83, 85, 50, 62, 88, 41, 100, 14, 53, 0, 0, 5, 3
2, 81, 13, 51, 61, 43, 41, 0, 12, 25, 0, 72, 45, 91, 100, 100, 5
64, 100, 26, 89, 0, 62, 50, 52, 100, 71, 76, 56, 47, 28, 27, 0, 4
85, 100, 71, 100, 25, 68, 0, 32, 31, 0, 100, 16, 78, 49, 7, 67, 6
0, 86, 22, 100, 49, 92, 46, 63, 35, 35, 45, 9, 72, 1, 100, 0, 2
16, 78, 0, 38, 31, 0, 74, 13, 100, 59, 71, 100, 28, 91, 11, 39, 0
96, 73, 44, 55, 0, 74, 32, 100, 88, 91, 100, 58, 83, 24, 42, 0, 9
92, 78, 27, 100, 0, 67, 67, 36, 100, 0, 14, 5, 40, 44, 95, 76, 8
0, 100, 60, 99, 68, 68, 59, 34, 54, 0, 100, 15, 68, 35, 8, 44, 7
0, 96, 43, 100, 100, 86, 75, 51, 48, 16, 33, 0, 17, 33, 88, 36, 7
0, 82, 40, 100, 97, 99, 99, 62, 81, 23, 56, 0, 40, 28, 100, 32, 7
69, 45, 100, 75, 66, 100, 9, 82, 0, 48, 65, 53, 98, 38, 87, 0, 9
88, 81, 43, 100, 31, 74, 86, 69, 100, 57, 86, 17, 38, 0, 0, 7, 9
73, 86, 12, 100, 0, 66, 77, 35, 100, 0, 6, 8, 34, 48, 75, 85, 8
0, 94, 39, 100, 86, 100, 100, 88, 70, 69, 46, 47, 32, 24, 40, 0, 7
0, 77, 40, 79, 83, 96, 100, 100, 92, 74, 81, 49, 70, 23, 71, 0, 1
11, 61, 25, 100, 66, 96, 62, 55, 29, 23, 0, 0, 50, 0, 100, 1, 2
0, 100, 58, 92, 100, 74, 76, 38, 63, 0, 96, 12, 81, 38, 24, 50, 7
15, 91, 68, 100, 81, 82, 44, 56, 59, 39, 100, 20, 54, 1, 0, 0, 3
51, 75, 45, 31, 71, 0, 100, 24, 96, 71, 66, 100, 30, 91, 0, 63, 0
29, 100, 49, 61, 97, 83, 41, 95, 73, 51, 100, 39, 60, 0, 0, 18, 9
100, 80, 48, 72, 0, 81, 34, 100, 66, 83, 63, 55, 54, 27, 54, 0, 9
68, 100, 43, 58, 0, 20, 61, 16, 100, 43, 95, 86, 93, 44, 94, 0, 4
36, 82, 32, 63, 67, 33, 37, 0, 0, 12, 26, 54, 50, 94, 100, 100, 5
18, 73, 29, 100, 92, 98, 61, 71, 55, 49, 100, 24, 65, 0, 0, 2, 3
35, 78, 50, 100, 100, 91, 78, 61, 88, 47, 95, 16, 47, 0, 0, 7, 3
14, 82, 45, 100, 57, 74, 43, 53, 100, 51, 100, 25, 58, 5, 0, 0, 3
45, 76, 49, 95, 100, 100, 87, 61, 48, 31, 0, 13, 29, 10, 82, 0, 2
0, 98, 20, 99, 64, 100, 100, 88, 92, 64, 67, 43, 41, 22, 22, 0, 7
15, 91, 2, 47, 67, 53, 53, 4, 5, 0, 0, 56, 31, 91, 100, 100, 5
69, 100, 26, 88, 70, 76, 72, 81, 88, 49, 100, 17, 56, 0, 0, 4, 9
0, 73, 63, 78, 100, 100, 97, 97, 88, 73, 77, 47, 65, 23, 55, 0, 1
0, 0, 45, 14, 85, 34, 100, 60, 88, 88, 43, 100, 37, 76, 88, 65, 9
95, 83, 17, 87, 51, 48, 92, 10, 0, 0, 25, 37, 100, 69, 94, 100, 8
0, 94, 62, 100, 83, 71, 66, 35, 47, 0, 10, 20, 25, 38, 100, 39, 7
24, 97, 28, 66, 80, 41, 71, 0, 0, 9, 7, 51, 26, 92, 100, 100, 5
74, 100, 54, 66, 17, 35, 0, 28, 70, 33, 100, 51, 81, 34, 68, 0, 4
76, 76, 39, 100, 0, 76, 41, 39, 73, 0, 17, 7, 35, 47, 100, 69, 8
64, 95, 54, 100, 16, 67, 0, 30, 41, 0, 100, 9, 43, 31, 38, 5, 6
51, 100, 10, 75, 0, 33, 31, 0, 82, 6, 100, 44, 75, 82, 28, 90, 0
56, 100, 37, 68, 0, 35, 71, 31, 100, 50, 73, 72, 71, 36, 74, 0, 4
69, 98, 19, 75, 51, 46, 25, 0, 0, 9, 11, 62, 38, 100, 100, 98, 5
64, 100, 57, 70, 0, 52, 55, 48, 95, 53, 100, 68, 85, 32, 71, 0, 4
16, 100, 0, 63, 61, 63, 100, 25, 46, 0, 19, 44, 29, 90, 98, 100, 5
6, 85, 47, 100, 76, 78, 56, 39, 36, 0, 0, 29, 47, 39, 100, 33, 7
60, 100, 13, 73, 0, 34, 28, 0, 81, 21, 100, 60, 83, 97, 28, 81, 0
35, 86, 0, 57, 52, 55, 64, 11, 14, 0, 20, 57, 43, 100, 100, 94, 5
90, 100, 100, 94, 50, 79, 40, 63, 20, 47, 10, 32, 0, 16, 0, 0, 1
0, 77, 44, 85, 100, 100, 88, 84, 71, 63, 60, 41, 58, 20, 77, 0, 1
58, 100, 28, 75, 4, 43, 0, 9, 59, 0, 100, 24, 41, 34, 1, 9, 6
1, 76, 0, 42, 16, 0, 65, 2, 100, 35, 95, 79, 50, 100, 3, 84, 0
25, 100, 13, 73, 0, 39, 50, 44, 100, 48, 64, 69, 43, 36, 40, 0, 4
0, 74, 16, 100, 35, 79, 20, 48, 1, 18, 19, 0, 60, 2, 100, 11, 2
44, 100, 40, 67, 0, 38, 83, 39, 100, 67, 97, 78, 96, 39, 91, 0, 4
47, 96, 35, 62, 44, 18, 5, 0, 0, 29, 18, 71, 56, 91, 100, 100, 5
9, 82, 52, 100, 66, 81, 38, 55, 89, 45, 100, 17, 55, 0, 0, 7, 3
36, 87, 81, 100, 80, 74, 61, 31, 44, 0, 0, 10, 50, 11, 100, 15, 1
77, 100, 41, 71, 0, 40, 7, 18, 75, 30, 100, 52, 70, 37, 57, 0, 4
57, 90, 0, 88, 46, 52, 100, 19, 39, 0, 33, 37, 69, 75, 39, 100, 8
0, 51, 37, 61, 71, 79, 100, 100, 97, 80, 87, 53, 76, 25, 71, 0, 1
0, 95, 26, 100, 43, 75, 34, 43, 21, 15, 42, 0, 71, 0, 100, 1, 2
29, 81, 20, 63, 50, 27, 15, 0, 0, 33, 8, 75, 46, 100, 100, 91, 5
55, 100, 20, 69, 3, 36, 4, 3, 72, 0, 100, 31, 68, 57, 0, 45, 6
0, 54, 35, 70, 88, 93, 100, 100, 71, 75, 45, 50, 27, 25, 25, 0, 1
18, 78, 53, 100, 85, 85, 48, 61, 71, 46, 100, 20, 56, 0, 0, 5, 3
49, 94, 10, 70, 0, 33, 25, 0, 82, 9, 100, 44, 91, 81, 42, 100, 0
0, 86, 28, 100, 47, 71, 23, 33, 14, 0, 0, 39, 48, 47, 100, 52, 7
18, 76, 37, 100, 77, 79, 61, 39, 22, 10, 0, 24, 53, 19, 100, 0, 2
15, 95, 77, 100, 100, 72, 70, 42, 31, 13, 0, 0, 17, 32, 95, 37, 7
6, 97, 65, 100, 100, 82, 70, 56, 42, 28, 27, 0, 0, 27, 47, 38, 7
67, 100, 58, 96, 29, 69, 0, 42, 29, 25, 92, 35, 100, 26, 79, 0, 4
0, 65, 2, 94, 58, 100, 98, 88, 72, 59, 100, 28, 69, 5, 24, 0, 3
24, 78, 59, 100, 100, 91, 71, 59, 61, 47, 88, 19, 48, 0, 0, 13, 3
100, 100, 78, 96, 32, 66, 0, 33, 11, 0, 89, 11, 85, 35, 3, 24, 6
69, 67, 100, 100, 42, 94, 31, 57, 86, 69, 90, 43, 58, 7, 0, 0, 9
0, 50, 52, 75, 100, 100, 92, 63, 80, 26, 45, 0, 12, 3, 90, 2, 1
0, 83, 33, 92, 100, 100, 95, 69, 60, 35, 30, 0, 26, 31, 86, 36, 7
19, 100, 0, 76, 29, 53, 98, 58, 100, 83, 87, 68, 84, 34, 86, 0, 4
0, 44, 33, 65, 73, 87, 100, 100, 79, 75, 56, 50, 39, 24, 59, 0, 1
58, 91, 93, 100, 77, 73, 97, 49, 100, 20, 70, 0, 26, 7, 0, 28, 3
34, 100, 28, 92, 0, 55, 46, 37, 100, 38, 80, 76, 65, 40, 54, 0, 4
40, 88, 23, 45, 39, 0, 85, 3, 100, 49, 79, 93, 32, 100, 0, 67, 0
39, 86, 78, 61, 100, 100, 33, 85, 83, 74, 83, 54, 75, 6, 0, 0, 9
21, 71, 65, 100, 95, 77, 65, 34, 24, 0, 0, 10, 51, 23, 100, 1, 2
0, 56, 56, 69, 82, 92, 92, 100, 85, 75, 85, 50, 86, 24, 100, 0, 1
21, 83, 0, 65, 0, 28, 35, 0, 84, 17, 100, 53, 84, 88, 30, 100, 0
92, 78, 42, 100, 0, 70, 41, 36, 86, 2, 19, 0, 28, 34, 100, 63, 8
61, 83, 4, 66, 29, 100, 80, 85, 100, 46, 100, 6, 43, 0, 0, 29, 9
0, 44, 41, 62, 78, 85, 100, 100, 87, 75, 70, 50, 55, 25, 41, 0, 1
81, 100, 39, 94, 69, 77, 63, 73, 86, 41, 100, 9, 52, 0, 0, 2, 9
31, 88, 3, 84, 77, 100, 100, 96, 69, 72, 37, 49, 14, 24, 0, 0, 1
0, 100, 3, 84, 5, 60, 16, 37, 60, 35, 80, 45, 80, 21, 100, 0, 4
78, 91, 11, 100, 6, 67, 38, 34, 51, 0, 0, 20, 35, 51, 100, 72, 8
38, 97, 21, 61, 38, 16, 4, 0, 0, 45, 11, 88, 55, 100, 100, 99, 5
0, 37, 31, 56, 60, 79, 90, 100, 100, 89, 89, 59, 78, 30, 67, 0, 1
68, 100, 28, 85, 4, 63, 0, 38, 51, 34, 100, 42, 88, 25, 91, 0, 4
100, 100, 46, 90, 57, 55, 91, 23, 46, 0, 0, 17, 35, 50, 85, 75, 8
47, 65, 63, 100, 77, 72, 49, 31, 11, 1, 0, 0, 50, 1, 100, 3, 2
45, 100, 23, 55, 27, 4, 73, 0, 100, 45, 85, 93, 30, 95, 0, 53, 0
50, 77, 73, 100, 81, 61, 51, 26, 6, 0, 0, 24, 51, 29, 100, 6, 2
65, 100, 44, 76, 15, 53, 0, 28, 64, 19, 100, 42, 82, 25, 65, 0, 4
48, 94, 0, 73, 49, 67, 79, 33, 26, 0, 19, 40, 21, 83, 100, 100, 5
4, 62, 61, 32, 53, 0, 0, 11, 53, 42, 100, 74, 80, 100, 12, 74, 8
6, 87, 50, 100, 62, 81, 22, 57, 70, 46, 100, 20, 59, 0, 0, 4, 3
24, 84, 47, 100, 44, 67, 26, 39, 0, 16, 28, 4, 64, 0, 100, 0, 2
27, 100, 30, 67, 95, 44, 66, 0, 11, 12, 0, 62, 22, 97, 100, 99, 5
14, 100, 83, 100, 100, 84, 67, 48, 47, 9, 27, 0, 0, 33, 75, 32, 7
32, 65, 44, 100, 89, 80, 81, 39, 46, 5, 0, 1, 48, 24, 100, 0, 2
25, 100, 11, 86, 0, 60, 51, 57, 100, 71, 92, 51, 72, 26, 57, 0, 4
38, 88, 80, 100, 100, 82, 75, 58, 99, 35, 76, 10, 33, 0, 0, 19, 3
65, 99, 27, 100, 45, 68, 74, 96, 91, 75, 100, 26, 59, 0, 0, 5, 9
24, 49, 98, 70, 100, 100, 49, 74, 84, 35, 69, 0, 0, 18, 69, 45, 8
0, 87, 3, 97, 52, 100, 100, 96, 100, 70, 71, 47, 40, 24, 15, 0, 7
52, 68, 94, 100, 84, 99, 70, 58, 58, 17, 0, 0, 22, 1, 100, 5, 1
100, 100, 76, 96, 42, 68, 22, 37, 30, 5, 87, 0, 67, 25, 0, 18, 6
32, 87, 20, 56, 58, 30, 18, 0, 0, 31, 3, 79, 46, 100, 100, 97, 5
100, 77, 49, 66, 0, 69, 30, 97, 80, 100, 90, 65, 64, 31, 38, 0, 9
13, 76, 35, 100, 57, 74, 40, 42, 10, 14, 0, 13, 51, 11, 100, 0, 2
37, 100, 14, 55, 84, 61, 100, 20, 38, 0, 2, 43, 0, 83, 72, 87, 5
100, 100, 64, 99, 29, 78, 4, 51, 0, 18, 30, 0, 42, 26, 0, 22, 6
33, 67, 50, 79, 100, 100, 96, 86, 71, 65, 42, 43, 21, 22, 0, 0, 1
9, 91, 56, 100, 100, 87, 80, 43, 57, 0, 0, 22, 24, 34, 95, 36, 7
100, 100, 68, 89, 36, 70, 12, 46, 4, 18, 33, 0, 40, 9, 0, 13, 6
49, 100, 20, 81, 0, 44, 17, 8, 71, 0, 100, 31, 85, 69, 41, 94, 0
39, 100, 21, 77, 0, 47, 27, 37, 84, 36, 100, 60, 88, 29, 86, 0, 4
0, 85, 25, 64, 63, 36, 52, 0, 30, 31, 13, 69, 44, 98, 100, 100, 5
12, 76, 46, 100, 67, 79, 52, 46, 26, 16, 0, 0, 55, 2, 100, 7, 2
0, 73, 30, 100, 74, 97, 69, 58, 53, 20, 54, 0, 53, 32, 100, 38, 7
77, 100, 11, 67, 100, 72, 43, 99, 36, 32, 0, 0, 84, 2, 30, 46, 8
30, 100, 3, 68, 0, 25, 36, 0, 81, 10, 100, 48, 66, 75, 21, 63, 0
22, 89, 0, 58, 44, 32, 27, 0, 1, 33, 5, 84, 48, 100, 100, 91, 5
0, 100, 11, 93, 7, 62, 32, 44, 68, 52, 100, 58, 86, 29, 71, 0, 4
9, 92, 56, 100, 54, 58, 33, 18, 10, 0, 0, 36, 50, 38, 100, 38, 7
29, 76, 45, 100, 100, 90, 75, 63, 43, 40, 98, 24, 63, 4, 0, 0, 3
47, 88, 72, 100, 65, 44, 36, 8, 0, 0, 27, 20, 63, 5, 100, 3, 2
62, 79, 70, 100, 87, 73, 61, 41, 20, 16, 0, 26, 54, 22, 100, 0, 2
0, 100, 10, 90, 56, 91, 100, 92, 69, 71, 40, 48, 17, 21, 12, 0, 7
42, 84, 70, 100, 100, 87, 69, 65, 55, 43, 86, 23, 51, 5, 0, 0, 3
21, 91, 59, 100, 62, 66, 34, 36, 0, 11, 19, 13, 59, 0, 100, 9, 2
63, 77, 95, 100, 92, 63, 64, 28, 26, 2, 0, 0, 50, 4, 100, 7, 2
0, 86, 22, 100, 58, 82, 38, 40, 16, 0, 5, 44, 51, 56, 100, 63, 7
100, 100, 58, 86, 27, 66, 7, 43, 0, 18, 34, 0, 72, 14, 43, 29, 6
45, 87, 84, 100, 66, 67, 79, 64, 100, 33, 80, 0, 36, 0, 0, 25, 3
18, 95, 14, 65, 77, 57, 100, 13, 49, 0, 12, 43, 0, 88, 62, 100, 5
24, 82, 53, 100, 53, 42, 29, 0, 0, 7, 32, 21, 65, 1, 100, 1, 2
25, 100, 76, 95, 75, 63, 58, 29, 54, 0, 100, 24, 61, 43, 0, 54, 7
0, 95, 25, 72, 100, 84, 30, 100, 23, 81, 100, 66, 78, 30, 33, 0, 9
0, 90, 43, 100, 74, 81, 71, 57, 49, 35, 19, 13, 43, 0, 100, 1, 2
30, 95, 0, 62, 13, 20, 57, 0, 100, 21, 99, 64, 63, 95, 15, 100, 0
0, 80, 35, 100, 99, 82, 100, 45, 61, 12, 20, 0, 18, 34, 92, 31, 7
0, 100, 4, 68, 37, 49, 100, 51, 88, 70, 64, 72, 66, 36, 62, 0, 4
0, 0, 36, 14, 65, 34, 89, 57, 100, 83, 73, 100, 37, 89, 68, 73, 9
51, 100, 11, 91, 0, 59, 34, 34, 96, 49, 100, 57, 62, 29, 34, 0, 4
24, 77, 0, 46, 22, 8, 70, 0, 100, 32, 90, 74, 51, 100, 5, 90, 0
40, 100, 5, 67, 0, 28, 40, 0, 94, 18, 100, 57, 58, 84, 3, 67, 0
66, 83, 100, 100, 98, 98, 59, 88, 29, 67, 49, 38, 38, 10, 0, 0, 5
45, 71, 63, 100, 20, 78, 44, 39, 51, 0, 0, 11, 40, 40, 100, 52, 8
14, 89, 52, 100, 64, 61, 38, 21, 4, 0, 0, 39, 50, 46, 100, 44, 7
55, 100, 32, 80, 0, 55, 61, 62, 100, 74, 52, 84, 42, 41, 28, 0, 4
31, 81, 58, 100, 100, 100, 81, 76, 65, 50, 78, 22, 41, 7, 0, 0, 3
100, 97, 69, 100, 34, 69, 13, 33, 31, 0, 90, 4, 55, 24, 0, 10, 6
0, 95, 69, 100, 99, 71, 82, 35, 63, 0, 40, 18, 26, 47, 100, 50, 7
0, 93, 49, 100, 100, 95, 99, 60, 79, 25, 58, 0, 44, 36, 90, 40, 7
40, 80, 60, 100, 100, 89, 59, 64, 60, 48, 100, 27, 60, 2, 0, 0, 3
7, 100, 0, 96, 1, 72, 7, 48, 38, 38, 66, 36, 70, 14, 100, 0, 4
0, 95, 49, 100, 100, 98, 85, 63, 50, 31, 13, 0, 13, 27, 60, 29, 7
0, 52, 71, 71, 100, 100, 80, 64, 77, 26, 60, 5, 3, 3, 89, 0, 1
37, 100, 13, 73, 0, 45, 64, 40, 100, 50, 75, 61, 58, 30, 43, 0, 4
4, 81, 35, 100, 45, 75, 25, 56, 82, 53, 100, 25, 57, 6, 0, 0, 3
40, 93, 0, 99, 50, 100, 100, 99, 82, 88, 64, 60, 55, 30, 55, 0, 7
0, 84, 31, 100, 43, 60, 39, 16, 27, 0, 14, 27, 57, 30, 100, 33, 7
20, 71, 0, 29, 31, 0, 78, 12, 100, 51, 84, 93, 37, 100, 8, 66, 0
100, 100, 67, 98, 41, 80, 44, 50, 78, 42, 68, 16, 35, 2, 0, 0, 5
88, 100, 42, 77, 12, 50, 0, 22, 45, 0, 100, 17, 73, 44, 15, 49, 6
33, 86, 0, 55, 1, 12, 52, 0, 90, 34, 100, 76, 56, 100, 6, 77, 0
53, 100, 30, 95, 0, 60, 100, 55, 92, 87, 77, 79, 79, 37, 79, 0, 4
10, 100, 0, 60, 14, 18, 60, 0, 100, 24, 96, 66, 58, 95, 19, 73, 0
29, 80, 0, 41, 14, 0, 70, 14, 100, 53, 100, 96, 49, 100, 19, 62, 0
0, 76, 29, 95, 92, 100, 81, 77, 75, 56, 100, 35, 85, 13, 31, 0, 3
82, 100, 8, 92, 45, 60, 100, 29, 52, 0, 0, 24, 21, 61, 53, 98, 8
0, 39, 30, 69, 48, 100, 39, 69, 41, 35, 33, 5, 31, 2, 100, 0, 1
0, 95, 39, 100, 67, 73, 53, 30, 40, 0, 21, 40, 53, 45, 100, 40, 7
0, 98, 39, 100, 71, 80, 72, 39, 69, 0, 48, 29, 60, 50, 100, 55, 7
100, 91, 49, 100, 28, 66, 55, 30, 26, 0, 0, 30, 50, 61, 95, 90, 8
61, 100, 0, 72, 1, 42, 79, 43, 100, 67, 67, 90, 56, 45, 57, 0, 4
52, 87, 79, 100, 79, 75, 72, 49, 100, 29, 76, 8, 36, 0, 0, 7, 3
98, 89, 53, 100, 12, 72, 0, 27, 37, 0, 86, 21, 100, 63, 92, 90, 0
9, 49, 42, 63, 82, 85, 100, 100, 76, 74, 51, 48, 29, 22, 0, 0, 1
24, 100, 24, 76, 0, 45, 100, 48, 100, 57, 61, 65, 61, 31, 67, 0, 4
87, 100, 56, 95, 71, 86, 87, 81, 94, 50, 100, 19, 53, 6, 0, 0, 9
57, 87, 41, 78, 74, 38, 84, 0, 0, 7, 37, 48, 100, 81, 90, 100, 8
37, 80, 53, 100, 88, 83, 59, 60, 100, 44, 92, 15, 49, 0, 0, 8, 3
100, 93, 74, 100, 30, 74, 0, 44, 2, 10, 57, 0, 96, 23, 44, 33, 6
100, 100, 70, 89, 57, 74, 43, 59, 35, 45, 17, 29, 9, 14, 0, 0, 1
100, 95, 78, 100, 28, 72, 0, 39, 1, 4, 71, 0, 88, 32, 11, 41, 6
0, 91, 27, 100, 31, 62, 16, 26, 10, 0, 40, 3, 70, 7, 100, 8, 2
0, 50, 32, 76, 60, 100, 63, 64, 62, 29, 30, 6, 40, 1, 100, 0, 1
9, 74, 32, 100, 63, 84, 48, 48, 12, 19, 0, 13, 49, 4, 100, 0, 2
2, 76, 35, 100, 76, 86, 57, 52, 18, 26, 0, 14, 51, 11, 100, 0, 2
100, 100, 51, 81, 18, 54, 0, 24, 29, 0, 89, 11, 84, 36, 23, 28, 6
17, 86, 68, 100, 71, 70, 57, 60, 100, 41, 91, 7, 35, 0, 0, 19, 3
7, 67, 62, 39, 100, 8, 38, 0, 24, 33, 57, 67, 74, 100, 0, 91, 8
67, 100, 27, 73, 4, 41, 6, 6, 60, 0, 100, 24, 52, 37, 0, 22, 6
24, 61, 45, 100, 90, 99, 68, 54, 29, 17, 0, 14, 51, 0, 100, 5, 2
48, 81, 5, 96, 53, 100, 55, 68, 24, 38, 0, 7, 48, 0, 100, 2, 2
100, 96, 60, 100, 22, 79, 0, 51, 1, 21, 34, 0, 67, 16, 27, 34, 6
0, 88, 53, 100, 100, 92, 66, 62, 37, 30, 35, 0, 7, 32, 62, 36, 7
38, 92, 96, 100, 65, 92, 30, 63, 65, 48, 100, 24, 58, 0, 0, 5, 5
35, 83, 0, 45, 0, 0, 51, 0, 91, 35, 100, 82, 56, 100, 14, 74, 0
28, 100, 28, 72, 0, 39, 39, 41, 100, 54, 98, 60, 96, 25, 91, 0, 4
9, 56, 6, 14, 40, 0, 78, 27, 100, 62, 90, 97, 43, 100, 0, 84, 0
38, 82, 77, 100, 100, 96, 51, 90, 13, 71, 58, 52, 46, 0, 0, 14, 5
7, 77, 33, 100, 56, 77, 34, 37, 0, 4, 4, 0, 53, 5, 100, 20, 2
43, 84, 74, 100, 100, 87, 70, 64, 94, 38, 78, 11, 39, 0, 0, 1, 3
0, 94, 59, 100, 90, 99, 100, 76, 31, 51, 85, 46, 73, 23, 3, 0, 3
100, 100, 65, 88, 26, 61, 0, 30, 13, 0, 71, 6, 61, 34, 2, 34, 6
35, 93, 23, 80, 0, 41, 2, 0, 55, 3, 92, 34, 100, 75, 61, 100, 0
83, 100, 35, 96, 65, 77, 94, 94, 100, 58, 95, 22, 53, 3, 0, 0, 9
42, 100, 34, 62, 55, 29, 40, 0, 0, 23, 5, 55, 51, 71, 100, 83, 5
100, 64, 91, 100, 40, 82, 80, 61, 97, 76, 99, 31, 61, 0, 0, 2, 9
46, 100, 30, 79, 0, 51, 43, 38, 86, 47, 100, 64, 81, 32, 71, 0, 4
74, 100, 51, 90, 0, 70, 18, 55, 84, 42, 100, 45, 60, 22, 23, 0, 4
0, 29, 21, 0, 63, 25, 100, 59, 100, 100, 52, 86, 13, 55, 2, 12, 0
28, 88, 55, 100, 56, 69, 30, 41, 0, 16, 33, 7, 72, 0, 100, 26, 2
6, 67, 0, 93, 50, 100, 100, 100, 83, 74, 60, 50, 39, 26, 25, 0, 7
58, 100, 0, 84, 75, 60, 100, 24, 35, 0, 6, 32, 45, 68, 30, 98, 8
28, 100, 16, 81, 0, 45, 38, 27, 85, 51, 100, 69, 80, 33, 81, 0, 4
0, 98, 35, 100, 61, 76, 57, 37, 42, 0, 31, 24, 64, 39, 100, 48, 7
14, 86, 0, 42, 25, 0, 71, 3, 100, 43, 86, 89, 41, 100, 5, 69, 0
0, 99, 57, 100, 79, 89, 63, 45, 59, 0, 32, 6, 33, 27, 100, 32, 7
0, 93, 62, 100, 74, 85, 53, 42, 49, 0, 1, 31, 28, 37, 100, 40, 7
12, 100, 49, 100, 65, 68, 49, 33, 27, 0, 0, 19, 44, 29, 100, 31, 7
0, 70, 71, 90, 100, 100, 84, 66, 76, 32, 47, 2, 5, 2, 98, 0, 1
0, 75, 23, 100, 63, 85, 72, 42, 70, 0, 29, 12, 51, 25, 100, 32, 7
0, 51, 35, 69, 78, 91, 100, 100, 81, 75, 62, 50, 40, 25, 24, 0, 1
0, 86, 47, 100, 94, 84, 87, 40, 65, 0, 39, 6, 45, 38, 100, 42, 7
67, 74, 73, 100, 0, 79, 71, 43, 98, 0, 9, 7, 33, 51, 100, 77, 8
65, 100, 35, 85, 4, 54, 0, 20, 48, 0, 100, 24, 67, 51, 7, 36, 6
100, 100, 53, 91, 20, 64, 0, 32, 9, 1, 59, 0, 64, 23, 16, 23, 6
48, 87, 100, 100, 91, 93, 42, 76, 64, 54, 92, 28, 55, 1, 0, 0, 5
15, 98, 0, 58, 13, 17, 57, 0, 96, 24, 100, 67, 70, 100, 29, 83, 0
46, 100, 18, 84, 0, 61, 44, 49, 100, 56, 93, 47, 74, 24, 61, 0, 4
100, 100, 63, 94, 30, 68, 7, 38, 7, 6, 52, 0, 45, 23, 0, 16, 6
100, 100, 47, 87, 13, 57, 0, 22, 41, 0, 92, 16, 62, 43, 23, 23, 6
0, 0, 29, 19, 53, 46, 78, 74, 100, 100, 81, 67, 65, 34, 50, 0, 1
24, 83, 62, 100, 86, 81, 59, 55, 89, 39, 100, 16, 52, 0, 0, 9, 3
100, 100, 70, 89, 52, 75, 39, 61, 25, 45, 11, 31, 2, 15, 0, 0, 1
100, 90, 53, 100, 37, 61, 91, 65, 99, 84, 97, 41, 62, 7, 0, 0, 9
0, 79, 25, 100, 35, 66, 22, 30, 3, 0, 35, 1, 67, 4, 100, 11, 2
0, 70, 62, 70, 95, 100, 21, 88, 45, 72, 100, 76, 80, 39, 67, 0, 9
77, 100, 37, 95, 63, 78, 98, 95, 100, 56, 86, 19, 46, 0, 0, 1, 9
49, 92, 37, 76, 62, 35, 30, 0, 0, 28, 52, 59, 100, 91, 42, 100, 8
100, 93, 66, 100, 27, 93, 0, 65, 31, 55, 66, 40, 47, 10, 7, 0, 5
14, 67, 29, 100, 54, 72, 35, 32, 0, 4, 17, 10, 59, 0, 100, 3, 2
45, 72, 73, 100, 85, 83, 51, 58, 10, 36, 0, 18, 48, 6, 100, 0, 2
25, 100, 16, 68, 0, 34, 48, 35, 90, 49, 89, 58, 92, 23, 100, 0, 4
19, 64, 10, 25, 46, 0, 85, 19, 100, 64, 73, 100, 29, 99, 0, 66, 0
13, 90, 64, 100, 90, 74, 39, 58, 97, 53, 100, 20, 51, 0, 0, 12, 3
100, 86, 12, 100, 0, 64, 67, 29, 39, 0, 35, 38, 94, 74, 92, 98, 8
34, 100, 0, 78, 13, 56, 68, 53, 100, 71, 75, 48, 49, 24, 30, 0, 4
70, 62, 100, 93, 27, 100, 27, 67, 66, 33, 55, 0, 0, 15, 47, 45, 8
100, 100, 70, 87, 29, 60, 0, 30, 3, 0, 71, 5, 73, 30, 2, 25, 6
32, 68, 49, 100, 91, 92, 59, 47, 13, 11, 0, 23, 46, 0, 100, 5, 2
32, 86, 49, 100, 100, 96, 73, 72, 67, 48, 89, 22, 52, 2, 0, 0, 3
99, 100, 46, 97, 19, 76, 33, 55, 84, 50, 100, 12, 49, 0, 0, 7, 5
0, 100, 55, 98, 79, 67, 76, 33, 60, 0, 0, 1, 37, 17, 100, 27, 7
40, 100, 25, 83, 3, 51, 2, 17, 49, 0, 100, 17, 60, 38, 0, 35, 6
45, 100, 4, 74, 0, 39, 19, 6, 69, 0, 100, 29, 100, 64, 79, 98, 0
31, 89, 51, 100, 52, 67, 31, 39, 0, 19, 27, 9, 63, 0, 100, 14, 2
53, 70, 77, 38, 67, 0, 0, 5, 45, 42, 100, 75, 86, 100, 26, 72, 8
73, 89, 16, 89, 0, 100, 57, 99, 96, 81, 100, 53, 86, 27, 73, 0, 9
100, 100, 52, 92, 20, 65, 0, 36, 12, 6, 71, 0, 90, 24, 34, 25, 6
0, 100, 0, 86, 18, 72, 36, 57, 55, 43, 82, 28, 100, 14, 73, 0, 1
56, 93, 0, 95, 60, 65, 100, 29, 49, 0, 9, 28, 39, 66, 37, 100, 8
0, 94, 56, 100, 59, 78, 44, 39, 36, 0, 15, 25, 44, 38, 100, 42, 7
18, 80, 62, 65, 61, 100, 36, 92, 84, 69, 100, 28, 53, 7, 0, 0, 9
0, 90, 41, 96, 99, 100, 67, 57, 54, 0, 32, 5, 42, 25, 100, 31, 7
61, 98, 20, 75, 0, 32, 26, 0, 73, 14, 100, 53, 84, 96, 36, 100, 0
19, 84, 63, 100, 100, 93, 60, 73, 74, 51, 96, 30, 50, 13, 0, 0, 3
0, 52, 21, 71, 53, 94, 88, 100, 85, 75, 79, 49, 76, 24, 100, 0, 1
100, 100, 74, 78, 35, 57, 0, 37, 67, 37, 89, 45, 65, 23, 52, 0, 4
0, 61, 37, 90, 53, 100, 52, 64, 45, 28, 2, 0, 27, 2, 100, 3, 1
58, 92, 68, 45, 86, 0, 0, 0, 22, 40, 94, 71, 100, 100, 14, 85, 8
100, 100, 61, 92, 33, 63, 11, 31, 8, 0, 52, 19, 48, 43, 0, 28, 6
0, 96, 59, 100, 100, 89, 74, 54, 47, 19, 28, 0, 35, 39, 92, 48, 7
44, 89, 85, 100, 88, 75, 64, 56, 100, 41, 82, 12, 41, 0, 0, 14, 3
26, 80, 42, 100, 46, 71, 26, 39, 0, 11, 34, 2, 69, 0, 100, 22, 2
4, 74, 38, 100, 55, 71, 37, 35, 6, 5, 0, 7, 50, 6, 100, 0, 2
1, 64, 29, 100, 34, 79, 28, 32, 0, 1, 8, 0, 54, 2, 100, 2, 1
100, 100, 0, 91, 32, 54, 92, 20, 17, 0, 19, 36, 75, 71, 47, 92, 8
41, 83, 28, 54, 100, 50, 76, 12, 7, 0, 0, 41, 14, 84, 87, 100, 5
21, 97, 27, 57, 82, 40, 50, 0, 0, 0, 0, 60, 41, 96, 100, 100, 5
100, 88, 57, 100, 19, 79, 0, 44, 16, 9, 62, 0, 59, 29, 15, 33, 6
100, 92, 65, 100, 39, 79, 37, 49, 73, 45, 69, 16, 36, 0, 0, 4, 5
100, 100, 77, 76, 49, 53, 26, 30, 20, 6, 77, 0, 51, 17, 0, 10, 6
22, 100, 27, 86, 0, 58, 1, 35, 71, 40, 100, 60, 96, 30, 99, 0, 4
27, 70, 36, 100, 66, 81, 57, 44, 30, 10, 0, 4, 48, 5, 100, 0, 2
0, 100, 2, 74, 11, 43, 72, 39, 99, 58, 100, 67, 88, 34, 84, 0, 4
0, 75, 23, 96, 68, 100, 100, 86, 72, 62, 77, 33, 50, 12, 10, 0, 3
0, 84, 28, 100, 43, 75, 29, 45, 12, 15, 28, 0, 64, 2, 100, 7, 2
74, 62, 100, 100, 32, 99, 23, 62, 88, 84, 90, 54, 68, 11, 0, 0, 9
100, 95, 52, 100, 58, 58, 59, 14, 1, 0, 0, 29, 52, 55, 98, 75, 8
67, 100, 24, 79, 0, 51, 0, 20, 43, 0, 100, 6, 88, 28, 29, 30, 6
27, 96, 0, 65, 4, 24, 53, 0, 94, 29, 100, 71, 62, 100, 9, 83, 0
78, 100, 21, 80, 49, 44, 95, 76, 91, 80, 100, 34, 62, 0, 0, 13, 9
93, 77, 49, 100, 19, 73, 72, 68, 90, 63, 100, 20, 58, 0, 0, 10, 9
14, 78, 56, 100, 88, 80, 71, 41, 36, 12, 0, 0, 49, 12, 100, 7, 2
0, 65, 42, 81, 88, 100, 100, 91, 85, 68, 67, 46, 50, 23, 42, 0, 1
6, 95, 75, 100, 81, 65, 48, 27, 41, 0, 100, 24, 70, 45, 0, 49, 7
22, 91, 3, 65, 65, 51, 54, 0, 0, 2, 9, 55, 28, 100, 100, 99, 5
34, 81, 30, 59, 100, 51, 90, 14, 22, 0, 0, 43, 20, 92, 90, 100, 5
47, 66, 50, 100, 92, 98, 78, 55, 47, 18, 0, 0, 46, 19, 100, 0, 2
6, 95, 53, 100, 72, 68, 63, 33, 43, 0, 0, 20, 43, 40, 100, 48, 7
19, 100, 14, 84, 0, 56, 72, 45, 100, 69, 100, 58, 86, 29, 77, 0, 4
33, 70, 46, 100, 59, 80, 34, 48, 1, 21, 0, 2, 50, 0, 100, 6, 2
80, 98, 100, 92, 64, 100, 76, 76, 93, 65, 85, 18, 44, 0, 0, 15, 9
38, 100, 28, 70, 0, 41, 36, 40, 100, 38, 87, 61, 89, 28, 93, 0, 4
40, 63, 51, 100, 56, 89, 54, 51, 54, 14, 0, 0, 46, 1, 100, 5, 1
100, 96, 80, 100, 42, 71, 12, 40, 0, 4, 49, 0, 55, 30, 0, 19, 6
23, 100, 16, 73, 0, 42, 73, 48, 98, 75, 89, 62, 91, 28, 100, 0, 4
34, 100, 0, 75, 0, 41, 25, 9, 84, 0, 100, 33, 73, 65, 16, 71, 0
0, 69, 37, 96, 100, 100, 100, 65, 68, 34, 20, 9, 32, 0, 97, 1, 2
35, 100, 16, 80, 0, 45, 56, 45, 100, 53, 59, 81, 55, 40, 54, 0, 4
0, 100, 76, 97, 100, 65, 75, 32, 44, 0, 1, 6, 21, 26, 100, 23, 7
64, 86, 100, 100, 47, 100, 71, 71, 96, 66, 96, 19, 45, 0, 0, 19, 9
0, 33, 40, 52, 73, 75, 100, 100, 100, 86, 87, 58, 76, 29, 73, 0, 1
50, 100, 13, 80, 76, 54, 100, 16, 40, 0, 37, 42, 53, 84, 0, 98, 8
65, 100, 18, 88, 0, 52, 11, 17, 58, 0, 99, 23, 100, 60, 85, 96, 0
0, 82, 39, 100, 80, 95, 66, 51, 56, 6, 40, 0, 55, 28, 100, 29, 7
41, 90, 11, 65, 0, 23, 33, 0, 77, 23, 100, 60, 88, 100, 41, 96, 0
0, 64, 16, 100, 47, 79, 35, 40, 6, 6, 11, 9, 58, 0, 100, 4, 2
0, 86, 39, 100, 89, 95, 73, 74, 70, 52, 100, 33, 100, 13, 50, 0, 3
18, 82, 0, 38, 23, 0, 70, 6, 100, 41, 85, 83, 39, 100, 4, 74, 0
19, 92, 0, 51, 17, 7, 64, 0, 100, 29, 91, 77, 50, 100, 4, 87, 0
0, 82, 33, 100, 77, 93, 50, 66, 71, 47, 100, 24, 58, 7, 11, 0, 3
76, 49, 70, 92, 27, 100, 0, 66, 3, 19, 41, 0, 80, 21, 100, 57, 0
37, 100, 10, 79, 0, 41, 56, 31, 97, 53, 100, 76, 74, 38, 49, 0, 4
100, 100, 70, 100, 27, 97, 5, 62, 34, 58, 61, 36, 41, 1, 0, 0, 5
66, 100, 31, 74, 6, 47, 0, 20, 41, 0, 100, 16, 84, 36, 16, 23, 6
84, 88, 100, 100, 70, 73, 46, 47, 32, 19, 51, 0, 41, 25, 0, 8, 6
56, 100, 28, 83, 0, 61, 38, 45, 100, 55, 69, 45, 46, 23, 31, 0, 4
0, 74, 51, 63, 100, 96, 34, 100, 15, 69, 88, 83, 82, 45, 65, 0, 9
29, 85, 8, 43, 33, 0, 86, 9, 100, 57, 74, 100, 17, 92, 0, 46, 0
100, 100, 55, 94, 27, 70, 6, 44, 0, 14, 29, 0, 43, 25, 2, 25, 6
100, 89, 55, 100, 17, 72, 0, 31, 26, 0, 67, 22, 40, 48, 13, 21, 6
43, 100, 16, 86, 0, 41, 24, 0, 75, 11, 100, 53, 85, 97, 34, 97, 0
100, 91, 33, 100, 7, 73, 76, 39, 67, 0, 0, 25, 48, 68, 91, 94, 8
100, 88, 47, 100, 23, 66, 80, 66, 91, 78, 93, 36, 62, 0, 0, 3, 9
36, 88, 6, 47, 9, 0, 63, 7, 100, 44, 100, 88, 48, 100, 0, 73, 0
6, 100, 32, 98, 66, 71, 62, 34, 41, 0, 0, 27, 39, 41, 100, 46, 7
2, 79, 32, 100, 52, 70, 39, 36, 12, 6, 0, 7, 50, 7, 100, 0, 2
100, 100, 54, 86, 18, 59, 0, 29, 23, 1, 85, 0, 66, 18, 23, 15, 6
90, 82, 46, 100, 38, 56, 97, 74, 92, 84, 100, 35, 62, 0, 0, 19, 9
0, 97, 46, 100, 68, 71, 62, 34, 43, 0, 22, 14, 49, 29, 100, 31, 7
42, 100, 44, 88, 11, 57, 0, 33, 77, 40, 100, 64, 91, 34, 93, 0, 4
78, 100, 17, 99, 24, 73, 83, 80, 100, 68, 98, 30, 61, 2, 0, 0, 9
0, 87, 56, 98, 100, 100, 84, 80, 67, 60, 56, 40, 51, 20, 44, 0, 1
11, 91, 56, 100, 100, 92, 73, 73, 51, 52, 55, 28, 47, 6, 0, 0, 3
13, 95, 71, 100, 93, 71, 54, 42, 94, 42, 100, 12, 43, 0, 0, 20, 3
0, 67, 27, 77, 67, 93, 100, 100, 92, 75, 85, 50, 79, 25, 75, 0, 1
44, 100, 8, 78, 0, 41, 14, 6, 66, 0, 99, 30, 100, 67, 56, 78, 0
0, 95, 56, 100, 61, 80, 51, 40, 44, 0, 17, 27, 41, 39, 100, 47, 7
0, 62, 34, 93, 81, 100, 85, 61, 53, 28, 11, 17, 56, 19, 100, 0, 2
35, 100, 0, 73, 11, 42, 76, 37, 100, 67, 82, 61, 54, 30, 27, 0, 4
31, 100, 0, 74, 52, 36, 48, 0, 0, 18, 52, 56, 100, 94, 19, 94, 8
82, 100, 24, 94, 52, 46, 75, 0, 0, 13, 38, 56, 100, 92, 64, 99, 8
85, 100, 44, 87, 11, 54, 0, 16, 50, 0, 100, 20, 68, 46, 8, 41, 6
83, 61, 59, 100, 17, 86, 0, 41, 20, 0, 68, 3, 100, 36, 91, 74, 0
57, 100, 16, 72, 0, 34, 24, 0, 81, 14, 100, 51, 73, 86, 12, 82, 0
2, 66, 26, 100, 78, 99, 77, 64, 41, 34, 0, 7, 47, 3, 100, 0, 2
21, 89, 13, 64, 67, 42, 42, 0, 0, 17, 5, 68, 34, 100, 100, 97, 5
10, 94, 84, 100, 37, 97, 21, 67, 63, 60, 100, 32, 60, 0, 0, 18, 5
100, 92, 57, 100, 48, 66, 53, 30, 28, 0, 0, 20, 34, 48, 85, 61, 8
90, 100, 46, 78, 20, 50, 17, 19, 59, 0, 100, 17, 48, 27, 0, 16, 6
100, 100, 54, 92, 19, 77, 12, 53, 58, 56, 73, 27, 43, 1, 0, 0, 5
56, 100, 0, 98, 10, 73, 64, 82, 81, 70, 100, 33, 64, 7, 8, 0, 9
43, 100, 0, 74, 15, 46, 100, 43, 95, 69, 72, 74, 67, 37, 64, 0, 4
64, 70, 100, 100, 53, 89, 81, 82, 96, 66, 99, 23, 54, 0, 0, 11, 9
3, 74, 31, 100, 45, 72, 28, 36, 0, 6, 9, 2, 57, 0, 100, 13, 2
0, 89, 25, 100, 31, 68, 17, 37, 11, 9, 40, 4, 70, 3, 100, 0, 2
100, 100, 60, 79, 27, 54, 2, 26, 10, 0, 54, 16, 34, 40, 0, 21, 6
100, 80, 73, 100, 68, 62, 69, 22, 27, 0, 0, 29, 45, 50, 93, 63, 8
0, 76, 44, 84, 100, 100, 81, 80, 64, 60, 42, 40, 28, 20, 8, 0, 1
42, 78, 2, 60, 0, 9, 48, 0, 91, 29, 100, 78, 55, 100, 16, 71, 0
0, 100, 36, 95, 42, 47, 38, 0, 2, 19, 1, 47, 50, 57, 100, 63, 7
47, 89, 33, 69, 100, 51, 83, 10, 14, 0, 0, 44, 9, 90, 81, 100, 5
54, 92, 13, 72, 0, 31, 31, 0, 79, 17, 100, 55, 85, 95, 37, 100, 0
100, 100, 75, 79, 40, 60, 0, 43, 17, 31, 60, 41, 31, 21, 17, 0, 4
0, 34, 39, 52, 74, 75, 100, 100, 92, 83, 77, 55, 62, 28, 52, 0, 1
24, 85, 69, 100, 70, 68, 43, 35, 7, 9, 0, 0, 50, 7, 100, 1, 2
51, 100, 12, 82, 0, 36, 24, 0, 70, 9, 100, 46, 85, 88, 40, 88, 0
77, 84, 48, 72, 68, 33, 38, 0, 0, 17, 50, 48, 100, 79, 64, 100, 8
100, 100, 81, 85, 65, 72, 47, 58, 33, 44, 16, 29, 9, 15, 0, 0, 1
28, 100, 69, 99, 65, 65, 47, 32, 22, 0, 0, 27, 39, 38, 100, 38, 7
91, 100, 36, 74, 52, 38, 52, 0, 0, 9, 55, 43, 100, 78, 91, 75, 8
0, 85, 60, 100, 100, 74, 85, 36, 67, 0, 35, 6, 16, 35, 96, 42, 7
84, 100, 41, 80, 20, 50, 15, 19, 55, 0, 100, 20, 48, 31, 0, 15, 6
71, 100, 50, 95, 16, 66, 0, 34, 16, 5, 92, 0, 100, 26, 21, 32, 6
100, 93, 70, 100, 44, 82, 34, 51, 66, 43, 64, 14, 33, 0, 0, 2, 5
0, 67, 46, 60, 61, 23, 24, 0, 35, 36, 72, 67, 100, 100, 45, 85, 8
100, 100, 59, 80, 22, 53, 8, 18, 39, 0, 80, 24, 47, 45, 0, 37, 6
66, 100, 11, 88, 38, 45, 66, 1, 0, 0, 47, 40, 100, 78, 51, 88, 8
2, 82, 26, 100, 36, 70, 22, 38, 0, 12, 26, 0, 63, 1, 100, 4, 2
80, 86, 30, 100, 36, 60, 95, 73, 93, 78, 100, 35, 62, 0, 0, 19, 9
45, 99, 29, 73, 72, 36, 49, 0, 0, 23, 45, 59, 100, 92, 39, 100, 8
26, 70, 0, 38, 14, 0, 65, 4, 93, 40, 100, 79, 60, 100, 21, 74, 0
67, 88, 95, 100, 47, 75, 18, 50, 81, 62, 100, 29, 64, 0, 0, 7, 5
75, 100, 38, 82, 74, 82, 80, 71, 96, 46, 100, 20, 54, 4, 0, 0, 9
97, 86, 61, 100, 54, 71, 98, 85, 100, 64, 87, 25, 48, 0, 0, 2, 9
74, 94, 100, 100, 68, 84, 79, 57, 95, 30, 74, 6, 37, 0, 0, 8, 5
55, 54, 34, 74, 0, 92, 56, 100, 100, 82, 100, 54, 86, 27, 70, 0, 9
0, 95, 68, 100, 84, 86, 70, 43, 67, 0, 32, 12, 38, 31, 100, 38, 7
23, 100, 0, 71, 18, 44, 72, 46, 100, 70, 76, 60, 56, 31, 55, 0, 4
0, 60, 31, 70, 64, 88, 100, 100, 90, 75, 79, 50, 73, 25, 70, 0, 1
4, 96, 76, 100, 60, 97, 17, 79, 65, 70, 100, 29, 43, 0, 0, 26, 5
0, 71, 39, 81, 77, 100, 100, 92, 86, 69, 70, 47, 54, 24, 45, 0, 1
44, 100, 21, 73, 0, 35, 12, 0, 68, 6, 100, 39, 93, 77, 44, 90, 0
100, 86, 15, 100, 0, 70, 98, 37, 81, 0, 35, 26, 92, 65, 81, 93, 8
0, 93, 24, 56, 49, 21, 80, 0, 100, 35, 83, 81, 52, 100, 23, 91, 0
0, 87, 45, 72, 100, 100, 27, 100, 30, 73, 97, 83, 89, 41, 91, 0, 9
100, 100, 51, 80, 16, 53, 0, 23, 31, 0, 93, 9, 87, 35, 28, 27, 6
29, 100, 15, 94, 0, 56, 66, 47, 100, 58, 59, 84, 43, 43, 36, 0, 4
62, 100, 36, 81, 0, 61, 38, 53, 100, 51, 93, 45, 72, 23, 59, 0, 4
93, 100, 49, 75, 69, 37, 62, 0, 0, 2, 38, 38, 100, 69, 67, 87, 8
0, 73, 33, 81, 89, 100, 100, 85, 92, 63, 78, 41, 58, 20, 28, 0, 1
29, 81, 59, 100, 100, 95, 70, 68, 72, 44, 91, 21, 49, 4, 0, 0, 3
25, 50, 17, 11, 58, 0, 90, 27, 100, 65, 80, 99, 36, 100, 0, 75, 0
100, 100, 64, 77, 38, 52, 23, 26, 36, 0, 87, 13, 64, 37, 0, 46, 6
76, 80, 80, 100, 19, 88, 74, 79, 100, 78, 98, 40, 55, 12, 0, 0, 9
93, 100, 41, 80, 12, 54, 0, 25, 29, 0, 100, 4, 97, 29, 26, 36, 6
28, 95, 0, 81, 27, 72, 100, 67, 50, 100, 47, 82, 35, 30, 40, 0, 4
100, 100, 58, 78, 23, 55, 0, 30, 5, 3, 60, 0, 95, 22, 47, 32, 6
13, 88, 0, 100, 49, 100, 89, 88, 100, 66, 94, 43, 79, 21, 60, 0, 9
53, 62, 70, 73, 77, 100, 70, 75, 63, 48, 35, 22, 0, 5, 100, 0, 1
100, 99, 69, 100, 28, 73, 0, 40, 8, 4, 63, 0, 72, 34, 15, 37, 6
100, 47, 85, 86, 43, 100, 7, 73, 0, 28, 31, 0, 70, 22, 78, 61, 0
86, 92, 30, 100, 1, 69, 0, 30, 32, 0, 85, 15, 100, 51, 86, 89, 0
44, 91, 20, 83, 94, 48, 100, 4, 0, 0, 11, 45, 67, 87, 7, 100, 8
0, 90, 1, 77, 32, 100, 88, 99, 100, 91, 77, 59, 65, 24, 62, 0, 7
33, 75, 42, 100, 82, 91, 71, 62, 97, 41, 100, 15, 53, 0, 0, 9, 3
0, 65, 20, 81, 65, 100, 100, 98, 89, 74, 76, 50, 65, 24, 63, 0, 1
14, 40, 19, 0, 58, 11, 85, 42, 100, 81, 70, 100, 30, 86, 0, 59, 0
11, 100, 49, 67, 100, 35, 93, 0, 49, 16, 69, 53, 78, 90, 0, 89, 8
40, 99, 0, 99, 23, 73, 53, 100, 77, 68, 100, 30, 59, 5, 3, 0, 9
47, 81, 68, 100, 100, 93, 81, 69, 93, 42, 78, 18, 41, 6, 0, 0, 3
22, 76, 43, 69, 95, 100, 0, 96, 20, 71, 100, 81, 82, 41, 69, 0, 9
0, 68, 57, 96, 82, 100, 70, 59, 65, 18, 18, 3, 19, 0, 100, 2, 1
4, 69, 57, 50, 46, 6, 0, 0, 46, 40, 100, 77, 82, 100, 5, 72, 8
87, 100, 49, 88, 50, 46, 42, 6, 0, 0, 10, 36, 58, 51, 100, 75, 8
8, 82, 47, 100, 70, 76, 56, 48, 100, 49, 84, 16, 42, 0, 0, 13, 3
95, 63, 55, 48, 31, 74, 72, 100, 100, 72, 84, 33, 50, 0, 0, 1, 9
100, 100, 57, 81, 24, 59, 0, 34, 0, 8, 47, 0, 65, 22, 14, 23, 6
0, 89, 9, 71, 41, 41, 28, 0, 20, 24, 23, 69, 53, 95, 100, 100, 5
18, 92, 51, 100, 44, 64, 26, 30, 0, 0, 12, 20, 57, 14, 100, 12, 2
86, 100, 36, 84, 89, 89, 95, 71, 95, 44, 100, 18, 59, 0, 0, 0, 9
100, 99, 69, 100, 39, 78, 45, 54, 87, 45, 78, 18, 41, 0, 0, 1, 5
19, 91, 9, 66, 63, 43, 42, 0, 0, 12, 11, 64, 34, 100, 100, 97, 5
0, 89, 42, 100, 100, 93, 88, 56, 59, 21, 42, 0, 32, 25, 94, 29, 7
100, 93, 75, 100, 47, 88, 33, 54, 68, 49, 79, 28, 43, 8, 0, 0, 5
48, 95, 100, 100, 100, 92, 47, 85, 34, 70, 73, 35, 48, 0, 0, 19, 5
88, 100, 39, 88, 11, 58, 0, 26, 35, 0, 100, 9, 84, 34, 12, 36, 6
70, 100, 17, 99, 0, 74, 53, 72, 78, 70, 100, 38, 84, 8, 32, 0, 9
0, 49, 25, 58, 62, 79, 100, 100, 96, 79, 81, 53, 67, 26, 58, 0, 1
21, 100, 62, 95, 57, 54, 53, 13, 38, 0, 0, 19, 49, 17, 100, 16, 7
100, 89, 57, 56, 6, 63, 37, 100, 94, 92, 92, 50, 61, 12, 0, 0, 9
41, 84, 89, 100, 100, 97, 44, 93, 26, 73, 72, 43, 46, 0, 0, 22, 5
84, 100, 54, 77, 58, 40, 48, 5, 0, 0, 12, 28, 60, 44, 100, 65, 8
78, 72, 60, 100, 0, 72, 56, 37, 100, 0, 31, 3, 57, 43, 95, 83, 8
47, 100, 20, 69, 0, 38, 53, 39, 100, 49, 59, 73, 53, 40, 53, 0, 4
0, 72, 29, 97, 79, 100, 100, 69, 86, 34, 65, 0, 43, 21, 88, 30, 7
19, 100, 0, 61, 10, 20, 53, 0, 93, 25, 100, 66, 67, 98, 19, 87, 0
100, 100, 89, 85, 74, 71, 59, 57, 41, 43, 24, 29, 9, 14, 0, 0, 1
0, 73, 58, 96, 58, 100, 56, 64, 60, 29, 39, 0, 34, 4, 100, 5, 1
15, 90, 58, 100, 100, 92, 71, 72, 53, 51, 66, 28, 48, 7, 0, 0, 3
12, 97, 83, 100, 43, 98, 7, 69, 63, 63, 100, 23, 49, 0, 0, 22, 5
21, 100, 21, 83, 0, 55, 29, 41, 85, 45, 100, 55, 86, 28, 86, 0, 4
10, 81, 44, 100, 57, 74, 32, 42, 0, 16, 16, 5, 58, 4, 100, 0, 2
18, 84, 6, 71, 67, 37, 38, 0, 0, 27, 51, 64, 100, 100, 17, 79, 8
0, 88, 28, 100, 71, 96, 63, 66, 36, 39, 23, 9, 64, 0, 100, 2, 2
23, 66, 31, 100, 61, 84, 48, 46, 20, 13, 0, 0, 50, 2, 100, 2, 2
100, 98, 61, 100, 41, 90, 28, 61, 59, 61, 57, 40, 29, 19, 0, 0, 5
100, 100, 59, 85, 89, 80, 84, 60, 82, 36, 92, 13, 52, 1, 0, 0, 9
16, 97, 76, 100, 80, 61, 56, 22, 34, 0, 0, 37, 37, 45, 100, 42, 7
17, 90, 29, 100, 62, 82, 45, 35, 9, 0, 0, 3, 50, 4, 100, 10, 2
100, 100, 78, 86, 60, 72, 44, 58, 33, 44, 18, 29, 7, 14, 0, 0, 1
43, 75, 62, 100, 91, 87, 77, 57, 100, 38, 87, 11, 42, 0, 0, 15, 3
0, 69, 32, 74, 70, 96, 100, 100, 91, 75, 81, 50, 70, 25, 64, 0, 1
8, 87, 0, 83, 38, 96, 95, 100, 100, 82, 81, 50, 68, 16, 62, 0, 7
47, 100, 12, 76, 0, 50, 47, 39, 100, 58, 81, 51, 59, 26, 55, 0, 4
100, 81, 22, 100, 0, 67, 59, 33, 47, 0, 28, 29, 87, 64, 66, 89, 8
41, 72, 7, 50, 0, 7, 46, 0, 82, 34, 100, 76, 59, 100, 15, 76, 0
100, 100, 59, 90, 22, 62, 0, 29, 22, 0, 76, 10, 51, 37, 0, 33, 6
100, 81, 83, 96, 26, 100, 0, 88, 16, 54, 69, 40, 87, 6, 34, 0, 5
0, 72, 9, 100, 68, 94, 74, 63, 49, 34, 6, 9, 30, 0, 100, 1, 2
75, 100, 0, 89, 70, 61, 100, 26, 32, 0, 7, 31, 63, 63, 95, 99, 8
0, 86, 26, 100, 70, 84, 77, 45, 68, 5, 54, 0, 50, 25, 100, 23, 7
0, 89, 61, 100, 90, 74, 69, 37, 42, 2, 27, 0, 35, 30, 100, 38, 7
37, 71, 79, 71, 49, 100, 0, 45, 25, 36, 66, 0, 100, 51, 10, 26, 8
30, 100, 19, 80, 0, 53, 11, 32, 74, 40, 100, 56, 89, 28, 85, 0, 4
32, 75, 6, 48, 0, 16, 34, 0, 79, 11, 100, 39, 99, 70, 82, 100, 0
0, 40, 22, 53, 49, 64, 76, 79, 100, 100, 84, 73, 71, 38, 63, 0, 1
41, 85, 77, 100, 92, 73, 66, 49, 100, 31, 78, 5, 37, 0, 0, 15, 3
48, 100, 16, 79, 0, 46, 12, 12, 55, 0, 100, 10, 75, 29, 33, 16, 6
0, 53, 26, 84, 32, 100, 33, 65, 36, 29, 3, 0, 6, 2, 100, 6, 1
29, 84, 1, 73, 64, 48, 65, 6, 0, 0, 1, 47, 26, 89, 100, 100, 5
0, 77, 36, 100, 94, 98, 100, 69, 58, 44, 14, 21, 29, 2, 90, 0, 2
0, 43, 35, 61, 70, 79, 100, 100, 86, 76, 70, 51, 55, 26, 49, 0, 1
0, 86, 33, 100, 60, 81, 58, 59, 96, 44, 100, 14, 62, 0, 20, 6, 3
84, 83, 22, 76, 8, 95, 72, 100, 100, 76, 77, 47, 41, 22, 0, 0, 9
0, 91, 28, 100, 73, 91, 55, 46, 40, 0, 28, 8, 44, 38, 100, 45, 7
100, 93, 78, 95, 29, 100, 0, 82, 33, 70, 73, 45, 61, 0, 18, 1, 5
31, 92, 0, 52, 18, 0, 69, 6, 100, 53, 72, 100, 21, 100, 4, 49, 0
2, 100, 12, 84, 0, 57, 29, 37, 82, 48, 100, 52, 76, 27, 62, 0, 4
29, 66, 53, 100, 92, 91, 81, 52, 50, 18, 0, 0, 42, 6, 100, 6, 2
0, 38, 36, 54, 68, 78, 100, 100, 78, 75, 59, 50, 44, 25, 34, 0, 1
30, 96, 31, 62, 60, 26, 24, 0, 8, 35, 0, 76, 35, 100, 100, 100, 5
6, 100, 4, 95, 0, 71, 2, 47, 45, 30, 100, 44, 78, 24, 82, 0, 4
24, 100, 0, 69, 8, 35, 55, 34, 100, 40, 95, 79, 90, 39, 80, 0, 4
58, 81, 49, 74, 85, 95, 38, 100, 88, 73, 100, 35, 67, 0, 0, 0, 9
98, 76, 67, 100, 0, 92, 23, 66, 90, 74, 100, 53, 72, 22, 19, 0, 9
1, 85, 40, 100, 91, 78, 41, 52, 47, 45, 100, 20, 56, 0, 0, 15, 3
4, 97, 58, 78, 100, 97, 0, 100, 20, 84, 99, 63, 55, 29, 10, 0, 9
95, 68, 76, 100, 34, 78, 50, 39, 52, 0, 0, 6, 40, 39, 100, 60, 8
36, 100, 7, 89, 0, 53, 67, 41, 100, 57, 82, 74, 51, 38, 31, 0, 4
29, 80, 53, 100, 7, 70, 0, 49, 83, 48, 100, 65, 61, 33, 29, 0, 4
45, 86, 32, 66, 93, 87, 12, 100, 80, 79, 100, 46, 88, 13, 0, 0, 9
86, 95, 39, 100, 51, 75, 69, 85, 84, 51, 100, 17, 59, 0, 0, 9, 9
0, 100, 61, 97, 81, 75, 60, 38, 40, 0, 15, 18, 37, 37, 100, 38, 7
79, 89, 57, 100, 65, 89, 100, 91, 83, 62, 59, 36, 32, 13, 0, 0, 9
0, 88, 41, 100, 91, 91, 73, 46, 50, 1, 32, 0, 45, 27, 100, 37, 7
19, 100, 0, 73, 18, 53, 100, 63, 100, 78, 62, 53, 25, 27, 0, 0, 4
44, 81, 72, 100, 100, 84, 74, 59, 37, 38, 0, 17, 7, 0, 65, 3, 2
72, 100, 25, 79, 0, 37, 26, 0, 79, 19, 100, 62, 67, 97, 22, 73, 0
0, 76, 28, 100, 48, 75, 34, 43, 11, 13, 16, 0, 57, 3, 100, 3, 2
9, 70, 41, 100, 100, 85, 68, 42, 27, 2, 75, 0, 45, 42, 0, 80, 8
91, 73, 55, 100, 0, 73, 49, 37, 83, 0, 17, 7, 56, 44, 100, 77, 8
85, 82, 16, 71, 21, 100, 78, 100, 88, 64, 100, 28, 70, 0, 0, 13, 9
86, 78, 53, 100, 32, 69, 56, 32, 36, 0, 0, 18, 49, 48, 100, 77, 8
83, 96, 20, 81, 67, 41, 54, 0, 0, 27, 65, 62, 100, 100, 15, 93, 8
13, 100, 17, 79, 0, 52, 56, 55, 100, 65, 93, 53, 77, 27, 73, 0, 4
0, 84, 43, 100, 55, 78, 26, 51, 70, 45, 100, 20, 66, 0, 14, 1, 3
38, 100, 0, 76, 0, 47, 77, 47, 100, 71, 79, 64, 64, 32, 56, 0, 4
95, 100, 56, 93, 18, 62, 0, 27, 37, 0, 100, 8, 74, 32, 15, 16, 6
43, 89, 79, 64, 79, 100, 32, 77, 88, 78, 100, 36, 69, 0, 0, 3, 9
44, 100, 29, 67, 0, 31, 32, 15, 100, 16, 99, 52, 89, 40, 82, 0, 4
15, 79, 50, 100, 74, 78, 39, 52, 82, 42, 100, 14, 54, 0, 0, 4, 3
74, 100, 51, 87, 25, 54, 18, 19, 62, 0, 100, 21, 49, 37, 0, 26, 6
47, 85, 41, 100, 77, 82, 61, 53, 100, 36, 93, 10, 43, 0, 0, 10, 3
69, 90, 33, 61, 75, 16, 12, 0, 0, 38, 77, 59, 100, 100, 20, 95, 8
26, 82, 39, 100, 73, 76, 63, 45, 29, 20, 0, 13, 53, 17, 100, 0, 2
99, 100, 51, 99, 56, 77, 100, 90, 96, 67, 78, 38, 45, 14, 0, 0, 9
62, 100, 0, 96, 40, 62, 100, 30, 43, 0, 6, 27, 38, 73, 13, 99, 8
6, 97, 58, 100, 100, 85, 76, 56, 44, 29, 25, 0, 0, 29, 53, 37, 7
86, 100, 38, 93, 7, 62, 1, 28, 41, 0, 100, 12, 54, 28, 0, 7, 6
35, 96, 12, 50, 51, 38, 52, 0, 0, 2, 10, 53, 37, 95, 100, 100, 5
0, 66, 57, 80, 100, 100, 97, 89, 87, 64, 89, 40, 84, 15, 34, 0, 1
41, 80, 60, 100, 100, 97, 98, 73, 94, 48, 75, 26, 42, 9, 0, 0, 3
6, 78, 0, 37, 19, 0, 76, 3, 100, 40, 99, 80, 51, 100, 7, 73, 0
0, 45, 29, 67, 62, 89, 100, 100, 84, 75, 65, 50, 53, 26, 49, 0, 1
0, 42, 22, 57, 69, 79, 100, 100, 69, 75, 38, 51, 14, 26, 3, 0, 1
100, 83, 25, 100, 16, 67, 58, 28, 12, 0, 0, 33, 65, 65, 89, 91, 8
7, 59, 29, 100, 31, 91, 32, 46, 31, 1, 0, 0, 54, 1, 100, 0, 1
0, 66, 39, 83, 100, 100, 100, 82, 84, 62, 68, 41, 58, 20, 50, 0, 1
0, 87, 42, 100, 100, 94, 87, 73, 67, 53, 64, 32, 69, 11, 22, 0, 3
49, 80, 46, 69, 65, 27, 30, 0, 0, 33, 49, 67, 100, 100, 27, 99, 8
4, 64, 27, 100, 31, 83, 26, 39, 0, 8, 5, 3, 52, 2, 100, 0, 1
11, 72, 45, 100, 100, 98, 90, 60, 49, 31, 0, 10, 15, 2, 74, 0, 2
100, 100, 56, 97, 32, 73, 54, 62, 92, 46, 78, 9, 36, 0, 0, 16, 5
11, 55, 13, 10, 51, 0, 85, 29, 100, 70, 72, 100, 30, 90, 0, 58, 0
35, 78, 62, 100, 92, 78, 69, 49, 77, 49, 100, 20, 56, 0, 0, 14, 3
26, 93, 17, 75, 65, 46, 44, 0, 0, 18, 21, 70, 42, 98, 100, 100, 5
65, 89, 26, 100, 0, 70, 51, 63, 84, 70, 100, 31, 70, 3, 17, 0, 9
59, 49, 48, 85, 100, 100, 95, 58, 55, 23, 0, 2, 21, 13, 82, 0, 2
100, 100, 68, 89, 50, 67, 32, 46, 23, 23, 25, 0, 48, 2, 0, 2, 6
31, 100, 1, 70, 0, 29, 35, 0, 82, 23, 100, 62, 85, 99, 31, 93, 0
46, 81, 15, 59, 51, 32, 31, 0, 0, 8, 14, 56, 50, 90, 100, 100, 5
0, 70, 33, 100, 83, 97, 78, 59, 44, 26, 2, 0, 42, 1, 100, 2, 2
0, 68, 17, 84, 81, 100, 100, 81, 86, 60, 72, 40, 58, 20, 50, 0, 1
69, 99, 13, 100, 0, 65, 54, 68, 70, 74, 100, 37, 74, 5, 17, 0, 9
0, 100, 52, 97, 70, 80, 80, 61, 95, 44, 100, 25, 66, 10, 18, 0, 3
0, 69, 20, 100, 56, 86, 41, 49, 10, 19, 10, 5, 57, 0, 100, 16, 2
0, 74, 16, 80, 57, 96, 100, 100, 86, 75, 66, 50, 47, 25, 39, 0, 1
33, 100, 19, 85, 0, 68, 0, 49, 24, 34, 57, 25, 90, 18, 100, 0, 4
45, 90, 13, 52, 88, 46, 74, 5, 0, 0, 4, 43, 26, 90, 100, 100, 5
100, 74, 51, 73, 0, 79, 23, 100, 72, 95, 100, 66, 100, 32, 85, 0, 9
100, 100, 49, 85, 16, 57, 0, 28, 23, 0, 89, 5, 94, 31, 27, 26, 6
0, 75, 29, 100, 68, 97, 70, 61, 43, 29, 18, 2, 59, 0, 100, 3, 2
29, 100, 9, 82, 0, 63, 6, 44, 39, 35, 77, 33, 100, 19, 96, 0, 4
