@relation penbased-5
@attribute At1 integer [0, 100]
@attribute At2 integer [0, 100]
@attribute At3 integer [0, 100]
@attribute At4 integer [0, 100]
@attribute At5 integer [0, 100]
@attribute At6 integer [0, 100]
@attribute At7 integer [0, 100]
@attribute At8 integer [0, 100]
@attribute At9 integer [0, 100]
@attribute At10 integer [0, 100]
@attribute At11 integer [0, 100]
@attribute At12 integer [0, 100]
@attribute At13 integer [0, 100]
@attribute At14 integer [0, 100]
@attribute At15 integer [0, 100]
@attribute At16 integer [0, 100]
@attribute Class {0, 1, 2, 3, 4, 5, 6, 7, 8, 9}
@inputs At1, At2, At3, At4, At5, At6, At7, At8, At9, At10, At11, At12, At13, At14, At15, At16
@outputs Class
@data
0, 85, 38, 100, 81, 88, 87, 50, 84, 12, 58, 0, 53, 22, 100, 24, 7
50, 84, 66, 100, 75, 75, 51, 51, 100, 42, 97, 13, 49, 0, 0, 7, 3
0, 98, 36, 100, 80, 85, 68, 42, 56, 0, 25, 23, 50, 37, 100, 32, 7
18, 73, 0, 73, 10, 24, 54, 0, 100, 22, 95, 71, 52, 100, 5, 84, 0
57, 63, 100, 100, 0, 91, 36, 53, 95, 16, 2, 0, 5, 36, 91, 67, 8
90, 71, 100, 100, 25, 85, 10, 50, 80, 62, 99, 53, 64, 17, 0, 0, 9
31, 73, 55, 100, 55, 53, 33, 14, 0, 0, 30, 11, 65, 1, 100, 1, 2
38, 51, 8, 66, 0, 19, 42, 0, 87, 26, 100, 71, 61, 100, 16, 84, 0
22, 100, 1, 66, 0, 33, 50, 32, 100, 36, 82, 63, 77, 30, 71, 0, 4
0, 87, 37, 100, 19, 70, 5, 42, 88, 49, 100, 58, 84, 28, 88, 0, 4
44, 66, 67, 100, 80, 62, 47, 25, 5, 0, 0, 3, 50, 4, 100, 7, 2
14, 94, 4, 63, 43, 36, 36, 0, 10, 27, 0, 72, 47, 92, 100, 100, 5
100, 98, 60, 100, 29, 73, 10, 41, 6, 6, 46, 0, 46, 27, 0, 30, 6
0, 63, 41, 77, 79, 94, 100, 100, 85, 74, 75, 48, 71, 22, 82, 0, 1
13, 80, 53, 71, 100, 100, 23, 99, 0, 71, 81, 74, 74, 40, 47, 0, 9
39, 62, 78, 88, 79, 100, 57, 64, 38, 30, 0, 0, 34, 4, 100, 0, 1
100, 100, 59, 79, 26, 54, 2, 28, 1, 0, 58, 0, 58, 21, 0, 19, 6
0, 87, 55, 100, 100, 81, 74, 41, 49, 0, 20, 10, 32, 32, 99, 35, 7
34, 76, 0, 41, 7, 0, 62, 0, 100, 33, 95, 74, 49, 100, 0, 83, 0
100, 75, 95, 100, 24, 81, 38, 44, 69, 8, 0, 0, 45, 33, 96, 64, 8
100, 100, 71, 95, 30, 64, 1, 27, 32, 0, 82, 19, 54, 51, 0, 48, 6
0, 82, 40, 100, 80, 80, 43, 53, 54, 45, 100, 25, 63, 0, 3, 4, 3
100, 100, 68, 78, 37, 55, 13, 29, 11, 0, 51, 2, 41, 20, 0, 20, 6
10, 97, 2, 47, 24, 1, 74, 0, 100, 43, 82, 90, 33, 100, 0, 65, 0
39, 81, 72, 100, 100, 77, 71, 51, 95, 43, 95, 16, 50, 0, 0, 1, 3
0, 83, 37, 100, 81, 90, 65, 61, 100, 45, 97, 15, 54, 0, 14, 7, 3
0, 95, 35, 100, 59, 78, 61, 52, 46, 27, 22, 5, 56, 0, 100, 1, 2
50, 86, 17, 60, 0, 27, 21, 0, 70, 9, 100, 37, 91, 70, 63, 100, 0
100, 100, 75, 83, 43, 57, 20, 28, 31, 0, 77, 6, 48, 24, 0, 24, 6
54, 78, 77, 100, 64, 60, 36, 27, 0, 2, 12, 4, 56, 2, 100, 0, 2
0, 99, 50, 100, 100, 91, 54, 57, 32, 0, 69, 13, 70, 28, 31, 23, 7
51, 100, 21, 77, 2, 49, 0, 20, 45, 0, 100, 17, 51, 27, 4, 7, 6
100, 66, 56, 100, 23, 73, 77, 34, 65, 0, 0, 24, 55, 58, 73, 77, 8
22, 77, 89, 62, 98, 100, 32, 87, 68, 63, 100, 55, 81, 11, 0, 0, 9
0, 96, 45, 98, 100, 100, 97, 83, 77, 62, 60, 39, 52, 17, 55, 0, 7
31, 93, 12, 78, 71, 36, 31, 0, 21, 33, 100, 65, 69, 100, 0, 78, 8
33, 100, 0, 66, 28, 40, 55, 12, 1, 0, 10, 46, 44, 84, 100, 92, 5
26, 89, 64, 100, 81, 82, 73, 61, 100, 37, 81, 11, 41, 0, 0, 5, 3
66, 94, 100, 100, 81, 96, 50, 81, 47, 50, 54, 19, 26, 0, 0, 12, 5
100, 64, 45, 45, 0, 65, 22, 100, 80, 99, 99, 62, 85, 23, 40, 0, 9
100, 100, 59, 73, 26, 45, 0, 15, 33, 0, 97, 18, 81, 38, 9, 28, 6
0, 98, 51, 100, 100, 87, 76, 48, 60, 8, 46, 0, 3, 24, 94, 26, 7
93, 100, 52, 82, 19, 52, 12, 18, 60, 0, 100, 21, 44, 32, 0, 10, 6
24, 58, 84, 87, 100, 100, 89, 60, 85, 20, 45, 0, 0, 1, 94, 2, 1
17, 89, 0, 55, 65, 58, 69, 11, 11, 0, 10, 60, 31, 100, 100, 96, 5
0, 96, 10, 100, 59, 99, 100, 87, 93, 64, 69, 43, 44, 22, 25, 0, 7
9, 61, 16, 100, 58, 96, 41, 53, 7, 18, 0, 8, 49, 2, 100, 0, 2
84, 52, 98, 96, 64, 100, 73, 62, 100, 55, 83, 9, 42, 0, 0, 4, 9
19, 74, 43, 100, 70, 80, 53, 53, 100, 42, 98, 12, 50, 0, 0, 4, 3
19, 100, 55, 99, 58, 67, 30, 39, 0, 15, 21, 0, 60, 1, 100, 0, 2
35, 73, 77, 55, 100, 20, 39, 0, 37, 35, 79, 68, 86, 100, 0, 84, 8
18, 97, 35, 100, 0, 76, 0, 53, 64, 54, 100, 53, 75, 27, 66, 0, 4
13, 87, 0, 57, 60, 37, 42, 0, 12, 16, 14, 59, 30, 98, 100, 100, 5
14, 70, 46, 100, 48, 78, 41, 36, 21, 0, 0, 3, 50, 1, 100, 1, 1
9, 86, 53, 100, 96, 81, 64, 55, 93, 48, 100, 18, 51, 0, 0, 11, 3
20, 73, 47, 100, 62, 70, 41, 35, 11, 3, 0, 15, 49, 9, 100, 0, 2
19, 78, 29, 36, 13, 0, 8, 27, 58, 49, 100, 79, 55, 100, 0, 88, 8
98, 74, 82, 100, 6, 85, 10, 60, 87, 75, 100, 47, 69, 17, 0, 0, 9
0, 97, 61, 100, 100, 81, 88, 50, 69, 20, 51, 0, 30, 30, 90, 36, 7
7, 100, 74, 93, 38, 60, 0, 93, 70, 92, 100, 44, 67, 0, 4, 7, 9
94, 100, 56, 74, 27, 46, 15, 13, 61, 0, 100, 20, 49, 31, 0, 19, 6
40, 63, 60, 100, 100, 82, 85, 40, 44, 11, 0, 0, 45, 19, 93, 3, 2
38, 99, 90, 95, 29, 100, 10, 58, 60, 53, 100, 23, 49, 0, 0, 18, 5
0, 68, 38, 78, 91, 96, 100, 100, 78, 75, 62, 49, 59, 24, 81, 0, 1
48, 99, 9, 100, 44, 82, 64, 89, 92, 56, 100, 18, 55, 0, 0, 5, 9
26, 87, 67, 100, 80, 76, 61, 48, 33, 23, 0, 1, 48, 0, 100, 3, 2
4, 68, 28, 98, 75, 100, 64, 65, 31, 36, 0, 8, 43, 0, 100, 6, 2
42, 100, 93, 98, 79, 64, 51, 31, 15, 0, 0, 30, 25, 53, 100, 52, 7
0, 42, 10, 60, 68, 83, 100, 100, 77, 75, 61, 50, 48, 25, 35, 0, 1
48, 97, 9, 67, 100, 64, 66, 100, 24, 57, 0, 0, 87, 8, 15, 41, 8
66, 100, 25, 80, 4, 53, 0, 25, 26, 0, 94, 0, 100, 22, 45, 8, 6
0, 34, 25, 52, 62, 76, 100, 100, 81, 79, 57, 53, 37, 27, 25, 0, 1
33, 89, 92, 100, 100, 91, 63, 62, 29, 31, 0, 0, 6, 29, 66, 38, 7
73, 96, 50, 70, 38, 24, 0, 0, 29, 41, 70, 77, 100, 100, 46, 78, 8
63, 93, 36, 100, 30, 74, 58, 85, 80, 53, 100, 20, 60, 0, 0, 8, 9
25, 89, 65, 55, 100, 21, 20, 0, 0, 30, 55, 62, 94, 95, 22, 100, 8
38, 96, 6, 60, 0, 19, 47, 0, 99, 25, 100, 65, 71, 100, 17, 85, 0
54, 92, 5, 69, 51, 52, 50, 3, 0, 0, 12, 43, 45, 86, 100, 100, 5
50, 60, 47, 100, 92, 95, 88, 47, 48, 15, 0, 0, 49, 5, 100, 3, 2
11, 72, 39, 100, 62, 77, 50, 42, 24, 12, 0, 0, 50, 3, 100, 3, 2
53, 91, 100, 100, 86, 100, 28, 86, 58, 64, 98, 32, 60, 0, 0, 1, 5
0, 55, 41, 82, 72, 100, 66, 65, 63, 29, 31, 0, 33, 4, 100, 5, 1
14, 73, 52, 100, 66, 98, 50, 55, 35, 12, 0, 7, 50, 3, 100, 0, 1
53, 81, 86, 100, 98, 69, 83, 37, 52, 9, 0, 3, 47, 0, 100, 2, 2
0, 91, 36, 100, 62, 83, 57, 60, 70, 39, 100, 22, 78, 4, 39, 0, 3
63, 98, 95, 76, 93, 100, 61, 74, 100, 81, 99, 33, 67, 0, 0, 4, 9
45, 69, 58, 100, 94, 83, 75, 47, 39, 18, 0, 0, 50, 9, 100, 2, 2
0, 88, 26, 100, 56, 86, 45, 51, 26, 19, 34, 0, 69, 2, 100, 10, 2
31, 85, 63, 100, 75, 71, 39, 43, 0, 17, 11, 4, 58, 1, 100, 0, 2
42, 80, 19, 62, 51, 28, 13, 0, 0, 26, 11, 70, 46, 100, 100, 98, 5
35, 88, 30, 57, 50, 17, 11, 0, 0, 38, 56, 68, 100, 100, 20, 100, 8
20, 100, 6, 79, 0, 49, 65, 43, 100, 66, 86, 59, 70, 29, 52, 0, 4
24, 86, 36, 55, 98, 77, 27, 100, 45, 81, 100, 49, 84, 10, 0, 0, 9
4, 92, 45, 100, 100, 91, 59, 52, 32, 5, 15, 0, 0, 38, 65, 38, 7
75, 100, 30, 73, 0, 44, 62, 44, 100, 51, 70, 78, 55, 38, 38, 0, 4
9, 96, 1, 50, 12, 0, 69, 3, 100, 48, 82, 97, 28, 100, 0, 54, 0
38, 78, 52, 100, 97, 79, 58, 52, 78, 41, 100, 11, 38, 0, 0, 20, 3
49, 84, 55, 100, 100, 98, 72, 72, 48, 50, 81, 31, 49, 8, 0, 0, 3
53, 92, 88, 100, 100, 86, 73, 65, 70, 39, 70, 13, 36, 1, 0, 0, 3
19, 100, 0, 63, 3, 30, 63, 47, 100, 77, 91, 75, 77, 38, 68, 0, 4
0, 93, 44, 100, 79, 72, 76, 35, 53, 0, 29, 2, 43, 28, 100, 32, 7
41, 100, 0, 80, 52, 71, 68, 77, 83, 49, 100, 19, 65, 0, 6, 2, 9
17, 85, 51, 100, 83, 82, 55, 53, 59, 39, 100, 20, 55, 0, 0, 3, 3
40, 100, 7, 84, 72, 47, 100, 5, 22, 0, 52, 45, 84, 90, 0, 94, 8
54, 100, 24, 79, 6, 48, 13, 16, 59, 0, 100, 15, 54, 30, 0, 23, 6
7, 96, 18, 69, 68, 41, 46, 0, 11, 25, 0, 71, 29, 96, 100, 100, 5
70, 100, 49, 82, 26, 52, 19, 20, 62, 3, 100, 19, 43, 20, 0, 0, 6
39, 59, 74, 78, 100, 100, 76, 77, 62, 51, 57, 24, 38, 0, 0, 2, 1
8, 94, 40, 66, 95, 100, 26, 100, 88, 85, 100, 50, 81, 1, 0, 0, 9
0, 94, 49, 99, 100, 100, 73, 67, 54, 26, 45, 0, 22, 39, 71, 50, 7
17, 78, 30, 100, 55, 80, 31, 50, 0, 23, 4, 0, 52, 1, 100, 5, 2
53, 93, 3, 71, 47, 34, 23, 0, 0, 29, 59, 63, 100, 100, 9, 98, 8
11, 31, 0, 51, 59, 76, 100, 100, 67, 77, 44, 51, 33, 26, 48, 0, 1
5, 77, 0, 64, 21, 5, 71, 0, 100, 49, 67, 100, 19, 93, 13, 28, 0
81, 69, 63, 100, 0, 82, 41, 41, 81, 0, 19, 3, 41, 44, 100, 74, 8
0, 85, 49, 100, 100, 93, 69, 70, 38, 48, 96, 35, 91, 13, 36, 0, 3
100, 100, 78, 91, 45, 70, 18, 47, 0, 22, 21, 0, 64, 11, 16, 15, 6
32, 71, 47, 100, 83, 80, 70, 46, 31, 24, 0, 7, 50, 2, 100, 0, 2
0, 100, 73, 100, 100, 88, 71, 50, 60, 10, 46, 0, 20, 35, 97, 38, 7
68, 100, 27, 81, 0, 51, 45, 29, 99, 43, 100, 63, 77, 32, 69, 0, 4
0, 100, 27, 97, 63, 94, 100, 93, 86, 76, 59, 54, 45, 24, 49, 0, 7
0, 67, 35, 98, 88, 100, 64, 65, 49, 39, 100, 22, 63, 0, 8, 1, 3
44, 87, 21, 78, 68, 41, 70, 0, 0, 13, 45, 47, 100, 80, 41, 100, 8
0, 78, 60, 100, 64, 97, 56, 64, 52, 30, 4, 5, 0, 0, 100, 2, 1
40, 100, 23, 83, 0, 50, 54, 38, 100, 52, 97, 68, 68, 36, 57, 0, 4
80, 74, 100, 100, 56, 70, 29, 35, 36, 0, 100, 13, 67, 38, 0, 24, 6
65, 60, 100, 100, 5, 100, 19, 57, 65, 15, 0, 0, 13, 43, 97, 75, 8
0, 50, 26, 64, 61, 83, 99, 100, 100, 83, 74, 56, 51, 28, 33, 0, 1
100, 79, 81, 100, 41, 79, 62, 59, 93, 64, 80, 27, 46, 0, 0, 0, 9
31, 67, 40, 100, 81, 97, 69, 53, 39, 15, 0, 1, 49, 5, 100, 0, 2
0, 82, 33, 100, 66, 87, 58, 54, 34, 27, 19, 0, 60, 1, 100, 10, 2
48, 97, 89, 100, 77, 71, 49, 46, 16, 23, 0, 0, 50, 3, 100, 7, 2
0, 63, 61, 38, 67, 0, 20, 14, 56, 50, 100, 85, 50, 100, 2, 71, 8
17, 100, 0, 56, 12, 10, 63, 0, 100, 36, 100, 81, 51, 100, 1, 79, 0
40, 98, 51, 100, 0, 61, 11, 16, 93, 0, 100, 37, 18, 51, 24, 19, 6
0, 60, 36, 86, 60, 100, 59, 52, 53, 5, 16, 1, 60, 1, 100, 0, 1
0, 55, 39, 74, 76, 95, 100, 100, 87, 75, 72, 50, 61, 25, 57, 0, 1
0, 96, 23, 46, 91, 55, 80, 100, 49, 94, 100, 59, 81, 7, 15, 0, 9
85, 69, 81, 100, 100, 66, 76, 30, 36, 5, 0, 0, 50, 7, 99, 5, 2
40, 100, 0, 96, 1, 72, 44, 91, 63, 58, 100, 29, 96, 0, 39, 9, 9
0, 93, 58, 100, 97, 74, 73, 41, 41, 9, 27, 0, 19, 27, 100, 33, 7
6, 79, 42, 95, 100, 100, 35, 88, 0, 56, 62, 41, 64, 0, 2, 0, 5
64, 89, 100, 100, 47, 87, 7, 64, 25, 53, 74, 43, 51, 14, 0, 0, 5
58, 62, 8, 46, 12, 0, 67, 15, 100, 56, 90, 100, 34, 81, 0, 41, 0
40, 100, 27, 71, 65, 89, 13, 90, 60, 62, 100, 30, 62, 0, 0, 1, 9
26, 100, 21, 65, 91, 32, 66, 0, 38, 25, 91, 61, 100, 99, 0, 98, 8
55, 92, 17, 78, 55, 38, 50, 0, 0, 21, 56, 55, 100, 92, 25, 100, 8
0, 100, 50, 91, 68, 60, 58, 29, 26, 0, 9, 18, 23, 45, 100, 49, 7
0, 80, 35, 100, 80, 89, 58, 61, 68, 39, 100, 15, 55, 0, 2, 3, 3
53, 92, 75, 100, 72, 71, 64, 60, 100, 44, 78, 15, 32, 0, 0, 10, 3
32, 98, 8, 71, 56, 25, 28, 0, 0, 42, 77, 69, 100, 100, 15, 92, 8
4, 84, 50, 100, 57, 79, 39, 52, 90, 41, 100, 15, 52, 0, 0, 5, 3
62, 90, 15, 77, 10, 26, 56, 0, 100, 31, 93, 81, 42, 100, 0, 70, 0
56, 76, 73, 52, 93, 13, 0, 0, 37, 35, 100, 69, 100, 100, 17, 76, 8
81, 100, 55, 92, 17, 61, 3, 26, 41, 0, 100, 14, 65, 44, 0, 60, 6
0, 33, 31, 60, 69, 86, 81, 100, 72, 72, 72, 44, 76, 16, 100, 0, 1
0, 93, 60, 100, 70, 83, 70, 67, 70, 50, 80, 33, 80, 16, 100, 0, 1
23, 88, 0, 55, 25, 50, 64, 20, 17, 0, 21, 54, 35, 97, 100, 100, 5
66, 98, 22, 67, 100, 88, 17, 100, 11, 52, 0, 0, 79, 13, 22, 53, 8
39, 96, 79, 100, 71, 71, 68, 55, 100, 34, 86, 4, 43, 0, 0, 11, 3
70, 100, 27, 75, 0, 39, 6, 0, 63, 2, 100, 33, 93, 71, 38, 74, 0
0, 71, 47, 85, 100, 100, 92, 82, 75, 60, 62, 38, 45, 16, 40, 0, 1
22, 89, 0, 55, 39, 47, 43, 4, 6, 0, 16, 56, 39, 100, 100, 98, 5
18, 91, 0, 48, 22, 6, 66, 0, 100, 30, 91, 76, 52, 100, 16, 76, 0
29, 100, 0, 77, 0, 53, 75, 44, 100, 63, 72, 51, 73, 25, 67, 0, 4
36, 90, 84, 100, 100, 75, 62, 51, 82, 45, 85, 13, 38, 0, 0, 19, 3
88, 88, 53, 78, 100, 40, 91, 0, 0, 1, 5, 39, 57, 76, 18, 100, 8
100, 94, 58, 100, 15, 70, 0, 34, 28, 1, 97, 0, 91, 28, 31, 21, 6
0, 79, 21, 100, 31, 68, 22, 34, 7, 2, 34, 0, 69, 8, 100, 11, 2
57, 96, 100, 100, 81, 95, 40, 85, 30, 60, 57, 32, 40, 3, 0, 0, 5
44, 77, 19, 50, 39, 19, 0, 0, 8, 31, 19, 66, 57, 87, 100, 100, 5
36, 87, 24, 100, 77, 100, 64, 70, 74, 52, 100, 26, 62, 2, 0, 0, 3
100, 100, 63, 90, 26, 63, 2, 33, 0, 0, 54, 1, 60, 31, 7, 30, 6
33, 91, 79, 100, 100, 79, 79, 56, 41, 37, 0, 20, 37, 7, 93, 0, 2
46, 90, 14, 79, 9, 19, 61, 0, 100, 47, 76, 100, 18, 85, 0, 28, 0
27, 100, 6, 95, 0, 42, 30, 0, 79, 4, 100, 51, 74, 96, 24, 98, 0
0, 85, 30, 100, 48, 73, 33, 40, 9, 13, 24, 0, 65, 4, 100, 10, 2
0, 64, 57, 78, 86, 100, 91, 93, 88, 70, 87, 46, 86, 23, 100, 0, 1
0, 100, 72, 99, 100, 86, 62, 45, 38, 0, 5, 13, 23, 41, 97, 44, 7
24, 77, 73, 100, 100, 77, 62, 37, 21, 0, 0, 9, 25, 39, 84, 31, 7
49, 91, 98, 100, 96, 66, 59, 32, 17, 0, 0, 16, 38, 40, 100, 48, 7
7, 90, 57, 100, 86, 81, 46, 62, 92, 45, 100, 18, 58, 0, 0, 0, 3
33, 65, 81, 88, 100, 100, 88, 70, 74, 41, 52, 13, 0, 0, 81, 1, 1
96, 66, 64, 100, 0, 88, 31, 54, 86, 72, 100, 42, 87, 0, 19, 3, 9
48, 62, 60, 100, 61, 56, 37, 19, 0, 0, 20, 13, 60, 8, 100, 1, 2
65, 64, 86, 80, 75, 100, 0, 79, 18, 54, 100, 68, 78, 41, 49, 0, 9
38, 99, 6, 52, 14, 0, 75, 3, 100, 51, 73, 100, 14, 83, 0, 33, 0
54, 96, 83, 63, 100, 100, 29, 80, 87, 63, 96, 54, 78, 4, 0, 0, 9
13, 88, 10, 56, 54, 29, 30, 0, 10, 35, 0, 79, 46, 99, 100, 100, 5
30, 88, 7, 77, 0, 33, 30, 0, 82, 6, 100, 45, 74, 82, 26, 100, 0
38, 100, 6, 62, 44, 35, 7, 0, 0, 23, 9, 72, 45, 98, 100, 96, 5
52, 69, 61, 100, 100, 93, 77, 60, 42, 31, 0, 3, 26, 0, 97, 1, 2
26, 80, 50, 100, 100, 95, 58, 72, 50, 47, 90, 20, 53, 0, 0, 5, 3
18, 86, 0, 62, 22, 9, 71, 0, 100, 49, 78, 100, 29, 94, 17, 41, 0
0, 90, 31, 100, 74, 82, 68, 39, 46, 0, 36, 6, 49, 41, 100, 54, 7
100, 100, 58, 100, 21, 85, 21, 62, 58, 56, 64, 23, 36, 0, 0, 7, 5
54, 69, 78, 100, 70, 55, 39, 18, 0, 0, 16, 23, 58, 18, 100, 10, 2
0, 79, 31, 100, 64, 88, 49, 58, 24, 30, 10, 1, 56, 0, 100, 10, 2
25, 100, 8, 84, 0, 63, 0, 44, 33, 30, 83, 34, 87, 18, 100, 0, 4
61, 91, 88, 100, 100, 81, 78, 61, 63, 38, 60, 14, 34, 0, 0, 1, 3
59, 100, 24, 68, 24, 19, 69, 0, 100, 42, 74, 85, 21, 63, 0, 19, 0
47, 86, 87, 100, 100, 74, 67, 51, 97, 32, 96, 7, 48, 0, 0, 7, 3
0, 80, 22, 100, 43, 71, 36, 37, 9, 8, 7, 12, 54, 16, 100, 0, 2
100, 100, 39, 84, 58, 51, 88, 20, 25, 0, 0, 24, 42, 54, 98, 81, 8
16, 88, 47, 100, 50, 69, 28, 38, 0, 13, 23, 1, 62, 1, 100, 0, 2
51, 83, 75, 100, 82, 76, 74, 47, 100, 24, 74, 3, 32, 0, 0, 16, 3
55, 85, 100, 100, 82, 94, 38, 74, 90, 65, 94, 36, 52, 13, 0, 0, 5
55, 99, 55, 68, 77, 26, 38, 0, 0, 13, 20, 56, 49, 92, 100, 100, 5
27, 100, 100, 93, 78, 62, 53, 31, 28, 0, 0, 13, 3, 33, 92, 35, 7
41, 100, 20, 80, 0, 57, 39, 42, 100, 55, 98, 45, 72, 23, 57, 0, 4
55, 95, 0, 73, 5, 37, 90, 36, 100, 75, 84, 100, 76, 50, 65, 0, 4
1, 92, 0, 49, 26, 0, 80, 1, 100, 51, 74, 100, 24, 83, 27, 29, 0
9, 100, 4, 81, 0, 54, 35, 39, 84, 46, 100, 52, 80, 26, 77, 0, 4
40, 100, 13, 69, 0, 30, 22, 0, 73, 19, 100, 53, 92, 91, 39, 95, 0
16, 78, 66, 100, 100, 75, 46, 39, 0, 0, 66, 4, 24, 45, 23, 85, 8
41, 71, 32, 40, 100, 76, 34, 100, 36, 57, 89, 68, 70, 4, 0, 0, 9
18, 100, 8, 53, 24, 5, 69, 0, 100, 39, 91, 87, 45, 98, 0, 79, 0
7, 66, 74, 94, 100, 100, 89, 58, 83, 16, 15, 0, 0, 3, 94, 4, 1
13, 100, 59, 98, 64, 58, 37, 21, 15, 0, 0, 41, 49, 49, 100, 55, 7
23, 72, 0, 35, 16, 0, 69, 8, 100, 40, 93, 78, 49, 100, 14, 75, 0
75, 72, 25, 76, 0, 37, 16, 0, 70, 23, 100, 61, 88, 100, 31, 83, 0
100, 100, 53, 92, 20, 64, 11, 29, 38, 0, 85, 8, 55, 32, 0, 29, 6
100, 66, 74, 100, 24, 88, 43, 63, 94, 77, 89, 36, 52, 1, 0, 0, 9
0, 93, 54, 100, 80, 69, 70, 35, 66, 0, 28, 27, 19, 47, 100, 52, 7
26, 25, 23, 41, 62, 71, 100, 100, 88, 93, 55, 62, 24, 31, 0, 0, 1
19, 74, 75, 62, 78, 23, 3, 0, 28, 38, 94, 72, 100, 100, 0, 80, 8
85, 90, 35, 100, 15, 77, 32, 53, 91, 52, 100, 22, 56, 0, 0, 7, 5
84, 73, 83, 100, 33, 81, 67, 57, 100, 72, 100, 31, 64, 2, 0, 0, 9
0, 20, 47, 42, 78, 70, 100, 100, 88, 86, 66, 56, 40, 27, 7, 0, 1
35, 90, 24, 61, 100, 100, 12, 84, 0, 29, 49, 0, 96, 57, 7, 28, 8
100, 100, 63, 79, 35, 57, 12, 34, 4, 9, 44, 0, 60, 21, 0, 20, 6
52, 98, 69, 67, 78, 28, 13, 0, 0, 26, 54, 58, 100, 93, 54, 100, 8
65, 89, 61, 100, 16, 73, 0, 47, 65, 40, 100, 59, 61, 30, 28, 0, 4
0, 95, 44, 100, 74, 82, 65, 41, 57, 0, 42, 11, 55, 31, 100, 32, 7
47, 72, 69, 100, 100, 83, 83, 46, 47, 17, 0, 0, 40, 7, 94, 4, 2
12, 87, 58, 100, 77, 74, 43, 45, 5, 20, 0, 3, 55, 1, 100, 0, 2
0, 96, 41, 100, 86, 89, 99, 57, 95, 23, 87, 0, 64, 30, 100, 44, 7
26, 99, 0, 55, 61, 48, 76, 14, 7, 0, 4, 44, 27, 87, 100, 100, 5
0, 83, 37, 99, 81, 100, 100, 74, 84, 36, 65, 0, 33, 8, 55, 27, 7
88, 82, 44, 100, 49, 68, 100, 84, 93, 63, 98, 23, 57, 0, 0, 12, 9
72, 100, 51, 87, 0, 56, 66, 48, 100, 62, 75, 84, 47, 42, 19, 0, 4
0, 58, 35, 62, 70, 83, 100, 100, 91, 74, 82, 49, 74, 23, 78, 0, 1
0, 79, 23, 100, 66, 78, 66, 39, 56, 0, 30, 1, 41, 27, 100, 29, 7
30, 91, 0, 50, 57, 54, 62, 19, 2, 0, 2, 52, 28, 96, 100, 100, 5
80, 100, 27, 78, 0, 42, 21, 6, 99, 8, 100, 37, 19, 30, 10, 0, 6
31, 65, 0, 88, 40, 100, 68, 72, 56, 32, 28, 0, 57, 1, 100, 6, 2
2, 100, 58, 99, 63, 67, 38, 34, 19, 0, 0, 32, 42, 44, 100, 44, 7
10, 68, 25, 34, 20, 0, 2, 24, 0, 66, 30, 88, 65, 95, 100, 100, 5
0, 80, 36, 100, 81, 92, 49, 65, 86, 53, 100, 24, 57, 4, 6, 0, 3
71, 99, 55, 100, 0, 72, 29, 56, 100, 70, 73, 66, 35, 33, 6, 0, 4
64, 100, 29, 84, 0, 56, 38, 38, 100, 48, 94, 53, 57, 26, 24, 0, 4
41, 90, 62, 100, 29, 74, 2, 47, 0, 22, 64, 33, 100, 28, 88, 0, 4
47, 98, 5, 67, 0, 23, 46, 0, 95, 23, 100, 67, 60, 100, 10, 83, 0
34, 100, 0, 62, 71, 54, 76, 11, 16, 0, 10, 48, 22, 88, 100, 95, 5
28, 100, 15, 65, 0, 29, 40, 20, 100, 17, 99, 36, 67, 36, 59, 0, 4
38, 100, 14, 71, 0, 42, 54, 51, 100, 58, 64, 70, 49, 35, 45, 0, 4
20, 92, 22, 100, 0, 63, 41, 40, 100, 41, 95, 74, 69, 39, 57, 0, 4
55, 82, 53, 100, 100, 86, 81, 59, 38, 39, 78, 24, 54, 3, 0, 0, 3
21, 77, 54, 100, 57, 70, 31, 37, 0, 11, 17, 3, 58, 1, 100, 0, 2
29, 82, 44, 100, 93, 92, 68, 63, 77, 40, 100, 13, 53, 0, 0, 4, 3
100, 100, 29, 88, 45, 52, 79, 16, 16, 0, 0, 33, 42, 68, 44, 98, 8
100, 100, 56, 93, 23, 65, 0, 31, 18, 0, 65, 4, 61, 22, 17, 9, 6
55, 93, 100, 100, 73, 100, 34, 78, 44, 56, 77, 36, 45, 9, 0, 0, 5
11, 85, 44, 59, 47, 21, 7, 0, 0, 38, 5, 75, 50, 92, 100, 100, 5
14, 77, 0, 56, 91, 55, 94, 11, 26, 0, 8, 46, 2, 91, 100, 100, 5
8, 97, 63, 100, 67, 65, 56, 30, 45, 0, 0, 27, 29, 40, 100, 40, 7
0, 65, 64, 81, 100, 100, 91, 81, 79, 61, 73, 39, 67, 19, 97, 0, 1
81, 100, 30, 80, 2, 52, 0, 21, 45, 0, 100, 11, 72, 35, 21, 19, 6
0, 93, 43, 100, 78, 77, 60, 39, 52, 0, 34, 12, 43, 38, 100, 32, 7
36, 93, 98, 100, 43, 98, 8, 72, 65, 55, 100, 26, 63, 1, 0, 0, 5
100, 83, 37, 70, 0, 84, 52, 100, 94, 82, 95, 55, 91, 27, 92, 0, 9
79, 100, 28, 87, 0, 52, 7, 13, 57, 0, 99, 26, 100, 65, 71, 100, 0
33, 100, 0, 76, 45, 78, 67, 86, 86, 57, 100, 26, 80, 0, 29, 3, 9
27, 100, 15, 67, 0, 29, 40, 17, 100, 17, 97, 39, 67, 37, 62, 0, 4
13, 83, 42, 100, 59, 67, 35, 34, 0, 27, 30, 32, 65, 11, 100, 0, 2
0, 43, 32, 61, 68, 82, 100, 100, 85, 75, 66, 49, 45, 24, 25, 0, 1
0, 96, 41, 100, 100, 88, 59, 49, 34, 0, 53, 4, 64, 33, 8, 34, 7
33, 100, 8, 75, 0, 48, 49, 34, 100, 47, 99, 53, 90, 27, 78, 0, 4
100, 100, 47, 96, 10, 69, 0, 37, 32, 8, 88, 0, 84, 25, 26, 25, 6
100, 83, 20, 100, 0, 68, 71, 36, 89, 0, 17, 15, 42, 55, 98, 91, 8
43, 39, 100, 73, 69, 100, 7, 70, 60, 36, 57, 0, 0, 16, 67, 48, 8
54, 100, 29, 71, 0, 41, 46, 42, 100, 46, 71, 67, 55, 36, 48, 0, 4
0, 87, 46, 100, 72, 72, 61, 35, 42, 0, 23, 30, 49, 50, 100, 58, 7
0, 95, 32, 100, 78, 94, 73, 55, 61, 13, 50, 0, 53, 32, 100, 32, 7
21, 100, 14, 74, 0, 41, 35, 25, 100, 28, 98, 49, 61, 32, 48, 0, 4
2, 97, 55, 100, 67, 65, 41, 25, 17, 0, 0, 43, 45, 46, 100, 32, 7
100, 100, 49, 92, 15, 66, 0, 35, 12, 4, 63, 0, 57, 27, 1, 30, 6
100, 100, 52, 86, 74, 68, 96, 94, 100, 59, 95, 23, 54, 0, 0, 0, 9
39, 100, 10, 72, 0, 39, 68, 25, 100, 48, 96, 65, 72, 33, 68, 0, 4
57, 100, 22, 81, 4, 52, 0, 23, 36, 0, 100, 9, 67, 27, 7, 15, 6
100, 96, 76, 100, 43, 78, 16, 53, 0, 23, 20, 0, 51, 18, 12, 25, 6
2, 71, 32, 61, 100, 44, 100, 0, 29, 5, 0, 50, 23, 89, 98, 100, 5
0, 93, 57, 100, 100, 86, 71, 43, 41, 1, 22, 0, 23, 35, 82, 41, 7
27, 83, 50, 100, 77, 84, 36, 62, 69, 42, 100, 17, 55, 0, 0, 3, 3
0, 65, 34, 81, 77, 99, 100, 100, 88, 74, 73, 47, 55, 21, 45, 0, 1
72, 85, 40, 100, 61, 68, 100, 90, 85, 87, 88, 54, 63, 16, 0, 0, 9
57, 100, 34, 80, 0, 59, 11, 40, 85, 43, 100, 44, 72, 22, 57, 0, 4
0, 55, 6, 70, 54, 90, 100, 100, 76, 75, 49, 50, 24, 25, 5, 0, 1
41, 97, 12, 58, 65, 58, 62, 14, 0, 0, 4, 54, 24, 97, 100, 100, 5
0, 29, 4, 45, 41, 71, 78, 96, 100, 100, 75, 67, 50, 33, 25, 0, 1
22, 91, 24, 64, 80, 38, 67, 0, 0, 13, 4, 57, 26, 97, 100, 100, 5
16, 69, 59, 84, 100, 100, 90, 82, 68, 61, 44, 40, 19, 20, 0, 0, 1
35, 100, 22, 64, 0, 38, 100, 42, 94, 61, 68, 78, 63, 39, 45, 0, 4
78, 83, 20, 58, 27, 0, 100, 50, 61, 100, 0, 38, 68, 69, 3, 8, 0
57, 95, 59, 56, 76, 12, 0, 0, 28, 33, 100, 60, 96, 100, 21, 88, 8
14, 92, 0, 64, 66, 61, 77, 7, 41, 0, 23, 55, 30, 95, 100, 100, 5
88, 76, 78, 100, 26, 87, 59, 86, 100, 83, 76, 48, 42, 18, 0, 0, 9
94, 83, 29, 77, 100, 41, 78, 0, 0, 11, 45, 56, 92, 100, 10, 79, 8
36, 53, 44, 100, 60, 67, 38, 22, 0, 0, 14, 16, 57, 10, 100, 5, 2
55, 100, 28, 75, 1, 50, 0, 25, 61, 30, 100, 48, 65, 26, 54, 0, 4
89, 98, 57, 76, 63, 34, 19, 0, 0, 25, 55, 56, 100, 91, 36, 100, 8
0, 83, 38, 100, 93, 97, 100, 71, 70, 48, 34, 26, 27, 2, 84, 0, 2
0, 66, 33, 67, 65, 82, 95, 100, 100, 92, 80, 62, 67, 29, 78, 0, 1
0, 21, 49, 57, 79, 100, 15, 81, 45, 44, 100, 15, 29, 0, 5, 25, 8
9, 89, 54, 100, 74, 74, 56, 44, 25, 18, 0, 3, 50, 5, 100, 0, 2
52, 100, 25, 67, 0, 33, 46, 28, 100, 33, 99, 65, 73, 35, 53, 0, 4
100, 75, 41, 68, 0, 79, 44, 100, 89, 91, 91, 61, 85, 30, 86, 0, 9
0, 83, 26, 100, 53, 84, 42, 50, 16, 24, 27, 5, 66, 0, 100, 7, 2
85, 92, 52, 100, 56, 76, 83, 85, 100, 44, 88, 6, 42, 0, 0, 10, 9
33, 57, 50, 75, 97, 98, 100, 100, 70, 75, 40, 50, 13, 25, 0, 0, 1
38, 92, 11, 62, 0, 27, 27, 0, 75, 6, 100, 36, 88, 71, 59, 100, 0
90, 71, 87, 100, 5, 86, 0, 54, 85, 65, 100, 72, 96, 34, 96, 0, 9
40, 99, 100, 100, 43, 99, 6, 69, 42, 50, 89, 26, 60, 1, 0, 0, 5
84, 100, 38, 77, 8, 50, 0, 22, 40, 0, 100, 9, 54, 25, 2, 13, 6
15, 91, 23, 65, 92, 46, 68, 0, 10, 14, 0, 63, 7, 97, 100, 100, 5
0, 97, 68, 100, 66, 69, 55, 35, 54, 0, 31, 1, 32, 25, 100, 33, 7
62, 91, 17, 92, 0, 42, 30, 0, 82, 6, 100, 56, 70, 100, 22, 95, 0
100, 100, 61, 85, 61, 60, 91, 82, 92, 54, 75, 23, 42, 1, 0, 0, 9
0, 90, 33, 100, 48, 60, 50, 16, 39, 0, 15, 26, 58, 34, 100, 42, 7
29, 82, 0, 49, 10, 1, 57, 0, 95, 34, 100, 83, 55, 100, 9, 81, 0
88, 82, 45, 100, 8, 79, 63, 77, 100, 68, 93, 25, 51, 0, 0, 12, 9
44, 100, 0, 79, 0, 49, 61, 40, 100, 64, 92, 61, 62, 31, 34, 0, 4
0, 88, 20, 100, 80, 92, 88, 52, 73, 9, 54, 0, 38, 28, 100, 28, 7
8, 84, 37, 100, 54, 72, 32, 42, 0, 18, 15, 10, 58, 5, 100, 0, 2
18, 60, 39, 100, 45, 82, 46, 32, 20, 0, 0, 1, 50, 4, 100, 11, 1
52, 94, 100, 100, 98, 77, 72, 55, 99, 36, 92, 13, 44, 0, 0, 10, 3
0, 79, 40, 100, 78, 73, 61, 35, 31, 0, 30, 22, 31, 45, 100, 45, 7
4, 89, 43, 100, 63, 79, 28, 55, 63, 41, 100, 25, 53, 9, 0, 0, 3
0, 53, 15, 63, 62, 80, 100, 100, 79, 76, 55, 51, 35, 26, 22, 0, 1
83, 100, 34, 79, 8, 52, 0, 23, 37, 0, 100, 12, 93, 38, 28, 33, 6
94, 100, 53, 75, 11, 52, 0, 41, 52, 38, 99, 43, 100, 38, 91, 0, 4
0, 62, 35, 70, 68, 85, 100, 100, 99, 80, 90, 53, 85, 27, 87, 0, 1
71, 96, 32, 100, 0, 58, 5, 15, 71, 1, 100, 42, 30, 41, 10, 0, 6
28, 77, 10, 76, 61, 41, 66, 0, 0, 6, 3, 53, 27, 95, 100, 100, 5
62, 100, 22, 78, 0, 44, 2, 6, 48, 0, 88, 24, 100, 60, 63, 80, 0
50, 100, 20, 75, 2, 46, 0, 17, 43, 0, 100, 10, 73, 32, 16, 24, 6
38, 100, 0, 74, 20, 48, 99, 45, 100, 65, 75, 63, 58, 31, 43, 0, 4
87, 80, 54, 100, 24, 68, 61, 34, 37, 0, 0, 19, 52, 48, 100, 80, 8
27, 88, 2, 49, 13, 1, 70, 0, 100, 43, 93, 91, 35, 100, 0, 63, 0
60, 90, 94, 64, 88, 100, 56, 71, 100, 83, 100, 35, 67, 2, 0, 0, 9
100, 81, 56, 100, 12, 79, 0, 33, 30, 0, 78, 14, 94, 58, 66, 93, 0
79, 78, 42, 100, 27, 66, 68, 30, 50, 0, 0, 22, 45, 54, 100, 82, 8
0, 91, 52, 100, 100, 85, 96, 48, 79, 12, 50, 0, 28, 25, 83, 22, 7
60, 74, 89, 100, 96, 78, 68, 50, 34, 24, 0, 2, 51, 7, 100, 0, 2
21, 77, 58, 100, 95, 81, 67, 52, 96, 48, 100, 17, 52, 0, 0, 11, 3
11, 47, 58, 70, 100, 100, 73, 70, 50, 34, 28, 0, 0, 12, 70, 10, 1
0, 33, 34, 52, 64, 76, 93, 100, 100, 90, 88, 60, 75, 30, 64, 0, 1
17, 85, 18, 100, 46, 70, 39, 35, 0, 14, 34, 8, 88, 0, 100, 23, 2
0, 58, 34, 75, 76, 96, 100, 100, 95, 75, 85, 49, 76, 24, 88, 0, 1
67, 78, 54, 100, 0, 83, 36, 43, 61, 0, 15, 14, 51, 54, 100, 80, 8
17, 97, 25, 59, 85, 100, 0, 82, 27, 51, 23, 0, 100, 36, 19, 33, 8
23, 100, 13, 70, 66, 36, 33, 0, 0, 25, 59, 58, 100, 96, 28, 97, 8
73, 100, 28, 85, 0, 62, 5, 37, 60, 32, 100, 42, 82, 25, 66, 0, 4
0, 82, 28, 100, 62, 87, 54, 54, 27, 28, 22, 10, 61, 4, 100, 0, 2
63, 91, 100, 100, 75, 92, 41, 77, 31, 50, 56, 27, 36, 0, 0, 1, 5
52, 80, 30, 66, 96, 70, 65, 100, 28, 62, 100, 69, 80, 20, 0, 0, 9
13, 93, 79, 100, 87, 72, 50, 36, 21, 0, 10, 14, 0, 46, 100, 49, 7
67, 100, 39, 82, 0, 53, 63, 55, 100, 66, 67, 77, 53, 39, 40, 0, 4
32, 85, 67, 55, 95, 10, 4, 0, 12, 40, 95, 71, 100, 100, 0, 87, 8
42, 80, 72, 100, 98, 67, 74, 29, 31, 3, 0, 15, 51, 14, 100, 0, 2
29, 80, 62, 100, 74, 63, 52, 26, 4, 8, 0, 30, 56, 25, 100, 0, 2
53, 100, 7, 98, 21, 69, 56, 92, 63, 59, 100, 25, 64, 0, 0, 9, 9
100, 86, 71, 100, 58, 70, 93, 86, 76, 70, 69, 27, 40, 0, 0, 1, 9
17, 78, 46, 100, 75, 84, 44, 57, 94, 42, 100, 12, 51, 0, 0, 13, 3
0, 100, 52, 100, 88, 81, 73, 45, 58, 8, 36, 0, 39, 21, 100, 19, 7
0, 93, 51, 97, 100, 100, 77, 61, 56, 22, 38, 0, 23, 30, 76, 31, 7
40, 90, 0, 69, 1, 24, 45, 0, 88, 27, 100, 71, 61, 100, 15, 76, 0
100, 98, 51, 100, 11, 72, 44, 35, 43, 0, 0, 20, 22, 61, 65, 92, 8
100, 100, 60, 86, 26, 58, 0, 28, 16, 0, 73, 9, 56, 31, 3, 16, 6
58, 100, 24, 89, 0, 50, 100, 55, 97, 70, 55, 94, 52, 47, 53, 0, 4
41, 100, 5, 70, 0, 21, 39, 0, 83, 22, 100, 66, 57, 89, 11, 75, 0
5, 42, 0, 7, 44, 0, 87, 15, 100, 64, 68, 100, 25, 93, 20, 48, 0
33, 91, 7, 71, 57, 45, 52, 0, 0, 6, 8, 58, 28, 100, 100, 97, 5
35, 100, 38, 79, 6, 48, 67, 39, 100, 63, 76, 57, 34, 30, 0, 0, 4
51, 88, 41, 100, 10, 63, 10, 20, 57, 0, 100, 26, 53, 42, 0, 26, 6
81, 60, 96, 100, 0, 98, 49, 54, 96, 11, 13, 0, 33, 45, 100, 86, 8
78, 100, 60, 77, 100, 93, 54, 84, 66, 59, 86, 34, 70, 9, 0, 0, 9
100, 68, 56, 48, 0, 64, 14, 100, 77, 98, 90, 61, 61, 25, 10, 0, 9
12, 100, 0, 79, 2, 48, 52, 47, 100, 58, 82, 67, 73, 34, 66, 0, 4
0, 89, 40, 100, 64, 70, 55, 27, 38, 0, 15, 30, 57, 36, 100, 39, 7
100, 75, 49, 100, 24, 61, 100, 27, 91, 0, 0, 18, 66, 55, 93, 85, 8
18, 100, 18, 87, 0, 54, 43, 32, 100, 46, 98, 55, 49, 32, 25, 0, 4
13, 65, 73, 34, 94, 0, 0, 0, 27, 34, 82, 65, 100, 100, 27, 77, 8
24, 94, 40, 100, 64, 78, 36, 48, 0, 23, 13, 9, 63, 5, 100, 0, 2
10, 87, 55, 100, 71, 71, 40, 38, 2, 9, 0, 0, 50, 8, 100, 0, 2
46, 100, 55, 65, 100, 90, 42, 91, 75, 65, 82, 53, 63, 13, 0, 0, 9
24, 90, 46, 70, 100, 91, 45, 100, 0, 77, 66, 73, 69, 38, 45, 0, 9
44, 72, 69, 100, 100, 86, 67, 61, 76, 49, 77, 13, 37, 0, 0, 19, 3
100, 100, 43, 89, 7, 61, 0, 28, 31, 0, 87, 8, 71, 38, 11, 45, 6
43, 83, 54, 100, 73, 79, 51, 60, 100, 49, 88, 19, 42, 0, 0, 10, 3
0, 41, 50, 71, 91, 100, 74, 59, 65, 16, 17, 0, 27, 4, 100, 5, 1
38, 100, 20, 77, 0, 55, 4, 31, 60, 29, 100, 46, 79, 23, 63, 0, 4
63, 88, 84, 100, 93, 67, 69, 34, 28, 8, 0, 14, 51, 19, 100, 0, 2
0, 97, 76, 100, 100, 74, 62, 40, 33, 6, 4, 0, 11, 22, 91, 24, 7
7, 72, 77, 75, 76, 100, 0, 81, 18, 61, 100, 74, 69, 40, 50, 0, 9
38, 95, 53, 100, 19, 80, 0, 59, 61, 65, 100, 89, 75, 47, 49, 0, 4
100, 72, 43, 78, 0, 91, 50, 100, 54, 75, 40, 50, 30, 25, 29, 0, 9
57, 82, 81, 100, 84, 78, 57, 57, 100, 51, 86, 20, 47, 2, 0, 0, 3
0, 93, 57, 100, 97, 75, 91, 37, 82, 0, 53, 16, 32, 41, 100, 45, 7
29, 83, 0, 83, 41, 42, 53, 0, 17, 20, 50, 61, 100, 100, 29, 95, 8
1, 55, 7, 100, 30, 92, 20, 45, 0, 4, 23, 0, 61, 10, 100, 12, 2
38, 84, 23, 100, 68, 93, 41, 64, 78, 52, 100, 24, 60, 0, 0, 1, 3
34, 89, 64, 100, 63, 56, 37, 20, 0, 1, 18, 23, 58, 8, 100, 0, 2
67, 96, 20, 100, 21, 59, 41, 20, 11, 0, 0, 35, 48, 65, 100, 93, 8
0, 82, 56, 100, 100, 91, 71, 57, 38, 24, 3, 0, 5, 33, 70, 36, 7
65, 66, 61, 100, 13, 67, 76, 34, 90, 0, 0, 5, 32, 44, 100, 75, 8
0, 52, 39, 67, 80, 88, 100, 100, 82, 76, 69, 51, 59, 25, 51, 0, 1
100, 100, 56, 80, 23, 54, 0, 25, 19, 0, 77, 5, 70, 22, 11, 16, 6
35, 92, 12, 47, 21, 0, 71, 8, 100, 48, 82, 94, 32, 100, 0, 66, 0
38, 71, 72, 36, 81, 0, 12, 11, 57, 45, 100, 80, 49, 100, 0, 70, 8
49, 76, 47, 93, 100, 100, 88, 57, 48, 24, 0, 0, 43, 11, 97, 0, 2
86, 100, 39, 87, 12, 57, 0, 26, 31, 0, 100, 8, 61, 21, 2, 6, 6
35, 64, 64, 100, 66, 85, 59, 38, 100, 6, 86, 6, 23, 4, 0, 0, 1
81, 99, 44, 100, 43, 78, 93, 94, 100, 62, 98, 24, 58, 0, 0, 5, 9
97, 100, 54, 83, 0, 48, 3, 10, 84, 0, 100, 39, 14, 51, 8, 18, 6
31, 76, 62, 100, 89, 82, 61, 52, 24, 26, 0, 10, 50, 7, 100, 0, 2
0, 57, 33, 74, 79, 94, 100, 100, 81, 75, 65, 50, 53, 25, 51, 0, 1
31, 74, 62, 37, 55, 0, 0, 17, 46, 49, 100, 78, 83, 100, 34, 72, 8
73, 100, 26, 78, 5, 43, 13, 8, 69, 0, 100, 31, 44, 36, 0, 9, 6
63, 81, 92, 100, 100, 70, 76, 38, 43, 10, 0, 0, 46, 4, 97, 7, 2
29, 71, 45, 100, 83, 78, 68, 38, 33, 7, 0, 9, 52, 20, 100, 0, 2
34, 69, 23, 100, 65, 98, 58, 63, 32, 32, 0, 3, 47, 0, 100, 7, 2
16, 71, 20, 100, 52, 81, 36, 49, 5, 22, 0, 2, 50, 3, 100, 0, 2
49, 86, 84, 100, 100, 76, 74, 52, 99, 30, 81, 6, 38, 0, 0, 11, 3
0, 82, 38, 100, 71, 79, 40, 51, 59, 41, 100, 20, 64, 0, 9, 5, 3
78, 86, 61, 100, 0, 100, 7, 64, 62, 51, 100, 25, 63, 0, 7, 5, 5
12, 100, 0, 74, 4, 42, 74, 44, 100, 58, 77, 65, 74, 32, 65, 0, 4
96, 84, 49, 76, 12, 91, 74, 100, 100, 75, 78, 47, 45, 21, 0, 0, 9
51, 91, 23, 71, 52, 35, 13, 0, 0, 30, 5, 81, 43, 100, 100, 95, 5
41, 100, 30, 78, 0, 45, 0, 29, 82, 31, 100, 59, 87, 34, 73, 0, 4
54, 100, 18, 75, 0, 55, 60, 51, 100, 71, 74, 56, 46, 29, 28, 0, 4
0, 56, 34, 75, 88, 100, 77, 66, 71, 31, 39, 1, 24, 0, 100, 1, 1
83, 100, 41, 73, 11, 42, 2, 8, 59, 0, 100, 25, 43, 28, 0, 7, 6
46, 92, 77, 100, 100, 97, 56, 90, 50, 55, 81, 33, 41, 12, 0, 0, 5
0, 51, 25, 74, 49, 100, 49, 81, 52, 54, 56, 28, 68, 2, 100, 0, 1
84, 93, 26, 100, 0, 71, 64, 64, 100, 90, 89, 64, 79, 31, 78, 0, 9
0, 67, 8, 21, 45, 0, 85, 10, 100, 51, 75, 89, 36, 100, 7, 71, 0
26, 91, 19, 39, 49, 0, 92, 18, 100, 70, 62, 100, 17, 88, 0, 42, 0
100, 79, 84, 100, 45, 87, 95, 95, 99, 72, 67, 40, 33, 10, 0, 0, 9
18, 100, 5, 72, 45, 55, 51, 5, 0, 0, 8, 60, 40, 99, 100, 95, 5
15, 87, 60, 100, 95, 84, 50, 66, 96, 49, 100, 18, 56, 0, 0, 1, 3
37, 100, 30, 87, 7, 62, 0, 35, 59, 29, 100, 51, 78, 27, 74, 0, 4
100, 94, 90, 100, 45, 89, 24, 59, 66, 47, 85, 20, 47, 3, 0, 0, 5
15, 80, 0, 48, 45, 31, 51, 0, 30, 36, 13, 76, 46, 100, 100, 99, 5
100, 100, 54, 90, 22, 61, 0, 31, 3, 0, 58, 6, 62, 35, 4, 33, 6
10, 86, 0, 97, 50, 99, 100, 100, 79, 78, 63, 53, 50, 26, 47, 0, 7
16, 91, 0, 49, 61, 55, 54, 2, 14, 0, 0, 57, 33, 96, 100, 100, 5
0, 96, 26, 100, 76, 100, 100, 99, 64, 80, 47, 54, 40, 26, 39, 0, 7
98, 76, 59, 100, 16, 76, 74, 42, 77, 0, 0, 9, 31, 48, 100, 76, 8
92, 100, 83, 89, 37, 59, 0, 27, 30, 0, 100, 8, 90, 30, 20, 23, 6
0, 100, 49, 99, 83, 73, 79, 36, 67, 0, 51, 16, 47, 38, 100, 38, 7
77, 100, 28, 80, 4, 52, 2, 23, 44, 0, 100, 11, 51, 28, 0, 14, 6
35, 100, 0, 71, 32, 50, 95, 54, 100, 78, 85, 70, 76, 35, 71, 0, 4
54, 100, 0, 78, 47, 62, 63, 20, 13, 0, 18, 49, 40, 95, 100, 95, 5
0, 86, 34, 100, 60, 86, 42, 60, 70, 43, 100, 26, 70, 8, 29, 0, 3
2, 100, 74, 100, 100, 76, 65, 46, 35, 15, 17, 0, 0, 33, 74, 37, 7
0, 30, 29, 53, 65, 77, 100, 100, 100, 80, 85, 53, 73, 27, 69, 0, 1
0, 53, 29, 73, 67, 94, 79, 100, 71, 71, 71, 41, 73, 13, 100, 0, 1
83, 63, 48, 100, 0, 76, 61, 40, 82, 0, 3, 9, 38, 55, 100, 91, 8
90, 100, 53, 75, 16, 45, 0, 35, 52, 35, 100, 44, 96, 41, 87, 0, 4
80, 80, 18, 66, 0, 84, 51, 100, 78, 77, 78, 50, 78, 24, 100, 0, 9
32, 81, 70, 100, 95, 83, 69, 55, 35, 31, 0, 9, 49, 2, 100, 0, 2
73, 69, 100, 100, 0, 95, 39, 54, 85, 13, 7, 0, 13, 40, 89, 73, 8
63, 100, 31, 82, 0, 52, 36, 29, 100, 45, 99, 59, 59, 30, 28, 0, 4
40, 100, 21, 89, 0, 55, 10, 18, 55, 0, 100, 15, 56, 27, 26, 1, 6
100, 84, 49, 78, 79, 39, 84, 0, 0, 13, 37, 50, 93, 85, 18, 100, 8
34, 87, 70, 100, 100, 92, 83, 67, 73, 40, 77, 14, 41, 1, 0, 0, 3
28, 96, 0, 62, 12, 12, 47, 0, 82, 11, 100, 58, 77, 100, 42, 99, 0
100, 100, 22, 86, 23, 55, 73, 27, 42, 0, 0, 20, 53, 47, 100, 77, 8
0, 79, 34, 100, 57, 80, 46, 45, 18, 14, 10, 0, 59, 1, 100, 2, 2
7, 48, 16, 2, 69, 0, 100, 38, 94, 84, 44, 100, 4, 67, 0, 22, 0
0, 61, 42, 78, 81, 98, 100, 100, 84, 74, 72, 49, 65, 23, 65, 0, 1
22, 100, 0, 68, 2, 42, 54, 46, 100, 55, 72, 75, 51, 38, 37, 0, 4
70, 100, 21, 78, 0, 40, 11, 0, 65, 6, 94, 43, 100, 82, 45, 88, 0
0, 87, 6, 97, 64, 100, 100, 93, 71, 72, 50, 49, 34, 25, 30, 0, 7
0, 94, 45, 100, 70, 76, 32, 58, 86, 52, 100, 22, 56, 0, 2, 1, 3
41, 98, 82, 100, 65, 71, 57, 61, 100, 48, 87, 17, 45, 0, 0, 7, 3
65, 82, 14, 100, 33, 49, 100, 5, 8, 0, 0, 41, 90, 72, 12, 98, 8
85, 84, 39, 95, 0, 57, 10, 9, 62, 0, 100, 38, 92, 88, 43, 100, 0
0, 74, 82, 79, 100, 100, 19, 92, 7, 73, 88, 77, 54, 39, 18, 0, 9
46, 100, 11, 69, 0, 24, 35, 0, 81, 14, 100, 53, 62, 80, 17, 72, 0
56, 97, 20, 100, 49, 79, 64, 97, 95, 61, 100, 18, 53, 0, 0, 10, 9
4, 73, 53, 91, 100, 100, 47, 88, 20, 41, 72, 36, 52, 1, 0, 0, 5
19, 90, 4, 44, 24, 0, 75, 12, 100, 55, 82, 99, 30, 100, 0, 60, 0
100, 85, 66, 100, 36, 78, 50, 50, 90, 36, 87, 2, 44, 0, 0, 4, 5
7, 100, 0, 78, 5, 38, 63, 44, 100, 78, 91, 81, 87, 40, 86, 0, 4
0, 55, 20, 77, 53, 100, 73, 91, 93, 68, 100, 45, 93, 22, 47, 0, 1
24, 95, 3, 55, 28, 15, 74, 0, 100, 35, 84, 80, 41, 100, 0, 78, 0
0, 83, 38, 100, 70, 76, 65, 37, 50, 0, 33, 14, 56, 37, 100, 49, 7
60, 62, 92, 72, 100, 100, 30, 82, 0, 54, 73, 68, 73, 40, 51, 0, 9
23, 71, 61, 100, 70, 92, 52, 46, 41, 0, 0, 8, 50, 11, 100, 14, 1
0, 80, 47, 100, 100, 99, 82, 60, 50, 25, 23, 0, 33, 36, 89, 44, 7
55, 98, 85, 100, 90, 70, 62, 43, 27, 20, 0, 1, 50, 5, 100, 0, 2
20, 73, 39, 100, 55, 69, 32, 31, 0, 4, 22, 0, 61, 1, 100, 2, 2
13, 65, 0, 94, 38, 98, 78, 100, 100, 93, 83, 63, 67, 32, 57, 0, 7
54, 88, 100, 100, 85, 94, 38, 80, 59, 59, 83, 29, 47, 1, 0, 0, 5
2, 64, 31, 33, 47, 3, 0, 0, 3, 39, 8, 74, 54, 89, 100, 100, 5
30, 85, 9, 64, 38, 30, 7, 0, 0, 24, 14, 64, 51, 89, 100, 100, 5
15, 77, 27, 100, 90, 87, 88, 59, 52, 33, 0, 12, 23, 0, 100, 2, 2
100, 100, 74, 92, 44, 63, 19, 32, 22, 0, 67, 6, 38, 24, 0, 5, 6
40, 87, 87, 100, 100, 75, 59, 53, 88, 50, 91, 19, 48, 0, 0, 11, 3
34, 77, 77, 100, 100, 74, 75, 43, 40, 16, 0, 0, 0, 24, 79, 26, 7
65, 100, 46, 91, 2, 58, 0, 31, 66, 31, 100, 60, 49, 39, 20, 0, 4
41, 100, 26, 100, 0, 75, 6, 47, 55, 41, 100, 49, 70, 25, 79, 0, 4
0, 34, 35, 55, 68, 78, 100, 100, 92, 79, 75, 53, 62, 27, 61, 0, 1
84, 100, 45, 76, 0, 53, 0, 32, 86, 36, 100, 51, 66, 26, 52, 0, 4
0, 88, 39, 100, 97, 87, 84, 47, 67, 7, 38, 0, 33, 26, 100, 35, 7
9, 92, 0, 96, 47, 100, 93, 96, 100, 71, 76, 47, 51, 23, 27, 0, 7
28, 97, 2, 70, 47, 39, 61, 0, 24, 24, 0, 67, 39, 94, 100, 100, 5
54, 86, 88, 100, 100, 99, 64, 89, 36, 64, 50, 31, 32, 0, 0, 1, 5
69, 100, 86, 68, 98, 98, 32, 81, 100, 77, 98, 51, 82, 6, 0, 0, 9
88, 100, 42, 84, 69, 66, 100, 92, 92, 62, 83, 26, 49, 0, 0, 1, 9
0, 86, 42, 100, 82, 78, 64, 36, 34, 0, 11, 22, 47, 36, 100, 41, 7
100, 100, 21, 84, 41, 44, 79, 6, 0, 0, 33, 39, 80, 76, 49, 97, 8
31, 100, 0, 64, 1, 16, 43, 0, 83, 25, 100, 71, 65, 98, 20, 84, 0
20, 67, 45, 100, 17, 73, 0, 38, 62, 24, 100, 42, 78, 32, 50, 0, 4
33, 89, 19, 50, 35, 8, 78, 0, 100, 38, 85, 80, 45, 100, 0, 88, 0
11, 58, 65, 35, 67, 0, 4, 19, 41, 53, 100, 81, 57, 100, 0, 79, 8
23, 65, 43, 91, 59, 100, 47, 50, 36, 1, 0, 0, 50, 2, 100, 2, 1
29, 100, 19, 65, 54, 29, 21, 0, 0, 31, 12, 84, 54, 95, 100, 85, 5
50, 98, 10, 61, 0, 10, 49, 0, 95, 27, 100, 76, 52, 100, 2, 86, 0
0, 100, 62, 99, 100, 92, 66, 61, 43, 25, 21, 0, 11, 34, 73, 37, 7
88, 100, 38, 85, 18, 49, 19, 12, 65, 0, 100, 28, 53, 46, 0, 31, 6
52, 95, 0, 83, 42, 41, 81, 0, 1, 2, 44, 39, 100, 75, 50, 100, 8
0, 47, 19, 67, 54, 88, 79, 100, 79, 75, 86, 50, 93, 25, 100, 0, 1
97, 100, 61, 95, 34, 60, 25, 23, 65, 0, 100, 25, 53, 44, 0, 31, 6
54, 96, 23, 63, 0, 30, 15, 0, 74, 19, 99, 51, 100, 87, 47, 100, 0
21, 74, 4, 74, 2, 19, 63, 0, 100, 49, 71, 100, 10, 73, 0, 20, 0
85, 100, 68, 99, 19, 70, 0, 33, 27, 0, 100, 8, 87, 42, 19, 59, 6
46, 92, 73, 100, 100, 83, 66, 66, 73, 44, 75, 20, 37, 8, 0, 0, 3
92, 93, 73, 92, 12, 100, 0, 70, 49, 50, 100, 27, 65, 0, 5, 7, 5
65, 100, 36, 87, 0, 59, 87, 63, 100, 82, 75, 83, 51, 41, 29, 0, 4
46, 100, 31, 86, 5, 56, 0, 24, 35, 0, 91, 1, 100, 28, 47, 32, 6
19, 100, 35, 97, 20, 59, 0, 40, 65, 38, 94, 56, 95, 34, 100, 0, 4
37, 100, 10, 69, 0, 28, 35, 0, 84, 18, 100, 58, 79, 96, 27, 99, 0
0, 100, 75, 90, 59, 95, 15, 73, 40, 54, 100, 37, 69, 0, 9, 7, 5
7, 72, 1, 38, 31, 0, 82, 11, 100, 56, 76, 99, 26, 100, 0, 58, 0
88, 87, 0, 82, 3, 95, 97, 100, 100, 75, 91, 50, 91, 25, 100, 0, 9
70, 96, 20, 74, 0, 34, 28, 0, 80, 23, 100, 63, 82, 100, 26, 80, 0
0, 80, 35, 100, 50, 61, 33, 16, 10, 0, 18, 28, 59, 39, 100, 53, 7
32, 100, 0, 74, 0, 41, 58, 30, 95, 57, 100, 67, 81, 34, 80, 0, 4
77, 100, 0, 87, 36, 41, 60, 0, 6, 19, 70, 56, 100, 97, 12, 90, 8
0, 72, 54, 82, 96, 100, 100, 88, 85, 66, 69, 44, 54, 22, 42, 0, 1
40, 100, 70, 60, 90, 100, 31, 94, 84, 63, 100, 31, 52, 0, 0, 28, 9
0, 61, 14, 18, 63, 0, 100, 33, 89, 80, 45, 100, 14, 62, 18, 16, 0
11, 80, 37, 100, 83, 89, 50, 65, 100, 54, 97, 24, 54, 4, 0, 0, 3
0, 12, 24, 39, 52, 65, 81, 90, 100, 100, 78, 68, 56, 36, 45, 0, 1
52, 100, 15, 86, 1, 53, 0, 20, 45, 0, 100, 6, 64, 18, 12, 8, 6
2, 100, 0, 55, 15, 16, 53, 0, 89, 18, 100, 59, 74, 91, 36, 79, 0
39, 96, 79, 100, 93, 79, 67, 57, 100, 38, 88, 13, 46, 0, 0, 2, 3
14, 73, 0, 51, 9, 12, 54, 0, 92, 27, 100, 67, 74, 100, 27, 95, 0
37, 93, 94, 100, 73, 95, 30, 75, 39, 41, 100, 29, 63, 4, 0, 0, 5
45, 100, 30, 79, 0, 47, 8, 41, 68, 38, 100, 52, 96, 35, 91, 0, 4
0, 89, 32, 100, 70, 97, 73, 70, 67, 43, 100, 27, 90, 5, 52, 0, 3
53, 100, 34, 59, 0, 22, 62, 24, 100, 43, 75, 82, 75, 42, 75, 0, 4
55, 50, 100, 74, 76, 100, 7, 90, 0, 64, 72, 55, 97, 32, 83, 0, 9
0, 98, 76, 100, 84, 77, 58, 39, 37, 0, 15, 17, 23, 43, 100, 43, 7
7, 82, 69, 100, 100, 73, 55, 37, 15, 0, 74, 0, 34, 38, 0, 72, 8
100, 100, 57, 85, 26, 62, 2, 36, 0, 7, 44, 0, 70, 20, 24, 22, 6
0, 78, 34, 96, 87, 100, 100, 82, 59, 63, 67, 39, 55, 15, 11, 0, 3
93, 75, 80, 100, 0, 74, 51, 38, 96, 4, 6, 0, 32, 43, 100, 79, 8
75, 100, 0, 88, 54, 58, 100, 24, 44, 0, 2, 29, 41, 65, 22, 96, 8
100, 100, 82, 92, 46, 70, 16, 44, 0, 15, 36, 0, 60, 20, 12, 32, 6
36, 98, 8, 67, 0, 21, 40, 0, 85, 29, 100, 72, 59, 100, 15, 75, 0
13, 77, 21, 58, 46, 25, 11, 0, 0, 42, 2, 88, 49, 98, 100, 100, 5
0, 85, 34, 100, 100, 94, 82, 45, 49, 0, 11, 3, 29, 31, 96, 31, 7
26, 100, 11, 80, 0, 46, 69, 33, 100, 52, 88, 66, 55, 33, 20, 0, 4
100, 87, 52, 100, 13, 75, 65, 62, 96, 76, 84, 41, 60, 7, 0, 0, 9
0, 80, 25, 100, 56, 97, 61, 61, 40, 29, 38, 0, 69, 0, 100, 4, 2
0, 81, 44, 100, 100, 86, 79, 45, 49, 5, 29, 0, 26, 34, 90, 32, 7
66, 100, 39, 86, 11, 64, 36, 45, 100, 57, 66, 45, 32, 23, 0, 0, 4
13, 100, 18, 72, 100, 85, 18, 95, 12, 75, 98, 67, 64, 30, 0, 0, 9
85, 100, 67, 82, 32, 50, 0, 30, 51, 35, 100, 39, 82, 35, 55, 0, 4
23, 67, 43, 100, 73, 85, 68, 49, 41, 17, 0, 0, 49, 4, 100, 6, 2
37, 90, 5, 60, 12, 15, 60, 0, 98, 32, 100, 76, 55, 100, 0, 90, 0
40, 79, 45, 55, 69, 19, 15, 0, 13, 36, 67, 68, 100, 100, 0, 99, 8
0, 40, 30, 55, 56, 77, 82, 100, 100, 91, 89, 60, 76, 30, 74, 0, 1
100, 100, 33, 91, 44, 60, 84, 29, 46, 0, 0, 14, 39, 46, 87, 75, 8
91, 70, 83, 100, 15, 98, 40, 70, 100, 72, 100, 37, 70, 7, 0, 0, 9
49, 90, 32, 57, 61, 23, 5, 0, 0, 35, 9, 79, 34, 100, 100, 99, 5
61, 100, 0, 70, 54, 38, 100, 5, 13, 0, 34, 36, 87, 71, 36, 84, 8
0, 100, 54, 93, 57, 77, 57, 61, 61, 46, 61, 30, 68, 14, 100, 0, 1
12, 62, 0, 58, 7, 11, 59, 0, 100, 29, 92, 76, 47, 100, 8, 69, 0
100, 98, 67, 100, 48, 84, 38, 68, 27, 51, 19, 33, 9, 16, 0, 0, 1
41, 100, 11, 70, 0, 26, 33, 0, 76, 17, 100, 55, 88, 97, 43, 91, 0
0, 87, 31, 100, 59, 74, 57, 33, 44, 0, 27, 37, 57, 47, 100, 49, 7
78, 100, 32, 74, 0, 43, 74, 36, 100, 56, 88, 64, 60, 32, 38, 0, 4
26, 68, 0, 32, 32, 0, 77, 1, 100, 41, 79, 87, 36, 100, 6, 65, 0
0, 62, 53, 80, 100, 100, 83, 91, 63, 68, 47, 46, 33, 22, 33, 0, 1
26, 66, 13, 37, 32, 0, 80, 5, 100, 42, 82, 81, 38, 100, 0, 76, 0
0, 67, 9, 99, 44, 100, 55, 72, 28, 47, 32, 17, 65, 4, 100, 0, 2
76, 100, 29, 95, 51, 70, 100, 85, 100, 59, 96, 15, 50, 0, 0, 15, 9
59, 100, 25, 75, 0, 42, 6, 6, 61, 0, 100, 25, 54, 33, 25, 6, 6
17, 69, 0, 27, 42, 0, 92, 13, 100, 58, 63, 95, 11, 100, 0, 62, 0
0, 88, 39, 100, 79, 89, 76, 62, 55, 36, 27, 15, 54, 3, 100, 0, 2
54, 88, 100, 100, 83, 96, 44, 74, 59, 58, 75, 29, 44, 0, 0, 3, 5
0, 86, 48, 100, 92, 75, 84, 22, 46, 0, 2, 29, 49, 49, 100, 62, 7
45, 100, 0, 93, 33, 74, 53, 80, 70, 45, 100, 15, 63, 0, 10, 2, 9
0, 100, 48, 97, 100, 84, 86, 43, 76, 2, 98, 0, 95, 30, 40, 43, 7
100, 100, 66, 98, 29, 67, 4, 31, 19, 0, 68, 12, 49, 35, 0, 21, 6
28, 83, 66, 100, 100, 86, 81, 60, 94, 43, 96, 18, 54, 0, 0, 2, 3
65, 94, 23, 100, 25, 67, 74, 75, 74, 50, 100, 15, 58, 0, 0, 14, 9
0, 96, 47, 95, 100, 100, 71, 73, 52, 37, 41, 0, 26, 20, 52, 33, 7
0, 87, 30, 100, 67, 91, 58, 43, 38, 0, 30, 24, 57, 46, 100, 49, 7
1, 94, 0, 89, 49, 90, 100, 100, 99, 85, 79, 56, 63, 25, 54, 0, 7
22, 99, 32, 74, 100, 93, 15, 100, 42, 83, 100, 69, 55, 33, 0, 0, 9
53, 64, 100, 88, 52, 100, 29, 66, 60, 27, 30, 0, 0, 24, 46, 53, 8
52, 100, 16, 70, 0, 35, 3, 0, 66, 10, 100, 41, 98, 77, 51, 93, 0
54, 93, 100, 90, 38, 70, 63, 100, 100, 63, 96, 21, 35, 0, 0, 34, 9
25, 100, 6, 70, 0, 38, 56, 34, 97, 53, 100, 70, 90, 35, 84, 0, 4
40, 88, 100, 100, 38, 91, 0, 64, 41, 52, 96, 38, 62, 11, 0, 0, 5
32, 87, 12, 69, 0, 30, 31, 0, 82, 8, 100, 46, 76, 81, 29, 100, 0
100, 78, 70, 100, 38, 76, 83, 75, 86, 59, 83, 27, 58, 0, 0, 11, 9
100, 100, 60, 82, 33, 58, 14, 31, 11, 3, 50, 0, 46, 19, 0, 8, 6
34, 96, 46, 53, 36, 12, 0, 0, 2, 47, 28, 77, 63, 92, 100, 100, 5
19, 82, 16, 48, 45, 18, 11, 0, 0, 44, 18, 84, 58, 100, 100, 95, 5
0, 86, 35, 67, 98, 33, 81, 0, 24, 22, 74, 60, 100, 100, 15, 99, 8
93, 100, 42, 82, 12, 55, 0, 25, 33, 0, 100, 4, 75, 24, 13, 12, 6
100, 100, 51, 81, 16, 56, 3, 27, 24, 0, 79, 3, 58, 29, 0, 38, 6
26, 93, 0, 54, 16, 2, 62, 0, 100, 34, 85, 86, 40, 100, 6, 65, 0
86, 100, 47, 81, 14, 55, 0, 27, 22, 0, 88, 0, 100, 26, 34, 28, 6
25, 88, 8, 68, 0, 27, 39, 0, 87, 15, 100, 56, 73, 89, 20, 100, 0
17, 100, 0, 65, 8, 23, 53, 0, 100, 22, 96, 63, 56, 94, 8, 80, 0
34, 95, 0, 62, 42, 32, 47, 0, 7, 8, 13, 70, 51, 100, 100, 96, 5
34, 79, 69, 100, 60, 75, 41, 26, 13, 0, 0, 8, 50, 7, 100, 5, 1
15, 95, 0, 55, 2, 15, 48, 0, 92, 28, 100, 68, 63, 100, 6, 98, 0
38, 42, 96, 71, 100, 100, 32, 77, 43, 38, 62, 0, 0, 5, 49, 39, 8
25, 100, 22, 71, 0, 51, 52, 52, 77, 65, 95, 70, 100, 32, 90, 0, 4
0, 82, 31, 100, 47, 68, 36, 34, 8, 5, 12, 20, 60, 18, 100, 0, 2
30, 85, 68, 100, 54, 78, 60, 65, 100, 46, 85, 15, 38, 0, 0, 16, 3
20, 96, 18, 65, 53, 30, 27, 0, 0, 32, 0, 75, 44, 100, 100, 96, 5
23, 95, 0, 60, 3, 21, 42, 0, 84, 16, 100, 53, 74, 85, 30, 100, 0
2, 61, 5, 79, 0, 33, 38, 0, 91, 20, 100, 65, 63, 100, 17, 74, 0
14, 52, 0, 56, 36, 78, 74, 100, 100, 96, 79, 64, 58, 32, 39, 0, 1
16, 74, 0, 28, 37, 0, 81, 23, 100, 68, 65, 100, 18, 88, 0, 45, 0
83, 100, 50, 85, 18, 52, 10, 14, 59, 0, 100, 24, 51, 36, 0, 18, 6
0, 64, 24, 78, 100, 100, 76, 96, 41, 72, 12, 47, 6, 23, 35, 0, 1
28, 90, 58, 100, 97, 80, 69, 52, 86, 36, 100, 9, 51, 0, 0, 5, 3
0, 80, 35, 100, 69, 78, 49, 41, 10, 15, 5, 27, 53, 15, 100, 0, 2
0, 69, 2, 99, 41, 100, 56, 72, 35, 42, 23, 11, 60, 0, 100, 1, 2
44, 100, 14, 65, 0, 25, 29, 0, 72, 17, 100, 51, 87, 89, 42, 86, 0
9, 67, 32, 100, 58, 79, 43, 42, 17, 8, 0, 0, 49, 12, 100, 1, 2
49, 100, 25, 78, 0, 40, 10, 2, 76, 0, 100, 30, 40, 39, 24, 11, 6
59, 100, 10, 71, 99, 78, 31, 96, 0, 45, 41, 0, 100, 35, 23, 61, 8
0, 93, 33, 100, 74, 83, 84, 43, 79, 1, 59, 0, 51, 24, 100, 29, 7
29, 83, 61, 100, 100, 97, 79, 75, 58, 49, 61, 19, 38, 0, 0, 5, 3
98, 64, 52, 70, 12, 89, 68, 100, 100, 76, 86, 45, 48, 20, 0, 0, 9
85, 100, 49, 87, 12, 57, 0, 22, 45, 0, 100, 15, 78, 47, 18, 59, 6
100, 100, 64, 86, 28, 57, 3, 24, 29, 0, 80, 15, 50, 34, 0, 18, 6
100, 92, 55, 100, 33, 70, 77, 69, 78, 66, 83, 21, 46, 0, 0, 9, 9
0, 23, 27, 45, 56, 68, 83, 94, 100, 100, 87, 66, 75, 33, 66, 0, 1
47, 85, 18, 62, 5, 20, 47, 0, 100, 24, 99, 66, 59, 98, 0, 100, 0
75, 100, 26, 84, 0, 42, 13, 0, 69, 7, 100, 46, 84, 89, 33, 85, 0
13, 87, 11, 100, 59, 95, 32, 65, 81, 56, 100, 29, 56, 8, 0, 0, 3
41, 86, 80, 100, 93, 78, 50, 58, 94, 44, 100, 14, 53, 0, 0, 4, 3
43, 100, 30, 82, 5, 53, 0, 27, 52, 39, 100, 57, 83, 29, 72, 0, 4
15, 87, 55, 100, 100, 99, 84, 77, 52, 57, 63, 33, 41, 10, 0, 0, 3
100, 98, 60, 100, 24, 87, 3, 58, 35, 51, 58, 26, 36, 0, 0, 5, 5
70, 100, 100, 97, 70, 81, 45, 65, 30, 49, 20, 33, 0, 16, 0, 0, 1
40, 100, 0, 81, 15, 58, 100, 57, 47, 87, 50, 88, 40, 42, 36, 0, 4
92, 95, 30, 100, 34, 68, 87, 89, 84, 78, 100, 35, 64, 0, 0, 19, 9
34, 89, 3, 70, 1, 25, 49, 0, 100, 23, 100, 67, 56, 99, 0, 100, 0
42, 93, 19, 88, 0, 42, 24, 0, 83, 11, 100, 56, 75, 100, 17, 97, 0
32, 92, 24, 47, 71, 36, 38, 0, 0, 0, 21, 48, 49, 92, 100, 100, 5
79, 90, 100, 93, 63, 100, 82, 84, 99, 61, 87, 22, 44, 0, 0, 19, 9
5, 70, 56, 44, 60, 3, 0, 0, 30, 39, 84, 72, 100, 100, 32, 74, 8
22, 72, 55, 100, 54, 89, 53, 50, 55, 12, 0, 1, 49, 0, 100, 4, 1
100, 98, 71, 100, 42, 88, 35, 55, 59, 41, 61, 16, 31, 3, 0, 0, 5
0, 67, 25, 100, 49, 73, 36, 33, 6, 0, 1, 6, 53, 3, 100, 11, 2
0, 98, 75, 100, 84, 65, 54, 31, 26, 0, 100, 21, 96, 39, 6, 41, 7
8, 100, 67, 99, 72, 65, 55, 31, 32, 0, 0, 26, 36, 47, 100, 52, 7
19, 76, 53, 100, 92, 81, 73, 40, 33, 13, 0, 0, 49, 5, 100, 6, 2
0, 79, 27, 93, 60, 100, 77, 80, 72, 54, 64, 28, 66, 4, 100, 0, 2
12, 100, 10, 90, 0, 56, 58, 43, 100, 65, 97, 70, 91, 35, 90, 0, 4
0, 87, 18, 95, 89, 100, 100, 79, 64, 41, 38, 0, 1, 10, 52, 24, 7
87, 74, 63, 100, 46, 71, 87, 82, 100, 54, 88, 17, 40, 1, 0, 0, 9
0, 69, 47, 81, 88, 100, 100, 91, 91, 68, 76, 45, 71, 22, 68, 0, 1
87, 100, 49, 77, 19, 52, 0, 24, 25, 0, 83, 2, 100, 25, 45, 31, 6
0, 94, 60, 100, 98, 75, 93, 40, 76, 6, 48, 0, 34, 23, 100, 24, 7
19, 78, 40, 100, 54, 75, 31, 45, 0, 19, 26, 9, 62, 0, 100, 13, 2
12, 87, 0, 77, 35, 97, 100, 100, 98, 78, 81, 43, 73, 6, 72, 0, 7
13, 91, 18, 54, 66, 40, 37, 0, 5, 29, 0, 81, 44, 99, 100, 100, 5
25, 100, 16, 73, 0, 44, 57, 40, 100, 54, 88, 58, 65, 29, 51, 0, 4
73, 100, 23, 90, 70, 82, 77, 95, 91, 60, 100, 24, 60, 0, 0, 2, 9
2, 88, 37, 76, 87, 100, 0, 93, 48, 81, 95, 70, 87, 34, 100, 0, 9
17, 82, 50, 100, 86, 86, 56, 57, 97, 46, 100, 17, 51, 0, 0, 6, 3
100, 100, 83, 96, 67, 80, 50, 64, 37, 48, 20, 32, 7, 16, 0, 0, 1
24, 100, 31, 56, 45, 16, 16, 0, 0, 43, 15, 81, 57, 87, 100, 88, 5
0, 62, 47, 88, 67, 100, 63, 65, 59, 29, 46, 2, 34, 0, 100, 0, 1
77, 93, 35, 77, 83, 37, 72, 0, 0, 18, 37, 60, 100, 94, 75, 100, 8
84, 100, 55, 81, 32, 58, 20, 33, 30, 9, 100, 6, 52, 13, 0, 0, 6
99, 89, 26, 100, 27, 68, 83, 32, 40, 0, 0, 27, 63, 61, 100, 91, 8
81, 80, 53, 100, 43, 73, 87, 88, 100, 59, 88, 16, 46, 0, 0, 0, 9
31, 100, 2, 56, 12, 3, 60, 0, 100, 35, 91, 85, 42, 90, 0, 60, 0
0, 75, 15, 100, 47, 91, 41, 64, 27, 38, 16, 11, 53, 1, 100, 0, 2
12, 98, 56, 100, 54, 67, 33, 33, 10, 0, 0, 34, 39, 44, 100, 44, 7
0, 54, 53, 37, 52, 0, 22, 6, 57, 39, 92, 72, 100, 100, 48, 77, 8
0, 51, 25, 69, 65, 88, 100, 100, 82, 76, 65, 50, 55, 26, 51, 0, 1
0, 91, 59, 100, 85, 94, 54, 53, 37, 7, 21, 0, 34, 35, 100, 42, 7
19, 86, 0, 47, 5, 4, 50, 0, 90, 29, 100, 70, 68, 100, 35, 75, 0
19, 92, 38, 100, 59, 68, 44, 31, 18, 0, 0, 35, 50, 39, 100, 45, 7
13, 78, 77, 78, 74, 100, 0, 89, 49, 78, 99, 71, 91, 35, 100, 0, 9
0, 95, 62, 100, 98, 78, 70, 37, 50, 0, 100, 27, 88, 46, 26, 48, 7
100, 100, 72, 86, 52, 71, 34, 57, 17, 43, 7, 29, 0, 14, 0, 0, 1
100, 100, 60, 99, 27, 83, 15, 52, 47, 44, 76, 26, 42, 7, 0, 0, 5
39, 100, 31, 68, 0, 39, 56, 41, 100, 50, 95, 61, 92, 29, 92, 0, 4
0, 65, 39, 96, 45, 100, 48, 64, 56, 28, 20, 2, 12, 0, 100, 3, 1
65, 95, 100, 100, 45, 82, 47, 73, 94, 59, 87, 25, 39, 0, 0, 8, 5
0, 73, 4, 69, 22, 95, 93, 100, 100, 83, 82, 45, 67, 8, 76, 0, 7
32, 90, 21, 41, 46, 0, 91, 17, 100, 66, 64, 100, 15, 88, 0, 42, 0
0, 97, 51, 100, 82, 86, 84, 65, 90, 45, 100, 25, 82, 8, 35, 0, 3
27, 60, 44, 100, 42, 90, 44, 45, 47, 3, 0, 0, 50, 2, 100, 6, 1
42, 100, 19, 80, 0, 47, 46, 36, 100, 45, 100, 71, 94, 36, 87, 0, 4
54, 89, 100, 100, 68, 98, 25, 71, 68, 66, 81, 29, 46, 0, 0, 11, 5
2, 75, 28, 100, 66, 95, 48, 65, 22, 37, 0, 7, 47, 0, 100, 1, 2
14, 83, 0, 74, 8, 94, 62, 100, 100, 97, 75, 63, 61, 26, 56, 0, 7
44, 95, 23, 49, 22, 0, 68, 4, 100, 45, 100, 94, 47, 100, 0, 75, 0
25, 81, 61, 100, 85, 77, 57, 53, 100, 42, 93, 7, 36, 0, 0, 22, 3
0, 61, 0, 85, 39, 99, 100, 100, 79, 76, 57, 51, 38, 25, 33, 0, 7
46, 100, 18, 76, 0, 32, 29, 0, 77, 18, 100, 59, 75, 98, 23, 96, 0
8, 73, 22, 100, 34, 65, 26, 29, 0, 2, 16, 0, 58, 3, 100, 6, 2
9, 100, 59, 67, 85, 33, 41, 0, 0, 21, 44, 54, 100, 87, 29, 98, 8
75, 82, 28, 100, 0, 67, 77, 36, 100, 0, 16, 15, 40, 55, 84, 92, 8
100, 100, 55, 89, 21, 59, 0, 27, 29, 0, 88, 11, 70, 39, 4, 37, 6
6, 100, 1, 53, 61, 48, 44, 0, 5, 16, 0, 70, 41, 98, 100, 97, 5
0, 87, 44, 100, 84, 87, 53, 59, 53, 41, 100, 26, 69, 5, 18, 0, 3
74, 100, 0, 96, 2, 68, 74, 81, 60, 70, 86, 37, 100, 6, 21, 0, 9
8, 68, 33, 100, 52, 79, 31, 42, 0, 14, 24, 0, 64, 1, 100, 19, 2
83, 68, 58, 100, 5, 82, 45, 59, 88, 76, 100, 31, 63, 0, 0, 4, 9
0, 84, 48, 100, 83, 79, 69, 38, 47, 0, 14, 19, 46, 40, 100, 46, 7
94, 88, 77, 100, 31, 73, 0, 44, 6, 13, 69, 0, 100, 23, 20, 30, 6
71, 63, 88, 100, 14, 97, 0, 58, 76, 60, 100, 77, 60, 39, 23, 0, 9
100, 100, 52, 85, 20, 55, 2, 22, 37, 0, 80, 24, 46, 47, 0, 26, 6
25, 77, 43, 100, 82, 84, 65, 58, 97, 41, 100, 16, 53, 5, 0, 0, 3
17, 100, 18, 55, 64, 42, 40, 0, 12, 27, 0, 75, 45, 95, 100, 99, 5
42, 77, 50, 88, 8, 48, 0, 1, 63, 0, 98, 43, 100, 91, 38, 100, 0
19, 100, 0, 65, 49, 36, 33, 0, 1, 14, 4, 67, 41, 94, 100, 97, 5
100, 100, 62, 87, 21, 59, 0, 27, 30, 0, 95, 9, 73, 34, 5, 30, 6
12, 78, 40, 100, 44, 98, 44, 58, 44, 19, 0, 0, 44, 4, 100, 6, 1
50, 100, 15, 82, 0, 51, 72, 45, 100, 61, 64, 73, 49, 36, 43, 0, 4
19, 85, 20, 39, 44, 0, 86, 18, 100, 62, 73, 100, 26, 97, 0, 60, 0
24, 100, 24, 99, 0, 64, 38, 41, 99, 39, 100, 78, 89, 39, 85, 0, 4
88, 90, 14, 100, 35, 70, 100, 38, 79, 0, 0, 11, 40, 51, 88, 89, 8
0, 51, 37, 81, 47, 100, 37, 66, 33, 32, 4, 3, 18, 0, 100, 3, 1
0, 65, 40, 83, 100, 100, 96, 80, 80, 60, 56, 40, 28, 20, 12, 0, 1
20, 66, 34, 100, 41, 74, 29, 32, 0, 0, 8, 0, 54, 4, 100, 11, 1
53, 80, 38, 100, 0, 77, 66, 72, 70, 67, 100, 30, 68, 3, 2, 0, 9
59, 100, 24, 90, 0, 58, 97, 49, 100, 78, 82, 78, 65, 38, 53, 0, 4
45, 100, 10, 75, 0, 47, 60, 38, 100, 54, 97, 59, 79, 29, 69, 0, 4
100, 100, 48, 88, 14, 59, 0, 28, 27, 0, 92, 8, 69, 29, 2, 18, 6
19, 65, 24, 100, 46, 81, 27, 45, 0, 12, 10, 1, 56, 0, 100, 4, 2
17, 94, 5, 57, 52, 30, 16, 0, 0, 28, 5, 72, 39, 98, 100, 100, 5
11, 82, 0, 40, 15, 0, 71, 11, 100, 47, 96, 88, 42, 100, 7, 67, 0
0, 72, 33, 92, 73, 100, 69, 72, 48, 46, 30, 19, 55, 0, 100, 0, 2
45, 99, 57, 70, 100, 33, 74, 0, 0, 22, 28, 59, 81, 94, 40, 100, 8
0, 93, 79, 100, 100, 68, 68, 34, 26, 0, 19, 10, 9, 44, 94, 42, 7
0, 66, 15, 91, 64, 100, 70, 76, 49, 51, 32, 24, 45, 1, 100, 0, 2
51, 87, 78, 100, 95, 79, 99, 50, 100, 22, 71, 6, 35, 1, 0, 0, 3
30, 84, 43, 61, 100, 38, 64, 4, 0, 0, 6, 47, 25, 88, 90, 100, 5
47, 100, 5, 78, 0, 46, 74, 47, 100, 79, 74, 64, 38, 32, 3, 0, 4
20, 87, 60, 100, 100, 94, 75, 68, 83, 40, 87, 12, 46, 0, 0, 1, 3
39, 97, 17, 63, 65, 49, 45, 0, 0, 5, 14, 60, 42, 100, 100, 98, 5
52, 87, 78, 100, 100, 84, 77, 59, 96, 37, 82, 13, 42, 3, 0, 0, 3
100, 100, 62, 85, 30, 61, 7, 32, 0, 0, 40, 0, 34, 25, 1, 11, 6
0, 88, 34, 99, 70, 100, 68, 71, 46, 43, 33, 11, 64, 0, 100, 5, 2
55, 75, 33, 100, 0, 77, 46, 69, 85, 74, 100, 40, 85, 10, 35, 0, 9
17, 73, 41, 100, 55, 73, 32, 39, 0, 12, 13, 4, 58, 0, 100, 8, 2
100, 92, 61, 100, 31, 80, 20, 42, 58, 44, 73, 20, 38, 1, 0, 0, 5
50, 100, 19, 86, 0, 71, 11, 55, 43, 42, 80, 31, 100, 16, 89, 0, 4
72, 100, 23, 84, 64, 44, 64, 0, 0, 11, 41, 49, 100, 80, 58, 99, 8
0, 95, 45, 100, 92, 99, 70, 63, 52, 25, 38, 0, 51, 33, 100, 37, 7
11, 87, 46, 100, 74, 88, 55, 61, 100, 49, 89, 21, 50, 2, 0, 0, 3
10, 100, 0, 58, 10, 17, 60, 0, 100, 32, 94, 73, 46, 97, 0, 74, 0
20, 100, 42, 87, 29, 67, 13, 48, 0, 28, 13, 9, 55, 2, 100, 0, 2
2, 60, 0, 18, 33, 0, 73, 19, 100, 53, 98, 92, 54, 100, 14, 83, 0
76, 91, 100, 85, 69, 100, 76, 82, 100, 55, 89, 14, 41, 0, 0, 21, 9
13, 78, 41, 100, 77, 83, 35, 56, 79, 50, 100, 19, 52, 0, 0, 11, 3
100, 100, 89, 91, 68, 76, 53, 61, 32, 46, 21, 30, 11, 15, 0, 0, 1
27, 93, 7, 49, 15, 0, 66, 1, 100, 41, 91, 87, 39, 100, 0, 68, 0
0, 87, 53, 100, 87, 71, 73, 32, 38, 0, 2, 26, 35, 47, 100, 53, 7
21, 100, 48, 66, 83, 32, 48, 0, 36, 29, 86, 62, 100, 95, 0, 95, 8
100, 93, 76, 100, 41, 98, 39, 77, 67, 61, 56, 35, 29, 16, 0, 0, 5
0, 98, 35, 100, 75, 75, 63, 43, 47, 10, 28, 0, 19, 19, 100, 30, 7
71, 95, 37, 79, 0, 47, 90, 47, 100, 68, 75, 100, 63, 50, 66, 0, 4
16, 72, 46, 100, 85, 97, 72, 60, 100, 46, 86, 13, 43, 0, 0, 9, 3
21, 62, 45, 100, 45, 96, 49, 53, 51, 11, 0, 0, 56, 5, 100, 0, 1
81, 87, 37, 100, 9, 73, 74, 74, 78, 71, 100, 32, 68, 3, 0, 0, 9
29, 90, 77, 100, 92, 80, 44, 59, 64, 45, 100, 19, 53, 2, 0, 0, 3
40, 94, 0, 51, 6, 0, 71, 5, 100, 52, 77, 100, 18, 82, 6, 32, 0
99, 88, 48, 100, 32, 70, 85, 86, 88, 68, 100, 27, 60, 0, 0, 4, 9
48, 88, 82, 100, 100, 77, 67, 55, 99, 35, 93, 11, 47, 1, 0, 0, 3
33, 76, 41, 100, 57, 71, 34, 37, 0, 14, 25, 16, 65, 0, 100, 17, 2
0, 73, 27, 97, 90, 100, 86, 73, 66, 49, 100, 25, 68, 0, 31, 9, 3
93, 55, 78, 100, 28, 94, 49, 67, 93, 75, 100, 29, 60, 2, 0, 0, 9
24, 80, 0, 45, 16, 0, 79, 13, 100, 58, 75, 100, 16, 74, 12, 28, 0
31, 100, 0, 69, 0, 27, 37, 0, 87, 11, 100, 51, 71, 85, 23, 85, 0
16, 81, 48, 100, 75, 80, 36, 62, 89, 49, 100, 19, 53, 0, 0, 3, 3
100, 100, 58, 82, 26, 53, 6, 21, 38, 0, 88, 15, 57, 36, 0, 29, 6
15, 97, 66, 100, 72, 64, 54, 20, 34, 0, 0, 37, 52, 40, 100, 45, 7
33, 75, 51, 100, 63, 71, 36, 31, 0, 0, 4, 16, 52, 15, 100, 17, 2
0, 94, 6, 100, 44, 100, 39, 63, 19, 29, 24, 0, 63, 5, 100, 17, 2
0, 40, 35, 58, 67, 80, 100, 100, 86, 78, 68, 52, 49, 27, 38, 0, 1
0, 78, 19, 95, 58, 100, 92, 89, 100, 67, 92, 44, 81, 21, 67, 0, 9
36, 100, 31, 82, 0, 50, 20, 26, 85, 39, 100, 63, 69, 32, 43, 0, 4
46, 69, 93, 73, 81, 100, 55, 81, 100, 62, 93, 22, 48, 7, 0, 0, 9
21, 57, 43, 100, 44, 79, 36, 30, 0, 2, 5, 3, 53, 1, 100, 0, 1
0, 93, 42, 100, 67, 55, 52, 0, 10, 2, 11, 27, 55, 36, 100, 39, 7
100, 100, 55, 93, 20, 71, 0, 43, 4, 11, 45, 0, 68, 24, 33, 42, 6
39, 51, 76, 82, 100, 100, 71, 65, 44, 31, 0, 1, 29, 0, 97, 2, 1
100, 60, 82, 100, 22, 89, 33, 44, 47, 0, 0, 1, 26, 42, 93, 62, 8
2, 66, 0, 30, 18, 0, 58, 6, 88, 32, 100, 65, 83, 95, 43, 100, 0
0, 96, 49, 100, 77, 76, 62, 38, 51, 0, 2, 2, 25, 14, 100, 23, 7
4, 67, 0, 35, 17, 0, 61, 12, 93, 43, 100, 83, 61, 100, 21, 83, 0
30, 100, 0, 65, 0, 20, 41, 0, 85, 12, 100, 54, 77, 93, 33, 99, 0
42, 93, 5, 61, 93, 54, 100, 14, 21, 0, 0, 41, 14, 83, 97, 100, 5
50, 100, 27, 77, 0, 45, 41, 30, 100, 40, 84, 67, 63, 33, 46, 0, 4
32, 100, 0, 70, 9, 39, 68, 37, 100, 59, 86, 67, 82, 33, 91, 0, 4
0, 90, 43, 100, 87, 86, 69, 46, 47, 7, 66, 0, 100, 30, 45, 28, 7
25, 92, 29, 62, 86, 43, 56, 3, 0, 0, 8, 53, 38, 94, 100, 100, 5
87, 94, 47, 82, 96, 43, 82, 0, 0, 4, 29, 43, 100, 74, 97, 100, 8
52, 100, 18, 79, 0, 35, 23, 0, 72, 18, 100, 57, 72, 92, 21, 85, 0
0, 53, 29, 81, 49, 100, 44, 66, 40, 31, 25, 0, 54, 5, 100, 6, 1
49, 100, 5, 84, 0, 48, 100, 45, 80, 79, 43, 89, 38, 45, 37, 0, 4
74, 100, 49, 87, 12, 56, 0, 23, 44, 0, 100, 17, 42, 34, 2, 20, 6
11, 80, 0, 34, 31, 0, 77, 17, 100, 60, 72, 100, 24, 94, 3, 51, 0
73, 90, 0, 100, 2, 65, 57, 30, 20, 0, 2, 34, 59, 69, 100, 98, 8
100, 100, 52, 82, 15, 54, 0, 21, 44, 0, 96, 17, 66, 43, 7, 30, 6
100, 100, 68, 92, 35, 67, 7, 35, 0, 0, 43, 2, 50, 26, 9, 11, 6
99, 69, 77, 100, 51, 72, 88, 79, 100, 59, 84, 15, 38, 0, 0, 7, 9
47, 82, 17, 73, 0, 34, 25, 0, 71, 9, 100, 44, 97, 85, 55, 100, 0
100, 91, 0, 91, 41, 60, 92, 25, 20, 0, 0, 29, 55, 64, 88, 100, 8
45, 99, 9, 100, 0, 75, 36, 56, 100, 63, 98, 49, 80, 25, 82, 0, 4
0, 50, 45, 74, 84, 100, 73, 68, 63, 34, 34, 7, 32, 3, 100, 0, 1
100, 100, 65, 80, 38, 56, 15, 29, 8, 0, 48, 8, 36, 27, 0, 13, 6
71, 100, 37, 74, 0, 45, 17, 29, 95, 29, 100, 50, 91, 33, 89, 0, 4
25, 100, 0, 63, 2, 17, 43, 0, 86, 10, 100, 52, 74, 90, 32, 97, 0
0, 4, 29, 27, 55, 56, 79, 85, 100, 100, 84, 67, 69, 34, 62, 0, 1
62, 100, 12, 72, 0, 43, 100, 45, 89, 69, 53, 88, 54, 43, 52, 0, 4
33, 100, 14, 97, 0, 80, 9, 61, 39, 48, 74, 36, 92, 18, 100, 0, 4
100, 100, 45, 87, 12, 59, 0, 26, 27, 0, 87, 8, 87, 37, 27, 31, 6
100, 79, 59, 100, 17, 73, 0, 35, 22, 0, 76, 5, 59, 34, 19, 16, 6
88, 100, 38, 82, 63, 53, 100, 82, 98, 67, 95, 31, 67, 0, 0, 8, 9
25, 92, 13, 64, 52, 30, 8, 0, 0, 34, 46, 68, 100, 100, 10, 89, 8
0, 80, 31, 100, 70, 90, 53, 62, 27, 37, 7, 10, 48, 0, 100, 1, 2
7, 77, 43, 100, 59, 77, 36, 41, 3, 10, 0, 0, 54, 0, 100, 20, 2
38, 85, 73, 100, 90, 77, 52, 56, 100, 49, 95, 18, 50, 0, 0, 11, 3
94, 91, 32, 81, 100, 44, 91, 0, 8, 18, 45, 60, 98, 100, 0, 100, 8
65, 87, 100, 100, 73, 87, 37, 74, 64, 58, 67, 21, 36, 0, 0, 12, 5
23, 81, 61, 100, 92, 91, 58, 62, 81, 39, 100, 17, 51, 4, 0, 0, 3
100, 86, 67, 100, 24, 80, 0, 50, 0, 16, 41, 0, 63, 24, 18, 35, 6
24, 91, 22, 61, 38, 25, 1, 0, 0, 39, 0, 78, 46, 95, 100, 100, 5
38, 85, 60, 100, 58, 72, 33, 45, 0, 24, 15, 10, 58, 0, 100, 10, 2
30, 100, 10, 85, 0, 66, 0, 48, 27, 34, 65, 28, 96, 18, 100, 0, 4
45, 96, 0, 68, 48, 62, 52, 12, 6, 0, 20, 54, 45, 100, 100, 99, 5
44, 100, 2, 69, 0, 38, 71, 39, 100, 50, 60, 74, 56, 37, 58, 0, 4
46, 100, 6, 79, 0, 48, 67, 43, 100, 73, 77, 61, 45, 31, 19, 0, 4
50, 67, 75, 100, 67, 81, 56, 40, 43, 2, 0, 0, 57, 2, 100, 4, 1
51, 88, 58, 54, 87, 20, 66, 0, 25, 30, 0, 63, 31, 94, 100, 100, 5
0, 78, 50, 86, 100, 100, 85, 80, 73, 60, 58, 40, 50, 19, 31, 0, 1
100, 88, 69, 100, 34, 82, 8, 56, 0, 23, 26, 0, 50, 22, 22, 42, 6
0, 90, 45, 100, 62, 76, 28, 53, 60, 42, 100, 26, 62, 6, 13, 0, 3
14, 95, 85, 100, 45, 96, 9, 68, 44, 57, 100, 33, 59, 0, 0, 16, 5
57, 100, 23, 74, 2, 45, 0, 16, 47, 0, 100, 13, 72, 34, 16, 23, 6
81, 80, 28, 87, 0, 53, 8, 16, 61, 0, 100, 25, 100, 62, 84, 100, 0
34, 87, 71, 100, 80, 75, 65, 52, 100, 37, 84, 11, 44, 0, 0, 1, 3
100, 100, 58, 98, 29, 80, 27, 45, 63, 36, 78, 13, 39, 0, 0, 3, 5
75, 100, 78, 82, 87, 97, 57, 84, 100, 64, 91, 33, 53, 10, 0, 0, 9
0, 100, 60, 100, 100, 92, 62, 58, 42, 16, 41, 0, 22, 41, 84, 45, 7
1, 80, 0, 73, 22, 99, 71, 100, 100, 98, 83, 65, 67, 32, 55, 0, 7
30, 86, 20, 58, 68, 35, 32, 0, 0, 18, 16, 64, 39, 100, 100, 100, 5
0, 81, 50, 53, 100, 25, 69, 0, 28, 24, 44, 54, 78, 84, 39, 100, 8
36, 70, 68, 100, 67, 89, 57, 49, 36, 13, 0, 0, 50, 5, 100, 8, 1
99, 74, 62, 100, 23, 75, 60, 53, 95, 58, 100, 11, 49, 1, 0, 0, 9
24, 74, 46, 100, 67, 72, 61, 38, 34, 8, 0, 0, 47, 7, 100, 5, 2
44, 100, 18, 74, 0, 48, 48, 40, 100, 44, 91, 56, 88, 28, 92, 0, 4
0, 25, 35, 48, 64, 75, 97, 100, 100, 88, 81, 59, 61, 29, 43, 0, 1
15, 75, 33, 100, 58, 79, 35, 46, 0, 19, 7, 20, 52, 0, 100, 7, 2
100, 100, 76, 87, 64, 72, 50, 58, 38, 44, 24, 29, 12, 14, 0, 0, 1
6, 92, 45, 100, 54, 59, 47, 16, 32, 0, 0, 36, 43, 52, 100, 56, 7
100, 100, 52, 83, 8, 54, 0, 14, 57, 0, 100, 27, 58, 50, 8, 43, 6
34, 87, 66, 100, 80, 78, 77, 53, 100, 29, 72, 6, 34, 0, 0, 13, 3
51, 100, 24, 86, 6, 67, 0, 47, 27, 33, 69, 31, 100, 20, 97, 0, 4
16, 56, 30, 100, 54, 79, 36, 31, 0, 3, 19, 9, 60, 7, 100, 0, 2
20, 85, 23, 62, 55, 30, 18, 0, 0, 22, 0, 57, 29, 88, 100, 100, 5
49, 100, 15, 80, 0, 37, 22, 1, 67, 0, 100, 31, 100, 75, 62, 92, 0
1, 90, 53, 100, 73, 77, 22, 60, 62, 53, 100, 26, 55, 4, 0, 0, 3
69, 91, 100, 100, 54, 83, 25, 54, 73, 62, 88, 31, 57, 4, 0, 0, 5
60, 83, 100, 100, 93, 91, 60, 73, 40, 55, 20, 36, 7, 18, 0, 0, 1
100, 100, 47, 84, 14, 51, 0, 13, 44, 0, 79, 31, 43, 51, 10, 19, 6
27, 71, 17, 60, 0, 21, 35, 0, 77, 23, 100, 60, 88, 100, 44, 91, 0
0, 61, 28, 82, 48, 100, 50, 62, 46, 25, 9, 0, 48, 2, 100, 4, 1
21, 84, 41, 100, 77, 79, 34, 53, 80, 54, 100, 21, 52, 0, 0, 14, 3
38, 71, 48, 95, 100, 100, 87, 72, 83, 48, 92, 20, 49, 0, 0, 0, 3
25, 67, 52, 100, 58, 92, 55, 46, 33, 7, 0, 0, 50, 2, 100, 3, 1
38, 100, 16, 86, 0, 51, 55, 45, 92, 70, 100, 72, 95, 36, 95, 0, 4
32, 76, 79, 66, 75, 100, 40, 89, 88, 66, 100, 26, 52, 6, 0, 0, 9
23, 79, 0, 46, 6, 5, 53, 0, 89, 29, 100, 71, 67, 100, 25, 83, 0
100, 100, 67, 93, 47, 77, 27, 62, 13, 46, 0, 30, 0, 14, 0, 0, 1
0, 89, 56, 100, 77, 77, 29, 54, 50, 48, 100, 27, 60, 5, 0, 0, 3
0, 38, 32, 56, 66, 78, 99, 100, 100, 91, 81, 60, 62, 31, 46, 0, 1
45, 80, 0, 64, 66, 49, 70, 9, 2, 0, 4, 45, 29, 91, 100, 100, 5
41, 100, 0, 74, 9, 26, 49, 0, 93, 22, 100, 69, 61, 98, 10, 91, 0
80, 100, 32, 95, 70, 84, 73, 73, 88, 48, 100, 23, 62, 4, 0, 0, 9
83, 75, 48, 45, 17, 67, 56, 100, 100, 79, 92, 36, 58, 0, 0, 0, 9
100, 100, 56, 92, 22, 69, 0, 42, 3, 13, 47, 0, 73, 23, 33, 42, 6
0, 44, 31, 59, 67, 79, 100, 100, 93, 79, 76, 54, 69, 26, 71, 0, 1
100, 94, 41, 92, 94, 100, 89, 64, 63, 49, 100, 21, 52, 0, 0, 10, 3
88, 100, 42, 80, 0, 48, 99, 52, 100, 76, 73, 86, 65, 39, 78, 0, 4
15, 75, 56, 100, 92, 79, 64, 45, 71, 41, 100, 15, 48, 0, 0, 17, 3
97, 72, 100, 100, 44, 81, 13, 53, 0, 23, 41, 0, 85, 22, 18, 32, 6
5, 91, 0, 49, 50, 37, 17, 0, 2, 35, 5, 85, 40, 100, 100, 100, 5
100, 100, 67, 77, 44, 53, 31, 26, 38, 0, 88, 4, 44, 15, 0, 4, 6
23, 71, 64, 100, 68, 88, 58, 52, 59, 16, 0, 5, 28, 0, 100, 4, 1
62, 100, 26, 73, 0, 45, 80, 46, 100, 58, 73, 64, 63, 32, 63, 0, 4
0, 77, 58, 73, 82, 100, 15, 94, 38, 74, 100, 71, 80, 35, 67, 0, 9
19, 100, 21, 99, 0, 49, 9, 0, 72, 4, 100, 50, 73, 95, 7, 90, 0
10, 67, 30, 37, 16, 3, 0, 0, 12, 36, 22, 73, 55, 94, 100, 100, 5
100, 100, 73, 86, 58, 72, 42, 58, 23, 43, 12, 29, 4, 14, 0, 0, 1
70, 100, 34, 72, 0, 44, 58, 42, 100, 64, 91, 61, 68, 30, 43, 0, 4
100, 80, 38, 100, 6, 65, 91, 39, 82, 0, 0, 16, 48, 53, 100, 89, 8
100, 92, 52, 100, 31, 64, 84, 74, 86, 77, 89, 35, 56, 0, 0, 11, 9
28, 69, 100, 87, 40, 100, 0, 67, 80, 68, 91, 70, 45, 35, 7, 0, 9
2, 84, 48, 100, 100, 96, 67, 70, 60, 49, 95, 29, 61, 4, 0, 0, 3
0, 77, 26, 100, 51, 85, 36, 49, 13, 19, 26, 0, 63, 2, 100, 7, 2
0, 65, 42, 92, 72, 100, 61, 62, 57, 24, 25, 1, 41, 4, 100, 0, 1
40, 100, 0, 70, 5, 36, 74, 41, 100, 75, 79, 65, 48, 32, 15, 0, 4
0, 53, 32, 70, 41, 100, 41, 76, 41, 47, 32, 17, 32, 1, 100, 0, 1
26, 100, 8, 84, 0, 66, 15, 50, 45, 40, 79, 32, 100, 17, 100, 0, 4
72, 94, 14, 85, 53, 44, 63, 1, 0, 0, 47, 38, 100, 75, 39, 100, 8
100, 95, 63, 100, 37, 91, 31, 63, 81, 55, 89, 32, 46, 14, 0, 0, 5
66, 96, 66, 77, 71, 32, 33, 0, 0, 31, 49, 64, 100, 96, 48, 100, 8
53, 100, 30, 83, 0, 55, 41, 36, 96, 42, 100, 62, 80, 31, 66, 0, 4
12, 82, 55, 100, 81, 88, 51, 61, 99, 51, 100, 21, 56, 2, 0, 0, 3
15, 78, 44, 100, 100, 95, 76, 69, 37, 44, 0, 21, 14, 0, 83, 3, 2
0, 59, 33, 67, 67, 92, 88, 100, 71, 75, 67, 50, 67, 23, 100, 0, 1
64, 89, 96, 100, 88, 74, 63, 48, 100, 31, 91, 8, 46, 0, 0, 3, 3
30, 83, 65, 53, 91, 13, 11, 0, 0, 34, 67, 64, 100, 100, 22, 97, 8
0, 76, 32, 90, 43, 100, 45, 66, 43, 32, 26, 0, 45, 1, 100, 0, 1
33, 87, 68, 100, 87, 79, 71, 53, 100, 31, 86, 7, 43, 0, 0, 1, 3
62, 100, 46, 92, 0, 71, 19, 57, 94, 51, 100, 47, 60, 24, 35, 0, 4
65, 100, 0, 96, 24, 75, 79, 93, 91, 68, 100, 31, 69, 0, 2, 1, 9
5, 79, 32, 48, 32, 7, 0, 0, 31, 37, 78, 68, 100, 100, 41, 77, 8
18, 70, 49, 100, 47, 86, 36, 40, 4, 7, 0, 0, 50, 4, 100, 9, 1
0, 55, 37, 80, 62, 100, 46, 67, 27, 36, 4, 5, 37, 2, 100, 0, 1
100, 100, 44, 78, 15, 52, 9, 26, 29, 0, 100, 12, 79, 37, 0, 42, 6
0, 100, 34, 97, 55, 66, 57, 32, 40, 0, 15, 22, 46, 36, 100, 42, 7
20, 80, 54, 100, 83, 84, 58, 63, 100, 49, 87, 17, 45, 0, 0, 14, 3
9, 98, 61, 100, 69, 65, 54, 30, 33, 0, 0, 32, 19, 37, 100, 43, 7
42, 86, 24, 44, 36, 0, 82, 3, 100, 48, 86, 92, 34, 100, 0, 63, 0
21, 76, 39, 100, 45, 67, 27, 29, 0, 0, 25, 2, 63, 1, 100, 2, 2
0, 86, 47, 100, 91, 88, 56, 62, 58, 40, 100, 19, 59, 4, 8, 0, 3
100, 96, 98, 100, 82, 83, 68, 66, 52, 49, 32, 33, 20, 16, 0, 0, 1
23, 96, 79, 100, 100, 86, 74, 66, 72, 44, 88, 23, 53, 6, 0, 0, 3
0, 99, 75, 100, 83, 71, 52, 36, 27, 0, 6, 3, 22, 30, 100, 34, 7
24, 87, 0, 82, 30, 72, 59, 23, 4, 0, 4, 45, 36, 98, 100, 100, 5
80, 100, 100, 97, 48, 68, 7, 38, 0, 7, 91, 0, 98, 22, 9, 12, 6
0, 88, 45, 100, 100, 99, 96, 76, 69, 54, 69, 29, 69, 5, 18, 0, 3
25, 74, 36, 100, 61, 78, 39, 37, 5, 4, 0, 2, 50, 0, 100, 1, 2
86, 95, 9, 96, 27, 61, 100, 31, 64, 0, 0, 24, 55, 61, 93, 100, 8
31, 69, 49, 100, 60, 70, 34, 36, 0, 13, 29, 21, 65, 0, 100, 16, 2
100, 100, 74, 97, 61, 81, 47, 65, 34, 49, 21, 33, 5, 16, 0, 0, 1
100, 100, 69, 80, 36, 54, 17, 27, 19, 0, 83, 3, 67, 29, 0, 40, 6
100, 100, 71, 80, 42, 59, 18, 38, 0, 14, 23, 0, 52, 19, 22, 32, 6
98, 100, 43, 83, 7, 51, 0, 15, 50, 0, 100, 26, 83, 54, 19, 46, 6
0, 65, 61, 80, 100, 100, 94, 88, 86, 65, 84, 43, 86, 20, 92, 0, 1
56, 60, 100, 84, 44, 100, 0, 72, 66, 61, 85, 65, 68, 32, 53, 0, 9
43, 81, 11, 69, 78, 51, 100, 17, 27, 0, 0, 32, 14, 80, 84, 100, 5
17, 100, 0, 74, 6, 36, 77, 37, 100, 63, 73, 95, 71, 47, 75, 0, 4
9, 61, 25, 100, 59, 72, 42, 27, 0, 5, 5, 24, 53, 16, 100, 0, 2
65, 100, 25, 93, 0, 56, 11, 16, 60, 0, 100, 20, 50, 28, 9, 1, 6
100, 97, 56, 100, 22, 83, 18, 50, 53, 47, 68, 22, 37, 0, 0, 6, 5
0, 32, 29, 55, 63, 78, 100, 100, 90, 75, 88, 50, 84, 25, 80, 0, 1
27, 100, 2, 56, 12, 8, 62, 0, 100, 33, 94, 79, 46, 94, 0, 72, 0
0, 89, 31, 100, 100, 80, 94, 39, 63, 0, 22, 15, 8, 37, 95, 44, 7
0, 86, 37, 100, 95, 92, 87, 67, 55, 44, 18, 23, 32, 2, 100, 0, 2
36, 84, 9, 86, 0, 38, 27, 0, 72, 9, 100, 47, 88, 94, 46, 100, 0
19, 71, 55, 100, 100, 99, 73, 66, 55, 44, 97, 22, 55, 0, 0, 4, 3
86, 88, 33, 65, 0, 87, 58, 100, 87, 67, 100, 31, 93, 0, 19, 7, 9
0, 92, 68, 100, 89, 81, 74, 40, 61, 0, 35, 13, 20, 42, 100, 50, 7
55, 76, 70, 100, 95, 78, 72, 50, 40, 25, 0, 3, 40, 0, 100, 2, 2
0, 98, 49, 100, 100, 99, 88, 65, 61, 33, 34, 0, 21, 18, 44, 41, 7
97, 100, 51, 100, 14, 68, 0, 32, 28, 0, 100, 13, 73, 32, 10, 10, 6
29, 100, 0, 66, 11, 24, 52, 0, 98, 14, 100, 55, 61, 83, 11, 85, 0
0, 89, 44, 100, 91, 89, 77, 53, 63, 17, 83, 0, 100, 15, 50, 20, 7
100, 100, 73, 96, 45, 68, 28, 37, 27, 4, 76, 0, 58, 24, 0, 22, 6
0, 95, 48, 100, 89, 80, 78, 38, 51, 0, 27, 21, 51, 39, 100, 31, 7
20, 80, 54, 100, 100, 95, 74, 65, 83, 41, 93, 9, 47, 0, 0, 2, 3
14, 78, 45, 100, 62, 71, 34, 39, 0, 14, 15, 8, 58, 8, 100, 0, 2
100, 62, 47, 55, 0, 73, 21, 100, 73, 91, 79, 57, 55, 25, 16, 0, 9
46, 84, 65, 46, 65, 9, 0, 0, 30, 29, 84, 57, 100, 94, 44, 100, 8
67, 86, 59, 66, 95, 26, 44, 0, 0, 30, 59, 63, 100, 98, 19, 100, 8
27, 85, 4, 57, 60, 58, 65, 18, 1, 0, 0, 50, 24, 95, 100, 100, 5
0, 43, 30, 54, 60, 77, 91, 100, 100, 84, 86, 56, 74, 28, 70, 0, 1
82, 94, 100, 100, 96, 79, 90, 55, 99, 30, 74, 11, 37, 6, 0, 0, 3
100, 80, 55, 100, 18, 75, 77, 67, 93, 71, 87, 35, 66, 2, 0, 0, 9
7, 100, 40, 89, 37, 48, 21, 9, 0, 0, 3, 40, 48, 58, 100, 65, 7
42, 100, 22, 65, 0, 40, 91, 40, 100, 64, 88, 72, 91, 36, 93, 0, 4
100, 100, 57, 97, 19, 74, 0, 44, 9, 13, 56, 0, 63, 20, 10, 20, 6
0, 95, 30, 100, 55, 80, 34, 52, 6, 27, 21, 5, 67, 0, 100, 3, 2
2, 78, 35, 98, 100, 100, 84, 65, 54, 32, 20, 0, 0, 29, 60, 33, 7
49, 78, 69, 100, 100, 95, 76, 72, 61, 46, 59, 18, 33, 0, 0, 12, 3
31, 90, 0, 50, 17, 0, 64, 0, 96, 43, 100, 99, 58, 100, 21, 63, 0
93, 100, 46, 78, 13, 51, 0, 21, 38, 0, 100, 8, 78, 28, 15, 22, 6
34, 100, 0, 70, 1, 17, 40, 0, 80, 15, 100, 61, 66, 90, 26, 81, 0
100, 100, 51, 100, 11, 81, 9, 51, 57, 55, 73, 22, 37, 0, 0, 14, 5
0, 94, 45, 100, 54, 68, 47, 34, 40, 0, 13, 29, 47, 41, 100, 46, 7
11, 77, 33, 100, 50, 79, 27, 52, 0, 28, 11, 7, 55, 3, 100, 0, 2
8, 91, 63, 100, 100, 82, 79, 55, 42, 31, 0, 11, 37, 1, 100, 0, 2
0, 68, 8, 100, 33, 90, 37, 50, 25, 11, 45, 0, 72, 6, 100, 13, 2
73, 92, 0, 100, 23, 63, 77, 31, 50, 0, 7, 30, 52, 66, 100, 98, 8
45, 36, 76, 67, 100, 100, 96, 74, 92, 39, 86, 9, 0, 0, 92, 0, 1
37, 55, 100, 72, 94, 100, 52, 75, 57, 37, 57, 0, 0, 2, 9, 36, 8
0, 89, 34, 100, 61, 85, 52, 60, 66, 37, 100, 21, 86, 4, 44, 0, 3
49, 85, 49, 61, 71, 25, 27, 0, 8, 37, 0, 79, 42, 99, 100, 100, 5
0, 88, 42, 100, 74, 90, 56, 44, 34, 0, 26, 31, 51, 55, 100, 57, 7
19, 82, 2, 66, 0, 23, 33, 0, 78, 14, 100, 50, 77, 86, 33, 100, 0
22, 91, 10, 52, 63, 40, 53, 0, 0, 15, 11, 62, 42, 98, 100, 100, 5
0, 87, 64, 100, 100, 81, 74, 48, 41, 16, 3, 0, 9, 27, 78, 36, 7
100, 100, 57, 91, 22, 66, 0, 36, 10, 5, 56, 0, 65, 31, 27, 51, 6
0, 66, 24, 96, 56, 100, 45, 63, 24, 30, 15, 0, 57, 4, 100, 7, 2
31, 100, 32, 94, 1, 56, 0, 13, 53, 0, 100, 21, 56, 37, 5, 18, 6
0, 67, 45, 80, 100, 100, 50, 85, 32, 64, 23, 42, 18, 21, 14, 0, 1
92, 88, 69, 100, 60, 61, 100, 82, 97, 73, 70, 34, 38, 0, 0, 0, 9
36, 63, 52, 100, 52, 48, 29, 6, 0, 0, 30, 15, 65, 3, 100, 1, 2
31, 100, 0, 69, 31, 48, 100, 52, 100, 91, 84, 79, 72, 39, 59, 0, 4
13, 100, 0, 43, 25, 0, 67, 0, 100, 34, 95, 87, 55, 100, 15, 92, 0
100, 100, 53, 80, 22, 50, 5, 16, 46, 0, 92, 19, 51, 33, 0, 19, 6
0, 94, 46, 100, 68, 80, 59, 60, 93, 41, 100, 15, 62, 0, 14, 2, 3
0, 77, 18, 100, 62, 100, 71, 72, 72, 41, 100, 17, 75, 0, 32, 4, 3
87, 100, 36, 71, 85, 35, 52, 0, 0, 13, 51, 49, 100, 85, 44, 97, 8
33, 100, 16, 84, 0, 62, 24, 41, 100, 48, 98, 46, 91, 23, 96, 0, 4
88, 97, 28, 91, 26, 43, 100, 5, 0, 0, 37, 51, 94, 100, 31, 87, 8
8, 81, 42, 98, 92, 100, 100, 79, 63, 60, 65, 36, 44, 14, 0, 0, 3
15, 71, 38, 100, 73, 89, 59, 56, 30, 28, 0, 0, 49, 5, 100, 17, 2
54, 100, 96, 93, 81, 72, 77, 54, 100, 30, 83, 7, 41, 0, 0, 8, 3
23, 89, 68, 100, 100, 88, 68, 67, 63, 45, 90, 25, 50, 8, 0, 0, 3
0, 89, 36, 100, 58, 72, 54, 36, 56, 0, 28, 11, 48, 27, 100, 30, 7
32, 66, 87, 42, 73, 0, 0, 7, 37, 43, 100, 72, 92, 100, 30, 76, 8
53, 79, 0, 92, 19, 58, 80, 27, 57, 0, 26, 34, 80, 68, 100, 100, 8
0, 78, 33, 100, 70, 79, 53, 43, 10, 23, 10, 32, 57, 20, 100, 0, 2
100, 100, 55, 91, 21, 65, 0, 34, 17, 3, 66, 0, 69, 25, 19, 25, 6
25, 90, 42, 100, 15, 63, 0, 26, 42, 0, 100, 3, 80, 28, 59, 6, 6
100, 100, 49, 93, 21, 62, 0, 32, 12, 0, 88, 8, 93, 34, 16, 22, 6
0, 83, 21, 100, 62, 93, 57, 46, 51, 0, 29, 10, 56, 21, 100, 28, 7
18, 76, 50, 86, 100, 100, 93, 80, 70, 60, 48, 40, 23, 20, 0, 0, 1
72, 72, 51, 100, 4, 75, 44, 38, 52, 0, 0, 17, 41, 53, 100, 81, 8
3, 71, 0, 95, 45, 100, 100, 99, 79, 78, 48, 53, 31, 24, 54, 0, 7
100, 94, 72, 100, 49, 93, 44, 64, 68, 53, 55, 29, 29, 13, 0, 0, 5
12, 64, 57, 46, 46, 0, 0, 3, 44, 41, 100, 74, 90, 100, 25, 79, 8
69, 78, 31, 98, 21, 62, 61, 21, 0, 0, 10, 40, 79, 72, 100, 100, 8
54, 89, 75, 100, 90, 75, 69, 48, 100, 30, 83, 8, 40, 0, 0, 8, 3
74, 100, 38, 91, 15, 62, 0, 30, 13, 0, 69, 0, 100, 26, 46, 32, 6
54, 71, 92, 76, 69, 100, 65, 77, 100, 55, 83, 23, 43, 7, 0, 0, 9
59, 100, 0, 78, 33, 53, 100, 56, 67, 89, 46, 73, 37, 36, 29, 0, 4
100, 97, 73, 100, 34, 88, 38, 59, 83, 50, 85, 18, 45, 0, 0, 3, 5
100, 100, 65, 78, 29, 57, 0, 34, 57, 39, 77, 51, 58, 26, 51, 0, 4
2, 100, 53, 99, 63, 66, 42, 33, 18, 0, 0, 22, 38, 37, 100, 41, 7
100, 86, 43, 100, 0, 74, 45, 38, 66, 0, 36, 25, 63, 64, 90, 94, 8
67, 100, 28, 75, 2, 48, 0, 19, 46, 0, 100, 15, 67, 39, 7, 41, 6
0, 95, 39, 100, 58, 70, 45, 30, 35, 0, 18, 38, 58, 47, 100, 49, 7
58, 100, 15, 81, 0, 34, 32, 0, 81, 6, 100, 49, 77, 92, 29, 94, 0
0, 69, 22, 93, 55, 100, 65, 73, 46, 41, 33, 8, 65, 0, 100, 4, 2
74, 73, 31, 61, 47, 91, 93, 100, 100, 68, 83, 35, 50, 8, 0, 0, 9
98, 96, 52, 96, 74, 64, 97, 100, 97, 70, 100, 28, 62, 0, 0, 14, 9
39, 100, 10, 76, 0, 41, 52, 25, 89, 45, 100, 67, 78, 33, 57, 0, 4
14, 68, 56, 100, 75, 97, 68, 60, 64, 22, 0, 4, 18, 0, 100, 3, 1
28, 89, 64, 100, 100, 92, 79, 71, 59, 51, 68, 27, 39, 9, 0, 0, 3
0, 93, 64, 100, 100, 80, 91, 50, 80, 20, 68, 0, 22, 20, 87, 28, 7
41, 96, 6, 63, 0, 11, 48, 0, 92, 31, 100, 82, 51, 100, 18, 62, 0
48, 68, 57, 100, 92, 91, 76, 54, 45, 21, 0, 0, 45, 22, 100, 4, 2
0, 73, 43, 100, 44, 95, 38, 62, 37, 29, 16, 0, 22, 2, 100, 3, 1
25, 64, 54, 100, 53, 90, 49, 45, 32, 3, 0, 0, 51, 1, 100, 2, 1
89, 68, 81, 100, 34, 80, 34, 40, 30, 0, 0, 8, 38, 42, 100, 59, 8
100, 96, 46, 100, 79, 89, 82, 88, 82, 57, 87, 27, 57, 5, 0, 0, 9
0, 35, 37, 50, 73, 74, 100, 100, 90, 81, 77, 53, 63, 26, 61, 0, 1
21, 100, 15, 75, 0, 45, 58, 42, 92, 50, 88, 61, 89, 30, 100, 0, 4
0, 67, 28, 94, 91, 100, 90, 73, 69, 53, 100, 25, 61, 0, 11, 5, 3
46, 73, 64, 100, 100, 89, 80, 57, 48, 26, 0, 0, 14, 14, 92, 11, 2
6, 100, 0, 99, 0, 56, 65, 51, 100, 65, 60, 94, 52, 47, 53, 0, 4
12, 77, 40, 100, 74, 85, 58, 55, 100, 40, 94, 14, 49, 2, 0, 0, 3
44, 100, 28, 82, 0, 52, 40, 32, 100, 33, 91, 65, 80, 33, 77, 0, 4
0, 71, 20, 92, 69, 100, 69, 77, 71, 54, 100, 34, 82, 12, 35, 0, 3
100, 100, 64, 80, 36, 60, 12, 38, 0, 16, 28, 0, 74, 15, 12, 10, 6
15, 100, 1, 82, 0, 63, 18, 47, 45, 37, 75, 31, 99, 18, 100, 0, 4
24, 100, 0, 82, 0, 49, 65, 51, 100, 82, 81, 63, 49, 32, 21, 0, 4
82, 100, 49, 65, 0, 36, 10, 27, 85, 24, 100, 45, 88, 27, 91, 0, 4
47, 100, 29, 87, 0, 61, 0, 37, 77, 51, 100, 52, 80, 26, 72, 0, 4
37, 100, 0, 80, 16, 52, 100, 55, 82, 82, 52, 80, 53, 39, 58, 0, 4
0, 74, 32, 100, 72, 88, 49, 56, 7, 34, 0, 21, 49, 11, 100, 0, 2
86, 100, 49, 77, 28, 51, 26, 24, 51, 0, 100, 13, 63, 34, 0, 31, 6
