@relation penbased-5
@attribute At1 integer [0, 100]
@attribute At2 integer [0, 100]
@attribute At3 integer [0, 100]
@attribute At4 integer [0, 100]
@attribute At5 integer [0, 100]
@attribute At6 integer [0, 100]
@attribute At7 integer [0, 100]
@attribute At8 integer [0, 100]
@attribute At9 integer [0, 100]
@attribute At10 integer [0, 100]
@attribute At11 integer [0, 100]
@attribute At12 integer [0, 100]
@attribute At13 integer [0, 100]
@attribute At14 integer [0, 100]
@attribute At15 integer [0, 100]
@attribute At16 integer [0, 100]
@attribute Class {0, 1, 2, 3, 4, 5, 6, 7, 8, 9}
@inputs At1, At2, At3, At4, At5, At6, At7, At8, At9, At10, At11, At12, At13, At14, At15, At16
@outputs Class
@data
0, 100, 7, 92, 5, 68, 19, 45, 86, 34, 100, 45, 74, 23, 67, 0, 4
100, 100, 88, 99, 49, 74, 17, 47, 0, 16, 37, 0, 73, 16, 20, 20, 6
12, 77, 20, 62, 78, 40, 50, 0, 1, 17, 0, 64, 23, 98, 100, 100, 5
27, 76, 1, 42, 16, 0, 70, 3, 100, 40, 92, 84, 44, 100, 0, 73, 0
0, 93, 62, 100, 100, 78, 69, 43, 50, 5, 35, 0, 15, 35, 86, 37, 7
100, 99, 67, 100, 24, 68, 0, 32, 27, 0, 99, 8, 77, 40, 9, 55, 6
0, 97, 42, 100, 67, 71, 53, 35, 34, 0, 16, 23, 40, 42, 100, 42, 7
95, 92, 50, 100, 21, 77, 74, 87, 100, 86, 69, 56, 37, 26, 0, 0, 9
18, 88, 2, 54, 40, 25, 2, 0, 0, 30, 20, 70, 45, 100, 100, 93, 5
9, 100, 0, 66, 20, 25, 61, 0, 100, 21, 93, 64, 54, 91, 9, 76, 0
15, 73, 0, 34, 30, 0, 81, 1, 100, 38, 87, 78, 44, 100, 16, 68, 0
86, 100, 48, 79, 13, 52, 0, 22, 45, 0, 100, 16, 76, 40, 6, 35, 6
19, 100, 4, 77, 0, 51, 46, 36, 100, 47, 96, 49, 87, 23, 77, 0, 4
88, 80, 12, 80, 100, 100, 100, 91, 65, 68, 29, 46, 6, 23, 0, 0, 1
0, 100, 67, 100, 86, 72, 56, 37, 34, 0, 6, 33, 32, 45, 100, 46, 7
0, 59, 77, 74, 100, 100, 17, 93, 7, 71, 82, 68, 45, 35, 20, 0, 9
48, 100, 15, 83, 0, 39, 23, 1, 71, 0, 100, 34, 86, 77, 44, 98, 0
0, 65, 43, 76, 93, 96, 100, 100, 71, 75, 48, 50, 26, 25, 5, 0, 1
0, 78, 18, 96, 59, 95, 100, 100, 86, 82, 66, 56, 52, 29, 47, 0, 7
58, 100, 0, 89, 44, 53, 100, 21, 63, 0, 62, 36, 87, 80, 25, 91, 8
0, 61, 22, 89, 59, 100, 72, 73, 53, 42, 31, 12, 58, 0, 100, 4, 2
78, 85, 65, 66, 100, 25, 49, 0, 15, 29, 58, 67, 66, 100, 0, 84, 8
39, 80, 21, 60, 35, 19, 12, 0, 0, 31, 16, 72, 51, 98, 100, 100, 5
52, 100, 29, 73, 0, 47, 19, 42, 69, 37, 100, 54, 90, 30, 88, 0, 4
80, 100, 60, 76, 26, 52, 0, 28, 46, 11, 97, 29, 100, 24, 100, 0, 4
0, 82, 25, 100, 52, 73, 44, 34, 32, 0, 0, 29, 50, 34, 100, 39, 7
0, 48, 30, 67, 65, 85, 100, 100, 84, 75, 65, 51, 47, 25, 34, 0, 1
29, 88, 23, 57, 73, 40, 51, 0, 0, 13, 12, 58, 42, 94, 100, 100, 5
0, 94, 46, 100, 100, 97, 82, 62, 48, 30, 17, 0, 18, 34, 74, 38, 7
100, 97, 66, 100, 30, 88, 24, 55, 54, 59, 61, 27, 38, 0, 0, 1, 5
33, 78, 66, 100, 91, 86, 64, 60, 100, 42, 82, 10, 41, 0, 0, 7, 3
10, 86, 0, 44, 33, 0, 80, 9, 100, 65, 64, 100, 22, 74, 32, 20, 0
100, 100, 44, 91, 7, 60, 0, 24, 46, 0, 99, 24, 41, 30, 19, 0, 6
0, 69, 10, 54, 67, 37, 47, 0, 14, 13, 17, 54, 34, 92, 100, 100, 5
73, 100, 49, 62, 0, 38, 56, 43, 100, 57, 88, 78, 65, 39, 49, 0, 4
11, 50, 0, 16, 38, 0, 79, 8, 100, 46, 76, 84, 37, 100, 0, 84, 0
32, 76, 70, 100, 100, 72, 66, 38, 7, 19, 0, 33, 59, 18, 91, 0, 2
0, 100, 67, 94, 83, 65, 57, 33, 41, 0, 0, 20, 29, 31, 100, 32, 7
12, 86, 62, 100, 92, 86, 54, 64, 81, 46, 100, 22, 62, 0, 0, 5, 3
64, 60, 76, 100, 13, 99, 39, 75, 100, 87, 98, 44, 65, 6, 0, 0, 9
84, 100, 37, 82, 7, 55, 0, 25, 35, 0, 100, 7, 85, 30, 23, 19, 6
54, 100, 28, 76, 5, 51, 0, 28, 66, 27, 100, 49, 82, 25, 69, 0, 4
0, 84, 25, 100, 58, 74, 51, 37, 38, 0, 15, 20, 43, 33, 100, 32, 7
15, 97, 0, 76, 33, 46, 95, 59, 100, 100, 83, 83, 87, 41, 97, 0, 4
58, 85, 100, 100, 87, 94, 52, 72, 59, 43, 85, 27, 47, 2, 0, 0, 5
100, 100, 81, 81, 39, 55, 0, 28, 8, 0, 75, 4, 66, 31, 12, 25, 6
20, 85, 0, 61, 18, 22, 50, 0, 86, 11, 100, 51, 79, 87, 45, 100, 0
68, 100, 50, 79, 15, 51, 0, 47, 54, 38, 100, 49, 91, 35, 87, 0, 4
12, 83, 8, 54, 56, 31, 22, 0, 4, 24, 0, 63, 37, 94, 100, 100, 5
68, 100, 23, 77, 0, 41, 7, 3, 64, 0, 100, 31, 56, 39, 14, 11, 6
45, 100, 14, 69, 61, 42, 46, 0, 0, 3, 15, 50, 42, 91, 100, 96, 5
33, 64, 36, 100, 59, 71, 44, 34, 0, 18, 32, 26, 71, 0, 100, 22, 2
44, 93, 9, 64, 82, 45, 63, 8, 0, 0, 13, 44, 28, 88, 100, 100, 5
100, 100, 51, 95, 16, 64, 0, 28, 36, 0, 98, 12, 68, 35, 6, 24, 6
31, 100, 0, 62, 37, 38, 100, 43, 88, 80, 66, 85, 62, 42, 51, 0, 4
0, 67, 14, 25, 57, 0, 100, 22, 95, 75, 54, 100, 7, 87, 4, 39, 0
15, 72, 0, 39, 57, 42, 43, 0, 16, 15, 11, 62, 36, 93, 100, 100, 5
22, 98, 71, 100, 100, 80, 59, 61, 99, 39, 95, 10, 47, 0, 0, 10, 3
100, 100, 65, 79, 39, 56, 17, 32, 8, 5, 49, 0, 47, 18, 0, 12, 6
100, 84, 27, 100, 0, 85, 0, 68, 13, 51, 20, 34, 27, 17, 60, 0, 1
100, 100, 100, 92, 80, 76, 65, 61, 50, 45, 40, 30, 15, 15, 0, 0, 1
89, 100, 48, 76, 18, 46, 8, 12, 55, 0, 100, 14, 51, 23, 0, 12, 6
25, 97, 37, 70, 100, 88, 27, 100, 0, 80, 76, 65, 75, 31, 29, 0, 9
0, 81, 7, 96, 58, 100, 100, 100, 89, 75, 77, 50, 67, 25, 56, 0, 7
0, 83, 32, 100, 75, 89, 39, 69, 49, 49, 100, 35, 70, 15, 21, 0, 3
29, 94, 90, 100, 43, 100, 8, 70, 56, 61, 100, 39, 61, 11, 0, 0, 5
62, 86, 87, 100, 100, 79, 85, 54, 85, 25, 64, 4, 29, 0, 0, 12, 3
91, 100, 48, 76, 17, 51, 0, 24, 28, 0, 100, 5, 78, 26, 0, 29, 6
0, 46, 52, 72, 100, 100, 84, 75, 71, 42, 64, 9, 2, 1, 32, 0, 1
61, 96, 0, 83, 61, 66, 100, 30, 49, 0, 5, 30, 39, 68, 42, 100, 8
31, 78, 71, 100, 73, 99, 56, 63, 50, 26, 21, 0, 0, 0, 100, 3, 1
61, 77, 78, 100, 94, 76, 77, 43, 47, 15, 0, 1, 47, 0, 100, 4, 2
0, 73, 30, 100, 68, 87, 56, 51, 25, 22, 2, 2, 51, 4, 100, 0, 2
50, 100, 5, 82, 71, 42, 91, 0, 7, 18, 78, 56, 100, 92, 0, 90, 8
9, 100, 19, 75, 0, 35, 46, 35, 100, 34, 74, 67, 77, 27, 83, 0, 4
0, 35, 39, 53, 72, 75, 100, 100, 83, 80, 61, 54, 41, 27, 24, 0, 1
0, 23, 63, 46, 100, 87, 50, 100, 34, 57, 86, 23, 57, 0, 9, 22, 8
50, 100, 63, 87, 26, 62, 0, 36, 59, 31, 100, 54, 80, 27, 76, 0, 4
78, 100, 43, 76, 10, 47, 0, 16, 57, 0, 100, 24, 51, 44, 9, 23, 6
9, 78, 39, 100, 86, 87, 51, 58, 79, 50, 100, 19, 54, 0, 0, 11, 3
44, 100, 65, 100, 54, 62, 30, 32, 0, 10, 29, 7, 64, 1, 100, 0, 2
0, 55, 53, 77, 100, 100, 87, 95, 87, 71, 87, 47, 87, 23, 80, 0, 1
0, 61, 33, 71, 66, 86, 100, 100, 94, 77, 79, 52, 66, 26, 62, 0, 1
82, 90, 39, 100, 25, 64, 75, 80, 100, 83, 91, 43, 58, 9, 0, 0, 9
7, 94, 17, 51, 94, 47, 66, 0, 9, 3, 0, 56, 18, 97, 100, 100, 5
32, 94, 0, 57, 56, 47, 59, 0, 17, 4, 12, 64, 42, 100, 100, 95, 5
0, 78, 40, 100, 80, 86, 70, 42, 40, 7, 14, 0, 56, 18, 100, 3, 2
62, 100, 37, 81, 14, 55, 0, 28, 55, 24, 100, 45, 66, 27, 58, 0, 4
62, 100, 27, 82, 0, 51, 2, 19, 51, 0, 100, 18, 62, 40, 20, 22, 6
24, 91, 67, 100, 61, 65, 36, 33, 0, 6, 0, 13, 50, 3, 100, 0, 2
18, 99, 6, 51, 22, 6, 69, 0, 100, 37, 90, 83, 44, 100, 0, 80, 0
14, 66, 23, 100, 41, 74, 24, 34, 0, 0, 22, 15, 61, 9, 100, 3, 2
0, 51, 24, 64, 66, 85, 100, 100, 72, 75, 47, 51, 26, 25, 11, 0, 1
29, 71, 55, 100, 74, 75, 59, 39, 30, 9, 0, 8, 49, 0, 100, 2, 2
94, 77, 54, 100, 0, 74, 47, 52, 85, 76, 100, 38, 82, 0, 5, 0, 9
27, 84, 58, 100, 76, 68, 57, 34, 16, 13, 0, 9, 50, 5, 100, 0, 2
13, 96, 56, 100, 56, 75, 30, 53, 0, 32, 3, 11, 51, 5, 100, 0, 2
4, 77, 29, 100, 80, 98, 68, 69, 93, 46, 100, 13, 52, 0, 0, 4, 3
100, 87, 26, 100, 0, 70, 66, 68, 97, 99, 86, 66, 72, 33, 69, 0, 9
90, 85, 100, 100, 64, 97, 59, 68, 80, 38, 72, 8, 36, 1, 0, 0, 5
27, 89, 0, 64, 62, 46, 54, 0, 3, 1, 6, 52, 31, 93, 100, 100, 5
31, 100, 20, 90, 16, 57, 75, 52, 100, 79, 68, 63, 33, 31, 0, 0, 4
55, 89, 52, 100, 0, 71, 16, 53, 100, 60, 100, 65, 57, 33, 27, 0, 4
98, 70, 85, 100, 33, 86, 46, 65, 100, 73, 84, 37, 52, 6, 0, 0, 9
100, 100, 59, 82, 25, 57, 0, 28, 14, 0, 59, 14, 46, 39, 0, 30, 6
42, 74, 67, 100, 63, 53, 36, 15, 0, 0, 24, 20, 62, 11, 100, 0, 2
45, 72, 18, 100, 0, 64, 64, 33, 98, 0, 7, 5, 26, 41, 100, 68, 8
39, 100, 5, 79, 0, 47, 55, 42, 100, 64, 80, 60, 52, 30, 28, 0, 4
31, 100, 17, 68, 41, 36, 5, 0, 0, 35, 7, 81, 43, 99, 100, 97, 5
11, 100, 8, 93, 0, 60, 17, 33, 60, 41, 100, 57, 85, 32, 76, 0, 4
42, 100, 24, 76, 0, 53, 19, 35, 79, 41, 100, 48, 82, 24, 73, 0, 4
43, 100, 8, 67, 3, 27, 41, 0, 87, 27, 100, 66, 54, 92, 0, 74, 0
18, 26, 43, 0, 77, 5, 100, 43, 88, 86, 55, 100, 21, 88, 0, 52, 0
14, 86, 46, 100, 50, 63, 34, 28, 0, 5, 18, 8, 62, 1, 100, 0, 2
0, 54, 38, 77, 82, 100, 76, 88, 65, 63, 70, 38, 70, 13, 100, 0, 1
22, 57, 0, 63, 46, 82, 94, 100, 100, 80, 78, 53, 56, 27, 44, 0, 1
37, 84, 0, 51, 2, 7, 53, 0, 98, 27, 100, 70, 58, 100, 7, 99, 0
73, 100, 45, 79, 18, 49, 7, 16, 49, 0, 100, 14, 55, 21, 0, 12, 6
0, 86, 55, 100, 73, 70, 50, 35, 29, 0, 3, 32, 38, 45, 100, 41, 7
46, 84, 72, 100, 83, 83, 82, 60, 100, 36, 77, 12, 39, 0, 0, 3, 3
0, 91, 0, 97, 52, 100, 100, 93, 100, 69, 78, 47, 58, 24, 44, 0, 7
0, 54, 50, 76, 80, 100, 60, 82, 52, 57, 60, 33, 88, 9, 100, 0, 1
37, 100, 0, 72, 6, 57, 65, 67, 100, 86, 64, 66, 44, 32, 20, 0, 4
41, 100, 0, 65, 41, 43, 61, 12, 6, 0, 24, 47, 42, 93, 100, 98, 5
0, 42, 35, 71, 70, 100, 63, 74, 57, 37, 48, 0, 44, 0, 100, 2, 1
100, 100, 62, 81, 35, 58, 18, 33, 31, 7, 76, 0, 49, 18, 0, 17, 6
0, 53, 84, 42, 100, 6, 10, 0, 2, 34, 66, 66, 86, 100, 5, 84, 8
88, 99, 9, 100, 0, 54, 55, 12, 4, 0, 24, 40, 100, 73, 63, 94, 8
72, 100, 5, 97, 53, 52, 93, 6, 0, 0, 11, 43, 100, 77, 58, 99, 8
0, 93, 46, 100, 100, 80, 85, 47, 47, 18, 26, 0, 19, 33, 90, 30, 7
0, 88, 52, 100, 68, 67, 50, 33, 23, 0, 9, 27, 30, 51, 100, 58, 7
24, 85, 59, 100, 73, 63, 46, 29, 0, 16, 5, 29, 54, 19, 100, 0, 2
100, 100, 58, 83, 30, 57, 20, 26, 42, 0, 80, 9, 47, 31, 0, 39, 6
6, 85, 48, 100, 83, 83, 60, 56, 100, 38, 86, 13, 34, 0, 0, 2, 3
30, 63, 44, 100, 89, 96, 77, 56, 40, 24, 0, 11, 51, 19, 100, 0, 2
2, 94, 93, 100, 100, 78, 86, 39, 74, 0, 37, 10, 0, 43, 100, 43, 7
0, 86, 44, 100, 85, 86, 62, 42, 34, 0, 21, 4, 45, 38, 100, 43, 7
83, 100, 36, 82, 11, 61, 0, 39, 78, 35, 100, 41, 67, 21, 53, 0, 4
47, 100, 11, 83, 0, 50, 57, 37, 100, 54, 81, 58, 45, 30, 19, 0, 4
88, 100, 30, 79, 5, 54, 0, 28, 25, 3, 100, 0, 92, 25, 15, 26, 6
29, 83, 60, 100, 78, 64, 56, 27, 13, 2, 0, 19, 52, 18, 100, 0, 2
48, 100, 22, 79, 5, 58, 0, 37, 80, 39, 100, 42, 72, 21, 82, 0, 4
97, 100, 56, 94, 20, 65, 0, 32, 20, 0, 93, 1, 100, 28, 30, 34, 6
70, 100, 35, 59, 96, 65, 56, 93, 67, 71, 100, 53, 66, 3, 0, 0, 9
0, 0, 40, 9, 74, 26, 95, 52, 100, 80, 73, 100, 46, 81, 74, 63, 9
55, 100, 36, 65, 0, 29, 55, 33, 100, 44, 77, 86, 73, 45, 78, 0, 4
64, 67, 95, 100, 83, 88, 73, 48, 53, 11, 0, 0, 42, 0, 100, 2, 1
26, 97, 28, 70, 59, 35, 22, 0, 0, 23, 8, 71, 40, 100, 100, 100, 5
0, 62, 18, 98, 56, 100, 42, 60, 14, 25, 11, 0, 55, 6, 100, 12, 2
0, 100, 44, 97, 54, 61, 41, 23, 23, 0, 9, 38, 52, 44, 100, 41, 7
0, 88, 52, 100, 100, 77, 75, 39, 44, 2, 17, 0, 15, 30, 87, 38, 7
43, 95, 8, 69, 0, 31, 29, 0, 83, 20, 100, 56, 71, 90, 11, 100, 0
100, 100, 56, 87, 24, 59, 5, 27, 29, 0, 79, 9, 38, 24, 0, 2, 6
36, 100, 18, 76, 0, 52, 13, 33, 60, 34, 100, 39, 93, 24, 86, 0, 4
65, 84, 40, 100, 7, 68, 0, 31, 34, 0, 100, 8, 64, 24, 11, 3, 6
0, 82, 31, 100, 48, 57, 50, 5, 35, 0, 32, 28, 66, 44, 100, 62, 7
19, 77, 0, 37, 13, 0, 63, 9, 97, 41, 100, 82, 58, 100, 15, 77, 0
49, 85, 84, 100, 89, 81, 48, 61, 90, 49, 100, 30, 51, 14, 0, 0, 3
0, 71, 24, 100, 64, 99, 69, 63, 53, 29, 28, 0, 57, 5, 100, 10, 2
0, 90, 38, 100, 68, 70, 59, 33, 32, 0, 2, 27, 35, 42, 100, 41, 7
25, 57, 20, 21, 62, 0, 100, 22, 95, 68, 61, 100, 14, 99, 0, 57, 0
100, 83, 64, 100, 50, 65, 75, 26, 35, 0, 0, 22, 46, 53, 100, 78, 8
12, 73, 29, 100, 70, 87, 51, 53, 13, 28, 0, 4, 50, 0, 100, 0, 2
49, 95, 82, 100, 68, 68, 73, 66, 100, 41, 74, 12, 29, 0, 0, 21, 3
27, 100, 8, 56, 57, 41, 20, 0, 0, 24, 18, 85, 48, 97, 100, 94, 5
48, 100, 31, 76, 85, 88, 17, 98, 65, 71, 100, 38, 68, 6, 0, 0, 9
18, 83, 53, 100, 67, 75, 43, 47, 12, 22, 0, 0, 50, 11, 100, 22, 2
0, 62, 32, 73, 69, 91, 100, 100, 80, 75, 59, 51, 39, 26, 27, 0, 1
53, 93, 96, 100, 99, 76, 65, 55, 79, 36, 100, 14, 54, 0, 0, 0, 3
11, 80, 10, 25, 46, 0, 87, 11, 100, 61, 69, 97, 26, 100, 0, 61, 0
33, 66, 72, 86, 100, 100, 76, 71, 70, 40, 55, 10, 0, 0, 13, 6, 1
76, 97, 64, 62, 100, 15, 14, 0, 0, 35, 90, 59, 98, 100, 0, 98, 8
26, 81, 67, 100, 82, 80, 53, 54, 77, 40, 100, 18, 56, 0, 0, 1, 3
55, 77, 3, 100, 39, 57, 100, 16, 0, 0, 26, 38, 97, 77, 23, 78, 8
86, 71, 70, 100, 0, 87, 13, 60, 86, 71, 100, 60, 87, 27, 88, 0, 9
67, 66, 56, 100, 10, 74, 59, 38, 70, 0, 0, 15, 29, 54, 100, 82, 8
0, 66, 20, 100, 51, 93, 50, 51, 33, 13, 25, 0, 62, 8, 100, 7, 2
17, 100, 5, 71, 0, 40, 60, 39, 100, 58, 85, 61, 77, 29, 69, 0, 4
100, 100, 66, 80, 41, 56, 23, 29, 18, 0, 54, 0, 38, 18, 0, 12, 6
39, 94, 0, 63, 66, 44, 70, 1, 10, 0, 15, 52, 29, 99, 100, 100, 5
40, 100, 16, 81, 0, 59, 22, 40, 81, 47, 100, 44, 79, 22, 67, 0, 4
57, 87, 0, 100, 17, 63, 100, 28, 94, 0, 20, 34, 89, 71, 37, 87, 8
50, 100, 28, 70, 79, 38, 65, 0, 0, 5, 20, 45, 37, 85, 100, 96, 5
33, 65, 68, 100, 73, 89, 56, 40, 37, 0, 0, 8, 50, 5, 100, 6, 1
8, 85, 46, 100, 58, 73, 36, 42, 5, 15, 0, 0, 50, 0, 100, 2, 2
33, 61, 63, 93, 60, 100, 55, 57, 42, 15, 0, 0, 50, 5, 100, 7, 1
37, 92, 6, 59, 0, 13, 39, 0, 78, 25, 100, 65, 75, 100, 30, 100, 0
49, 97, 56, 77, 68, 100, 40, 82, 78, 55, 100, 23, 52, 5, 0, 0, 9
100, 100, 61, 90, 71, 68, 95, 88, 94, 54, 79, 22, 41, 0, 0, 13, 9
85, 100, 32, 76, 0, 44, 74, 48, 100, 66, 76, 92, 72, 44, 67, 0, 4
66, 93, 50, 56, 80, 100, 0, 55, 17, 35, 59, 0, 100, 52, 0, 29, 8
49, 100, 17, 82, 0, 61, 0, 40, 49, 38, 100, 42, 88, 21, 84, 0, 4
63, 62, 67, 100, 5, 79, 52, 41, 73, 0, 0, 2, 32, 42, 100, 75, 8
51, 94, 100, 100, 48, 91, 6, 66, 42, 50, 87, 28, 60, 5, 0, 0, 5
36, 100, 2, 70, 0, 43, 53, 42, 100, 43, 68, 70, 45, 35, 22, 0, 4
84, 76, 76, 100, 19, 88, 55, 83, 100, 82, 73, 53, 38, 26, 0, 0, 9
77, 100, 28, 80, 63, 41, 59, 0, 0, 10, 47, 44, 100, 75, 61, 94, 8
13, 92, 6, 38, 34, 0, 79, 8, 100, 55, 79, 100, 34, 100, 0, 66, 0
12, 66, 51, 92, 100, 100, 74, 70, 36, 42, 0, 15, 35, 0, 100, 9, 2
54, 92, 90, 100, 100, 95, 63, 89, 33, 66, 52, 33, 32, 2, 0, 0, 5
65, 100, 45, 90, 14, 57, 0, 23, 43, 0, 100, 16, 80, 45, 35, 27, 6
17, 73, 35, 43, 37, 10, 0, 0, 7, 36, 18, 70, 58, 87, 100, 100, 5
5, 65, 2, 25, 41, 0, 89, 11, 100, 54, 70, 92, 23, 100, 0, 64, 0
14, 88, 62, 100, 97, 86, 70, 62, 34, 42, 0, 20, 45, 6, 100, 0, 2
31, 81, 54, 46, 51, 6, 7, 0, 0, 42, 13, 84, 55, 96, 100, 100, 5
78, 88, 4, 100, 0, 73, 86, 85, 100, 91, 76, 61, 58, 30, 64, 0, 9
29, 81, 60, 100, 90, 81, 68, 52, 34, 27, 0, 4, 47, 0, 100, 1, 2
0, 51, 8, 20, 40, 0, 78, 11, 100, 43, 95, 81, 61, 100, 27, 85, 0
50, 100, 4, 93, 22, 66, 42, 84, 66, 49, 100, 15, 56, 0, 0, 10, 9
0, 93, 43, 100, 66, 77, 59, 39, 59, 0, 40, 22, 54, 42, 100, 50, 7
44, 68, 79, 100, 26, 93, 59, 67, 100, 71, 95, 25, 56, 0, 0, 12, 9
0, 94, 60, 100, 75, 82, 65, 51, 63, 20, 62, 0, 39, 28, 100, 38, 7
5, 68, 23, 100, 63, 78, 55, 32, 14, 4, 0, 15, 50, 10, 100, 0, 2
17, 80, 48, 100, 70, 77, 56, 54, 100, 45, 91, 13, 48, 0, 0, 6, 3
0, 91, 32, 100, 49, 77, 39, 50, 21, 25, 20, 5, 60, 3, 100, 0, 2
50, 100, 7, 82, 0, 54, 57, 42, 100, 57, 74, 55, 48, 28, 39, 0, 4
12, 88, 53, 100, 100, 94, 68, 69, 80, 39, 95, 10, 51, 0, 0, 6, 3
0, 78, 38, 100, 100, 96, 93, 69, 57, 45, 15, 21, 18, 3, 85, 0, 2
12, 96, 75, 100, 100, 69, 74, 35, 47, 0, 23, 13, 0, 43, 98, 44, 7
72, 100, 26, 94, 0, 62, 0, 28, 38, 0, 100, 4, 67, 24, 21, 1, 6
100, 90, 60, 100, 36, 66, 54, 29, 34, 0, 0, 19, 37, 48, 79, 74, 8
0, 61, 34, 68, 68, 82, 100, 100, 100, 87, 81, 58, 63, 30, 50, 0, 1
100, 81, 58, 64, 29, 89, 74, 100, 87, 65, 91, 29, 63, 0, 0, 9, 9
38, 100, 40, 90, 0, 63, 36, 46, 93, 47, 100, 59, 63, 31, 40, 0, 4
63, 100, 53, 74, 0, 49, 65, 48, 100, 56, 88, 62, 71, 26, 69, 0, 4
11, 68, 44, 100, 50, 88, 36, 46, 24, 5, 0, 5, 50, 1, 100, 0, 1
0, 65, 24, 98, 63, 100, 55, 61, 26, 29, 19, 0, 59, 1, 100, 6, 2
37, 85, 74, 100, 73, 68, 49, 38, 19, 10, 0, 4, 51, 10, 100, 0, 2
0, 90, 41, 100, 58, 78, 42, 40, 32, 0, 5, 24, 51, 35, 100, 36, 7
46, 96, 57, 70, 78, 30, 37, 0, 1, 25, 0, 72, 40, 100, 100, 95, 5
44, 56, 99, 74, 100, 100, 30, 80, 0, 49, 74, 64, 62, 39, 36, 0, 9
56, 86, 39, 69, 100, 34, 59, 0, 0, 17, 53, 54, 95, 94, 22, 100, 8
40, 99, 2, 100, 35, 72, 56, 99, 86, 67, 100, 28, 59, 0, 0, 7, 9
0, 0, 34, 12, 67, 28, 89, 50, 100, 77, 84, 100, 58, 85, 85, 65, 9
75, 100, 32, 76, 9, 50, 0, 22, 37, 0, 100, 15, 89, 40, 39, 22, 6
46, 94, 16, 98, 0, 48, 30, 1, 87, 0, 100, 51, 80, 100, 27, 85, 0
56, 97, 16, 100, 0, 55, 18, 11, 67, 0, 100, 36, 91, 82, 44, 98, 0
0, 52, 23, 0, 79, 5, 100, 58, 59, 60, 74, 64, 79, 100, 27, 74, 0
100, 89, 80, 100, 41, 91, 47, 63, 70, 38, 77, 9, 40, 0, 0, 4, 5
0, 80, 25, 100, 61, 89, 51, 57, 28, 28, 0, 2, 50, 0, 100, 1, 2
52, 95, 8, 73, 10, 22, 55, 0, 100, 24, 96, 74, 51, 100, 0, 91, 0
33, 83, 1, 71, 0, 13, 62, 0, 100, 48, 73, 100, 16, 77, 8, 20, 0
17, 36, 37, 4, 72, 0, 100, 29, 92, 75, 62, 100, 26, 96, 0, 66, 0
24, 93, 49, 100, 100, 90, 67, 63, 50, 35, 97, 17, 54, 0, 0, 6, 3
35, 74, 17, 80, 96, 100, 100, 93, 70, 70, 39, 47, 13, 23, 0, 0, 1
21, 93, 0, 65, 56, 35, 48, 0, 17, 26, 61, 60, 100, 95, 32, 100, 8
36, 70, 42, 100, 69, 70, 55, 32, 19, 3, 0, 8, 50, 9, 100, 0, 2
100, 100, 53, 100, 14, 66, 0, 25, 41, 0, 95, 18, 66, 47, 9, 34, 6
0, 100, 38, 100, 65, 72, 60, 36, 52, 0, 40, 17, 46, 41, 100, 45, 7
61, 79, 90, 100, 100, 78, 76, 54, 42, 32, 7, 13, 0, 0, 49, 3, 2
50, 100, 42, 78, 0, 52, 24, 38, 83, 35, 100, 64, 69, 32, 41, 0, 4
97, 95, 48, 100, 13, 67, 0, 25, 41, 0, 91, 16, 100, 56, 68, 91, 0
20, 100, 0, 79, 0, 45, 61, 41, 98, 62, 100, 74, 90, 37, 82, 0, 4
32, 100, 7, 79, 0, 34, 32, 0, 82, 4, 100, 46, 70, 81, 21, 97, 0
24, 90, 0, 69, 43, 39, 45, 0, 13, 17, 21, 62, 43, 99, 100, 100, 5
16, 80, 9, 35, 40, 0, 86, 12, 100, 56, 80, 97, 32, 100, 0, 67, 0
34, 100, 2, 61, 0, 15, 45, 0, 88, 25, 100, 70, 57, 92, 19, 67, 0
18, 82, 53, 100, 76, 79, 45, 64, 90, 45, 100, 14, 52, 0, 0, 5, 3
100, 86, 90, 100, 49, 71, 16, 38, 15, 0, 68, 4, 53, 37, 0, 27, 6
0, 57, 33, 76, 70, 96, 100, 100, 92, 75, 86, 50, 83, 25, 83, 0, 1
0, 55, 35, 84, 60, 100, 50, 65, 47, 29, 15, 0, 31, 4, 100, 6, 1
33, 100, 0, 72, 6, 23, 54, 0, 100, 30, 88, 77, 35, 97, 2, 64, 0
16, 90, 61, 100, 76, 63, 61, 26, 31, 0, 0, 32, 43, 30, 100, 38, 7
0, 55, 50, 77, 100, 100, 86, 88, 71, 63, 67, 37, 69, 12, 86, 0, 1
70, 100, 37, 79, 11, 56, 0, 32, 51, 19, 92, 36, 80, 23, 100, 0, 4
17, 99, 39, 72, 94, 42, 65, 0, 16, 25, 0, 74, 27, 100, 100, 99, 5
95, 100, 66, 81, 31, 52, 12, 18, 53, 0, 100, 18, 56, 35, 0, 28, 6
74, 74, 62, 100, 10, 76, 36, 39, 62, 2, 0, 0, 24, 30, 100, 50, 8
0, 71, 29, 100, 70, 88, 65, 38, 28, 10, 11, 16, 56, 11, 100, 0, 2
59, 87, 23, 74, 0, 33, 21, 0, 68, 9, 100, 43, 87, 85, 43, 100, 0
63, 100, 31, 80, 0, 49, 70, 50, 100, 67, 68, 90, 45, 45, 29, 0, 4
16, 84, 56, 100, 72, 65, 46, 29, 8, 0, 0, 16, 50, 17, 100, 5, 2
19, 92, 58, 100, 100, 100, 94, 79, 73, 55, 69, 25, 40, 5, 0, 0, 3
100, 86, 49, 100, 3, 79, 37, 43, 59, 5, 9, 0, 0, 40, 43, 70, 8
94, 96, 47, 100, 6, 75, 16, 48, 80, 41, 100, 7, 44, 0, 0, 26, 5
78, 100, 51, 62, 0, 32, 18, 31, 95, 29, 100, 58, 73, 39, 57, 0, 4
12, 97, 0, 100, 58, 98, 100, 84, 93, 62, 71, 41, 46, 21, 32, 0, 7
41, 94, 5, 74, 62, 66, 51, 100, 56, 68, 100, 34, 60, 2, 0, 0, 9
95, 90, 70, 95, 0, 100, 0, 66, 69, 59, 100, 27, 53, 0, 16, 13, 5
52, 82, 3, 50, 100, 72, 64, 100, 0, 62, 84, 76, 86, 50, 77, 0, 9
46, 100, 2, 72, 0, 47, 76, 48, 100, 77, 78, 64, 45, 32, 19, 0, 4
100, 100, 54, 100, 17, 85, 15, 50, 55, 47, 85, 22, 50, 0, 0, 6, 5
35, 84, 71, 100, 100, 79, 72, 52, 35, 31, 0, 9, 39, 0, 88, 0, 2
32, 87, 24, 54, 81, 100, 0, 72, 18, 44, 36, 0, 100, 44, 19, 49, 8
75, 100, 44, 70, 23, 34, 47, 4, 100, 6, 89, 29, 36, 26, 0, 0, 6
28, 100, 21, 67, 63, 34, 39, 0, 7, 29, 0, 68, 25, 95, 100, 96, 5
38, 100, 7, 91, 0, 62, 33, 40, 91, 48, 100, 54, 69, 28, 56, 0, 4
100, 97, 88, 100, 53, 70, 25, 36, 17, 0, 69, 10, 58, 39, 0, 29, 6
39, 96, 24, 64, 43, 28, 0, 0, 7, 45, 15, 93, 46, 100, 100, 100, 5
46, 78, 26, 54, 84, 100, 0, 75, 24, 42, 29, 0, 100, 44, 20, 39, 8
0, 93, 63, 100, 100, 90, 89, 47, 77, 5, 51, 0, 27, 26, 94, 36, 7
58, 100, 100, 93, 96, 69, 54, 58, 83, 45, 81, 17, 45, 0, 0, 3, 3
38, 89, 84, 100, 79, 73, 46, 49, 91, 42, 100, 16, 52, 0, 0, 7, 3
76, 90, 29, 69, 33, 100, 76, 94, 88, 57, 100, 20, 62, 0, 0, 4, 9
2, 90, 0, 63, 39, 52, 60, 6, 23, 0, 15, 64, 43, 99, 100, 100, 5
55, 66, 51, 100, 86, 87, 63, 42, 25, 9, 0, 4, 50, 8, 100, 0, 2
100, 100, 62, 86, 43, 56, 42, 25, 71, 0, 91, 23, 51, 40, 0, 34, 6
84, 74, 74, 100, 32, 74, 58, 34, 49, 0, 0, 8, 48, 37, 100, 62, 8
21, 99, 0, 60, 3, 17, 50, 0, 94, 25, 100, 68, 64, 100, 15, 90, 0
58, 100, 21, 80, 0, 48, 9, 14, 56, 0, 100, 16, 64, 27, 25, 8, 6
44, 87, 25, 100, 22, 68, 68, 85, 91, 59, 100, 18, 53, 0, 0, 3, 9
71, 100, 40, 85, 0, 63, 19, 42, 88, 45, 100, 52, 80, 26, 69, 0, 4
34, 100, 0, 51, 18, 87, 12, 97, 36, 44, 16, 0, 34, 8, 100, 14, 1
9, 96, 13, 59, 76, 45, 60, 0, 3, 12, 0, 63, 24, 100, 100, 100, 5
0, 97, 38, 100, 89, 75, 59, 37, 25, 0, 8, 12, 29, 41, 100, 39, 7
0, 75, 38, 100, 90, 90, 90, 48, 76, 6, 55, 0, 48, 43, 100, 55, 7
11, 69, 42, 100, 73, 71, 56, 29, 19, 0, 0, 11, 50, 13, 100, 7, 2
17, 82, 1, 72, 40, 58, 81, 28, 5, 0, 0, 46, 1, 93, 100, 100, 5
14, 100, 0, 75, 7, 47, 72, 48, 100, 62, 83, 58, 82, 29, 84, 0, 4
54, 97, 20, 73, 48, 34, 35, 0, 0, 22, 50, 50, 100, 78, 71, 100, 8
86, 74, 21, 100, 0, 73, 66, 38, 100, 0, 12, 8, 49, 49, 100, 76, 8
36, 100, 21, 66, 0, 31, 20, 24, 93, 22, 100, 45, 80, 35, 81, 0, 4
11, 91, 57, 100, 100, 93, 66, 62, 33, 29, 5, 0, 0, 35, 60, 37, 7
39, 79, 8, 71, 0, 24, 40, 0, 87, 24, 100, 69, 62, 100, 16, 80, 0
17, 97, 67, 100, 100, 76, 73, 40, 33, 6, 0, 0, 15, 30, 94, 29, 7
0, 92, 52, 100, 81, 74, 53, 40, 25, 6, 12, 0, 5, 30, 100, 38, 7
86, 80, 28, 73, 34, 100, 77, 82, 91, 49, 100, 16, 60, 0, 0, 11, 9
0, 79, 25, 100, 51, 80, 53, 46, 37, 15, 30, 0, 65, 3, 100, 1, 2
0, 48, 35, 57, 67, 78, 99, 100, 100, 88, 79, 58, 63, 27, 75, 0, 1
39, 78, 25, 97, 74, 100, 100, 81, 85, 57, 72, 32, 46, 10, 0, 0, 3
42, 92, 51, 58, 85, 96, 31, 100, 66, 56, 100, 39, 60, 0, 0, 23, 9
0, 37, 15, 60, 52, 81, 92, 100, 100, 82, 80, 55, 60, 27, 43, 0, 1
94, 97, 56, 96, 0, 100, 5, 67, 58, 53, 100, 27, 63, 0, 11, 1, 5
25, 91, 23, 61, 75, 55, 57, 3, 0, 0, 13, 55, 28, 99, 100, 100, 5
0, 99, 39, 100, 65, 72, 49, 30, 23, 0, 8, 36, 53, 43, 100, 47, 7
23, 71, 41, 100, 88, 93, 64, 60, 99, 43, 100, 9, 50, 0, 0, 12, 3
28, 100, 22, 73, 0, 41, 16, 22, 78, 25, 98, 50, 93, 24, 100, 0, 4
41, 100, 0, 84, 16, 56, 95, 55, 100, 86, 70, 64, 51, 32, 42, 0, 4
97, 73, 50, 79, 47, 100, 97, 90, 100, 64, 77, 39, 43, 17, 0, 0, 9
10, 75, 0, 40, 22, 4, 58, 0, 89, 25, 100, 67, 78, 100, 44, 89, 0
39, 90, 95, 100, 100, 99, 45, 86, 64, 72, 91, 43, 53, 13, 0, 0, 5
31, 86, 95, 100, 66, 95, 10, 77, 56, 63, 100, 44, 62, 15, 0, 0, 5
0, 43, 26, 68, 70, 100, 73, 80, 67, 41, 55, 3, 27, 0, 100, 0, 1
48, 63, 42, 100, 94, 99, 94, 62, 90, 54, 100, 19, 51, 0, 0, 11, 3
27, 73, 35, 48, 100, 14, 70, 0, 38, 38, 89, 75, 94, 100, 0, 86, 8
25, 88, 98, 100, 95, 66, 65, 33, 75, 0, 5, 22, 0, 37, 100, 39, 7
32, 100, 0, 70, 77, 67, 60, 95, 60, 86, 97, 52, 100, 13, 19, 0, 9
0, 91, 40, 100, 100, 100, 91, 61, 77, 21, 62, 0, 29, 35, 81, 44, 7
37, 81, 43, 100, 96, 87, 61, 61, 86, 47, 100, 16, 48, 0, 0, 14, 3
66, 88, 100, 70, 83, 100, 42, 70, 96, 71, 95, 38, 64, 0, 0, 1, 9
11, 87, 20, 53, 95, 53, 100, 12, 29, 0, 0, 42, 0, 86, 71, 100, 5
0, 54, 16, 68, 59, 83, 99, 100, 100, 90, 74, 62, 51, 32, 34, 0, 1
100, 82, 61, 100, 50, 68, 72, 31, 38, 0, 0, 16, 31, 49, 78, 76, 8
36, 85, 71, 100, 100, 82, 72, 56, 36, 35, 0, 13, 33, 0, 88, 0, 2
0, 85, 50, 100, 88, 73, 66, 35, 29, 0, 5, 5, 41, 38, 100, 52, 7
19, 100, 84, 89, 84, 59, 63, 29, 37, 0, 0, 9, 16, 32, 100, 31, 7
24, 85, 3, 50, 84, 52, 59, 5, 0, 0, 1, 52, 11, 94, 100, 100, 5
36, 80, 0, 64, 37, 41, 25, 0, 1, 8, 7, 54, 43, 88, 100, 100, 5
37, 90, 31, 68, 100, 85, 49, 100, 0, 81, 75, 67, 67, 33, 34, 0, 9
83, 100, 18, 88, 37, 43, 61, 0, 0, 20, 53, 56, 100, 91, 22, 97, 8
44, 92, 100, 100, 57, 98, 11, 79, 28, 60, 74, 42, 51, 14, 0, 0, 5
0, 91, 35, 100, 100, 97, 81, 63, 44, 32, 8, 0, 9, 14, 49, 29, 7
43, 78, 68, 100, 100, 85, 82, 58, 76, 37, 78, 14, 36, 0, 0, 10, 3
62, 80, 5, 65, 2, 100, 64, 94, 90, 58, 100, 19, 57, 0, 0, 24, 9
0, 25, 26, 48, 66, 73, 100, 100, 96, 93, 72, 62, 48, 31, 31, 0, 1
0, 0, 36, 9, 69, 28, 91, 51, 100, 78, 81, 100, 47, 86, 64, 63, 9
86, 62, 21, 57, 0, 80, 51, 100, 98, 82, 100, 54, 88, 27, 84, 0, 9
96, 100, 44, 85, 14, 53, 7, 18, 57, 0, 100, 19, 57, 40, 0, 28, 6
49, 83, 11, 70, 0, 24, 39, 0, 89, 20, 100, 62, 69, 100, 35, 79, 0
50, 100, 22, 84, 0, 54, 45, 34, 100, 41, 100, 64, 88, 32, 84, 0, 4
100, 100, 53, 89, 17, 60, 4, 28, 33, 0, 90, 18, 60, 42, 0, 22, 6
18, 79, 30, 66, 78, 36, 52, 0, 10, 20, 0, 61, 21, 95, 100, 100, 5
0, 68, 27, 100, 28, 81, 25, 40, 19, 0, 1, 0, 50, 3, 100, 6, 1
0, 81, 9, 100, 40, 85, 33, 54, 11, 26, 18, 9, 60, 4, 100, 0, 2
34, 99, 14, 98, 68, 100, 84, 68, 70, 43, 100, 11, 53, 0, 0, 8, 3
45, 93, 9, 78, 72, 76, 47, 100, 55, 79, 100, 46, 67, 8, 0, 0, 9
0, 37, 35, 57, 67, 80, 100, 100, 87, 76, 69, 50, 56, 25, 46, 0, 1
0, 84, 34, 100, 89, 94, 93, 69, 54, 49, 100, 35, 92, 11, 39, 0, 3
86, 100, 34, 98, 0, 62, 9, 22, 57, 0, 100, 25, 94, 66, 51, 94, 0
95, 100, 50, 82, 19, 58, 0, 31, 18, 6, 73, 0, 100, 14, 44, 12, 6
44, 75, 50, 100, 100, 94, 82, 64, 92, 36, 89, 5, 38, 0, 0, 21, 3
59, 78, 60, 100, 7, 94, 0, 65, 53, 57, 100, 42, 80, 14, 32, 0, 9
27, 60, 73, 91, 85, 100, 80, 62, 76, 25, 0, 9, 4, 0, 100, 8, 1
100, 100, 69, 89, 46, 60, 27, 30, 32, 0, 68, 18, 40, 35, 0, 18, 6
0, 71, 36, 67, 73, 77, 100, 100, 98, 95, 86, 62, 74, 30, 60, 0, 1
77, 97, 13, 85, 62, 41, 100, 0, 24, 11, 48, 63, 72, 100, 0, 76, 8
100, 100, 81, 99, 48, 74, 19, 47, 0, 15, 30, 0, 51, 25, 8, 29, 6
71, 100, 39, 87, 11, 63, 0, 37, 42, 25, 100, 37, 74, 24, 53, 0, 4
39, 84, 17, 56, 31, 11, 74, 0, 100, 38, 87, 81, 44, 100, 0, 87, 0
60, 100, 28, 88, 7, 59, 0, 28, 33, 2, 100, 0, 87, 15, 22, 4, 6
100, 100, 67, 96, 29, 67, 0, 33, 15, 0, 70, 1, 71, 18, 19, 10, 6
2, 61, 0, 8, 41, 0, 77, 31, 100, 80, 67, 100, 30, 69, 11, 20, 0
35, 84, 60, 100, 100, 87, 72, 60, 97, 31, 80, 3, 32, 0, 0, 23, 3
30, 90, 100, 100, 65, 93, 0, 76, 37, 61, 100, 42, 78, 12, 8, 0, 5
6, 74, 37, 100, 66, 91, 54, 53, 27, 21, 0, 0, 53, 0, 100, 3, 2
30, 90, 0, 53, 1, 11, 55, 0, 99, 28, 100, 70, 63, 100, 18, 75, 0
90, 68, 41, 64, 15, 88, 68, 100, 100, 78, 75, 49, 40, 23, 0, 0, 9
100, 99, 60, 100, 53, 77, 90, 94, 82, 70, 66, 43, 37, 20, 0, 0, 9
56, 76, 18, 100, 0, 69, 57, 37, 71, 0, 12, 20, 62, 55, 100, 83, 8
5, 100, 23, 86, 6, 57, 0, 29, 65, 30, 100, 54, 89, 28, 93, 0, 4
0, 0, 31, 14, 68, 33, 94, 57, 100, 83, 63, 100, 36, 80, 82, 74, 9
15, 73, 48, 100, 64, 77, 38, 43, 8, 11, 0, 21, 48, 15, 100, 0, 2
9, 96, 72, 100, 96, 77, 41, 59, 57, 46, 100, 23, 68, 0, 0, 5, 3
0, 67, 48, 99, 71, 100, 74, 56, 75, 10, 9, 0, 19, 0, 100, 3, 1
25, 100, 95, 96, 100, 70, 72, 43, 55, 15, 45, 0, 0, 23, 43, 34, 7
11, 100, 24, 67, 54, 32, 39, 0, 8, 29, 0, 71, 43, 88, 100, 90, 5
48, 88, 100, 100, 92, 63, 56, 30, 16, 0, 0, 15, 30, 39, 91, 38, 7
10, 79, 21, 59, 36, 16, 0, 0, 2, 46, 11, 94, 55, 100, 100, 86, 5
100, 100, 70, 92, 37, 65, 8, 36, 1, 4, 52, 0, 54, 20, 0, 15, 6
14, 65, 36, 100, 67, 82, 50, 40, 17, 6, 0, 0, 50, 4, 100, 2, 2
41, 94, 71, 72, 95, 33, 34, 0, 0, 27, 51, 63, 100, 100, 41, 94, 8
4, 61, 18, 100, 58, 88, 43, 43, 5, 13, 0, 17, 48, 0, 100, 1, 2
59, 100, 9, 64, 0, 23, 61, 17, 100, 28, 73, 82, 57, 60, 50, 0, 4
0, 97, 54, 100, 100, 93, 81, 55, 69, 16, 56, 0, 18, 32, 74, 42, 7
53, 80, 78, 100, 14, 80, 55, 65, 92, 64, 100, 24, 50, 0, 0, 20, 9
36, 66, 71, 100, 62, 70, 48, 23, 21, 0, 0, 5, 50, 8, 100, 10, 1
0, 72, 22, 100, 51, 80, 31, 49, 0, 21, 4, 9, 54, 13, 100, 0, 2
10, 23, 56, 59, 67, 100, 0, 93, 44, 57, 100, 25, 50, 0, 16, 26, 8
100, 86, 70, 100, 45, 64, 83, 64, 98, 70, 96, 30, 62, 1, 0, 0, 9
15, 77, 42, 100, 76, 87, 41, 62, 93, 56, 100, 29, 58, 7, 0, 0, 3
32, 100, 0, 58, 5, 7, 60, 0, 100, 38, 85, 85, 27, 86, 5, 42, 0
57, 70, 81, 100, 72, 71, 60, 35, 50, 0, 0, 4, 49, 6, 100, 9, 1
18, 93, 94, 100, 100, 100, 20, 94, 3, 64, 77, 50, 77, 11, 0, 0, 5
29, 88, 67, 100, 81, 73, 40, 51, 98, 47, 100, 14, 46, 0, 0, 11, 3
58, 100, 35, 74, 0, 42, 33, 40, 96, 42, 100, 66, 88, 36, 94, 0, 4
0, 76, 24, 100, 58, 95, 53, 58, 31, 26, 9, 1, 54, 1, 100, 0, 2
8, 44, 0, 66, 50, 89, 100, 100, 83, 75, 61, 50, 56, 25, 61, 0, 1
100, 100, 52, 87, 19, 61, 0, 30, 12, 0, 63, 4, 49, 24, 0, 14, 6
66, 100, 38, 69, 0, 40, 43, 34, 100, 37, 94, 63, 60, 35, 41, 0, 4
68, 87, 73, 77, 84, 100, 51, 84, 98, 58, 100, 16, 46, 0, 0, 6, 9
5, 94, 66, 100, 100, 76, 98, 49, 71, 22, 34, 0, 0, 25, 78, 37, 7
68, 94, 67, 75, 100, 100, 39, 70, 0, 42, 20, 0, 97, 25, 33, 65, 8
77, 83, 42, 100, 13, 69, 62, 57, 100, 74, 91, 27, 53, 0, 0, 9, 9
63, 67, 13, 77, 39, 100, 96, 93, 100, 67, 75, 43, 40, 20, 0, 0, 9
100, 100, 55, 79, 22, 55, 0, 27, 14, 0, 61, 13, 53, 39, 2, 37, 6
0, 95, 28, 100, 50, 69, 43, 27, 33, 0, 14, 36, 57, 36, 100, 41, 7
45, 100, 42, 79, 11, 45, 0, 7, 62, 0, 100, 23, 41, 35, 33, 11, 6
0, 61, 42, 81, 100, 100, 67, 80, 50, 60, 25, 40, 17, 20, 50, 0, 1
0, 93, 39, 100, 90, 89, 87, 45, 86, 0, 41, 13, 45, 36, 100, 44, 7
72, 63, 21, 54, 0, 80, 46, 100, 95, 84, 100, 50, 78, 18, 34, 0, 9
58, 86, 82, 100, 100, 80, 73, 60, 84, 36, 75, 16, 37, 9, 0, 0, 3
0, 86, 7, 95, 64, 100, 100, 87, 86, 65, 66, 43, 48, 22, 51, 0, 7
3, 100, 0, 81, 3, 55, 33, 34, 84, 36, 100, 50, 86, 25, 97, 0, 4
59, 84, 83, 100, 91, 70, 74, 41, 38, 19, 0, 0, 49, 0, 100, 4, 2
49, 74, 56, 100, 76, 75, 50, 37, 14, 6, 0, 8, 50, 9, 100, 0, 2
7, 64, 57, 80, 100, 100, 87, 85, 74, 59, 67, 34, 52, 9, 0, 0, 1
0, 98, 67, 100, 100, 72, 88, 36, 72, 0, 54, 0, 19, 31, 87, 32, 7
58, 100, 17, 83, 0, 41, 18, 0, 75, 5, 100, 45, 89, 87, 34, 88, 0
51, 100, 25, 74, 0, 47, 57, 42, 100, 46, 80, 72, 70, 35, 56, 0, 4
39, 91, 66, 100, 55, 67, 31, 39, 0, 19, 32, 15, 66, 0, 100, 1, 2
41, 91, 15, 59, 25, 6, 70, 0, 100, 39, 78, 85, 32, 100, 0, 68, 0
16, 87, 53, 100, 82, 82, 40, 56, 75, 50, 100, 20, 56, 0, 0, 4, 3
0, 90, 47, 100, 86, 83, 66, 43, 55, 0, 41, 3, 40, 39, 100, 36, 7
25, 72, 0, 36, 21, 0, 65, 6, 99, 35, 100, 80, 62, 100, 25, 81, 0
43, 84, 36, 63, 100, 38, 75, 0, 33, 24, 61, 66, 61, 100, 0, 73, 8
0, 64, 43, 73, 79, 91, 100, 100, 92, 75, 84, 49, 78, 23, 74, 0, 1
32, 74, 61, 100, 59, 82, 53, 36, 35, 1, 0, 0, 50, 3, 100, 1, 1
0, 55, 27, 75, 60, 93, 100, 100, 100, 74, 89, 50, 75, 25, 64, 0, 1
23, 87, 57, 100, 66, 72, 56, 60, 98, 40, 100, 8, 46, 0, 0, 15, 3
42, 70, 54, 100, 85, 91, 63, 60, 32, 33, 0, 7, 47, 0, 100, 2, 2
0, 38, 29, 61, 63, 80, 95, 100, 100, 87, 81, 59, 62, 29, 47, 0, 1
91, 95, 43, 100, 25, 65, 72, 59, 100, 64, 92, 23, 52, 0, 0, 8, 9
54, 82, 26, 63, 100, 76, 28, 100, 61, 50, 0, 36, 49, 0, 55, 54, 8
100, 100, 65, 75, 36, 47, 20, 17, 51, 0, 96, 21, 54, 34, 0, 22, 6
85, 100, 43, 76, 11, 48, 0, 17, 44, 0, 100, 10, 59, 20, 1, 10, 6
40, 100, 3, 69, 0, 25, 44, 0, 91, 26, 100, 69, 60, 100, 8, 84, 0
62, 100, 88, 96, 60, 74, 82, 56, 100, 31, 84, 5, 41, 0, 0, 11, 3
43, 62, 33, 100, 79, 92, 74, 47, 39, 14, 0, 0, 49, 10, 100, 8, 2
0, 93, 51, 100, 100, 84, 75, 42, 50, 0, 30, 1, 36, 28, 94, 29, 7
100, 100, 85, 97, 65, 65, 49, 33, 46, 0, 86, 10, 47, 24, 0, 19, 6
0, 94, 39, 100, 54, 63, 55, 20, 47, 0, 19, 32, 58, 35, 100, 36, 7
27, 99, 2, 62, 0, 21, 39, 0, 86, 17, 100, 55, 80, 93, 33, 100, 0
63, 93, 69, 100, 38, 67, 16, 31, 43, 4, 100, 22, 48, 25, 0, 0, 6
0, 83, 30, 100, 61, 78, 64, 39, 52, 0, 31, 24, 61, 48, 100, 57, 7
23, 65, 37, 100, 72, 83, 64, 45, 36, 12, 0, 3, 48, 10, 100, 0, 2
79, 98, 0, 87, 39, 48, 95, 13, 28, 0, 46, 40, 100, 77, 58, 100, 8
59, 100, 38, 81, 14, 54, 0, 26, 51, 13, 100, 32, 84, 28, 70, 0, 4
84, 76, 80, 100, 5, 88, 0, 60, 76, 63, 100, 62, 83, 30, 79, 0, 9
37, 85, 73, 100, 100, 77, 72, 50, 99, 39, 84, 9, 40, 0, 0, 14, 3
50, 100, 10, 67, 100, 100, 14, 94, 19, 56, 0, 0, 89, 29, 1, 40, 8
0, 37, 28, 55, 62, 79, 100, 100, 98, 84, 84, 55, 76, 26, 67, 0, 1
81, 100, 56, 78, 22, 54, 0, 30, 46, 14, 100, 27, 100, 25, 87, 0, 4
100, 100, 56, 80, 23, 55, 0, 26, 22, 0, 76, 4, 62, 23, 10, 13, 6
77, 100, 43, 84, 18, 59, 0, 35, 48, 17, 91, 32, 82, 24, 100, 0, 4
29, 91, 100, 100, 79, 100, 4, 95, 21, 68, 68, 42, 68, 14, 0, 0, 5
51, 82, 27, 57, 99, 75, 55, 100, 47, 64, 100, 52, 77, 4, 0, 0, 9
100, 100, 71, 87, 45, 65, 21, 41, 4, 16, 34, 0, 53, 16, 0, 22, 6
44, 100, 8, 62, 0, 14, 50, 0, 99, 31, 100, 78, 45, 90, 11, 49, 0
32, 67, 48, 100, 82, 83, 72, 48, 43, 19, 0, 0, 47, 13, 100, 12, 2
17, 85, 30, 54, 91, 46, 70, 0, 26, 14, 0, 62, 32, 93, 100, 100, 5
0, 37, 35, 58, 70, 80, 100, 100, 86, 75, 70, 50, 56, 25, 49, 0, 1
74, 100, 40, 77, 0, 53, 44, 45, 100, 51, 76, 54, 51, 27, 35, 0, 4
16, 65, 27, 100, 50, 70, 33, 33, 0, 3, 1, 0, 50, 5, 100, 4, 2
98, 85, 30, 100, 0, 68, 77, 64, 84, 78, 100, 39, 94, 0, 15, 1, 9
4, 82, 47, 100, 84, 85, 77, 50, 44, 21, 0, 13, 53, 16, 100, 0, 2
59, 86, 26, 92, 0, 49, 21, 5, 68, 0, 100, 35, 82, 81, 39, 100, 0
0, 55, 58, 77, 100, 100, 89, 97, 63, 73, 37, 49, 11, 24, 0, 0, 1
100, 100, 58, 90, 20, 60, 0, 27, 33, 0, 98, 8, 64, 21, 2, 8, 6
100, 100, 70, 87, 50, 73, 33, 58, 23, 43, 10, 29, 0, 15, 0, 0, 1
0, 100, 73, 98, 100, 80, 77, 44, 61, 8, 36, 0, 3, 27, 78, 30, 7
100, 100, 48, 88, 14, 60, 0, 28, 26, 0, 75, 11, 58, 42, 5, 49, 6
20, 81, 0, 39, 22, 0, 68, 5, 100, 37, 89, 83, 47, 100, 14, 68, 0
69, 100, 35, 94, 12, 59, 9, 23, 55, 0, 100, 20, 38, 28, 0, 2, 6
36, 82, 0, 68, 4, 21, 48, 0, 92, 24, 100, 70, 61, 100, 23, 76, 0
38, 91, 78, 100, 100, 74, 68, 55, 82, 46, 88, 13, 45, 0, 0, 5, 3
26, 95, 58, 100, 73, 74, 55, 47, 27, 23, 0, 0, 49, 2, 100, 2, 2
74, 100, 72, 59, 16, 57, 45, 95, 96, 84, 100, 36, 61, 0, 0, 3, 9
49, 62, 71, 100, 100, 81, 83, 39, 57, 1, 78, 0, 51, 33, 0, 49, 8
0, 87, 39, 100, 73, 81, 68, 38, 47, 0, 22, 35, 59, 52, 100, 64, 7
97, 100, 48, 92, 15, 56, 4, 17, 63, 4, 100, 34, 30, 34, 0, 0, 6
0, 95, 36, 100, 66, 85, 48, 43, 31, 0, 16, 25, 48, 46, 100, 51, 7
39, 90, 0, 69, 72, 55, 69, 12, 2, 0, 7, 47, 22, 91, 100, 100, 5
23, 79, 59, 100, 62, 60, 36, 21, 0, 0, 19, 30, 60, 25, 100, 16, 2
99, 81, 62, 100, 27, 81, 68, 59, 100, 63, 91, 21, 50, 0, 0, 7, 9
4, 58, 19, 15, 66, 0, 100, 33, 99, 78, 57, 100, 15, 71, 0, 29, 0
38, 90, 77, 100, 80, 76, 67, 55, 100, 35, 82, 8, 39, 0, 0, 14, 3
72, 88, 13, 100, 0, 67, 28, 30, 22, 0, 3, 34, 51, 62, 100, 90, 8
0, 79, 28, 58, 99, 80, 48, 100, 12, 79, 100, 68, 87, 34, 84, 0, 9
35, 80, 73, 100, 95, 84, 55, 62, 100, 44, 97, 14, 49, 0, 0, 9, 3
100, 100, 54, 79, 19, 52, 1, 22, 35, 0, 92, 9, 46, 26, 0, 12, 6
35, 77, 53, 100, 66, 74, 42, 45, 8, 19, 0, 15, 51, 11, 100, 0, 2
22, 100, 0, 54, 18, 10, 100, 14, 94, 56, 63, 100, 59, 50, 60, 0, 4
2, 78, 35, 100, 56, 78, 35, 40, 0, 11, 5, 4, 53, 2, 100, 0, 2
52, 100, 0, 36, 36, 0, 100, 52, 40, 73, 15, 45, 65, 60, 5, 2, 0
9, 100, 0, 72, 27, 51, 100, 55, 97, 86, 72, 61, 53, 30, 48, 0, 4
58, 54, 98, 85, 96, 100, 79, 64, 52, 27, 0, 0, 10, 3, 100, 5, 1
26, 86, 0, 53, 63, 40, 72, 0, 29, 3, 31, 49, 27, 92, 100, 100, 5
80, 89, 52, 97, 46, 49, 59, 0, 0, 6, 51, 44, 100, 84, 49, 100, 8
0, 36, 29, 54, 67, 76, 100, 100, 80, 76, 58, 50, 36, 25, 18, 0, 1
89, 100, 52, 74, 30, 43, 19, 11, 63, 0, 100, 23, 56, 44, 0, 41, 6
20, 78, 75, 75, 100, 100, 0, 93, 35, 77, 97, 64, 82, 32, 65, 0, 9
0, 82, 8, 35, 42, 0, 88, 21, 100, 66, 67, 100, 22, 80, 15, 35, 0
20, 98, 9, 55, 71, 53, 70, 0, 0, 5, 10, 60, 24, 93, 100, 100, 5
24, 86, 21, 63, 66, 32, 27, 0, 1, 25, 0, 72, 37, 100, 100, 99, 5
100, 71, 44, 70, 53, 100, 85, 86, 86, 51, 90, 16, 50, 0, 0, 19, 9
10, 63, 43, 100, 100, 85, 75, 43, 35, 6, 61, 0, 58, 35, 0, 66, 8
100, 81, 40, 100, 0, 66, 68, 63, 95, 91, 99, 49, 85, 8, 5, 0, 9
60, 65, 95, 100, 100, 76, 67, 38, 37, 0, 76, 8, 57, 44, 0, 62, 8
51, 86, 77, 100, 64, 70, 89, 58, 100, 27, 75, 0, 35, 0, 0, 18, 3
16, 89, 76, 100, 100, 100, 32, 90, 22, 62, 81, 41, 67, 3, 0, 0, 5
13, 71, 0, 35, 19, 0, 67, 8, 100, 38, 96, 78, 55, 100, 14, 82, 0
0, 88, 47, 100, 100, 94, 97, 62, 75, 31, 52, 0, 38, 22, 58, 43, 7
94, 72, 56, 72, 39, 95, 88, 100, 100, 73, 71, 46, 37, 22, 0, 0, 9
1, 74, 23, 100, 83, 87, 75, 42, 49, 0, 100, 2, 55, 34, 0, 64, 8
22, 100, 12, 71, 0, 41, 30, 26, 100, 27, 99, 42, 74, 30, 73, 0, 4
13, 71, 51, 100, 100, 78, 57, 39, 15, 0, 79, 8, 25, 44, 0, 82, 8
17, 87, 0, 65, 46, 54, 63, 11, 18, 0, 19, 55, 33, 99, 100, 100, 5
100, 100, 38, 87, 2, 62, 48, 51, 94, 28, 70, 0, 0, 4, 2, 28, 5
0, 55, 48, 76, 78, 100, 76, 85, 69, 60, 66, 36, 74, 11, 100, 0, 1
79, 70, 18, 71, 38, 100, 72, 80, 85, 48, 100, 16, 57, 0, 0, 15, 9
21, 65, 80, 84, 100, 100, 80, 72, 75, 43, 66, 14, 0, 3, 29, 0, 1
91, 100, 52, 89, 24, 57, 13, 22, 57, 0, 100, 23, 60, 49, 0, 43, 6
32, 63, 76, 31, 50, 0, 0, 14, 50, 44, 100, 73, 78, 100, 24, 75, 8
4, 66, 27, 100, 47, 73, 29, 30, 0, 3, 31, 5, 65, 3, 100, 0, 2
86, 98, 19, 85, 47, 41, 74, 0, 0, 10, 42, 49, 100, 84, 51, 100, 8
0, 47, 41, 65, 76, 88, 100, 100, 74, 75, 49, 51, 31, 26, 24, 0, 1
12, 95, 0, 53, 8, 12, 60, 0, 99, 31, 100, 73, 56, 100, 7, 78, 0
0, 12, 25, 38, 48, 65, 77, 90, 100, 100, 97, 66, 91, 32, 88, 0, 1
41, 90, 0, 68, 9, 9, 57, 0, 100, 30, 91, 84, 45, 100, 5, 73, 0
12, 67, 14, 25, 50, 0, 93, 17, 100, 57, 72, 91, 28, 100, 0, 67, 0
20, 71, 30, 100, 75, 97, 59, 63, 25, 35, 0, 10, 50, 3, 100, 0, 2
100, 100, 41, 74, 0, 46, 75, 51, 96, 65, 85, 82, 77, 41, 80, 0, 4
54, 71, 71, 100, 92, 77, 70, 40, 37, 10, 0, 0, 50, 7, 100, 9, 2
6, 99, 77, 100, 88, 68, 62, 35, 52, 0, 0, 22, 26, 31, 100, 25, 7
15, 100, 28, 93, 0, 62, 13, 37, 82, 33, 100, 64, 91, 31, 89, 0, 4
0, 100, 58, 97, 80, 76, 52, 40, 41, 0, 4, 25, 32, 39, 100, 42, 7
22, 89, 0, 46, 9, 0, 46, 0, 79, 24, 100, 67, 75, 100, 39, 97, 0
60, 100, 46, 57, 0, 23, 27, 14, 100, 14, 98, 57, 80, 43, 82, 0, 4
0, 99, 81, 100, 93, 75, 65, 38, 40, 0, 24, 0, 15, 30, 100, 32, 7
43, 95, 12, 85, 0, 40, 29, 4, 75, 0, 100, 37, 79, 78, 38, 100, 0
0, 82, 32, 100, 69, 84, 47, 58, 82, 46, 100, 21, 66, 0, 13, 1, 3
0, 63, 43, 77, 70, 100, 62, 63, 54, 25, 27, 1, 49, 2, 100, 0, 1
0, 82, 36, 100, 83, 88, 64, 62, 83, 48, 100, 16, 57, 0, 14, 13, 3
23, 97, 6, 54, 65, 45, 43, 0, 0, 12, 0, 65, 33, 95, 100, 100, 5
63, 98, 8, 83, 73, 43, 100, 0, 0, 5, 35, 49, 97, 90, 13, 100, 8
17, 81, 43, 100, 100, 91, 75, 63, 49, 37, 98, 16, 62, 0, 0, 1, 3
23, 70, 44, 60, 90, 36, 58, 0, 0, 13, 9, 56, 27, 94, 100, 100, 5
67, 99, 18, 97, 32, 47, 69, 0, 0, 4, 45, 49, 100, 91, 42, 100, 8
0, 77, 25, 100, 53, 86, 43, 52, 17, 21, 1, 0, 51, 0, 100, 0, 2
3, 100, 0, 83, 2, 53, 49, 40, 100, 52, 92, 57, 71, 29, 60, 0, 4
28, 89, 63, 100, 84, 71, 69, 38, 32, 14, 0, 17, 52, 13, 100, 0, 2
49, 100, 0, 30, 39, 0, 100, 59, 49, 79, 19, 44, 85, 80, 23, 21, 0
37, 75, 46, 100, 69, 80, 40, 44, 1, 15, 0, 16, 50, 7, 100, 0, 2
35, 79, 66, 100, 87, 72, 69, 38, 36, 10, 0, 0, 50, 4, 100, 5, 2
0, 71, 44, 85, 85, 100, 100, 96, 95, 71, 88, 46, 86, 21, 85, 0, 1
100, 100, 58, 79, 30, 53, 18, 24, 42, 0, 93, 10, 52, 23, 0, 16, 6
40, 56, 100, 92, 26, 100, 15, 51, 77, 9, 0, 0, 16, 46, 100, 80, 8
15, 100, 4, 72, 0, 38, 48, 31, 100, 38, 96, 64, 81, 32, 63, 0, 4
0, 53, 40, 72, 82, 95, 100, 100, 68, 75, 38, 51, 18, 25, 10, 0, 1
11, 74, 22, 100, 93, 98, 91, 69, 49, 41, 0, 17, 25, 0, 100, 6, 2
1, 80, 33, 100, 84, 93, 54, 64, 84, 44, 100, 15, 52, 0, 0, 1, 3
0, 96, 58, 100, 86, 86, 65, 44, 55, 0, 38, 11, 38, 39, 100, 42, 7
42, 100, 8, 77, 0, 32, 30, 0, 72, 7, 100, 42, 81, 80, 40, 81, 0
9, 100, 4, 86, 0, 62, 4, 37, 54, 25, 100, 42, 79, 24, 84, 0, 4
25, 100, 45, 97, 24, 63, 0, 29, 43, 14, 91, 37, 89, 34, 100, 0, 4
93, 100, 24, 77, 9, 56, 100, 53, 96, 80, 74, 73, 39, 36, 0, 0, 4
24, 100, 5, 57, 0, 13, 41, 0, 84, 25, 100, 65, 57, 86, 7, 87, 0
0, 91, 27, 100, 69, 83, 60, 42, 54, 0, 100, 22, 76, 44, 23, 49, 7
100, 100, 44, 89, 11, 61, 0, 30, 23, 0, 84, 1, 88, 28, 28, 29, 6
41, 91, 75, 100, 72, 71, 69, 56, 100, 41, 74, 15, 28, 0, 0, 12, 3
100, 97, 54, 100, 40, 72, 87, 88, 94, 80, 61, 40, 26, 0, 0, 9, 9
16, 90, 0, 57, 13, 12, 62, 0, 100, 30, 90, 76, 45, 100, 3, 77, 0
23, 100, 3, 69, 0, 38, 58, 26, 100, 45, 97, 60, 76, 30, 60, 0, 4
0, 85, 33, 100, 82, 80, 51, 56, 67, 45, 100, 17, 53, 0, 11, 20, 3
0, 83, 28, 100, 78, 92, 85, 64, 91, 46, 100, 17, 57, 0, 5, 3, 3
0, 82, 41, 100, 75, 72, 68, 22, 42, 0, 11, 37, 54, 47, 100, 46, 7
75, 77, 65, 100, 0, 83, 30, 62, 99, 78, 100, 47, 74, 17, 10, 0, 9
14, 100, 9, 91, 0, 49, 57, 40, 100, 41, 88, 86, 65, 45, 53, 0, 4
60, 78, 100, 100, 38, 100, 0, 76, 70, 79, 96, 56, 75, 27, 44, 0, 9
75, 100, 4, 88, 0, 61, 74, 70, 100, 88, 82, 58, 56, 28, 51, 0, 9
0, 64, 56, 81, 100, 100, 96, 85, 80, 64, 68, 42, 44, 21, 36, 0, 1
14, 81, 23, 100, 81, 97, 61, 66, 60, 50, 100, 33, 60, 7, 0, 0, 3
100, 100, 70, 86, 32, 63, 5, 37, 0, 10, 51, 0, 62, 15, 3, 17, 6
84, 100, 58, 83, 35, 55, 24, 26, 48, 0, 100, 15, 65, 35, 0, 24, 6
76, 73, 80, 100, 53, 84, 100, 87, 92, 55, 77, 22, 43, 0, 0, 16, 9
0, 41, 40, 58, 74, 80, 100, 100, 88, 75, 75, 50, 65, 25, 65, 0, 1
33, 100, 21, 70, 0, 37, 29, 27, 83, 35, 100, 62, 88, 35, 80, 0, 4
100, 100, 61, 93, 29, 71, 3, 43, 0, 8, 38, 0, 66, 18, 29, 29, 6
0, 91, 51, 100, 79, 81, 64, 50, 58, 17, 55, 0, 41, 27, 100, 34, 7
20, 73, 0, 43, 22, 0, 73, 12, 100, 54, 94, 100, 43, 96, 11, 58, 0
0, 60, 39, 49, 100, 78, 57, 100, 10, 68, 88, 58, 80, 20, 11, 0, 9
89, 76, 40, 100, 9, 61, 100, 29, 91, 0, 0, 25, 64, 63, 91, 100, 8
97, 94, 61, 100, 28, 77, 67, 71, 100, 47, 86, 8, 43, 0, 0, 12, 5
39, 85, 18, 100, 20, 67, 67, 76, 83, 71, 100, 29, 61, 0, 0, 13, 9
26, 88, 54, 100, 100, 89, 94, 59, 95, 35, 77, 6, 30, 0, 0, 12, 3
19, 97, 0, 69, 72, 60, 85, 20, 19, 0, 11, 47, 26, 96, 100, 100, 5
17, 89, 0, 49, 2, 7, 51, 0, 91, 26, 100, 66, 67, 98, 18, 100, 0
100, 100, 57, 87, 26, 58, 14, 26, 43, 0, 87, 13, 45, 28, 0, 10, 6
27, 100, 18, 65, 52, 36, 20, 0, 0, 27, 6, 77, 45, 95, 100, 96, 5
77, 99, 0, 73, 100, 100, 12, 84, 6, 48, 12, 0, 99, 39, 16, 51, 8
0, 84, 35, 100, 69, 81, 65, 55, 100, 37, 91, 9, 48, 0, 15, 12, 3
95, 100, 39, 87, 4, 53, 0, 15, 61, 0, 100, 31, 38, 31, 21, 0, 6
51, 77, 74, 100, 100, 78, 72, 49, 94, 33, 80, 4, 33, 0, 0, 24, 3
36, 100, 60, 100, 57, 68, 33, 41, 0, 20, 12, 8, 56, 6, 100, 0, 2
28, 88, 58, 100, 61, 74, 46, 54, 95, 45, 100, 20, 54, 5, 0, 0, 3
59, 77, 0, 77, 49, 38, 93, 0, 10, 6, 38, 45, 100, 79, 52, 100, 8
0, 48, 42, 71, 64, 100, 56, 56, 54, 13, 33, 0, 42, 3, 100, 3, 1
53, 97, 0, 72, 66, 38, 95, 0, 29, 15, 71, 55, 100, 98, 15, 100, 8
8, 69, 58, 95, 62, 100, 54, 61, 44, 23, 0, 0, 29, 3, 100, 8, 1
0, 96, 42, 100, 66, 73, 55, 36, 44, 0, 20, 31, 50, 44, 100, 46, 7
82, 100, 40, 81, 6, 52, 0, 18, 51, 0, 100, 16, 58, 35, 8, 20, 6
0, 91, 52, 100, 92, 84, 73, 43, 62, 0, 42, 0, 45, 23, 100, 28, 7
0, 86, 30, 100, 65, 89, 50, 60, 74, 37, 100, 14, 55, 0, 9, 0, 3
70, 89, 34, 67, 71, 37, 51, 2, 0, 0, 23, 45, 49, 88, 100, 100, 5
8, 99, 48, 100, 75, 68, 66, 25, 63, 0, 100, 25, 51, 37, 0, 41, 7
66, 48, 100, 82, 52, 100, 39, 64, 79, 29, 43, 0, 0, 26, 59, 56, 8
0, 100, 73, 94, 95, 71, 74, 36, 62, 0, 41, 5, 24, 30, 100, 35, 7
32, 82, 69, 100, 74, 70, 57, 49, 100, 33, 94, 5, 47, 0, 0, 7, 3
1, 67, 44, 100, 100, 75, 64, 36, 17, 0, 100, 18, 42, 52, 0, 88, 8
0, 100, 50, 93, 100, 93, 91, 64, 74, 31, 54, 0, 18, 23, 66, 29, 7
39, 100, 69, 58, 95, 10, 14, 0, 17, 42, 100, 66, 91, 100, 0, 100, 8
72, 70, 100, 100, 25, 94, 0, 63, 72, 74, 92, 57, 66, 23, 9, 0, 9
88, 95, 60, 69, 74, 18, 10, 0, 0, 35, 67, 59, 100, 100, 36, 100, 8
42, 71, 79, 100, 73, 81, 58, 34, 38, 0, 0, 11, 50, 10, 100, 10, 1
39, 96, 4, 61, 0, 18, 49, 0, 96, 26, 100, 70, 61, 100, 5, 88, 0
47, 100, 15, 78, 0, 50, 40, 29, 100, 35, 91, 54, 74, 26, 64, 0, 4
72, 100, 6, 80, 0, 50, 100, 54, 95, 72, 67, 87, 61, 41, 77, 0, 4
100, 100, 83, 85, 63, 60, 44, 34, 32, 6, 50, 0, 36, 21, 0, 15, 6
38, 87, 11, 47, 18, 2, 66, 0, 100, 35, 91, 80, 45, 100, 0, 83, 0
10, 87, 17, 58, 88, 50, 86, 0, 17, 6, 0, 58, 21, 92, 100, 100, 5
0, 95, 52, 100, 59, 75, 50, 37, 54, 0, 19, 5, 43, 27, 100, 37, 7
33, 100, 84, 95, 81, 73, 58, 56, 100, 38, 99, 13, 51, 0, 0, 2, 3
100, 100, 62, 84, 35, 57, 19, 24, 40, 0, 72, 18, 37, 31, 0, 14, 6
0, 52, 3, 57, 47, 79, 90, 100, 100, 88, 79, 59, 60, 30, 60, 0, 1
0, 54, 0, 72, 42, 90, 91, 100, 100, 76, 74, 51, 48, 26, 26, 0, 1
0, 77, 23, 100, 67, 73, 64, 36, 41, 0, 6, 24, 33, 44, 100, 45, 7
13, 81, 31, 100, 69, 82, 61, 52, 32, 26, 0, 2, 47, 0, 100, 2, 2
0, 72, 41, 84, 80, 100, 100, 100, 84, 74, 66, 49, 48, 24, 37, 0, 1
2, 93, 0, 97, 50, 98, 100, 100, 72, 78, 47, 53, 31, 26, 27, 0, 7
69, 70, 61, 100, 2, 84, 23, 41, 48, 0, 0, 23, 43, 59, 100, 84, 8
70, 90, 27, 73, 1, 100, 57, 90, 84, 57, 100, 21, 66, 0, 0, 8, 9
0, 92, 20, 100, 68, 94, 49, 46, 24, 0, 14, 16, 44, 48, 100, 56, 7
0, 89, 44, 100, 92, 93, 100, 61, 93, 29, 82, 0, 38, 18, 71, 32, 7
23, 90, 0, 47, 16, 0, 74, 12, 100, 57, 76, 100, 20, 79, 2, 33, 0
49, 90, 81, 100, 96, 69, 74, 38, 24, 20, 0, 32, 58, 21, 100, 0, 2
0, 83, 40, 100, 74, 78, 69, 39, 63, 0, 60, 7, 48, 34, 100, 34, 7
20, 77, 0, 44, 25, 0, 77, 9, 100, 54, 76, 100, 26, 100, 8, 53, 0
24, 85, 14, 63, 69, 38, 60, 0, 24, 16, 0, 55, 32, 91, 100, 100, 5
30, 58, 79, 91, 100, 100, 88, 60, 79, 20, 16, 0, 0, 1, 86, 2, 1
20, 77, 61, 100, 100, 80, 48, 46, 9, 7, 68, 0, 25, 39, 0, 82, 8
46, 89, 63, 100, 96, 78, 59, 53, 100, 47, 100, 18, 50, 0, 0, 9, 3
22, 100, 25, 63, 54, 26, 22, 0, 0, 37, 2, 82, 49, 96, 100, 95, 5
81, 73, 73, 100, 0, 85, 27, 60, 100, 76, 99, 64, 94, 31, 86, 0, 9
1, 73, 29, 100, 74, 97, 56, 63, 21, 34, 0, 4, 50, 0, 100, 0, 2
46, 73, 80, 100, 70, 86, 61, 46, 45, 8, 0, 0, 47, 4, 100, 7, 1
42, 100, 19, 75, 1, 49, 0, 23, 54, 17, 100, 32, 84, 27, 86, 0, 4
59, 65, 91, 100, 84, 96, 72, 50, 51, 8, 0, 0, 45, 1, 100, 0, 1
77, 96, 38, 100, 58, 77, 99, 86, 100, 50, 84, 12, 43, 0, 0, 0, 9
0, 94, 68, 100, 89, 68, 72, 33, 43, 0, 3, 21, 25, 50, 100, 58, 7
100, 93, 48, 100, 27, 69, 30, 33, 16, 0, 0, 26, 41, 51, 100, 58, 8
32, 96, 70, 100, 12, 95, 32, 66, 89, 62, 100, 22, 51, 0, 0, 16, 5
15, 84, 0, 57, 5, 17, 52, 0, 95, 28, 100, 67, 70, 100, 20, 87, 0
53, 64, 73, 100, 70, 83, 67, 42, 36, 11, 0, 0, 49, 4, 100, 9, 1
76, 93, 24, 100, 0, 72, 58, 73, 74, 74, 100, 42, 92, 12, 37, 0, 9
56, 97, 15, 77, 0, 35, 23, 0, 70, 3, 100, 36, 95, 78, 54, 100, 0
17, 81, 59, 100, 76, 75, 53, 48, 100, 44, 89, 13, 40, 0, 0, 20, 3
80, 100, 28, 81, 44, 70, 89, 82, 89, 54, 100, 25, 69, 4, 0, 0, 9
32, 75, 59, 100, 88, 84, 72, 54, 100, 38, 89, 10, 39, 0, 0, 19, 3
0, 61, 29, 88, 51, 100, 43, 66, 43, 32, 23, 0, 11, 2, 100, 3, 1
79, 98, 30, 90, 2, 53, 0, 10, 46, 0, 88, 27, 100, 70, 73, 100, 0
24, 100, 17, 56, 58, 34, 37, 0, 0, 23, 12, 59, 51, 85, 100, 93, 5
0, 54, 47, 78, 69, 100, 53, 68, 33, 35, 0, 6, 31, 0, 100, 7, 1
0, 100, 81, 100, 68, 62, 34, 26, 24, 0, 92, 28, 100, 50, 5, 46, 7
100, 100, 74, 90, 28, 68, 0, 44, 77, 46, 72, 48, 37, 23, 9, 0, 4
100, 100, 58, 80, 26, 58, 0, 35, 0, 11, 61, 0, 74, 12, 16, 6, 6
97, 82, 68, 100, 42, 69, 44, 32, 23, 0, 0, 24, 42, 49, 100, 61, 8
36, 84, 81, 100, 97, 70, 52, 46, 96, 33, 100, 5, 45, 0, 0, 18, 3
29, 94, 91, 100, 60, 92, 34, 70, 72, 65, 100, 31, 60, 0, 0, 13, 5
0, 89, 33, 100, 49, 54, 39, 6, 16, 0, 10, 36, 55, 35, 100, 31, 7
47, 100, 31, 76, 0, 45, 63, 50, 100, 64, 92, 61, 94, 28, 96, 0, 4
53, 100, 16, 78, 0, 47, 59, 38, 100, 63, 86, 58, 58, 29, 29, 0, 4
20, 82, 71, 100, 100, 96, 41, 87, 10, 71, 62, 48, 54, 0, 0, 0, 5
0, 67, 44, 80, 88, 100, 100, 88, 88, 66, 69, 44, 50, 22, 50, 0, 1
57, 100, 84, 99, 79, 71, 68, 47, 100, 30, 77, 9, 38, 0, 0, 3, 3
46, 100, 11, 80, 0, 55, 51, 43, 100, 62, 81, 48, 65, 24, 73, 0, 4
6, 97, 62, 100, 89, 70, 62, 34, 42, 0, 100, 25, 76, 40, 0, 36, 7
67, 100, 39, 88, 10, 56, 0, 20, 44, 0, 100, 12, 92, 38, 31, 37, 6
70, 96, 26, 100, 3, 64, 0, 24, 40, 0, 88, 14, 100, 52, 86, 92, 0
51, 90, 100, 100, 73, 93, 42, 67, 81, 46, 96, 14, 49, 0, 0, 6, 5
38, 86, 66, 100, 100, 94, 70, 74, 71, 39, 70, 7, 35, 0, 0, 3, 3
9, 84, 44, 100, 67, 78, 27, 55, 83, 44, 100, 14, 48, 0, 0, 3, 3
97, 88, 41, 100, 31, 59, 98, 67, 100, 91, 97, 46, 75, 2, 0, 0, 9
30, 91, 72, 60, 91, 96, 47, 100, 95, 75, 100, 19, 52, 0, 0, 1, 9
16, 96, 94, 100, 28, 96, 4, 68, 35, 51, 100, 35, 65, 0, 0, 14, 5
37, 55, 41, 86, 100, 100, 97, 71, 83, 53, 96, 23, 49, 0, 0, 9, 3
93, 84, 52, 100, 6, 83, 0, 35, 28, 0, 77, 6, 100, 47, 89, 79, 0
67, 100, 25, 89, 0, 51, 4, 8, 49, 0, 88, 26, 100, 68, 67, 97, 0
100, 100, 61, 83, 35, 63, 12, 43, 0, 22, 4, 0, 41, 6, 27, 25, 6
95, 100, 46, 78, 11, 44, 7, 6, 66, 0, 100, 29, 48, 46, 0, 28, 6
0, 78, 54, 69, 100, 92, 55, 100, 34, 69, 90, 75, 93, 41, 91, 0, 9
48, 91, 63, 100, 32, 78, 0, 56, 51, 46, 100, 48, 78, 24, 65, 0, 4
0, 75, 60, 100, 69, 89, 66, 51, 73, 13, 13, 2, 35, 0, 100, 3, 1
0, 83, 52, 100, 100, 82, 80, 41, 53, 0, 30, 3, 33, 40, 99, 45, 7
84, 100, 34, 84, 69, 76, 91, 80, 90, 55, 100, 29, 60, 11, 0, 0, 9
0, 96, 54, 100, 65, 76, 41, 39, 24, 0, 16, 14, 45, 34, 100, 35, 7
1, 66, 8, 100, 29, 77, 22, 35, 0, 2, 31, 0, 65, 4, 100, 10, 2
88, 63, 73, 100, 25, 98, 0, 55, 11, 11, 57, 0, 100, 23, 98, 68, 0
20, 88, 1, 52, 17, 7, 69, 0, 100, 38, 85, 84, 36, 100, 0, 69, 0
34, 95, 78, 100, 100, 83, 65, 63, 91, 37, 91, 11, 46, 0, 0, 5, 3
97, 91, 0, 94, 19, 58, 68, 22, 12, 0, 20, 37, 81, 70, 100, 100, 8
0, 74, 30, 100, 66, 87, 51, 51, 21, 21, 4, 0, 52, 1, 100, 7, 2
13, 65, 58, 82, 100, 100, 77, 80, 52, 60, 32, 40, 10, 20, 0, 0, 1
32, 100, 0, 74, 9, 46, 73, 52, 100, 83, 77, 64, 53, 32, 32, 0, 4
40, 95, 16, 58, 100, 52, 90, 10, 12, 0, 0, 48, 8, 89, 94, 100, 5
15, 82, 5, 53, 43, 23, 10, 0, 2, 41, 0, 84, 49, 98, 100, 100, 5
56, 100, 26, 75, 0, 46, 34, 32, 81, 32, 96, 61, 86, 29, 100, 0, 4
100, 93, 52, 100, 38, 70, 89, 83, 99, 72, 92, 30, 56, 1, 0, 0, 9
0, 90, 57, 100, 100, 81, 83, 40, 58, 0, 29, 3, 28, 37, 89, 43, 7
78, 100, 37, 74, 0, 45, 58, 39, 100, 53, 81, 69, 70, 35, 65, 0, 4
100, 97, 64, 100, 35, 79, 29, 42, 74, 44, 82, 17, 43, 0, 0, 3, 5
33, 93, 16, 53, 69, 34, 24, 0, 0, 19, 10, 66, 34, 100, 100, 99, 5
32, 78, 57, 100, 86, 87, 70, 60, 100, 42, 93, 16, 50, 0, 0, 7, 3
55, 78, 81, 100, 67, 70, 51, 40, 36, 10, 0, 0, 49, 4, 100, 7, 1
27, 89, 67, 100, 77, 76, 78, 59, 100, 35, 71, 8, 28, 0, 0, 21, 3
59, 100, 11, 75, 0, 43, 100, 49, 66, 80, 70, 83, 73, 32, 74, 0, 4
28, 95, 0, 55, 8, 8, 55, 0, 93, 32, 100, 79, 59, 100, 15, 78, 0
84, 66, 82, 100, 26, 78, 72, 56, 99, 86, 100, 44, 72, 6, 0, 0, 9
0, 68, 43, 82, 90, 100, 100, 94, 87, 71, 78, 47, 76, 23, 81, 0, 1
0, 86, 34, 100, 62, 83, 38, 53, 10, 27, 7, 0, 54, 2, 100, 5, 2
34, 84, 72, 100, 95, 78, 65, 52, 100, 39, 95, 11, 49, 0, 0, 2, 3
0, 67, 38, 82, 88, 100, 100, 82, 85, 61, 65, 40, 46, 20, 23, 0, 1
24, 76, 0, 48, 25, 2, 83, 0, 100, 50, 82, 100, 28, 84, 8, 34, 0
100, 100, 91, 86, 71, 72, 53, 58, 38, 44, 24, 29, 11, 15, 0, 0, 1
0, 66, 31, 84, 71, 100, 100, 99, 92, 74, 84, 50, 82, 25, 85, 0, 1
6, 100, 54, 96, 81, 56, 64, 6, 36, 0, 0, 38, 51, 35, 100, 32, 7
0, 50, 42, 72, 81, 95, 100, 100, 88, 75, 69, 50, 49, 25, 32, 0, 1
0, 77, 40, 96, 90, 100, 82, 73, 68, 50, 100, 24, 60, 0, 20, 15, 3
24, 73, 0, 38, 13, 0, 66, 10, 96, 44, 100, 83, 55, 100, 9, 78, 0
26, 88, 0, 49, 9, 5, 61, 0, 100, 30, 94, 73, 52, 100, 4, 83, 0
34, 94, 26, 63, 62, 29, 51, 0, 68, 35, 100, 69, 83, 100, 0, 86, 8
0, 69, 51, 82, 100, 100, 95, 84, 78, 63, 62, 42, 51, 21, 46, 0, 1
17, 78, 53, 100, 68, 73, 37, 41, 0, 14, 25, 25, 62, 0, 100, 15, 2
34, 91, 8, 49, 26, 2, 72, 0, 100, 42, 86, 93, 42, 100, 0, 75, 0
64, 100, 15, 93, 0, 56, 10, 19, 51, 0, 94, 20, 100, 57, 86, 94, 0
0, 53, 31, 81, 51, 100, 50, 62, 46, 25, 15, 0, 59, 1, 100, 3, 1
16, 86, 70, 100, 85, 71, 51, 43, 100, 40, 97, 7, 37, 0, 0, 26, 3
75, 97, 0, 100, 47, 68, 100, 35, 63, 0, 5, 23, 39, 63, 86, 97, 8
100, 100, 86, 98, 72, 81, 55, 64, 41, 47, 24, 30, 14, 13, 0, 0, 1
100, 84, 19, 100, 0, 67, 64, 34, 67, 0, 5, 19, 58, 55, 77, 89, 8
38, 91, 77, 100, 100, 87, 73, 67, 66, 46, 82, 24, 48, 8, 0, 0, 3
90, 100, 51, 76, 21, 49, 11, 19, 50, 0, 100, 12, 52, 23, 0, 15, 6
20, 100, 13, 75, 45, 41, 31, 0, 0, 12, 6, 57, 44, 89, 100, 100, 5
90, 64, 87, 100, 21, 100, 0, 67, 66, 62, 100, 69, 66, 34, 51, 0, 9
3, 68, 21, 100, 52, 87, 32, 51, 0, 22, 15, 4, 61, 0, 100, 14, 2
56, 83, 78, 50, 100, 11, 19, 0, 25, 37, 80, 71, 83, 100, 0, 84, 8
79, 100, 33, 72, 0, 41, 34, 20, 100, 32, 92, 63, 60, 32, 31, 0, 4
12, 60, 24, 100, 58, 90, 37, 47, 0, 14, 1, 0, 51, 0, 100, 15, 2
0, 68, 23, 100, 54, 88, 41, 34, 10, 0, 22, 7, 61, 8, 100, 8, 2
68, 100, 23, 80, 0, 40, 19, 0, 70, 5, 100, 42, 100, 86, 57, 93, 0
26, 73, 0, 66, 38, 100, 50, 90, 20, 47, 6, 19, 52, 0, 100, 9, 2
35, 75, 55, 100, 86, 85, 66, 55, 100, 36, 87, 7, 37, 0, 0, 22, 3
83, 100, 0, 91, 54, 66, 100, 34, 68, 0, 5, 11, 11, 48, 38, 85, 8
0, 93, 42, 100, 69, 72, 68, 36, 66, 0, 42, 15, 50, 33, 100, 35, 7
33, 80, 24, 99, 82, 100, 82, 77, 84, 53, 100, 30, 67, 9, 0, 0, 3
100, 100, 48, 91, 15, 64, 0, 32, 13, 0, 60, 6, 56, 36, 20, 21, 6
52, 89, 56, 100, 100, 96, 75, 74, 65, 50, 80, 26, 44, 8, 0, 0, 3
0, 85, 28, 100, 53, 82, 31, 50, 7, 19, 25, 0, 63, 3, 100, 4, 2
23, 73, 45, 100, 46, 89, 40, 57, 28, 26, 0, 0, 49, 6, 100, 7, 1
100, 100, 73, 90, 55, 75, 55, 60, 36, 45, 18, 30, 0, 15, 0, 0, 1
0, 100, 10, 68, 55, 32, 18, 0, 4, 30, 57, 63, 100, 98, 10, 98, 8
12, 96, 49, 100, 55, 66, 35, 32, 9, 0, 0, 31, 49, 38, 100, 40, 7
0, 89, 39, 95, 100, 100, 100, 78, 74, 40, 57, 0, 28, 4, 69, 17, 7
95, 66, 100, 100, 40, 98, 29, 61, 34, 23, 0, 0, 11, 34, 73, 56, 8
100, 100, 59, 81, 25, 53, 6, 22, 38, 0, 88, 17, 42, 24, 0, 9, 6
100, 99, 52, 100, 42, 65, 41, 29, 11, 0, 0, 30, 40, 58, 100, 70, 8
100, 87, 86, 100, 41, 76, 9, 49, 0, 18, 46, 0, 78, 22, 15, 26, 6
82, 93, 59, 100, 20, 70, 0, 43, 67, 35, 92, 65, 86, 29, 100, 0, 4
45, 100, 19, 72, 0, 41, 47, 31, 100, 32, 82, 63, 78, 33, 80, 0, 4
46, 97, 40, 100, 0, 71, 63, 61, 100, 75, 64, 98, 46, 49, 34, 0, 4
13, 69, 37, 100, 52, 73, 32, 37, 0, 9, 15, 12, 59, 0, 100, 5, 2
54, 83, 100, 100, 89, 94, 38, 87, 38, 70, 77, 34, 42, 0, 0, 19, 5
0, 79, 39, 100, 82, 90, 53, 57, 86, 49, 100, 17, 57, 0, 14, 13, 3
0, 89, 76, 100, 95, 88, 66, 48, 58, 8, 34, 0, 17, 27, 100, 33, 7
57, 88, 4, 100, 0, 63, 63, 33, 100, 0, 28, 14, 49, 52, 91, 87, 8
100, 100, 48, 87, 15, 60, 6, 26, 35, 0, 74, 18, 44, 45, 0, 29, 6
18, 82, 22, 100, 39, 68, 27, 30, 0, 1, 23, 8, 67, 0, 100, 20, 2
35, 96, 42, 100, 16, 65, 7, 28, 44, 0, 100, 16, 62, 35, 0, 22, 6
0, 93, 33, 100, 43, 51, 35, 0, 3, 22, 12, 48, 55, 59, 100, 64, 7
0, 98, 45, 100, 70, 95, 57, 48, 55, 0, 23, 25, 50, 34, 100, 38, 7
21, 74, 43, 100, 52, 64, 32, 28, 0, 6, 22, 3, 61, 0, 100, 1, 2
40, 97, 2, 65, 0, 9, 51, 0, 94, 46, 100, 100, 38, 95, 14, 44, 0
42, 97, 27, 86, 0, 40, 26, 0, 86, 13, 100, 59, 65, 100, 5, 93, 0
0, 46, 49, 68, 72, 100, 68, 88, 64, 55, 55, 22, 9, 1, 100, 0, 1
82, 73, 74, 100, 32, 75, 73, 38, 78, 0, 0, 2, 34, 33, 100, 60, 8
89, 77, 57, 100, 19, 73, 0, 36, 19, 0, 67, 5, 100, 35, 83, 67, 0
80, 100, 42, 78, 12, 46, 0, 10, 56, 0, 100, 22, 61, 49, 8, 33, 6
100, 100, 55, 93, 17, 74, 0, 53, 57, 47, 84, 43, 55, 22, 29, 0, 4
31, 49, 91, 77, 59, 100, 0, 73, 25, 41, 100, 57, 71, 36, 37, 0, 9
0, 96, 52, 100, 72, 90, 57, 46, 63, 0, 23, 24, 49, 37, 100, 43, 7
0, 64, 43, 78, 81, 100, 100, 98, 95, 73, 88, 49, 81, 24, 83, 0, 1
37, 100, 0, 81, 17, 50, 100, 51, 76, 74, 51, 96, 47, 46, 48, 0, 4
19, 65, 68, 37, 56, 0, 0, 5, 36, 40, 85, 71, 100, 100, 36, 80, 8
96, 71, 52, 46, 31, 73, 72, 100, 100, 71, 86, 33, 52, 1, 0, 0, 9
54, 96, 33, 71, 73, 34, 30, 0, 0, 29, 49, 65, 100, 100, 31, 98, 8
63, 89, 100, 100, 85, 96, 39, 88, 43, 64, 70, 32, 40, 0, 0, 9, 5
77, 100, 8, 92, 44, 73, 92, 97, 100, 65, 100, 30, 68, 0, 0, 2, 9
26, 80, 42, 100, 57, 69, 34, 30, 0, 0, 9, 20, 54, 27, 100, 26, 2
66, 100, 41, 77, 0, 49, 18, 29, 77, 30, 100, 63, 90, 30, 95, 0, 4
0, 85, 51, 100, 81, 71, 76, 35, 58, 0, 31, 25, 35, 55, 100, 61, 7
2, 70, 0, 100, 51, 100, 65, 67, 41, 33, 6, 4, 47, 0, 100, 2, 2
76, 91, 100, 100, 89, 75, 84, 51, 85, 23, 61, 2, 23, 0, 0, 22, 3
36, 100, 65, 90, 66, 59, 48, 28, 25, 0, 0, 28, 47, 36, 100, 37, 7
100, 100, 78, 83, 56, 57, 40, 31, 44, 3, 92, 8, 46, 14, 0, 0, 6
92, 69, 36, 74, 0, 87, 52, 100, 98, 86, 100, 56, 79, 28, 58, 0, 9
0, 44, 37, 59, 71, 78, 100, 100, 88, 82, 70, 55, 55, 28, 43, 0, 1
100, 88, 100, 100, 76, 73, 52, 44, 40, 16, 80, 0, 56, 20, 0, 1, 6
0, 71, 56, 80, 100, 100, 93, 86, 74, 64, 59, 43, 48, 20, 59, 0, 1
83, 31, 100, 71, 67, 100, 24, 87, 0, 46, 8, 0, 51, 0, 82, 36, 0
29, 88, 71, 73, 100, 33, 43, 0, 0, 25, 39, 64, 94, 100, 35, 94, 8
0, 95, 52, 100, 71, 86, 63, 42, 62, 0, 27, 33, 48, 50, 100, 53, 7
74, 100, 82, 86, 37, 63, 0, 39, 76, 41, 100, 47, 61, 24, 21, 0, 4
28, 75, 49, 100, 57, 63, 34, 26, 0, 3, 26, 11, 66, 0, 100, 5, 2
41, 94, 82, 100, 97, 79, 81, 54, 100, 30, 86, 6, 42, 0, 0, 1, 3
0, 80, 28, 100, 55, 82, 37, 48, 11, 20, 24, 3, 62, 1, 100, 0, 2
34, 77, 79, 59, 100, 23, 28, 0, 0, 32, 38, 68, 93, 100, 31, 87, 8
37, 93, 2, 89, 0, 33, 42, 0, 92, 11, 100, 65, 60, 100, 9, 91, 0
50, 91, 100, 100, 90, 97, 62, 69, 100, 43, 99, 11, 51, 0, 0, 1, 5
0, 91, 53, 100, 93, 87, 60, 47, 36, 4, 26, 0, 37, 35, 100, 40, 7
52, 89, 1, 100, 0, 72, 60, 76, 68, 73, 100, 39, 88, 6, 27, 0, 9
100, 97, 23, 100, 14, 67, 65, 34, 43, 0, 0, 26, 39, 62, 93, 96, 8
0, 87, 41, 100, 79, 83, 60, 43, 50, 2, 49, 0, 40, 32, 100, 36, 7
100, 100, 81, 89, 67, 74, 48, 59, 33, 45, 22, 30, 7, 15, 0, 0, 1
100, 95, 49, 100, 14, 71, 0, 34, 21, 0, 64, 16, 39, 45, 29, 13, 6
0, 88, 37, 100, 79, 94, 92, 73, 90, 52, 100, 31, 93, 10, 54, 0, 3
19, 75, 64, 99, 100, 100, 48, 90, 5, 63, 53, 51, 47, 2, 0, 0, 5
16, 82, 51, 50, 100, 17, 13, 0, 0, 32, 60, 65, 89, 100, 16, 84, 8
8, 92, 37, 100, 66, 67, 59, 24, 27, 0, 0, 32, 50, 28, 100, 24, 7
0, 79, 31, 100, 79, 95, 51, 66, 82, 50, 100, 21, 58, 0, 12, 12, 3
10, 76, 0, 34, 26, 0, 69, 9, 100, 42, 97, 84, 57, 100, 14, 87, 0
13, 58, 40, 100, 49, 97, 46, 45, 25, 3, 0, 1, 50, 1, 100, 0, 1
28, 100, 1, 75, 0, 45, 70, 38, 100, 66, 88, 58, 60, 29, 34, 0, 4
0, 90, 32, 100, 66, 77, 45, 39, 26, 0, 1, 20, 45, 34, 100, 39, 7
0, 92, 35, 95, 100, 100, 93, 79, 59, 41, 36, 0, 12, 16, 76, 22, 7
0, 65, 43, 81, 84, 100, 100, 92, 90, 69, 80, 46, 73, 22, 53, 0, 1
0, 100, 33, 93, 67, 92, 100, 94, 78, 71, 57, 49, 38, 25, 27, 0, 7
31, 100, 0, 81, 21, 58, 100, 62, 74, 88, 54, 80, 58, 40, 66, 0, 4
35, 69, 58, 100, 85, 86, 65, 48, 35, 13, 0, 1, 53, 0, 100, 25, 2
20, 62, 39, 98, 44, 100, 37, 62, 41, 24, 0, 0, 30, 0, 100, 0, 1
93, 100, 42, 95, 60, 70, 99, 100, 97, 77, 100, 37, 58, 9, 0, 0, 9
14, 67, 44, 47, 44, 9, 0, 0, 23, 36, 63, 68, 100, 100, 44, 88, 8
95, 86, 64, 100, 61, 78, 95, 99, 100, 60, 83, 21, 44, 2, 0, 0, 9
7, 79, 40, 100, 47, 66, 34, 30, 6, 0, 0, 8, 49, 9, 100, 9, 2
17, 99, 30, 100, 0, 53, 14, 4, 83, 0, 100, 46, 28, 55, 6, 13, 6
29, 73, 57, 100, 97, 87, 81, 51, 45, 24, 0, 3, 45, 2, 100, 0, 2
0, 87, 35, 100, 57, 82, 41, 53, 22, 26, 26, 0, 66, 7, 100, 20, 2
16, 70, 39, 75, 80, 100, 62, 68, 53, 36, 50, 6, 0, 0, 100, 3, 1
0, 66, 3, 93, 49, 100, 100, 98, 74, 74, 47, 50, 24, 26, 13, 0, 7
25, 95, 18, 52, 59, 29, 22, 0, 0, 16, 18, 66, 52, 99, 100, 100, 5
0, 94, 43, 100, 62, 92, 49, 47, 48, 0, 25, 17, 53, 33, 100, 38, 7
14, 93, 1, 80, 0, 37, 31, 0, 86, 21, 100, 62, 69, 99, 6, 100, 0
100, 100, 74, 99, 46, 98, 45, 72, 65, 51, 53, 26, 29, 9, 0, 0, 5
28, 100, 12, 86, 0, 67, 22, 52, 58, 46, 93, 38, 100, 19, 91, 0, 4
98, 88, 45, 100, 28, 67, 86, 66, 100, 69, 100, 31, 61, 0, 0, 11, 9
36, 80, 67, 100, 100, 92, 75, 63, 99, 41, 94, 16, 49, 3, 0, 0, 3
40, 100, 15, 69, 0, 44, 60, 52, 100, 66, 87, 66, 91, 30, 82, 0, 4
16, 100, 0, 56, 21, 15, 62, 0, 100, 22, 97, 69, 62, 98, 25, 82, 0
47, 100, 20, 67, 73, 35, 45, 0, 0, 2, 0, 41, 18, 79, 100, 94, 5
46, 100, 0, 100, 7, 61, 63, 30, 48, 0, 8, 28, 50, 64, 100, 98, 8
22, 98, 0, 60, 17, 19, 62, 0, 100, 25, 96, 68, 62, 100, 21, 86, 0
0, 74, 59, 77, 100, 100, 31, 97, 28, 72, 92, 70, 89, 35, 88, 0, 9
35, 100, 4, 69, 5, 30, 42, 0, 92, 24, 100, 63, 60, 93, 0, 78, 0
0, 88, 35, 100, 73, 97, 98, 69, 91, 26, 68, 0, 62, 14, 100, 12, 7
36, 100, 3, 72, 0, 45, 62, 50, 100, 61, 95, 63, 97, 30, 97, 0, 4
0, 57, 27, 90, 84, 100, 100, 66, 67, 33, 21, 7, 24, 0, 84, 2, 2
0, 91, 70, 100, 100, 83, 76, 43, 66, 0, 53, 5, 21, 43, 92, 46, 7
98, 100, 50, 84, 12, 55, 0, 21, 48, 0, 100, 22, 43, 32, 14, 15, 6
43, 100, 10, 76, 0, 47, 10, 18, 53, 0, 100, 12, 86, 36, 33, 38, 6
16, 100, 75, 98, 60, 62, 33, 53, 100, 45, 84, 10, 18, 0, 0, 23, 3
100, 100, 59, 78, 23, 53, 1, 23, 27, 0, 77, 10, 54, 34, 0, 36, 6
33, 81, 56, 52, 74, 15, 0, 0, 10, 34, 64, 66, 100, 100, 24, 89, 8
96, 83, 57, 100, 38, 65, 90, 72, 100, 72, 100, 25, 54, 2, 0, 0, 9
28, 82, 19, 54, 81, 45, 55, 9, 0, 0, 11, 49, 37, 91, 100, 100, 5
78, 100, 31, 86, 57, 71, 88, 89, 100, 53, 94, 17, 50, 1, 0, 0, 9
32, 83, 61, 100, 100, 93, 70, 67, 88, 35, 88, 6, 43, 0, 0, 3, 3
8, 98, 17, 58, 71, 44, 40, 0, 2, 27, 0, 78, 33, 100, 100, 99, 5
0, 82, 49, 100, 98, 82, 91, 46, 73, 11, 46, 0, 38, 21, 100, 19, 7
69, 63, 100, 100, 12, 100, 0, 66, 86, 77, 99, 75, 67, 35, 49, 0, 9
0, 89, 51, 100, 100, 94, 82, 57, 64, 20, 38, 0, 38, 39, 90, 48, 7
33, 79, 43, 100, 60, 73, 42, 38, 12, 8, 0, 9, 50, 0, 100, 8, 2
39, 94, 26, 62, 93, 41, 67, 0, 7, 6, 0, 51, 18, 90, 100, 100, 5
40, 100, 6, 71, 0, 39, 62, 36, 100, 65, 94, 63, 66, 31, 38, 0, 4
52, 100, 15, 72, 0, 32, 24, 0, 69, 8, 100, 40, 92, 81, 49, 89, 0
67, 100, 33, 79, 6, 49, 0, 16, 47, 0, 100, 12, 70, 29, 13, 25, 6
86, 53, 90, 92, 36, 100, 0, 62, 0, 16, 52, 0, 100, 27, 100, 66, 0
100, 100, 60, 83, 24, 51, 0, 17, 45, 0, 94, 17, 57, 41, 6, 30, 6
100, 47, 92, 98, 39, 100, 0, 64, 4, 15, 55, 0, 98, 31, 95, 76, 0
44, 65, 64, 100, 100, 88, 80, 49, 45, 17, 0, 0, 29, 11, 79, 1, 2
33, 76, 100, 100, 46, 72, 3, 40, 0, 5, 81, 0, 93, 26, 6, 19, 6
86, 85, 40, 100, 33, 67, 100, 34, 98, 0, 0, 18, 29, 53, 98, 86, 8
100, 100, 77, 90, 29, 69, 0, 45, 69, 36, 92, 50, 73, 24, 48, 0, 4
65, 83, 24, 100, 18, 71, 79, 37, 78, 0, 0, 22, 44, 59, 100, 92, 8
100, 100, 95, 94, 79, 78, 62, 62, 48, 46, 29, 31, 14, 16, 0, 0, 1
47, 63, 1, 67, 0, 88, 45, 100, 90, 90, 100, 59, 81, 28, 55, 0, 9
83, 91, 2, 100, 21, 67, 77, 36, 62, 0, 0, 17, 42, 54, 100, 87, 8
13, 54, 44, 89, 54, 100, 52, 53, 45, 7, 0, 0, 49, 0, 100, 5, 1
0, 91, 30, 60, 100, 30, 100, 0, 22, 23, 43, 54, 96, 85, 26, 100, 8
34, 71, 63, 100, 100, 80, 57, 53, 91, 36, 91, 5, 33, 0, 0, 15, 3
17, 77, 35, 100, 90, 93, 60, 68, 78, 53, 100, 28, 64, 5, 0, 0, 3
7, 72, 39, 100, 64, 72, 42, 31, 0, 5, 2, 7, 52, 1, 100, 0, 2
1, 69, 26, 100, 59, 85, 37, 46, 2, 14, 0, 16, 55, 0, 100, 17, 2
49, 80, 88, 75, 65, 100, 55, 85, 99, 62, 100, 28, 56, 6, 0, 0, 9
100, 80, 66, 100, 34, 71, 29, 35, 15, 0, 0, 19, 41, 45, 97, 58, 8
100, 100, 63, 83, 27, 57, 0, 26, 25, 0, 76, 12, 58, 39, 15, 24, 6
100, 99, 32, 100, 23, 64, 93, 33, 75, 0, 0, 21, 39, 58, 79, 94, 8
95, 93, 56, 100, 28, 68, 18, 34, 38, 2, 100, 0, 74, 27, 0, 21, 6
72, 100, 66, 68, 93, 98, 44, 83, 90, 74, 100, 30, 60, 0, 0, 9, 9
100, 83, 37, 83, 0, 99, 60, 100, 97, 79, 92, 51, 68, 25, 45, 0, 9
83, 90, 0, 100, 34, 67, 100, 34, 70, 0, 4, 24, 45, 61, 74, 90, 8
22, 80, 59, 100, 85, 81, 41, 62, 92, 47, 100, 15, 49, 0, 0, 12, 3
49, 83, 99, 100, 94, 92, 49, 67, 61, 44, 100, 23, 55, 0, 0, 0, 5
65, 100, 4, 79, 73, 52, 100, 17, 31, 0, 0, 35, 49, 68, 69, 97, 8
25, 85, 54, 100, 78, 77, 61, 48, 100, 35, 80, 10, 36, 0, 0, 16, 3
96, 100, 77, 91, 33, 58, 10, 19, 67, 0, 100, 31, 60, 62, 0, 37, 6
46, 88, 70, 100, 63, 71, 36, 44, 0, 22, 12, 14, 58, 0, 100, 18, 2
100, 100, 84, 97, 71, 81, 57, 65, 43, 49, 29, 32, 14, 16, 0, 0, 1
83, 100, 47, 91, 70, 81, 100, 86, 94, 55, 91, 23, 55, 3, 0, 0, 9
0, 74, 34, 100, 83, 99, 81, 63, 48, 31, 6, 6, 47, 4, 100, 0, 2
13, 88, 5, 45, 26, 0, 73, 7, 100, 49, 85, 93, 37, 100, 0, 70, 0
0, 93, 44, 100, 100, 98, 68, 66, 38, 32, 21, 0, 6, 38, 61, 34, 7
100, 100, 57, 88, 38, 72, 19, 58, 5, 44, 0, 29, 0, 14, 5, 0, 1
0, 88, 47, 100, 96, 90, 100, 59, 80, 28, 53, 0, 37, 29, 88, 25, 7
30, 88, 76, 100, 88, 71, 59, 43, 100, 41, 98, 10, 47, 0, 0, 16, 3
100, 82, 51, 100, 0, 72, 56, 37, 78, 0, 36, 12, 68, 51, 92, 85, 8
37, 94, 72, 100, 100, 93, 76, 74, 59, 51, 60, 25, 34, 8, 0, 0, 3
72, 100, 40, 92, 5, 60, 0, 25, 49, 0, 100, 22, 42, 38, 11, 19, 6
30, 81, 2, 67, 0, 25, 33, 0, 74, 26, 100, 63, 88, 100, 37, 89, 0
24, 78, 51, 100, 91, 89, 70, 63, 98, 43, 100, 17, 53, 0, 0, 10, 3
37, 100, 10, 92, 0, 56, 79, 50, 100, 71, 74, 86, 56, 42, 47, 0, 4
54, 87, 14, 56, 0, 17, 40, 0, 79, 32, 100, 70, 74, 100, 28, 73, 0
100, 100, 47, 96, 15, 64, 0, 29, 32, 0, 85, 16, 57, 46, 9, 30, 6
81, 100, 42, 70, 0, 41, 32, 36, 100, 38, 98, 51, 78, 34, 72, 0, 4
0, 88, 55, 100, 85, 79, 21, 55, 22, 48, 100, 39, 73, 13, 1, 0, 3
100, 100, 66, 85, 37, 69, 14, 51, 0, 32, 0, 12, 31, 0, 34, 11, 6
54, 88, 80, 100, 81, 68, 68, 41, 100, 23, 76, 1, 36, 0, 0, 13, 3
47, 85, 12, 75, 0, 34, 26, 0, 74, 8, 100, 44, 92, 85, 47, 100, 0
40, 81, 77, 100, 100, 86, 78, 59, 97, 36, 93, 10, 47, 0, 0, 10, 3
16, 86, 46, 100, 48, 64, 32, 31, 0, 3, 1, 6, 51, 5, 100, 0, 2
100, 100, 53, 88, 20, 61, 0, 31, 16, 1, 67, 0, 56, 27, 3, 32, 6
0, 58, 40, 79, 83, 100, 100, 92, 87, 69, 73, 46, 63, 22, 80, 0, 1
25, 76, 75, 100, 17, 68, 61, 54, 89, 90, 100, 44, 87, 10, 0, 0, 9
43, 100, 17, 84, 0, 62, 29, 43, 84, 47, 100, 43, 71, 22, 49, 0, 4
0, 59, 9, 64, 57, 86, 100, 100, 72, 75, 47, 51, 21, 25, 6, 0, 1
15, 100, 23, 62, 66, 40, 37, 0, 0, 13, 0, 56, 45, 85, 100, 99, 5
0, 82, 40, 100, 92, 98, 100, 66, 83, 33, 65, 0, 35, 26, 81, 32, 7
47, 100, 35, 95, 0, 66, 31, 43, 100, 48, 95, 66, 82, 34, 79, 0, 4
0, 73, 25, 100, 69, 95, 55, 58, 100, 56, 90, 21, 47, 0, 2, 8, 3
0, 63, 15, 63, 58, 81, 100, 100, 94, 81, 67, 54, 41, 28, 16, 0, 1
4, 88, 39, 100, 59, 78, 60, 55, 100, 42, 88, 19, 47, 6, 0, 0, 3
10, 78, 43, 100, 78, 86, 57, 59, 100, 46, 82, 17, 41, 0, 0, 9, 3
10, 81, 42, 100, 48, 67, 35, 34, 7, 4, 0, 7, 49, 0, 100, 0, 2
0, 71, 22, 100, 61, 91, 49, 54, 21, 22, 6, 0, 53, 8, 100, 7, 2
0, 66, 47, 97, 50, 100, 51, 60, 50, 20, 1, 0, 35, 4, 100, 9, 1
11, 75, 4, 45, 21, 1, 81, 0, 100, 43, 88, 87, 29, 100, 0, 67, 0
16, 100, 0, 78, 5, 54, 41, 32, 93, 39, 100, 48, 91, 24, 89, 0, 4
67, 100, 30, 90, 0, 57, 41, 40, 100, 53, 98, 67, 66, 34, 40, 0, 4
100, 100, 63, 94, 20, 73, 13, 44, 70, 47, 89, 19, 46, 0, 0, 7, 5
100, 74, 46, 65, 0, 78, 36, 100, 78, 88, 80, 58, 78, 28, 88, 0, 9
43, 83, 42, 76, 52, 100, 46, 44, 36, 0, 0, 13, 50, 12, 100, 13, 1
0, 95, 54, 100, 93, 79, 81, 42, 60, 7, 36, 0, 44, 27, 100, 31, 7
0, 54, 49, 75, 96, 100, 91, 75, 69, 45, 51, 16, 27, 0, 100, 6, 1
100, 95, 38, 99, 35, 65, 70, 29, 32, 0, 0, 27, 36, 64, 65, 100, 8
0, 61, 24, 71, 62, 90, 100, 100, 86, 74, 68, 49, 51, 23, 41, 0, 1
23, 100, 15, 75, 0, 40, 60, 29, 94, 60, 100, 70, 86, 35, 78, 0, 4
76, 95, 23, 100, 36, 60, 68, 22, 23, 0, 0, 33, 46, 65, 100, 94, 8
0, 66, 1, 64, 26, 53, 63, 26, 12, 0, 12, 52, 33, 91, 100, 100, 5
57, 96, 3, 100, 27, 74, 62, 90, 86, 71, 100, 31, 63, 0, 0, 3, 9
100, 100, 49, 91, 13, 62, 0, 28, 33, 0, 90, 15, 75, 45, 8, 49, 6
21, 100, 25, 88, 0, 54, 20, 43, 85, 42, 100, 72, 91, 36, 82, 0, 4
35, 100, 26, 74, 0, 47, 54, 38, 100, 48, 91, 58, 84, 29, 74, 0, 4
16, 76, 48, 100, 72, 77, 42, 46, 0, 23, 2, 14, 53, 0, 100, 13, 2
26, 64, 39, 100, 44, 92, 43, 52, 39, 12, 0, 0, 47, 2, 100, 8, 1
0, 66, 23, 100, 53, 83, 41, 43, 14, 10, 13, 0, 56, 9, 100, 12, 2
51, 78, 0, 68, 47, 34, 100, 0, 19, 7, 63, 43, 85, 82, 9, 100, 8
100, 98, 75, 96, 22, 100, 0, 83, 38, 66, 80, 42, 56, 6, 5, 0, 5
17, 71, 38, 100, 90, 85, 68, 51, 66, 44, 100, 15, 53, 0, 0, 18, 3
86, 62, 64, 100, 0, 80, 40, 44, 92, 12, 29, 0, 41, 37, 100, 65, 8
19, 63, 58, 100, 52, 74, 47, 27, 91, 0, 100, 5, 25, 8, 0, 9, 1
0, 59, 31, 70, 65, 87, 100, 100, 87, 75, 75, 51, 68, 25, 60, 0, 1
0, 85, 43, 100, 92, 96, 100, 59, 84, 21, 58, 0, 38, 29, 87, 34, 7
51, 100, 16, 73, 0, 27, 28, 0, 70, 15, 100, 51, 83, 89, 40, 95, 0
97, 82, 62, 100, 13, 69, 63, 59, 100, 88, 96, 41, 64, 1, 0, 0, 9
22, 100, 52, 98, 58, 62, 32, 33, 0, 13, 27, 9, 63, 5, 100, 0, 2
9, 78, 48, 100, 100, 94, 78, 63, 85, 36, 73, 6, 19, 0, 0, 29, 3
88, 64, 93, 100, 41, 87, 48, 61, 100, 70, 90, 31, 55, 0, 0, 4, 9
80, 80, 31, 75, 43, 100, 75, 75, 89, 39, 100, 4, 53, 0, 0, 3, 9
8, 68, 34, 37, 40, 0, 8, 0, 0, 43, 24, 72, 61, 87, 100, 100, 5
23, 83, 74, 49, 100, 13, 19, 0, 24, 35, 82, 66, 73, 100, 0, 84, 8
0, 92, 44, 100, 88, 91, 82, 66, 55, 44, 26, 23, 51, 6, 100, 0, 2
0, 100, 46, 100, 86, 84, 68, 43, 56, 0, 40, 9, 50, 34, 100, 34, 7
0, 80, 17, 100, 41, 99, 60, 83, 53, 52, 56, 20, 77, 7, 100, 0, 2
0, 69, 52, 60, 100, 77, 74, 100, 23, 89, 47, 69, 55, 36, 51, 0, 9
38, 72, 59, 100, 74, 99, 61, 57, 48, 16, 0, 3, 44, 0, 100, 2, 1
0, 59, 59, 78, 100, 100, 96, 94, 63, 71, 37, 47, 11, 23, 0, 0, 1
88, 100, 9, 93, 8, 45, 55, 0, 0, 6, 37, 50, 100, 84, 44, 99, 8
0, 38, 30, 62, 48, 87, 76, 100, 79, 74, 76, 49, 76, 24, 100, 0, 1
51, 91, 46, 56, 29, 15, 0, 0, 36, 33, 72, 64, 100, 100, 48, 92, 8
0, 95, 46, 100, 87, 84, 78, 44, 63, 6, 42, 0, 41, 37, 100, 44, 7
6, 85, 55, 100, 70, 81, 32, 55, 68, 43, 100, 20, 56, 0, 0, 1, 3
0, 76, 22, 100, 64, 91, 54, 58, 24, 32, 2, 6, 51, 2, 100, 0, 2
68, 89, 20, 86, 0, 49, 22, 11, 70, 0, 100, 32, 94, 73, 57, 100, 0
50, 93, 4, 100, 38, 58, 100, 17, 25, 0, 0, 43, 54, 87, 6, 89, 8
58, 100, 18, 84, 0, 41, 11, 0, 58, 0, 100, 20, 96, 61, 64, 96, 0
77, 83, 74, 100, 97, 81, 70, 56, 100, 35, 86, 10, 43, 0, 0, 7, 3
23, 98, 53, 100, 57, 63, 29, 35, 0, 9, 25, 0, 62, 3, 100, 3, 2
0, 58, 44, 39, 75, 9, 55, 0, 25, 30, 15, 63, 49, 90, 100, 100, 5
31, 96, 0, 55, 57, 54, 64, 6, 20, 0, 22, 61, 39, 99, 100, 100, 5
7, 69, 17, 100, 30, 70, 20, 33, 0, 2, 25, 0, 62, 2, 100, 7, 2
15, 94, 58, 100, 100, 70, 71, 34, 31, 0, 14, 30, 0, 57, 91, 57, 7
40, 82, 0, 48, 8, 0, 65, 5, 100, 45, 99, 93, 45, 100, 5, 64, 0
22, 99, 0, 54, 50, 55, 56, 0, 14, 2, 22, 66, 48, 100, 100, 96, 5
37, 100, 28, 83, 10, 47, 16, 11, 66, 0, 100, 23, 51, 35, 0, 23, 6
9, 77, 0, 28, 33, 0, 74, 16, 100, 56, 77, 95, 33, 100, 1, 68, 0
26, 75, 59, 41, 65, 3, 0, 0, 14, 36, 63, 66, 100, 100, 36, 90, 8
73, 100, 23, 83, 3, 53, 0, 22, 42, 0, 100, 14, 53, 32, 9, 13, 6
55, 100, 21, 73, 7, 42, 17, 10, 66, 0, 100, 24, 55, 40, 0, 32, 6
34, 100, 9, 76, 0, 50, 51, 35, 100, 52, 89, 51, 86, 24, 85, 0, 4
45, 80, 69, 100, 85, 75, 57, 53, 100, 45, 81, 14, 33, 0, 0, 14, 3
55, 100, 22, 90, 0, 54, 12, 16, 58, 4, 100, 20, 56, 25, 18, 0, 6
4, 100, 18, 98, 0, 58, 43, 38, 100, 48, 97, 79, 80, 41, 77, 0, 4
54, 89, 100, 100, 71, 91, 42, 64, 63, 50, 83, 27, 49, 2, 0, 0, 5
0, 93, 43, 100, 68, 75, 60, 38, 62, 0, 100, 24, 83, 41, 34, 45, 7
53, 92, 16, 64, 76, 40, 39, 0, 0, 7, 7, 54, 23, 98, 100, 100, 5
55, 88, 83, 100, 71, 70, 89, 68, 100, 31, 74, 1, 33, 0, 0, 24, 3
51, 58, 83, 100, 0, 92, 3, 49, 68, 10, 13, 0, 15, 43, 100, 77, 8
0, 65, 51, 79, 84, 100, 100, 94, 92, 70, 83, 46, 73, 22, 78, 0, 1
24, 100, 7, 72, 0, 42, 6, 13, 60, 9, 100, 29, 43, 23, 9, 0, 6
0, 79, 42, 100, 57, 68, 50, 31, 53, 0, 24, 32, 44, 50, 100, 53, 7
20, 69, 35, 100, 100, 95, 61, 53, 19, 11, 67, 0, 35, 38, 0, 80, 8
100, 85, 58, 100, 10, 97, 28, 76, 77, 73, 54, 53, 21, 28, 0, 0, 9
6, 79, 49, 100, 100, 97, 79, 67, 40, 43, 0, 18, 32, 1, 91, 0, 2
0, 82, 44, 98, 100, 100, 93, 75, 53, 55, 78, 35, 58, 13, 7, 0, 3
26, 100, 6, 80, 0, 48, 63, 43, 100, 69, 98, 60, 86, 27, 83, 0, 4
90, 79, 30, 61, 4, 89, 55, 100, 80, 63, 100, 26, 74, 0, 0, 8, 9
0, 76, 30, 48, 53, 9, 11, 0, 47, 34, 97, 66, 100, 100, 38, 85, 8
78, 99, 21, 85, 0, 50, 5, 14, 59, 0, 100, 27, 100, 65, 79, 100, 0
87, 67, 66, 100, 0, 79, 49, 45, 100, 10, 40, 0, 37, 40, 81, 78, 8
45, 97, 9, 67, 0, 26, 36, 0, 82, 14, 100, 53, 79, 93, 32, 100, 0
62, 93, 16, 74, 0, 35, 21, 0, 77, 7, 100, 43, 83, 81, 33, 100, 0
32, 100, 18, 63, 52, 30, 23, 0, 0, 37, 8, 79, 52, 94, 100, 99, 5
100, 100, 76, 79, 49, 58, 29, 34, 20, 10, 58, 0, 49, 17, 0, 5, 6
28, 91, 49, 71, 100, 35, 55, 0, 0, 24, 32, 63, 82, 100, 45, 100, 8
15, 81, 0, 68, 14, 97, 77, 100, 100, 95, 80, 62, 68, 28, 63, 0, 7
100, 67, 70, 100, 24, 88, 0, 46, 9, 0, 57, 2, 92, 34, 91, 75, 0
26, 94, 67, 100, 100, 89, 66, 68, 92, 39, 84, 14, 41, 7, 0, 0, 3
0, 75, 36, 100, 81, 93, 97, 51, 96, 5, 73, 0, 53, 21, 100, 25, 7
0, 52, 39, 67, 76, 84, 100, 100, 89, 75, 78, 49, 65, 24, 52, 0, 1
52, 100, 20, 71, 0, 40, 61, 39, 100, 47, 76, 68, 76, 34, 78, 0, 4
38, 85, 73, 100, 100, 86, 68, 65, 87, 42, 81, 15, 42, 0, 0, 12, 3
31, 100, 12, 74, 0, 46, 55, 42, 100, 51, 78, 59, 78, 29, 83, 0, 4
100, 100, 66, 80, 35, 60, 11, 39, 0, 17, 29, 0, 74, 16, 35, 20, 6
35, 100, 7, 65, 0, 21, 37, 0, 79, 18, 100, 58, 83, 97, 37, 100, 0
90, 88, 43, 100, 15, 69, 67, 66, 86, 66, 100, 27, 59, 3, 0, 0, 9
29, 83, 5, 60, 8, 14, 64, 0, 100, 35, 89, 81, 33, 100, 0, 83, 0
24, 92, 81, 100, 26, 79, 19, 54, 83, 66, 100, 34, 62, 4, 0, 0, 5
21, 87, 0, 38, 26, 0, 67, 6, 100, 41, 92, 95, 52, 100, 21, 65, 0
0, 79, 34, 100, 64, 87, 57, 59, 100, 48, 92, 16, 50, 0, 9, 11, 3
29, 100, 19, 44, 27, 0, 5, 9, 0, 62, 30, 88, 65, 95, 100, 97, 5
60, 100, 31, 87, 12, 70, 0, 53, 12, 36, 47, 26, 83, 16, 100, 0, 4
100, 100, 61, 83, 25, 58, 5, 29, 20, 1, 75, 0, 57, 20, 0, 14, 6
33, 90, 100, 100, 60, 98, 13, 66, 40, 63, 97, 41, 68, 6, 0, 0, 5
100, 100, 62, 96, 27, 75, 5, 49, 0, 20, 30, 0, 66, 17, 30, 34, 6
100, 90, 90, 100, 54, 73, 31, 43, 29, 12, 88, 8, 58, 18, 0, 0, 6
59, 82, 92, 100, 72, 93, 32, 71, 58, 42, 100, 22, 58, 0, 0, 2, 5
48, 100, 28, 71, 0, 43, 40, 32, 100, 37, 87, 58, 61, 29, 41, 0, 4
100, 100, 69, 79, 33, 59, 0, 38, 48, 34, 90, 47, 71, 24, 71, 0, 4
0, 61, 20, 91, 73, 100, 88, 76, 61, 58, 100, 32, 78, 2, 25, 0, 3
38, 69, 60, 100, 60, 60, 35, 24, 0, 7, 28, 15, 65, 4, 100, 0, 2
49, 76, 63, 100, 67, 77, 34, 53, 0, 29, 8, 13, 53, 1, 100, 0, 2
26, 100, 0, 70, 44, 54, 100, 53, 77, 78, 46, 69, 36, 34, 28, 0, 4
