@relation penbased-5
@attribute At1 integer [0, 100]
@attribute At2 integer [0, 100]
@attribute At3 integer [0, 100]
@attribute At4 integer [0, 100]
@attribute At5 integer [0, 100]
@attribute At6 integer [0, 100]
@attribute At7 integer [0, 100]
@attribute At8 integer [0, 100]
@attribute At9 integer [0, 100]
@attribute At10 integer [0, 100]
@attribute At11 integer [0, 100]
@attribute At12 integer [0, 100]
@attribute At13 integer [0, 100]
@attribute At14 integer [0, 100]
@attribute At15 integer [0, 100]
@attribute At16 integer [0, 100]
@attribute Class {0, 1, 2, 3, 4, 5, 6, 7, 8, 9}
@inputs At1, At2, At3, At4, At5, At6, At7, At8, At9, At10, At11, At12, At13, At14, At15, At16
@outputs Class
@data
0, 73, 19, 99, 72, 100, 70, 73, 32, 48, 5, 18, 46, 0, 100, 0, 2
9, 93, 53, 100, 89, 80, 57, 52, 17, 30, 0, 5, 50, 2, 100, 0, 2
51, 76, 68, 91, 100, 100, 83, 80, 59, 60, 34, 40, 10, 20, 0, 0, 1
0, 82, 75, 56, 100, 12, 22, 0, 22, 41, 92, 73, 84, 100, 2, 80, 8
38, 94, 4, 63, 0, 20, 41, 0, 84, 19, 100, 60, 77, 98, 32, 100, 0
8, 77, 47, 100, 100, 96, 71, 66, 100, 46, 99, 13, 46, 0, 0, 13, 3
16, 90, 9, 61, 50, 35, 23, 0, 5, 35, 0, 81, 48, 97, 100, 100, 5
19, 81, 0, 41, 12, 0, 54, 1, 88, 29, 100, 71, 72, 100, 31, 91, 0
42, 100, 9, 79, 0, 46, 48, 31, 100, 46, 89, 52, 46, 30, 19, 0, 4
68, 100, 24, 83, 0, 41, 13, 0, 60, 3, 99, 30, 100, 71, 55, 89, 0
100, 88, 69, 100, 20, 84, 70, 86, 93, 71, 70, 44, 38, 19, 0, 0, 9
0, 52, 52, 83, 97, 100, 91, 55, 84, 10, 21, 0, 21, 7, 100, 7, 1
2, 85, 31, 100, 76, 74, 62, 37, 47, 0, 100, 8, 68, 30, 0, 41, 7
54, 93, 0, 88, 54, 46, 70, 0, 5, 9, 54, 52, 100, 96, 7, 100, 8
0, 67, 16, 80, 64, 100, 85, 99, 85, 74, 89, 49, 95, 24, 100, 0, 1
16, 59, 0, 31, 31, 0, 78, 15, 100, 55, 87, 98, 40, 100, 6, 67, 0
0, 97, 43, 100, 58, 62, 41, 17, 26, 0, 8, 36, 54, 34, 100, 33, 7
0, 70, 63, 80, 90, 100, 100, 89, 100, 67, 92, 44, 84, 22, 71, 0, 1
36, 90, 86, 100, 87, 73, 47, 49, 92, 44, 100, 16, 53, 0, 0, 1, 3
100, 100, 92, 85, 75, 71, 58, 57, 58, 42, 33, 28, 8, 14, 0, 0, 1
44, 80, 80, 100, 100, 85, 72, 59, 92, 38, 93, 14, 49, 3, 0, 0, 3
0, 96, 40, 100, 60, 66, 58, 27, 41, 0, 20, 35, 54, 42, 100, 46, 7
14, 55, 40, 61, 59, 100, 58, 62, 59, 21, 100, 14, 48, 5, 0, 0, 1
73, 100, 43, 70, 0, 42, 25, 41, 100, 45, 90, 64, 63, 32, 54, 0, 4
28, 75, 57, 100, 93, 82, 71, 51, 33, 26, 0, 0, 49, 5, 100, 16, 2
93, 91, 40, 100, 15, 79, 23, 36, 72, 53, 100, 21, 57, 0, 0, 6, 5
41, 53, 60, 100, 100, 89, 70, 42, 33, 0, 72, 16, 54, 62, 0, 72, 8
38, 96, 49, 68, 74, 100, 24, 87, 91, 80, 100, 30, 54, 0, 0, 32, 9
100, 100, 51, 85, 18, 58, 0, 28, 17, 0, 78, 1, 68, 20, 8, 12, 6
97, 66, 77, 100, 8, 96, 0, 67, 69, 72, 100, 73, 92, 36, 86, 0, 9
15, 100, 8, 70, 0, 39, 19, 20, 78, 21, 100, 43, 76, 30, 72, 0, 4
21, 85, 8, 46, 61, 47, 39, 0, 0, 13, 11, 66, 35, 98, 100, 100, 5
72, 83, 49, 100, 61, 58, 82, 17, 0, 0, 25, 33, 100, 61, 75, 92, 8
0, 98, 40, 100, 78, 88, 59, 42, 32, 0, 28, 14, 47, 41, 100, 42, 7
0, 79, 31, 94, 68, 100, 100, 88, 94, 62, 74, 39, 51, 18, 64, 0, 2
0, 94, 44, 100, 84, 82, 100, 47, 93, 10, 90, 0, 88, 23, 41, 26, 7
72, 100, 36, 98, 39, 81, 82, 99, 100, 84, 70, 48, 37, 16, 0, 0, 9
32, 72, 57, 100, 76, 71, 56, 35, 21, 7, 0, 4, 51, 0, 100, 6, 2
0, 64, 47, 81, 100, 100, 91, 84, 65, 62, 47, 40, 42, 17, 63, 0, 1
13, 54, 0, 16, 39, 0, 82, 17, 100, 54, 89, 93, 47, 100, 26, 65, 0
32, 74, 87, 95, 100, 100, 84, 73, 79, 46, 66, 18, 0, 0, 3, 0, 1
8, 100, 0, 77, 0, 55, 29, 38, 71, 55, 71, 42, 71, 20, 100, 0, 4
0, 78, 39, 100, 82, 75, 68, 37, 54, 0, 6, 25, 35, 37, 100, 37, 7
100, 100, 65, 85, 33, 64, 10, 39, 0, 11, 35, 0, 54, 22, 10, 24, 6
50, 89, 52, 100, 0, 67, 23, 45, 96, 48, 100, 76, 60, 39, 38, 0, 4
57, 68, 52, 100, 4, 71, 48, 37, 63, 0, 0, 13, 27, 49, 100, 78, 8
29, 89, 84, 100, 80, 73, 36, 50, 94, 38, 100, 9, 41, 0, 0, 17, 3
16, 38, 67, 29, 43, 0, 22, 25, 66, 57, 100, 94, 50, 100, 0, 74, 8
26, 76, 23, 100, 52, 68, 43, 30, 0, 12, 49, 5, 97, 0, 100, 32, 2
73, 100, 39, 75, 0, 52, 43, 54, 92, 61, 100, 71, 84, 35, 72, 0, 4
100, 100, 24, 77, 0, 56, 96, 57, 100, 86, 79, 70, 37, 35, 4, 0, 4
100, 100, 61, 87, 70, 65, 93, 92, 89, 64, 74, 28, 41, 6, 0, 0, 9
55, 40, 100, 64, 92, 100, 48, 81, 45, 40, 55, 0, 0, 4, 11, 38, 8
59, 85, 84, 100, 82, 79, 60, 56, 100, 48, 74, 28, 37, 14, 0, 0, 3
56, 97, 42, 100, 0, 74, 52, 60, 100, 81, 74, 60, 50, 30, 33, 0, 4
100, 94, 63, 100, 30, 71, 8, 39, 6, 6, 57, 0, 54, 19, 0, 10, 6
25, 85, 59, 100, 86, 89, 86, 67, 100, 45, 88, 24, 49, 9, 0, 0, 3
85, 69, 47, 100, 0, 75, 44, 38, 72, 0, 16, 16, 57, 55, 100, 87, 8
56, 60, 65, 100, 100, 83, 81, 39, 51, 0, 85, 16, 56, 50, 0, 55, 8
9, 100, 10, 91, 0, 61, 0, 31, 55, 24, 90, 45, 88, 29, 100, 0, 4
20, 85, 3, 55, 0, 17, 38, 0, 79, 23, 100, 58, 83, 92, 35, 100, 0
42, 98, 89, 100, 73, 72, 59, 52, 100, 32, 88, 3, 41, 0, 0, 19, 3
34, 76, 0, 41, 8, 0, 65, 11, 100, 47, 99, 90, 42, 100, 7, 67, 0
38, 73, 84, 41, 100, 0, 53, 7, 73, 49, 98, 90, 54, 100, 0, 75, 8
100, 91, 63, 100, 18, 89, 5, 53, 42, 50, 77, 32, 47, 4, 0, 0, 5
100, 97, 48, 100, 12, 80, 9, 42, 51, 53, 80, 28, 49, 0, 0, 5, 5
3, 87, 50, 100, 100, 100, 78, 76, 76, 52, 90, 30, 47, 13, 0, 0, 3
0, 79, 27, 100, 84, 99, 82, 75, 84, 52, 100, 28, 55, 11, 2, 0, 3
33, 88, 39, 59, 63, 100, 0, 65, 28, 43, 40, 0, 100, 42, 25, 47, 8
54, 96, 60, 67, 87, 34, 48, 0, 14, 26, 0, 72, 40, 100, 100, 99, 5
11, 85, 31, 100, 92, 95, 75, 63, 46, 36, 100, 16, 62, 0, 0, 9, 3
66, 86, 0, 94, 21, 52, 80, 14, 14, 0, 42, 39, 100, 78, 49, 100, 8
22, 100, 0, 55, 40, 59, 53, 2, 19, 0, 20, 66, 41, 99, 100, 98, 5
89, 100, 40, 79, 0, 42, 69, 38, 100, 59, 74, 87, 69, 43, 68, 0, 4
55, 83, 100, 100, 88, 92, 40, 78, 24, 43, 68, 31, 48, 5, 0, 0, 5
41, 81, 63, 100, 82, 75, 52, 47, 100, 46, 98, 17, 46, 0, 0, 9, 3
30, 84, 70, 100, 78, 69, 63, 38, 34, 10, 0, 12, 46, 14, 100, 0, 2
52, 100, 19, 73, 0, 44, 6, 14, 58, 0, 100, 17, 60, 36, 19, 20, 6
23, 100, 17, 81, 0, 48, 43, 33, 100, 39, 58, 66, 38, 34, 27, 0, 4
27, 99, 50, 100, 40, 57, 19, 21, 0, 14, 33, 15, 65, 0, 100, 12, 2
7, 91, 57, 100, 8, 96, 0, 54, 57, 50, 100, 21, 46, 0, 1, 14, 5
15, 100, 4, 75, 0, 50, 55, 41, 100, 57, 85, 49, 83, 24, 77, 0, 4
0, 95, 40, 100, 74, 80, 40, 55, 1, 35, 15, 12, 63, 8, 100, 0, 2
57, 100, 35, 87, 9, 58, 0, 28, 29, 2, 100, 0, 71, 16, 5, 5, 6
0, 96, 59, 100, 86, 72, 68, 36, 48, 0, 16, 13, 38, 34, 100, 37, 7
0, 65, 49, 81, 91, 100, 100, 90, 78, 67, 56, 45, 36, 22, 16, 0, 1
41, 91, 100, 100, 99, 99, 45, 86, 40, 57, 89, 39, 57, 9, 0, 0, 5
60, 90, 26, 82, 49, 39, 35, 0, 0, 23, 56, 54, 100, 90, 37, 100, 8
100, 67, 66, 100, 0, 89, 10, 55, 70, 70, 87, 50, 74, 9, 12, 0, 9
68, 100, 42, 75, 0, 52, 44, 50, 100, 66, 86, 46, 51, 20, 41, 0, 4
98, 100, 50, 76, 20, 42, 21, 5, 77, 0, 100, 34, 45, 37, 0, 10, 6
53, 86, 59, 50, 52, 12, 6, 0, 0, 25, 18, 62, 53, 89, 100, 100, 5
15, 66, 14, 100, 50, 89, 37, 51, 7, 18, 0, 12, 50, 8, 100, 0, 2
0, 100, 14, 96, 75, 97, 100, 89, 61, 71, 40, 48, 36, 23, 47, 0, 7
44, 68, 58, 44, 100, 7, 0, 0, 7, 36, 78, 68, 93, 100, 11, 74, 8
15, 58, 80, 78, 100, 100, 88, 69, 73, 38, 56, 7, 0, 0, 98, 4, 1
85, 100, 40, 99, 51, 71, 100, 96, 71, 91, 91, 57, 62, 24, 0, 0, 9
10, 99, 36, 98, 100, 100, 91, 68, 58, 34, 24, 0, 0, 3, 36, 22, 7
100, 100, 12, 94, 0, 72, 85, 83, 94, 85, 81, 56, 65, 27, 62, 0, 9
100, 100, 9, 95, 0, 52, 98, 26, 48, 0, 46, 45, 98, 90, 18, 71, 8
0, 99, 65, 100, 100, 97, 57, 62, 36, 16, 19, 0, 2, 36, 69, 40, 7
23, 84, 56, 100, 100, 93, 80, 73, 68, 51, 76, 28, 42, 12, 0, 0, 3
44, 99, 0, 71, 48, 65, 73, 32, 12, 0, 5, 45, 19, 96, 100, 100, 5
65, 82, 93, 100, 93, 71, 69, 44, 36, 20, 0, 0, 48, 12, 100, 16, 2
0, 98, 10, 100, 61, 98, 100, 85, 77, 63, 47, 43, 20, 23, 3, 0, 7
100, 100, 64, 78, 36, 50, 22, 17, 55, 0, 90, 17, 45, 24, 0, 17, 6
0, 58, 36, 71, 87, 91, 100, 100, 87, 75, 77, 50, 72, 25, 77, 0, 1
100, 100, 37, 89, 43, 57, 69, 26, 33, 0, 0, 19, 35, 48, 83, 73, 8
86, 100, 41, 79, 10, 50, 0, 18, 45, 0, 100, 11, 78, 36, 22, 29, 6
88, 99, 18, 100, 0, 69, 75, 81, 100, 95, 86, 62, 73, 30, 76, 0, 9
0, 43, 19, 64, 56, 82, 93, 100, 100, 86, 75, 58, 49, 30, 31, 0, 1
67, 100, 47, 59, 0, 31, 5, 34, 69, 40, 100, 63, 72, 41, 57, 0, 4
16, 76, 2, 44, 16, 0, 84, 12, 100, 57, 75, 100, 9, 88, 0, 44, 0
21, 73, 8, 40, 36, 0, 77, 1, 100, 44, 82, 90, 41, 100, 0, 86, 0
9, 77, 0, 30, 29, 0, 70, 4, 100, 37, 84, 82, 47, 100, 17, 72, 0
0, 92, 50, 96, 100, 100, 79, 70, 54, 36, 36, 0, 29, 26, 79, 31, 7
12, 58, 62, 79, 100, 100, 88, 85, 62, 64, 50, 42, 25, 21, 0, 0, 1
25, 100, 29, 78, 14, 49, 0, 20, 56, 19, 90, 39, 90, 24, 100, 0, 4
70, 92, 0, 83, 57, 49, 100, 13, 16, 0, 5, 37, 48, 74, 64, 100, 8
19, 100, 76, 92, 16, 92, 0, 55, 46, 50, 100, 28, 57, 0, 1, 17, 5
27, 82, 3, 47, 13, 6, 67, 0, 100, 34, 96, 76, 51, 100, 0, 82, 0
62, 57, 100, 85, 52, 100, 0, 76, 39, 64, 79, 57, 52, 24, 5, 0, 9
90, 66, 49, 100, 0, 72, 67, 40, 100, 0, 25, 11, 34, 55, 84, 93, 8
0, 72, 29, 100, 59, 79, 58, 23, 42, 0, 30, 30, 65, 47, 100, 64, 7
32, 100, 6, 65, 0, 24, 29, 0, 70, 20, 100, 53, 93, 90, 47, 97, 0
61, 100, 33, 86, 0, 58, 55, 44, 100, 66, 89, 63, 61, 32, 34, 0, 4
74, 100, 2, 49, 29, 0, 100, 54, 61, 95, 0, 39, 75, 77, 6, 21, 0
12, 71, 15, 50, 29, 100, 32, 76, 34, 25, 0, 0, 47, 4, 100, 5, 1
70, 92, 12, 52, 26, 0, 100, 43, 88, 100, 13, 58, 61, 68, 0, 11, 0
55, 73, 57, 100, 92, 89, 75, 50, 43, 16, 0, 0, 44, 19, 100, 12, 2
27, 65, 58, 36, 61, 0, 25, 10, 0, 45, 13, 74, 56, 89, 100, 100, 5
26, 90, 17, 64, 60, 34, 53, 0, 20, 32, 0, 73, 31, 96, 100, 100, 5
48, 81, 29, 100, 67, 88, 48, 40, 12, 3, 0, 8, 50, 14, 100, 0, 2
20, 100, 34, 63, 57, 25, 23, 0, 6, 39, 0, 81, 48, 95, 100, 95, 5
79, 68, 100, 94, 47, 100, 0, 83, 27, 62, 84, 58, 91, 30, 80, 0, 9
60, 100, 33, 83, 0, 49, 8, 11, 68, 0, 100, 30, 48, 38, 32, 5, 6
12, 76, 27, 98, 45, 48, 28, 0, 0, 14, 54, 56, 100, 100, 30, 96, 8
1, 68, 4, 100, 55, 77, 55, 31, 7, 2, 0, 6, 60, 0, 100, 19, 2
47, 100, 17, 68, 0, 34, 9, 0, 71, 18, 97, 51, 100, 86, 48, 95, 0
36, 90, 34, 65, 77, 32, 40, 0, 13, 30, 0, 72, 24, 100, 100, 93, 5
0, 88, 65, 55, 100, 16, 45, 0, 43, 40, 90, 77, 68, 100, 8, 69, 8
80, 78, 32, 100, 16, 68, 81, 71, 100, 71, 100, 35, 68, 4, 0, 0, 9
0, 76, 42, 100, 66, 75, 46, 38, 43, 0, 22, 19, 45, 36, 100, 39, 7
69, 98, 53, 83, 85, 98, 46, 100, 81, 65, 100, 27, 42, 11, 0, 0, 9
36, 53, 100, 82, 55, 100, 2, 69, 36, 34, 74, 0, 0, 14, 62, 44, 8
0, 79, 38, 100, 100, 94, 93, 66, 55, 41, 9, 19, 18, 0, 89, 2, 2
15, 79, 43, 100, 51, 68, 29, 31, 0, 2, 30, 7, 65, 0, 100, 1, 2
42, 81, 6, 56, 95, 70, 71, 100, 19, 62, 100, 75, 75, 29, 0, 0, 9
84, 100, 42, 72, 2, 45, 0, 39, 59, 35, 100, 49, 84, 36, 75, 0, 4
14, 86, 50, 100, 73, 80, 39, 53, 0, 28, 0, 4, 58, 1, 100, 0, 2
42, 87, 80, 100, 70, 72, 58, 62, 100, 46, 87, 15, 42, 0, 0, 3, 3
3, 85, 38, 100, 59, 78, 45, 48, 22, 21, 0, 0, 52, 0, 100, 1, 2
58, 96, 17, 64, 0, 26, 29, 0, 75, 27, 100, 65, 83, 100, 33, 79, 0
29, 78, 52, 100, 72, 80, 65, 61, 100, 43, 81, 14, 33, 0, 0, 20, 3
62, 76, 0, 82, 29, 100, 90, 98, 100, 74, 90, 49, 75, 25, 70, 0, 9
1, 90, 47, 100, 74, 83, 53, 57, 67, 32, 100, 12, 51, 1, 0, 0, 3
0, 100, 51, 99, 100, 78, 80, 42, 60, 7, 79, 0, 98, 27, 30, 38, 7
24, 88, 0, 46, 54, 45, 20, 0, 24, 55, 38, 95, 51, 94, 100, 100, 5
0, 98, 52, 100, 100, 85, 90, 57, 73, 29, 73, 0, 100, 18, 79, 35, 7
32, 90, 0, 64, 66, 29, 79, 0, 12, 26, 60, 67, 100, 100, 16, 79, 8
21, 73, 12, 31, 40, 0, 81, 18, 100, 55, 82, 94, 37, 100, 0, 75, 0
82, 87, 36, 100, 0, 60, 10, 8, 62, 0, 100, 37, 93, 90, 47, 92, 0
26, 88, 33, 56, 93, 36, 64, 0, 11, 10, 0, 55, 31, 88, 100, 100, 5
69, 98, 82, 55, 100, 100, 44, 82, 92, 72, 91, 46, 64, 0, 0, 0, 9
3, 90, 69, 100, 58, 98, 0, 77, 36, 58, 100, 44, 73, 9, 7, 0, 5
81, 100, 33, 88, 0, 50, 11, 9, 77, 6, 100, 42, 37, 33, 10, 0, 6
59, 86, 60, 100, 96, 91, 71, 63, 87, 47, 100, 21, 57, 2, 0, 0, 3
29, 100, 11, 85, 0, 65, 3, 45, 46, 39, 83, 39, 84, 19, 100, 0, 4
54, 77, 47, 98, 100, 100, 93, 74, 77, 43, 96, 11, 46, 0, 0, 16, 3
100, 100, 61, 91, 30, 70, 7, 41, 11, 7, 48, 0, 39, 20, 0, 22, 6
16, 73, 38, 100, 60, 76, 40, 43, 7, 16, 0, 9, 50, 0, 100, 1, 2
73, 100, 35, 93, 6, 61, 0, 25, 42, 0, 100, 18, 72, 42, 19, 21, 6
9, 79, 81, 99, 100, 100, 81, 73, 77, 45, 74, 17, 0, 0, 15, 3, 1
0, 100, 45, 94, 69, 70, 56, 35, 42, 0, 15, 19, 45, 33, 100, 35, 7
0, 78, 25, 100, 58, 77, 46, 37, 10, 12, 19, 24, 62, 9, 100, 0, 2
41, 82, 64, 100, 83, 77, 46, 53, 93, 42, 100, 19, 52, 6, 0, 0, 3
22, 100, 3, 94, 0, 51, 49, 44, 100, 61, 64, 86, 64, 43, 60, 0, 4
39, 83, 17, 65, 37, 26, 17, 0, 0, 36, 44, 70, 100, 100, 32, 93, 8
100, 95, 74, 100, 25, 89, 17, 53, 72, 45, 99, 19, 53, 3, 0, 0, 5
76, 69, 24, 51, 0, 72, 39, 100, 91, 99, 100, 66, 93, 32, 87, 0, 9
31, 100, 0, 80, 4, 30, 37, 0, 81, 8, 100, 47, 70, 82, 26, 91, 0
100, 97, 49, 100, 11, 82, 10, 51, 54, 52, 76, 29, 47, 5, 0, 0, 5
8, 77, 39, 95, 86, 100, 100, 80, 68, 59, 73, 35, 40, 15, 0, 0, 3
0, 39, 35, 58, 69, 76, 100, 100, 86, 88, 69, 60, 52, 30, 45, 0, 1
5, 56, 5, 16, 56, 0, 100, 29, 97, 68, 59, 100, 8, 93, 0, 55, 0
30, 74, 45, 100, 87, 90, 56, 59, 100, 40, 83, 9, 30, 0, 0, 15, 3
0, 100, 52, 98, 100, 88, 56, 59, 41, 19, 60, 0, 41, 30, 92, 36, 7
0, 85, 19, 63, 86, 31, 94, 0, 3, 15, 39, 50, 100, 83, 29, 100, 8
27, 81, 43, 100, 86, 84, 52, 60, 84, 43, 100, 16, 54, 0, 0, 1, 3
0, 66, 47, 100, 81, 98, 79, 50, 85, 0, 27, 0, 23, 8, 100, 0, 1
72, 100, 100, 91, 72, 76, 56, 60, 39, 45, 22, 30, 0, 15, 0, 0, 1
0, 87, 35, 100, 71, 87, 61, 53, 33, 28, 21, 3, 60, 0, 100, 0, 2
100, 100, 22, 97, 23, 62, 94, 33, 69, 0, 0, 18, 25, 59, 78, 95, 8
15, 80, 0, 32, 35, 0, 80, 14, 100, 61, 71, 100, 24, 86, 13, 40, 0
32, 89, 0, 68, 16, 24, 57, 0, 97, 27, 100, 72, 61, 99, 10, 100, 0
100, 92, 62, 100, 44, 70, 84, 79, 79, 75, 72, 33, 45, 0, 0, 0, 9
25, 81, 35, 52, 74, 23, 28, 0, 12, 35, 0, 71, 25, 96, 100, 100, 5
33, 87, 49, 100, 94, 83, 49, 64, 73, 47, 100, 20, 60, 0, 0, 3, 3
1, 99, 58, 100, 100, 91, 69, 61, 33, 30, 1, 0, 0, 33, 57, 36, 7
10, 73, 33, 100, 60, 82, 59, 63, 100, 41, 92, 6, 43, 0, 0, 18, 3
0, 0, 51, 9, 87, 37, 100, 70, 72, 100, 14, 94, 36, 65, 99, 58, 9
71, 100, 27, 75, 6, 39, 21, 3, 77, 0, 100, 31, 51, 52, 0, 38, 6
100, 100, 54, 87, 20, 60, 4, 27, 27, 0, 71, 16, 53, 44, 0, 45, 6
15, 67, 0, 24, 32, 0, 76, 24, 100, 62, 86, 100, 37, 90, 3, 57, 0
98, 70, 66, 100, 0, 78, 40, 51, 90, 81, 98, 48, 100, 9, 28, 0, 9
10, 55, 33, 86, 95, 100, 88, 70, 48, 43, 0, 18, 28, 0, 100, 2, 2
38, 80, 91, 100, 82, 97, 73, 56, 75, 15, 9, 0, 0, 0, 100, 8, 1
98, 100, 51, 77, 21, 49, 7, 18, 49, 0, 100, 16, 42, 23, 0, 1, 6
20, 70, 39, 100, 100, 88, 67, 44, 30, 1, 64, 0, 22, 41, 0, 85, 8
16, 89, 43, 100, 86, 89, 56, 61, 79, 33, 100, 5, 49, 0, 0, 11, 3
60, 90, 43, 68, 52, 22, 21, 0, 0, 39, 52, 66, 100, 95, 38, 100, 8
0, 52, 38, 60, 72, 78, 100, 100, 96, 81, 84, 54, 74, 27, 73, 0, 1
0, 88, 37, 100, 85, 90, 63, 46, 48, 0, 27, 18, 45, 37, 100, 38, 7
44, 73, 81, 100, 65, 66, 54, 24, 28, 0, 0, 6, 50, 8, 100, 9, 1
0, 96, 58, 100, 76, 75, 51, 38, 34, 0, 0, 8, 34, 26, 100, 28, 7
62, 100, 0, 57, 94, 71, 34, 93, 26, 47, 13, 0, 100, 37, 8, 39, 8
34, 100, 90, 97, 100, 73, 64, 45, 34, 15, 15, 0, 0, 32, 57, 30, 7
18, 100, 13, 78, 0, 46, 57, 37, 100, 50, 85, 66, 83, 33, 84, 0, 4
0, 61, 39, 79, 74, 99, 100, 100, 85, 75, 65, 49, 44, 24, 24, 0, 1
100, 91, 41, 100, 0, 74, 48, 57, 93, 81, 88, 65, 74, 32, 57, 0, 9
7, 78, 33, 96, 89, 100, 100, 80, 64, 60, 74, 36, 46, 14, 0, 0, 3
100, 100, 56, 80, 26, 55, 1, 27, 11, 0, 69, 4, 50, 19, 0, 14, 6
44, 75, 90, 100, 83, 86, 67, 46, 51, 6, 0, 0, 27, 3, 100, 2, 1
0, 56, 76, 49, 100, 11, 31, 0, 45, 39, 95, 73, 71, 100, 11, 74, 8
36, 100, 84, 94, 51, 53, 28, 92, 81, 80, 100, 29, 51, 0, 0, 31, 9
0, 90, 45, 100, 85, 88, 57, 64, 69, 40, 100, 17, 67, 1, 17, 0, 3
58, 100, 0, 85, 51, 50, 79, 11, 14, 0, 44, 39, 100, 71, 51, 83, 8
81, 87, 30, 73, 32, 100, 81, 88, 91, 57, 100, 26, 79, 0, 0, 9, 9
0, 100, 7, 100, 89, 100, 100, 98, 55, 76, 29, 50, 12, 24, 14, 0, 7
0, 0, 18, 27, 48, 49, 76, 73, 100, 100, 94, 73, 82, 40, 82, 9, 1
15, 78, 6, 33, 34, 0, 79, 17, 100, 58, 81, 99, 34, 100, 0, 68, 0
14, 91, 0, 96, 56, 100, 100, 90, 87, 66, 62, 44, 35, 22, 10, 0, 7
23, 82, 58, 100, 87, 86, 62, 57, 100, 49, 85, 19, 45, 2, 0, 0, 3
0, 0, 41, 16, 77, 37, 100, 65, 100, 96, 60, 100, 54, 71, 87, 48, 9
97, 100, 49, 92, 15, 65, 0, 35, 15, 6, 74, 0, 100, 23, 45, 29, 6
8, 85, 67, 100, 74, 68, 44, 34, 12, 0, 0, 31, 34, 46, 100, 46, 7
0, 95, 21, 65, 86, 30, 54, 0, 14, 25, 68, 62, 100, 100, 0, 90, 8
0, 68, 47, 82, 89, 100, 100, 90, 81, 67, 58, 45, 34, 22, 13, 0, 1
54, 73, 92, 92, 100, 100, 65, 80, 42, 61, 19, 41, 8, 20, 0, 0, 1
100, 77, 53, 73, 18, 92, 60, 100, 84, 74, 71, 42, 41, 16, 0, 0, 9
35, 95, 96, 100, 100, 97, 27, 87, 28, 66, 96, 48, 72, 13, 0, 0, 5
0, 84, 41, 100, 86, 75, 33, 52, 54, 45, 100, 19, 51, 0, 2, 13, 3
5, 78, 30, 100, 50, 72, 30, 38, 0, 13, 25, 2, 62, 0, 100, 5, 2
4, 99, 50, 100, 100, 97, 65, 57, 37, 12, 16, 0, 0, 39, 55, 45, 7
72, 77, 97, 100, 100, 73, 74, 42, 40, 16, 0, 0, 36, 6, 82, 4, 2
51, 94, 80, 59, 100, 100, 26, 88, 74, 67, 93, 63, 83, 9, 0, 0, 9
0, 86, 37, 100, 85, 93, 72, 67, 94, 36, 100, 4, 53, 0, 6, 11, 3
0, 93, 45, 100, 75, 73, 73, 36, 61, 0, 34, 29, 49, 45, 100, 51, 7
100, 84, 78, 100, 69, 82, 87, 83, 80, 51, 77, 17, 45, 0, 0, 8, 9
100, 100, 46, 87, 8, 60, 0, 26, 33, 0, 85, 8, 64, 35, 8, 30, 6
0, 42, 7, 64, 52, 83, 100, 100, 94, 78, 67, 52, 43, 26, 22, 0, 1
40, 99, 5, 63, 46, 41, 9, 0, 0, 34, 1, 86, 37, 100, 100, 96, 5
4, 100, 0, 100, 7, 69, 56, 55, 100, 67, 86, 60, 62, 31, 55, 0, 4
100, 89, 39, 75, 0, 78, 55, 100, 93, 85, 70, 54, 35, 24, 23, 0, 9
47, 93, 92, 100, 100, 96, 55, 84, 60, 57, 83, 25, 45, 5, 0, 0, 5
24, 82, 62, 100, 76, 71, 52, 40, 13, 16, 0, 13, 52, 13, 100, 0, 2
0, 72, 28, 100, 53, 77, 53, 24, 42, 0, 36, 34, 68, 49, 100, 67, 7
30, 61, 67, 79, 100, 100, 91, 90, 63, 68, 37, 46, 15, 23, 0, 0, 1
100, 100, 53, 87, 24, 59, 2, 31, 0, 0, 50, 4, 62, 30, 12, 32, 6
77, 100, 25, 82, 3, 53, 0, 24, 43, 0, 100, 16, 46, 28, 6, 4, 6
20, 87, 60, 100, 69, 75, 50, 52, 100, 44, 96, 18, 51, 1, 0, 0, 3
15, 96, 3, 61, 57, 49, 42, 0, 10, 13, 0, 66, 44, 95, 100, 100, 5
0, 94, 47, 97, 97, 100, 92, 56, 84, 13, 67, 0, 48, 19, 100, 23, 7
32, 87, 26, 62, 65, 29, 45, 0, 19, 35, 0, 75, 30, 100, 100, 100, 5
38, 100, 100, 92, 88, 77, 75, 62, 50, 46, 25, 30, 12, 15, 0, 0, 1
0, 51, 19, 63, 59, 82, 100, 100, 84, 76, 67, 51, 51, 26, 40, 0, 1
0, 91, 53, 100, 97, 88, 79, 65, 47, 45, 15, 23, 39, 5, 100, 0, 2
21, 100, 22, 74, 0, 45, 34, 36, 100, 33, 97, 62, 84, 31, 77, 0, 4
0, 99, 66, 100, 100, 79, 68, 41, 48, 1, 25, 0, 21, 23, 88, 25, 7
29, 98, 0, 55, 43, 36, 43, 0, 21, 17, 28, 64, 41, 98, 100, 100, 5
16, 100, 0, 82, 6, 47, 70, 47, 100, 71, 94, 73, 92, 36, 95, 0, 4
19, 100, 42, 95, 7, 58, 0, 44, 83, 34, 86, 68, 90, 34, 100, 0, 4
0, 81, 16, 59, 74, 39, 65, 0, 8, 6, 4, 50, 33, 88, 100, 100, 5
87, 74, 74, 100, 22, 87, 70, 68, 100, 72, 88, 33, 55, 0, 0, 8, 9
95, 100, 74, 95, 27, 65, 0, 30, 32, 0, 100, 11, 73, 45, 9, 64, 6
100, 100, 50, 85, 16, 58, 4, 25, 34, 0, 80, 15, 40, 27, 0, 6, 6
49, 100, 13, 69, 0, 27, 30, 0, 74, 19, 100, 56, 83, 94, 36, 98, 0
20, 60, 0, 83, 15, 39, 100, 9, 30, 0, 47, 54, 67, 100, 2, 59, 8
0, 99, 28, 100, 65, 95, 100, 89, 95, 66, 72, 43, 50, 18, 45, 0, 7
20, 75, 0, 45, 29, 11, 69, 0, 100, 26, 90, 73, 56, 100, 17, 94, 0
74, 100, 37, 86, 6, 56, 0, 22, 45, 0, 100, 10, 55, 32, 0, 34, 6
60, 100, 36, 67, 0, 39, 46, 48, 99, 58, 100, 62, 77, 29, 52, 0, 4
0, 30, 41, 53, 82, 77, 100, 100, 71, 76, 59, 50, 59, 25, 65, 0, 1
0, 75, 26, 100, 61, 87, 55, 48, 24, 22, 26, 3, 65, 1, 100, 0, 2
60, 100, 19, 76, 1, 45, 3, 13, 56, 0, 100, 20, 44, 27, 0, 5, 6
99, 82, 66, 100, 0, 85, 13, 56, 84, 67, 100, 68, 85, 33, 70, 0, 9
66, 76, 34, 100, 5, 76, 43, 39, 44, 0, 0, 17, 45, 50, 100, 76, 8
19, 64, 30, 100, 36, 85, 41, 47, 42, 9, 0, 0, 50, 4, 100, 12, 1
26, 100, 1, 96, 0, 57, 68, 43, 100, 61, 73, 78, 45, 40, 29, 0, 4
62, 100, 39, 79, 0, 52, 13, 39, 80, 44, 100, 63, 86, 32, 71, 0, 4
23, 88, 52, 100, 51, 67, 30, 38, 0, 16, 27, 8, 64, 3, 100, 0, 2
100, 100, 55, 93, 23, 59, 11, 15, 53, 0, 77, 31, 41, 62, 0, 51, 6
67, 100, 25, 81, 0, 49, 0, 15, 51, 0, 100, 20, 63, 40, 9, 26, 6
0, 92, 56, 100, 100, 95, 73, 55, 59, 12, 43, 0, 26, 31, 87, 32, 7
0, 85, 35, 100, 77, 91, 65, 65, 68, 40, 100, 19, 73, 1, 24, 0, 3
0, 96, 31, 63, 100, 32, 86, 0, 12, 18, 53, 53, 98, 87, 41, 100, 8
70, 74, 6, 84, 57, 60, 100, 96, 62, 100, 100, 59, 79, 15, 0, 0, 9
25, 76, 66, 100, 64, 78, 48, 34, 29, 0, 0, 7, 50, 10, 100, 15, 1
8, 66, 17, 27, 49, 0, 89, 23, 100, 63, 75, 97, 25, 100, 0, 67, 0
48, 97, 13, 62, 0, 21, 44, 0, 89, 29, 100, 70, 60, 100, 4, 84, 0
93, 77, 47, 100, 8, 68, 70, 33, 74, 0, 0, 20, 52, 57, 100, 92, 8
0, 100, 58, 94, 73, 68, 54, 34, 34, 0, 19, 1, 40, 21, 100, 19, 7
43, 80, 46, 100, 83, 79, 61, 39, 20, 12, 0, 14, 51, 16, 100, 0, 2
6, 98, 50, 100, 76, 67, 64, 24, 67, 0, 100, 25, 52, 46, 0, 58, 7
14, 77, 53, 100, 79, 77, 43, 46, 83, 36, 100, 9, 50, 0, 0, 1, 3
90, 100, 50, 82, 0, 45, 70, 46, 100, 65, 83, 91, 77, 43, 75, 0, 4
32, 95, 1, 65, 0, 25, 35, 0, 79, 13, 100, 49, 81, 85, 37, 100, 0
40, 100, 0, 58, 93, 90, 6, 92, 11, 52, 9, 0, 100, 34, 0, 38, 8
0, 66, 46, 79, 100, 100, 97, 91, 71, 68, 46, 46, 26, 23, 23, 0, 1
100, 100, 55, 82, 22, 55, 0, 27, 11, 0, 95, 11, 85, 35, 9, 21, 6
27, 94, 0, 70, 59, 55, 52, 8, 0, 0, 8, 53, 37, 94, 100, 100, 5
47, 90, 75, 100, 75, 72, 55, 45, 26, 21, 0, 0, 49, 5, 100, 4, 2
43, 92, 100, 100, 85, 97, 19, 90, 55, 66, 90, 37, 64, 8, 0, 0, 5
100, 100, 58, 86, 23, 57, 1, 24, 30, 0, 90, 13, 64, 40, 0, 42, 6
0, 99, 27, 100, 64, 95, 100, 87, 77, 63, 58, 36, 41, 7, 32, 0, 7
80, 100, 59, 97, 26, 71, 0, 43, 28, 23, 94, 38, 100, 28, 81, 0, 4
0, 88, 36, 100, 70, 87, 68, 61, 70, 34, 100, 15, 64, 1, 17, 0, 3
0, 0, 46, 16, 85, 41, 100, 72, 73, 100, 18, 95, 19, 66, 76, 55, 9
0, 58, 40, 72, 74, 90, 100, 100, 89, 74, 78, 47, 69, 19, 68, 0, 1
36, 93, 31, 55, 79, 100, 0, 73, 31, 53, 27, 0, 100, 37, 32, 46, 8
7, 89, 54, 100, 69, 76, 40, 52, 91, 45, 100, 19, 52, 6, 0, 0, 3
0, 64, 26, 81, 74, 100, 100, 98, 80, 74, 67, 49, 62, 24, 70, 0, 1
0, 88, 45, 100, 66, 72, 27, 48, 59, 43, 100, 21, 60, 0, 7, 4, 3
14, 57, 56, 78, 100, 100, 98, 90, 82, 62, 75, 35, 63, 8, 0, 0, 1
0, 96, 27, 100, 73, 99, 100, 83, 85, 60, 60, 40, 33, 20, 8, 0, 7
78, 100, 33, 82, 12, 49, 14, 12, 60, 0, 100, 26, 50, 32, 0, 13, 6
0, 69, 36, 84, 77, 99, 100, 100, 78, 76, 57, 51, 38, 26, 28, 0, 1
5, 73, 48, 68, 100, 100, 27, 88, 0, 59, 76, 71, 72, 42, 53, 0, 9
100, 92, 58, 100, 39, 84, 24, 67, 15, 50, 9, 33, 0, 16, 0, 0, 1
37, 94, 44, 57, 94, 99, 28, 100, 53, 73, 100, 64, 75, 7, 0, 0, 9
91, 100, 36, 85, 3, 56, 0, 22, 45, 0, 100, 9, 60, 25, 18, 2, 6
16, 100, 24, 89, 9, 55, 0, 21, 63, 19, 97, 42, 95, 27, 100, 0, 4
40, 100, 7, 86, 0, 63, 14, 41, 81, 37, 91, 45, 84, 22, 100, 0, 4
0, 71, 59, 78, 96, 100, 100, 84, 94, 60, 88, 35, 80, 11, 84, 0, 1
56, 100, 29, 73, 0, 41, 30, 35, 100, 34, 95, 65, 78, 31, 80, 0, 4
19, 100, 16, 55, 10, 96, 16, 48, 24, 2, 0, 0, 50, 11, 100, 16, 1
0, 89, 44, 100, 100, 73, 88, 35, 46, 0, 12, 9, 11, 35, 92, 34, 7
0, 93, 68, 100, 78, 79, 65, 43, 60, 8, 40, 0, 30, 28, 100, 37, 7
9, 96, 62, 100, 81, 67, 53, 31, 19, 0, 0, 37, 29, 47, 100, 47, 7
56, 100, 14, 75, 0, 42, 57, 28, 98, 53, 100, 65, 73, 34, 71, 0, 4
0, 65, 13, 100, 55, 87, 48, 42, 15, 9, 1, 17, 51, 12, 100, 0, 2
79, 100, 38, 76, 8, 49, 1, 19, 47, 0, 100, 9, 47, 21, 0, 8, 6
44, 76, 61, 100, 6, 75, 41, 38, 70, 0, 0, 0, 33, 36, 100, 62, 8
43, 97, 0, 74, 74, 79, 57, 100, 47, 85, 100, 54, 88, 16, 16, 0, 9
57, 100, 34, 71, 0, 45, 7, 41, 61, 41, 100, 56, 80, 32, 70, 0, 4
51, 91, 5, 86, 0, 43, 22, 0, 8, 24, 50, 61, 100, 93, 45, 100, 8
100, 95, 71, 100, 36, 84, 34, 48, 83, 48, 91, 17, 49, 0, 0, 4, 5
50, 96, 89, 100, 92, 71, 66, 48, 100, 29, 80, 4, 36, 0, 0, 10, 3
75, 100, 100, 99, 83, 83, 75, 66, 50, 49, 25, 33, 8, 17, 0, 0, 1
0, 98, 34, 100, 53, 78, 47, 47, 72, 26, 100, 8, 68, 0, 36, 8, 3
84, 70, 94, 100, 48, 90, 60, 66, 100, 68, 78, 32, 47, 0, 0, 2, 9
0, 48, 36, 63, 68, 84, 100, 100, 86, 75, 72, 50, 58, 24, 55, 0, 1
100, 100, 46, 92, 34, 67, 79, 82, 87, 75, 82, 43, 49, 17, 0, 0, 9
70, 77, 30, 69, 0, 81, 44, 100, 79, 82, 80, 54, 80, 26, 100, 0, 9
48, 100, 15, 75, 0, 38, 12, 3, 52, 0, 86, 24, 100, 60, 76, 91, 0
14, 74, 36, 100, 77, 93, 53, 58, 18, 29, 0, 15, 50, 9, 100, 0, 2
26, 84, 66, 100, 100, 83, 79, 55, 85, 35, 90, 9, 44, 0, 0, 10, 3
46, 90, 77, 100, 100, 76, 70, 50, 92, 36, 93, 8, 47, 0, 0, 6, 3
100, 100, 58, 89, 34, 55, 25, 18, 58, 0, 79, 32, 39, 48, 0, 27, 6
100, 100, 62, 88, 26, 61, 0, 30, 14, 0, 68, 2, 63, 23, 12, 13, 6
27, 100, 0, 69, 1, 26, 33, 0, 73, 8, 100, 41, 91, 77, 52, 75, 0
27, 85, 68, 100, 100, 86, 54, 69, 84, 49, 98, 23, 54, 5, 0, 0, 3
25, 100, 7, 82, 0, 46, 56, 28, 100, 55, 99, 73, 75, 37, 66, 0, 4
0, 89, 44, 100, 72, 73, 71, 36, 70, 0, 56, 11, 49, 32, 100, 29, 7
100, 66, 61, 100, 0, 51, 8, 0, 82, 32, 92, 89, 64, 61, 8, 8, 0
12, 79, 62, 46, 100, 12, 23, 0, 41, 33, 86, 67, 82, 100, 0, 88, 8
98, 100, 64, 86, 38, 54, 31, 20, 72, 0, 100, 26, 51, 39, 0, 24, 6
36, 59, 56, 100, 73, 62, 49, 22, 0, 9, 34, 17, 73, 0, 100, 29, 2
11, 58, 85, 41, 87, 0, 0, 9, 23, 50, 100, 78, 71, 100, 10, 77, 8
34, 91, 100, 100, 71, 96, 18, 75, 38, 60, 89, 46, 61, 16, 0, 0, 5
0, 100, 53, 97, 91, 69, 72, 29, 31, 0, 5, 35, 46, 49, 100, 41, 7
36, 100, 6, 81, 0, 52, 36, 28, 84, 38, 100, 55, 72, 29, 62, 0, 4
63, 91, 66, 100, 100, 87, 65, 60, 28, 35, 0, 7, 47, 0, 88, 0, 2
24, 97, 55, 60, 77, 22, 21, 0, 0, 31, 51, 62, 100, 95, 30, 100, 8
70, 100, 37, 75, 0, 49, 40, 39, 100, 46, 87, 57, 57, 29, 31, 0, 4
18, 100, 16, 91, 0, 64, 22, 39, 100, 41, 86, 55, 61, 28, 61, 0, 4
48, 89, 8, 67, 48, 33, 43, 0, 0, 12, 6, 66, 41, 100, 100, 88, 5
32, 85, 0, 51, 2, 7, 51, 0, 93, 23, 100, 67, 67, 100, 23, 84, 0
0, 90, 49, 100, 60, 67, 55, 32, 65, 0, 21, 28, 28, 48, 100, 53, 7
67, 100, 27, 75, 0, 44, 15, 11, 73, 3, 100, 25, 40, 25, 3, 0, 6
43, 100, 15, 71, 0, 35, 13, 0, 71, 20, 100, 54, 100, 91, 39, 97, 0
95, 71, 100, 100, 39, 100, 0, 76, 55, 76, 93, 59, 76, 29, 55, 0, 9
100, 79, 64, 100, 23, 81, 63, 69, 97, 74, 79, 38, 48, 7, 0, 0, 9
7, 89, 52, 100, 81, 82, 46, 59, 55, 37, 100, 18, 56, 3, 0, 0, 3
0, 99, 37, 100, 72, 81, 73, 37, 49, 0, 33, 24, 62, 40, 100, 44, 7
0, 82, 35, 100, 74, 97, 68, 64, 40, 37, 18, 15, 58, 6, 100, 0, 2
17, 100, 0, 72, 8, 46, 67, 46, 100, 54, 74, 68, 64, 34, 55, 0, 4
70, 94, 98, 100, 100, 79, 70, 61, 75, 35, 62, 12, 26, 0, 0, 0, 3
51, 100, 17, 77, 17, 21, 63, 0, 100, 42, 83, 93, 29, 99, 0, 52, 0
0, 87, 49, 100, 100, 90, 83, 46, 77, 0, 65, 4, 41, 32, 97, 40, 7
17, 97, 3, 55, 14, 10, 66, 0, 100, 37, 90, 83, 39, 100, 0, 66, 0
24, 86, 57, 100, 55, 72, 30, 47, 0, 26, 31, 9, 69, 1, 100, 0, 2
100, 100, 56, 92, 38, 78, 25, 62, 16, 47, 9, 31, 3, 16, 0, 0, 1
0, 93, 8, 100, 64, 98, 100, 83, 88, 62, 64, 42, 42, 21, 35, 0, 7
12, 100, 2, 79, 0, 52, 63, 48, 100, 70, 86, 54, 80, 27, 74, 0, 4
36, 95, 9, 55, 73, 58, 54, 11, 0, 0, 10, 52, 29, 99, 100, 100, 5
0, 64, 49, 89, 73, 100, 65, 55, 62, 9, 8, 2, 23, 0, 100, 5, 1
23, 79, 0, 65, 3, 19, 44, 0, 88, 18, 100, 62, 71, 100, 26, 96, 0
35, 100, 79, 98, 70, 58, 40, 25, 0, 0, 4, 17, 53, 19, 100, 2, 2
16, 77, 39, 100, 49, 64, 28, 27, 0, 0, 32, 3, 68, 6, 100, 3, 2
0, 91, 40, 100, 85, 91, 73, 46, 62, 0, 38, 3, 49, 32, 100, 35, 7
76, 56, 75, 100, 0, 90, 35, 53, 95, 21, 47, 0, 57, 44, 100, 85, 8
6, 59, 0, 24, 33, 0, 74, 14, 100, 46, 94, 85, 53, 100, 16, 79, 0
0, 90, 60, 100, 100, 83, 72, 47, 40, 13, 4, 0, 25, 29, 92, 29, 7
48, 100, 21, 80, 0, 50, 37, 36, 100, 37, 95, 61, 95, 30, 96, 0, 4
22, 94, 26, 62, 64, 31, 34, 0, 0, 27, 5, 72, 41, 100, 100, 97, 5
100, 99, 43, 100, 8, 68, 38, 32, 25, 0, 0, 30, 41, 63, 95, 86, 8
66, 100, 35, 69, 23, 33, 43, 0, 98, 1, 100, 32, 43, 37, 0, 18, 6
0, 95, 57, 100, 100, 74, 73, 35, 32, 0, 5, 25, 34, 46, 100, 47, 7
49, 100, 79, 95, 61, 63, 67, 47, 100, 27, 73, 4, 31, 0, 0, 13, 3
11, 82, 45, 100, 93, 91, 77, 64, 82, 40, 100, 14, 53, 3, 0, 0, 3
42, 100, 18, 67, 0, 34, 2, 0, 67, 8, 97, 39, 100, 73, 43, 88, 0
100, 100, 54, 84, 18, 59, 0, 29, 21, 1, 75, 0, 92, 27, 51, 48, 6
45, 92, 69, 100, 69, 70, 60, 44, 100, 28, 78, 4, 33, 0, 0, 15, 3
31, 96, 44, 76, 24, 100, 41, 50, 48, 7, 0, 0, 49, 14, 100, 23, 1
0, 100, 58, 100, 89, 88, 74, 44, 61, 0, 22, 22, 41, 33, 100, 29, 7
0, 87, 37, 96, 98, 100, 100, 87, 80, 65, 63, 44, 52, 22, 62, 0, 7
25, 74, 47, 100, 66, 74, 41, 44, 4, 20, 0, 9, 49, 1, 100, 0, 2
100, 88, 79, 100, 42, 74, 15, 41, 27, 8, 78, 0, 48, 17, 0, 18, 6
0, 69, 28, 100, 100, 97, 77, 55, 40, 15, 86, 0, 38, 33, 9, 72, 8
25, 87, 53, 100, 65, 64, 38, 33, 0, 19, 46, 19, 87, 0, 100, 31, 2
80, 100, 29, 84, 0, 47, 7, 8, 79, 7, 100, 41, 30, 35, 20, 0, 6
0, 71, 42, 81, 85, 100, 100, 92, 92, 67, 80, 43, 74, 17, 77, 0, 1
60, 88, 89, 100, 93, 70, 71, 39, 40, 12, 0, 0, 48, 0, 100, 1, 2
25, 90, 0, 48, 13, 0, 79, 13, 100, 61, 60, 100, 3, 73, 10, 29, 0
39, 93, 0, 64, 4, 15, 46, 0, 86, 27, 100, 73, 62, 100, 18, 86, 0
64, 83, 16, 87, 11, 43, 0, 0, 5, 33, 54, 68, 100, 100, 25, 90, 8
71, 100, 34, 74, 11, 42, 24, 9, 76, 0, 100, 22, 45, 24, 0, 6, 6
0, 100, 68, 94, 95, 77, 67, 47, 41, 15, 29, 0, 28, 30, 100, 33, 7
5, 86, 77, 100, 80, 99, 0, 86, 20, 63, 100, 48, 81, 13, 1, 0, 5
0, 34, 16, 54, 51, 77, 89, 100, 86, 75, 73, 50, 70, 24, 100, 0, 1
63, 100, 29, 83, 10, 50, 19, 16, 67, 0, 100, 19, 48, 31, 0, 19, 6
0, 80, 44, 100, 74, 70, 52, 33, 20, 0, 5, 30, 45, 41, 100, 41, 7
58, 96, 100, 100, 63, 90, 37, 61, 61, 54, 66, 24, 36, 0, 0, 11, 5
18, 100, 0, 76, 20, 46, 75, 56, 100, 90, 69, 68, 43, 34, 19, 0, 4
59, 99, 8, 100, 24, 58, 81, 28, 57, 0, 0, 25, 39, 64, 100, 93, 8
17, 100, 0, 56, 34, 28, 100, 31, 100, 66, 68, 97, 68, 48, 75, 0, 4
42, 79, 45, 100, 79, 86, 60, 46, 29, 12, 0, 6, 50, 10, 100, 0, 2
97, 98, 19, 80, 100, 57, 69, 100, 45, 50, 0, 19, 73, 0, 31, 43, 8
37, 99, 0, 57, 26, 28, 96, 29, 100, 62, 69, 100, 60, 50, 59, 0, 4
48, 75, 77, 100, 100, 72, 49, 52, 83, 40, 93, 8, 39, 0, 0, 25, 3
100, 63, 46, 61, 0, 71, 23, 100, 66, 99, 73, 65, 72, 32, 80, 0, 9
0, 66, 78, 89, 100, 100, 88, 75, 78, 51, 72, 26, 56, 3, 69, 0, 1
27, 95, 0, 62, 59, 47, 42, 0, 1, 4, 5, 54, 31, 95, 100, 100, 5
13, 93, 16, 100, 0, 60, 54, 42, 100, 43, 89, 79, 59, 41, 45, 0, 4
29, 76, 52, 100, 100, 96, 86, 70, 58, 46, 55, 29, 51, 5, 0, 0, 3
53, 57, 100, 80, 67, 100, 0, 87, 15, 66, 84, 58, 77, 29, 49, 0, 9
68, 100, 44, 64, 0, 36, 42, 38, 100, 41, 86, 73, 59, 38, 52, 0, 4
93, 100, 52, 91, 23, 57, 11, 20, 60, 0, 100, 29, 41, 30, 0, 0, 6
56, 91, 35, 57, 100, 97, 23, 100, 50, 58, 99, 88, 75, 32, 0, 0, 9
35, 83, 18, 81, 0, 40, 21, 4, 69, 0, 100, 28, 91, 71, 57, 100, 0
20, 82, 11, 97, 93, 100, 100, 76, 61, 52, 11, 30, 0, 7, 85, 0, 2
60, 92, 100, 100, 64, 98, 32, 72, 66, 60, 76, 29, 40, 7, 0, 0, 5
100, 98, 66, 100, 30, 90, 17, 60, 48, 48, 64, 17, 34, 0, 0, 6, 5
0, 42, 21, 66, 33, 91, 64, 100, 70, 74, 73, 49, 73, 23, 100, 0, 1
15, 85, 0, 40, 18, 0, 64, 8, 93, 44, 100, 89, 58, 100, 16, 79, 0
100, 100, 68, 79, 45, 57, 28, 34, 22, 11, 72, 0, 62, 18, 0, 20, 6
14, 78, 38, 100, 82, 81, 69, 46, 24, 24, 0, 30, 54, 21, 100, 0, 2
57, 100, 100, 100, 53, 91, 22, 66, 67, 48, 91, 20, 50, 0, 0, 8, 5
69, 72, 100, 100, 35, 91, 0, 57, 59, 60, 100, 61, 71, 25, 18, 0, 9
31, 94, 100, 100, 66, 96, 5, 79, 0, 50, 69, 37, 92, 10, 22, 0, 5
23, 96, 0, 61, 2, 20, 37, 0, 75, 19, 100, 53, 95, 93, 55, 100, 0
56, 100, 24, 73, 0, 37, 8, 2, 74, 5, 100, 36, 41, 34, 27, 0, 6
34, 100, 22, 67, 0, 36, 34, 23, 86, 30, 100, 61, 94, 33, 91, 0, 4
3, 15, 44, 51, 88, 88, 46, 100, 42, 63, 100, 31, 72, 0, 0, 17, 8
0, 46, 42, 66, 79, 88, 100, 100, 84, 75, 72, 49, 63, 23, 60, 0, 1
56, 100, 11, 85, 0, 39, 28, 0, 80, 4, 100, 47, 83, 90, 32, 92, 0
26, 100, 0, 71, 41, 50, 97, 52, 100, 87, 81, 67, 67, 34, 59, 0, 4
71, 95, 25, 88, 0, 43, 15, 0, 64, 11, 100, 50, 87, 95, 38, 100, 0
15, 67, 44, 100, 51, 91, 44, 44, 29, 0, 0, 1, 50, 4, 100, 2, 1
25, 67, 15, 26, 57, 0, 100, 34, 95, 74, 42, 100, 0, 67, 1, 26, 0
28, 100, 13, 76, 0, 47, 59, 38, 100, 60, 92, 58, 79, 28, 65, 0, 4
59, 60, 99, 88, 38, 100, 0, 73, 80, 74, 100, 58, 52, 29, 6, 0, 9
100, 84, 92, 100, 40, 74, 1, 40, 6, 0, 67, 3, 58, 39, 0, 43, 6
100, 100, 66, 99, 23, 69, 0, 35, 17, 1, 94, 0, 86, 30, 10, 29, 6
26, 71, 52, 100, 76, 76, 50, 40, 12, 11, 0, 0, 50, 2, 100, 5, 2
66, 82, 15, 81, 25, 36, 52, 0, 0, 12, 52, 55, 100, 100, 35, 76, 8
26, 64, 0, 28, 26, 0, 72, 24, 100, 60, 97, 99, 45, 100, 7, 71, 0
0, 70, 33, 100, 100, 94, 100, 59, 75, 25, 47, 0, 69, 34, 14, 61, 8
100, 100, 48, 87, 13, 55, 4, 19, 50, 0, 94, 25, 49, 38, 0, 15, 6
14, 93, 47, 100, 56, 70, 35, 41, 1, 18, 0, 0, 50, 1, 100, 1, 2
34, 78, 39, 53, 100, 24, 49, 0, 44, 35, 77, 70, 76, 100, 0, 80, 8
13, 74, 40, 100, 70, 77, 46, 42, 9, 15, 0, 3, 50, 1, 100, 0, 2
13, 79, 31, 100, 73, 82, 59, 45, 17, 19, 0, 23, 53, 17, 100, 0, 2
26, 87, 67, 52, 100, 18, 34, 0, 24, 33, 70, 67, 80, 100, 0, 82, 8
97, 100, 41, 81, 14, 13, 71, 23, 100, 85, 77, 85, 47, 53, 0, 0, 0
0, 67, 38, 84, 84, 100, 100, 95, 81, 71, 64, 48, 48, 23, 38, 0, 1
64, 100, 41, 71, 5, 43, 0, 36, 57, 36, 100, 49, 88, 36, 87, 0, 4
100, 100, 46, 93, 11, 62, 0, 26, 42, 0, 96, 18, 55, 31, 35, 2, 6
0, 91, 34, 100, 100, 77, 99, 38, 71, 0, 90, 7, 85, 30, 0, 25, 7
5, 32, 36, 54, 71, 75, 100, 100, 71, 78, 43, 53, 17, 27, 0, 0, 1
0, 99, 84, 100, 100, 74, 70, 44, 41, 15, 16, 0, 4, 27, 90, 27, 7
49, 100, 8, 93, 0, 60, 45, 82, 61, 57, 100, 28, 73, 0, 8, 2, 9
0, 100, 62, 97, 100, 76, 68, 46, 34, 17, 23, 0, 7, 33, 72, 36, 7
21, 85, 92, 100, 100, 99, 71, 79, 46, 59, 21, 39, 0, 19, 4, 0, 1
93, 77, 51, 100, 3, 77, 0, 32, 39, 0, 90, 20, 100, 63, 54, 84, 0
39, 75, 46, 100, 95, 83, 80, 41, 41, 6, 0, 6, 50, 28, 100, 0, 2
100, 100, 46, 82, 13, 54, 0, 23, 38, 0, 99, 11, 68, 35, 1, 30, 6
99, 100, 66, 100, 18, 94, 30, 57, 86, 49, 100, 15, 48, 0, 0, 12, 5
20, 100, 18, 81, 3, 50, 0, 30, 61, 29, 100, 45, 87, 26, 86, 0, 4
0, 69, 44, 88, 59, 100, 54, 67, 53, 34, 44, 1, 14, 3, 100, 0, 1
30, 83, 64, 100, 100, 85, 64, 63, 98, 41, 98, 14, 48, 0, 0, 10, 3
74, 88, 15, 100, 25, 61, 82, 27, 56, 0, 0, 23, 52, 58, 100, 90, 8
50, 100, 20, 60, 32, 13, 84, 0, 100, 45, 79, 90, 25, 98, 0, 56, 0
100, 96, 42, 100, 8, 76, 0, 43, 55, 42, 92, 20, 62, 0, 6, 8, 5
0, 95, 51, 100, 100, 90, 72, 56, 50, 20, 36, 0, 17, 37, 69, 46, 7
6, 100, 61, 91, 38, 95, 6, 67, 54, 49, 100, 23, 52, 0, 0, 18, 5
9, 100, 0, 59, 7, 18, 39, 0, 75, 7, 100, 34, 99, 74, 69, 95, 0
19, 48, 68, 72, 100, 100, 89, 75, 79, 46, 67, 16, 0, 2, 88, 0, 1
54, 83, 11, 68, 44, 32, 30, 0, 0, 27, 49, 59, 100, 90, 21, 100, 8
43, 90, 100, 100, 75, 96, 2, 85, 45, 70, 91, 47, 64, 15, 0, 0, 5
100, 82, 39, 100, 16, 71, 56, 38, 68, 2, 0, 0, 21, 34, 93, 55, 8
0, 89, 10, 100, 46, 82, 11, 58, 32, 50, 94, 43, 100, 18, 52, 0, 3
0, 86, 39, 100, 51, 66, 35, 32, 8, 1, 1, 0, 51, 15, 100, 0, 2
0, 55, 30, 67, 66, 82, 100, 100, 81, 82, 61, 56, 46, 28, 39, 0, 1
29, 100, 23, 80, 0, 51, 28, 41, 100, 43, 77, 62, 71, 31, 66, 0, 4
0, 74, 28, 100, 50, 76, 29, 38, 1, 8, 26, 0, 63, 0, 100, 3, 2
5, 76, 38, 100, 100, 98, 88, 69, 48, 44, 95, 26, 61, 2, 0, 0, 3
23, 100, 0, 65, 7, 21, 44, 0, 89, 16, 100, 56, 72, 91, 28, 96, 0
55, 100, 26, 83, 0, 59, 37, 39, 96, 44, 100, 53, 87, 26, 71, 0, 4
34, 100, 0, 77, 11, 25, 56, 0, 100, 17, 99, 69, 52, 83, 34, 45, 0
55, 65, 100, 86, 57, 100, 0, 83, 40, 68, 91, 54, 62, 26, 29, 0, 9
55, 100, 33, 72, 18, 44, 19, 15, 70, 0, 100, 20, 40, 23, 0, 1, 6
100, 96, 47, 92, 36, 58, 58, 20, 17, 0, 0, 33, 27, 69, 65, 100, 8
0, 88, 39, 74, 88, 97, 13, 100, 34, 89, 100, 74, 81, 35, 51, 0, 9
8, 81, 48, 100, 98, 90, 77, 63, 100, 28, 86, 0, 35, 9, 0, 35, 3
70, 100, 51, 76, 18, 49, 0, 36, 53, 41, 100, 44, 90, 34, 84, 0, 4
100, 88, 67, 100, 31, 80, 61, 55, 100, 34, 95, 5, 45, 3, 0, 0, 5
9, 80, 24, 98, 88, 100, 78, 72, 65, 52, 100, 30, 64, 5, 0, 0, 3
23, 90, 43, 48, 38, 0, 5, 3, 0, 56, 23, 86, 60, 98, 100, 100, 5
0, 83, 26, 100, 71, 93, 77, 67, 77, 40, 100, 16, 67, 0, 18, 0, 3
22, 95, 0, 53, 14, 5, 70, 0, 100, 41, 91, 89, 41, 100, 10, 59, 0
55, 100, 23, 73, 0, 41, 4, 7, 55, 0, 100, 19, 68, 36, 31, 15, 6
71, 82, 100, 100, 44, 69, 0, 35, 8, 0, 90, 12, 75, 32, 5, 11, 6
39, 100, 75, 61, 100, 98, 34, 81, 9, 30, 72, 0, 83, 45, 0, 50, 8
100, 100, 74, 86, 47, 61, 23, 32, 14, 0, 50, 1, 38, 25, 0, 26, 6
41, 89, 75, 99, 100, 100, 83, 79, 59, 59, 35, 39, 10, 19, 0, 0, 1
16, 99, 26, 100, 0, 58, 45, 39, 100, 34, 86, 77, 57, 47, 45, 0, 4
17, 91, 50, 100, 76, 77, 63, 59, 100, 38, 84, 10, 35, 0, 0, 12, 3
53, 100, 26, 80, 0, 59, 4, 37, 60, 35, 100, 41, 65, 22, 43, 0, 4
9, 77, 26, 100, 52, 76, 37, 44, 7, 17, 0, 0, 54, 1, 100, 4, 2
34, 100, 0, 76, 0, 35, 32, 1, 85, 0, 100, 38, 85, 77, 36, 84, 0
71, 100, 31, 81, 0, 56, 62, 50, 100, 75, 75, 56, 46, 28, 31, 0, 4
31, 100, 0, 78, 7, 28, 51, 0, 96, 14, 100, 64, 58, 89, 29, 55, 0
20, 84, 39, 45, 43, 9, 7, 0, 0, 47, 15, 91, 57, 100, 100, 88, 5
100, 100, 50, 79, 13, 52, 0, 20, 44, 0, 100, 13, 61, 28, 6, 17, 6
0, 47, 21, 68, 59, 90, 100, 100, 87, 75, 70, 50, 52, 25, 43, 0, 1
60, 100, 47, 71, 19, 38, 0, 32, 52, 34, 100, 43, 97, 37, 83, 0, 4
38, 86, 70, 69, 94, 100, 36, 84, 90, 79, 100, 43, 68, 6, 0, 0, 9
79, 93, 20, 100, 30, 81, 92, 80, 100, 52, 94, 16, 43, 0, 0, 19, 9
28, 64, 39, 100, 78, 98, 62, 61, 30, 31, 0, 13, 51, 10, 100, 0, 2
10, 46, 0, 71, 38, 94, 79, 100, 76, 75, 72, 50, 76, 24, 100, 0, 1
0, 75, 21, 100, 52, 81, 46, 44, 17, 18, 28, 24, 65, 12, 100, 0, 2
15, 100, 0, 79, 1, 44, 55, 25, 93, 54, 100, 68, 75, 35, 66, 0, 4
100, 100, 74, 86, 48, 73, 29, 59, 16, 44, 6, 29, 0, 15, 0, 0, 1
72, 100, 19, 78, 26, 62, 100, 66, 81, 89, 53, 68, 33, 33, 0, 0, 4
32, 82, 73, 100, 100, 92, 66, 66, 76, 44, 92, 18, 48, 3, 0, 0, 3
2, 94, 51, 100, 100, 95, 69, 71, 100, 46, 97, 17, 51, 5, 0, 0, 3
76, 76, 47, 100, 0, 84, 48, 66, 83, 68, 100, 33, 87, 0, 26, 0, 9
59, 43, 100, 79, 64, 100, 22, 66, 55, 28, 12, 0, 0, 27, 67, 56, 8
0, 96, 43, 100, 70, 70, 59, 29, 39, 0, 19, 39, 52, 45, 100, 44, 7
0, 75, 33, 100, 66, 77, 68, 40, 60, 5, 51, 0, 48, 30, 100, 33, 7
65, 100, 28, 74, 0, 45, 0, 13, 50, 0, 100, 12, 58, 24, 5, 13, 6
28, 85, 11, 63, 82, 37, 88, 0, 9, 1, 0, 46, 16, 88, 100, 100, 5
12, 97, 56, 100, 97, 87, 100, 63, 95, 39, 82, 10, 41, 0, 0, 12, 3
50, 100, 5, 73, 0, 22, 49, 0, 100, 33, 98, 82, 41, 99, 8, 57, 0
0, 86, 45, 100, 95, 93, 75, 69, 95, 39, 100, 7, 50, 0, 1, 12, 3
41, 73, 60, 100, 72, 73, 61, 40, 37, 10, 0, 0, 49, 1, 100, 2, 2
78, 100, 51, 83, 25, 52, 11, 20, 52, 0, 100, 22, 64, 46, 0, 37, 6
88, 100, 49, 85, 12, 52, 0, 13, 55, 0, 100, 26, 42, 35, 12, 5, 6
32, 100, 7, 55, 32, 98, 37, 58, 54, 10, 0, 0, 36, 2, 100, 8, 1
81, 91, 57, 100, 66, 81, 100, 94, 99, 67, 88, 40, 50, 18, 0, 0, 9
2, 95, 64, 100, 100, 78, 87, 50, 51, 25, 0, 6, 20, 0, 89, 3, 2
100, 80, 67, 100, 42, 73, 80, 70, 89, 64, 79, 25, 45, 1, 0, 0, 9
100, 100, 46, 90, 13, 60, 0, 28, 30, 0, 83, 16, 85, 49, 30, 43, 6
22, 62, 16, 24, 47, 0, 89, 14, 100, 52, 76, 86, 34, 100, 0, 78, 0
39, 84, 0, 86, 40, 42, 76, 0, 20, 9, 57, 54, 100, 96, 44, 100, 8
9, 92, 93, 100, 100, 76, 67, 38, 36, 0, 0, 6, 0, 32, 88, 37, 7
0, 98, 54, 100, 79, 67, 56, 31, 20, 0, 6, 33, 40, 49, 100, 44, 7
35, 95, 51, 60, 72, 15, 22, 0, 0, 36, 53, 66, 100, 99, 33, 100, 8
9, 88, 10, 49, 62, 40, 30, 0, 0, 22, 0, 73, 40, 97, 100, 100, 5
43, 82, 21, 51, 35, 15, 0, 0, 8, 32, 30, 66, 64, 85, 100, 100, 5
35, 91, 46, 100, 20, 65, 4, 29, 38, 0, 100, 20, 38, 37, 0, 8, 6
46, 92, 11, 51, 20, 0, 84, 16, 100, 66, 51, 100, 0, 64, 8, 15, 0
42, 95, 2, 63, 40, 42, 18, 0, 0, 23, 5, 71, 40, 97, 100, 100, 5
24, 70, 38, 100, 79, 88, 67, 50, 34, 20, 0, 11, 50, 6, 100, 0, 2
5, 80, 37, 100, 58, 73, 34, 37, 0, 8, 5, 0, 52, 2, 100, 7, 2
0, 100, 3, 84, 1, 63, 7, 43, 52, 38, 55, 35, 62, 14, 100, 0, 4
43, 80, 41, 100, 80, 93, 64, 51, 32, 17, 0, 3, 50, 12, 100, 0, 2
0, 92, 38, 100, 80, 86, 66, 44, 60, 0, 45, 4, 53, 31, 100, 29, 7
0, 92, 46, 100, 90, 89, 52, 67, 89, 44, 100, 16, 53, 4, 3, 0, 3
0, 60, 17, 92, 25, 100, 29, 63, 34, 26, 15, 0, 55, 3, 100, 5, 1
49, 100, 95, 93, 83, 52, 47, 21, 0, 6, 5, 28, 54, 20, 100, 0, 2
37, 69, 100, 83, 61, 100, 0, 91, 64, 78, 62, 55, 26, 28, 2, 0, 9
62, 100, 29, 92, 0, 69, 11, 45, 89, 47, 100, 44, 54, 23, 32, 0, 4
0, 72, 0, 77, 23, 64, 73, 37, 25, 0, 9, 62, 33, 100, 100, 100, 5
0, 78, 0, 97, 50, 99, 100, 100, 90, 81, 64, 56, 42, 29, 27, 0, 7
31, 70, 0, 84, 16, 37, 52, 0, 100, 19, 99, 66, 60, 100, 6, 94, 0
60, 82, 71, 100, 100, 87, 73, 60, 100, 36, 79, 8, 37, 0, 0, 17, 3
85, 100, 49, 81, 17, 60, 0, 38, 60, 32, 100, 43, 70, 22, 55, 0, 4
42, 81, 52, 100, 96, 76, 72, 47, 77, 37, 100, 7, 39, 0, 0, 22, 3
82, 70, 31, 56, 0, 81, 51, 100, 100, 84, 87, 51, 54, 21, 12, 0, 9
43, 100, 22, 60, 38, 63, 31, 64, 41, 19, 0, 0, 45, 2, 100, 7, 1
0, 100, 73, 99, 100, 83, 83, 51, 67, 20, 43, 0, 2, 27, 70, 28, 7
25, 100, 9, 78, 0, 34, 29, 0, 81, 6, 100, 47, 77, 85, 24, 96, 0
14, 95, 50, 100, 54, 69, 39, 39, 11, 12, 0, 1, 50, 10, 100, 0, 2
0, 71, 35, 74, 75, 94, 100, 100, 89, 73, 77, 46, 72, 18, 57, 0, 1
25, 80, 52, 100, 57, 67, 30, 36, 0, 11, 27, 6, 63, 4, 100, 0, 2
17, 74, 20, 40, 39, 0, 84, 5, 100, 46, 83, 86, 35, 100, 0, 71, 0
74, 100, 39, 73, 0, 48, 52, 46, 100, 48, 77, 83, 63, 41, 47, 0, 4
22, 99, 0, 50, 25, 3, 76, 0, 100, 47, 83, 100, 34, 99, 10, 52, 0
100, 100, 50, 81, 16, 54, 5, 25, 34, 0, 89, 14, 70, 41, 0, 49, 6
0, 61, 36, 72, 74, 91, 100, 100, 95, 73, 87, 46, 77, 19, 68, 0, 1
0, 97, 28, 78, 100, 95, 16, 100, 1, 81, 80, 64, 53, 25, 11, 0, 9
100, 91, 63, 100, 42, 58, 83, 69, 97, 94, 70, 45, 37, 0, 0, 1, 9
2, 91, 48, 100, 68, 69, 52, 34, 37, 0, 0, 24, 43, 34, 100, 31, 7
100, 100, 66, 85, 39, 61, 16, 34, 10, 3, 45, 0, 36, 22, 0, 12, 6
48, 100, 0, 43, 39, 0, 100, 52, 54, 87, 18, 48, 74, 78, 19, 19, 0
37, 78, 15, 58, 49, 25, 18, 0, 0, 30, 1, 72, 49, 89, 100, 100, 5
58, 100, 21, 85, 0, 52, 3, 17, 51, 0, 100, 17, 60, 35, 12, 19, 6
42, 66, 54, 100, 81, 83, 57, 48, 24, 19, 0, 12, 50, 9, 100, 0, 2
39, 100, 0, 74, 19, 51, 81, 52, 100, 70, 70, 63, 52, 32, 44, 0, 4
31, 71, 57, 88, 100, 100, 71, 80, 46, 60, 20, 41, 3, 20, 0, 0, 1
62, 94, 39, 100, 7, 69, 0, 34, 33, 3, 100, 1, 70, 19, 13, 0, 6
28, 65, 41, 100, 63, 64, 55, 21, 31, 0, 0, 33, 50, 45, 100, 58, 7
83, 100, 41, 98, 7, 63, 0, 23, 47, 0, 100, 18, 58, 39, 11, 15, 6
0, 30, 30, 53, 65, 76, 100, 100, 93, 79, 73, 52, 50, 26, 31, 0, 1
67, 76, 87, 100, 96, 74, 70, 50, 100, 26, 76, 1, 34, 0, 0, 20, 3
25, 71, 44, 100, 65, 81, 37, 52, 0, 30, 9, 18, 54, 10, 100, 0, 2
0, 95, 41, 97, 100, 100, 80, 67, 62, 23, 48, 0, 17, 38, 76, 42, 7
31, 100, 0, 58, 74, 45, 57, 2, 10, 0, 6, 46, 17, 90, 100, 97, 5
39, 90, 79, 100, 100, 77, 80, 52, 43, 30, 0, 11, 28, 0, 89, 5, 2
48, 100, 37, 83, 13, 54, 0, 25, 54, 23, 100, 46, 78, 26, 76, 0, 4
0, 75, 34, 100, 65, 66, 57, 10, 29, 0, 13, 41, 57, 51, 100, 62, 7
88, 89, 46, 100, 13, 76, 23, 43, 76, 50, 100, 21, 55, 0, 0, 6, 5
70, 100, 42, 81, 6, 59, 0, 36, 90, 37, 100, 45, 69, 23, 60, 0, 4
24, 91, 14, 58, 68, 42, 59, 0, 0, 14, 11, 59, 32, 98, 100, 100, 5
61, 94, 57, 100, 15, 68, 0, 32, 28, 0, 100, 7, 65, 34, 33, 14, 6
32, 92, 100, 99, 100, 100, 33, 88, 12, 48, 81, 39, 71, 6, 0, 0, 5
0, 95, 48, 100, 92, 85, 55, 61, 78, 34, 100, 5, 48, 0, 3, 15, 3
0, 90, 28, 96, 86, 100, 100, 97, 71, 75, 55, 49, 44, 23, 42, 0, 7
0, 55, 34, 74, 74, 91, 100, 100, 80, 75, 62, 49, 42, 25, 24, 0, 1
0, 98, 35, 100, 83, 99, 100, 92, 63, 75, 39, 51, 30, 24, 37, 0, 7
35, 84, 63, 100, 92, 81, 65, 54, 32, 30, 0, 6, 48, 1, 100, 0, 2
35, 90, 88, 100, 81, 79, 44, 62, 94, 44, 100, 18, 54, 0, 0, 8, 3
0, 88, 40, 100, 59, 69, 36, 36, 0, 11, 9, 13, 57, 15, 100, 0, 2
100, 79, 52, 100, 0, 78, 25, 50, 83, 68, 99, 77, 83, 38, 62, 0, 9
0, 100, 63, 98, 67, 66, 57, 32, 39, 0, 13, 19, 35, 36, 100, 36, 7
39, 94, 47, 100, 47, 61, 26, 23, 3, 0, 0, 39, 50, 50, 100, 63, 7
39, 84, 64, 100, 83, 77, 71, 53, 100, 31, 80, 6, 31, 0, 0, 18, 3
91, 100, 56, 91, 19, 62, 0, 30, 22, 0, 100, 5, 99, 33, 19, 44, 6
0, 93, 64, 100, 100, 82, 78, 51, 52, 20, 27, 0, 1, 29, 63, 32, 7
4, 77, 42, 100, 97, 95, 77, 62, 90, 49, 100, 15, 49, 0, 0, 12, 3
0, 17, 24, 44, 64, 73, 100, 100, 68, 84, 32, 57, 24, 28, 16, 0, 1
96, 98, 44, 100, 5, 72, 0, 36, 38, 8, 100, 6, 61, 21, 11, 0, 6
21, 100, 19, 81, 11, 50, 0, 23, 65, 30, 100, 43, 65, 30, 68, 0, 4
40, 99, 0, 74, 1, 20, 44, 0, 88, 24, 100, 76, 60, 100, 21, 70, 0
99, 100, 67, 85, 22, 58, 1, 27, 36, 0, 100, 18, 77, 47, 0, 59, 6
67, 100, 19, 90, 0, 47, 14, 4, 69, 0, 100, 38, 91, 82, 46, 99, 0
49, 100, 0, 70, 24, 56, 100, 65, 86, 85, 44, 77, 21, 38, 6, 0, 4
80, 100, 18, 98, 60, 66, 100, 29, 42, 0, 0, 23, 42, 61, 56, 98, 8
69, 100, 44, 77, 5, 50, 0, 28, 67, 23, 100, 44, 95, 29, 89, 0, 4
38, 65, 36, 98, 100, 100, 99, 69, 62, 55, 96, 26, 55, 0, 0, 15, 3
25, 76, 0, 39, 15, 0, 68, 1, 98, 36, 100, 76, 58, 100, 7, 90, 0
27, 50, 56, 89, 64, 100, 55, 52, 35, 9, 0, 2, 52, 2, 100, 0, 1
95, 76, 34, 80, 0, 97, 57, 100, 98, 80, 100, 53, 83, 25, 59, 0, 9
29, 100, 4, 77, 0, 54, 64, 53, 100, 69, 71, 47, 46, 24, 32, 0, 4
45, 100, 12, 79, 0, 52, 62, 40, 100, 56, 88, 55, 78, 27, 68, 0, 4
11, 95, 8, 55, 56, 35, 33, 0, 0, 25, 1, 65, 43, 92, 100, 100, 5
18, 72, 25, 100, 24, 70, 22, 34, 17, 0, 0, 2, 51, 2, 100, 2, 1
82, 88, 35, 100, 0, 69, 48, 36, 79, 0, 24, 15, 50, 54, 100, 86, 8
34, 99, 9, 67, 52, 42, 35, 0, 0, 4, 19, 62, 52, 97, 100, 100, 5
84, 96, 0, 100, 28, 66, 100, 36, 68, 0, 2, 21, 46, 60, 88, 95, 8
21, 66, 0, 28, 27, 0, 77, 14, 100, 49, 88, 88, 40, 100, 6, 70, 0
0, 89, 58, 100, 88, 87, 60, 44, 32, 0, 22, 3, 39, 33, 100, 40, 7
4, 63, 28, 100, 35, 82, 28, 37, 0, 6, 2, 10, 51, 7, 100, 0, 1
100, 100, 57, 85, 20, 57, 0, 27, 26, 0, 90, 8, 81, 34, 14, 36, 6
70, 97, 16, 84, 0, 49, 12, 14, 62, 0, 95, 29, 100, 65, 92, 100, 0
39, 88, 0, 66, 68, 60, 68, 15, 8, 0, 19, 47, 31, 95, 100, 100, 5
0, 95, 41, 100, 59, 67, 51, 27, 40, 0, 12, 32, 52, 47, 100, 55, 7
53, 92, 100, 100, 66, 94, 40, 66, 49, 39, 87, 18, 48, 0, 0, 4, 5
0, 88, 35, 100, 55, 68, 49, 27, 38, 0, 19, 32, 59, 40, 100, 45, 7
47, 91, 28, 66, 70, 32, 98, 0, 40, 11, 2, 47, 0, 81, 100, 100, 5
0, 91, 42, 95, 84, 100, 88, 78, 70, 38, 61, 0, 57, 38, 100, 40, 7
0, 44, 11, 72, 48, 93, 98, 100, 100, 74, 70, 50, 64, 27, 82, 0, 3
100, 92, 65, 100, 46, 85, 49, 58, 77, 42, 67, 18, 35, 6, 0, 0, 5
0, 92, 52, 100, 98, 83, 100, 48, 85, 13, 59, 0, 44, 17, 99, 18, 7
35, 79, 43, 65, 79, 27, 16, 0, 0, 34, 60, 68, 100, 100, 3, 92, 8
20, 88, 67, 100, 100, 92, 69, 72, 62, 49, 80, 26, 51, 7, 0, 0, 3
0, 46, 37, 65, 74, 85, 100, 100, 82, 74, 63, 49, 40, 24, 15, 0, 1
0, 82, 25, 100, 36, 68, 21, 33, 13, 7, 42, 2, 71, 0, 100, 1, 2
87, 100, 11, 90, 62, 63, 100, 28, 53, 0, 0, 23, 45, 57, 94, 89, 8
0, 93, 70, 100, 100, 88, 95, 70, 75, 52, 70, 34, 55, 17, 45, 0, 1
80, 82, 23, 83, 0, 96, 67, 100, 100, 77, 91, 51, 67, 25, 45, 0, 9
21, 100, 8, 82, 0, 63, 11, 46, 39, 36, 73, 30, 100, 18, 100, 0, 4
41, 89, 29, 61, 76, 47, 49, 7, 0, 0, 21, 46, 51, 89, 100, 100, 5
33, 84, 84, 100, 94, 76, 50, 54, 93, 47, 100, 19, 52, 0, 0, 6, 3
89, 66, 100, 100, 50, 96, 17, 64, 0, 26, 27, 0, 54, 31, 18, 33, 6
3, 51, 38, 84, 99, 100, 100, 63, 57, 33, 0, 10, 12, 0, 82, 1, 2
67, 72, 24, 71, 0, 86, 41, 100, 84, 97, 100, 65, 88, 32, 68, 0, 9
4, 71, 54, 39, 31, 0, 0, 10, 46, 46, 100, 80, 80, 100, 2, 77, 8
76, 100, 100, 94, 88, 77, 76, 61, 60, 46, 40, 30, 20, 14, 0, 0, 1
31, 87, 20, 59, 92, 56, 73, 15, 0, 0, 6, 44, 25, 90, 100, 100, 5
57, 100, 10, 87, 0, 53, 52, 39, 95, 58, 100, 68, 87, 35, 84, 0, 4
95, 100, 46, 85, 16, 55, 0, 22, 39, 0, 100, 13, 80, 39, 16, 29, 6
100, 77, 77, 100, 29, 86, 0, 57, 3, 24, 39, 0, 56, 21, 11, 39, 6
100, 100, 62, 85, 32, 57, 11, 26, 25, 0, 58, 21, 35, 45, 0, 35, 6
98, 87, 44, 100, 20, 70, 26, 31, 0, 0, 0, 32, 44, 58, 100, 70, 8
41, 84, 59, 100, 53, 69, 28, 40, 0, 14, 32, 16, 67, 0, 100, 21, 2
8, 70, 0, 96, 46, 100, 100, 98, 96, 75, 69, 50, 48, 24, 58, 0, 7
50, 70, 60, 100, 100, 97, 91, 61, 88, 47, 83, 15, 43, 0, 0, 7, 3
0, 24, 30, 48, 61, 75, 91, 100, 100, 93, 83, 62, 68, 31, 59, 0, 1
13, 98, 8, 65, 41, 37, 29, 0, 3, 29, 0, 70, 45, 93, 100, 100, 5
0, 49, 35, 62, 82, 82, 100, 100, 85, 74, 65, 49, 44, 24, 29, 0, 1
100, 100, 61, 79, 25, 51, 0, 20, 38, 0, 91, 17, 61, 42, 5, 28, 6
70, 100, 35, 72, 10, 44, 10, 14, 68, 0, 100, 26, 65, 53, 0, 63, 6
40, 100, 0, 86, 7, 63, 100, 63, 68, 90, 46, 80, 52, 39, 40, 0, 4
22, 73, 64, 90, 16, 100, 38, 82, 87, 63, 100, 26, 52, 7, 0, 0, 9
44, 85, 100, 100, 83, 85, 61, 68, 44, 51, 31, 34, 17, 17, 0, 0, 1
56, 100, 18, 69, 0, 36, 61, 34, 100, 41, 78, 77, 71, 39, 66, 0, 4
27, 100, 92, 91, 100, 61, 88, 30, 71, 0, 0, 10, 8, 32, 96, 40, 7
13, 68, 69, 100, 72, 97, 70, 50, 67, 3, 0, 0, 24, 3, 100, 6, 1
100, 100, 50, 97, 21, 75, 44, 71, 82, 56, 76, 25, 47, 0, 0, 5, 5
36, 69, 56, 100, 79, 82, 60, 47, 29, 17, 0, 0, 50, 4, 100, 12, 2
21, 88, 24, 41, 78, 40, 53, 0, 14, 20, 0, 70, 44, 96, 100, 100, 5
23, 72, 44, 100, 73, 86, 51, 50, 19, 20, 0, 8, 50, 0, 100, 11, 2
28, 76, 80, 85, 44, 100, 48, 85, 100, 71, 96, 37, 51, 15, 0, 0, 9
81, 100, 59, 98, 21, 65, 0, 29, 33, 0, 100, 10, 86, 37, 20, 25, 6
17, 66, 45, 100, 42, 82, 45, 40, 41, 0, 0, 9, 51, 10, 100, 10, 1
25, 70, 54, 100, 60, 66, 35, 27, 0, 1, 19, 10, 61, 0, 100, 0, 2
71, 76, 34, 100, 0, 72, 8, 31, 42, 0, 86, 15, 100, 56, 88, 96, 0
96, 86, 33, 100, 31, 66, 100, 32, 66, 0, 0, 27, 72, 60, 78, 98, 8
49, 100, 0, 79, 9, 49, 100, 50, 86, 78, 49, 86, 44, 43, 48, 0, 4
77, 100, 22, 84, 63, 60, 92, 94, 100, 63, 100, 24, 45, 0, 0, 29, 9
37, 87, 100, 100, 56, 91, 19, 67, 22, 54, 79, 42, 59, 16, 0, 0, 5
26, 91, 74, 100, 74, 77, 48, 53, 19, 30, 0, 5, 47, 0, 100, 2, 2
100, 66, 66, 100, 0, 77, 32, 38, 60, 0, 9, 21, 51, 59, 87, 94, 8
100, 100, 60, 82, 32, 56, 13, 28, 22, 0, 70, 8, 40, 24, 0, 19, 6
44, 81, 80, 100, 97, 76, 48, 55, 100, 40, 99, 10, 42, 0, 0, 9, 3
0, 51, 21, 68, 63, 88, 100, 100, 79, 75, 58, 50, 37, 25, 30, 0, 1
22, 68, 98, 38, 91, 0, 0, 2, 36, 41, 100, 76, 98, 100, 24, 73, 8
86, 88, 46, 100, 50, 80, 99, 94, 100, 62, 96, 26, 56, 2, 0, 0, 9
9, 84, 14, 73, 50, 37, 44, 0, 10, 24, 0, 69, 39, 96, 100, 100, 5
70, 63, 93, 98, 0, 100, 3, 62, 99, 68, 100, 70, 53, 31, 26, 0, 9
0, 87, 39, 100, 73, 74, 69, 31, 51, 0, 12, 28, 50, 47, 100, 54, 7
22, 100, 0, 68, 0, 28, 40, 0, 89, 25, 100, 64, 65, 96, 1, 88, 0
0, 90, 29, 100, 61, 76, 54, 33, 46, 0, 24, 38, 55, 53, 100, 52, 7
0, 85, 20, 100, 47, 85, 33, 53, 12, 23, 27, 0, 64, 2, 100, 9, 2
100, 94, 43, 100, 31, 59, 91, 69, 100, 86, 98, 39, 65, 0, 0, 1, 9
66, 100, 38, 100, 0, 71, 2, 44, 64, 36, 98, 61, 94, 34, 100, 0, 4
88, 100, 39, 100, 67, 59, 77, 17, 5, 0, 0, 31, 60, 61, 100, 94, 8
53, 86, 14, 64, 0, 29, 26, 0, 76, 18, 100, 52, 98, 87, 49, 100, 0
4, 68, 19, 100, 43, 75, 35, 35, 11, 0, 0, 5, 47, 13, 100, 7, 2
100, 100, 70, 90, 84, 75, 89, 74, 95, 42, 96, 11, 49, 0, 0, 0, 9
10, 79, 14, 68, 85, 47, 64, 2, 0, 0, 0, 49, 12, 93, 100, 100, 5
100, 98, 71, 100, 49, 99, 47, 70, 75, 55, 56, 32, 28, 15, 0, 0, 5
67, 96, 7, 83, 66, 56, 100, 23, 34, 0, 0, 30, 24, 68, 24, 100, 8
100, 100, 47, 97, 43, 75, 91, 90, 92, 67, 92, 24, 51, 0, 0, 9, 9
12, 72, 75, 91, 100, 100, 56, 80, 19, 60, 6, 40, 0, 20, 0, 0, 1
0, 65, 26, 99, 36, 100, 38, 63, 40, 27, 4, 0, 23, 1, 100, 1, 1
11, 65, 34, 100, 66, 77, 42, 38, 4, 8, 0, 2, 50, 7, 100, 0, 2
38, 73, 53, 100, 96, 97, 75, 61, 100, 44, 83, 9, 39, 0, 0, 15, 3
0, 22, 30, 40, 56, 67, 80, 95, 100, 100, 92, 66, 85, 34, 80, 0, 1
98, 100, 34, 77, 0, 37, 20, 0, 89, 0, 100, 37, 36, 51, 6, 49, 6
0, 97, 48, 97, 100, 100, 67, 68, 39, 35, 23, 0, 7, 22, 60, 33, 7
12, 96, 12, 52, 62, 32, 20, 0, 0, 32, 4, 78, 36, 99, 100, 100, 5
50, 100, 17, 86, 0, 58, 53, 46, 100, 70, 79, 55, 53, 27, 36, 0, 4
56, 100, 15, 74, 0, 39, 58, 48, 100, 78, 86, 69, 58, 35, 30, 0, 4
0, 15, 32, 39, 66, 68, 96, 99, 100, 100, 81, 67, 65, 34, 52, 0, 1
15, 82, 42, 100, 70, 85, 63, 63, 100, 48, 82, 17, 39, 0, 0, 13, 3
87, 73, 57, 100, 12, 87, 0, 41, 27, 4, 73, 0, 100, 38, 94, 67, 0
49, 92, 8, 61, 0, 16, 56, 0, 97, 35, 100, 81, 51, 100, 28, 60, 0
66, 100, 18, 75, 36, 35, 27, 0, 0, 28, 48, 60, 100, 91, 39, 98, 8
72, 92, 19, 100, 32, 58, 89, 78, 91, 83, 100, 39, 72, 0, 0, 8, 9
13, 79, 35, 100, 58, 77, 37, 41, 0, 12, 4, 13, 55, 0, 100, 12, 2
44, 78, 73, 100, 100, 86, 81, 60, 98, 38, 94, 12, 48, 0, 0, 3, 3
32, 88, 11, 55, 17, 9, 72, 0, 100, 40, 91, 86, 37, 100, 0, 67, 0
27, 100, 0, 66, 6, 28, 45, 0, 100, 20, 100, 57, 76, 92, 21, 90, 0
42, 100, 26, 84, 0, 51, 47, 39, 99, 62, 100, 65, 68, 34, 53, 0, 4
82, 86, 54, 100, 32, 66, 93, 75, 97, 79, 100, 37, 70, 0, 0, 7, 9
0, 55, 23, 90, 35, 100, 28, 51, 11, 8, 5, 0, 52, 1, 100, 1, 1
0, 88, 27, 100, 49, 74, 39, 41, 16, 16, 36, 4, 68, 0, 100, 0, 2
22, 100, 2, 84, 0, 67, 31, 55, 67, 47, 97, 35, 100, 17, 93, 0, 4
1, 72, 20, 100, 42, 73, 32, 37, 5, 6, 0, 2, 51, 1, 100, 0, 2
0, 87, 65, 67, 100, 32, 78, 0, 40, 30, 60, 66, 80, 100, 4, 94, 8
18, 100, 80, 95, 90, 61, 52, 26, 26, 0, 100, 16, 79, 32, 0, 36, 7
66, 100, 26, 87, 0, 68, 54, 63, 100, 57, 64, 40, 33, 21, 9, 0, 4
94, 100, 73, 92, 59, 66, 99, 93, 100, 82, 89, 44, 50, 16, 0, 0, 9
13, 68, 27, 100, 56, 86, 34, 44, 0, 9, 0, 0, 50, 0, 100, 8, 2
100, 55, 42, 50, 29, 81, 75, 100, 96, 69, 82, 33, 51, 3, 0, 0, 9
8, 94, 71, 100, 39, 96, 6, 71, 60, 71, 100, 35, 55, 0, 0, 16, 5
96, 75, 82, 100, 55, 79, 96, 86, 100, 56, 89, 18, 48, 0, 0, 2, 9
93, 100, 47, 99, 55, 75, 100, 84, 96, 62, 86, 21, 47, 0, 0, 3, 9
22, 85, 61, 100, 99, 79, 61, 54, 74, 42, 100, 15, 52, 0, 0, 13, 3
2, 78, 35, 100, 88, 85, 47, 58, 100, 50, 98, 15, 43, 0, 0, 23, 3
100, 100, 41, 89, 8, 59, 2, 23, 46, 0, 88, 23, 43, 43, 0, 24, 6
89, 100, 64, 76, 25, 50, 0, 30, 66, 26, 95, 52, 100, 31, 95, 0, 4
91, 100, 48, 99, 60, 83, 100, 84, 99, 47, 87, 13, 44, 0, 0, 2, 9
24, 70, 42, 100, 100, 100, 72, 69, 66, 54, 92, 26, 45, 0, 0, 2, 3
0, 92, 52, 62, 100, 32, 79, 0, 15, 10, 42, 42, 82, 74, 61, 100, 8
90, 100, 52, 84, 17, 55, 0, 22, 42, 0, 100, 8, 72, 30, 13, 25, 6
38, 50, 49, 98, 59, 100, 56, 50, 34, 7, 0, 9, 52, 4, 100, 0, 1
90, 100, 55, 85, 17, 58, 0, 26, 35, 0, 100, 5, 87, 33, 22, 36, 6
22, 80, 0, 35, 32, 0, 87, 22, 100, 69, 61, 100, 18, 65, 9, 19, 0
11, 100, 16, 66, 27, 32, 0, 0, 14, 28, 64, 59, 100, 92, 39, 97, 8
0, 81, 54, 71, 81, 100, 11, 97, 29, 74, 100, 82, 84, 41, 83, 0, 9
99, 83, 58, 100, 27, 67, 78, 65, 100, 84, 86, 41, 55, 4, 0, 0, 9
43, 78, 68, 40, 55, 1, 0, 0, 18, 37, 65, 65, 100, 99, 45, 100, 8
100, 81, 67, 100, 22, 81, 0, 47, 7, 13, 52, 0, 67, 30, 22, 45, 6
63, 100, 14, 72, 0, 41, 87, 41, 100, 62, 63, 74, 60, 36, 52, 0, 4
0, 57, 39, 75, 81, 96, 100, 100, 85, 74, 72, 48, 55, 23, 43, 0, 1
46, 100, 19, 78, 0, 43, 85, 40, 100, 58, 68, 75, 58, 38, 60, 0, 4
50, 71, 74, 100, 100, 81, 75, 47, 42, 17, 0, 1, 39, 11, 91, 0, 2
15, 81, 54, 100, 91, 81, 43, 55, 44, 49, 100, 32, 66, 3, 0, 0, 3
0, 69, 29, 100, 49, 75, 33, 36, 3, 4, 9, 14, 54, 6, 100, 0, 2
100, 79, 54, 100, 21, 67, 78, 60, 98, 82, 92, 38, 60, 0, 0, 6, 9
100, 100, 55, 95, 23, 68, 2, 37, 0, 5, 47, 0, 53, 28, 6, 14, 6
100, 100, 62, 83, 34, 64, 14, 43, 0, 22, 4, 0, 44, 12, 36, 30, 6
0, 66, 39, 93, 56, 100, 57, 61, 58, 22, 28, 0, 50, 2, 100, 5, 1
18, 93, 10, 55, 55, 27, 13, 0, 0, 34, 5, 81, 45, 100, 100, 98, 5
49, 93, 89, 100, 94, 65, 68, 28, 50, 0, 100, 24, 60, 37, 0, 43, 7
91, 100, 28, 93, 0, 62, 0, 27, 39, 0, 89, 18, 100, 53, 91, 89, 0
50, 82, 8, 61, 0, 15, 50, 0, 95, 30, 100, 77, 59, 100, 23, 64, 0
100, 100, 60, 100, 36, 91, 34, 62, 68, 56, 70, 33, 38, 14, 0, 0, 5
100, 99, 62, 100, 26, 78, 2, 48, 0, 16, 38, 0, 59, 23, 20, 38, 6
45, 96, 23, 78, 0, 35, 29, 0, 83, 21, 100, 65, 63, 100, 3, 91, 0
42, 100, 24, 72, 0, 43, 50, 49, 93, 70, 100, 61, 94, 29, 99, 0, 4
75, 94, 95, 90, 62, 100, 84, 86, 100, 52, 91, 16, 44, 0, 0, 18, 9
50, 100, 27, 82, 0, 58, 38, 42, 100, 55, 86, 48, 55, 24, 34, 0, 4
0, 97, 40, 100, 68, 74, 58, 34, 51, 0, 24, 34, 48, 56, 100, 60, 7
33, 82, 53, 99, 100, 100, 73, 72, 81, 48, 89, 20, 48, 2, 0, 0, 3
2, 83, 35, 100, 62, 82, 62, 68, 100, 51, 84, 21, 44, 0, 0, 7, 3
68, 98, 70, 100, 36, 79, 0, 59, 60, 49, 100, 47, 73, 23, 51, 0, 4
0, 98, 76, 100, 100, 68, 88, 34, 67, 0, 16, 1, 13, 16, 95, 11, 7
92, 47, 92, 90, 49, 100, 11, 74, 0, 27, 35, 0, 76, 18, 100, 57, 0
100, 96, 62, 100, 33, 83, 26, 45, 57, 42, 75, 19, 40, 0, 0, 1, 5
0, 82, 30, 100, 74, 97, 76, 72, 63, 47, 44, 24, 50, 0, 100, 0, 2
87, 71, 85, 100, 46, 81, 89, 71, 100, 74, 91, 30, 51, 4, 0, 0, 9
2, 96, 63, 100, 60, 81, 54, 62, 73, 43, 100, 26, 62, 10, 0, 0, 3
45, 82, 60, 100, 56, 69, 31, 43, 0, 23, 28, 3, 65, 0, 100, 16, 2
22, 86, 62, 100, 82, 74, 59, 60, 100, 42, 93, 11, 40, 0, 0, 17, 3
92, 90, 51, 100, 34, 76, 87, 79, 100, 67, 92, 29, 53, 4, 0, 0, 9
100, 100, 52, 87, 16, 61, 0, 29, 22, 0, 73, 10, 65, 40, 10, 46, 6
23, 88, 0, 47, 20, 7, 66, 0, 100, 29, 91, 76, 52, 100, 12, 78, 0
96, 91, 37, 100, 56, 59, 93, 91, 94, 71, 100, 26, 56, 0, 0, 20, 9
11, 88, 57, 100, 100, 88, 61, 66, 67, 50, 91, 24, 55, 2, 0, 0, 3
100, 100, 55, 85, 15, 56, 8, 21, 56, 0, 99, 24, 53, 45, 0, 26, 6
15, 84, 0, 64, 18, 97, 78, 98, 100, 100, 79, 65, 68, 29, 65, 0, 7
100, 100, 50, 90, 20, 61, 0, 29, 18, 0, 76, 6, 62, 31, 5, 33, 6
58, 85, 100, 100, 65, 96, 24, 70, 23, 55, 70, 48, 49, 13, 0, 0, 5
52, 100, 20, 70, 0, 29, 34, 0, 82, 18, 100, 60, 69, 94, 16, 86, 0
55, 92, 100, 100, 73, 86, 43, 59, 72, 40, 89, 12, 46, 0, 0, 0, 5
29, 100, 12, 82, 0, 62, 1, 41, 31, 32, 64, 29, 93, 20, 100, 0, 4
54, 100, 0, 92, 10, 62, 64, 69, 73, 71, 100, 36, 79, 7, 23, 0, 9
60, 100, 27, 82, 0, 58, 49, 46, 86, 55, 86, 63, 87, 31, 100, 0, 4
78, 100, 37, 99, 58, 59, 74, 20, 19, 0, 0, 28, 51, 55, 100, 80, 8
15, 79, 0, 65, 17, 100, 71, 99, 100, 96, 77, 60, 58, 24, 47, 0, 7
0, 75, 24, 100, 50, 84, 41, 44, 19, 14, 35, 0, 67, 0, 100, 0, 2
0, 55, 34, 87, 53, 100, 49, 63, 47, 26, 12, 0, 34, 5, 100, 5, 1
0, 91, 36, 100, 66, 79, 73, 39, 63, 0, 39, 19, 61, 33, 100, 33, 7
47, 68, 59, 100, 100, 94, 81, 56, 47, 23, 0, 3, 45, 9, 99, 0, 2
100, 100, 49, 80, 17, 51, 0, 19, 34, 0, 91, 15, 77, 44, 23, 39, 6
21, 89, 36, 100, 24, 61, 0, 31, 1, 21, 32, 2, 67, 0, 100, 17, 2
65, 90, 73, 100, 86, 75, 72, 50, 100, 29, 79, 8, 38, 0, 0, 6, 3
100, 81, 62, 100, 35, 72, 46, 35, 39, 0, 0, 14, 34, 44, 94, 57, 8
92, 100, 19, 98, 45, 60, 98, 90, 100, 74, 100, 26, 42, 0, 0, 31, 9
56, 91, 100, 100, 51, 86, 16, 58, 66, 62, 81, 29, 49, 0, 0, 0, 5
100, 95, 70, 100, 38, 84, 35, 56, 74, 47, 78, 17, 40, 2, 0, 0, 5
0, 84, 32, 66, 88, 88, 25, 100, 29, 79, 100, 67, 89, 34, 83, 0, 9
17, 86, 8, 46, 58, 33, 24, 0, 0, 32, 0, 88, 51, 99, 100, 100, 5
1, 96, 0, 75, 23, 98, 86, 100, 100, 90, 75, 56, 57, 19, 54, 0, 7
33, 63, 52, 100, 46, 80, 41, 39, 29, 0, 0, 1, 49, 2, 100, 0, 1
24, 63, 8, 43, 36, 0, 86, 11, 100, 61, 68, 100, 14, 91, 0, 42, 0
13, 100, 0, 62, 12, 21, 53, 0, 94, 19, 100, 60, 75, 96, 32, 97, 0
0, 66, 19, 75, 62, 99, 100, 100, 88, 75, 69, 50, 58, 25, 58, 0, 1
84, 100, 16, 87, 88, 59, 100, 23, 19, 0, 0, 31, 39, 67, 21, 96, 8
100, 100, 76, 91, 59, 76, 41, 61, 24, 46, 12, 30, 0, 15, 0, 0, 1
53, 90, 80, 100, 85, 77, 66, 51, 100, 31, 89, 8, 42, 0, 0, 4, 3
27, 70, 60, 100, 94, 88, 73, 52, 39, 20, 0, 0, 45, 18, 100, 4, 2
38, 85, 69, 100, 93, 81, 77, 54, 100, 34, 93, 9, 45, 0, 0, 13, 3
98, 68, 72, 100, 25, 83, 0, 39, 27, 0, 77, 4, 100, 47, 95, 83, 0
100, 100, 56, 91, 21, 60, 7, 24, 41, 0, 76, 29, 50, 57, 0, 44, 6
0, 92, 51, 100, 100, 89, 77, 54, 54, 18, 31, 0, 22, 37, 78, 46, 7
31, 81, 60, 100, 78, 78, 51, 56, 100, 48, 94, 13, 46, 0, 0, 15, 3
41, 84, 58, 100, 62, 66, 35, 38, 0, 19, 24, 6, 64, 0, 100, 16, 2
25, 85, 16, 59, 43, 22, 0, 0, 22, 34, 73, 66, 100, 100, 25, 89, 8
6, 91, 23, 60, 73, 41, 41, 0, 8, 29, 0, 81, 38, 96, 100, 100, 5
0, 76, 26, 100, 52, 87, 42, 47, 19, 17, 37, 3, 69, 5, 100, 0, 2
51, 96, 20, 54, 78, 53, 65, 12, 0, 0, 11, 43, 40, 90, 100, 100, 5
0, 81, 35, 92, 100, 100, 95, 70, 73, 32, 67, 0, 34, 20, 96, 31, 7
32, 93, 80, 100, 100, 64, 63, 26, 36, 0, 96, 29, 78, 42, 0, 38, 7
54, 100, 0, 79, 17, 60, 100, 60, 85, 86, 50, 82, 38, 36, 33, 0, 4
76, 100, 37, 78, 0, 49, 32, 29, 100, 28, 85, 59, 59, 32, 40, 0, 4
0, 66, 27, 100, 100, 92, 99, 51, 55, 15, 13, 0, 20, 35, 98, 30, 7
93, 71, 19, 73, 0, 92, 67, 100, 100, 78, 74, 50, 38, 25, 0, 0, 9
0, 89, 34, 100, 59, 81, 42, 53, 22, 26, 24, 0, 70, 7, 100, 14, 2
13, 82, 53, 90, 100, 100, 85, 79, 66, 59, 47, 39, 25, 19, 0, 0, 1
1, 100, 0, 58, 70, 42, 59, 0, 10, 10, 0, 64, 27, 94, 100, 94, 5
88, 93, 2, 100, 22, 66, 100, 37, 75, 0, 0, 11, 28, 52, 88, 86, 8
50, 85, 100, 100, 96, 90, 67, 73, 46, 55, 21, 36, 0, 18, 0, 0, 1
29, 82, 70, 100, 90, 78, 53, 52, 100, 47, 92, 13, 44, 0, 0, 11, 3
18, 93, 0, 67, 8, 24, 54, 0, 100, 25, 98, 69, 59, 100, 5, 86, 0
100, 89, 74, 100, 34, 76, 6, 45, 0, 11, 41, 0, 57, 32, 12, 45, 6
13, 97, 54, 100, 82, 64, 65, 18, 41, 0, 0, 27, 48, 38, 100, 40, 7
26, 85, 59, 100, 81, 78, 72, 54, 100, 34, 82, 9, 42, 0, 0, 1, 3
91, 60, 70, 100, 16, 88, 32, 50, 87, 76, 100, 27, 58, 0, 0, 6, 9
35, 60, 76, 44, 56, 0, 0, 3, 40, 44, 100, 80, 91, 100, 25, 68, 8
53, 100, 2, 77, 66, 46, 100, 10, 17, 0, 0, 33, 68, 62, 66, 98, 8
95, 72, 46, 68, 46, 100, 91, 99, 100, 66, 85, 32, 49, 6, 0, 0, 9
31, 83, 0, 52, 6, 10, 49, 0, 87, 23, 100, 65, 79, 100, 47, 73, 0
83, 100, 32, 99, 0, 68, 2, 30, 33, 0, 82, 12, 100, 48, 88, 86, 0
36, 81, 31, 54, 88, 38, 58, 0, 0, 8, 8, 54, 38, 92, 100, 100, 5
34, 81, 6, 42, 22, 0, 70, 10, 100, 48, 92, 91, 42, 100, 0, 73, 0
71, 93, 85, 82, 65, 100, 79, 77, 100, 48, 79, 18, 40, 4, 0, 0, 9
58, 100, 5, 75, 0, 41, 100, 44, 75, 79, 48, 89, 44, 38, 37, 0, 4
71, 81, 2, 86, 65, 45, 100, 0, 0, 2, 20, 50, 87, 91, 38, 100, 8
89, 73, 78, 100, 25, 72, 71, 36, 69, 0, 0, 19, 54, 53, 100, 86, 8
0, 43, 36, 59, 70, 78, 100, 100, 79, 76, 56, 51, 32, 26, 10, 0, 1
100, 100, 44, 94, 8, 59, 0, 17, 51, 0, 92, 27, 48, 50, 7, 21, 6
37, 100, 0, 73, 30, 49, 100, 51, 86, 76, 57, 75, 47, 38, 44, 0, 4
42, 75, 62, 57, 100, 25, 42, 0, 0, 26, 33, 60, 76, 92, 42, 100, 8
100, 100, 59, 83, 31, 63, 11, 42, 0, 20, 17, 0, 69, 8, 48, 24, 6
0, 90, 40, 100, 80, 85, 53, 59, 20, 35, 4, 9, 56, 0, 100, 4, 2
77, 94, 31, 100, 52, 86, 92, 96, 94, 62, 100, 28, 71, 0, 0, 0, 9
96, 77, 68, 100, 33, 73, 79, 67, 100, 73, 94, 25, 51, 1, 0, 0, 9
17, 84, 18, 59, 48, 36, 17, 0, 0, 38, 6, 87, 52, 93, 100, 100, 5
100, 100, 87, 86, 60, 71, 40, 57, 20, 43, 20, 29, 13, 14, 0, 0, 1
26, 100, 12, 55, 19, 11, 67, 0, 100, 36, 79, 75, 26, 79, 0, 39, 0
86, 88, 61, 100, 49, 71, 95, 80, 100, 60, 95, 22, 51, 0, 0, 2, 9
8, 87, 0, 71, 24, 96, 88, 100, 100, 90, 84, 56, 68, 22, 53, 0, 7
35, 100, 27, 71, 65, 36, 48, 0, 0, 19, 44, 52, 100, 83, 56, 95, 8
34, 76, 59, 100, 66, 73, 37, 46, 0, 23, 19, 13, 61, 0, 100, 20, 2
37, 100, 0, 87, 6, 57, 100, 57, 95, 85, 61, 85, 50, 42, 49, 0, 4
55, 100, 15, 89, 0, 39, 23, 0, 69, 6, 100, 44, 90, 92, 47, 91, 0
0, 63, 20, 100, 57, 88, 45, 47, 14, 14, 8, 0, 53, 8, 100, 3, 2
47, 87, 100, 100, 50, 85, 17, 56, 62, 60, 88, 34, 52, 7, 0, 0, 5
0, 87, 47, 100, 96, 88, 100, 54, 87, 21, 61, 0, 39, 15, 96, 17, 7
36, 100, 0, 73, 1, 28, 41, 0, 89, 17, 100, 61, 74, 98, 21, 94, 0
1, 90, 50, 100, 98, 90, 72, 62, 100, 44, 90, 15, 43, 0, 0, 12, 3
100, 100, 59, 84, 28, 56, 13, 26, 41, 0, 100, 9, 54, 22, 0, 6, 6
24, 92, 61, 100, 100, 99, 81, 79, 59, 57, 56, 31, 35, 9, 0, 0, 3
0, 62, 16, 100, 37, 82, 24, 42, 8, 8, 38, 2, 69, 0, 100, 0, 2
15, 65, 44, 92, 55, 100, 54, 62, 45, 25, 0, 0, 36, 1, 100, 5, 1
29, 100, 0, 68, 9, 23, 47, 0, 90, 10, 100, 54, 73, 91, 30, 97, 0
86, 100, 46, 81, 18, 61, 0, 40, 0, 19, 32, 0, 100, 3, 46, 10, 6
32, 82, 4, 56, 43, 25, 36, 0, 18, 37, 0, 73, 32, 99, 100, 100, 5
24, 100, 0, 81, 3, 55, 65, 52, 100, 72, 66, 52, 34, 27, 24, 0, 4
0, 86, 26, 100, 55, 96, 57, 68, 45, 41, 42, 12, 68, 1, 100, 0, 2
3, 77, 40, 100, 70, 80, 52, 45, 20, 18, 0, 0, 50, 7, 100, 1, 2
0, 45, 42, 70, 66, 100, 60, 62, 47, 25, 1, 5, 43, 0, 100, 4, 1
0, 64, 24, 98, 68, 100, 57, 58, 24, 25, 7, 6, 54, 7, 100, 0, 2
82, 100, 2, 92, 8, 61, 75, 80, 71, 79, 100, 44, 81, 11, 0, 0, 9
0, 95, 43, 100, 77, 72, 65, 32, 47, 0, 10, 32, 39, 52, 100, 53, 7
26, 65, 56, 100, 58, 88, 46, 44, 15, 11, 0, 0, 50, 1, 100, 4, 1
40, 95, 100, 100, 32, 85, 10, 58, 78, 61, 87, 29, 43, 0, 0, 6, 5
37, 98, 11, 60, 88, 52, 76, 8, 0, 0, 0, 46, 18, 88, 100, 100, 5
17, 88, 3, 64, 6, 21, 60, 0, 100, 34, 100, 76, 48, 100, 0, 78, 0
35, 70, 75, 47, 75, 10, 0, 0, 18, 36, 68, 68, 100, 100, 23, 79, 8
30, 84, 63, 100, 90, 86, 67, 58, 100, 39, 75, 13, 36, 0, 0, 13, 3
83, 89, 36, 100, 45, 59, 92, 84, 92, 75, 100, 28, 58, 0, 0, 19, 9
49, 72, 64, 100, 100, 88, 78, 52, 43, 22, 0, 1, 40, 6, 90, 0, 2
16, 75, 41, 100, 52, 64, 32, 27, 0, 0, 21, 9, 62, 2, 100, 14, 2
19, 100, 0, 61, 3, 23, 48, 0, 97, 27, 100, 66, 62, 97, 10, 81, 0
32, 59, 53, 100, 100, 95, 79, 46, 48, 0, 93, 19, 58, 55, 0, 63, 8
4, 63, 12, 15, 52, 0, 92, 15, 100, 63, 72, 100, 28, 97, 0, 62, 0
0, 100, 73, 97, 95, 80, 100, 64, 95, 48, 82, 31, 64, 15, 23, 0, 1
89, 87, 38, 100, 17, 78, 80, 77, 100, 76, 92, 34, 61, 0, 0, 4, 9
0, 56, 5, 14, 47, 0, 86, 25, 100, 66, 76, 100, 34, 80, 6, 45, 0
100, 100, 54, 85, 21, 57, 0, 27, 23, 0, 75, 7, 57, 29, 3, 23, 6
31, 88, 6, 58, 14, 13, 64, 0, 100, 33, 96, 77, 49, 100, 0, 81, 0
22, 77, 34, 100, 90, 99, 65, 67, 72, 56, 100, 28, 58, 2, 0, 0, 3
100, 92, 18, 81, 46, 39, 62, 0, 1, 13, 43, 56, 74, 100, 0, 75, 8
22, 72, 34, 100, 62, 73, 38, 35, 0, 8, 5, 0, 53, 3, 100, 8, 2
100, 80, 54, 100, 42, 64, 92, 80, 96, 76, 94, 35, 62, 0, 0, 8, 9
54, 82, 12, 67, 0, 28, 34, 0, 83, 8, 100, 46, 73, 82, 28, 100, 0
86, 100, 43, 83, 71, 66, 100, 87, 83, 67, 76, 40, 48, 17, 0, 0, 9
33, 100, 32, 83, 0, 50, 60, 47, 96, 46, 100, 73, 91, 35, 85, 0, 4
16, 88, 58, 100, 96, 82, 72, 55, 100, 34, 98, 7, 48, 0, 0, 10, 3
17, 91, 63, 100, 66, 75, 56, 53, 100, 36, 94, 10, 40, 0, 0, 9, 3
23, 57, 70, 39, 100, 0, 40, 1, 51, 43, 89, 83, 60, 100, 0, 75, 8
19, 74, 47, 100, 81, 83, 57, 51, 18, 26, 0, 9, 54, 6, 100, 0, 2
42, 97, 13, 94, 51, 76, 57, 100, 90, 64, 100, 21, 55, 0, 0, 0, 9
32, 59, 70, 77, 98, 100, 100, 83, 87, 58, 79, 33, 57, 9, 0, 0, 1
32, 88, 21, 100, 66, 94, 45, 65, 69, 54, 100, 29, 64, 3, 0, 0, 3
0, 88, 37, 100, 82, 90, 70, 46, 68, 0, 100, 3, 93, 30, 46, 38, 7
0, 72, 50, 85, 100, 100, 91, 81, 77, 60, 55, 38, 38, 18, 34, 0, 1
59, 72, 36, 100, 0, 72, 23, 36, 52, 0, 0, 1, 44, 27, 100, 55, 8
23, 100, 14, 76, 11, 41, 94, 35, 100, 51, 52, 71, 24, 35, 0, 0, 4
0, 20, 38, 56, 46, 100, 6, 81, 58, 56, 100, 24, 50, 0, 7, 15, 8
17, 84, 64, 100, 97, 82, 66, 55, 60, 40, 100, 23, 60, 0, 0, 6, 3
49, 78, 34, 60, 30, 18, 0, 0, 19, 39, 57, 73, 100, 100, 44, 82, 8
39, 100, 0, 79, 1, 48, 55, 38, 100, 58, 81, 55, 49, 29, 25, 0, 4
46, 75, 44, 100, 79, 90, 56, 44, 19, 6, 0, 6, 50, 10, 100, 0, 2
18, 61, 37, 100, 17, 65, 0, 33, 61, 39, 100, 55, 66, 37, 37, 0, 4
48, 84, 38, 41, 20, 0, 0, 14, 37, 51, 89, 81, 100, 100, 36, 84, 8
57, 100, 0, 75, 62, 40, 62, 0, 2, 15, 56, 53, 100, 93, 23, 95, 8
82, 100, 49, 85, 19, 61, 0, 34, 51, 36, 100, 51, 81, 27, 69, 0, 4
51, 67, 81, 100, 0, 89, 33, 50, 83, 13, 13, 0, 41, 34, 100, 62, 8
61, 88, 100, 100, 96, 81, 75, 60, 80, 36, 81, 13, 44, 0, 0, 1, 3
34, 100, 24, 100, 0, 53, 8, 4, 59, 0, 100, 34, 69, 68, 14, 69, 0
0, 91, 0, 100, 57, 99, 100, 99, 64, 78, 45, 53, 37, 26, 44, 0, 7
0, 81, 30, 100, 100, 94, 85, 68, 49, 33, 30, 0, 20, 40, 80, 49, 7
100, 100, 64, 87, 36, 66, 14, 44, 0, 20, 23, 0, 57, 10, 24, 20, 6
31, 87, 0, 59, 9, 13, 51, 0, 91, 25, 100, 68, 64, 100, 21, 94, 0
30, 96, 0, 66, 11, 8, 66, 0, 100, 47, 79, 100, 28, 81, 31, 30, 0
73, 94, 26, 99, 0, 57, 16, 7, 64, 0, 100, 36, 94, 87, 48, 100, 0
72, 64, 54, 100, 24, 73, 54, 36, 45, 0, 0, 19, 41, 53, 100, 80, 8
0, 84, 51, 100, 70, 69, 56, 34, 37, 0, 24, 7, 31, 32, 100, 34, 7
16, 68, 0, 37, 28, 0, 80, 23, 100, 67, 69, 100, 16, 78, 3, 35, 0
59, 100, 20, 79, 0, 50, 2, 20, 43, 0, 100, 7, 69, 22, 12, 12, 6
67, 79, 33, 62, 100, 30, 71, 0, 43, 32, 87, 68, 93, 100, 0, 79, 8
100, 100, 72, 92, 35, 64, 5, 33, 0, 0, 53, 3, 79, 28, 24, 36, 6
0, 95, 25, 97, 79, 100, 100, 92, 67, 72, 46, 49, 35, 25, 37, 0, 7
7, 86, 22, 63, 95, 54, 100, 9, 30, 0, 1, 46, 0, 93, 75, 100, 5
100, 100, 62, 98, 28, 83, 48, 57, 78, 35, 67, 11, 29, 4, 0, 0, 5
0, 60, 37, 78, 79, 96, 100, 100, 79, 75, 59, 50, 40, 25, 22, 0, 1
0, 27, 32, 51, 66, 75, 99, 100, 100, 87, 79, 58, 57, 29, 40, 0, 1
0, 45, 35, 66, 74, 90, 100, 100, 78, 75, 52, 50, 30, 25, 24, 0, 1
26, 100, 85, 99, 89, 65, 59, 31, 37, 0, 0, 31, 23, 48, 100, 49, 7
8, 100, 0, 78, 8, 42, 58, 43, 97, 69, 100, 73, 92, 37, 87, 0, 4
8, 100, 0, 57, 22, 9, 72, 0, 100, 43, 78, 94, 32, 95, 7, 48, 0
89, 94, 56, 100, 15, 83, 34, 56, 89, 54, 100, 19, 55, 0, 0, 10, 5
0, 100, 13, 72, 87, 78, 58, 97, 49, 80, 100, 58, 70, 29, 47, 0, 9
47, 74, 68, 100, 65, 53, 37, 17, 0, 0, 21, 18, 60, 14, 100, 11, 2
50, 84, 85, 100, 100, 64, 73, 27, 32, 0, 0, 18, 45, 31, 81, 0, 2
55, 95, 0, 100, 26, 67, 64, 33, 50, 0, 16, 29, 47, 63, 100, 90, 8
48, 98, 16, 69, 0, 32, 29, 0, 84, 22, 100, 60, 86, 98, 24, 100, 0
100, 96, 65, 98, 61, 80, 99, 100, 81, 66, 60, 32, 34, 0, 0, 0, 9
13, 95, 62, 100, 72, 61, 58, 19, 37, 0, 0, 31, 47, 37, 100, 35, 7
0, 55, 35, 67, 71, 82, 100, 100, 91, 76, 81, 50, 68, 24, 56, 0, 1
56, 100, 19, 71, 0, 38, 45, 16, 84, 39, 100, 66, 69, 34, 52, 0, 4
53, 87, 14, 80, 7, 29, 50, 0, 100, 26, 99, 76, 49, 100, 0, 77, 0
24, 100, 0, 61, 4, 17, 57, 0, 100, 32, 96, 75, 43, 94, 11, 57, 0
53, 81, 66, 100, 86, 70, 77, 35, 43, 9, 0, 8, 51, 11, 100, 0, 2
100, 98, 61, 100, 20, 89, 0, 58, 36, 54, 65, 37, 44, 2, 6, 0, 5
2, 73, 26, 98, 100, 100, 98, 76, 43, 55, 64, 39, 64, 15, 0, 0, 3
97, 100, 51, 77, 19, 48, 0, 18, 44, 0, 100, 16, 65, 31, 12, 14, 6
19, 86, 63, 100, 89, 80, 51, 57, 72, 37, 100, 14, 49, 0, 0, 2, 3
74, 100, 36, 82, 0, 53, 25, 31, 85, 33, 100, 62, 61, 35, 48, 0, 4
10, 73, 0, 38, 26, 0, 75, 12, 100, 52, 89, 95, 39, 100, 3, 67, 0
50, 100, 63, 96, 30, 65, 0, 36, 13, 8, 85, 22, 100, 30, 80, 0, 4
14, 81, 0, 56, 48, 60, 100, 30, 50, 0, 18, 52, 18, 97, 97, 100, 5
9, 100, 1, 82, 0, 48, 66, 46, 100, 77, 81, 58, 59, 23, 48, 0, 4
0, 84, 42, 100, 59, 74, 42, 45, 10, 19, 1, 16, 55, 16, 100, 0, 2
0, 96, 47, 100, 71, 70, 67, 35, 58, 0, 100, 1, 74, 17, 19, 18, 7
35, 77, 6, 50, 3, 8, 58, 0, 100, 29, 94, 70, 52, 100, 0, 84, 0
9, 91, 71, 100, 91, 68, 68, 34, 41, 0, 0, 15, 15, 32, 100, 34, 7
83, 61, 96, 97, 50, 100, 54, 66, 100, 62, 92, 21, 49, 0, 0, 3, 9
43, 95, 20, 65, 45, 25, 9, 0, 0, 27, 20, 71, 55, 91, 100, 100, 5
52, 87, 100, 100, 92, 95, 44, 77, 71, 51, 94, 22, 47, 0, 0, 5, 5
28, 74, 68, 100, 97, 87, 61, 57, 100, 38, 96, 8, 44, 0, 0, 13, 3
100, 100, 44, 99, 6, 73, 15, 48, 65, 60, 85, 26, 49, 0, 0, 12, 5
51, 85, 83, 100, 100, 90, 81, 66, 73, 40, 73, 16, 39, 2, 0, 0, 3
0, 82, 34, 100, 78, 90, 49, 62, 80, 49, 100, 18, 62, 0, 18, 13, 3
0, 93, 41, 100, 57, 65, 47, 26, 21, 0, 2, 35, 51, 38, 100, 36, 7
62, 83, 62, 75, 81, 100, 74, 86, 100, 53, 90, 18, 37, 0, 0, 16, 9
13, 78, 49, 100, 65, 76, 38, 48, 4, 23, 0, 9, 54, 14, 100, 0, 2
53, 85, 60, 100, 57, 67, 32, 39, 0, 15, 29, 5, 69, 0, 100, 24, 2
6, 91, 55, 100, 58, 90, 49, 64, 88, 42, 100, 12, 51, 0, 0, 4, 3
0, 77, 56, 90, 100, 100, 94, 80, 75, 60, 56, 40, 38, 20, 31, 0, 1
70, 86, 89, 80, 71, 100, 80, 81, 100, 50, 78, 20, 40, 6, 0, 0, 9
2, 90, 60, 100, 100, 72, 72, 36, 40, 0, 88, 12, 79, 29, 0, 31, 7
100, 81, 23, 100, 0, 65, 56, 30, 45, 0, 25, 34, 89, 68, 94, 98, 8
27, 70, 59, 100, 27, 66, 14, 26, 48, 0, 100, 19, 59, 40, 0, 30, 6
15, 100, 2, 79, 0, 57, 48, 49, 100, 56, 97, 43, 87, 21, 98, 0, 4
87, 100, 36, 82, 3, 52, 0, 17, 50, 0, 100, 13, 55, 31, 0, 20, 6
53, 100, 0, 77, 10, 45, 100, 43, 87, 66, 47, 77, 35, 39, 31, 0, 4
26, 71, 48, 100, 74, 74, 46, 37, 5, 12, 0, 11, 50, 8, 100, 0, 2
47, 79, 16, 68, 0, 30, 27, 0, 74, 12, 100, 46, 94, 86, 51, 100, 0
0, 92, 40, 100, 100, 86, 91, 45, 65, 6, 30, 0, 21, 30, 92, 36, 7
0, 55, 33, 83, 60, 100, 53, 67, 46, 34, 30, 1, 40, 1, 100, 0, 1
39, 90, 4, 68, 0, 20, 41, 0, 84, 24, 100, 70, 67, 100, 23, 80, 0
100, 100, 55, 93, 12, 66, 0, 29, 30, 0, 84, 15, 72, 48, 10, 46, 6
0, 71, 47, 85, 100, 100, 100, 81, 84, 61, 66, 41, 47, 20, 31, 0, 1
0, 86, 51, 100, 81, 83, 47, 58, 80, 45, 100, 20, 58, 0, 1, 1, 3
0, 72, 29, 100, 71, 82, 74, 43, 57, 5, 23, 0, 45, 28, 100, 35, 7
20, 88, 0, 52, 14, 14, 63, 0, 97, 31, 100, 71, 64, 100, 16, 84, 0
19, 92, 0, 57, 64, 39, 64, 0, 5, 11, 13, 62, 30, 100, 100, 99, 5
78, 94, 3, 100, 22, 66, 100, 35, 62, 0, 0, 25, 44, 66, 41, 96, 8
100, 100, 100, 90, 50, 75, 25, 60, 0, 45, 0, 30, 0, 15, 0, 0, 1
100, 98, 85, 99, 38, 100, 26, 71, 66, 56, 79, 36, 40, 18, 0, 0, 5
7, 51, 31, 90, 93, 100, 99, 58, 59, 21, 0, 0, 35, 17, 100, 5, 2
100, 83, 62, 100, 22, 73, 0, 44, 3, 13, 70, 0, 95, 22, 8, 21, 6
0, 67, 42, 98, 63, 100, 53, 63, 48, 27, 10, 1, 15, 0, 100, 0, 1
17, 92, 50, 100, 63, 68, 46, 34, 21, 0, 0, 22, 40, 35, 100, 40, 7
0, 95, 32, 69, 68, 34, 45, 0, 30, 25, 70, 59, 100, 95, 30, 100, 8
63, 100, 24, 88, 0, 73, 4, 57, 41, 45, 76, 32, 92, 16, 100, 0, 4
28, 83, 6, 56, 73, 48, 83, 10, 15, 0, 0, 42, 32, 90, 100, 100, 5
0, 70, 3, 91, 45, 100, 100, 100, 75, 75, 51, 50, 34, 24, 39, 0, 7
69, 84, 67, 100, 5, 72, 73, 61, 100, 96, 92, 48, 63, 2, 0, 0, 9
1, 89, 62, 100, 100, 76, 77, 38, 58, 0, 24, 4, 0, 36, 77, 41, 7
16, 75, 43, 100, 66, 75, 44, 39, 10, 10, 0, 0, 50, 9, 100, 18, 2
59, 65, 100, 98, 31, 100, 10, 64, 83, 67, 85, 52, 60, 13, 0, 0, 9
86, 100, 39, 77, 4, 51, 0, 25, 29, 0, 100, 11, 89, 36, 18, 51, 6
34, 100, 0, 71, 5, 40, 75, 32, 100, 58, 94, 64, 80, 32, 64, 0, 4
100, 100, 100, 87, 55, 68, 5, 50, 45, 38, 68, 41, 29, 21, 0, 0, 4
72, 100, 48, 88, 0, 69, 17, 57, 77, 46, 100, 44, 63, 23, 32, 0, 4
0, 82, 26, 98, 59, 100, 67, 78, 55, 53, 49, 27, 65, 6, 100, 0, 2
55, 100, 48, 93, 0, 72, 34, 58, 100, 52, 97, 48, 58, 25, 32, 0, 4
0, 63, 16, 90, 100, 100, 90, 73, 53, 40, 22, 6, 11, 0, 48, 18, 7
