@relation penbased-5
@attribute At1 integer [0, 100]
@attribute At2 integer [0, 100]
@attribute At3 integer [0, 100]
@attribute At4 integer [0, 100]
@attribute At5 integer [0, 100]
@attribute At6 integer [0, 100]
@attribute At7 integer [0, 100]
@attribute At8 integer [0, 100]
@attribute At9 integer [0, 100]
@attribute At10 integer [0, 100]
@attribute At11 integer [0, 100]
@attribute At12 integer [0, 100]
@attribute At13 integer [0, 100]
@attribute At14 integer [0, 100]
@attribute At15 integer [0, 100]
@attribute At16 integer [0, 100]
@attribute Class {0, 1, 2, 3, 4, 5, 6, 7, 8, 9}
@inputs At1, At2, At3, At4, At5, At6, At7, At8, At9, At10, At11, At12, At13, At14, At15, At16
@outputs Class
@data
47, 100, 27, 81, 57, 37, 26, 0, 0, 23, 56, 53, 100, 90, 40, 98, 8
100, 84, 31, 100, 0, 88, 8, 70, 15, 53, 15, 35, 0, 17, 0, 0, 1
47, 86, 73, 100, 89, 75, 68, 49, 100, 28, 82, 4, 38, 0, 0, 13, 3
11, 92, 56, 100, 83, 82, 52, 59, 87, 39, 100, 14, 55, 0, 0, 0, 3
20, 82, 62, 100, 100, 81, 68, 54, 82, 50, 89, 19, 42, 0, 0, 13, 3
100, 100, 58, 83, 31, 55, 17, 24, 43, 0, 80, 19, 50, 43, 0, 39, 6
72, 100, 38, 88, 2, 57, 0, 19, 51, 0, 100, 20, 55, 34, 12, 7, 6
0, 60, 38, 80, 80, 100, 100, 92, 80, 69, 65, 46, 55, 23, 55, 0, 1
38, 94, 90, 100, 94, 79, 59, 57, 68, 33, 100, 12, 54, 0, 0, 1, 3
73, 98, 35, 100, 0, 59, 0, 13, 71, 8, 100, 45, 29, 41, 9, 0, 6
85, 100, 30, 84, 5, 54, 0, 22, 48, 0, 100, 21, 66, 47, 0, 37, 6
84, 100, 59, 99, 16, 72, 0, 42, 20, 12, 100, 0, 94, 22, 4, 27, 6
2, 78, 46, 99, 100, 100, 77, 76, 94, 38, 94, 0, 41, 3, 0, 28, 3
30, 100, 16, 84, 0, 51, 28, 26, 80, 33, 100, 65, 79, 34, 68, 0, 4
21, 92, 85, 100, 90, 67, 67, 34, 49, 0, 0, 26, 27, 43, 100, 42, 7
79, 74, 21, 67, 15, 92, 71, 100, 100, 75, 73, 45, 36, 18, 0, 0, 9
0, 75, 29, 79, 71, 91, 100, 100, 82, 74, 68, 48, 57, 21, 58, 0, 1
69, 100, 31, 73, 39, 55, 89, 62, 100, 84, 63, 57, 31, 28, 0, 0, 4
12, 73, 29, 62, 66, 32, 29, 0, 5, 29, 0, 71, 38, 96, 100, 100, 5
78, 100, 40, 94, 16, 58, 5, 21, 53, 0, 100, 27, 36, 30, 0, 0, 6
34, 64, 52, 100, 58, 57, 37, 16, 0, 0, 24, 20, 61, 1, 100, 5, 2
52, 80, 84, 100, 100, 75, 58, 53, 91, 48, 89, 10, 44, 0, 0, 16, 3
67, 97, 19, 74, 0, 30, 34, 0, 79, 32, 100, 76, 58, 100, 10, 73, 0
62, 45, 95, 75, 69, 100, 4, 86, 0, 59, 74, 57, 100, 32, 94, 0, 9
13, 100, 8, 93, 0, 66, 8, 41, 57, 40, 100, 50, 82, 25, 69, 0, 4
28, 55, 63, 78, 100, 100, 75, 71, 56, 42, 35, 13, 0, 0, 25, 0, 1
0, 80, 30, 100, 74, 81, 82, 43, 75, 4, 39, 0, 44, 16, 100, 20, 7
33, 80, 23, 100, 87, 96, 97, 68, 79, 44, 100, 16, 44, 0, 0, 22, 3
47, 100, 19, 81, 0, 58, 19, 39, 61, 38, 100, 42, 82, 23, 62, 0, 4
43, 100, 98, 96, 77, 97, 37, 70, 60, 53, 100, 20, 47, 0, 0, 14, 5
37, 100, 57, 91, 47, 50, 22, 20, 0, 17, 33, 17, 66, 4, 100, 0, 2
5, 85, 50, 100, 79, 77, 54, 50, 85, 44, 100, 22, 56, 2, 0, 0, 3
22, 83, 62, 100, 92, 78, 51, 53, 55, 37, 100, 17, 55, 0, 0, 7, 3
25, 76, 45, 100, 77, 66, 57, 25, 9, 3, 0, 7, 53, 6, 100, 0, 2
17, 96, 0, 45, 26, 0, 73, 1, 100, 48, 88, 100, 44, 99, 23, 52, 0
10, 78, 40, 100, 100, 99, 70, 53, 29, 12, 0, 0, 7, 45, 70, 55, 7
100, 100, 62, 86, 30, 66, 7, 41, 0, 12, 36, 0, 59, 18, 17, 25, 6
0, 89, 10, 55, 51, 30, 48, 0, 18, 23, 20, 66, 49, 94, 100, 100, 5
0, 92, 39, 100, 67, 79, 50, 37, 24, 0, 17, 22, 52, 41, 100, 46, 7
12, 82, 41, 100, 84, 84, 54, 51, 88, 43, 100, 10, 50, 0, 0, 6, 3
29, 74, 97, 77, 100, 100, 0, 84, 2, 59, 100, 71, 44, 35, 7, 0, 9
49, 86, 50, 100, 100, 96, 81, 66, 82, 40, 87, 9, 38, 0, 0, 22, 3
38, 100, 18, 81, 0, 52, 36, 38, 95, 42, 100, 60, 83, 31, 85, 0, 4
32, 95, 100, 100, 55, 95, 0, 71, 7, 45, 73, 33, 78, 7, 11, 0, 5
27, 100, 0, 64, 4, 8, 63, 0, 100, 46, 73, 96, 12, 79, 0, 25, 0
0, 79, 36, 100, 82, 81, 87, 40, 70, 0, 31, 24, 45, 45, 100, 50, 7
13, 95, 17, 66, 83, 35, 77, 0, 0, 14, 42, 49, 100, 81, 34, 100, 8
21, 90, 3, 52, 77, 55, 62, 5, 0, 0, 6, 52, 14, 100, 100, 100, 5
38, 85, 13, 55, 31, 8, 75, 0, 100, 40, 85, 87, 42, 100, 0, 79, 0
100, 92, 62, 100, 21, 75, 51, 73, 87, 85, 63, 51, 36, 17, 0, 0, 9
57, 94, 39, 100, 11, 69, 0, 35, 23, 4, 97, 0, 100, 24, 41, 5, 6
13, 84, 66, 100, 90, 80, 52, 54, 75, 51, 100, 24, 60, 0, 0, 1, 3
100, 85, 48, 79, 18, 100, 57, 99, 64, 62, 69, 26, 43, 0, 0, 19, 9
57, 82, 65, 100, 100, 88, 89, 64, 79, 39, 75, 13, 39, 2, 0, 0, 3
39, 69, 55, 100, 96, 81, 80, 43, 45, 10, 0, 0, 44, 15, 100, 3, 2
79, 100, 14, 81, 49, 39, 100, 0, 32, 0, 52, 55, 71, 100, 0, 71, 8
66, 100, 100, 94, 91, 69, 69, 47, 95, 24, 74, 2, 36, 0, 0, 9, 3
0, 0, 42, 10, 79, 33, 100, 64, 89, 96, 40, 100, 22, 73, 67, 64, 9
48, 53, 10, 54, 0, 0, 49, 6, 88, 48, 100, 100, 48, 84, 7, 44, 0
100, 100, 55, 88, 20, 61, 0, 28, 19, 0, 66, 14, 62, 43, 17, 43, 6
30, 76, 53, 100, 82, 74, 66, 39, 31, 12, 0, 3, 50, 3, 100, 0, 2
100, 95, 0, 78, 93, 59, 81, 100, 62, 44, 2, 5, 96, 0, 48, 48, 8
47, 69, 42, 100, 6, 75, 54, 39, 47, 0, 0, 21, 42, 58, 100, 90, 8
0, 76, 53, 85, 100, 100, 76, 81, 60, 61, 44, 40, 27, 20, 5, 0, 1
100, 100, 59, 82, 31, 56, 17, 27, 35, 0, 83, 0, 49, 16, 0, 8, 6
100, 98, 58, 100, 29, 81, 55, 55, 87, 32, 81, 4, 39, 0, 0, 1, 5
77, 72, 51, 100, 0, 77, 61, 42, 94, 0, 22, 2, 33, 45, 100, 76, 8
43, 82, 85, 44, 100, 3, 17, 0, 0, 34, 62, 64, 90, 100, 7, 95, 8
48, 80, 50, 100, 100, 99, 78, 69, 76, 49, 91, 18, 45, 0, 0, 9, 3
51, 69, 74, 37, 100, 0, 52, 4, 41, 41, 73, 75, 60, 100, 0, 83, 8
97, 100, 63, 90, 30, 56, 11, 20, 48, 0, 100, 22, 39, 27, 0, 4, 6
32, 100, 12, 77, 0, 48, 53, 38, 100, 55, 94, 57, 81, 28, 65, 0, 4
0, 76, 42, 100, 51, 91, 43, 52, 46, 13, 100, 7, 71, 2, 31, 0, 1
96, 100, 0, 98, 22, 54, 87, 15, 51, 0, 25, 39, 100, 73, 38, 94, 8
0, 94, 50, 100, 94, 100, 73, 58, 60, 14, 43, 0, 50, 27, 100, 19, 7
60, 80, 12, 50, 3, 0, 57, 10, 97, 50, 100, 100, 46, 92, 0, 59, 0
2, 85, 0, 58, 45, 34, 24, 0, 7, 28, 1, 69, 44, 93, 100, 100, 5
100, 100, 55, 99, 39, 73, 91, 84, 86, 76, 68, 47, 43, 20, 0, 0, 9
38, 100, 20, 75, 0, 47, 56, 35, 100, 50, 80, 56, 61, 28, 43, 0, 4
87, 100, 51, 81, 0, 45, 74, 46, 100, 66, 89, 90, 78, 44, 60, 0, 4
0, 90, 37, 98, 89, 100, 67, 52, 50, 0, 33, 18, 48, 40, 100, 47, 7
64, 92, 100, 100, 85, 98, 47, 80, 70, 54, 82, 18, 43, 0, 0, 13, 5
0, 60, 42, 80, 90, 100, 100, 97, 84, 72, 68, 47, 55, 22, 45, 0, 1
56, 76, 75, 100, 91, 67, 68, 33, 28, 10, 0, 17, 51, 14, 100, 0, 2
0, 74, 36, 100, 64, 74, 54, 37, 37, 0, 23, 12, 38, 39, 100, 43, 7
0, 77, 26, 100, 49, 87, 39, 54, 15, 26, 24, 11, 62, 4, 100, 0, 2
0, 61, 15, 62, 51, 81, 89, 100, 100, 80, 86, 53, 72, 26, 57, 0, 1
10, 71, 57, 100, 91, 76, 65, 37, 30, 0, 0, 11, 30, 31, 100, 33, 7
100, 100, 54, 85, 21, 60, 0, 33, 2, 5, 52, 0, 54, 22, 1, 17, 6
0, 81, 41, 79, 79, 96, 100, 100, 95, 74, 87, 49, 78, 23, 78, 0, 1
44, 100, 16, 79, 0, 53, 20, 33, 61, 32, 100, 37, 85, 28, 81, 0, 4
94, 95, 56, 100, 23, 67, 0, 29, 19, 0, 69, 16, 100, 50, 89, 90, 0
34, 71, 16, 65, 17, 23, 0, 0, 1, 42, 44, 75, 100, 100, 46, 91, 8
93, 69, 100, 100, 44, 95, 12, 68, 68, 69, 80, 46, 50, 17, 0, 0, 9
34, 78, 60, 100, 100, 81, 70, 57, 94, 39, 89, 9, 39, 0, 0, 17, 3
6, 76, 33, 100, 73, 75, 52, 39, 6, 16, 0, 31, 52, 17, 100, 0, 2
31, 78, 0, 57, 14, 13, 59, 0, 100, 23, 98, 69, 62, 100, 19, 91, 0
16, 100, 9, 84, 0, 59, 30, 40, 86, 49, 100, 47, 75, 24, 63, 0, 4
63, 100, 46, 78, 19, 55, 0, 32, 54, 24, 100, 44, 87, 24, 74, 0, 4
100, 100, 47, 79, 14, 53, 0, 26, 24, 0, 93, 2, 95, 25, 14, 25, 6
0, 76, 63, 91, 100, 100, 90, 80, 73, 60, 57, 40, 50, 20, 60, 0, 1
87, 100, 34, 81, 0, 53, 38, 32, 99, 49, 100, 53, 55, 27, 18, 0, 4
38, 58, 85, 86, 85, 100, 70, 60, 59, 21, 0, 0, 23, 3, 100, 8, 1
16, 100, 18, 77, 0, 47, 26, 29, 88, 35, 100, 58, 74, 30, 59, 0, 4
0, 80, 33, 100, 65, 77, 63, 39, 58, 0, 35, 25, 55, 39, 100, 41, 7
21, 89, 34, 58, 62, 22, 31, 0, 8, 40, 0, 79, 48, 96, 100, 100, 5
0, 90, 67, 100, 85, 68, 65, 34, 40, 0, 4, 16, 14, 40, 100, 44, 7
32, 70, 45, 100, 77, 84, 49, 49, 14, 20, 0, 0, 51, 9, 100, 22, 2
88, 78, 34, 100, 0, 73, 45, 38, 78, 0, 21, 11, 50, 49, 100, 82, 8
100, 100, 31, 89, 36, 55, 70, 22, 23, 0, 0, 28, 43, 58, 86, 89, 8
0, 53, 45, 75, 79, 100, 93, 99, 93, 73, 97, 46, 100, 19, 93, 0, 1
40, 89, 0, 25, 46, 0, 100, 49, 70, 100, 44, 78, 95, 62, 34, 22, 0
51, 100, 86, 94, 69, 61, 37, 34, 0, 12, 9, 0, 54, 2, 100, 0, 2
61, 74, 78, 100, 100, 79, 73, 52, 87, 40, 87, 12, 41, 0, 0, 14, 3
64, 100, 20, 79, 0, 49, 2, 18, 49, 0, 100, 15, 59, 25, 17, 3, 6
20, 80, 61, 100, 68, 73, 38, 44, 0, 20, 16, 19, 58, 0, 100, 15, 2
0, 82, 46, 100, 88, 91, 45, 68, 49, 43, 100, 25, 83, 6, 23, 0, 3
99, 74, 100, 100, 45, 90, 44, 65, 100, 66, 92, 35, 57, 8, 0, 0, 9
0, 98, 58, 100, 55, 67, 55, 32, 69, 0, 33, 16, 42, 36, 100, 46, 7
0, 74, 13, 100, 55, 100, 100, 98, 79, 80, 59, 55, 45, 28, 42, 0, 7
5, 84, 38, 100, 53, 73, 32, 42, 0, 19, 29, 32, 69, 23, 100, 0, 2
0, 88, 10, 48, 33, 12, 75, 0, 100, 35, 87, 75, 50, 100, 6, 95, 0
53, 81, 99, 100, 97, 65, 61, 32, 22, 0, 0, 20, 36, 39, 100, 48, 7
8, 98, 25, 100, 29, 64, 21, 29, 0, 2, 33, 2, 67, 3, 100, 0, 2
78, 100, 36, 78, 6, 40, 13, 0, 71, 1, 100, 35, 43, 28, 0, 3, 6
31, 99, 1, 59, 0, 2, 62, 0, 100, 47, 76, 100, 20, 83, 12, 28, 0
11, 85, 0, 46, 12, 5, 53, 0, 88, 25, 100, 68, 73, 100, 34, 92, 0
50, 91, 16, 70, 0, 30, 29, 0, 76, 24, 100, 62, 89, 100, 36, 85, 0
36, 81, 36, 70, 80, 36, 52, 0, 0, 22, 29, 63, 35, 94, 100, 100, 5
33, 94, 60, 64, 99, 100, 38, 99, 79, 85, 100, 55, 73, 11, 0, 0, 9
0, 70, 31, 94, 99, 100, 100, 73, 55, 46, 8, 21, 19, 0, 88, 1, 2
0, 75, 32, 100, 80, 99, 66, 69, 68, 44, 100, 20, 60, 0, 6, 1, 3
25, 84, 0, 62, 8, 17, 52, 0, 92, 26, 100, 69, 66, 100, 20, 88, 0
0, 90, 32, 100, 48, 77, 34, 52, 12, 30, 12, 8, 56, 4, 100, 0, 2
21, 100, 4, 79, 0, 47, 54, 38, 100, 49, 92, 66, 91, 33, 92, 0, 4
0, 85, 48, 100, 100, 82, 87, 39, 56, 0, 30, 1, 25, 28, 88, 33, 7
68, 89, 0, 100, 38, 59, 98, 23, 80, 0, 39, 35, 100, 69, 75, 92, 8
0, 94, 69, 100, 97, 69, 72, 34, 49, 0, 90, 32, 100, 50, 19, 49, 7
24, 68, 51, 60, 96, 97, 32, 100, 60, 75, 100, 49, 70, 0, 0, 3, 9
3, 81, 57, 100, 100, 92, 63, 49, 23, 7, 0, 0, 30, 32, 93, 34, 7
30, 100, 28, 83, 0, 52, 17, 36, 98, 35, 100, 65, 80, 33, 66, 0, 4
0, 94, 46, 100, 100, 99, 76, 54, 55, 5, 29, 0, 30, 28, 84, 17, 7
50, 90, 0, 89, 62, 47, 88, 0, 5, 4, 42, 51, 100, 95, 11, 100, 8
15, 76, 23, 100, 81, 95, 78, 62, 43, 35, 0, 10, 38, 0, 100, 3, 2
42, 73, 53, 100, 94, 83, 79, 49, 43, 21, 0, 0, 47, 10, 100, 14, 2
48, 100, 89, 100, 76, 77, 69, 56, 100, 35, 89, 11, 45, 0, 0, 8, 3
55, 100, 15, 77, 0, 47, 42, 28, 86, 43, 100, 62, 84, 31, 80, 0, 4
100, 100, 64, 87, 28, 59, 0, 30, 7, 0, 72, 3, 76, 31, 20, 49, 6
0, 51, 31, 60, 66, 79, 100, 100, 90, 79, 66, 53, 43, 28, 27, 0, 1
0, 72, 1, 100, 49, 100, 72, 71, 43, 39, 10, 10, 51, 0, 100, 1, 2
100, 100, 66, 95, 27, 65, 0, 29, 25, 0, 77, 12, 70, 43, 16, 44, 6
0, 64, 21, 100, 27, 86, 24, 43, 8, 4, 6, 0, 53, 2, 100, 6, 1
0, 53, 48, 75, 67, 100, 81, 83, 81, 57, 88, 31, 100, 6, 99, 0, 1
27, 84, 12, 42, 18, 0, 73, 7, 100, 45, 93, 88, 40, 100, 0, 67, 0
6, 100, 0, 93, 0, 67, 18, 43, 65, 46, 92, 50, 83, 24, 100, 0, 4
7, 69, 0, 25, 36, 0, 74, 10, 100, 49, 85, 95, 45, 100, 17, 67, 0
0, 97, 2, 58, 19, 21, 65, 0, 100, 29, 98, 67, 66, 100, 16, 93, 0
64, 100, 100, 92, 94, 56, 72, 22, 72, 0, 91, 31, 52, 59, 0, 80, 8
0, 100, 53, 95, 80, 66, 69, 30, 66, 0, 100, 30, 61, 36, 7, 39, 7
61, 90, 67, 61, 99, 100, 9, 71, 17, 56, 0, 0, 100, 25, 17, 61, 8
34, 67, 98, 74, 100, 100, 32, 90, 0, 63, 69, 65, 85, 41, 64, 0, 9
42, 90, 74, 100, 100, 87, 70, 70, 46, 50, 56, 19, 35, 0, 0, 5, 3
38, 100, 27, 89, 8, 67, 0, 44, 40, 32, 100, 41, 83, 22, 81, 0, 4
33, 93, 84, 100, 90, 78, 46, 59, 94, 47, 100, 18, 56, 1, 0, 0, 3
22, 100, 66, 50, 100, 94, 45, 95, 5, 41, 58, 0, 78, 42, 0, 46, 8
29, 100, 25, 73, 0, 37, 48, 32, 100, 32, 84, 68, 60, 39, 43, 0, 4
0, 68, 34, 100, 74, 88, 56, 40, 17, 10, 10, 23, 55, 12, 100, 0, 2
17, 65, 71, 80, 100, 100, 81, 74, 74, 47, 69, 20, 31, 0, 0, 2, 1
88, 59, 100, 100, 16, 85, 42, 45, 82, 8, 0, 0, 32, 40, 89, 77, 8
0, 26, 57, 56, 98, 94, 31, 100, 45, 63, 100, 31, 78, 0, 9, 16, 8
59, 94, 20, 66, 58, 46, 50, 2, 0, 0, 21, 49, 49, 96, 100, 100, 5
9, 68, 29, 100, 65, 91, 45, 58, 13, 31, 0, 6, 51, 6, 100, 0, 2
0, 85, 34, 100, 85, 78, 75, 38, 56, 0, 14, 16, 29, 37, 100, 37, 7
25, 67, 41, 100, 80, 91, 61, 53, 24, 26, 0, 15, 49, 6, 100, 0, 2
35, 86, 56, 65, 100, 27, 23, 0, 6, 28, 65, 64, 98, 100, 0, 85, 8
16, 100, 0, 65, 43, 57, 100, 70, 99, 87, 97, 76, 84, 38, 73, 0, 4
25, 100, 5, 70, 0, 40, 72, 44, 100, 57, 70, 64, 72, 32, 60, 0, 4
25, 46, 100, 31, 80, 0, 0, 9, 38, 45, 89, 78, 54, 100, 20, 68, 8
75, 100, 35, 82, 2, 53, 0, 21, 44, 0, 100, 8, 68, 31, 16, 21, 6
9, 98, 29, 65, 81, 99, 10, 100, 58, 75, 100, 62, 87, 17, 0, 0, 9
0, 89, 4, 47, 21, 0, 73, 2, 100, 45, 78, 89, 25, 100, 14, 54, 0
32, 86, 72, 100, 74, 71, 44, 44, 3, 22, 0, 18, 54, 18, 100, 0, 2
75, 91, 30, 100, 24, 60, 53, 21, 11, 0, 0, 37, 44, 70, 100, 93, 8
23, 100, 0, 58, 8, 12, 58, 0, 99, 29, 100, 75, 56, 100, 14, 78, 0
100, 99, 57, 100, 18, 79, 16, 45, 61, 52, 78, 22, 39, 0, 0, 7, 5
59, 100, 12, 74, 0, 34, 29, 0, 81, 21, 100, 59, 91, 98, 35, 83, 0
57, 100, 25, 75, 0, 52, 85, 53, 100, 73, 65, 85, 31, 43, 2, 0, 4
43, 98, 0, 69, 57, 49, 62, 7, 15, 0, 17, 50, 34, 95, 100, 100, 5
0, 82, 23, 98, 65, 100, 75, 72, 53, 43, 28, 16, 58, 2, 100, 0, 2
3, 90, 41, 100, 100, 100, 89, 68, 54, 33, 19, 0, 0, 15, 54, 23, 7
4, 85, 39, 100, 83, 85, 57, 60, 59, 41, 100, 21, 62, 0, 0, 1, 3
36, 86, 68, 100, 100, 77, 62, 52, 71, 45, 99, 19, 52, 2, 0, 0, 3
58, 74, 100, 100, 94, 75, 85, 35, 59, 2, 0, 0, 29, 2, 88, 3, 1
0, 84, 37, 100, 59, 76, 24, 49, 70, 43, 100, 21, 60, 0, 7, 6, 3
0, 76, 49, 100, 100, 82, 58, 41, 28, 0, 82, 15, 28, 51, 34, 88, 8
26, 88, 61, 100, 100, 94, 88, 67, 97, 40, 78, 17, 40, 6, 0, 0, 3
39, 94, 74, 100, 62, 74, 66, 67, 100, 45, 85, 16, 36, 0, 0, 12, 3
0, 51, 56, 74, 100, 100, 85, 91, 75, 63, 75, 36, 80, 8, 85, 0, 1
93, 100, 59, 79, 95, 68, 100, 90, 100, 60, 88, 32, 52, 10, 0, 0, 9
22, 90, 67, 100, 87, 80, 61, 57, 30, 34, 0, 12, 41, 0, 100, 1, 2
100, 100, 44, 81, 11, 53, 0, 22, 42, 0, 95, 21, 56, 40, 2, 18, 6
0, 86, 35, 100, 66, 81, 66, 55, 51, 30, 26, 8, 49, 0, 100, 1, 2
26, 94, 75, 100, 92, 77, 45, 59, 81, 43, 100, 11, 51, 0, 0, 1, 3
0, 79, 27, 99, 66, 100, 81, 75, 58, 49, 34, 22, 61, 4, 100, 0, 2
63, 92, 100, 100, 99, 76, 67, 55, 91, 34, 96, 10, 48, 0, 0, 4, 3
23, 80, 14, 80, 77, 100, 100, 70, 66, 39, 0, 19, 23, 12, 97, 0, 2
97, 100, 65, 82, 33, 53, 15, 20, 54, 0, 100, 19, 58, 39, 0, 35, 6
0, 66, 20, 100, 56, 88, 44, 47, 14, 15, 13, 0, 56, 5, 100, 11, 2
100, 89, 60, 100, 53, 63, 92, 81, 100, 54, 92, 11, 44, 0, 0, 13, 9
31, 100, 5, 81, 0, 59, 27, 41, 72, 41, 100, 43, 81, 22, 69, 0, 4
14, 78, 44, 100, 63, 79, 41, 52, 13, 29, 0, 2, 50, 0, 100, 8, 2
100, 100, 96, 97, 93, 80, 82, 63, 71, 46, 46, 30, 25, 14, 0, 0, 1
0, 83, 43, 100, 89, 85, 75, 57, 42, 32, 0, 11, 35, 0, 100, 0, 2
57, 91, 22, 70, 0, 24, 37, 0, 81, 21, 100, 67, 69, 100, 30, 73, 0
53, 100, 30, 67, 59, 35, 24, 0, 6, 30, 0, 75, 41, 99, 100, 98, 5
100, 100, 21, 86, 64, 41, 71, 0, 13, 23, 73, 66, 74, 100, 0, 70, 8
16, 72, 40, 100, 94, 95, 84, 64, 47, 37, 0, 14, 31, 1, 100, 0, 2
100, 82, 67, 100, 38, 79, 69, 66, 90, 61, 73, 30, 43, 6, 0, 0, 9
0, 83, 63, 100, 100, 82, 84, 52, 58, 23, 23, 0, 0, 29, 76, 33, 7
30, 88, 76, 100, 100, 77, 62, 50, 53, 36, 94, 17, 51, 0, 0, 3, 3
16, 98, 75, 100, 48, 94, 0, 72, 55, 58, 100, 33, 77, 4, 18, 0, 5
17, 100, 0, 60, 12, 16, 59, 0, 100, 27, 95, 70, 51, 93, 15, 63, 0
90, 100, 52, 82, 22, 54, 0, 24, 24, 0, 82, 5, 100, 23, 42, 22, 6
1, 66, 28, 93, 81, 100, 72, 75, 82, 43, 100, 12, 54, 0, 0, 2, 3
100, 96, 66, 100, 26, 94, 43, 70, 87, 55, 76, 19, 33, 0, 0, 16, 5
6, 100, 16, 61, 81, 44, 66, 0, 0, 9, 0, 55, 16, 96, 100, 99, 5
0, 97, 41, 100, 78, 89, 53, 46, 35, 0, 14, 31, 47, 47, 100, 54, 7
0, 67, 46, 91, 100, 100, 83, 56, 52, 15, 22, 0, 29, 28, 85, 29, 7
18, 66, 34, 100, 76, 84, 51, 50, 0, 26, 12, 26, 58, 0, 100, 20, 2
10, 77, 37, 100, 90, 88, 72, 57, 99, 52, 100, 18, 48, 0, 0, 17, 3
0, 63, 38, 79, 75, 99, 100, 100, 88, 75, 78, 48, 70, 22, 58, 0, 1
88, 95, 43, 99, 8, 65, 0, 23, 40, 0, 88, 21, 100, 61, 79, 100, 0
30, 94, 73, 100, 29, 91, 6, 52, 51, 46, 100, 24, 45, 0, 0, 14, 5
0, 94, 53, 100, 94, 77, 79, 37, 53, 0, 37, 1, 50, 40, 100, 57, 7
41, 58, 99, 39, 100, 1, 27, 0, 33, 40, 80, 75, 66, 100, 0, 83, 8
19, 90, 57, 61, 96, 19, 17, 0, 2, 34, 81, 64, 100, 100, 0, 99, 8
16, 92, 0, 70, 68, 36, 68, 0, 15, 25, 53, 63, 100, 100, 34, 92, 8
23, 58, 66, 77, 100, 100, 95, 87, 81, 59, 71, 30, 52, 3, 0, 0, 1
0, 100, 5, 86, 2, 66, 3, 45, 38, 34, 68, 39, 81, 19, 100, 0, 4
92, 70, 34, 59, 0, 75, 39, 100, 89, 97, 98, 65, 93, 32, 100, 0, 9
24, 91, 10, 69, 65, 40, 46, 0, 0, 11, 8, 57, 29, 98, 100, 100, 5
43, 75, 71, 100, 38, 68, 0, 37, 60, 32, 100, 51, 82, 34, 54, 0, 4
0, 70, 46, 81, 100, 100, 88, 88, 81, 66, 77, 43, 68, 22, 63, 0, 1
76, 100, 59, 66, 89, 23, 9, 0, 0, 31, 80, 62, 100, 96, 2, 86, 8
100, 90, 48, 100, 0, 88, 8, 60, 60, 52, 86, 22, 50, 0, 8, 12, 5
73, 100, 48, 70, 23, 41, 21, 9, 69, 1, 100, 22, 46, 17, 0, 0, 6
0, 73, 54, 47, 100, 15, 43, 0, 51, 35, 81, 69, 63, 100, 2, 72, 8
23, 100, 46, 57, 100, 79, 49, 89, 0, 48, 20, 0, 79, 22, 24, 53, 8
100, 100, 89, 94, 89, 79, 78, 63, 56, 47, 33, 31, 22, 16, 0, 0, 1
19, 60, 52, 87, 71, 100, 57, 58, 46, 16, 0, 0, 49, 7, 100, 8, 1
0, 78, 29, 100, 69, 87, 62, 57, 34, 32, 2, 8, 48, 1, 100, 0, 2
100, 100, 56, 66, 0, 37, 8, 34, 83, 43, 86, 71, 57, 35, 24, 0, 4
53, 60, 85, 83, 48, 100, 0, 79, 46, 70, 100, 57, 81, 28, 54, 0, 9
64, 81, 59, 100, 100, 98, 78, 53, 42, 18, 0, 6, 47, 13, 95, 0, 2
80, 81, 34, 100, 0, 70, 45, 39, 76, 0, 28, 12, 57, 54, 100, 85, 8
29, 74, 9, 33, 39, 0, 85, 11, 100, 54, 74, 94, 29, 100, 0, 66, 0
100, 100, 74, 97, 50, 66, 34, 30, 49, 0, 75, 18, 37, 24, 0, 15, 6
48, 76, 62, 100, 93, 79, 67, 39, 28, 8, 0, 12, 51, 16, 100, 0, 2
32, 72, 57, 93, 100, 100, 87, 78, 62, 56, 61, 30, 44, 7, 0, 0, 3
49, 100, 14, 73, 0, 39, 10, 5, 64, 0, 100, 25, 57, 44, 1, 38, 6
49, 99, 5, 74, 0, 24, 46, 0, 98, 21, 100, 70, 55, 100, 5, 79, 0
45, 85, 79, 100, 89, 78, 65, 54, 100, 33, 97, 8, 46, 0, 0, 10, 3
19, 75, 0, 37, 31, 0, 79, 26, 100, 71, 57, 100, 7, 75, 7, 32, 0
3, 69, 0, 18, 37, 0, 77, 13, 100, 54, 80, 97, 41, 100, 21, 61, 0
36, 73, 12, 51, 25, 0, 76, 15, 100, 62, 63, 100, 15, 75, 0, 25, 0
0, 96, 40, 100, 70, 75, 57, 37, 41, 0, 22, 36, 50, 51, 100, 57, 7
25, 100, 0, 76, 11, 45, 79, 46, 100, 73, 86, 70, 79, 35, 70, 0, 4
14, 76, 0, 35, 16, 0, 62, 1, 95, 30, 100, 70, 70, 100, 25, 94, 0
15, 86, 49, 100, 100, 99, 93, 78, 57, 60, 64, 36, 42, 15, 0, 0, 3
10, 94, 0, 98, 65, 100, 100, 100, 66, 76, 47, 49, 36, 22, 52, 0, 7
58, 85, 14, 54, 35, 2, 100, 58, 65, 100, 21, 48, 60, 64, 0, 0, 0
55, 97, 40, 61, 55, 24, 8, 0, 0, 33, 10, 80, 43, 100, 100, 96, 5
38, 69, 43, 95, 100, 100, 96, 73, 53, 51, 76, 26, 52, 0, 0, 2, 3
48, 99, 17, 66, 0, 26, 35, 0, 82, 24, 100, 64, 78, 100, 25, 86, 0
0, 77, 28, 100, 60, 85, 62, 51, 42, 21, 26, 2, 68, 0, 100, 0, 2
100, 94, 52, 77, 4, 77, 47, 100, 97, 88, 76, 55, 35, 28, 0, 0, 9
69, 100, 31, 77, 8, 53, 0, 27, 27, 3, 92, 0, 100, 20, 39, 12, 6
4, 76, 0, 33, 34, 0, 84, 17, 100, 61, 72, 100, 25, 90, 14, 45, 0
32, 78, 92, 100, 100, 72, 68, 38, 29, 6, 0, 0, 0, 32, 81, 35, 7
0, 90, 27, 100, 81, 95, 57, 72, 69, 51, 100, 29, 56, 13, 7, 0, 3
92, 100, 45, 88, 19, 53, 20, 14, 69, 0, 100, 31, 48, 37, 0, 13, 6
14, 100, 10, 84, 0, 55, 52, 43, 100, 57, 98, 59, 85, 29, 72, 0, 4
0, 77, 52, 57, 100, 26, 54, 0, 23, 24, 56, 58, 75, 94, 21, 100, 8
58, 100, 17, 77, 0, 47, 8, 16, 57, 0, 100, 21, 68, 42, 9, 37, 6
96, 100, 49, 77, 16, 48, 0, 17, 42, 0, 100, 15, 61, 32, 1, 20, 6
85, 78, 60, 100, 28, 69, 85, 68, 97, 68, 100, 30, 66, 0, 0, 9, 9
25, 90, 24, 100, 61, 90, 31, 64, 77, 53, 100, 27, 68, 4, 0, 0, 3
90, 81, 46, 57, 0, 70, 27, 100, 85, 98, 100, 64, 86, 30, 55, 0, 9
0, 75, 29, 100, 74, 93, 69, 60, 41, 29, 0, 3, 37, 0, 100, 6, 2
52, 84, 79, 100, 100, 84, 77, 63, 72, 34, 67, 8, 33, 0, 0, 2, 3
45, 78, 6, 48, 0, 2, 46, 0, 83, 34, 100, 80, 63, 100, 19, 78, 0
81, 72, 58, 100, 0, 81, 43, 57, 82, 76, 100, 37, 87, 0, 17, 1, 9
0, 40, 10, 60, 61, 78, 100, 100, 88, 81, 71, 54, 61, 27, 73, 0, 1
23, 100, 9, 68, 0, 36, 49, 25, 100, 36, 99, 65, 93, 32, 83, 0, 4
63, 100, 36, 83, 9, 49, 0, 13, 57, 0, 100, 27, 51, 42, 14, 14, 6
48, 74, 88, 95, 100, 100, 78, 75, 66, 49, 64, 23, 32, 0, 0, 1, 1
22, 61, 54, 94, 62, 100, 56, 58, 51, 17, 0, 4, 55, 1, 100, 0, 1
66, 100, 37, 93, 9, 62, 0, 30, 29, 0, 100, 1, 91, 23, 22, 13, 6
100, 92, 20, 90, 7, 42, 65, 0, 0, 10, 18, 58, 78, 100, 45, 97, 8
63, 100, 41, 63, 0, 36, 88, 40, 100, 63, 72, 78, 76, 39, 82, 0, 4
15, 100, 99, 97, 100, 78, 68, 41, 40, 2, 29, 0, 0, 36, 81, 45, 7
26, 73, 35, 100, 100, 97, 78, 68, 46, 35, 26, 0, 0, 31, 52, 30, 7
29, 100, 8, 62, 0, 20, 41, 0, 87, 19, 100, 59, 60, 86, 8, 89, 0
40, 100, 9, 66, 0, 26, 43, 0, 100, 17, 100, 56, 61, 88, 0, 89, 0
72, 100, 31, 77, 4, 50, 0, 21, 40, 0, 100, 5, 88, 28, 28, 36, 6
55, 90, 44, 56, 29, 13, 0, 0, 28, 38, 64, 69, 100, 100, 63, 99, 8
39, 76, 83, 94, 100, 100, 65, 80, 30, 60, 9, 41, 0, 20, 22, 0, 1
20, 92, 5, 100, 0, 76, 2, 52, 52, 33, 95, 47, 80, 23, 100, 0, 4
33, 76, 51, 100, 77, 77, 41, 42, 0, 15, 2, 0, 51, 5, 100, 12, 2
100, 100, 57, 83, 24, 57, 3, 27, 25, 0, 78, 6, 54, 23, 0, 17, 6
26, 73, 0, 48, 18, 7, 67, 0, 100, 30, 87, 73, 48, 100, 13, 75, 0
49, 94, 1, 98, 44, 81, 59, 100, 92, 64, 100, 20, 55, 0, 0, 8, 9
100, 100, 48, 80, 17, 54, 0, 26, 25, 0, 96, 4, 84, 23, 19, 12, 6
12, 92, 1, 58, 62, 38, 50, 0, 0, 15, 2, 59, 30, 96, 100, 100, 5
58, 90, 8, 63, 37, 44, 18, 0, 0, 18, 4, 74, 41, 100, 100, 98, 5
100, 100, 53, 79, 19, 54, 11, 24, 45, 0, 98, 8, 51, 21, 0, 7, 6
30, 86, 0, 42, 23, 0, 70, 3, 100, 41, 82, 90, 37, 100, 22, 54, 0
21, 82, 55, 100, 69, 65, 40, 26, 0, 0, 4, 6, 51, 6, 100, 5, 2
57, 82, 58, 100, 96, 90, 72, 61, 100, 45, 86, 15, 44, 0, 0, 4, 3
50, 100, 10, 73, 0, 29, 36, 0, 83, 17, 100, 60, 68, 94, 26, 76, 0
0, 82, 36, 100, 88, 93, 63, 65, 69, 48, 100, 21, 60, 0, 8, 9, 3
0, 59, 46, 76, 100, 100, 100, 100, 79, 76, 57, 50, 46, 24, 50, 0, 1
33, 100, 0, 79, 11, 48, 81, 49, 100, 81, 80, 66, 62, 33, 45, 0, 4
40, 85, 1, 60, 43, 46, 26, 2, 0, 0, 9, 53, 42, 89, 100, 100, 5
100, 73, 38, 64, 0, 78, 41, 100, 90, 88, 89, 58, 80, 28, 97, 0, 9
83, 100, 49, 77, 19, 49, 3, 20, 39, 0, 100, 12, 65, 31, 0, 26, 6
54, 100, 20, 72, 0, 40, 56, 35, 100, 45, 72, 65, 44, 34, 31, 0, 4
79, 90, 61, 100, 26, 73, 44, 60, 97, 50, 100, 17, 51, 0, 0, 8, 5
23, 72, 77, 94, 77, 100, 64, 63, 48, 26, 0, 0, 5, 6, 100, 8, 1
19, 81, 55, 100, 78, 80, 42, 61, 88, 43, 100, 13, 53, 0, 0, 6, 3
0, 81, 34, 100, 77, 92, 73, 61, 46, 34, 17, 8, 52, 0, 100, 3, 2
10, 95, 64, 100, 82, 67, 70, 30, 73, 0, 100, 33, 52, 38, 0, 42, 7
36, 87, 73, 100, 100, 85, 76, 63, 87, 33, 86, 3, 43, 0, 0, 4, 3
26, 64, 34, 100, 65, 77, 43, 36, 1, 11, 0, 8, 50, 4, 100, 0, 2
42, 94, 89, 100, 71, 76, 68, 56, 100, 34, 84, 8, 37, 0, 0, 15, 3
4, 77, 0, 35, 28, 0, 74, 2, 100, 37, 89, 80, 48, 100, 12, 73, 0
15, 72, 73, 100, 77, 98, 73, 60, 69, 22, 29, 0, 0, 5, 100, 3, 1
15, 95, 7, 70, 14, 20, 64, 0, 100, 36, 83, 85, 30, 100, 0, 59, 0
13, 87, 41, 62, 93, 44, 78, 0, 28, 15, 0, 62, 39, 92, 100, 100, 5
73, 95, 7, 76, 78, 40, 100, 2, 0, 0, 37, 41, 82, 82, 51, 100, 8
49, 100, 16, 79, 0, 49, 5, 18, 49, 0, 100, 4, 59, 24, 24, 19, 6
38, 84, 70, 100, 96, 81, 76, 54, 100, 27, 75, 1, 29, 0, 0, 24, 3
23, 95, 0, 97, 52, 100, 100, 93, 98, 68, 74, 45, 47, 23, 31, 0, 7
26, 84, 63, 100, 73, 80, 71, 60, 100, 37, 84, 9, 41, 0, 0, 10, 3
18, 100, 22, 79, 0, 47, 28, 35, 94, 35, 98, 64, 100, 34, 91, 0, 4
8, 66, 9, 100, 45, 88, 37, 49, 0, 22, 20, 22, 66, 0, 100, 25, 2
0, 88, 40, 100, 79, 86, 67, 44, 64, 0, 100, 15, 70, 32, 23, 37, 7
12, 80, 57, 100, 76, 74, 56, 41, 28, 10, 0, 4, 42, 13, 100, 0, 2
11, 78, 0, 36, 25, 0, 68, 5, 100, 37, 96, 83, 57, 100, 20, 80, 0
69, 100, 38, 82, 13, 54, 7, 24, 41, 0, 100, 4, 57, 16, 0, 8, 6
3, 85, 42, 100, 88, 89, 65, 60, 26, 36, 0, 11, 51, 0, 100, 2, 2
0, 80, 53, 100, 100, 77, 70, 38, 32, 2, 9, 0, 19, 27, 89, 34, 7
1, 100, 47, 96, 52, 60, 46, 24, 40, 0, 0, 26, 41, 37, 100, 41, 7
44, 94, 6, 65, 0, 18, 46, 0, 92, 22, 100, 66, 64, 100, 21, 88, 0
0, 79, 24, 100, 62, 84, 66, 53, 56, 22, 43, 0, 49, 24, 100, 22, 7
43, 91, 79, 100, 63, 67, 34, 38, 0, 14, 11, 13, 56, 9, 100, 0, 2
60, 84, 94, 100, 100, 75, 72, 51, 39, 30, 0, 12, 46, 7, 94, 0, 2
97, 95, 25, 82, 100, 81, 67, 100, 0, 84, 83, 67, 40, 34, 13, 0, 9
43, 87, 100, 100, 96, 93, 47, 72, 53, 48, 91, 34, 58, 2, 0, 0, 5
56, 87, 91, 100, 81, 72, 61, 58, 100, 41, 87, 12, 38, 0, 0, 12, 3
42, 82, 80, 100, 100, 82, 70, 58, 32, 37, 0, 14, 39, 0, 100, 1, 2
37, 83, 63, 100, 83, 74, 62, 47, 30, 24, 0, 0, 50, 2, 100, 4, 2
0, 79, 28, 100, 48, 75, 38, 54, 92, 54, 100, 28, 61, 8, 9, 0, 3
50, 100, 41, 90, 0, 63, 3, 50, 80, 42, 100, 57, 59, 29, 29, 0, 4
0, 77, 30, 100, 84, 98, 76, 65, 44, 36, 5, 10, 46, 2, 100, 0, 2
0, 58, 26, 62, 63, 85, 100, 100, 76, 75, 51, 51, 32, 25, 20, 0, 1
0, 64, 41, 68, 79, 87, 100, 100, 87, 75, 76, 49, 65, 24, 57, 0, 1
53, 61, 100, 73, 92, 100, 55, 72, 58, 36, 51, 1, 0, 0, 29, 31, 8
0, 38, 18, 57, 49, 80, 81, 100, 100, 92, 85, 61, 69, 31, 63, 0, 1
56, 76, 66, 100, 0, 88, 23, 60, 90, 71, 100, 68, 87, 31, 92, 0, 9
70, 100, 45, 86, 11, 53, 0, 15, 57, 0, 100, 26, 67, 57, 0, 67, 6
41, 79, 56, 100, 89, 82, 65, 55, 84, 38, 100, 9, 51, 0, 0, 5, 3
30, 82, 8, 69, 36, 30, 2, 0, 0, 36, 14, 84, 54, 100, 100, 97, 5
40, 81, 5, 60, 8, 2, 62, 0, 100, 44, 92, 99, 38, 100, 0, 55, 0
20, 100, 79, 93, 60, 94, 20, 73, 55, 55, 100, 29, 53, 0, 0, 14, 5
0, 93, 32, 99, 81, 100, 100, 92, 84, 69, 70, 46, 60, 23, 59, 0, 7
100, 95, 52, 99, 0, 100, 18, 68, 70, 65, 82, 28, 42, 0, 1, 7, 5
20, 97, 9, 89, 0, 49, 66, 47, 100, 70, 75, 100, 71, 50, 73, 0, 4
0, 82, 27, 100, 35, 70, 18, 40, 6, 8, 41, 0, 78, 1, 100, 3, 2
25, 100, 2, 74, 5, 23, 51, 0, 100, 20, 98, 71, 55, 99, 0, 96, 0
11, 35, 43, 60, 83, 84, 100, 100, 60, 75, 31, 51, 9, 25, 0, 0, 1
37, 78, 60, 100, 81, 75, 63, 46, 29, 24, 0, 1, 50, 0, 100, 4, 2
48, 100, 28, 94, 14, 62, 10, 29, 35, 0, 100, 18, 53, 31, 0, 8, 6
0, 0, 27, 24, 51, 53, 75, 81, 100, 100, 92, 67, 86, 34, 86, 1, 1
100, 100, 59, 90, 20, 62, 0, 31, 15, 0, 78, 1, 78, 29, 12, 21, 6
17, 93, 25, 64, 45, 25, 5, 0, 0, 42, 5, 96, 53, 100, 100, 100, 5
35, 85, 89, 100, 100, 96, 36, 88, 33, 54, 95, 40, 60, 6, 0, 0, 5
100, 100, 68, 81, 40, 57, 20, 28, 24, 0, 59, 10, 36, 25, 0, 14, 6
55, 100, 9, 78, 0, 36, 29, 0, 83, 17, 100, 58, 79, 97, 21, 89, 0
67, 73, 41, 100, 16, 67, 73, 34, 78, 0, 0, 10, 35, 47, 100, 77, 8
49, 100, 31, 65, 0, 29, 50, 31, 100, 33, 87, 71, 65, 35, 43, 0, 4
34, 100, 16, 50, 59, 40, 33, 0, 0, 14, 10, 70, 48, 95, 100, 94, 5
0, 8, 35, 30, 68, 61, 95, 92, 100, 100, 81, 67, 62, 34, 47, 0, 1
50, 85, 84, 100, 76, 60, 48, 24, 7, 0, 0, 2, 50, 4, 100, 4, 2
63, 100, 32, 73, 11, 45, 0, 14, 45, 0, 100, 10, 68, 19, 13, 10, 6
0, 20, 23, 43, 50, 65, 76, 87, 100, 100, 88, 66, 77, 34, 79, 0, 1
11, 100, 0, 78, 0, 56, 39, 40, 100, 50, 91, 43, 75, 22, 80, 0, 4
29, 87, 100, 100, 83, 97, 10, 84, 31, 63, 93, 46, 66, 17, 0, 0, 5
74, 76, 31, 60, 0, 76, 37, 100, 85, 94, 100, 60, 86, 27, 54, 0, 9
72, 96, 100, 100, 57, 95, 31, 65, 49, 51, 67, 29, 39, 0, 0, 3, 5
0, 81, 40, 100, 95, 84, 96, 41, 69, 0, 36, 9, 38, 36, 100, 39, 7
3, 100, 2, 84, 0, 53, 29, 32, 70, 45, 100, 61, 88, 30, 95, 0, 4
0, 87, 44, 100, 90, 89, 73, 64, 83, 37, 100, 9, 56, 0, 6, 1, 3
49, 100, 17, 71, 0, 39, 11, 7, 66, 0, 100, 24, 48, 33, 21, 8, 6
89, 81, 66, 100, 51, 69, 97, 88, 96, 60, 100, 14, 51, 0, 0, 12, 9
90, 100, 53, 76, 29, 46, 26, 13, 67, 0, 100, 24, 51, 37, 0, 28, 6
59, 79, 40, 99, 0, 62, 1, 14, 59, 0, 100, 35, 80, 80, 21, 100, 0
59, 79, 35, 73, 72, 36, 35, 0, 5, 24, 0, 70, 32, 100, 100, 97, 5
100, 100, 53, 93, 14, 66, 0, 32, 16, 0, 73, 4, 76, 36, 19, 37, 6
19, 100, 0, 71, 2, 43, 77, 39, 100, 58, 98, 60, 80, 30, 71, 0, 4
31, 100, 2, 66, 0, 27, 34, 0, 78, 20, 100, 58, 83, 95, 33, 98, 0
100, 82, 60, 78, 31, 99, 82, 100, 100, 73, 77, 44, 41, 20, 0, 0, 9
26, 88, 55, 100, 86, 69, 78, 31, 67, 0, 100, 33, 66, 45, 0, 45, 7
95, 100, 57, 92, 83, 76, 100, 88, 88, 64, 68, 39, 39, 18, 0, 0, 9
17, 98, 80, 100, 100, 67, 67, 33, 26, 0, 0, 7, 0, 23, 89, 19, 7
31, 94, 85, 100, 100, 77, 78, 49, 59, 21, 43, 0, 0, 19, 51, 25, 7
100, 94, 4, 100, 2, 57, 87, 19, 0, 0, 7, 44, 78, 87, 7, 91, 8
22, 86, 62, 100, 83, 81, 61, 61, 100, 43, 88, 14, 45, 2, 0, 0, 3
0, 88, 25, 100, 100, 81, 89, 48, 55, 15, 26, 0, 0, 31, 98, 37, 7
100, 100, 62, 86, 35, 55, 22, 19, 55, 0, 85, 27, 47, 48, 0, 40, 6
77, 57, 87, 100, 0, 95, 43, 55, 100, 15, 40, 0, 28, 45, 86, 85, 8
25, 88, 39, 61, 92, 24, 27, 0, 15, 33, 77, 68, 100, 100, 0, 88, 8
76, 100, 37, 76, 8, 50, 0, 21, 41, 0, 100, 8, 95, 29, 34, 21, 6
0, 95, 14, 100, 60, 99, 100, 100, 61, 86, 43, 58, 33, 29, 32, 0, 7
0, 69, 38, 86, 62, 100, 52, 53, 57, 5, 100, 3, 51, 3, 11, 0, 1
35, 93, 2, 69, 0, 26, 36, 0, 79, 2, 100, 39, 81, 77, 42, 100, 0
7, 55, 45, 74, 86, 100, 100, 96, 71, 68, 41, 39, 14, 9, 0, 0, 1
33, 86, 9, 65, 75, 71, 72, 25, 3, 0, 0, 46, 12, 93, 100, 100, 5
91, 100, 38, 97, 6, 65, 0, 28, 44, 3, 100, 15, 50, 24, 3, 0, 6
44, 69, 70, 100, 89, 75, 59, 40, 19, 14, 0, 13, 51, 11, 100, 0, 2
14, 71, 29, 100, 66, 76, 50, 35, 11, 7, 0, 15, 50, 8, 100, 0, 2
100, 100, 59, 94, 55, 69, 87, 93, 91, 63, 76, 25, 43, 1, 0, 0, 9
0, 86, 31, 100, 65, 78, 59, 36, 44, 0, 21, 37, 54, 46, 100, 55, 7
0, 50, 45, 70, 80, 92, 100, 100, 80, 75, 59, 50, 52, 25, 52, 0, 1
0, 86, 40, 100, 85, 89, 53, 63, 53, 41, 100, 26, 74, 4, 22, 0, 3
42, 81, 7, 65, 0, 20, 45, 0, 89, 32, 100, 76, 55, 100, 7, 73, 0
50, 85, 3, 100, 4, 78, 63, 68, 100, 61, 80, 19, 32, 0, 0, 7, 9
100, 94, 60, 100, 47, 61, 94, 67, 95, 52, 99, 8, 50, 0, 0, 2, 9
23, 76, 39, 100, 50, 67, 29, 35, 0, 11, 29, 8, 65, 7, 100, 0, 2
0, 68, 26, 100, 48, 75, 28, 33, 0, 2, 29, 0, 64, 2, 100, 1, 2
0, 88, 48, 98, 100, 100, 80, 67, 46, 34, 13, 0, 24, 32, 77, 41, 7
27, 97, 0, 57, 6, 14, 58, 0, 100, 30, 100, 72, 57, 100, 11, 74, 0
89, 100, 38, 85, 8, 54, 0, 20, 45, 0, 100, 12, 88, 40, 29, 39, 6
100, 83, 29, 71, 0, 85, 63, 100, 100, 79, 96, 52, 92, 26, 100, 0, 9
0, 63, 63, 33, 72, 0, 20, 9, 58, 42, 100, 74, 56, 100, 7, 71, 8
48, 86, 16, 51, 0, 11, 37, 0, 77, 29, 100, 66, 81, 100, 31, 92, 0
100, 98, 60, 100, 12, 99, 28, 64, 73, 58, 78, 21, 39, 0, 0, 3, 5
45, 100, 4, 91, 40, 77, 51, 76, 72, 49, 100, 22, 69, 0, 0, 3, 9
21, 80, 60, 95, 100, 100, 55, 87, 37, 52, 76, 28, 46, 2, 0, 0, 5
100, 100, 64, 81, 39, 55, 24, 26, 37, 0, 76, 11, 41, 24, 0, 10, 6
0, 100, 45, 99, 83, 79, 71, 39, 66, 0, 100, 23, 55, 40, 6, 48, 7
0, 93, 46, 100, 94, 90, 83, 52, 69, 14, 49, 0, 49, 28, 100, 28, 7
56, 100, 66, 64, 100, 92, 42, 95, 65, 61, 74, 52, 62, 3, 0, 0, 9
53, 100, 36, 91, 15, 55, 10, 17, 61, 0, 100, 21, 59, 50, 0, 61, 6
12, 84, 36, 100, 0, 65, 46, 44, 100, 57, 83, 75, 53, 38, 28, 0, 4
59, 55, 100, 80, 66, 100, 9, 89, 0, 63, 58, 55, 82, 33, 62, 0, 9
49, 72, 99, 97, 100, 100, 81, 60, 66, 20, 0, 0, 9, 3, 99, 8, 1
7, 72, 0, 100, 42, 100, 100, 100, 90, 80, 61, 55, 39, 28, 23, 0, 7
0, 92, 44, 100, 100, 92, 66, 62, 37, 31, 10, 0, 7, 19, 58, 31, 7
44, 82, 42, 51, 100, 77, 47, 100, 0, 81, 74, 69, 54, 35, 36, 0, 9
26, 100, 0, 70, 16, 41, 69, 42, 100, 70, 92, 63, 71, 31, 49, 0, 4
26, 96, 92, 100, 72, 100, 9, 81, 41, 64, 100, 40, 67, 5, 0, 0, 5
49, 94, 76, 73, 82, 100, 30, 77, 100, 81, 100, 42, 75, 2, 0, 0, 9
21, 100, 9, 73, 0, 45, 39, 30, 95, 39, 100, 55, 95, 28, 97, 0, 4
69, 100, 27, 79, 3, 51, 8, 21, 51, 0, 100, 3, 56, 22, 0, 28, 6
26, 100, 7, 77, 0, 44, 43, 35, 86, 46, 100, 67, 91, 33, 79, 0, 4
0, 94, 52, 100, 100, 96, 93, 52, 85, 8, 62, 0, 36, 24, 91, 30, 7
77, 100, 31, 73, 0, 50, 68, 51, 100, 56, 69, 82, 46, 41, 23, 0, 4
31, 90, 67, 100, 87, 84, 58, 61, 79, 35, 100, 10, 52, 0, 0, 4, 3
20, 73, 57, 44, 76, 2, 0, 0, 40, 40, 100, 76, 77, 100, 22, 65, 8
29, 100, 14, 81, 0, 50, 64, 44, 100, 62, 92, 64, 84, 32, 83, 0, 4
100, 100, 67, 90, 33, 75, 25, 60, 0, 45, 0, 30, 0, 15, 0, 0, 1
0, 0, 39, 10, 76, 29, 99, 55, 100, 84, 64, 100, 34, 81, 77, 68, 9
29, 96, 5, 100, 0, 72, 4, 45, 47, 36, 77, 51, 75, 23, 100, 0, 4
70, 91, 100, 100, 61, 86, 35, 60, 60, 50, 64, 21, 34, 0, 0, 15, 5
0, 53, 48, 77, 100, 100, 89, 83, 77, 58, 64, 33, 57, 8, 95, 0, 1
30, 71, 43, 100, 44, 90, 38, 37, 56, 0, 100, 10, 42, 6, 0, 5, 1
32, 80, 72, 100, 82, 76, 55, 47, 24, 20, 0, 0, 50, 7, 100, 3, 2
21, 98, 97, 100, 60, 98, 7, 71, 26, 50, 100, 37, 78, 8, 0, 0, 5
19, 76, 34, 100, 41, 66, 27, 32, 0, 7, 25, 3, 63, 0, 100, 6, 2
0, 98, 57, 100, 100, 88, 75, 52, 61, 13, 55, 0, 30, 36, 77, 49, 7
66, 100, 28, 84, 8, 50, 14, 14, 61, 0, 100, 21, 51, 36, 0, 28, 6
0, 100, 56, 96, 100, 77, 73, 43, 45, 10, 53, 0, 85, 31, 30, 33, 7
32, 84, 66, 100, 70, 57, 40, 25, 0, 15, 23, 33, 63, 22, 100, 0, 2
35, 80, 50, 100, 63, 72, 59, 54, 100, 41, 89, 13, 46, 0, 0, 0, 3
25, 81, 43, 100, 46, 61, 29, 27, 0, 5, 34, 2, 68, 0, 100, 7, 2
9, 67, 16, 23, 52, 0, 91, 21, 100, 65, 74, 100, 30, 97, 0, 65, 0
23, 73, 0, 38, 19, 0, 60, 1, 93, 29, 100, 74, 67, 100, 32, 79, 0
32, 84, 52, 43, 94, 72, 36, 100, 33, 80, 100, 56, 74, 15, 0, 0, 9
25, 85, 68, 51, 91, 13, 16, 0, 50, 33, 100, 65, 79, 100, 0, 89, 8
2, 100, 11, 94, 0, 57, 51, 41, 94, 64, 100, 72, 77, 36, 60, 0, 4
47, 100, 30, 73, 0, 40, 22, 21, 89, 23, 100, 55, 71, 34, 49, 0, 4
100, 90, 40, 100, 0, 73, 75, 76, 94, 95, 87, 63, 75, 31, 77, 0, 9
0, 57, 10, 60, 49, 80, 88, 100, 100, 90, 81, 61, 67, 30, 58, 0, 1
19, 91, 0, 60, 10, 17, 55, 0, 94, 26, 100, 70, 67, 100, 23, 81, 0
48, 91, 91, 99, 100, 100, 55, 93, 25, 63, 57, 34, 44, 2, 0, 0, 5
100, 93, 47, 100, 7, 70, 43, 32, 27, 0, 0, 32, 36, 70, 83, 100, 8
64, 87, 0, 100, 35, 53, 78, 6, 19, 0, 61, 41, 100, 82, 44, 78, 8
100, 100, 58, 83, 30, 56, 19, 25, 46, 0, 84, 16, 52, 40, 0, 46, 6
14, 96, 67, 100, 76, 76, 53, 59, 100, 40, 88, 11, 36, 0, 0, 5, 3
45, 81, 54, 100, 100, 90, 85, 59, 87, 31, 83, 2, 35, 0, 0, 19, 3
0, 27, 33, 50, 76, 74, 90, 100, 81, 80, 76, 53, 79, 26, 100, 0, 1
0, 94, 59, 100, 86, 75, 72, 37, 61, 0, 37, 10, 28, 33, 100, 35, 7
0, 88, 57, 100, 78, 75, 60, 37, 42, 0, 21, 3, 35, 27, 100, 32, 7
36, 72, 47, 100, 78, 76, 55, 38, 17, 8, 0, 5, 50, 13, 100, 0, 2
0, 60, 31, 75, 65, 88, 100, 100, 82, 75, 63, 51, 48, 25, 57, 0, 1
100, 100, 42, 100, 1, 71, 18, 33, 14, 0, 0, 32, 36, 64, 83, 92, 8
45, 88, 28, 66, 60, 31, 33, 0, 0, 15, 25, 57, 56, 91, 100, 100, 5
78, 81, 41, 91, 41, 44, 56, 0, 0, 18, 48, 60, 100, 100, 33, 91, 8
0, 77, 20, 100, 50, 86, 34, 51, 6, 23, 20, 7, 60, 4, 100, 0, 2
68, 66, 100, 93, 48, 100, 0, 78, 47, 68, 90, 56, 67, 26, 29, 0, 9
54, 84, 100, 100, 80, 88, 29, 72, 59, 49, 94, 23, 51, 0, 0, 1, 5
100, 100, 19, 93, 0, 53, 27, 11, 1, 0, 29, 41, 79, 77, 54, 96, 8
0, 99, 63, 100, 76, 68, 60, 34, 46, 0, 19, 16, 27, 34, 100, 32, 7
29, 100, 21, 58, 65, 40, 61, 0, 7, 12, 0, 58, 29, 94, 100, 97, 5
20, 89, 59, 100, 88, 75, 55, 50, 64, 31, 100, 8, 53, 0, 0, 2, 3
76, 100, 58, 64, 19, 32, 0, 26, 76, 31, 100, 57, 79, 36, 63, 0, 4
43, 93, 22, 71, 43, 33, 9, 0, 0, 36, 9, 81, 51, 100, 100, 99, 5
44, 100, 0, 61, 22, 28, 93, 21, 100, 50, 69, 93, 61, 48, 56, 0, 4
27, 86, 0, 50, 13, 2, 70, 0, 100, 44, 91, 94, 41, 100, 13, 56, 0
57, 61, 94, 86, 52, 100, 0, 81, 43, 68, 100, 56, 87, 26, 54, 0, 9
0, 93, 44, 100, 78, 72, 68, 33, 39, 0, 20, 24, 52, 44, 100, 46, 7
49, 79, 69, 100, 90, 72, 67, 43, 29, 21, 0, 3, 50, 6, 100, 0, 2
46, 100, 26, 94, 0, 59, 19, 43, 80, 45, 100, 69, 98, 36, 98, 0, 4
4, 92, 4, 62, 42, 32, 13, 0, 2, 34, 0, 72, 38, 100, 100, 97, 5
26, 100, 0, 76, 25, 52, 89, 48, 100, 84, 70, 68, 42, 34, 15, 0, 4
0, 65, 24, 95, 56, 100, 54, 59, 34, 23, 33, 0, 66, 4, 100, 5, 2
88, 100, 26, 93, 38, 69, 100, 88, 93, 83, 91, 51, 57, 22, 0, 0, 9
37, 100, 10, 81, 0, 56, 21, 35, 73, 41, 100, 44, 65, 24, 52, 0, 4
12, 82, 34, 45, 49, 0, 18, 2, 0, 48, 4, 89, 51, 100, 100, 99, 5
86, 85, 47, 64, 0, 76, 34, 100, 78, 88, 81, 58, 81, 28, 100, 0, 9
100, 100, 66, 88, 32, 66, 7, 39, 0, 10, 44, 0, 62, 18, 14, 22, 6
99, 100, 41, 89, 4, 61, 0, 26, 42, 0, 100, 4, 75, 33, 16, 38, 6
73, 78, 30, 100, 0, 70, 75, 39, 92, 0, 21, 21, 75, 60, 100, 88, 8
26, 80, 53, 100, 100, 98, 93, 76, 55, 59, 71, 37, 37, 17, 0, 0, 3
29, 100, 0, 75, 53, 54, 100, 30, 78, 0, 56, 25, 66, 63, 15, 71, 8
0, 38, 42, 60, 74, 100, 62, 61, 55, 17, 3, 1, 19, 0, 100, 5, 1
35, 90, 75, 100, 88, 74, 58, 54, 100, 41, 88, 14, 44, 4, 0, 0, 3
67, 89, 25, 100, 33, 75, 51, 94, 85, 64, 100, 23, 56, 0, 0, 10, 9
0, 69, 56, 76, 85, 99, 98, 100, 100, 75, 97, 50, 92, 25, 92, 0, 1
79, 86, 27, 68, 0, 35, 11, 0, 70, 5, 100, 37, 84, 71, 43, 100, 0
0, 54, 35, 63, 68, 80, 98, 100, 100, 85, 81, 57, 64, 29, 50, 0, 1
61, 73, 52, 100, 14, 72, 54, 36, 58, 0, 0, 17, 45, 49, 100, 79, 8
39, 99, 0, 65, 74, 52, 74, 9, 21, 0, 23, 50, 24, 99, 100, 100, 5
0, 95, 53, 100, 100, 86, 98, 51, 80, 18, 55, 0, 33, 31, 87, 34, 7
25, 100, 0, 66, 14, 33, 76, 29, 100, 47, 74, 82, 48, 42, 29, 0, 4
54, 95, 22, 100, 0, 61, 86, 62, 100, 75, 57, 100, 48, 49, 47, 0, 4
16, 100, 8, 83, 0, 52, 40, 40, 88, 55, 100, 57, 75, 29, 60, 0, 4
53, 100, 30, 82, 0, 61, 2, 39, 79, 40, 100, 44, 84, 21, 100, 0, 4
0, 17, 100, 38, 96, 69, 91, 100, 78, 94, 70, 62, 65, 31, 70, 0, 1
71, 73, 92, 100, 18, 81, 25, 45, 45, 9, 0, 0, 18, 33, 100, 52, 8
74, 100, 25, 92, 0, 63, 3, 32, 39, 6, 100, 9, 74, 25, 38, 0, 6
53, 100, 52, 83, 18, 52, 0, 19, 45, 0, 100, 17, 52, 37, 28, 13, 6
0, 100, 48, 91, 93, 84, 77, 41, 54, 0, 26, 7, 49, 27, 100, 25, 7
63, 80, 88, 100, 97, 67, 72, 33, 32, 6, 0, 7, 51, 21, 100, 0, 2
42, 100, 19, 74, 0, 47, 7, 20, 62, 17, 100, 39, 84, 28, 82, 0, 4
61, 56, 45, 100, 0, 69, 58, 38, 100, 0, 38, 3, 46, 54, 79, 99, 8
34, 100, 18, 68, 0, 35, 35, 29, 100, 29, 81, 60, 65, 32, 75, 0, 4
11, 93, 65, 100, 98, 81, 58, 56, 62, 40, 100, 16, 53, 0, 0, 10, 3
0, 98, 72, 100, 97, 82, 55, 43, 31, 0, 24, 2, 16, 39, 100, 41, 7
24, 92, 68, 100, 100, 83, 57, 68, 80, 41, 89, 14, 41, 9, 0, 0, 3
39, 85, 86, 49, 100, 11, 6, 0, 31, 35, 96, 67, 90, 100, 0, 85, 8
17, 88, 56, 100, 100, 99, 92, 75, 61, 55, 70, 29, 42, 9, 0, 0, 3
50, 100, 17, 76, 0, 49, 0, 22, 37, 0, 100, 6, 93, 29, 31, 20, 6
0, 41, 30, 60, 43, 85, 67, 100, 74, 75, 76, 49, 78, 24, 100, 0, 1
10, 85, 53, 100, 87, 78, 41, 55, 64, 47, 100, 21, 56, 0, 0, 9, 3
62, 56, 100, 83, 52, 100, 0, 77, 66, 78, 93, 57, 65, 28, 33, 0, 9
31, 87, 73, 100, 100, 80, 73, 53, 37, 30, 0, 7, 45, 1, 97, 0, 2
6, 36, 60, 64, 74, 100, 19, 83, 62, 51, 100, 18, 40, 0, 0, 28, 8
100, 81, 66, 100, 29, 82, 5, 52, 31, 45, 68, 28, 46, 0, 0, 2, 5
42, 87, 3, 64, 0, 16, 55, 0, 100, 34, 88, 80, 29, 100, 4, 65, 0
73, 91, 21, 85, 50, 37, 46, 0, 0, 24, 54, 63, 100, 100, 30, 78, 8
0, 93, 50, 100, 90, 82, 73, 41, 56, 0, 29, 20, 47, 34, 100, 32, 7
0, 94, 61, 100, 96, 73, 79, 36, 68, 0, 100, 32, 88, 54, 17, 52, 7
53, 100, 15, 69, 0, 29, 30, 0, 78, 22, 100, 60, 68, 90, 11, 83, 0
81, 100, 22, 84, 0, 41, 18, 0, 82, 18, 100, 60, 61, 96, 13, 69, 0
60, 73, 59, 100, 19, 73, 53, 36, 51, 0, 0, 20, 50, 52, 100, 80, 8
8, 100, 0, 83, 15, 51, 99, 53, 100, 80, 90, 68, 85, 34, 81, 0, 4
30, 83, 62, 100, 51, 69, 29, 40, 0, 14, 1, 0, 50, 8, 100, 10, 2
99, 81, 52, 58, 0, 50, 30, 82, 80, 100, 100, 70, 73, 34, 45, 0, 9
100, 100, 48, 82, 17, 55, 7, 24, 42, 0, 96, 12, 60, 33, 0, 28, 6
50, 100, 36, 64, 0, 32, 30, 26, 100, 31, 87, 66, 68, 35, 55, 0, 4
58, 88, 96, 100, 100, 82, 81, 57, 88, 30, 85, 7, 42, 0, 0, 5, 3
100, 74, 51, 62, 0, 73, 25, 100, 76, 96, 78, 63, 68, 31, 59, 0, 9
0, 57, 17, 77, 73, 97, 100, 100, 73, 75, 57, 50, 43, 25, 43, 0, 1
0, 62, 42, 79, 79, 100, 100, 98, 85, 73, 69, 48, 52, 23, 27, 0, 1
2, 63, 0, 92, 39, 96, 83, 100, 100, 87, 81, 59, 68, 30, 60, 0, 7
19, 55, 62, 76, 100, 100, 100, 98, 75, 73, 62, 49, 38, 24, 0, 0, 1
44, 93, 4, 83, 43, 42, 40, 0, 0, 16, 48, 52, 100, 86, 49, 100, 8
0, 56, 31, 74, 60, 94, 80, 100, 86, 75, 90, 49, 95, 25, 100, 0, 1
41, 94, 22, 69, 90, 42, 100, 3, 20, 0, 0, 37, 47, 73, 40, 100, 8
42, 97, 6, 74, 100, 80, 40, 100, 0, 84, 82, 66, 57, 32, 12, 0, 9
100, 99, 60, 100, 26, 78, 3, 49, 0, 16, 36, 0, 60, 24, 30, 47, 6
0, 88, 31, 100, 65, 90, 62, 68, 45, 48, 38, 26, 62, 9, 100, 0, 2
32, 100, 39, 76, 0, 48, 11, 38, 91, 39, 100, 64, 86, 31, 71, 0, 4
75, 100, 46, 62, 0, 36, 37, 42, 94, 44, 100, 82, 72, 43, 56, 0, 4
0, 66, 21, 97, 66, 100, 66, 63, 34, 32, 6, 4, 52, 0, 100, 0, 2
66, 72, 27, 100, 0, 75, 45, 39, 63, 0, 11, 24, 50, 61, 100, 87, 8
25, 94, 0, 52, 12, 7, 64, 0, 100, 36, 90, 80, 40, 100, 0, 71, 0
73, 100, 47, 86, 18, 58, 0, 29, 8, 0, 77, 4, 100, 29, 29, 29, 6
0, 95, 43, 100, 89, 91, 59, 68, 82, 45, 100, 22, 55, 7, 1, 0, 3
81, 100, 49, 81, 76, 38, 50, 0, 0, 17, 58, 51, 100, 91, 30, 98, 8
41, 80, 73, 100, 92, 76, 57, 50, 100, 40, 86, 9, 37, 0, 0, 23, 3
0, 75, 25, 100, 90, 83, 45, 56, 59, 47, 100, 18, 43, 0, 6, 19, 3
6, 99, 17, 100, 0, 65, 45, 47, 100, 55, 94, 72, 90, 36, 84, 0, 4
31, 100, 4, 77, 0, 53, 34, 33, 91, 37, 100, 45, 72, 24, 59, 0, 4
27, 75, 64, 100, 100, 99, 79, 70, 45, 44, 6, 20, 0, 0, 64, 6, 2
66, 82, 2, 100, 0, 67, 57, 37, 62, 0, 6, 22, 32, 60, 100, 84, 8
0, 90, 40, 100, 66, 78, 44, 48, 10, 24, 4, 0, 52, 0, 100, 2, 2
0, 62, 48, 80, 89, 100, 96, 78, 100, 55, 96, 33, 96, 10, 85, 0, 1
100, 100, 53, 81, 16, 56, 0, 25, 33, 0, 89, 3, 72, 19, 19, 9, 6
12, 99, 49, 100, 100, 93, 65, 62, 28, 32, 0, 0, 11, 35, 72, 39, 7
100, 90, 60, 100, 18, 84, 70, 88, 89, 71, 66, 44, 37, 18, 0, 0, 9
68, 96, 20, 84, 0, 42, 17, 0, 74, 1, 100, 40, 88, 84, 36, 100, 0
31, 82, 72, 100, 100, 87, 65, 64, 69, 40, 91, 14, 47, 0, 0, 5, 3
11, 100, 17, 71, 73, 37, 100, 0, 9, 11, 27, 48, 92, 79, 0, 95, 8
0, 86, 36, 100, 66, 75, 48, 40, 16, 13, 12, 0, 56, 8, 100, 7, 2
0, 53, 35, 76, 78, 98, 100, 100, 84, 75, 68, 50, 54, 25, 54, 0, 1
4, 97, 81, 100, 100, 67, 66, 33, 30, 0, 0, 9, 0, 36, 82, 35, 7
100, 100, 45, 85, 12, 55, 0, 20, 45, 0, 94, 20, 59, 45, 3, 31, 6
100, 99, 60, 100, 34, 78, 14, 53, 0, 27, 6, 0, 37, 9, 6, 27, 6
85, 100, 38, 80, 13, 48, 11, 14, 58, 0, 100, 22, 58, 43, 0, 42, 6
36, 100, 7, 79, 0, 45, 37, 20, 83, 32, 100, 66, 83, 34, 77, 0, 4
33, 90, 57, 56, 91, 20, 9, 0, 0, 33, 76, 64, 100, 100, 4, 96, 8
76, 100, 33, 83, 0, 55, 43, 39, 100, 52, 87, 55, 48, 28, 15, 0, 4
0, 91, 44, 100, 58, 77, 48, 39, 47, 0, 25, 19, 53, 39, 100, 47, 7
0, 83, 31, 100, 48, 74, 28, 42, 3, 14, 27, 0, 66, 1, 100, 4, 2
0, 90, 42, 99, 94, 100, 96, 63, 84, 22, 68, 0, 47, 27, 100, 25, 7
26, 59, 43, 100, 55, 68, 35, 25, 0, 0, 17, 14, 59, 3, 100, 10, 2
100, 93, 51, 100, 21, 60, 75, 61, 94, 95, 91, 46, 56, 6, 0, 0, 9
25, 92, 30, 43, 50, 1, 88, 0, 100, 45, 78, 87, 39, 100, 0, 87, 0
100, 69, 70, 100, 0, 95, 20, 71, 87, 84, 87, 48, 71, 8, 11, 0, 9
99, 69, 86, 100, 32, 91, 62, 70, 100, 66, 98, 27, 57, 0, 0, 1, 9
1, 91, 51, 100, 100, 86, 62, 49, 33, 9, 15, 0, 0, 36, 75, 33, 7
0, 81, 42, 99, 92, 100, 100, 68, 78, 32, 60, 0, 47, 38, 89, 40, 7
96, 100, 51, 75, 19, 48, 0, 19, 41, 0, 100, 17, 81, 43, 8, 42, 6
0, 73, 28, 100, 68, 87, 69, 44, 63, 1, 45, 0, 54, 23, 100, 32, 7
80, 65, 100, 100, 86, 82, 72, 43, 53, 6, 0, 0, 41, 2, 97, 1, 1
13, 100, 0, 72, 13, 41, 69, 42, 100, 55, 68, 77, 43, 39, 23, 0, 4
100, 100, 55, 78, 21, 52, 0, 22, 27, 0, 79, 14, 53, 27, 1, 10, 6
68, 82, 38, 65, 74, 27, 34, 0, 0, 33, 53, 66, 100, 100, 16, 95, 8
15, 89, 34, 53, 50, 13, 4, 0, 0, 43, 0, 87, 48, 98, 100, 100, 5
55, 76, 77, 100, 100, 79, 67, 52, 95, 42, 99, 12, 49, 0, 0, 14, 3
44, 86, 77, 100, 100, 85, 78, 63, 63, 40, 70, 14, 39, 0, 0, 2, 3
85, 96, 38, 77, 100, 40, 68, 0, 0, 20, 51, 59, 98, 100, 32, 86, 8
27, 100, 20, 79, 0, 54, 10, 31, 62, 35, 100, 50, 81, 26, 77, 0, 4
0, 46, 44, 72, 86, 100, 68, 93, 56, 64, 56, 34, 61, 5, 100, 0, 1
100, 100, 42, 89, 26, 74, 11, 59, 5, 45, 0, 29, 0, 14, 21, 0, 1
50, 100, 17, 78, 0, 46, 5, 15, 54, 0, 100, 17, 68, 32, 26, 10, 6
100, 89, 49, 73, 0, 65, 41, 93, 94, 100, 78, 64, 45, 33, 23, 0, 9
40, 74, 87, 93, 100, 100, 81, 73, 79, 47, 64, 20, 15, 0, 0, 6, 1
0, 58, 6, 67, 53, 85, 100, 100, 76, 75, 52, 51, 34, 26, 40, 0, 1
28, 74, 57, 100, 81, 74, 38, 47, 78, 49, 100, 18, 49, 0, 0, 12, 3
71, 64, 100, 79, 63, 100, 0, 85, 29, 61, 100, 66, 94, 33, 95, 0, 9
15, 100, 0, 78, 3, 46, 66, 43, 100, 58, 95, 72, 92, 36, 90, 0, 4
8, 68, 25, 100, 56, 74, 37, 35, 0, 6, 2, 4, 51, 0, 100, 4, 2
34, 65, 42, 37, 39, 5, 0, 0, 6, 35, 27, 67, 61, 88, 100, 100, 5
18, 59, 9, 22, 51, 0, 96, 21, 100, 63, 72, 100, 22, 93, 0, 55, 0
0, 74, 33, 91, 92, 100, 100, 77, 71, 40, 52, 0, 37, 34, 69, 44, 7
1, 85, 48, 100, 100, 100, 70, 76, 91, 51, 100, 18, 52, 3, 0, 0, 3
93, 100, 53, 77, 25, 49, 8, 19, 44, 0, 100, 11, 59, 18, 0, 10, 6
20, 70, 29, 100, 63, 82, 53, 46, 29, 14, 0, 0, 50, 3, 100, 4, 2
23, 100, 25, 91, 0, 53, 19, 42, 92, 62, 88, 62, 97, 23, 100, 0, 4
41, 100, 58, 66, 100, 98, 34, 92, 68, 70, 75, 52, 69, 1, 0, 0, 9
85, 64, 85, 100, 39, 81, 71, 56, 98, 71, 100, 30, 64, 0, 0, 2, 9
0, 90, 46, 100, 88, 92, 79, 69, 60, 48, 39, 27, 47, 6, 100, 0, 2
30, 74, 55, 100, 89, 87, 66, 56, 100, 38, 92, 8, 41, 0, 0, 20, 3
27, 73, 81, 100, 83, 91, 78, 52, 62, 14, 0, 0, 29, 1, 100, 5, 1
41, 84, 73, 100, 100, 82, 62, 60, 97, 38, 91, 8, 42, 0, 0, 19, 3
0, 55, 46, 58, 73, 82, 100, 100, 92, 75, 89, 50, 84, 25, 89, 0, 1
96, 66, 62, 100, 32, 69, 74, 62, 89, 56, 100, 10, 50, 0, 0, 10, 9
88, 90, 18, 100, 17, 66, 79, 33, 49, 0, 0, 28, 41, 67, 100, 98, 8
100, 96, 2, 100, 0, 65, 61, 32, 37, 0, 19, 32, 68, 68, 64, 96, 8
39, 60, 64, 100, 96, 84, 69, 41, 25, 12, 0, 15, 50, 0, 100, 4, 2
57, 94, 100, 100, 48, 82, 24, 48, 71, 64, 85, 31, 54, 0, 0, 1, 5
0, 73, 27, 86, 73, 100, 100, 98, 89, 72, 83, 46, 82, 20, 85, 0, 1
79, 100, 27, 86, 0, 53, 9, 15, 53, 0, 95, 25, 100, 63, 76, 99, 0
10, 61, 35, 100, 69, 88, 41, 46, 0, 13, 10, 28, 53, 0, 100, 23, 2
54, 73, 37, 100, 0, 71, 49, 36, 76, 0, 19, 19, 53, 56, 100, 91, 8
28, 77, 40, 100, 49, 67, 29, 32, 0, 18, 32, 14, 66, 0, 100, 18, 2
23, 100, 0, 81, 25, 48, 100, 44, 96, 80, 85, 68, 76, 28, 65, 0, 4
48, 73, 27, 86, 0, 48, 7, 5, 53, 0, 91, 27, 100, 71, 66, 100, 0
0, 74, 19, 98, 60, 100, 46, 66, 22, 34, 15, 0, 59, 0, 100, 11, 2
41, 93, 88, 100, 86, 75, 47, 53, 0, 38, 5, 25, 50, 10, 100, 0, 2
77, 96, 27, 100, 0, 67, 3, 27, 42, 0, 89, 12, 100, 52, 88, 90, 0
28, 69, 43, 100, 77, 86, 60, 45, 29, 9, 0, 1, 52, 0, 100, 6, 2
23, 63, 0, 84, 47, 100, 98, 90, 100, 66, 81, 43, 51, 21, 19, 0, 9
10, 68, 35, 100, 59, 72, 37, 30, 0, 3, 15, 14, 58, 2, 100, 0, 2
94, 100, 50, 77, 17, 49, 5, 16, 50, 0, 100, 14, 57, 31, 0, 24, 6
7, 98, 58, 100, 90, 70, 71, 27, 41, 0, 0, 27, 50, 37, 100, 35, 7
0, 53, 34, 82, 45, 100, 43, 65, 50, 30, 40, 0, 37, 2, 100, 7, 1
100, 100, 77, 87, 57, 72, 40, 58, 26, 45, 14, 30, 3, 14, 0, 0, 1
21, 90, 68, 100, 69, 67, 56, 47, 100, 37, 80, 3, 31, 0, 0, 28, 3
100, 100, 64, 81, 35, 60, 13, 37, 0, 14, 31, 0, 53, 21, 5, 24, 6
30, 100, 21, 86, 0, 58, 32, 36, 80, 43, 100, 61, 91, 30, 89, 0, 4
0, 100, 46, 98, 95, 82, 95, 41, 84, 0, 49, 9, 45, 22, 100, 28, 7
13, 96, 0, 71, 78, 61, 82, 12, 7, 0, 4, 49, 15, 97, 100, 100, 5
74, 100, 47, 84, 0, 66, 23, 53, 84, 42, 100, 44, 60, 23, 33, 0, 4
5, 58, 39, 100, 47, 99, 41, 42, 12, 0, 0, 5, 55, 4, 100, 6, 1
90, 100, 58, 88, 23, 56, 16, 17, 66, 0, 100, 27, 58, 54, 0, 43, 6
100, 100, 69, 83, 40, 58, 15, 31, 0, 0, 36, 1, 43, 27, 6, 20, 6
0, 61, 34, 81, 84, 100, 100, 94, 84, 71, 70, 47, 55, 24, 48, 0, 1
0, 33, 35, 52, 66, 75, 96, 100, 100, 96, 79, 66, 61, 33, 49, 0, 1
56, 72, 38, 100, 0, 69, 45, 35, 64, 0, 2, 21, 35, 57, 100, 86, 8
86, 100, 38, 72, 7, 38, 14, 3, 82, 0, 100, 34, 44, 50, 0, 28, 6
100, 100, 62, 80, 32, 59, 11, 38, 0, 16, 35, 0, 78, 17, 24, 8, 6
66, 94, 20, 75, 77, 39, 77, 0, 0, 15, 39, 53, 100, 89, 0, 100, 8
15, 75, 0, 34, 24, 0, 69, 10, 98, 44, 100, 86, 58, 100, 13, 86, 0
100, 98, 65, 100, 19, 94, 0, 61, 44, 67, 74, 44, 51, 13, 6, 0, 5
100, 100, 71, 93, 38, 65, 16, 33, 29, 0, 76, 7, 35, 19, 0, 14, 6
38, 100, 0, 71, 19, 44, 91, 41, 100, 58, 71, 77, 63, 38, 61, 0, 4
41, 100, 45, 99, 10, 77, 0, 58, 59, 49, 100, 49, 71, 25, 58, 0, 4
0, 97, 49, 100, 100, 97, 99, 66, 69, 33, 42, 0, 22, 33, 74, 34, 7
22, 86, 100, 100, 32, 97, 0, 69, 13, 59, 92, 55, 86, 19, 15, 0, 5
0, 54, 35, 72, 69, 92, 100, 100, 83, 75, 64, 50, 42, 25, 25, 0, 1
100, 80, 66, 55, 22, 67, 55, 100, 100, 80, 94, 40, 59, 5, 0, 0, 9
0, 89, 45, 100, 77, 80, 72, 45, 70, 10, 59, 0, 48, 24, 100, 28, 7
69, 100, 37, 70, 0, 41, 21, 32, 91, 30, 100, 56, 93, 33, 84, 0, 4
91, 93, 80, 100, 43, 77, 0, 55, 54, 47, 100, 50, 69, 25, 38, 0, 4
100, 100, 48, 81, 14, 53, 0, 24, 35, 0, 97, 12, 43, 29, 4, 16, 6
92, 93, 38, 100, 44, 62, 100, 84, 91, 75, 94, 29, 53, 0, 0, 23, 9
53, 100, 3, 75, 0, 43, 76, 41, 100, 74, 73, 61, 38, 31, 7, 0, 4
42, 75, 70, 100, 75, 66, 51, 29, 14, 0, 0, 6, 49, 13, 100, 15, 2
100, 76, 53, 55, 15, 73, 51, 100, 91, 81, 83, 44, 52, 12, 0, 0, 9
76, 82, 72, 42, 93, 0, 7, 5, 33, 42, 100, 74, 72, 100, 0, 74, 8
62, 100, 14, 91, 0, 54, 12, 17, 55, 0, 96, 21, 100, 60, 79, 95, 0
72, 100, 16, 89, 52, 60, 100, 86, 92, 72, 93, 28, 55, 0, 0, 19, 9
100, 100, 59, 98, 24, 83, 7, 57, 46, 66, 60, 36, 38, 5, 0, 0, 5
0, 80, 43, 100, 89, 83, 80, 50, 63, 17, 47, 0, 30, 26, 100, 30, 7
50, 98, 22, 84, 0, 39, 25, 0, 78, 12, 100, 56, 83, 100, 27, 97, 0
6, 93, 48, 100, 84, 70, 79, 23, 48, 0, 0, 23, 44, 35, 100, 39, 7
16, 81, 54, 100, 100, 89, 60, 61, 58, 48, 97, 28, 57, 0, 0, 5, 3
0, 97, 43, 96, 87, 100, 100, 93, 70, 73, 42, 51, 19, 26, 17, 0, 7
22, 96, 26, 53, 81, 46, 60, 0, 21, 23, 0, 73, 42, 95, 100, 100, 5
36, 93, 12, 61, 87, 55, 79, 16, 11, 0, 0, 48, 25, 92, 100, 100, 5
79, 75, 41, 100, 3, 75, 54, 59, 79, 61, 100, 20, 54, 0, 0, 14, 9
100, 90, 68, 100, 23, 99, 0, 71, 15, 59, 54, 49, 49, 16, 12, 0, 5
26, 84, 38, 100, 52, 74, 30, 42, 0, 15, 20, 9, 62, 0, 100, 18, 2
21, 86, 72, 100, 85, 72, 70, 43, 79, 41, 100, 15, 47, 0, 0, 18, 3
0, 71, 7, 96, 53, 100, 100, 94, 78, 70, 52, 47, 29, 24, 14, 0, 7
69, 100, 45, 82, 14, 54, 0, 23, 37, 0, 100, 7, 70, 27, 5, 25, 6
6, 87, 25, 60, 80, 43, 47, 4, 0, 0, 4, 54, 39, 93, 100, 100, 5
43, 100, 33, 87, 0, 61, 2, 40, 69, 39, 85, 56, 76, 27, 100, 0, 4
100, 100, 52, 97, 23, 87, 27, 58, 74, 54, 78, 19, 39, 0, 0, 13, 5
100, 100, 74, 96, 45, 68, 28, 35, 32, 0, 63, 12, 38, 37, 0, 31, 6
13, 80, 43, 100, 74, 88, 64, 56, 100, 36, 78, 8, 36, 0, 0, 19, 3
62, 91, 79, 64, 90, 100, 56, 78, 97, 64, 100, 21, 51, 0, 0, 16, 9
0, 33, 35, 48, 64, 74, 92, 100, 100, 97, 80, 65, 60, 33, 43, 0, 1
34, 71, 46, 100, 54, 66, 32, 25, 0, 0, 21, 7, 61, 9, 100, 20, 2
13, 85, 52, 100, 63, 74, 57, 55, 100, 49, 81, 18, 40, 0, 0, 7, 3
19, 59, 22, 8, 60, 0, 92, 31, 100, 78, 65, 100, 27, 88, 0, 51, 0
50, 92, 100, 100, 53, 92, 22, 60, 48, 65, 80, 40, 51, 8, 0, 0, 5
26, 81, 9, 61, 52, 33, 25, 0, 0, 22, 13, 73, 50, 100, 100, 92, 5
100, 95, 83, 100, 29, 98, 0, 66, 27, 57, 75, 46, 64, 12, 17, 0, 5
13, 84, 0, 67, 21, 100, 85, 100, 100, 88, 75, 52, 60, 14, 56, 0, 7
34, 78, 66, 100, 100, 87, 67, 59, 85, 49, 89, 19, 47, 0, 0, 5, 3
100, 94, 76, 100, 36, 67, 3, 30, 31, 0, 90, 15, 59, 46, 0, 34, 6
97, 76, 57, 100, 17, 72, 0, 28, 36, 0, 81, 19, 100, 56, 88, 88, 0
56, 92, 36, 64, 100, 46, 72, 5, 1, 0, 0, 44, 18, 87, 92, 100, 5
28, 94, 63, 100, 84, 69, 66, 30, 42, 0, 0, 25, 47, 38, 100, 37, 7
34, 75, 0, 44, 0, 3, 47, 0, 86, 29, 100, 67, 74, 100, 24, 91, 0
31, 81, 1, 43, 13, 1, 68, 0, 100, 36, 96, 79, 48, 100, 0, 80, 0
100, 100, 45, 83, 14, 61, 0, 38, 3, 14, 66, 0, 97, 15, 21, 7, 6
15, 72, 38, 100, 49, 67, 29, 29, 0, 16, 33, 22, 66, 8, 100, 0, 2
67, 93, 26, 70, 0, 35, 15, 0, 63, 12, 92, 46, 100, 86, 62, 100, 0
65, 100, 7, 99, 0, 69, 62, 73, 77, 72, 100, 35, 63, 8, 2, 0, 9
38, 100, 34, 73, 100, 61, 88, 17, 25, 0, 0, 35, 4, 82, 70, 97, 5
39, 82, 68, 100, 100, 86, 72, 61, 91, 44, 83, 15, 41, 0, 0, 14, 3
30, 100, 17, 80, 0, 43, 43, 32, 85, 53, 100, 75, 82, 38, 67, 0, 4
11, 87, 14, 61, 58, 36, 24, 0, 0, 28, 9, 77, 41, 100, 100, 94, 5
58, 100, 19, 75, 0, 36, 14, 0, 61, 10, 93, 42, 100, 83, 58, 96, 0
8, 93, 96, 100, 52, 95, 12, 73, 35, 61, 100, 39, 83, 0, 0, 5, 5
100, 100, 46, 80, 14, 53, 0, 25, 27, 0, 100, 7, 78, 28, 3, 21, 6
14, 85, 51, 57, 66, 17, 0, 0, 35, 36, 91, 68, 100, 100, 23, 85, 8
100, 80, 100, 100, 77, 97, 63, 77, 43, 58, 29, 38, 11, 19, 0, 0, 1
0, 52, 44, 69, 79, 91, 100, 100, 88, 74, 72, 49, 57, 23, 51, 0, 1
34, 74, 64, 45, 100, 10, 6, 0, 23, 36, 83, 70, 91, 100, 0, 82, 8
2, 85, 40, 100, 81, 72, 64, 26, 38, 0, 0, 35, 46, 38, 100, 39, 7
31, 76, 52, 64, 76, 26, 13, 0, 0, 35, 53, 69, 100, 100, 16, 88, 8
21, 68, 39, 100, 49, 76, 27, 43, 0, 12, 3, 0, 53, 2, 100, 13, 2
95, 67, 69, 100, 26, 94, 0, 51, 11, 7, 60, 0, 100, 28, 94, 75, 0
83, 100, 72, 82, 26, 59, 0, 35, 85, 39, 100, 54, 77, 27, 55, 0, 4
28, 100, 33, 79, 0, 49, 12, 21, 71, 26, 100, 54, 63, 34, 48, 0, 4
0, 63, 24, 100, 62, 81, 42, 37, 3, 6, 1, 9, 51, 2, 100, 0, 2
16, 76, 71, 94, 100, 100, 43, 83, 45, 52, 93, 28, 66, 2, 0, 0, 5
100, 100, 58, 88, 22, 63, 0, 31, 8, 0, 56, 9, 59, 39, 7, 47, 6
47, 85, 76, 100, 83, 73, 56, 53, 100, 38, 90, 11, 44, 0, 0, 7, 3
100, 100, 63, 99, 28, 85, 27, 49, 67, 40, 88, 16, 46, 0, 0, 1, 5
58, 100, 11, 60, 0, 10, 62, 0, 100, 44, 96, 94, 33, 97, 10, 49, 0
15, 46, 48, 82, 66, 100, 59, 48, 37, 7, 0, 2, 51, 0, 100, 6, 1
100, 100, 70, 82, 36, 55, 0, 31, 37, 31, 76, 36, 77, 34, 73, 0, 4
0, 93, 61, 100, 100, 81, 86, 50, 72, 19, 55, 0, 34, 22, 99, 23, 7
38, 99, 0, 55, 5, 1, 70, 0, 100, 49, 78, 100, 23, 84, 13, 30, 0
3, 98, 51, 100, 66, 63, 59, 22, 38, 0, 0, 25, 49, 34, 100, 38, 7
100, 68, 62, 100, 2, 85, 40, 58, 88, 85, 94, 35, 62, 4, 0, 0, 9
56, 99, 18, 67, 0, 27, 33, 0, 84, 22, 100, 61, 82, 99, 32, 100, 0
42, 87, 100, 100, 54, 83, 12, 53, 53, 62, 87, 41, 56, 6, 0, 0, 5
100, 100, 55, 100, 22, 89, 0, 59, 35, 61, 69, 44, 54, 12, 13, 0, 5
12, 60, 0, 28, 29, 0, 74, 10, 100, 41, 94, 79, 56, 100, 16, 84, 0
100, 71, 80, 100, 24, 83, 40, 48, 57, 12, 0, 0, 11, 33, 78, 56, 8
13, 73, 46, 100, 56, 67, 40, 32, 13, 0, 0, 7, 49, 8, 100, 6, 2
66, 100, 26, 99, 42, 77, 86, 95, 87, 64, 100, 25, 60, 0, 0, 1, 9
0, 94, 41, 100, 64, 78, 49, 39, 38, 0, 23, 38, 48, 58, 100, 56, 7
18, 72, 68, 49, 65, 13, 0, 0, 21, 35, 63, 67, 100, 100, 37, 84, 8
16, 98, 10, 90, 0, 42, 27, 0, 85, 9, 100, 55, 69, 98, 11, 100, 0
89, 100, 52, 79, 19, 51, 0, 27, 59, 39, 100, 62, 82, 31, 63, 0, 4
50, 100, 34, 84, 0, 57, 49, 44, 96, 52, 97, 58, 93, 23, 100, 0, 4
81, 92, 29, 100, 11, 78, 72, 82, 100, 70, 94, 31, 60, 1, 0, 0, 9
36, 86, 91, 100, 61, 91, 21, 65, 58, 48, 100, 27, 59, 4, 0, 0, 5
3, 62, 28, 94, 39, 100, 41, 60, 36, 22, 0, 0, 50, 7, 100, 13, 1
96, 70, 76, 100, 46, 73, 98, 69, 100, 64, 98, 24, 52, 0, 0, 2, 9
12, 100, 0, 71, 25, 43, 86, 44, 100, 75, 90, 52, 90, 20, 90, 0, 4
55, 93, 81, 100, 73, 72, 77, 51, 100, 28, 70, 8, 32, 0, 0, 9, 3
100, 82, 29, 97, 14, 62, 60, 22, 0, 0, 27, 39, 99, 72, 77, 100, 8
5, 94, 0, 76, 17, 100, 78, 98, 100, 91, 84, 57, 72, 23, 65, 0, 7
97, 63, 77, 100, 32, 79, 72, 63, 96, 67, 100, 23, 56, 0, 0, 4, 9
100, 100, 58, 92, 22, 68, 0, 39, 8, 7, 55, 0, 74, 28, 34, 48, 6
40, 70, 1, 38, 0, 0, 61, 9, 95, 43, 100, 83, 59, 100, 28, 65, 0
0, 35, 44, 64, 61, 100, 61, 48, 31, 10, 0, 0, 54, 2, 100, 1, 1
77, 96, 0, 100, 21, 61, 90, 30, 62, 0, 12, 24, 56, 62, 100, 100, 8
30, 70, 57, 100, 57, 80, 62, 45, 54, 12, 0, 2, 43, 2, 100, 0, 1
100, 98, 100, 100, 71, 83, 50, 66, 36, 50, 21, 33, 0, 16, 7, 0, 1
30, 85, 0, 47, 9, 5, 66, 0, 100, 36, 100, 79, 56, 100, 39, 60, 0
0, 100, 40, 96, 49, 51, 42, 5, 20, 0, 3, 36, 51, 39, 100, 42, 7
100, 100, 54, 97, 16, 68, 0, 32, 24, 0, 74, 15, 76, 50, 21, 59, 6
49, 100, 25, 79, 0, 48, 84, 46, 100, 64, 66, 70, 57, 35, 56, 0, 4
8, 65, 0, 92, 47, 97, 100, 100, 75, 77, 53, 52, 37, 25, 41, 0, 7
25, 67, 54, 100, 56, 78, 51, 34, 20, 4, 0, 9, 51, 4, 100, 0, 1
90, 72, 64, 100, 24, 72, 75, 57, 94, 75, 100, 30, 61, 0, 0, 2, 9
84, 88, 39, 100, 3, 68, 0, 27, 41, 0, 91, 15, 100, 54, 84, 94, 0
16, 100, 4, 71, 0, 42, 39, 21, 89, 33, 100, 55, 80, 28, 87, 0, 4
54, 92, 0, 100, 16, 65, 66, 35, 72, 0, 22, 15, 56, 51, 100, 84, 8
33, 75, 46, 100, 78, 86, 57, 56, 100, 40, 96, 11, 46, 0, 0, 13, 3
14, 96, 77, 100, 30, 99, 20, 60, 66, 61, 100, 32, 54, 0, 0, 17, 5
81, 71, 97, 100, 36, 89, 74, 72, 95, 74, 100, 34, 59, 6, 0, 0, 9
16, 71, 44, 100, 64, 71, 40, 31, 0, 11, 23, 12, 66, 0, 100, 15, 2
100, 89, 68, 100, 22, 89, 0, 55, 49, 66, 83, 43, 63, 9, 14, 0, 5
34, 100, 17, 85, 0, 38, 27, 0, 82, 9, 100, 53, 60, 87, 5, 89, 0
12, 91, 0, 50, 65, 45, 67, 0, 13, 9, 4, 65, 31, 100, 100, 99, 5
7, 80, 0, 80, 29, 100, 99, 99, 100, 90, 78, 59, 61, 28, 46, 0, 7
0, 62, 19, 71, 69, 91, 100, 100, 71, 75, 50, 50, 29, 25, 12, 0, 1
19, 80, 45, 100, 49, 64, 29, 27, 0, 0, 25, 8, 63, 14, 100, 21, 2
82, 95, 0, 83, 62, 54, 100, 20, 37, 0, 49, 35, 89, 70, 88, 100, 8
10, 84, 64, 100, 98, 70, 71, 34, 36, 0, 0, 30, 30, 55, 100, 49, 7
0, 81, 39, 100, 88, 90, 61, 59, 85, 47, 100, 14, 53, 0, 8, 5, 3
100, 100, 50, 80, 19, 59, 0, 36, 0, 13, 53, 0, 78, 19, 3, 19, 6
7, 68, 23, 100, 0, 51, 15, 1, 80, 0, 100, 48, 64, 91, 1, 89, 0
0, 92, 48, 100, 68, 67, 64, 33, 48, 0, 9, 24, 39, 49, 100, 58, 7
100, 81, 37, 100, 0, 71, 49, 36, 71, 0, 18, 22, 51, 59, 90, 93, 8
37, 100, 20, 83, 0, 59, 37, 42, 100, 47, 93, 48, 70, 24, 50, 0, 4
24, 91, 7, 61, 54, 36, 37, 0, 6, 23, 0, 76, 39, 100, 100, 95, 5
0, 46, 3, 4, 43, 0, 78, 24, 100, 57, 92, 96, 51, 100, 17, 78, 0
0, 54, 26, 89, 36, 100, 32, 61, 40, 22, 4, 0, 40, 3, 100, 4, 1
100, 100, 59, 80, 31, 55, 16, 26, 31, 0, 82, 5, 47, 18, 0, 4, 6
35, 100, 8, 68, 0, 31, 24, 0, 73, 10, 100, 43, 98, 80, 55, 94, 0
29, 100, 24, 75, 0, 48, 27, 33, 89, 37, 87, 51, 89, 22, 100, 0, 4
100, 100, 62, 87, 34, 64, 13, 37, 0, 9, 29, 0, 40, 25, 1, 22, 6
100, 100, 60, 98, 23, 69, 0, 32, 24, 0, 77, 8, 70, 39, 17, 37, 6
0, 96, 54, 100, 99, 80, 86, 42, 67, 6, 34, 0, 36, 25, 100, 36, 7
1, 80, 50, 69, 100, 100, 1, 90, 0, 62, 97, 81, 97, 41, 86, 0, 9
46, 85, 75, 100, 79, 72, 53, 56, 100, 46, 95, 15, 49, 0, 0, 15, 3
0, 91, 43, 100, 89, 95, 100, 59, 84, 23, 66, 0, 38, 32, 84, 33, 7
88, 82, 39, 100, 4, 68, 100, 35, 84, 0, 0, 22, 49, 62, 84, 93, 8
41, 100, 0, 75, 11, 49, 96, 50, 100, 56, 52, 70, 54, 35, 57, 0, 4
60, 100, 20, 91, 32, 52, 45, 12, 0, 0, 5, 35, 53, 54, 100, 73, 8
0, 100, 75, 97, 100, 71, 61, 36, 32, 0, 83, 4, 81, 24, 0, 23, 7
24, 87, 31, 38, 61, 0, 100, 25, 96, 72, 57, 100, 10, 87, 0, 42, 0
0, 75, 4, 98, 64, 100, 100, 92, 72, 70, 46, 48, 27, 24, 25, 0, 7
86, 93, 100, 100, 64, 84, 39, 67, 22, 51, 8, 34, 0, 17, 0, 0, 1
41, 100, 2, 77, 0, 46, 74, 42, 100, 65, 88, 62, 80, 31, 79, 0, 4
16, 100, 12, 92, 0, 69, 38, 52, 100, 57, 96, 46, 82, 24, 75, 0, 4
4, 62, 25, 76, 76, 97, 100, 100, 75, 74, 47, 49, 18, 23, 0, 0, 1
0, 69, 24, 100, 61, 94, 38, 37, 34, 0, 38, 4, 76, 2, 100, 7, 2
77, 100, 37, 78, 0, 53, 48, 37, 100, 40, 92, 60, 87, 28, 97, 0, 4
0, 64, 15, 76, 63, 97, 100, 100, 85, 74, 74, 49, 67, 23, 89, 0, 1
41, 83, 88, 70, 78, 100, 41, 80, 94, 64, 100, 28, 56, 1, 0, 0, 9
72, 91, 29, 94, 52, 47, 61, 0, 0, 17, 45, 56, 100, 93, 45, 100, 8
0, 61, 29, 92, 46, 100, 48, 62, 43, 24, 4, 0, 45, 6, 100, 8, 1
14, 67, 0, 30, 26, 0, 70, 16, 100, 48, 96, 85, 53, 100, 7, 87, 0
17, 86, 1, 59, 18, 11, 72, 0, 100, 42, 82, 90, 28, 100, 0, 56, 0
80, 93, 0, 100, 7, 62, 78, 34, 64, 0, 0, 20, 56, 56, 100, 90, 8
44, 92, 62, 100, 100, 91, 76, 64, 91, 43, 83, 14, 42, 0, 0, 13, 3
50, 80, 76, 100, 93, 83, 78, 62, 100, 38, 82, 12, 42, 0, 0, 9, 3
55, 92, 95, 81, 87, 100, 57, 85, 100, 69, 85, 38, 46, 16, 0, 0, 9
33, 100, 0, 72, 7, 46, 77, 39, 100, 62, 90, 61, 69, 30, 57, 0, 4
43, 100, 18, 71, 0, 39, 35, 22, 100, 32, 98, 63, 76, 31, 58, 0, 4
14, 84, 43, 52, 44, 12, 0, 0, 19, 38, 59, 69, 100, 100, 57, 98, 8
0, 92, 35, 100, 65, 86, 44, 56, 15, 30, 18, 2, 60, 0, 100, 5, 2
100, 93, 66, 100, 40, 81, 39, 51, 76, 45, 72, 14, 37, 0, 0, 4, 5
95, 77, 46, 100, 5, 71, 54, 55, 95, 75, 100, 28, 62, 0, 0, 6, 9
100, 100, 57, 79, 27, 58, 7, 35, 0, 12, 50, 0, 97, 17, 50, 27, 6
0, 84, 45, 100, 100, 95, 99, 65, 65, 38, 24, 15, 29, 1, 86, 0, 2
6, 90, 63, 100, 98, 91, 63, 72, 84, 50, 100, 27, 57, 10, 0, 0, 3
54, 70, 54, 100, 93, 96, 75, 58, 42, 24, 0, 0, 44, 12, 100, 11, 2
88, 100, 53, 80, 22, 54, 0, 27, 9, 0, 100, 7, 44, 18, 6, 4, 6
69, 94, 4, 100, 8, 70, 82, 76, 69, 85, 100, 46, 74, 11, 0, 0, 9
21, 64, 50, 100, 52, 98, 52, 57, 52, 17, 0, 0, 31, 2, 100, 0, 1
0, 77, 15, 100, 46, 100, 45, 64, 31, 31, 35, 0, 67, 1, 100, 8, 2
27, 95, 0, 62, 9, 20, 57, 0, 100, 27, 98, 70, 61, 100, 8, 85, 0
99, 79, 59, 100, 18, 78, 0, 35, 30, 0, 77, 4, 100, 45, 94, 88, 0
6, 100, 54, 99, 66, 59, 48, 18, 25, 0, 0, 38, 49, 43, 100, 42, 7
51, 100, 14, 75, 0, 46, 52, 34, 100, 45, 82, 59, 67, 29, 55, 0, 4
0, 88, 49, 100, 98, 83, 75, 41, 45, 1, 63, 0, 100, 27, 37, 30, 7
100, 93, 72, 100, 30, 96, 0, 71, 22, 64, 59, 52, 50, 18, 17, 0, 5
0, 93, 42, 100, 58, 73, 35, 43, 2, 20, 12, 7, 55, 1, 100, 0, 2
2, 90, 41, 100, 78, 71, 61, 28, 27, 0, 0, 36, 50, 35, 100, 42, 7
100, 100, 77, 97, 45, 71, 17, 43, 0, 12, 32, 0, 62, 24, 24, 29, 6
100, 100, 83, 86, 70, 71, 53, 57, 37, 43, 20, 29, 7, 14, 0, 0, 1
98, 56, 83, 100, 33, 97, 0, 56, 1, 9, 54, 0, 100, 25, 100, 67, 0
100, 100, 71, 89, 39, 64, 15, 35, 11, 0, 50, 1, 40, 30, 0, 27, 6
100, 100, 53, 81, 19, 56, 0, 26, 20, 0, 78, 0, 96, 24, 47, 37, 6
53, 96, 91, 100, 41, 87, 47, 64, 92, 47, 100, 22, 55, 4, 0, 0, 5
17, 74, 2, 33, 25, 0, 75, 22, 100, 59, 96, 99, 40, 100, 0, 71, 0
52, 89, 75, 100, 88, 73, 68, 45, 100, 30, 86, 7, 38, 0, 0, 12, 3
80, 100, 31, 81, 51, 67, 95, 84, 97, 55, 100, 27, 64, 5, 0, 0, 9
100, 100, 67, 99, 37, 69, 14, 35, 8, 0, 50, 9, 36, 31, 0, 6, 6
49, 84, 100, 100, 83, 93, 30, 78, 57, 68, 87, 35, 53, 0, 0, 8, 5
19, 100, 10, 46, 29, 0, 75, 15, 100, 58, 65, 92, 19, 85, 0, 40, 0
0, 53, 34, 88, 88, 100, 100, 67, 63, 31, 16, 3, 41, 0, 98, 4, 2
0, 67, 42, 81, 94, 100, 100, 86, 77, 64, 61, 42, 45, 21, 52, 0, 1
0, 92, 36, 100, 56, 70, 41, 30, 27, 0, 4, 37, 51, 43, 100, 43, 7
100, 95, 40, 100, 31, 63, 73, 29, 45, 0, 0, 17, 45, 49, 94, 81, 8
10, 88, 0, 72, 25, 97, 90, 100, 100, 89, 81, 56, 71, 22, 59, 0, 7
96, 63, 100, 100, 45, 95, 11, 63, 0, 25, 36, 0, 48, 29, 19, 19, 6
2, 70, 23, 100, 50, 79, 32, 35, 0, 1, 10, 0, 54, 0, 100, 1, 2
2, 74, 7, 43, 62, 33, 41, 0, 0, 3, 4, 50, 48, 79, 100, 100, 5
41, 72, 44, 100, 84, 94, 72, 58, 41, 26, 0, 0, 41, 14, 100, 6, 2
8, 78, 36, 100, 48, 72, 28, 38, 0, 9, 11, 3, 57, 0, 100, 6, 2
0, 99, 61, 100, 67, 66, 51, 33, 32, 0, 2, 17, 27, 32, 100, 32, 7
3, 60, 17, 100, 23, 84, 24, 40, 8, 3, 0, 0, 50, 5, 100, 11, 1
18, 75, 49, 100, 96, 93, 72, 62, 100, 49, 95, 15, 46, 0, 0, 15, 3
42, 90, 78, 100, 100, 84, 72, 63, 90, 39, 83, 15, 42, 0, 0, 12, 3
49, 100, 32, 71, 0, 36, 62, 38, 100, 42, 58, 70, 55, 32, 64, 0, 4
100, 78, 67, 100, 25, 78, 64, 67, 94, 66, 93, 26, 54, 0, 0, 1, 9
0, 32, 25, 56, 59, 79, 100, 100, 74, 77, 48, 52, 25, 27, 14, 0, 1
100, 96, 50, 100, 45, 61, 91, 75, 94, 78, 93, 35, 57, 0, 0, 1, 9
17, 61, 43, 100, 47, 92, 51, 48, 57, 3, 0, 2, 42, 3, 100, 0, 1
15, 83, 6, 48, 65, 46, 45, 0, 8, 20, 0, 74, 43, 94, 100, 100, 5
86, 70, 70, 100, 28, 79, 42, 39, 30, 0, 0, 16, 41, 46, 100, 62, 8
77, 82, 48, 100, 31, 73, 100, 38, 85, 0, 0, 22, 61, 57, 97, 92, 8
22, 70, 46, 96, 100, 100, 86, 72, 68, 47, 90, 20, 47, 0, 0, 8, 3
95, 100, 51, 76, 22, 51, 11, 24, 27, 0, 100, 13, 78, 36, 0, 40, 6
45, 85, 34, 63, 100, 53, 71, 9, 3, 0, 0, 50, 4, 97, 79, 100, 5
0, 91, 53, 100, 71, 89, 53, 45, 49, 0, 18, 20, 37, 37, 100, 37, 7
97, 86, 61, 100, 25, 69, 79, 87, 89, 79, 100, 34, 58, 3, 0, 0, 9
100, 71, 54, 62, 46, 90, 85, 100, 89, 63, 74, 27, 42, 0, 0, 11, 9
89, 83, 58, 100, 32, 68, 77, 64, 100, 74, 88, 29, 48, 4, 0, 0, 9
0, 40, 29, 57, 65, 78, 100, 100, 93, 80, 74, 53, 55, 26, 38, 0, 1
7, 64, 39, 98, 47, 100, 47, 59, 44, 18, 0, 0, 37, 4, 100, 4, 1
22, 71, 0, 35, 28, 0, 72, 8, 100, 45, 96, 90, 54, 100, 16, 75, 0
36, 73, 59, 100, 91, 78, 71, 46, 95, 35, 100, 5, 38, 0, 0, 19, 3
66, 89, 93, 100, 80, 69, 68, 48, 100, 23, 80, 0, 40, 1, 0, 6, 3
49, 79, 58, 100, 91, 85, 80, 58, 100, 44, 85, 20, 44, 7, 0, 0, 3
32, 100, 0, 80, 6, 56, 100, 56, 57, 88, 47, 84, 55, 38, 60, 0, 4
93, 81, 43, 100, 22, 69, 63, 36, 60, 0, 0, 2, 33, 31, 100, 47, 8
0, 94, 62, 100, 92, 71, 80, 34, 52, 0, 21, 23, 34, 48, 100, 51, 7
0, 65, 21, 91, 86, 100, 90, 80, 56, 54, 100, 30, 67, 7, 0, 0, 3
81, 100, 6, 97, 38, 62, 100, 30, 58, 0, 0, 22, 42, 61, 96, 96, 8
81, 80, 34, 100, 0, 73, 63, 65, 89, 77, 100, 36, 89, 0, 22, 1, 9
100, 100, 58, 88, 22, 62, 0, 33, 0, 1, 49, 0, 70, 28, 26, 42, 6
75, 89, 29, 97, 0, 63, 2, 24, 45, 0, 89, 23, 100, 62, 85, 100, 0
81, 85, 52, 100, 38, 61, 87, 54, 100, 75, 87, 32, 50, 0, 0, 2, 9
99, 66, 41, 58, 19, 84, 70, 100, 100, 70, 93, 34, 59, 3, 0, 0, 9
100, 99, 68, 100, 32, 67, 8, 31, 24, 0, 69, 21, 34, 46, 0, 22, 6
0, 90, 50, 100, 90, 76, 93, 39, 76, 3, 26, 0, 46, 30, 100, 37, 7
100, 83, 30, 100, 0, 72, 52, 38, 59, 0, 30, 16, 64, 54, 71, 88, 8
16, 100, 0, 68, 5, 36, 57, 25, 100, 35, 78, 61, 47, 33, 34, 0, 4
47, 99, 11, 74, 0, 31, 30, 0, 75, 6, 100, 42, 89, 85, 49, 100, 0
46, 100, 7, 83, 0, 51, 66, 52, 100, 82, 76, 63, 47, 32, 22, 0, 4
90, 100, 45, 93, 66, 75, 94, 92, 100, 53, 92, 16, 49, 0, 0, 0, 9
45, 74, 45, 96, 90, 100, 76, 62, 46, 28, 0, 0, 38, 18, 100, 2, 2
3, 71, 38, 100, 45, 92, 42, 56, 38, 20, 0, 1, 32, 0, 100, 3, 1
45, 100, 44, 81, 7, 51, 0, 31, 68, 35, 100, 52, 89, 34, 80, 0, 4
0, 61, 38, 73, 77, 90, 100, 100, 78, 76, 58, 51, 41, 25, 26, 0, 1
28, 81, 71, 63, 100, 26, 32, 0, 0, 28, 42, 64, 85, 100, 12, 87, 8
30, 91, 51, 64, 61, 25, 6, 0, 0, 34, 49, 67, 100, 100, 43, 95, 8
24, 100, 25, 58, 64, 36, 45, 0, 13, 23, 0, 65, 44, 90, 100, 100, 5
14, 96, 0, 62, 53, 40, 65, 0, 26, 3, 17, 54, 33, 97, 100, 100, 5
0, 73, 59, 85, 100, 100, 84, 80, 72, 60, 59, 40, 50, 20, 53, 0, 1
72, 100, 49, 96, 0, 73, 4, 56, 86, 48, 100, 48, 53, 25, 23, 0, 4
0, 66, 23, 73, 63, 90, 100, 100, 81, 75, 63, 50, 44, 25, 31, 0, 1
31, 87, 80, 100, 45, 88, 27, 63, 75, 45, 100, 20, 56, 2, 0, 0, 5
16, 65, 29, 100, 59, 83, 38, 41, 0, 12, 8, 16, 55, 0, 100, 7, 2
89, 91, 34, 100, 39, 66, 74, 31, 49, 0, 0, 19, 46, 49, 100, 76, 8
9, 100, 7, 97, 0, 66, 100, 58, 78, 84, 46, 74, 39, 37, 39, 0, 4
23, 90, 55, 100, 54, 66, 26, 40, 0, 31, 32, 19, 65, 2, 100, 0, 2
0, 52, 44, 70, 69, 100, 69, 72, 51, 41, 20, 11, 9, 1, 100, 0, 1
19, 70, 0, 86, 46, 100, 94, 92, 100, 68, 83, 44, 59, 22, 41, 0, 9
32, 78, 59, 100, 91, 88, 68, 58, 100, 41, 94, 12, 43, 0, 0, 10, 3
53, 100, 5, 82, 0, 56, 81, 52, 100, 72, 66, 91, 54, 44, 44, 0, 4
44, 100, 19, 82, 0, 59, 47, 48, 100, 59, 80, 46, 54, 24, 41, 0, 4
63, 88, 87, 80, 71, 100, 71, 78, 100, 61, 99, 21, 52, 0, 0, 12, 9
50, 83, 74, 47, 90, 0, 41, 4, 59, 49, 100, 85, 47, 100, 0, 71, 8
2, 72, 33, 100, 58, 79, 34, 46, 3, 15, 0, 2, 53, 0, 100, 10, 2
14, 99, 8, 54, 73, 46, 44, 0, 0, 17, 1, 81, 44, 99, 100, 100, 5
0, 100, 59, 100, 81, 88, 60, 45, 52, 0, 31, 7, 24, 32, 100, 33, 7
100, 70, 49, 55, 15, 73, 53, 100, 93, 85, 80, 46, 48, 14, 0, 0, 9
1, 63, 14, 100, 56, 87, 38, 42, 0, 9, 2, 2, 51, 5, 100, 0, 2
38, 100, 37, 81, 12, 55, 0, 28, 52, 27, 100, 42, 86, 26, 65, 0, 4
20, 85, 62, 100, 71, 72, 45, 52, 98, 47, 100, 17, 53, 0, 0, 0, 3
45, 100, 10, 67, 7, 16, 56, 0, 100, 31, 91, 79, 38, 95, 0, 61, 0
0, 79, 51, 59, 100, 29, 51, 0, 22, 26, 51, 60, 73, 94, 9, 100, 8
100, 92, 64, 100, 37, 77, 20, 50, 11, 21, 22, 0, 35, 26, 0, 40, 6
31, 88, 5, 50, 4, 8, 57, 0, 100, 30, 100, 71, 56, 100, 0, 92, 0
100, 100, 55, 98, 26, 81, 40, 67, 78, 55, 74, 25, 43, 1, 0, 0, 5
18, 78, 53, 100, 90, 81, 43, 57, 90, 55, 100, 22, 52, 0, 0, 16, 3
62, 76, 23, 100, 0, 67, 67, 35, 89, 0, 22, 22, 56, 60, 100, 96, 8
60, 98, 34, 56, 99, 66, 74, 100, 58, 65, 100, 58, 66, 0, 0, 8, 9
26, 52, 16, 8, 63, 0, 100, 34, 99, 81, 54, 100, 6, 82, 0, 38, 0
0, 77, 13, 100, 57, 99, 60, 64, 38, 30, 11, 2, 57, 0, 100, 6, 2
13, 98, 0, 74, 51, 57, 32, 0, 2, 22, 4, 85, 41, 100, 100, 100, 5
6, 83, 0, 39, 24, 0, 73, 11, 100, 51, 82, 94, 35, 100, 6, 62, 0
1, 90, 0, 54, 20, 16, 68, 0, 100, 31, 99, 71, 61, 100, 26, 75, 0
39, 94, 0, 31, 42, 0, 100, 43, 95, 100, 30, 69, 49, 53, 30, 28, 0
56, 100, 100, 98, 27, 97, 24, 66, 78, 48, 95, 11, 32, 0, 0, 26, 5
0, 37, 14, 70, 27, 100, 26, 64, 24, 28, 3, 0, 18, 5, 100, 12, 1
7, 90, 55, 100, 93, 82, 79, 54, 41, 31, 0, 10, 40, 0, 100, 0, 3
87, 90, 38, 100, 0, 82, 46, 71, 100, 71, 73, 47, 38, 24, 27, 0, 9
100, 100, 69, 96, 38, 66, 14, 33, 19, 0, 68, 3, 52, 32, 0, 25, 6
0, 94, 32, 100, 77, 98, 100, 81, 83, 60, 60, 40, 38, 20, 22, 0, 7
0, 97, 54, 100, 84, 70, 76, 35, 59, 0, 35, 15, 33, 39, 100, 41, 7
0, 99, 42, 100, 23, 75, 2, 50, 23, 27, 93, 43, 81, 25, 100, 0, 4
23, 97, 0, 53, 20, 6, 66, 0, 100, 35, 98, 84, 53, 100, 9, 81, 0
81, 76, 15, 100, 0, 65, 100, 33, 65, 0, 10, 28, 90, 64, 73, 94, 8
63, 100, 31, 66, 0, 31, 28, 22, 94, 30, 100, 68, 82, 38, 81, 0, 4
68, 93, 24, 82, 28, 39, 45, 3, 0, 0, 8, 66, 48, 99, 100, 100, 5
10, 58, 26, 99, 67, 100, 59, 57, 29, 22, 0, 0, 50, 7, 100, 0, 2
95, 68, 75, 100, 43, 74, 84, 66, 100, 52, 87, 12, 39, 0, 0, 21, 9
27, 87, 18, 44, 33, 0, 79, 0, 100, 42, 82, 85, 32, 100, 0, 66, 0
0, 63, 19, 73, 58, 97, 65, 100, 58, 73, 50, 48, 54, 22, 100, 0, 1
0, 22, 21, 46, 61, 73, 100, 100, 91, 88, 61, 59, 39, 30, 24, 0, 1
23, 74, 42, 38, 51, 0, 0, 7, 26, 42, 81, 69, 100, 97, 25, 100, 8
14, 81, 0, 41, 34, 0, 87, 3, 100, 56, 70, 100, 20, 99, 7, 49, 0
0, 51, 47, 70, 79, 100, 75, 82, 67, 46, 56, 11, 42, 2, 100, 0, 1
59, 54, 100, 82, 84, 100, 68, 62, 57, 24, 0, 0, 2, 0, 84, 4, 1
40, 82, 58, 100, 79, 77, 57, 62, 100, 44, 83, 16, 37, 0, 0, 11, 3
0, 100, 67, 100, 100, 80, 70, 43, 42, 4, 12, 0, 23, 30, 92, 35, 7
51, 97, 10, 75, 0, 32, 34, 0, 84, 15, 100, 56, 71, 92, 18, 100, 0
22, 70, 64, 98, 59, 100, 52, 62, 39, 25, 0, 0, 23, 4, 100, 5, 1
100, 100, 58, 81, 24, 56, 0, 28, 11, 0, 64, 3, 62, 25, 7, 25, 6
100, 100, 60, 85, 72, 61, 96, 91, 95, 59, 79, 24, 43, 1, 0, 0, 9
12, 89, 0, 48, 64, 45, 71, 0, 26, 8, 6, 59, 30, 100, 100, 98, 5
95, 59, 74, 100, 6, 96, 0, 52, 64, 59, 100, 70, 73, 26, 15, 0, 9
0, 25, 52, 58, 76, 98, 15, 100, 54, 64, 100, 29, 49, 0, 9, 28, 8
100, 85, 48, 67, 0, 74, 32, 100, 77, 92, 80, 61, 77, 30, 75, 0, 9
4, 58, 0, 22, 46, 0, 99, 17, 100, 54, 72, 88, 20, 100, 7, 66, 0
0, 100, 55, 100, 100, 89, 72, 57, 46, 25, 33, 0, 10, 32, 69, 32, 7
33, 77, 0, 60, 75, 69, 78, 26, 12, 0, 15, 46, 23, 93, 100, 100, 5
45, 100, 18, 74, 0, 44, 59, 35, 100, 52, 95, 62, 75, 32, 70, 0, 4
0, 50, 42, 71, 81, 95, 100, 100, 74, 75, 52, 50, 39, 25, 39, 0, 1
96, 65, 63, 100, 0, 80, 35, 48, 87, 74, 100, 39, 75, 0, 0, 2, 9
47, 88, 98, 100, 81, 93, 31, 76, 61, 54, 100, 31, 56, 7, 0, 0, 5
40, 100, 7, 58, 51, 41, 13, 0, 0, 25, 5, 75, 35, 98, 100, 98, 5
93, 67, 83, 100, 35, 88, 71, 85, 100, 93, 72, 59, 39, 28, 0, 0, 9
5, 87, 50, 100, 100, 98, 73, 75, 36, 56, 65, 36, 44, 15, 0, 0, 3
54, 75, 36, 100, 78, 94, 62, 55, 25, 26, 0, 11, 49, 4, 100, 0, 2
20, 100, 8, 74, 0, 44, 19, 23, 68, 26, 100, 45, 74, 29, 64, 0, 4
38, 76, 0, 91, 39, 45, 75, 0, 24, 12, 58, 58, 100, 100, 37, 94, 8
100, 98, 54, 100, 13, 83, 11, 49, 53, 55, 73, 27, 46, 0, 0, 5, 5
12, 52, 65, 54, 100, 23, 47, 0, 39, 33, 74, 67, 68, 100, 0, 90, 8
0, 88, 61, 68, 100, 90, 14, 100, 24, 79, 80, 54, 46, 25, 3, 0, 9
52, 81, 86, 100, 89, 72, 63, 53, 100, 42, 85, 11, 43, 0, 0, 11, 3
32, 84, 79, 64, 85, 100, 35, 78, 74, 68, 100, 37, 82, 0, 0, 0, 9
68, 100, 41, 94, 13, 61, 0, 27, 32, 0, 100, 20, 60, 32, 9, 7, 6
29, 79, 80, 70, 75, 100, 16, 79, 91, 78, 100, 46, 81, 10, 0, 0, 9
100, 100, 54, 83, 23, 56, 5, 24, 32, 0, 77, 11, 46, 34, 0, 28, 6
21, 79, 14, 100, 61, 75, 51, 35, 0, 12, 16, 10, 79, 0, 100, 30, 2
66, 98, 24, 78, 0, 35, 24, 0, 74, 20, 100, 61, 79, 100, 29, 92, 0
23, 93, 30, 64, 90, 36, 59, 0, 12, 12, 0, 54, 13, 91, 100, 100, 5
0, 96, 31, 100, 81, 93, 76, 48, 56, 1, 44, 0, 49, 32, 100, 35, 7
16, 90, 0, 46, 67, 42, 88, 2, 29, 0, 7, 49, 18, 93, 100, 100, 5
98, 100, 40, 87, 9, 55, 0, 21, 47, 0, 100, 22, 39, 31, 7, 4, 6
0, 62, 33, 81, 70, 99, 100, 100, 85, 75, 67, 50, 51, 25, 37, 0, 1
0, 63, 37, 44, 42, 6, 1, 0, 25, 36, 65, 67, 100, 100, 46, 80, 8
2, 59, 0, 86, 41, 100, 100, 100, 88, 79, 59, 55, 38, 28, 35, 0, 7
11, 99, 57, 100, 66, 54, 41, 8, 51, 0, 100, 29, 59, 41, 0, 51, 7
0, 83, 28, 100, 59, 88, 42, 57, 22, 28, 31, 0, 70, 1, 100, 2, 2
14, 78, 7, 33, 40, 0, 84, 15, 100, 61, 72, 100, 26, 100, 0, 60, 0
0, 57, 24, 71, 64, 94, 100, 100, 92, 75, 80, 50, 76, 24, 84, 0, 1
42, 85, 24, 51, 75, 38, 52, 4, 0, 0, 17, 49, 50, 85, 100, 100, 5
78, 100, 26, 100, 0, 64, 3, 24, 46, 0, 93, 18, 100, 59, 87, 97, 0
8, 95, 97, 100, 43, 94, 2, 69, 47, 64, 100, 38, 72, 0, 0, 19, 5
37, 61, 0, 70, 22, 92, 60, 100, 91, 85, 100, 57, 91, 28, 80, 0, 9
0, 30, 24, 54, 52, 77, 78, 100, 100, 99, 88, 66, 74, 33, 64, 0, 1
6, 100, 60, 98, 62, 56, 35, 15, 45, 0, 100, 26, 69, 40, 0, 38, 7
15, 58, 0, 19, 33, 0, 71, 18, 100, 52, 93, 93, 54, 100, 15, 85, 0
4, 85, 64, 100, 96, 72, 68, 34, 44, 0, 100, 31, 87, 44, 0, 41, 7
3, 90, 54, 100, 100, 90, 82, 70, 64, 49, 72, 28, 62, 9, 0, 0, 3
0, 49, 37, 66, 71, 87, 100, 100, 87, 75, 75, 50, 61, 25, 51, 0, 1
41, 96, 19, 61, 66, 43, 42, 2, 0, 0, 18, 51, 49, 89, 100, 100, 5
13, 52, 35, 92, 40, 100, 43, 57, 45, 13, 0, 0, 51, 1, 100, 0, 1
100, 91, 53, 100, 48, 69, 93, 88, 93, 65, 87, 24, 49, 0, 0, 14, 9
7, 70, 36, 100, 55, 98, 48, 61, 44, 24, 0, 0, 35, 6, 100, 5, 1
22, 100, 16, 99, 0, 70, 11, 40, 78, 38, 100, 61, 97, 30, 94, 0, 4
14, 56, 27, 100, 42, 69, 26, 27, 0, 5, 33, 0, 67, 0, 100, 1, 2
17, 94, 97, 100, 45, 94, 20, 67, 47, 73, 100, 42, 68, 0, 0, 16, 5
43, 100, 31, 73, 0, 45, 20, 25, 79, 24, 100, 46, 91, 31, 98, 0, 4
0, 77, 27, 100, 54, 89, 33, 60, 11, 32, 16, 3, 58, 0, 100, 3, 2
0, 94, 63, 100, 100, 96, 81, 49, 82, 0, 44, 14, 11, 44, 89, 47, 7
