@relation penbased-5
@attribute At1 integer [0, 100]
@attribute At2 integer [0, 100]
@attribute At3 integer [0, 100]
@attribute At4 integer [0, 100]
@attribute At5 integer [0, 100]
@attribute At6 integer [0, 100]
@attribute At7 integer [0, 100]
@attribute At8 integer [0, 100]
@attribute At9 integer [0, 100]
@attribute At10 integer [0, 100]
@attribute At11 integer [0, 100]
@attribute At12 integer [0, 100]
@attribute At13 integer [0, 100]
@attribute At14 integer [0, 100]
@attribute At15 integer [0, 100]
@attribute At16 integer [0, 100]
@attribute Class {0, 1, 2, 3, 4, 5, 6, 7, 8, 9}
@inputs At1, At2, At3, At4, At5, At6, At7, At8, At9, At10, At11, At12, At13, At14, At15, At16
@outputs Class
@data
24, 66, 43, 100, 59, 65, 34, 28, 0, 1, 16, 11, 58, 0, 100, 1, 2
73, 62, 53, 100, 0, 72, 82, 39, 100, 0, 15, 14, 52, 57, 90, 94, 8
46, 100, 10, 83, 34, 64, 100, 77, 71, 82, 49, 54, 22, 27, 0, 0, 4
0, 0, 31, 15, 63, 30, 88, 52, 100, 79, 82, 100, 56, 82, 79, 64, 9
64, 93, 0, 67, 97, 67, 89, 100, 14, 70, 100, 68, 96, 36, 28, 0, 9
100, 79, 67, 100, 26, 76, 41, 38, 47, 0, 0, 8, 38, 38, 96, 58, 8
37, 91, 84, 100, 100, 96, 52, 87, 32, 57, 74, 38, 41, 1, 0, 0, 5
32, 100, 12, 76, 0, 48, 1, 21, 39, 0, 100, 9, 64, 21, 18, 3, 6
21, 88, 0, 57, 88, 58, 88, 18, 15, 0, 8, 42, 12, 83, 100, 100, 5
0, 100, 54, 98, 91, 85, 71, 52, 62, 17, 74, 0, 100, 32, 42, 37, 7
0, 65, 38, 79, 62, 100, 72, 86, 77, 65, 79, 43, 83, 21, 100, 0, 1
40, 72, 16, 50, 96, 69, 70, 100, 0, 73, 65, 57, 100, 47, 94, 0, 9
100, 100, 63, 78, 28, 53, 0, 27, 4, 0, 60, 1, 78, 22, 24, 21, 6
14, 91, 9, 52, 28, 10, 74, 0, 100, 38, 86, 81, 43, 100, 0, 80, 0
22, 55, 10, 60, 0, 18, 46, 0, 89, 28, 100, 70, 68, 100, 29, 69, 0
13, 68, 15, 30, 42, 0, 86, 19, 100, 56, 84, 90, 33, 100, 0, 73, 0
96, 100, 52, 95, 48, 76, 96, 98, 100, 85, 71, 54, 39, 25, 0, 0, 9
53, 87, 32, 47, 98, 64, 69, 100, 58, 69, 100, 61, 71, 3, 0, 0, 9
0, 42, 30, 56, 59, 72, 86, 94, 100, 100, 80, 68, 62, 35, 53, 0, 1
73, 85, 31, 65, 0, 0, 52, 9, 100, 57, 82, 100, 81, 78, 38, 25, 0
30, 98, 16, 60, 53, 28, 46, 0, 13, 29, 0, 68, 27, 95, 100, 100, 5
24, 100, 100, 99, 93, 78, 64, 48, 39, 17, 19, 0, 0, 31, 72, 38, 7
84, 100, 46, 98, 13, 60, 0, 19, 53, 0, 100, 32, 33, 36, 10, 4, 6
0, 91, 46, 100, 85, 80, 91, 40, 88, 0, 99, 22, 100, 52, 50, 49, 7
47, 91, 37, 63, 65, 27, 21, 0, 9, 40, 0, 91, 49, 100, 100, 91, 5
84, 93, 20, 100, 22, 50, 44, 0, 0, 22, 54, 59, 100, 95, 27, 97, 8
0, 89, 47, 100, 89, 87, 74, 61, 45, 37, 15, 14, 43, 0, 100, 1, 2
38, 92, 15, 72, 42, 44, 25, 0, 0, 8, 8, 61, 40, 93, 100, 100, 5
27, 92, 22, 53, 58, 28, 18, 0, 0, 32, 13, 85, 50, 98, 100, 100, 5
33, 93, 8, 58, 0, 20, 35, 0, 78, 21, 100, 55, 94, 93, 48, 100, 0
49, 54, 100, 78, 65, 100, 0, 82, 12, 60, 90, 64, 95, 33, 86, 0, 9
34, 79, 66, 100, 83, 72, 52, 51, 100, 49, 91, 13, 43, 0, 0, 14, 3
0, 68, 73, 45, 100, 8, 20, 0, 37, 38, 92, 72, 85, 100, 7, 81, 8
0, 89, 41, 94, 87, 100, 100, 98, 80, 75, 68, 50, 59, 25, 60, 0, 7
76, 85, 0, 100, 16, 63, 81, 31, 69, 0, 6, 25, 34, 64, 100, 95, 8
0, 95, 52, 100, 100, 79, 83, 44, 67, 8, 45, 0, 3, 30, 84, 38, 7
92, 100, 61, 85, 31, 57, 10, 29, 21, 0, 100, 7, 69, 27, 0, 13, 6
0, 84, 34, 100, 67, 85, 60, 44, 31, 19, 26, 20, 64, 13, 100, 0, 2
13, 78, 45, 100, 97, 87, 69, 58, 76, 47, 100, 15, 49, 0, 0, 19, 3
0, 88, 41, 100, 73, 80, 64, 40, 49, 0, 40, 13, 49, 42, 100, 46, 7
45, 92, 19, 94, 42, 68, 58, 100, 89, 69, 100, 24, 55, 0, 0, 3, 9
100, 100, 66, 100, 25, 69, 0, 35, 14, 0, 77, 0, 72, 34, 10, 51, 6
93, 100, 5, 96, 42, 65, 85, 32, 58, 0, 0, 14, 36, 47, 100, 74, 8
30, 81, 70, 100, 69, 65, 39, 31, 0, 5, 7, 18, 52, 0, 100, 4, 2
63, 77, 30, 100, 0, 59, 12, 13, 67, 0, 100, 37, 88, 83, 34, 88, 0
0, 83, 11, 100, 56, 93, 53, 67, 66, 42, 100, 20, 73, 1, 16, 0, 3
22, 75, 47, 100, 74, 82, 47, 53, 84, 44, 100, 17, 54, 0, 0, 9, 3
44, 83, 70, 100, 93, 77, 59, 50, 93, 44, 100, 16, 53, 0, 0, 3, 3
29, 72, 52, 100, 63, 58, 39, 17, 0, 0, 18, 17, 59, 10, 100, 3, 2
64, 100, 34, 73, 100, 39, 94, 3, 0, 0, 38, 38, 90, 74, 76, 95, 8
7, 89, 0, 45, 16, 5, 51, 0, 84, 20, 100, 61, 84, 100, 50, 98, 0
0, 99, 51, 100, 100, 96, 72, 59, 56, 16, 41, 0, 24, 39, 81, 50, 7
0, 95, 50, 100, 100, 86, 90, 49, 66, 15, 49, 0, 23, 32, 76, 41, 7
80, 100, 31, 86, 63, 74, 100, 95, 83, 70, 81, 41, 56, 15, 0, 0, 9
86, 71, 72, 100, 32, 75, 55, 35, 42, 0, 0, 17, 48, 45, 100, 70, 8
40, 67, 54, 100, 91, 85, 69, 49, 34, 20, 0, 0, 49, 1, 100, 0, 2
8, 92, 58, 64, 100, 30, 73, 0, 12, 22, 0, 61, 3, 97, 90, 100, 5
68, 46, 89, 75, 52, 100, 0, 80, 6, 53, 72, 54, 100, 33, 89, 0, 9
29, 97, 31, 70, 61, 42, 50, 0, 0, 20, 17, 60, 41, 98, 100, 100, 5
0, 64, 48, 80, 100, 100, 95, 87, 76, 65, 67, 43, 57, 22, 71, 0, 1
53, 79, 44, 55, 22, 10, 0, 0, 32, 36, 66, 69, 100, 100, 61, 83, 8
0, 12, 50, 48, 84, 87, 24, 100, 29, 65, 100, 35, 84, 0, 9, 11, 8
99, 68, 58, 100, 0, 78, 47, 42, 100, 9, 39, 0, 47, 41, 100, 73, 8
100, 94, 54, 96, 9, 100, 0, 60, 43, 52, 72, 24, 41, 0, 13, 8, 5
38, 63, 74, 100, 11, 86, 34, 43, 67, 0, 0, 7, 27, 48, 100, 76, 8
78, 99, 0, 100, 17, 63, 57, 28, 47, 0, 7, 31, 45, 65, 100, 95, 8
43, 75, 61, 100, 94, 86, 75, 47, 43, 14, 0, 2, 49, 0, 100, 1, 2
14, 99, 16, 67, 67, 33, 74, 0, 0, 17, 44, 48, 100, 77, 39, 100, 8
42, 100, 22, 76, 0, 52, 26, 34, 82, 41, 100, 47, 74, 24, 57, 0, 4
27, 100, 34, 93, 0, 62, 25, 44, 100, 44, 91, 65, 68, 32, 51, 0, 4
100, 86, 63, 100, 20, 78, 22, 43, 76, 47, 90, 13, 36, 0, 0, 24, 5
82, 100, 35, 78, 97, 39, 94, 0, 0, 1, 39, 42, 100, 81, 40, 94, 8
100, 100, 49, 80, 15, 54, 0, 25, 26, 0, 86, 7, 62, 24, 0, 19, 6
0, 91, 34, 100, 65, 83, 43, 56, 12, 36, 25, 13, 63, 7, 100, 0, 2
17, 82, 3, 39, 30, 0, 81, 8, 100, 49, 74, 90, 24, 100, 0, 61, 0
0, 78, 36, 100, 79, 99, 85, 67, 70, 41, 100, 16, 63, 0, 24, 16, 3
100, 77, 57, 100, 0, 81, 20, 50, 79, 66, 86, 68, 81, 31, 84, 0, 9
70, 91, 25, 69, 0, 35, 6, 0, 58, 0, 97, 25, 100, 63, 85, 100, 0
64, 92, 3, 100, 25, 62, 44, 23, 0, 0, 1, 30, 55, 58, 100, 90, 8
98, 89, 48, 100, 29, 65, 58, 25, 6, 0, 0, 31, 53, 63, 100, 91, 8
0, 86, 46, 100, 100, 76, 81, 38, 58, 0, 53, 6, 8, 38, 83, 40, 7
46, 94, 13, 69, 0, 28, 32, 0, 77, 7, 100, 44, 85, 83, 43, 100, 0
83, 85, 57, 77, 60, 83, 65, 100, 72, 55, 87, 10, 0, 0, 100, 2, 1
3, 79, 36, 59, 88, 39, 66, 0, 15, 14, 0, 55, 27, 89, 100, 100, 5
32, 94, 23, 68, 60, 34, 33, 0, 0, 26, 17, 69, 41, 98, 100, 100, 5
0, 100, 51, 85, 100, 74, 63, 37, 26, 0, 15, 12, 38, 31, 100, 37, 7
21, 100, 0, 64, 2, 23, 40, 0, 86, 18, 100, 56, 75, 91, 30, 81, 0
100, 89, 52, 100, 25, 71, 45, 34, 38, 0, 0, 17, 34, 47, 76, 71, 8
0, 64, 37, 82, 85, 99, 100, 100, 85, 75, 76, 50, 70, 24, 67, 0, 1
27, 82, 5, 39, 30, 0, 80, 15, 100, 59, 74, 100, 23, 95, 0, 53, 0
36, 100, 19, 61, 0, 27, 80, 28, 100, 52, 73, 90, 70, 45, 69, 0, 4
98, 78, 44, 76, 40, 100, 91, 98, 100, 69, 79, 42, 44, 18, 0, 0, 9
71, 100, 29, 69, 0, 32, 24, 0, 76, 18, 100, 56, 85, 95, 31, 98, 0
0, 99, 91, 100, 79, 69, 60, 35, 50, 0, 17, 3, 9, 28, 100, 37, 7
75, 100, 46, 69, 22, 37, 12, 3, 66, 0, 100, 26, 45, 34, 0, 13, 6
56, 80, 5, 100, 10, 65, 87, 33, 71, 0, 0, 22, 58, 59, 100, 97, 8
22, 100, 9, 68, 0, 35, 22, 16, 100, 18, 88, 37, 50, 33, 57, 0, 4
9, 100, 9, 77, 0, 46, 2, 22, 81, 29, 100, 35, 56, 31, 59, 0, 4
3, 70, 0, 25, 41, 0, 89, 18, 100, 61, 75, 100, 25, 100, 14, 58, 0
56, 86, 100, 100, 64, 92, 18, 73, 48, 62, 81, 38, 50, 7, 0, 0, 5
75, 87, 39, 100, 30, 65, 83, 75, 100, 70, 91, 31, 57, 0, 0, 9, 9
15, 80, 0, 46, 20, 7, 67, 0, 100, 33, 93, 76, 53, 100, 16, 75, 0
0, 92, 44, 100, 80, 88, 43, 67, 71, 45, 100, 23, 54, 7, 2, 0, 3
47, 74, 68, 100, 100, 88, 74, 60, 62, 34, 96, 18, 52, 0, 0, 4, 3
0, 99, 8, 99, 70, 100, 100, 99, 60, 78, 33, 52, 15, 25, 22, 0, 7
21, 69, 49, 100, 87, 85, 69, 45, 32, 16, 0, 8, 50, 7, 100, 0, 2
100, 100, 79, 89, 57, 75, 36, 60, 14, 44, 0, 29, 0, 13, 29, 0, 1
9, 100, 4, 64, 0, 24, 28, 0, 69, 18, 100, 49, 92, 84, 46, 90, 0
0, 91, 19, 97, 69, 100, 100, 85, 84, 62, 59, 41, 33, 21, 7, 0, 7
22, 100, 0, 80, 19, 55, 73, 48, 100, 68, 63, 57, 41, 29, 26, 0, 4
49, 93, 0, 55, 28, 74, 63, 100, 62, 50, 59, 3, 24, 1, 100, 0, 1
27, 70, 37, 100, 72, 87, 63, 48, 35, 16, 0, 10, 50, 10, 100, 0, 2
3, 92, 12, 64, 60, 28, 18, 0, 0, 32, 67, 55, 100, 91, 33, 100, 8
100, 100, 59, 92, 25, 65, 0, 33, 4, 0, 53, 2, 48, 30, 1, 33, 6
13, 59, 0, 63, 42, 82, 90, 100, 100, 80, 80, 54, 59, 27, 45, 0, 1
23, 67, 31, 94, 90, 100, 80, 75, 76, 44, 100, 14, 56, 0, 0, 5, 3
0, 82, 38, 100, 74, 76, 49, 36, 15, 0, 6, 11, 35, 38, 100, 43, 7
16, 68, 31, 100, 76, 82, 70, 40, 28, 13, 0, 4, 55, 3, 100, 0, 2
43, 100, 30, 87, 0, 57, 51, 61, 100, 75, 80, 62, 50, 31, 23, 0, 4
46, 95, 0, 94, 18, 100, 94, 92, 59, 61, 4, 32, 49, 7, 100, 0, 2
0, 89, 26, 100, 35, 51, 32, 0, 13, 13, 22, 32, 60, 40, 100, 46, 7
100, 100, 53, 84, 18, 58, 0, 28, 19, 0, 76, 4, 84, 27, 24, 27, 6
30, 93, 70, 100, 88, 63, 86, 23, 85, 0, 100, 30, 50, 34, 0, 34, 7
4, 86, 54, 100, 85, 72, 80, 32, 76, 0, 100, 37, 48, 40, 0, 38, 7
72, 100, 30, 84, 7, 61, 0, 37, 49, 30, 100, 42, 74, 23, 70, 0, 4
0, 100, 7, 88, 0, 58, 18, 34, 57, 30, 95, 39, 87, 24, 100, 0, 4
0, 85, 43, 100, 100, 95, 85, 74, 44, 57, 33, 37, 50, 16, 9, 0, 3
100, 100, 54, 81, 19, 59, 0, 34, 11, 9, 71, 0, 84, 17, 17, 17, 6
0, 97, 62, 100, 99, 84, 77, 50, 62, 15, 52, 0, 26, 33, 100, 38, 7
0, 79, 35, 100, 87, 99, 100, 71, 63, 46, 23, 24, 46, 4, 98, 0, 2
17, 68, 27, 100, 68, 86, 54, 49, 21, 20, 0, 5, 50, 4, 100, 0, 2
52, 75, 69, 100, 93, 77, 68, 43, 34, 15, 0, 1, 50, 2, 100, 0, 2
100, 75, 60, 100, 0, 85, 14, 53, 75, 68, 88, 78, 73, 39, 71, 0, 9
38, 93, 100, 100, 85, 93, 24, 83, 41, 48, 95, 31, 48, 0, 0, 12, 5
0, 24, 43, 47, 75, 73, 100, 100, 71, 82, 43, 55, 18, 28, 3, 0, 1
100, 77, 61, 100, 21, 79, 71, 70, 81, 73, 78, 33, 53, 0, 0, 2, 9
62, 100, 100, 98, 77, 61, 45, 28, 39, 0, 79, 25, 50, 57, 0, 72, 8
62, 44, 98, 76, 65, 100, 3, 84, 0, 52, 70, 49, 100, 35, 84, 0, 9
31, 85, 51, 100, 78, 80, 64, 63, 100, 41, 84, 11, 41, 0, 0, 10, 3
25, 40, 21, 0, 60, 4, 89, 35, 100, 75, 71, 100, 30, 90, 0, 63, 0
4, 71, 29, 40, 44, 0, 17, 1, 0, 42, 9, 80, 50, 99, 100, 100, 5
25, 86, 19, 83, 0, 41, 14, 0, 71, 16, 100, 55, 78, 95, 12, 100, 0
27, 86, 31, 62, 41, 100, 40, 55, 46, 10, 0, 0, 45, 2, 100, 5, 1
57, 100, 51, 71, 10, 47, 0, 43, 54, 36, 100, 48, 85, 33, 71, 0, 4
52, 92, 91, 100, 100, 74, 77, 48, 41, 27, 0, 9, 35, 1, 89, 0, 2
0, 69, 23, 83, 82, 100, 100, 95, 86, 70, 75, 44, 62, 19, 64, 0, 1
46, 99, 12, 70, 0, 31, 24, 0, 70, 4, 100, 36, 94, 76, 60, 100, 0
46, 94, 100, 100, 64, 97, 17, 76, 22, 53, 70, 33, 56, 3, 0, 0, 5
33, 61, 41, 100, 41, 95, 39, 55, 37, 16, 0, 0, 50, 3, 100, 8, 1
100, 94, 29, 84, 32, 41, 59, 0, 0, 1, 42, 38, 87, 74, 52, 100, 8
0, 85, 26, 100, 74, 89, 62, 64, 61, 39, 100, 21, 64, 4, 7, 0, 3
48, 96, 67, 100, 68, 57, 40, 23, 0, 15, 19, 30, 59, 12, 100, 0, 2
0, 97, 10, 100, 55, 93, 100, 89, 72, 67, 46, 45, 37, 18, 41, 0, 7
0, 47, 38, 67, 78, 89, 100, 100, 77, 75, 53, 49, 31, 23, 16, 0, 1
71, 100, 50, 87, 32, 50, 32, 11, 76, 0, 100, 32, 51, 49, 0, 41, 6
55, 82, 95, 100, 98, 83, 64, 62, 91, 38, 100, 13, 49, 0, 0, 8, 3
38, 100, 43, 85, 0, 60, 28, 51, 100, 61, 98, 54, 73, 25, 46, 0, 4
40, 90, 87, 100, 81, 93, 39, 71, 70, 46, 100, 23, 52, 6, 0, 0, 5
33, 100, 16, 78, 0, 52, 18, 31, 58, 29, 98, 34, 100, 25, 100, 0, 4
17, 67, 55, 93, 71, 100, 61, 56, 48, 13, 0, 1, 37, 0, 100, 0, 1
62, 98, 22, 72, 0, 29, 28, 0, 77, 15, 100, 57, 86, 100, 37, 97, 0
62, 87, 41, 63, 100, 100, 22, 72, 8, 41, 30, 0, 93, 42, 0, 34, 8
28, 100, 0, 80, 25, 53, 96, 46, 100, 74, 71, 66, 43, 33, 28, 0, 4
20, 100, 13, 72, 0, 43, 29, 26, 88, 28, 100, 45, 68, 29, 69, 0, 4
14, 86, 0, 75, 1, 29, 40, 0, 94, 10, 100, 53, 62, 86, 9, 100, 0
4, 88, 0, 43, 25, 4, 70, 0, 100, 35, 94, 79, 53, 100, 8, 86, 0
39, 89, 37, 59, 65, 29, 24, 0, 6, 37, 0, 80, 38, 100, 100, 98, 5
0, 72, 32, 91, 77, 100, 100, 88, 87, 45, 75, 0, 61, 15, 89, 34, 7
80, 100, 34, 87, 69, 69, 100, 90, 81, 74, 74, 45, 44, 20, 0, 0, 9
11, 60, 0, 55, 22, 1, 77, 0, 100, 56, 62, 100, 8, 95, 5, 36, 0
0, 56, 13, 100, 50, 89, 40, 40, 10, 2, 12, 4, 58, 0, 100, 17, 2
100, 100, 64, 79, 27, 59, 0, 38, 71, 45, 98, 41, 60, 21, 44, 0, 4
0, 95, 46, 100, 14, 63, 30, 49, 100, 63, 94, 67, 80, 29, 72, 0, 4
5, 55, 79, 87, 5, 100, 38, 53, 67, 6, 0, 0, 27, 47, 100, 84, 8
0, 34, 43, 67, 74, 100, 68, 54, 59, 9, 5, 1, 32, 0, 100, 3, 1
25, 79, 59, 100, 100, 88, 63, 63, 35, 41, 80, 21, 54, 0, 0, 6, 3
0, 60, 9, 71, 45, 100, 35, 64, 38, 28, 7, 0, 21, 1, 100, 4, 1
63, 48, 100, 73, 77, 100, 13, 92, 0, 65, 64, 57, 86, 31, 77, 0, 9
6, 100, 18, 89, 14, 54, 0, 21, 54, 21, 99, 38, 92, 34, 100, 0, 4
73, 100, 31, 79, 4, 48, 0, 15, 49, 0, 100, 14, 66, 33, 10, 28, 6
18, 87, 0, 92, 50, 96, 100, 100, 71, 78, 47, 54, 33, 27, 35, 0, 7
0, 100, 50, 99, 47, 69, 32, 35, 20, 0, 10, 29, 44, 44, 100, 47, 7
35, 87, 86, 100, 100, 76, 52, 57, 89, 53, 97, 21, 53, 0, 0, 8, 3
48, 97, 7, 76, 22, 35, 0, 0, 5, 31, 49, 65, 100, 95, 52, 100, 8
61, 95, 39, 68, 100, 100, 45, 76, 0, 45, 10, 0, 90, 36, 21, 50, 8
74, 95, 21, 75, 0, 36, 20, 0, 75, 25, 100, 64, 78, 100, 19, 82, 0
100, 100, 56, 83, 28, 56, 10, 28, 21, 0, 69, 6, 52, 28, 0, 23, 6
100, 99, 59, 100, 27, 72, 6, 40, 0, 6, 43, 0, 55, 29, 6, 15, 6
42, 100, 12, 68, 0, 27, 32, 0, 76, 9, 100, 44, 88, 85, 47, 85, 0
0, 100, 85, 97, 100, 69, 65, 38, 28, 7, 13, 0, 13, 34, 92, 41, 7
65, 95, 28, 72, 52, 33, 24, 0, 0, 16, 15, 59, 48, 89, 100, 100, 5
68, 74, 10, 76, 48, 100, 86, 81, 97, 46, 100, 12, 55, 0, 0, 18, 9
46, 71, 84, 96, 7, 100, 28, 76, 100, 86, 90, 49, 69, 13, 0, 0, 9
100, 100, 57, 81, 23, 58, 0, 35, 7, 9, 61, 0, 68, 20, 20, 22, 6
35, 73, 63, 100, 97, 87, 58, 64, 100, 44, 100, 11, 50, 0, 0, 8, 3
0, 88, 18, 100, 68, 97, 59, 70, 55, 50, 100, 37, 84, 11, 35, 0, 3
23, 100, 19, 64, 51, 32, 16, 0, 0, 33, 8, 84, 54, 90, 100, 92, 5
100, 100, 54, 88, 22, 64, 0, 35, 6, 7, 57, 0, 65, 21, 14, 21, 6
0, 63, 55, 75, 84, 97, 100, 100, 91, 75, 81, 50, 77, 25, 81, 0, 1
25, 79, 58, 100, 88, 84, 56, 56, 79, 43, 100, 19, 54, 0, 0, 8, 3
88, 81, 51, 100, 11, 79, 60, 69, 100, 69, 95, 24, 53, 0, 0, 1, 9
20, 85, 27, 50, 94, 51, 87, 3, 27, 0, 0, 53, 32, 89, 100, 100, 5
4, 54, 55, 75, 97, 98, 100, 100, 69, 75, 40, 50, 13, 25, 0, 0, 1
8, 83, 32, 100, 54, 73, 32, 43, 0, 21, 18, 6, 59, 4, 100, 0, 2
19, 100, 36, 96, 34, 58, 13, 28, 0, 12, 34, 5, 67, 0, 100, 4, 2
13, 100, 11, 83, 0, 59, 28, 40, 92, 46, 96, 48, 91, 23, 100, 0, 4
22, 67, 56, 87, 100, 100, 72, 80, 44, 60, 17, 40, 0, 19, 22, 0, 1
35, 100, 32, 97, 0, 73, 4, 46, 51, 42, 100, 48, 88, 29, 72, 0, 4
56, 100, 20, 79, 0, 45, 29, 18, 74, 27, 100, 61, 76, 35, 60, 0, 4
0, 84, 30, 100, 36, 75, 28, 52, 89, 52, 100, 27, 64, 6, 6, 0, 3
0, 55, 37, 83, 64, 100, 54, 66, 49, 32, 33, 0, 22, 6, 100, 8, 1
100, 97, 57, 100, 26, 87, 21, 51, 63, 45, 75, 12, 37, 0, 0, 3, 5
55, 65, 100, 87, 61, 100, 53, 66, 71, 29, 40, 0, 0, 21, 39, 47, 8
0, 100, 1, 77, 25, 58, 66, 56, 100, 69, 92, 48, 90, 24, 94, 0, 4
30, 63, 61, 100, 100, 82, 76, 39, 42, 0, 74, 9, 53, 49, 0, 63, 8
86, 100, 37, 91, 7, 60, 0, 27, 36, 0, 100, 5, 83, 31, 20, 25, 6
73, 100, 0, 91, 49, 63, 100, 31, 58, 0, 16, 28, 45, 69, 30, 98, 8
100, 93, 64, 100, 30, 72, 10, 42, 12, 11, 72, 0, 66, 24, 0, 14, 6
28, 92, 40, 48, 96, 67, 45, 100, 37, 90, 100, 62, 68, 19, 0, 0, 9
9, 100, 0, 81, 0, 58, 14, 35, 62, 33, 79, 44, 81, 21, 100, 0, 4
55, 94, 30, 100, 84, 99, 63, 66, 77, 58, 100, 31, 60, 3, 0, 0, 3
13, 76, 64, 100, 87, 72, 52, 35, 11, 0, 0, 15, 35, 37, 100, 36, 7
0, 93, 41, 100, 78, 79, 66, 40, 60, 0, 100, 14, 76, 32, 26, 35, 7
46, 99, 7, 100, 37, 80, 56, 97, 90, 64, 100, 24, 57, 0, 0, 6, 9
49, 84, 49, 62, 48, 22, 7, 0, 0, 30, 9, 72, 53, 90, 100, 100, 5
22, 79, 30, 53, 54, 24, 32, 0, 13, 42, 0, 86, 49, 96, 100, 100, 5
0, 78, 54, 100, 100, 81, 78, 43, 49, 8, 35, 0, 32, 38, 95, 49, 7
0, 93, 43, 100, 70, 72, 68, 34, 56, 0, 31, 32, 52, 48, 100, 53, 7
45, 100, 53, 65, 100, 98, 22, 98, 45, 71, 85, 69, 81, 13, 0, 0, 9
0, 82, 36, 100, 77, 84, 78, 43, 73, 3, 50, 0, 48, 26, 100, 32, 7
45, 85, 75, 100, 70, 63, 43, 29, 5, 4, 0, 1, 50, 0, 100, 0, 2
42, 99, 8, 69, 0, 28, 39, 0, 85, 24, 100, 64, 74, 100, 21, 85, 0
45, 100, 34, 78, 0, 51, 37, 50, 95, 51, 100, 62, 73, 32, 57, 0, 4
24, 91, 49, 100, 68, 84, 51, 59, 78, 37, 100, 15, 56, 1, 0, 0, 3
0, 62, 27, 73, 66, 90, 100, 100, 80, 74, 59, 48, 42, 21, 36, 0, 1
0, 69, 26, 77, 92, 97, 100, 100, 76, 75, 55, 50, 39, 25, 29, 0, 1
18, 62, 98, 74, 92, 100, 0, 93, 15, 73, 100, 62, 91, 31, 71, 0, 9
39, 100, 29, 92, 0, 58, 2, 34, 61, 37, 100, 60, 82, 36, 78, 0, 4
0, 88, 5, 100, 67, 98, 50, 67, 63, 60, 100, 36, 70, 7, 5, 0, 3
45, 67, 19, 31, 48, 0, 85, 26, 100, 74, 69, 100, 28, 80, 0, 43, 0
35, 72, 26, 94, 91, 100, 82, 67, 64, 51, 100, 26, 53, 0, 0, 3, 3
0, 41, 47, 58, 92, 84, 100, 100, 84, 71, 71, 42, 66, 13, 74, 0, 1
15, 87, 46, 100, 87, 83, 49, 59, 87, 47, 100, 19, 54, 0, 0, 1, 3
0, 93, 46, 100, 76, 80, 70, 40, 66, 0, 44, 15, 51, 41, 100, 39, 7
53, 94, 100, 100, 60, 90, 28, 65, 42, 52, 72, 35, 46, 7, 0, 0, 5
19, 89, 60, 100, 54, 69, 47, 50, 100, 48, 99, 20, 54, 2, 0, 0, 3
0, 40, 31, 62, 68, 78, 100, 100, 91, 91, 67, 62, 46, 33, 36, 0, 1
50, 83, 26, 62, 58, 100, 14, 60, 2, 30, 50, 0, 100, 51, 0, 34, 8
100, 83, 66, 93, 11, 100, 3, 64, 58, 56, 91, 23, 47, 0, 0, 7, 5
64, 100, 36, 67, 0, 37, 30, 32, 91, 37, 100, 54, 80, 36, 70, 0, 4
57, 70, 57, 100, 55, 66, 33, 36, 0, 16, 23, 9, 60, 0, 100, 3, 2
13, 78, 44, 47, 36, 0, 0, 0, 48, 39, 100, 74, 85, 100, 20, 79, 8
0, 88, 34, 100, 92, 80, 89, 39, 62, 0, 38, 14, 32, 41, 100, 41, 7
20, 91, 27, 61, 66, 35, 47, 0, 0, 21, 11, 66, 44, 95, 100, 100, 5
65, 98, 41, 74, 100, 100, 32, 85, 10, 60, 0, 0, 73, 12, 33, 62, 8
0, 85, 32, 100, 65, 88, 49, 52, 21, 24, 30, 6, 65, 4, 100, 0, 2
50, 100, 26, 84, 0, 60, 6, 36, 58, 35, 100, 50, 78, 26, 63, 0, 4
40, 100, 11, 87, 0, 57, 11, 29, 66, 40, 100, 58, 82, 29, 78, 0, 4
5, 75, 0, 46, 16, 5, 67, 0, 100, 34, 92, 75, 47, 100, 6, 77, 0
27, 92, 0, 66, 15, 21, 60, 0, 100, 28, 96, 73, 53, 100, 2, 92, 0
0, 85, 42, 100, 79, 80, 70, 40, 75, 0, 44, 14, 42, 39, 100, 48, 7
0, 62, 31, 82, 100, 100, 100, 80, 81, 60, 38, 40, 6, 20, 12, 0, 1
42, 94, 1, 70, 0, 26, 44, 0, 92, 22, 100, 66, 64, 100, 17, 84, 0
0, 74, 14, 100, 53, 98, 43, 65, 18, 38, 20, 8, 59, 0, 100, 6, 2
45, 92, 37, 100, 76, 99, 63, 47, 30, 5, 0, 0, 50, 8, 100, 2, 2
55, 100, 7, 78, 0, 47, 83, 43, 100, 77, 84, 64, 48, 32, 13, 0, 4
21, 73, 84, 42, 90, 7, 0, 0, 19, 35, 81, 66, 100, 100, 9, 89, 8
55, 100, 21, 73, 0, 36, 16, 0, 58, 7, 91, 34, 100, 74, 65, 96, 0
35, 100, 5, 67, 0, 26, 38, 0, 88, 14, 100, 53, 68, 87, 17, 84, 0
0, 100, 64, 100, 100, 70, 88, 32, 57, 0, 96, 30, 82, 43, 16, 44, 7
100, 85, 59, 100, 17, 76, 0, 39, 20, 2, 68, 0, 49, 29, 1, 21, 6
17, 60, 36, 95, 44, 100, 42, 59, 37, 18, 0, 0, 51, 1, 100, 5, 1
60, 100, 38, 82, 0, 59, 17, 39, 93, 49, 100, 47, 69, 23, 39, 0, 4
64, 93, 0, 72, 81, 70, 75, 100, 8, 75, 100, 83, 83, 41, 44, 0, 9
0, 78, 31, 100, 66, 77, 58, 34, 20, 12, 15, 21, 58, 13, 100, 0, 2
0, 93, 36, 100, 79, 98, 94, 79, 72, 57, 100, 33, 79, 11, 38, 0, 3
63, 48, 100, 75, 75, 100, 20, 87, 0, 58, 57, 51, 82, 33, 62, 0, 9
14, 75, 39, 100, 99, 94, 81, 64, 45, 41, 100, 27, 57, 4, 0, 0, 3
0, 56, 34, 68, 69, 83, 100, 100, 97, 75, 87, 50, 78, 24, 76, 0, 1
38, 81, 92, 100, 100, 66, 65, 33, 37, 0, 100, 20, 67, 51, 0, 72, 8
0, 100, 8, 74, 95, 80, 62, 96, 16, 78, 100, 64, 85, 28, 58, 0, 9
62, 100, 26, 78, 0, 45, 8, 9, 54, 0, 100, 8, 62, 20, 17, 11, 6
84, 61, 100, 100, 55, 94, 46, 60, 92, 69, 82, 28, 45, 0, 0, 1, 9
39, 100, 24, 70, 0, 40, 49, 38, 100, 40, 75, 65, 52, 34, 43, 0, 4
29, 85, 82, 100, 100, 100, 43, 85, 27, 51, 81, 32, 57, 0, 0, 0, 5
64, 86, 47, 96, 100, 100, 90, 63, 50, 35, 0, 14, 32, 15, 86, 0, 2
0, 24, 43, 59, 64, 100, 18, 94, 67, 61, 100, 23, 43, 0, 7, 29, 8
45, 76, 57, 100, 100, 94, 80, 67, 87, 44, 82, 16, 41, 0, 0, 14, 3
36, 100, 13, 75, 57, 65, 100, 78, 63, 85, 41, 57, 18, 29, 0, 0, 4
25, 100, 58, 96, 81, 69, 54, 34, 29, 0, 0, 34, 48, 44, 100, 48, 7
1, 85, 46, 100, 70, 88, 55, 58, 97, 39, 100, 10, 51, 0, 0, 2, 3
25, 76, 0, 47, 20, 0, 83, 22, 100, 69, 49, 100, 3, 65, 13, 17, 0
21, 100, 0, 79, 0, 54, 42, 37, 83, 52, 79, 49, 81, 24, 100, 0, 4
100, 100, 49, 97, 15, 65, 0, 28, 33, 0, 85, 17, 62, 39, 20, 12, 6
54, 93, 100, 100, 60, 97, 26, 71, 75, 59, 88, 29, 48, 5, 0, 0, 5
25, 94, 6, 58, 87, 30, 85, 0, 0, 17, 49, 53, 100, 89, 35, 100, 8
0, 100, 15, 95, 1, 63, 33, 40, 100, 48, 94, 65, 93, 32, 90, 0, 4
19, 100, 14, 79, 5, 59, 0, 38, 27, 20, 100, 34, 81, 21, 70, 0, 4
6, 88, 52, 100, 100, 92, 83, 71, 54, 52, 65, 32, 48, 12, 0, 0, 3
0, 58, 18, 26, 49, 0, 86, 18, 100, 50, 86, 82, 45, 100, 17, 77, 0
100, 96, 56, 69, 0, 63, 35, 98, 98, 100, 94, 57, 59, 20, 40, 0, 9
66, 89, 100, 100, 99, 81, 77, 61, 64, 38, 67, 15, 38, 1, 0, 0, 3
12, 69, 19, 100, 78, 99, 83, 66, 47, 35, 0, 10, 29, 3, 100, 0, 2
56, 71, 31, 100, 16, 66, 24, 23, 0, 0, 17, 34, 57, 57, 100, 76, 8
17, 64, 38, 100, 98, 94, 63, 62, 67, 49, 100, 15, 42, 0, 0, 17, 3
100, 100, 56, 88, 22, 60, 0, 25, 28, 0, 73, 13, 48, 40, 2, 41, 6
21, 66, 47, 100, 65, 67, 40, 28, 0, 12, 18, 31, 60, 19, 100, 0, 2
48, 73, 62, 80, 100, 100, 88, 85, 60, 64, 38, 42, 15, 21, 0, 0, 1
0, 82, 43, 100, 100, 91, 83, 65, 48, 42, 9, 18, 5, 0, 72, 4, 2
100, 100, 54, 83, 20, 55, 0, 24, 34, 0, 92, 12, 79, 38, 16, 46, 6
16, 95, 46, 100, 100, 95, 72, 63, 39, 32, 6, 0, 0, 32, 56, 35, 7
0, 27, 16, 50, 49, 74, 82, 98, 100, 100, 78, 67, 56, 35, 44, 0, 1
61, 83, 19, 100, 3, 62, 15, 21, 0, 0, 0, 40, 47, 62, 100, 79, 8
7, 54, 43, 76, 76, 100, 100, 99, 78, 74, 57, 49, 28, 24, 0, 0, 1
51, 100, 0, 69, 16, 52, 84, 58, 100, 74, 61, 83, 40, 41, 16, 0, 4
0, 80, 34, 100, 60, 80, 34, 53, 1, 29, 0, 4, 49, 0, 100, 1, 2
61, 100, 22, 71, 9, 34, 33, 0, 88, 4, 100, 37, 50, 50, 0, 30, 6
20, 91, 61, 100, 71, 78, 59, 51, 100, 34, 86, 11, 37, 0, 0, 1, 3
6, 90, 0, 52, 38, 29, 8, 0, 2, 34, 13, 78, 52, 96, 100, 100, 5
89, 100, 35, 79, 11, 52, 0, 25, 19, 0, 97, 1, 100, 23, 22, 21, 6
0, 90, 22, 100, 93, 85, 76, 42, 53, 0, 32, 1, 17, 34, 100, 39, 7
77, 82, 55, 100, 45, 76, 91, 81, 100, 47, 90, 14, 46, 0, 0, 10, 9
100, 91, 69, 100, 53, 63, 85, 70, 90, 63, 80, 23, 44, 0, 0, 7, 9
0, 92, 39, 99, 100, 100, 82, 66, 50, 33, 17, 0, 19, 17, 65, 30, 7
98, 89, 44, 100, 43, 65, 100, 84, 95, 79, 92, 38, 70, 0, 0, 3, 9
36, 52, 0, 50, 6, 6, 56, 0, 97, 30, 100, 76, 58, 100, 24, 68, 0
34, 86, 6, 50, 0, 9, 49, 0, 89, 29, 100, 70, 66, 100, 21, 76, 0
34, 100, 18, 63, 63, 34, 34, 0, 0, 15, 14, 58, 40, 93, 100, 89, 5
0, 39, 44, 60, 83, 83, 100, 100, 73, 76, 50, 51, 33, 26, 22, 0, 1
69, 100, 31, 77, 7, 50, 0, 23, 31, 0, 100, 2, 94, 24, 33, 21, 6
34, 100, 2, 82, 0, 28, 32, 0, 70, 10, 100, 44, 89, 90, 53, 100, 0
100, 100, 64, 97, 36, 70, 13, 41, 9, 11, 52, 0, 51, 17, 0, 15, 6
65, 84, 31, 100, 0, 63, 15, 16, 62, 0, 100, 30, 89, 78, 44, 94, 0
0, 96, 41, 100, 76, 87, 55, 44, 36, 0, 34, 16, 55, 42, 100, 47, 7
12, 100, 0, 62, 11, 19, 49, 0, 88, 19, 100, 60, 72, 93, 30, 92, 0
26, 94, 0, 80, 47, 41, 68, 0, 5, 9, 52, 46, 100, 84, 36, 100, 8
100, 83, 47, 100, 0, 79, 25, 51, 78, 68, 82, 71, 77, 34, 64, 0, 9
13, 90, 54, 100, 92, 87, 70, 63, 96, 42, 100, 17, 56, 3, 0, 0, 3
7, 57, 15, 93, 65, 100, 67, 63, 44, 27, 0, 0, 36, 11, 100, 11, 2
0, 73, 26, 100, 66, 97, 62, 63, 37, 33, 12, 6, 58, 0, 100, 2, 2
0, 39, 47, 63, 88, 87, 100, 100, 76, 75, 53, 50, 29, 25, 29, 0, 1
25, 83, 12, 54, 62, 29, 37, 0, 6, 20, 0, 62, 37, 92, 100, 100, 5
14, 100, 6, 77, 0, 47, 79, 50, 100, 63, 73, 62, 76, 31, 77, 0, 4
0, 75, 22, 100, 58, 86, 56, 50, 29, 22, 14, 1, 58, 0, 100, 4, 2
0, 95, 38, 100, 78, 80, 63, 40, 49, 0, 24, 14, 46, 34, 100, 36, 7
100, 100, 48, 100, 9, 68, 0, 31, 35, 0, 100, 1, 76, 29, 19, 15, 6
37, 67, 40, 100, 85, 100, 74, 60, 43, 25, 0, 0, 46, 9, 100, 9, 2
55, 100, 17, 76, 0, 50, 3, 22, 41, 0, 100, 10, 62, 24, 10, 8, 6
59, 61, 91, 100, 37, 92, 36, 46, 45, 0, 0, 6, 35, 36, 100, 38, 8
13, 76, 1, 44, 15, 0, 67, 1, 100, 38, 93, 85, 45, 100, 0, 74, 0
100, 100, 57, 91, 22, 62, 0, 31, 18, 1, 100, 0, 85, 22, 10, 7, 6
52, 100, 22, 69, 0, 36, 49, 27, 100, 30, 89, 56, 62, 35, 43, 0, 4
34, 82, 0, 40, 30, 0, 83, 10, 100, 60, 65, 100, 15, 80, 7, 28, 0
100, 100, 62, 76, 34, 49, 19, 20, 55, 0, 100, 16, 58, 34, 0, 32, 6
45, 100, 68, 64, 100, 24, 39, 0, 5, 33, 68, 65, 85, 97, 0, 97, 8
100, 100, 72, 79, 38, 51, 0, 26, 44, 32, 90, 39, 88, 37, 82, 0, 4
0, 59, 36, 64, 69, 82, 99, 100, 100, 78, 92, 51, 84, 25, 76, 0, 1
0, 43, 35, 61, 67, 81, 100, 100, 93, 75, 86, 50, 82, 25, 81, 0, 1
63, 100, 33, 73, 0, 46, 41, 42, 100, 44, 72, 65, 64, 32, 49, 0, 4
66, 92, 100, 100, 85, 91, 46, 72, 50, 43, 83, 24, 46, 3, 0, 0, 5
0, 63, 42, 81, 95, 100, 79, 81, 63, 60, 63, 40, 74, 20, 100, 0, 1
0, 73, 45, 86, 90, 100, 100, 90, 86, 68, 73, 45, 66, 23, 62, 0, 1
30, 96, 0, 66, 59, 46, 55, 2, 10, 0, 20, 48, 34, 95, 100, 100, 5
45, 75, 22, 99, 70, 100, 100, 80, 62, 50, 88, 23, 48, 0, 0, 8, 3
100, 86, 71, 100, 32, 90, 12, 61, 50, 58, 63, 27, 40, 0, 0, 2, 5
49, 100, 16, 63, 0, 17, 36, 0, 79, 22, 100, 66, 63, 90, 23, 69, 0
100, 100, 53, 93, 22, 60, 14, 21, 58, 0, 97, 26, 58, 54, 0, 50, 6
62, 83, 21, 69, 0, 33, 25, 1, 68, 0, 100, 29, 97, 70, 67, 100, 0
51, 77, 68, 100, 100, 86, 75, 60, 82, 37, 84, 8, 42, 0, 0, 8, 3
0, 98, 60, 100, 94, 82, 69, 42, 50, 0, 26, 5, 18, 31, 100, 28, 7
36, 78, 66, 100, 83, 82, 81, 59, 100, 30, 82, 3, 38, 0, 0, 16, 3
0, 39, 4, 57, 51, 79, 100, 100, 96, 81, 68, 54, 40, 27, 15, 0, 1
72, 100, 3, 76, 100, 63, 49, 99, 29, 45, 0, 28, 53, 0, 33, 48, 8
37, 93, 0, 65, 80, 80, 41, 100, 3, 65, 100, 80, 92, 39, 47, 0, 9
55, 100, 20, 75, 0, 48, 0, 19, 41, 0, 100, 8, 78, 30, 27, 25, 6
70, 100, 38, 79, 6, 54, 0, 34, 65, 30, 100, 45, 88, 28, 80, 0, 4
22, 100, 69, 97, 73, 61, 56, 25, 32, 0, 0, 30, 46, 39, 100, 40, 7
49, 91, 14, 65, 0, 31, 18, 0, 81, 6, 100, 38, 86, 72, 49, 100, 0
16, 89, 50, 100, 71, 67, 45, 35, 0, 19, 10, 30, 57, 19, 100, 0, 2
96, 100, 14, 91, 42, 75, 45, 96, 0, 67, 100, 82, 54, 43, 18, 0, 9
53, 100, 5, 80, 0, 63, 60, 64, 100, 79, 79, 57, 55, 26, 31, 0, 4
0, 0, 33, 12, 66, 35, 90, 61, 100, 89, 57, 100, 25, 79, 58, 60, 9
59, 100, 20, 78, 0, 46, 8, 13, 66, 0, 100, 23, 46, 36, 14, 14, 6
10, 64, 29, 100, 60, 90, 46, 52, 19, 18, 0, 8, 50, 5, 100, 0, 2
0, 88, 48, 100, 100, 91, 73, 51, 51, 9, 41, 0, 21, 27, 78, 33, 7
49, 75, 44, 100, 23, 73, 43, 37, 47, 0, 0, 16, 40, 45, 100, 68, 8
65, 86, 79, 100, 35, 69, 0, 39, 72, 34, 100, 66, 61, 35, 32, 0, 4
16, 71, 29, 100, 61, 81, 52, 44, 24, 12, 0, 2, 50, 5, 100, 0, 2
100, 80, 60, 62, 0, 48, 26, 79, 81, 100, 90, 67, 59, 32, 30, 0, 9
0, 66, 43, 100, 49, 89, 19, 42, 48, 10, 100, 5, 38, 1, 3, 0, 1
0, 55, 40, 63, 77, 79, 100, 100, 91, 76, 88, 50, 88, 24, 94, 0, 1
100, 94, 51, 83, 0, 76, 40, 100, 80, 96, 58, 61, 29, 30, 8, 0, 9
53, 100, 26, 69, 9, 34, 18, 0, 79, 2, 100, 32, 38, 28, 0, 1, 6
38, 100, 1, 70, 0, 27, 40, 0, 88, 17, 100, 59, 66, 90, 17, 76, 0
0, 42, 29, 68, 63, 100, 56, 84, 41, 49, 31, 14, 26, 0, 100, 11, 1
0, 77, 50, 100, 100, 72, 40, 39, 13, 0, 74, 1, 23, 38, 12, 77, 8
49, 91, 31, 63, 71, 29, 11, 0, 0, 32, 49, 67, 100, 100, 0, 83, 8
100, 100, 57, 97, 21, 68, 0, 37, 10, 6, 78, 0, 82, 23, 9, 19, 6
6, 27, 47, 57, 62, 100, 8, 91, 48, 56, 100, 25, 51, 0, 0, 22, 8
50, 99, 21, 80, 0, 37, 25, 0, 76, 16, 100, 58, 79, 100, 29, 95, 0
77, 97, 63, 73, 91, 32, 54, 0, 0, 24, 49, 54, 100, 86, 46, 100, 8
68, 100, 55, 83, 27, 56, 0, 27, 14, 0, 100, 2, 73, 27, 52, 11, 6
0, 45, 58, 67, 94, 91, 100, 100, 82, 75, 67, 50, 58, 25, 58, 0, 1
33, 80, 67, 100, 100, 76, 80, 38, 42, 12, 0, 6, 42, 19, 87, 0, 2
100, 100, 54, 84, 18, 58, 0, 27, 24, 0, 78, 1, 62, 29, 6, 34, 6
100, 78, 45, 64, 0, 72, 22, 100, 54, 90, 63, 59, 61, 29, 64, 0, 9
44, 96, 36, 64, 84, 91, 26, 100, 72, 58, 100, 49, 67, 0, 0, 18, 9
11, 100, 12, 69, 60, 44, 38, 0, 4, 29, 0, 79, 35, 99, 100, 99, 5
43, 100, 12, 76, 0, 47, 57, 36, 100, 48, 93, 64, 89, 31, 88, 0, 4
34, 80, 65, 100, 100, 80, 80, 51, 41, 28, 0, 7, 37, 0, 95, 5, 2
21, 97, 0, 61, 11, 14, 60, 0, 100, 30, 92, 78, 49, 100, 23, 76, 0
76, 81, 25, 100, 35, 64, 94, 31, 75, 0, 0, 22, 28, 58, 100, 88, 8
0, 97, 73, 100, 76, 73, 64, 36, 62, 0, 38, 15, 3, 41, 100, 42, 7
61, 100, 100, 84, 84, 62, 37, 53, 71, 39, 87, 15, 47, 0, 0, 4, 3
29, 87, 66, 100, 100, 97, 74, 76, 69, 52, 72, 29, 38, 12, 0, 0, 3
31, 87, 59, 100, 59, 69, 74, 64, 100, 42, 84, 11, 44, 0, 0, 0, 3
58, 100, 12, 77, 0, 59, 62, 60, 100, 77, 85, 59, 61, 30, 36, 0, 4
0, 91, 44, 100, 80, 78, 75, 38, 58, 0, 48, 9, 52, 40, 100, 40, 7
1, 97, 68, 98, 39, 100, 21, 63, 55, 50, 100, 25, 46, 0, 0, 19, 5
2, 91, 48, 100, 63, 65, 51, 25, 30, 0, 0, 30, 50, 35, 100, 35, 7
46, 76, 66, 100, 100, 84, 74, 58, 88, 44, 95, 18, 52, 0, 0, 5, 3
100, 100, 0, 86, 0, 72, 0, 57, 0, 43, 0, 28, 50, 14, 50, 0, 1
18, 100, 8, 81, 0, 51, 56, 40, 100, 60, 87, 61, 85, 30, 88, 0, 4
70, 97, 28, 78, 65, 53, 57, 9, 0, 0, 13, 42, 51, 86, 100, 100, 5
23, 59, 26, 100, 64, 98, 58, 57, 33, 20, 0, 0, 50, 10, 100, 5, 2
7, 61, 75, 35, 72, 0, 0, 7, 42, 41, 100, 72, 79, 100, 14, 75, 8
60, 100, 45, 92, 21, 63, 0, 33, 38, 26, 86, 40, 100, 30, 91, 0, 4
0, 82, 38, 100, 79, 84, 46, 56, 60, 38, 100, 18, 56, 0, 12, 6, 3
100, 94, 50, 100, 22, 76, 30, 51, 78, 44, 87, 14, 48, 0, 0, 5, 5
15, 94, 57, 100, 59, 66, 33, 35, 0, 8, 7, 0, 53, 2, 100, 1, 2
36, 97, 0, 59, 9, 14, 61, 0, 99, 34, 100, 81, 53, 100, 5, 73, 0
86, 100, 33, 81, 66, 67, 100, 91, 99, 65, 95, 33, 62, 6, 0, 0, 9
34, 87, 51, 100, 99, 84, 51, 54, 100, 54, 100, 18, 35, 0, 0, 16, 3
74, 47, 100, 72, 82, 100, 30, 94, 0, 69, 41, 51, 83, 32, 83, 0, 9
52, 100, 21, 67, 29, 14, 72, 0, 100, 40, 80, 88, 35, 97, 0, 65, 0
0, 92, 45, 100, 95, 92, 88, 48, 77, 4, 57, 0, 48, 35, 100, 32, 7
40, 94, 0, 65, 51, 39, 51, 0, 11, 15, 5, 63, 35, 93, 100, 100, 5
53, 91, 75, 100, 74, 69, 53, 39, 22, 13, 0, 11, 51, 15, 100, 0, 2
100, 100, 54, 80, 24, 55, 0, 28, 0, 0, 57, 1, 61, 22, 0, 15, 6
0, 60, 56, 77, 89, 100, 89, 96, 81, 72, 78, 47, 78, 23, 100, 0, 1
0, 86, 49, 96, 65, 100, 53, 56, 53, 11, 100, 2, 53, 0, 8, 9, 1
26, 100, 3, 75, 0, 35, 25, 3, 70, 0, 100, 29, 86, 66, 48, 88, 0
13, 94, 0, 51, 55, 45, 34, 0, 0, 16, 0, 71, 39, 98, 100, 100, 5
62, 100, 30, 75, 0, 49, 52, 44, 100, 49, 87, 58, 66, 29, 50, 0, 4
23, 75, 54, 100, 62, 58, 39, 18, 0, 0, 14, 19, 57, 5, 100, 10, 2
78, 80, 48, 100, 11, 66, 0, 27, 43, 0, 100, 19, 42, 36, 6, 18, 6
0, 61, 26, 75, 59, 86, 90, 100, 100, 91, 83, 61, 67, 33, 62, 0, 1
9, 90, 46, 100, 74, 74, 62, 42, 29, 18, 0, 0, 49, 2, 100, 1, 2
43, 99, 21, 66, 60, 32, 32, 0, 0, 25, 10, 75, 51, 100, 100, 82, 5
87, 68, 34, 60, 0, 89, 59, 100, 78, 64, 100, 28, 82, 0, 3, 8, 9
21, 66, 50, 100, 82, 73, 66, 32, 24, 7, 0, 21, 50, 12, 100, 0, 2
20, 100, 4, 86, 0, 66, 2, 46, 37, 29, 100, 38, 72, 20, 70, 0, 4
0, 43, 33, 61, 69, 79, 100, 100, 93, 79, 83, 53, 78, 26, 74, 0, 1
16, 67, 35, 100, 50, 70, 36, 34, 15, 0, 0, 21, 48, 20, 100, 9, 2
28, 72, 60, 100, 88, 73, 56, 37, 9, 14, 0, 14, 52, 0, 100, 5, 2
62, 100, 55, 95, 22, 70, 0, 43, 57, 37, 100, 56, 85, 29, 77, 0, 4
84, 54, 26, 47, 0, 75, 40, 100, 93, 90, 100, 55, 70, 24, 25, 0, 9
0, 71, 38, 95, 47, 100, 49, 49, 39, 4, 2, 1, 53, 1, 100, 0, 1
75, 100, 31, 90, 3, 59, 0, 25, 39, 0, 100, 14, 75, 39, 11, 29, 6
0, 48, 14, 61, 53, 81, 95, 100, 100, 82, 76, 56, 53, 29, 39, 0, 1
70, 100, 25, 75, 0, 34, 25, 0, 73, 22, 100, 62, 75, 98, 23, 93, 0
62, 83, 27, 69, 70, 26, 47, 0, 0, 34, 63, 66, 100, 98, 19, 100, 8
3, 97, 39, 100, 100, 79, 63, 39, 27, 0, 76, 7, 92, 33, 0, 35, 7
52, 100, 0, 83, 16, 60, 85, 55, 100, 72, 66, 54, 43, 27, 20, 0, 4
0, 100, 64, 98, 100, 80, 55, 41, 14, 0, 2, 5, 20, 30, 86, 36, 7
65, 100, 22, 75, 0, 36, 22, 0, 73, 8, 100, 45, 84, 86, 37, 99, 0
64, 100, 22, 69, 55, 35, 16, 0, 0, 16, 12, 63, 42, 97, 100, 96, 5
73, 90, 24, 77, 0, 39, 20, 0, 73, 2, 100, 40, 97, 81, 52, 100, 0
39, 96, 63, 100, 52, 43, 28, 0, 0, 4, 33, 15, 66, 0, 100, 0, 2
0, 92, 46, 100, 82, 76, 70, 38, 50, 0, 31, 10, 48, 34, 100, 36, 7
89, 79, 48, 100, 21, 71, 51, 34, 40, 0, 0, 18, 49, 47, 100, 77, 8
0, 62, 38, 79, 77, 97, 100, 100, 84, 75, 64, 51, 52, 26, 56, 0, 1
51, 100, 17, 70, 0, 32, 19, 0, 69, 10, 100, 42, 90, 79, 45, 97, 0
0, 95, 41, 100, 66, 67, 59, 22, 47, 0, 20, 37, 55, 48, 100, 51, 7
0, 91, 44, 100, 74, 78, 71, 51, 48, 26, 12, 5, 42, 0, 100, 1, 2
55, 72, 100, 100, 97, 96, 81, 59, 72, 22, 19, 3, 0, 0, 74, 6, 1
66, 88, 16, 70, 0, 23, 45, 0, 97, 28, 100, 74, 49, 100, 18, 66, 0
87, 75, 53, 100, 0, 81, 40, 61, 81, 78, 100, 41, 77, 5, 16, 0, 9
60, 100, 46, 70, 9, 40, 0, 38, 57, 31, 100, 53, 91, 36, 75, 0, 4
82, 62, 85, 100, 28, 91, 48, 54, 99, 74, 100, 35, 66, 0, 0, 2, 9
47, 96, 100, 100, 53, 93, 15, 74, 46, 58, 77, 34, 51, 9, 0, 0, 5
90, 100, 53, 73, 19, 46, 0, 16, 41, 0, 100, 8, 81, 26, 20, 29, 6
8, 97, 14, 72, 0, 35, 10, 0, 69, 18, 100, 53, 90, 90, 25, 100, 0
95, 100, 57, 84, 33, 50, 22, 12, 66, 0, 100, 24, 47, 22, 0, 6, 6
9, 81, 5, 24, 54, 0, 99, 38, 100, 94, 48, 100, 8, 56, 0, 4, 0
0, 73, 48, 91, 62, 100, 56, 46, 71, 12, 100, 16, 42, 6, 15, 0, 1
39, 100, 6, 71, 0, 36, 61, 26, 100, 47, 98, 69, 80, 35, 75, 0, 4
84, 100, 53, 78, 18, 50, 0, 20, 39, 0, 100, 14, 70, 37, 3, 34, 6
16, 100, 0, 57, 55, 55, 44, 0, 12, 17, 6, 77, 45, 98, 100, 100, 6
33, 95, 29, 61, 71, 39, 38, 0, 0, 15, 10, 71, 45, 98, 100, 100, 5
0, 91, 10, 57, 48, 30, 20, 0, 8, 34, 12, 79, 49, 100, 100, 91, 5
62, 77, 24, 100, 1, 71, 41, 36, 50, 0, 0, 22, 42, 55, 100, 74, 8
39, 100, 0, 61, 20, 14, 71, 0, 100, 37, 78, 88, 29, 100, 16, 49, 0
61, 100, 28, 73, 11, 44, 19, 12, 70, 0, 100, 22, 49, 36, 0, 21, 6
26, 97, 97, 100, 63, 99, 0, 82, 34, 59, 100, 43, 79, 9, 9, 0, 5
27, 100, 13, 66, 0, 26, 39, 31, 100, 30, 93, 51, 77, 38, 77, 0, 4
3, 77, 0, 37, 34, 0, 84, 19, 100, 64, 66, 100, 20, 71, 22, 25, 0
28, 68, 37, 100, 96, 94, 82, 47, 66, 0, 100, 6, 46, 36, 0, 70, 8
66, 100, 26, 74, 0, 49, 80, 60, 100, 75, 59, 78, 37, 38, 3, 0, 4
100, 100, 55, 86, 18, 60, 0, 28, 26, 0, 79, 14, 63, 42, 10, 41, 6
56, 100, 30, 57, 0, 34, 56, 40, 100, 49, 88, 86, 62, 43, 40, 0, 4
0, 100, 24, 98, 99, 100, 100, 90, 59, 70, 33, 47, 19, 23, 28, 0, 7
57, 96, 0, 87, 46, 65, 63, 15, 7, 0, 3, 39, 43, 84, 100, 100, 5
0, 65, 51, 62, 69, 100, 60, 66, 58, 25, 100, 9, 51, 2, 10, 0, 1
100, 100, 72, 83, 46, 59, 29, 35, 20, 9, 62, 0, 60, 22, 0, 29, 6
70, 98, 100, 100, 49, 96, 25, 62, 63, 53, 78, 24, 39, 0, 0, 5, 5
11, 84, 0, 66, 58, 67, 99, 41, 41, 0, 6, 33, 8, 84, 100, 100, 5
18, 100, 0, 76, 0, 49, 65, 41, 100, 66, 80, 55, 72, 27, 70, 0, 4
5, 91, 0, 52, 14, 13, 61, 0, 97, 30, 100, 70, 66, 100, 14, 98, 0
53, 73, 69, 100, 100, 84, 78, 53, 73, 44, 90, 16, 46, 0, 0, 12, 3
79, 84, 17, 62, 100, 80, 67, 100, 0, 75, 88, 79, 70, 38, 36, 0, 9
0, 53, 5, 65, 54, 85, 100, 100, 81, 75, 59, 50, 41, 25, 30, 0, 1
100, 97, 69, 100, 39, 86, 59, 62, 78, 36, 63, 9, 30, 2, 0, 0, 5
55, 100, 19, 75, 0, 50, 71, 58, 100, 75, 62, 82, 40, 41, 20, 0, 4
31, 100, 12, 65, 0, 26, 28, 0, 71, 22, 100, 55, 93, 92, 44, 89, 0
35, 100, 73, 100, 19, 87, 10, 53, 73, 47, 100, 16, 46, 0, 0, 19, 5
24, 77, 54, 100, 81, 83, 59, 52, 100, 36, 95, 10, 48, 0, 0, 5, 3
100, 97, 62, 100, 33, 86, 38, 61, 72, 51, 63, 21, 36, 0, 0, 0, 5
50, 100, 44, 93, 10, 69, 0, 45, 75, 49, 100, 46, 60, 23, 33, 0, 4
0, 93, 38, 100, 96, 95, 100, 57, 78, 20, 57, 0, 23, 32, 74, 38, 7
77, 100, 55, 75, 40, 48, 36, 21, 64, 0, 100, 16, 49, 21, 0, 10, 6
55, 100, 43, 41, 100, 42, 61, 96, 45, 43, 10, 0, 98, 20, 0, 27, 8
23, 94, 8, 59, 83, 45, 64, 0, 24, 2, 0, 48, 23, 92, 100, 100, 5
0, 63, 21, 63, 63, 80, 99, 100, 100, 80, 99, 52, 99, 24, 96, 0, 1
11, 77, 84, 63, 79, 100, 0, 83, 56, 67, 100, 56, 87, 7, 1, 0, 9
62, 57, 100, 81, 75, 100, 23, 85, 0, 58, 55, 50, 90, 32, 84, 0, 9
43, 91, 9, 59, 0, 14, 43, 0, 85, 22, 100, 67, 68, 100, 21, 97, 0
28, 75, 42, 100, 87, 95, 68, 61, 87, 42, 100, 10, 51, 0, 0, 12, 3
36, 100, 30, 100, 5, 57, 0, 38, 78, 30, 100, 54, 95, 38, 94, 0, 4
91, 79, 44, 68, 0, 74, 24, 100, 69, 91, 83, 61, 89, 30, 100, 0, 9
0, 100, 14, 99, 63, 82, 61, 40, 34, 0, 17, 19, 45, 33, 100, 39, 7
26, 67, 0, 38, 29, 0, 81, 20, 100, 66, 64, 100, 17, 74, 26, 28, 0
46, 82, 65, 100, 69, 72, 39, 47, 0, 28, 12, 20, 56, 9, 100, 0, 2
46, 89, 79, 100, 85, 73, 67, 61, 100, 40, 76, 12, 27, 0, 0, 22, 3
0, 100, 2, 83, 4, 53, 43, 41, 86, 55, 100, 57, 79, 29, 77, 0, 4
38, 100, 18, 88, 0, 61, 15, 37, 52, 35, 90, 38, 100, 26, 91, 0, 4
13, 67, 0, 93, 78, 100, 100, 71, 60, 41, 9, 15, 9, 0, 89, 6, 2
2, 87, 35, 100, 49, 76, 39, 53, 93, 44, 100, 19, 57, 1, 0, 0, 3
6, 100, 0, 68, 37, 50, 90, 51, 100, 89, 79, 84, 58, 43, 48, 0, 4
35, 90, 43, 61, 62, 25, 21, 0, 0, 19, 17, 59, 46, 93, 100, 100, 5
0, 93, 45, 100, 87, 94, 71, 48, 60, 0, 39, 17, 53, 40, 100, 37, 7
100, 84, 63, 100, 39, 67, 86, 70, 93, 71, 85, 33, 58, 0, 0, 2, 9
0, 96, 64, 100, 100, 73, 90, 41, 77, 8, 53, 0, 25, 26, 100, 30, 7
6, 91, 0, 43, 25, 0, 78, 9, 100, 53, 82, 98, 32, 100, 13, 55, 0
89, 74, 70, 100, 0, 98, 10, 72, 80, 77, 100, 68, 85, 33, 55, 0, 9
83, 100, 35, 80, 9, 50, 4, 17, 53, 0, 100, 21, 55, 31, 0, 15, 6
45, 78, 75, 100, 100, 76, 82, 43, 48, 16, 0, 0, 33, 8, 88, 10, 2
0, 65, 52, 78, 77, 100, 77, 89, 76, 66, 76, 43, 77, 19, 100, 0, 1
31, 87, 22, 49, 83, 100, 0, 74, 45, 67, 23, 0, 100, 37, 15, 38, 8
89, 100, 42, 84, 12, 53, 7, 20, 60, 0, 100, 20, 50, 38, 0, 19, 6
71, 100, 40, 70, 19, 35, 21, 0, 79, 4, 100, 35, 42, 43, 0, 21, 6
0, 83, 26, 90, 100, 100, 72, 68, 38, 34, 7, 0, 3, 19, 46, 41, 7
6, 93, 75, 100, 100, 86, 63, 58, 28, 29, 0, 0, 10, 27, 52, 40, 7
37, 75, 68, 100, 100, 83, 72, 54, 68, 45, 86, 18, 45, 0, 0, 9, 3
74, 100, 28, 89, 2, 59, 1, 26, 41, 0, 100, 10, 52, 26, 0, 6, 6
80, 96, 24, 100, 33, 61, 49, 21, 11, 0, 0, 36, 48, 63, 100, 89, 8
0, 75, 24, 100, 47, 75, 37, 41, 8, 15, 28, 26, 66, 20, 100, 0, 2
0, 96, 59, 100, 100, 74, 95, 36, 75, 0, 97, 7, 97, 28, 34, 30, 7
0, 50, 59, 68, 87, 92, 95, 100, 95, 75, 94, 50, 94, 25, 100, 0, 1
46, 100, 12, 72, 0, 38, 14, 5, 63, 0, 100, 25, 54, 42, 1, 33, 6
75, 94, 62, 100, 22, 67, 0, 30, 35, 0, 100, 8, 78, 43, 16, 59, 6
0, 57, 57, 79, 83, 100, 60, 76, 62, 52, 68, 27, 66, 2, 100, 0, 1
0, 31, 35, 50, 69, 75, 100, 100, 91, 79, 69, 52, 49, 26, 34, 0, 1
0, 85, 39, 100, 84, 94, 62, 65, 77, 47, 100, 22, 63, 0, 25, 8, 3
0, 88, 49, 100, 87, 83, 78, 48, 74, 14, 72, 0, 48, 31, 100, 40, 7
37, 96, 80, 100, 100, 79, 58, 64, 100, 45, 99, 17, 55, 0, 0, 1, 3
100, 88, 47, 100, 28, 62, 74, 27, 55, 0, 0, 19, 32, 60, 86, 88, 8
42, 100, 20, 80, 0, 47, 39, 38, 100, 37, 98, 66, 83, 31, 83, 0, 4
21, 100, 0, 68, 18, 44, 70, 45, 100, 54, 69, 70, 68, 34, 65, 0, 4
0, 83, 13, 100, 43, 80, 29, 51, 2, 25, 3, 1, 51, 0, 100, 4, 2
100, 87, 66, 100, 28, 68, 11, 31, 41, 0, 92, 18, 51, 42, 0, 24, 6
27, 72, 42, 100, 87, 96, 69, 58, 35, 28, 0, 7, 50, 5, 100, 0, 2
5, 89, 0, 54, 40, 35, 45, 0, 11, 22, 9, 70, 44, 96, 100, 100, 5
100, 100, 52, 80, 16, 50, 0, 17, 48, 0, 97, 18, 69, 45, 16, 37, 6
0, 88, 48, 100, 78, 77, 43, 51, 55, 41, 100, 22, 67, 0, 16, 7, 3
35, 92, 21, 64, 66, 36, 37, 0, 0, 15, 10, 69, 46, 100, 100, 100, 5
0, 26, 34, 45, 68, 71, 100, 100, 86, 87, 59, 55, 32, 22, 5, 0, 1
53, 93, 0, 88, 58, 59, 49, 100, 44, 70, 100, 41, 58, 0, 0, 16, 9
0, 82, 41, 100, 95, 92, 83, 62, 73, 50, 100, 21, 59, 0, 5, 9, 3
50, 98, 12, 61, 55, 37, 17, 0, 0, 25, 1, 73, 35, 100, 100, 98, 5
0, 81, 53, 71, 100, 100, 47, 100, 14, 69, 77, 76, 78, 42, 61, 0, 9
85, 52, 85, 98, 0, 79, 65, 39, 100, 0, 9, 13, 62, 56, 100, 100, 8
0, 82, 51, 83, 86, 100, 56, 74, 42, 49, 40, 23, 16, 0, 100, 1, 1
14, 84, 0, 53, 79, 83, 9, 100, 8, 66, 100, 80, 67, 38, 14, 0, 9
50, 77, 57, 100, 100, 91, 77, 62, 95, 36, 90, 6, 42, 0, 0, 18, 3
59, 88, 89, 100, 100, 70, 60, 53, 83, 44, 84, 14, 42, 0, 0, 7, 3
0, 67, 52, 79, 81, 100, 88, 87, 88, 64, 88, 41, 90, 18, 100, 0, 1
12, 72, 50, 83, 92, 100, 100, 92, 75, 69, 47, 46, 22, 23, 0, 0, 1
77, 100, 40, 80, 75, 71, 100, 94, 89, 66, 81, 38, 47, 15, 0, 0, 9
36, 89, 73, 100, 75, 74, 48, 51, 14, 30, 0, 10, 51, 8, 100, 0, 2
5, 64, 28, 100, 63, 83, 43, 43, 8, 12, 0, 0, 50, 2, 100, 4, 2
18, 72, 59, 38, 64, 0, 0, 9, 50, 41, 100, 73, 73, 100, 9, 80, 8
14, 61, 12, 21, 48, 0, 85, 24, 100, 63, 83, 99, 36, 100, 0, 75, 0
0, 95, 45, 100, 60, 64, 43, 20, 23, 0, 5, 39, 52, 40, 100, 36, 7
81, 100, 52, 87, 19, 65, 0, 44, 89, 40, 100, 43, 78, 21, 78, 0, 4
0, 65, 25, 79, 55, 100, 62, 92, 62, 68, 62, 44, 78, 22, 100, 0, 1
0, 60, 34, 83, 57, 100, 51, 64, 48, 29, 13, 0, 20, 2, 100, 4, 1
8, 81, 53, 100, 100, 94, 64, 66, 77, 54, 99, 30, 54, 8, 0, 0, 3
0, 54, 53, 76, 98, 100, 91, 94, 84, 68, 79, 42, 70, 16, 100, 0, 1
64, 94, 50, 74, 90, 36, 55, 0, 0, 15, 48, 51, 100, 86, 24, 100, 8
23, 49, 81, 69, 100, 100, 35, 87, 33, 53, 68, 21, 13, 0, 0, 28, 8
0, 93, 40, 100, 57, 56, 44, 5, 20, 0, 18, 34, 59, 44, 100, 54, 7
34, 100, 21, 73, 0, 44, 79, 40, 97, 62, 100, 54, 86, 22, 79, 0, 4
34, 89, 96, 100, 93, 99, 24, 86, 60, 72, 100, 46, 63, 16, 0, 0, 5
47, 100, 77, 100, 72, 55, 42, 19, 0, 0, 5, 12, 52, 7, 100, 0, 2
0, 68, 16, 97, 56, 100, 62, 66, 43, 33, 23, 2, 61, 0, 100, 0, 2
80, 50, 77, 96, 21, 100, 58, 55, 77, 9, 0, 0, 24, 46, 100, 82, 8
13, 99, 0, 59, 10, 17, 62, 0, 100, 30, 87, 72, 41, 100, 0, 75, 0
19, 100, 0, 78, 23, 50, 100, 55, 84, 79, 64, 68, 60, 34, 57, 0, 4
18, 85, 41, 46, 37, 1, 3, 0, 0, 47, 7, 91, 53, 97, 100, 100, 5
0, 95, 36, 100, 77, 83, 76, 40, 54, 0, 26, 24, 54, 34, 100, 39, 7
0, 44, 26, 62, 62, 81, 100, 100, 97, 78, 79, 52, 64, 26, 53, 0, 1
75, 67, 92, 100, 40, 95, 68, 70, 100, 70, 94, 29, 56, 0, 0, 0, 9
61, 85, 47, 100, 8, 70, 0, 34, 41, 7, 100, 11, 55, 24, 9, 0, 6
62, 90, 100, 100, 90, 95, 54, 84, 46, 55, 64, 24, 35, 0, 0, 4, 5
13, 65, 26, 100, 53, 72, 38, 29, 0, 0, 1, 4, 50, 6, 100, 1, 2
19, 100, 69, 92, 68, 53, 53, 15, 67, 0, 100, 27, 54, 47, 0, 56, 7
22, 67, 30, 100, 65, 72, 54, 31, 12, 5, 0, 12, 54, 0, 100, 13, 2
100, 100, 57, 84, 24, 58, 0, 29, 12, 0, 69, 5, 64, 32, 4, 35, 6
71, 100, 47, 87, 21, 60, 0, 33, 24, 12, 97, 26, 100, 26, 76, 0, 4
70, 98, 0, 99, 36, 48, 93, 0, 4, 0, 16, 46, 100, 79, 48, 100, 8
69, 76, 77, 100, 100, 83, 74, 58, 93, 35, 86, 7, 43, 0, 0, 6, 3
7, 68, 22, 100, 54, 84, 42, 48, 15, 16, 0, 9, 50, 9, 100, 0, 2
100, 100, 61, 82, 29, 57, 8, 29, 22, 0, 66, 3, 45, 20, 0, 15, 6
34, 80, 61, 100, 56, 60, 28, 28, 0, 0, 33, 5, 67, 7, 100, 7, 2
0, 100, 31, 67, 98, 38, 86, 0, 15, 8, 65, 45, 100, 84, 26, 86, 8
68, 89, 17, 100, 28, 63, 72, 28, 36, 0, 0, 32, 47, 64, 100, 95, 8
78, 71, 36, 71, 20, 95, 75, 100, 100, 74, 78, 46, 40, 21, 0, 0, 9
93, 95, 40, 98, 9, 62, 0, 21, 47, 0, 100, 22, 99, 63, 69, 100, 0
0, 93, 59, 100, 100, 80, 76, 46, 58, 12, 42, 0, 9, 32, 69, 42, 7
20, 85, 89, 100, 100, 68, 62, 34, 22, 0, 0, 12, 20, 32, 100, 40, 7
32, 95, 89, 100, 100, 80, 64, 41, 47, 1, 31, 0, 0, 36, 91, 37, 7
57, 89, 100, 98, 70, 100, 33, 78, 37, 47, 77, 34, 45, 7, 0, 0, 5
56, 100, 6, 76, 0, 55, 78, 62, 100, 84, 68, 57, 44, 29, 32, 0, 4
32, 100, 23, 90, 0, 46, 57, 28, 100, 35, 75, 80, 46, 45, 22, 0, 4
5, 70, 8, 20, 49, 0, 93, 18, 100, 65, 67, 100, 20, 97, 0, 57, 0
0, 83, 32, 100, 67, 93, 52, 59, 26, 29, 18, 5, 60, 0, 100, 3, 2
80, 100, 30, 86, 5, 55, 1, 21, 49, 0, 100, 22, 55, 35, 0, 15, 6
25, 95, 0, 69, 10, 34, 92, 37, 100, 69, 62, 100, 69, 50, 70, 0, 4
4, 55, 60, 77, 100, 100, 80, 92, 56, 70, 40, 46, 32, 23, 0, 0, 1
0, 0, 54, 27, 80, 57, 100, 89, 95, 100, 85, 68, 80, 36, 78, 4, 1
83, 73, 74, 100, 4, 82, 0, 59, 74, 73, 100, 54, 65, 21, 2, 0, 9
37, 100, 16, 60, 63, 42, 31, 0, 3, 19, 0, 75, 47, 90, 100, 97, 5
0, 79, 25, 100, 62, 98, 69, 66, 47, 37, 27, 8, 63, 1, 100, 0, 2
24, 100, 0, 78, 2, 45, 80, 45, 100, 75, 72, 71, 37, 36, 8, 0, 4
15, 88, 22, 69, 86, 46, 68, 0, 0, 6, 4, 62, 25, 94, 100, 100, 5
40, 88, 99, 100, 78, 94, 25, 75, 74, 69, 100, 42, 62, 13, 0, 0, 5
84, 91, 42, 100, 36, 70, 83, 87, 94, 51, 100, 6, 50, 0, 0, 6, 9
82, 96, 63, 62, 100, 25, 45, 0, 18, 32, 77, 65, 97, 100, 0, 98, 8
0, 97, 77, 100, 86, 70, 74, 40, 56, 10, 30, 0, 14, 25, 100, 30, 7
0, 77, 17, 100, 55, 96, 58, 62, 40, 31, 22, 1, 60, 0, 100, 3, 2
19, 91, 58, 100, 100, 88, 69, 60, 51, 37, 93, 17, 53, 0, 0, 1, 3
100, 78, 43, 100, 2, 72, 51, 35, 46, 0, 0, 24, 50, 58, 76, 90, 8
0, 45, 53, 36, 62, 0, 7, 6, 52, 38, 100, 70, 71, 100, 11, 84, 8
90, 52, 79, 100, 0, 99, 19, 50, 66, 4, 16, 0, 34, 51, 100, 86, 8
84, 72, 65, 100, 16, 73, 51, 36, 65, 0, 0, 5, 37, 39, 100, 61, 8
0, 94, 45, 100, 100, 93, 85, 47, 73, 0, 44, 3, 29, 31, 92, 35, 7
10, 81, 41, 59, 100, 46, 89, 0, 31, 3, 0, 49, 10, 93, 75, 100, 5
25, 98, 0, 64, 83, 72, 79, 22, 12, 0, 9, 51, 8, 95, 100, 100, 5
67, 75, 79, 100, 94, 74, 72, 42, 38, 15, 0, 0, 47, 5, 100, 1, 2
100, 100, 63, 81, 44, 55, 39, 28, 42, 1, 68, 0, 49, 25, 0, 27, 6
0, 100, 40, 97, 100, 83, 92, 53, 77, 23, 59, 0, 24, 25, 100, 33, 7
26, 71, 54, 100, 77, 81, 52, 49, 17, 21, 0, 12, 50, 12, 100, 0, 2
45, 77, 89, 66, 96, 100, 46, 88, 90, 72, 100, 35, 62, 3, 0, 0, 9
33, 74, 4, 93, 73, 100, 55, 72, 38, 50, 100, 35, 73, 8, 0, 0, 3
10, 97, 0, 46, 20, 0, 70, 12, 100, 55, 87, 100, 37, 86, 10, 43, 0
60, 100, 18, 97, 0, 49, 23, 3, 75, 0, 100, 45, 82, 91, 32, 89, 0
100, 91, 58, 100, 32, 75, 77, 87, 77, 76, 52, 43, 28, 10, 0, 0, 9
0, 60, 24, 82, 84, 100, 100, 90, 73, 68, 43, 44, 18, 22, 14, 0, 1
100, 89, 41, 100, 0, 77, 59, 71, 84, 87, 57, 57, 30, 29, 7, 0, 9
92, 72, 36, 59, 1, 82, 54, 100, 100, 82, 80, 48, 40, 19, 0, 0, 9
100, 88, 54, 76, 12, 80, 46, 100, 79, 84, 53, 54, 20, 28, 0, 0, 9
18, 91, 86, 100, 100, 99, 36, 85, 1, 49, 70, 37, 68, 2, 0, 0, 5
59, 100, 6, 57, 100, 72, 26, 86, 64, 46, 0, 0, 91, 10, 35, 34, 8
18, 64, 37, 100, 40, 99, 39, 59, 38, 19, 0, 0, 47, 0, 100, 1, 1
0, 100, 67, 100, 73, 69, 40, 35, 13, 0, 0, 23, 16, 47, 100, 51, 7
27, 97, 71, 100, 77, 79, 67, 60, 100, 40, 87, 12, 45, 1, 0, 0, 3
21, 69, 0, 48, 19, 7, 61, 0, 94, 30, 100, 74, 67, 100, 29, 83, 0
16, 92, 11, 30, 51, 0, 94, 0, 100, 57, 63, 98, 20, 100, 0, 43, 0
0, 84, 51, 100, 90, 74, 77, 36, 57, 0, 37, 25, 32, 41, 100, 49, 7
100, 63, 39, 53, 0, 66, 36, 93, 82, 100, 89, 67, 88, 33, 91, 0, 9
38, 85, 69, 100, 76, 75, 55, 50, 100, 34, 77, 11, 28, 0, 0, 8, 3
72, 97, 64, 54, 69, 0, 0, 13, 28, 50, 100, 73, 96, 100, 19, 90, 8
19, 91, 0, 52, 10, 10, 63, 0, 99, 32, 100, 75, 56, 100, 7, 80, 0
22, 100, 0, 81, 40, 60, 100, 66, 91, 99, 64, 67, 46, 34, 34, 0, 4
30, 80, 66, 100, 88, 77, 48, 51, 71, 44, 100, 18, 52, 0, 0, 5, 3
0, 82, 33, 100, 61, 87, 49, 50, 24, 18, 24, 0, 68, 0, 100, 8, 2
0, 87, 40, 100, 100, 98, 89, 60, 78, 21, 62, 0, 25, 31, 61, 45, 7
33, 100, 0, 78, 1, 36, 30, 0, 82, 6, 100, 46, 80, 85, 28, 96, 0
42, 100, 20, 71, 100, 84, 20, 97, 0, 48, 14, 0, 73, 24, 8, 58, 8
0, 51, 20, 66, 52, 84, 85, 100, 100, 86, 85, 57, 68, 29, 58, 0, 1
84, 90, 0, 91, 51, 56, 98, 19, 36, 0, 43, 40, 100, 75, 62, 100, 8
35, 96, 0, 71, 35, 36, 36, 0, 3, 16, 9, 68, 45, 100, 100, 92, 5
0, 81, 29, 100, 61, 87, 56, 49, 34, 17, 35, 0, 69, 2, 100, 5, 2
0, 55, 41, 80, 62, 100, 48, 66, 35, 32, 11, 0, 7, 4, 100, 4, 1
81, 100, 32, 82, 6, 55, 0, 27, 23, 0, 100, 0, 97, 25, 16, 18, 6
0, 93, 40, 100, 57, 61, 51, 17, 35, 0, 12, 37, 54, 48, 100, 49, 7
2, 75, 37, 100, 56, 99, 58, 61, 46, 25, 0, 0, 34, 5, 100, 8, 1
20, 100, 6, 61, 25, 28, 18, 0, 0, 27, 11, 63, 55, 75, 100, 82, 5
100, 100, 49, 77, 17, 51, 2, 24, 24, 0, 100, 10, 73, 35, 0, 42, 6
79, 100, 41, 82, 0, 61, 23, 45, 77, 37, 86, 54, 86, 25, 100, 0, 4
27, 82, 65, 100, 100, 89, 69, 62, 33, 39, 0, 15, 37, 1, 88, 0, 2
51, 54, 100, 87, 36, 100, 19, 62, 44, 22, 2, 0, 0, 37, 78, 57, 8
100, 100, 79, 86, 62, 71, 50, 57, 33, 43, 21, 28, 8, 14, 0, 0, 1
100, 100, 70, 86, 53, 72, 37, 58, 20, 43, 10, 29, 0, 14, 13, 0, 1
21, 85, 57, 100, 63, 71, 30, 55, 85, 47, 100, 15, 48, 0, 0, 11, 3
100, 100, 58, 96, 20, 95, 0, 62, 28, 58, 66, 45, 55, 11, 17, 0, 5
54, 87, 85, 100, 76, 71, 65, 47, 100, 21, 77, 0, 33, 5, 0, 22, 3
52, 100, 12, 74, 0, 41, 12, 9, 66, 0, 100, 27, 98, 60, 79, 93, 0
24, 72, 50, 100, 61, 64, 33, 33, 0, 12, 29, 19, 64, 0, 100, 10, 2
31, 97, 100, 100, 25, 94, 12, 62, 48, 62, 94, 33, 60, 0, 0, 5, 5
14, 100, 14, 92, 0, 65, 55, 55, 100, 72, 72, 53, 49, 27, 29, 0, 4
44, 100, 20, 63, 22, 22, 63, 0, 100, 29, 95, 69, 47, 89, 0, 74, 0
0, 83, 20, 100, 67, 96, 73, 74, 64, 51, 51, 30, 56, 9, 100, 0, 2
0, 100, 59, 97, 81, 66, 63, 32, 44, 0, 3, 25, 37, 34, 100, 39, 7
86, 70, 51, 100, 0, 76, 78, 41, 100, 0, 0, 13, 40, 54, 98, 80, 8
29, 97, 59, 100, 46, 72, 14, 58, 0, 43, 32, 27, 64, 9, 100, 0, 2
0, 98, 49, 100, 64, 89, 47, 44, 42, 0, 8, 37, 48, 49, 100, 51, 7
16, 86, 44, 100, 35, 59, 12, 25, 0, 4, 33, 3, 66, 1, 100, 0, 2
0, 89, 29, 100, 66, 87, 70, 66, 84, 46, 100, 26, 75, 8, 25, 0, 3
0, 84, 54, 100, 100, 79, 95, 42, 69, 8, 29, 0, 28, 26, 90, 30, 7
38, 100, 6, 73, 0, 41, 71, 37, 100, 67, 80, 63, 49, 32, 21, 0, 4
88, 83, 71, 100, 44, 78, 86, 77, 100, 64, 87, 21, 46, 1, 0, 0, 9
0, 95, 54, 100, 66, 90, 55, 46, 51, 0, 18, 16, 45, 27, 100, 29, 7
62, 81, 22, 80, 0, 38, 23, 0, 71, 4, 100, 43, 84, 88, 40, 100, 0
43, 100, 0, 73, 6, 44, 90, 41, 100, 54, 56, 68, 52, 34, 62, 0, 4
49, 100, 16, 85, 0, 64, 20, 47, 88, 51, 100, 43, 84, 22, 71, 0, 4
0, 96, 43, 100, 76, 92, 54, 48, 36, 0, 21, 13, 56, 32, 100, 36, 7
30, 73, 81, 71, 82, 100, 33, 91, 81, 68, 100, 35, 55, 9, 0, 0, 9
72, 100, 1, 75, 0, 42, 100, 38, 99, 66, 65, 83, 61, 42, 64, 0, 4
48, 84, 99, 100, 100, 94, 53, 74, 48, 44, 90, 26, 55, 0, 0, 1, 5
0, 74, 68, 69, 90, 100, 13, 91, 42, 70, 100, 77, 83, 39, 79, 0, 9
14, 90, 65, 100, 100, 84, 57, 65, 71, 53, 91, 26, 56, 3, 0, 0, 3
100, 91, 75, 100, 47, 79, 39, 45, 73, 40, 78, 13, 41, 0, 0, 0, 5
78, 72, 60, 100, 24, 68, 69, 32, 57, 0, 0, 29, 36, 67, 100, 98, 8
62, 100, 13, 81, 0, 50, 100, 56, 77, 78, 57, 88, 62, 35, 65, 0, 4
87, 86, 46, 100, 17, 70, 75, 75, 100, 80, 94, 39, 58, 6, 0, 0, 9
100, 100, 72, 81, 55, 55, 45, 27, 48, 0, 72, 5, 36, 18, 0, 12, 6
72, 65, 53, 100, 0, 88, 39, 64, 75, 83, 100, 42, 84, 4, 27, 0, 9
42, 97, 4, 72, 33, 33, 42, 0, 0, 22, 56, 54, 100, 89, 44, 100, 8
14, 77, 37, 100, 51, 74, 32, 41, 0, 18, 33, 16, 68, 0, 100, 18, 2
41, 100, 3, 64, 0, 13, 50, 0, 95, 31, 100, 80, 50, 87, 22, 44, 0
30, 68, 63, 99, 76, 100, 65, 60, 44, 23, 0, 0, 46, 2, 100, 10, 1
70, 100, 33, 89, 0, 56, 2, 18, 62, 0, 100, 27, 40, 43, 0, 17, 6
0, 89, 53, 100, 91, 77, 77, 36, 49, 0, 23, 19, 43, 43, 100, 44, 7
0, 93, 64, 100, 100, 79, 54, 55, 23, 43, 86, 34, 74, 5, 10, 0, 3
18, 67, 0, 42, 23, 2, 68, 0, 100, 32, 93, 77, 54, 100, 21, 76, 0
100, 62, 79, 100, 34, 94, 4, 59, 0, 13, 44, 0, 79, 22, 85, 61, 0
24, 64, 38, 100, 68, 92, 48, 56, 17, 25, 0, 5, 51, 0, 100, 9, 2
4, 57, 39, 95, 49, 100, 51, 47, 24, 8, 0, 0, 53, 2, 100, 5, 1
0, 100, 44, 97, 60, 58, 46, 17, 26, 0, 5, 38, 51, 49, 100, 56, 7
42, 91, 73, 64, 100, 95, 48, 100, 81, 73, 100, 38, 64, 4, 0, 0, 9
25, 96, 76, 100, 84, 73, 43, 51, 80, 39, 100, 13, 52, 1, 0, 0, 3
17, 98, 77, 100, 85, 66, 68, 32, 42, 0, 0, 26, 38, 50, 100, 60, 7
100, 100, 67, 81, 41, 62, 20, 41, 8, 20, 18, 0, 47, 10, 0, 20, 6
0, 91, 42, 100, 71, 75, 59, 37, 51, 0, 27, 34, 50, 54, 100, 56, 7
0, 76, 28, 100, 66, 93, 61, 57, 35, 29, 19, 7, 60, 6, 100, 0, 2
0, 77, 18, 100, 23, 90, 25, 57, 26, 25, 2, 0, 13, 4, 100, 8, 1
100, 100, 51, 81, 7, 61, 0, 42, 67, 51, 51, 46, 23, 23, 9, 0, 4
0, 96, 46, 100, 73, 68, 61, 34, 34, 0, 4, 1, 28, 23, 100, 30, 7
100, 100, 43, 95, 56, 56, 59, 17, 0, 0, 17, 34, 65, 65, 72, 95, 8
27, 69, 56, 100, 64, 87, 58, 47, 37, 12, 0, 0, 50, 2, 100, 5, 1
0, 62, 20, 90, 58, 100, 58, 71, 37, 41, 23, 9, 58, 0, 100, 4, 2
24, 95, 97, 100, 22, 92, 19, 55, 71, 70, 100, 32, 54, 0, 0, 21, 5
64, 100, 53, 87, 20, 59, 0, 28, 24, 0, 85, 0, 100, 26, 41, 33, 6
100, 100, 95, 85, 84, 70, 71, 55, 55, 41, 36, 27, 14, 13, 0, 0, 1
0, 64, 34, 76, 73, 94, 100, 100, 82, 75, 67, 50, 53, 25, 42, 0, 1
77, 69, 97, 100, 28, 80, 53, 38, 78, 0, 0, 7, 30, 43, 100, 69, 8
0, 75, 31, 99, 81, 100, 100, 69, 90, 34, 76, 0, 53, 8, 88, 23, 7
10, 86, 69, 100, 39, 91, 3, 66, 44, 47, 100, 36, 61, 11, 0, 0, 5
74, 98, 10, 96, 44, 61, 100, 29, 48, 0, 0, 28, 39, 67, 40, 100, 8
48, 97, 9, 63, 0, 15, 49, 0, 94, 27, 100, 73, 55, 100, 5, 82, 0
100, 91, 58, 100, 20, 75, 0, 38, 11, 0, 56, 3, 61, 37, 20, 33, 6
2, 100, 51, 92, 58, 61, 51, 29, 29, 0, 0, 10, 38, 27, 100, 29, 7
42, 68, 0, 73, 1, 95, 44, 100, 82, 87, 100, 59, 91, 29, 74, 0, 9
38, 88, 51, 100, 60, 74, 35, 47, 0, 24, 9, 16, 51, 0, 100, 9, 2
0, 59, 18, 94, 52, 100, 52, 61, 32, 26, 24, 0, 62, 7, 100, 14, 2
0, 60, 40, 87, 57, 100, 52, 66, 55, 32, 43, 2, 24, 0, 100, 5, 1
100, 85, 24, 100, 2, 73, 77, 42, 85, 0, 0, 14, 33, 56, 81, 87, 8
0, 85, 41, 100, 70, 82, 54, 53, 100, 49, 90, 21, 51, 2, 5, 0, 3
28, 93, 31, 53, 54, 15, 0, 0, 11, 36, 61, 67, 100, 100, 30, 98, 8
14, 85, 0, 48, 25, 10, 73, 0, 100, 35, 85, 76, 43, 100, 0, 84, 0
22, 77, 62, 100, 90, 74, 55, 43, 93, 49, 100, 18, 42, 0, 0, 22, 3
30, 100, 0, 72, 13, 43, 66, 40, 100, 62, 92, 60, 68, 30, 49, 0, 4
0, 84, 46, 57, 89, 28, 68, 0, 41, 24, 70, 54, 100, 85, 41, 100, 8
27, 91, 37, 99, 100, 100, 78, 77, 63, 53, 75, 29, 57, 5, 0, 0, 3
0, 81, 38, 100, 66, 74, 42, 36, 6, 10, 10, 1, 55, 6, 100, 0, 2
67, 100, 26, 92, 0, 56, 9, 12, 49, 0, 88, 15, 100, 60, 70, 90, 0
97, 85, 53, 100, 12, 78, 74, 74, 97, 86, 100, 44, 61, 12, 0, 0, 9
90, 100, 44, 77, 13, 49, 0, 21, 38, 0, 100, 13, 90, 37, 18, 39, 6
36, 88, 23, 59, 100, 55, 92, 16, 20, 0, 0, 35, 8, 76, 73, 100, 5
100, 100, 87, 85, 56, 64, 30, 41, 13, 17, 41, 0, 44, 15, 0, 14, 6
0, 84, 36, 100, 53, 79, 28, 50, 7, 22, 27, 0, 76, 5, 100, 14, 2
0, 91, 50, 100, 84, 73, 79, 36, 66, 0, 27, 21, 45, 37, 100, 37, 7
13, 85, 21, 100, 57, 83, 44, 58, 71, 38, 100, 17, 57, 2, 0, 0, 3
8, 95, 26, 71, 82, 45, 55, 0, 0, 12, 0, 65, 28, 100, 100, 98, 5
0, 81, 25, 100, 69, 85, 70, 42, 59, 0, 22, 18, 49, 38, 100, 42, 7
59, 100, 20, 82, 0, 49, 59, 35, 100, 58, 91, 64, 60, 32, 35, 0, 4
90, 100, 33, 98, 44, 58, 99, 72, 95, 80, 100, 32, 61, 0, 0, 16, 9
100, 93, 73, 100, 43, 98, 34, 66, 50, 50, 61, 34, 31, 17, 0, 0, 5
100, 100, 52, 98, 19, 69, 0, 34, 10, 0, 58, 8, 54, 41, 16, 29, 6
55, 100, 0, 89, 28, 57, 69, 28, 35, 0, 24, 26, 59, 59, 100, 89, 8
99, 100, 54, 85, 17, 54, 15, 18, 71, 0, 100, 21, 37, 36, 0, 18, 6
0, 57, 24, 68, 60, 88, 100, 100, 93, 74, 83, 50, 72, 25, 69, 0, 1
61, 100, 32, 73, 0, 44, 28, 36, 81, 54, 100, 63, 90, 31, 80, 0, 4
0, 84, 43, 100, 98, 98, 87, 70, 63, 48, 100, 22, 52, 10, 0, 0, 3
0, 37, 30, 58, 65, 78, 100, 100, 75, 77, 52, 52, 33, 26, 18, 0, 1
86, 100, 59, 92, 19, 64, 0, 33, 21, 2, 94, 0, 100, 25, 26, 20, 6
1, 66, 32, 100, 35, 99, 32, 62, 32, 26, 0, 0, 11, 1, 100, 5, 1
0, 67, 17, 100, 56, 99, 49, 55, 25, 16, 14, 0, 56, 13, 100, 13, 2
33, 75, 69, 100, 90, 94, 79, 55, 55, 19, 0, 0, 34, 3, 100, 7, 1
99, 100, 33, 82, 0, 52, 100, 53, 95, 83, 78, 90, 70, 35, 70, 0, 4
4, 84, 38, 100, 51, 76, 38, 50, 17, 25, 0, 0, 49, 3, 100, 4, 2
23, 100, 0, 56, 8, 9, 58, 0, 98, 31, 100, 79, 55, 99, 17, 67, 0
100, 100, 91, 90, 76, 75, 62, 60, 44, 45, 29, 30, 15, 15, 0, 0, 1
88, 100, 65, 83, 33, 54, 0, 30, 65, 27, 100, 48, 98, 31, 94, 0, 4
100, 100, 58, 95, 23, 68, 1, 38, 0, 5, 55, 0, 57, 25, 7, 19, 6
8, 69, 0, 91, 45, 100, 100, 93, 75, 70, 49, 47, 26, 23, 26, 0, 7
32, 58, 21, 36, 18, 0, 70, 8, 100, 41, 95, 79, 53, 100, 0, 88, 0
100, 68, 75, 100, 28, 83, 44, 42, 49, 0, 0, 4, 31, 40, 90, 59, 8
35, 75, 58, 100, 82, 83, 64, 51, 100, 37, 74, 8, 33, 0, 0, 11, 3
0, 93, 45, 100, 81, 71, 81, 32, 69, 0, 21, 25, 35, 31, 100, 34, 7
0, 62, 30, 95, 36, 100, 34, 64, 41, 29, 0, 2, 16, 4, 100, 0, 1
100, 100, 63, 81, 33, 61, 9, 40, 0, 17, 23, 0, 44, 20, 5, 16, 6
100, 97, 47, 100, 35, 69, 67, 37, 57, 4, 0, 0, 22, 30, 66, 56, 8
59, 79, 92, 70, 76, 100, 66, 82, 100, 59, 82, 19, 44, 0, 0, 1, 9
4, 77, 54, 100, 53, 97, 53, 56, 52, 15, 0, 0, 51, 4, 100, 9, 1
100, 100, 67, 84, 34, 62, 10, 38, 0, 11, 42, 0, 32, 24, 1, 20, 6
0, 97, 60, 100, 42, 99, 5, 69, 44, 59, 100, 43, 69, 0, 0, 13, 5
0, 79, 33, 100, 63, 82, 44, 49, 14, 22, 19, 1, 59, 1, 100, 0, 2
100, 100, 57, 92, 24, 87, 0, 58, 33, 57, 66, 42, 48, 13, 8, 0, 5
32, 77, 52, 100, 91, 90, 79, 61, 100, 38, 95, 11, 43, 0, 0, 17, 3
100, 100, 65, 89, 35, 63, 9, 34, 0, 2, 44, 0, 55, 25, 7, 19, 6
12, 69, 88, 84, 100, 100, 71, 80, 47, 60, 29, 40, 12, 19, 0, 0, 1
96, 64, 100, 100, 50, 99, 15, 68, 0, 31, 22, 0, 47, 27, 14, 25, 6
11, 75, 26, 100, 46, 81, 28, 46, 0, 17, 21, 19, 59, 0, 100, 11, 2
100, 99, 68, 100, 32, 70, 10, 35, 20, 0, 76, 4, 59, 31, 0, 23, 6
23, 86, 62, 100, 71, 71, 41, 43, 0, 24, 7, 17, 52, 7, 100, 0, 2
92, 93, 50, 100, 41, 65, 88, 79, 100, 74, 91, 29, 53, 0, 0, 4, 9
20, 87, 100, 100, 80, 83, 40, 66, 20, 49, 0, 33, 0, 15, 100, 0, 1
100, 100, 100, 92, 67, 77, 33, 62, 33, 46, 33, 30, 0, 15, 0, 0, 1
84, 100, 52, 90, 13, 57, 2, 19, 58, 0, 100, 25, 46, 44, 0, 19, 6
0, 100, 40, 94, 60, 63, 50, 26, 33, 0, 19, 32, 59, 40, 100, 48, 7
82, 94, 18, 100, 28, 65, 68, 30, 34, 0, 0, 24, 47, 56, 100, 86, 8
100, 66, 68, 45, 49, 71, 80, 100, 95, 67, 78, 30, 45, 0, 0, 3, 9
67, 92, 0, 93, 16, 57, 100, 29, 78, 0, 14, 25, 43, 64, 67, 100, 8
63, 90, 100, 100, 62, 84, 42, 58, 82, 46, 79, 17, 42, 3, 0, 0, 5
4, 65, 28, 100, 38, 100, 36, 61, 38, 22, 0, 0, 42, 5, 100, 8, 1
46, 45, 0, 58, 20, 83, 69, 100, 100, 81, 91, 53, 69, 27, 48, 0, 9
86, 100, 47, 80, 14, 54, 0, 26, 17, 0, 100, 8, 92, 33, 19, 50, 6
100, 100, 55, 80, 21, 54, 0, 26, 28, 0, 98, 5, 79, 26, 7, 19, 6
83, 100, 38, 82, 81, 87, 94, 85, 100, 53, 100, 20, 53, 6, 0, 0, 9
0, 43, 1, 33, 41, 0, 100, 15, 99, 63, 61, 100, 8, 75, 4, 28, 0
27, 72, 56, 100, 60, 66, 35, 26, 0, 12, 32, 16, 69, 0, 100, 10, 2
3, 94, 51, 100, 100, 100, 72, 79, 51, 56, 68, 30, 46, 9, 0, 0, 3
30, 88, 74, 100, 100, 88, 66, 69, 74, 46, 90, 22, 50, 7, 0, 0, 3
100, 100, 62, 84, 26, 56, 0, 25, 28, 0, 83, 16, 64, 44, 13, 26, 6
0, 98, 80, 100, 100, 68, 87, 33, 59, 0, 19, 16, 10, 43, 93, 49, 7
100, 100, 71, 96, 38, 74, 11, 50, 0, 21, 27, 0, 63, 16, 39, 39, 6
23, 100, 18, 78, 36, 40, 17, 0, 0, 51, 21, 83, 61, 84, 100, 82, 5
60, 100, 36, 85, 7, 54, 4, 20, 52, 0, 100, 18, 54, 38, 0, 23, 6
55, 100, 22, 88, 0, 72, 1, 53, 32, 41, 67, 32, 95, 19, 100, 0, 4
38, 100, 15, 59, 18, 13, 63, 0, 100, 33, 96, 77, 48, 90, 0, 72, 0
0, 55, 43, 71, 90, 91, 100, 100, 94, 75, 87, 50, 76, 25, 69, 0, 1
81, 100, 42, 80, 0, 49, 57, 38, 100, 49, 68, 70, 67, 35, 63, 0, 4
20, 88, 29, 53, 73, 35, 42, 0, 0, 3, 20, 59, 53, 98, 100, 100, 5
0, 98, 38, 100, 61, 62, 61, 16, 39, 0, 18, 37, 58, 41, 100, 37, 7
81, 98, 26, 93, 59, 67, 95, 100, 88, 66, 100, 24, 48, 0, 0, 14, 9
25, 84, 64, 100, 82, 71, 42, 52, 95, 42, 100, 9, 46, 0, 0, 12, 3
0, 80, 35, 100, 75, 96, 59, 62, 100, 56, 99, 22, 64, 0, 24, 6, 3
6, 78, 53, 100, 61, 70, 55, 54, 100, 35, 82, 3, 21, 0, 0, 26, 3
80, 70, 57, 100, 15, 73, 0, 30, 34, 0, 83, 15, 100, 56, 75, 88, 0
38, 78, 73, 100, 92, 70, 58, 48, 100, 39, 85, 6, 33, 0, 0, 28, 3
26, 83, 26, 14, 66, 3, 100, 47, 89, 100, 45, 86, 6, 47, 0, 0, 0
23, 82, 57, 100, 60, 70, 34, 42, 0, 22, 20, 12, 59, 8, 100, 0, 2
41, 91, 53, 62, 95, 30, 52, 0, 14, 16, 0, 53, 17, 87, 100, 100, 5
0, 93, 2, 43, 21, 0, 67, 8, 100, 45, 100, 92, 54, 100, 21, 68, 0
26, 100, 0, 84, 22, 56, 100, 57, 52, 92, 48, 85, 44, 36, 40, 0, 4
63, 100, 18, 89, 0, 44, 14, 0, 62, 12, 96, 49, 100, 95, 54, 93, 0
100, 100, 45, 91, 7, 63, 0, 30, 33, 1, 89, 0, 63, 28, 7, 31, 6
48, 94, 40, 69, 79, 37, 53, 0, 3, 19, 0, 64, 34, 95, 100, 100, 5
31, 95, 24, 52, 49, 23, 14, 0, 0, 40, 19, 78, 56, 99, 100, 100, 5
20, 86, 42, 100, 38, 64, 11, 35, 0, 22, 35, 0, 75, 1, 100, 31, 2
61, 100, 1, 74, 0, 47, 100, 48, 95, 73, 64, 76, 54, 36, 52, 0, 4
1, 90, 42, 100, 76, 89, 59, 61, 100, 44, 100, 18, 55, 2, 0, 0, 3
61, 100, 34, 75, 0, 44, 55, 37, 100, 49, 76, 70, 66, 35, 70, 0, 4
7, 77, 54, 48, 76, 10, 24, 0, 49, 36, 100, 69, 80, 100, 0, 84, 8
63, 96, 3, 100, 26, 61, 54, 21, 9, 0, 0, 28, 50, 56, 100, 84, 8
42, 100, 12, 74, 0, 45, 65, 51, 100, 76, 85, 55, 62, 27, 37, 0, 4
16, 89, 1, 48, 23, 9, 72, 0, 100, 34, 87, 76, 45, 100, 0, 83, 0
24, 96, 91, 100, 100, 95, 32, 92, 25, 62, 87, 51, 62, 0, 0, 6, 5
36, 92, 7, 77, 0, 30, 35, 0, 81, 15, 100, 58, 76, 99, 27, 100, 0
74, 100, 10, 93, 15, 69, 77, 80, 78, 66, 100, 30, 66, 4, 0, 0, 9
19, 86, 17, 47, 59, 32, 21, 0, 1, 38, 0, 90, 49, 98, 100, 100, 5
100, 100, 57, 98, 18, 90, 0, 62, 22, 55, 57, 40, 42, 12, 4, 0, 5
15, 85, 9, 47, 70, 44, 54, 0, 9, 12, 0, 68, 37, 97, 100, 100, 5
75, 100, 25, 84, 55, 49, 63, 14, 0, 0, 3, 21, 58, 46, 100, 77, 8
100, 53, 95, 92, 46, 100, 11, 69, 0, 26, 34, 0, 76, 25, 88, 62, 0
100, 71, 72, 100, 34, 78, 84, 71, 98, 71, 91, 29, 48, 2, 0, 0, 9
94, 100, 8, 82, 79, 46, 99, 4, 0, 0, 15, 41, 100, 72, 47, 96, 8
0, 96, 51, 100, 58, 78, 38, 56, 13, 35, 0, 14, 42, 1, 100, 0, 2
0, 86, 24, 71, 84, 95, 22, 100, 28, 77, 100, 81, 97, 40, 97, 0, 9
83, 100, 100, 91, 78, 76, 61, 61, 44, 45, 28, 30, 11, 15, 0, 0, 1
100, 100, 57, 91, 28, 63, 6, 33, 9, 1, 62, 0, 59, 22, 0, 12, 6
33, 66, 53, 100, 53, 91, 58, 53, 51, 17, 0, 0, 35, 3, 100, 6, 1
21, 67, 27, 49, 39, 21, 0, 0, 12, 28, 26, 59, 48, 88, 100, 100, 5
97, 66, 100, 100, 53, 84, 59, 43, 50, 4, 0, 0, 25, 36, 83, 57, 8
23, 75, 53, 100, 75, 78, 44, 50, 0, 32, 2, 18, 50, 8, 100, 0, 2
44, 100, 15, 79, 0, 47, 68, 42, 100, 71, 82, 60, 52, 30, 25, 0, 4
100, 100, 61, 92, 96, 89, 88, 70, 89, 44, 88, 18, 49, 4, 0, 0, 9
0, 45, 35, 62, 67, 82, 100, 100, 91, 74, 74, 50, 56, 24, 38, 0, 1
56, 100, 0, 98, 6, 72, 60, 78, 77, 72, 100, 33, 89, 1, 33, 0, 9
45, 79, 73, 100, 83, 83, 89, 55, 100, 27, 76, 4, 38, 0, 0, 5, 3
35, 80, 0, 46, 6, 2, 57, 0, 95, 33, 100, 79, 59, 100, 30, 66, 0
100, 76, 52, 100, 0, 71, 53, 37, 64, 0, 37, 23, 75, 59, 88, 85, 8
24, 96, 0, 68, 11, 23, 49, 0, 86, 23, 100, 68, 74, 100, 42, 72, 0
73, 97, 43, 100, 49, 55, 42, 10, 0, 0, 6, 42, 56, 60, 100, 79, 8
100, 100, 52, 83, 17, 60, 0, 33, 10, 6, 63, 0, 65, 24, 13, 36, 6
42, 93, 74, 100, 77, 71, 58, 45, 100, 34, 82, 10, 38, 0, 0, 8, 3
9, 80, 56, 100, 100, 87, 88, 51, 51, 23, 0, 4, 29, 4, 88, 0, 2
38, 97, 30, 100, 0, 76, 14, 52, 88, 51, 100, 51, 76, 26, 78, 0, 4
15, 89, 13, 49, 67, 38, 39, 0, 8, 29, 0, 74, 35, 96, 100, 100, 5
74, 100, 46, 89, 21, 54, 17, 16, 65, 0, 100, 22, 46, 34, 0, 27, 6
100, 96, 56, 100, 50, 72, 92, 90, 92, 65, 85, 24, 47, 0, 0, 4, 9
22, 92, 17, 53, 63, 30, 27, 0, 0, 17, 14, 64, 46, 98, 100, 100, 5
42, 100, 8, 74, 0, 28, 31, 0, 74, 8, 100, 45, 89, 88, 49, 95, 0
100, 99, 60, 100, 22, 65, 0, 27, 31, 0, 87, 23, 62, 54, 7, 37, 6
100, 100, 55, 98, 17, 83, 0, 52, 43, 61, 65, 37, 44, 7, 4, 0, 5
60, 89, 99, 83, 65, 100, 75, 80, 100, 48, 82, 11, 29, 0, 0, 33, 9
21, 96, 13, 55, 63, 35, 43, 0, 7, 23, 0, 62, 37, 94, 100, 100, 5
100, 100, 44, 83, 11, 53, 0, 20, 35, 0, 89, 16, 76, 41, 20, 35, 6
58, 58, 100, 91, 25, 100, 0, 67, 86, 63, 88, 70, 47, 35, 8, 0, 9
51, 87, 81, 100, 92, 72, 59, 45, 100, 39, 96, 10, 46, 0, 0, 11, 3
16, 67, 32, 100, 52, 78, 35, 38, 0, 11, 14, 19, 56, 0, 100, 8, 2
100, 95, 84, 100, 40, 77, 6, 47, 0, 12, 49, 0, 77, 27, 30, 47, 6
0, 70, 9, 100, 44, 97, 35, 60, 14, 27, 21, 0, 60, 0, 100, 3, 2
84, 88, 7, 100, 11, 65, 66, 31, 33, 0, 0, 32, 61, 65, 100, 88, 8
3, 67, 43, 91, 57, 100, 49, 63, 36, 27, 0, 0, 43, 4, 100, 5, 1
32, 84, 68, 100, 100, 89, 73, 61, 95, 42, 88, 11, 44, 0, 0, 15, 3
94, 100, 100, 100, 94, 84, 82, 66, 65, 49, 41, 33, 18, 16, 0, 0, 1
0, 89, 43, 100, 74, 76, 70, 37, 54, 0, 27, 20, 53, 48, 100, 56, 7
0, 92, 58, 100, 88, 94, 67, 47, 60, 0, 36, 1, 37, 22, 100, 20, 7
0, 67, 44, 83, 93, 100, 100, 92, 83, 70, 68, 46, 66, 23, 73, 0, 1
27, 88, 9, 62, 0, 18, 42, 0, 83, 30, 100, 73, 69, 100, 19, 81, 0
41, 84, 68, 100, 87, 76, 63, 59, 100, 38, 89, 7, 40, 0, 0, 14, 3
60, 100, 31, 85, 0, 63, 14, 52, 69, 46, 100, 46, 78, 23, 60, 0, 4
69, 100, 24, 81, 0, 50, 47, 36, 100, 60, 80, 60, 39, 32, 25, 0, 4
45, 87, 56, 67, 51, 25, 0, 0, 5, 35, 53, 68, 100, 100, 47, 98, 8
16, 85, 60, 100, 86, 73, 44, 52, 90, 48, 100, 14, 46, 0, 0, 13, 3
62, 100, 29, 75, 0, 42, 68, 41, 100, 56, 71, 75, 62, 37, 61, 0, 4
26, 100, 2, 69, 0, 37, 52, 29, 100, 34, 65, 60, 50, 34, 48, 0, 4
0, 62, 19, 93, 84, 100, 100, 66, 71, 32, 20, 6, 25, 0, 93, 2, 2
0, 70, 60, 69, 82, 100, 3, 83, 48, 70, 100, 78, 76, 39, 64, 0, 9
36, 83, 76, 100, 100, 76, 62, 49, 61, 43, 93, 17, 43, 0, 0, 17, 3
93, 96, 37, 100, 45, 62, 100, 83, 90, 81, 90, 38, 63, 0, 0, 10, 9
8, 100, 80, 98, 100, 68, 66, 35, 44, 0, 0, 29, 21, 40, 98, 41, 7
17, 92, 0, 50, 11, 7, 66, 0, 100, 35, 96, 78, 49, 100, 9, 69, 0
0, 94, 42, 100, 66, 71, 59, 35, 42, 0, 14, 26, 54, 37, 100, 36, 7
40, 100, 7, 73, 0, 34, 23, 0, 74, 6, 100, 40, 89, 77, 46, 95, 0
49, 61, 95, 87, 52, 100, 41, 69, 100, 83, 78, 53, 54, 18, 0, 0, 9
83, 90, 39, 100, 29, 70, 86, 76, 100, 67, 99, 27, 59, 1, 0, 0, 9
100, 100, 69, 94, 28, 66, 0, 33, 7, 0, 72, 3, 79, 32, 11, 33, 6
15, 74, 39, 100, 69, 81, 42, 46, 0, 20, 20, 22, 61, 0, 100, 15, 2
65, 90, 24, 90, 0, 44, 19, 0, 67, 6, 100, 44, 91, 91, 44, 100, 0
0, 94, 51, 100, 73, 73, 51, 36, 24, 0, 10, 9, 38, 34, 100, 40, 7
32, 89, 94, 100, 61, 94, 15, 63, 51, 60, 100, 35, 63, 1, 0, 0, 5
37, 84, 0, 53, 7, 11, 64, 0, 100, 35, 100, 78, 50, 100, 7, 69, 0
78, 82, 26, 100, 0, 69, 77, 36, 66, 0, 7, 24, 70, 62, 100, 95, 8
19, 79, 53, 100, 91, 92, 83, 65, 93, 45, 100, 22, 54, 6, 0, 0, 3
42, 100, 20, 61, 20, 20, 62, 0, 100, 25, 96, 66, 49, 86, 0, 67, 0
76, 99, 17, 100, 22, 77, 78, 86, 100, 73, 95, 36, 56, 10, 0, 0, 9
11, 100, 0, 60, 1, 19, 45, 0, 89, 26, 100, 65, 65, 95, 13, 82, 0
44, 100, 21, 72, 0, 42, 35, 20, 100, 20, 99, 51, 78, 29, 58, 0, 4
17, 74, 42, 100, 100, 98, 73, 70, 86, 51, 95, 24, 53, 0, 0, 3, 3
0, 88, 10, 98, 50, 100, 44, 66, 27, 34, 19, 0, 59, 3, 100, 13, 2
45, 99, 5, 77, 0, 30, 34, 0, 79, 19, 100, 62, 74, 100, 25, 100, 0
42, 90, 24, 55, 80, 48, 51, 10, 0, 0, 9, 48, 43, 85, 100, 100, 5
6, 85, 0, 41, 24, 0, 69, 7, 100, 44, 85, 88, 40, 100, 3, 71, 0
71, 100, 0, 88, 51, 58, 100, 26, 47, 0, 2, 25, 62, 55, 89, 91, 8
37, 65, 52, 100, 57, 64, 31, 26, 0, 9, 31, 18, 65, 0, 100, 5, 2
100, 100, 66, 81, 23, 62, 0, 40, 66, 34, 93, 44, 68, 22, 59, 0, 4
42, 76, 79, 100, 86, 89, 45, 64, 60, 42, 100, 20, 56, 0, 0, 2, 5
19, 70, 28, 100, 45, 93, 35, 49, 13, 7, 0, 0, 49, 7, 100, 13, 1
100, 89, 61, 100, 47, 70, 85, 91, 97, 60, 85, 19, 45, 0, 0, 1, 9
19, 84, 1, 43, 26, 0, 85, 1, 100, 46, 74, 90, 16, 100, 0, 58, 0
42, 86, 71, 100, 69, 72, 98, 54, 100, 26, 76, 3, 32, 0, 0, 18, 3
0, 83, 47, 97, 100, 100, 96, 68, 72, 35, 56, 0, 52, 27, 86, 43, 7
35, 76, 55, 100, 72, 70, 43, 33, 0, 9, 15, 13, 64, 0, 100, 13, 2
0, 96, 64, 100, 96, 70, 81, 33, 52, 0, 19, 19, 35, 49, 100, 56, 7
0, 73, 21, 92, 57, 100, 79, 84, 74, 61, 68, 38, 71, 15, 100, 0, 2
5, 75, 38, 100, 58, 76, 35, 41, 4, 11, 0, 0, 49, 7, 100, 3, 2
0, 98, 66, 100, 64, 66, 32, 34, 2, 0, 47, 20, 100, 47, 28, 50, 7
30, 100, 21, 71, 0, 44, 68, 41, 100, 54, 100, 55, 98, 26, 98, 0, 4
100, 72, 77, 100, 20, 74, 71, 56, 94, 81, 95, 39, 65, 0, 0, 0, 9
69, 100, 34, 75, 0, 44, 46, 30, 100, 44, 90, 68, 67, 35, 55, 0, 4
23, 71, 52, 100, 40, 91, 40, 57, 40, 24, 0, 0, 29, 4, 100, 4, 1
100, 100, 77, 91, 40, 64, 15, 35, 17, 5, 80, 0, 63, 24, 0, 14, 6
26, 93, 63, 100, 77, 78, 56, 54, 100, 41, 98, 17, 52, 6, 0, 0, 3
47, 87, 89, 100, 91, 75, 67, 56, 100, 39, 80, 11, 37, 0, 0, 18, 3
0, 100, 50, 97, 100, 91, 74, 63, 55, 29, 42, 0, 20, 31, 68, 36, 7
55, 89, 32, 100, 5, 65, 0, 28, 43, 0, 100, 19, 51, 31, 16, 0, 6
0, 99, 50, 100, 77, 77, 59, 50, 29, 26, 0, 2, 48, 0, 100, 4, 2
17, 100, 3, 75, 0, 43, 60, 46, 100, 62, 94, 69, 92, 34, 92, 0, 4
0, 48, 35, 64, 66, 82, 100, 100, 94, 75, 85, 50, 84, 24, 93, 0, 1
30, 100, 90, 99, 81, 100, 32, 78, 52, 57, 100, 31, 58, 0, 0, 17, 5
0, 87, 46, 100, 88, 85, 73, 43, 65, 0, 36, 18, 46, 42, 100, 50, 7
66, 90, 6, 55, 100, 73, 45, 100, 33, 46, 0, 0, 89, 11, 13, 23, 8
7, 97, 15, 68, 65, 39, 31, 0, 0, 25, 4, 77, 33, 97, 100, 100, 5
0, 59, 46, 70, 86, 91, 100, 100, 95, 75, 92, 50, 89, 25, 95, 0, 1
100, 100, 67, 90, 39, 70, 14, 47, 0, 19, 22, 0, 37, 21, 3, 30, 6
100, 81, 55, 100, 0, 83, 33, 65, 85, 85, 83, 64, 64, 32, 62, 0, 9
39, 83, 63, 100, 78, 78, 71, 61, 100, 39, 78, 11, 36, 0, 0, 17, 3
46, 87, 62, 65, 97, 100, 32, 89, 62, 66, 100, 48, 71, 4, 0, 0, 9
100, 97, 76, 100, 29, 72, 0, 39, 15, 8, 95, 0, 78, 22, 0, 16, 6
36, 91, 62, 98, 100, 100, 44, 94, 1, 65, 46, 44, 51, 0, 0, 2, 5
22, 53, 76, 70, 100, 100, 39, 99, 0, 71, 53, 61, 67, 31, 40, 0, 9
0, 74, 27, 100, 54, 77, 37, 42, 5, 14, 2, 17, 51, 9, 100, 0, 2
21, 94, 44, 73, 100, 100, 13, 100, 16, 80, 61, 66, 23, 33, 0, 0, 9
37, 90, 4, 97, 35, 57, 100, 22, 49, 0, 0, 33, 54, 72, 35, 100, 8
0, 53, 45, 68, 80, 90, 100, 100, 98, 75, 98, 50, 95, 25, 93, 0, 1
52, 100, 18, 64, 48, 36, 11, 0, 0, 19, 8, 67, 41, 97, 100, 98, 5
7, 60, 100, 79, 76, 100, 24, 71, 80, 36, 84, 0, 0, 14, 47, 50, 8
0, 61, 32, 81, 74, 100, 100, 93, 97, 69, 97, 46, 95, 23, 91, 0, 1
14, 89, 57, 100, 90, 78, 49, 55, 70, 39, 100, 12, 52, 0, 0, 9, 3
0, 81, 24, 100, 92, 97, 98, 52, 80, 5, 34, 0, 32, 23, 100, 33, 7
35, 100, 17, 68, 0, 36, 50, 37, 100, 36, 81, 58, 62, 35, 56, 0, 4
30, 96, 0, 50, 7, 1, 66, 0, 100, 42, 86, 91, 28, 100, 3, 57, 0
0, 82, 35, 100, 73, 84, 65, 46, 32, 19, 14, 23, 59, 16, 100, 0, 2
2, 78, 33, 100, 88, 97, 86, 71, 79, 41, 100, 11, 54, 0, 0, 4, 3
0, 81, 41, 100, 60, 72, 43, 35, 20, 0, 5, 35, 48, 49, 100, 48, 7
19, 94, 78, 100, 100, 82, 67, 50, 34, 20, 0, 0, 13, 31, 74, 33, 7
38, 68, 56, 100, 54, 50, 32, 8, 0, 0, 28, 16, 63, 2, 100, 8, 2
36, 88, 100, 100, 83, 93, 25, 76, 39, 53, 97, 45, 60, 17, 0, 0, 5
0, 42, 29, 62, 66, 82, 100, 100, 77, 76, 55, 51, 38, 25, 23, 0, 1
17, 56, 0, 27, 35, 0, 74, 5, 100, 47, 76, 95, 37, 100, 2, 76, 0
1, 52, 23, 75, 74, 100, 52, 69, 51, 36, 45, 4, 0, 0, 100, 7, 1
100, 91, 71, 100, 38, 83, 78, 87, 88, 70, 64, 42, 35, 18, 0, 0, 9
0, 39, 28, 50, 55, 65, 81, 85, 100, 100, 82, 69, 67, 35, 56, 0, 1
100, 100, 75, 90, 44, 67, 19, 41, 0, 13, 26, 0, 49, 18, 2, 18, 6
78, 100, 29, 88, 0, 52, 2, 10, 55, 0, 100, 26, 98, 67, 51, 77, 0
0, 84, 48, 100, 83, 77, 80, 38, 75, 0, 37, 12, 46, 34, 100, 44, 7
77, 99, 43, 77, 34, 36, 0, 0, 23, 34, 66, 68, 100, 100, 39, 78, 8
24, 90, 76, 71, 65, 100, 30, 72, 93, 72, 100, 33, 61, 0, 0, 18, 9
0, 82, 38, 100, 67, 79, 59, 39, 41, 0, 34, 16, 58, 40, 100, 51, 7
7, 89, 44, 100, 100, 80, 69, 40, 47, 0, 91, 15, 85, 35, 0, 35, 7
0, 49, 16, 59, 52, 80, 90, 100, 100, 84, 82, 56, 64, 28, 50, 0, 1
25, 80, 75, 100, 92, 69, 72, 35, 52, 0, 100, 18, 61, 48, 0, 65, 8
34, 84, 42, 100, 19, 65, 0, 31, 56, 40, 100, 55, 87, 38, 85, 0, 4
12, 78, 43, 100, 100, 97, 78, 66, 38, 40, 0, 13, 38, 0, 100, 3, 2
52, 98, 100, 100, 100, 80, 63, 61, 93, 40, 96, 16, 51, 3, 0, 0, 3
69, 98, 22, 93, 46, 71, 57, 100, 85, 65, 100, 22, 56, 0, 0, 5, 9
31, 74, 71, 100, 74, 79, 62, 35, 44, 0, 0, 4, 50, 4, 100, 7, 1
92, 77, 88, 100, 46, 83, 79, 69, 100, 54, 97, 18, 53, 0, 0, 6, 9
61, 88, 98, 100, 100, 95, 62, 89, 32, 64, 56, 33, 38, 3, 0, 0, 5
0, 53, 30, 82, 62, 100, 52, 61, 50, 21, 20, 3, 45, 0, 100, 3, 1
28, 97, 20, 71, 0, 26, 28, 0, 74, 21, 100, 63, 73, 100, 24, 96, 0
69, 100, 42, 81, 22, 52, 20, 21, 60, 0, 100, 15, 51, 28, 0, 16, 6
20, 100, 24, 85, 0, 52, 20, 39, 79, 34, 94, 53, 91, 18, 100, 0, 4
0, 92, 33, 99, 84, 100, 100, 92, 67, 71, 45, 47, 30, 21, 27, 0, 7
0, 71, 1, 21, 47, 0, 93, 10, 100, 59, 66, 95, 19, 100, 10, 59, 0
55, 100, 39, 85, 12, 49, 17, 12, 78, 0, 100, 27, 41, 38, 0, 9, 6
89, 100, 43, 90, 64, 73, 67, 77, 82, 44, 100, 12, 54, 0, 0, 4, 9
42, 100, 0, 79, 24, 56, 91, 58, 100, 83, 75, 61, 60, 31, 49, 0, 4
10, 77, 54, 100, 100, 78, 75, 37, 36, 2, 0, 0, 21, 26, 89, 30, 7
60, 100, 0, 73, 11, 49, 100, 53, 88, 76, 64, 83, 59, 41, 58, 0, 4
58, 84, 91, 100, 100, 84, 77, 60, 87, 35, 80, 10, 41, 1, 0, 0, 3
12, 90, 67, 100, 71, 70, 26, 44, 71, 47, 100, 19, 50, 0, 0, 14, 3
62, 100, 25, 91, 0, 49, 7, 2, 55, 0, 92, 30, 100, 78, 63, 100, 0
14, 96, 87, 100, 21, 96, 22, 58, 70, 65, 100, 28, 54, 0, 0, 17, 5
100, 100, 50, 91, 19, 66, 0, 40, 0, 13, 48, 0, 94, 15, 44, 21, 6
38, 67, 50, 100, 73, 67, 41, 26, 0, 2, 9, 12, 54, 1, 100, 0, 2
100, 100, 83, 93, 67, 78, 54, 62, 38, 47, 29, 31, 12, 15, 0, 0, 1
31, 89, 0, 57, 4, 14, 61, 0, 100, 33, 95, 77, 47, 100, 16, 72, 0
41, 100, 38, 84, 16, 52, 11, 17, 54, 0, 100, 19, 55, 32, 0, 23, 6
0, 81, 29, 100, 64, 82, 67, 40, 50, 0, 23, 32, 60, 43, 100, 51, 7
100, 100, 82, 91, 65, 75, 50, 59, 35, 43, 18, 28, 9, 12, 0, 0, 1
39, 74, 65, 100, 65, 60, 38, 21, 0, 0, 23, 22, 62, 4, 100, 4, 2
40, 92, 77, 100, 90, 85, 75, 56, 100, 29, 79, 6, 40, 1, 0, 0, 3
97, 87, 56, 74, 34, 95, 83, 100, 100, 68, 88, 36, 53, 8, 0, 0, 9
0, 83, 34, 100, 49, 68, 28, 30, 0, 1, 25, 0, 62, 7, 100, 7, 2
0, 90, 50, 100, 100, 94, 84, 52, 62, 13, 42, 0, 40, 40, 92, 44, 7
0, 87, 52, 100, 96, 82, 45, 58, 39, 42, 100, 28, 73, 4, 8, 0, 3
0, 86, 43, 100, 97, 91, 100, 57, 71, 26, 39, 0, 31, 35, 85, 30, 7
0, 100, 66, 98, 55, 65, 24, 33, 14, 0, 75, 25, 100, 47, 13, 48, 7
46, 100, 22, 66, 0, 32, 69, 38, 100, 45, 56, 65, 53, 28, 51, 0, 4
64, 86, 79, 100, 100, 87, 73, 63, 93, 41, 83, 13, 43, 0, 0, 5, 3
37, 90, 73, 100, 100, 90, 64, 72, 83, 45, 83, 16, 43, 3, 0, 0, 3
100, 100, 57, 85, 21, 58, 0, 29, 13, 0, 66, 8, 57, 33, 6, 26, 6
0, 74, 18, 100, 50, 94, 45, 62, 32, 32, 24, 4, 62, 0, 100, 1, 2
46, 78, 79, 100, 100, 77, 68, 51, 28, 35, 0, 16, 43, 6, 89, 0, 2
52, 100, 17, 74, 0, 45, 52, 33, 100, 47, 99, 60, 79, 30, 65, 0, 4
97, 100, 77, 99, 31, 68, 0, 34, 14, 0, 100, 2, 94, 32, 14, 24, 6
39, 100, 17, 79, 0, 56, 6, 32, 42, 28, 79, 35, 100, 24, 90, 0, 4
7, 95, 54, 100, 100, 95, 76, 76, 49, 56, 47, 32, 43, 9, 0, 0, 3
73, 100, 26, 72, 0, 43, 84, 37, 100, 56, 76, 65, 65, 33, 66, 0, 4
0, 98, 60, 100, 100, 78, 74, 38, 46, 0, 62, 1, 82, 29, 21, 42, 7
96, 100, 60, 82, 18, 54, 0, 33, 63, 26, 99, 49, 94, 34, 100, 0, 4
86, 100, 38, 80, 6, 51, 0, 18, 47, 0, 100, 13, 62, 30, 7, 18, 6
0, 74, 35, 100, 100, 96, 94, 63, 52, 35, 0, 11, 5, 0, 77, 6, 2
