@relation penbased-5
@attribute At1 integer [0, 100]
@attribute At2 integer [0, 100]
@attribute At3 integer [0, 100]
@attribute At4 integer [0, 100]
@attribute At5 integer [0, 100]
@attribute At6 integer [0, 100]
@attribute At7 integer [0, 100]
@attribute At8 integer [0, 100]
@attribute At9 integer [0, 100]
@attribute At10 integer [0, 100]
@attribute At11 integer [0, 100]
@attribute At12 integer [0, 100]
@attribute At13 integer [0, 100]
@attribute At14 integer [0, 100]
@attribute At15 integer [0, 100]
@attribute At16 integer [0, 100]
@attribute Class {0, 1, 2, 3, 4, 5, 6, 7, 8, 9}
@inputs At1, At2, At3, At4, At5, At6, At7, At8, At9, At10, At11, At12, At13, At14, At15, At16
@outputs Class
@data
0, 57, 31, 68, 72, 90, 100, 100, 76, 75, 50, 51, 28, 25, 16, 0, 1
10, 86, 34, 66, 68, 34, 34, 0, 4, 26, 0, 69, 34, 95, 100, 100, 5
11, 100, 0, 69, 15, 43, 87, 47, 100, 65, 74, 67, 71, 33, 66, 0, 4
29, 91, 14, 57, 66, 39, 30, 0, 0, 19, 3, 72, 39, 97, 100, 100, 5
30, 87, 16, 55, 68, 41, 52, 0, 0, 16, 15, 63, 41, 100, 100, 98, 5
12, 78, 40, 100, 74, 77, 52, 41, 13, 14, 0, 17, 50, 8, 100, 0, 2
0, 100, 61, 100, 100, 93, 63, 64, 36, 33, 14, 0, 9, 29, 47, 42, 7
35, 76, 0, 42, 11, 0, 65, 5, 100, 41, 97, 85, 49, 100, 9, 69, 0
39, 100, 23, 82, 0, 52, 1, 21, 48, 0, 100, 16, 70, 42, 6, 55, 6
27, 100, 0, 58, 12, 5, 62, 0, 100, 39, 97, 91, 48, 97, 18, 53, 0
100, 77, 92, 100, 49, 76, 18, 48, 0, 15, 38, 0, 75, 23, 29, 27, 6
100, 100, 53, 81, 25, 54, 11, 25, 38, 0, 99, 8, 65, 29, 0, 25, 6
13, 100, 0, 76, 28, 53, 94, 56, 100, 76, 93, 66, 94, 33, 91, 0, 4
26, 74, 19, 49, 64, 21, 20, 0, 1, 25, 0, 64, 45, 87, 100, 100, 5
98, 100, 52, 77, 18, 52, 0, 25, 25, 0, 100, 5, 97, 29, 23, 22, 6
27, 100, 0, 74, 40, 54, 100, 59, 84, 91, 57, 64, 43, 32, 33, 0, 4
0, 48, 28, 64, 61, 82, 92, 100, 100, 84, 86, 56, 73, 28, 64, 0, 1
51, 100, 0, 90, 5, 57, 92, 61, 100, 70, 85, 82, 68, 40, 86, 0, 4
0, 93, 45, 100, 74, 75, 57, 37, 35, 0, 25, 24, 53, 41, 100, 37, 7
77, 100, 53, 90, 0, 43, 13, 0, 86, 34, 100, 84, 73, 51, 10, 9, 0
0, 0, 38, 13, 71, 34, 94, 61, 100, 90, 63, 100, 44, 76, 73, 53, 9
56, 83, 28, 61, 90, 23, 24, 0, 22, 40, 100, 72, 72, 100, 0, 72, 8
3, 100, 4, 83, 0, 56, 15, 31, 60, 28, 100, 42, 91, 26, 88, 0, 4
28, 71, 43, 100, 76, 79, 49, 47, 11, 21, 0, 0, 50, 1, 100, 4, 2
0, 73, 28, 92, 73, 100, 100, 81, 85, 55, 58, 32, 36, 8, 79, 0, 2
0, 85, 32, 100, 76, 91, 70, 65, 38, 43, 11, 20, 50, 6, 100, 0, 2
0, 65, 46, 91, 50, 100, 50, 62, 52, 23, 4, 2, 12, 5, 100, 0, 1
0, 89, 41, 100, 89, 93, 100, 62, 84, 31, 64, 0, 27, 17, 54, 34, 7
24, 66, 100, 89, 30, 66, 88, 32, 34, 0, 0, 34, 61, 72, 77, 100, 8
7, 86, 0, 62, 15, 20, 62, 0, 100, 31, 96, 73, 53, 100, 8, 78, 0
0, 98, 4, 100, 59, 100, 100, 87, 96, 64, 75, 43, 51, 22, 40, 0, 7
37, 79, 78, 100, 94, 68, 60, 37, 10, 19, 0, 31, 55, 24, 100, 0, 2
0, 71, 39, 81, 74, 99, 100, 100, 78, 75, 53, 50, 28, 26, 11, 0, 1
9, 100, 0, 72, 7, 44, 62, 28, 100, 45, 86, 55, 68, 27, 55, 0, 4
77, 60, 77, 100, 10, 90, 15, 49, 40, 8, 0, 0, 32, 34, 100, 55, 8
35, 44, 41, 2, 81, 14, 100, 60, 81, 100, 40, 85, 9, 49, 0, 0, 0
100, 77, 58, 100, 16, 69, 0, 27, 40, 0, 93, 15, 95, 58, 53, 89, 0
23, 85, 0, 49, 2, 11, 52, 0, 91, 30, 100, 67, 70, 100, 14, 96, 0
0, 75, 8, 100, 40, 91, 28, 59, 7, 31, 13, 8, 56, 5, 100, 0, 2
0, 90, 46, 100, 100, 98, 87, 76, 56, 56, 74, 34, 56, 12, 8, 0, 3
0, 89, 54, 100, 100, 80, 82, 37, 48, 0, 11, 5, 19, 32, 76, 38, 7
14, 86, 0, 58, 58, 63, 77, 21, 27, 0, 14, 55, 36, 93, 100, 100, 5
45, 70, 77, 35, 58, 0, 0, 10, 48, 42, 100, 71, 84, 100, 26, 81, 8
8, 58, 56, 77, 100, 100, 88, 95, 60, 72, 36, 48, 12, 24, 0, 0, 1
26, 74, 54, 100, 70, 70, 49, 37, 18, 7, 0, 7, 49, 15, 100, 0, 2
65, 100, 20, 85, 0, 52, 59, 42, 100, 64, 79, 62, 38, 32, 7, 0, 4
62, 77, 76, 100, 95, 83, 56, 58, 95, 52, 100, 21, 55, 2, 0, 0, 3
48, 77, 19, 66, 0, 6, 49, 0, 93, 38, 100, 96, 48, 100, 0, 70, 0
0, 84, 39, 100, 79, 78, 39, 55, 67, 48, 100, 21, 62, 0, 15, 10, 3
0, 62, 34, 82, 84, 100, 100, 88, 89, 66, 79, 44, 76, 22, 84, 0, 1
0, 69, 29, 100, 77, 97, 39, 64, 61, 38, 100, 10, 47, 0, 2, 15, 3
66, 100, 45, 75, 71, 33, 46, 0, 0, 23, 6, 71, 45, 95, 100, 91, 5
100, 100, 57, 90, 32, 60, 15, 30, 26, 0, 89, 7, 70, 34, 0, 43, 6
31, 93, 7, 59, 8, 20, 54, 0, 98, 27, 100, 65, 60, 94, 0, 100, 0
14, 91, 7, 55, 36, 17, 4, 0, 0, 51, 4, 98, 52, 100, 100, 97, 5
26, 100, 38, 78, 66, 38, 45, 0, 15, 33, 0, 77, 34, 97, 100, 100, 5
55, 70, 73, 100, 62, 66, 49, 26, 30, 0, 0, 2, 50, 3, 100, 6, 1
18, 92, 66, 100, 93, 81, 49, 56, 0, 35, 14, 16, 75, 10, 100, 0, 2
38, 70, 51, 100, 37, 72, 38, 38, 28, 5, 0, 0, 50, 4, 100, 10, 1
45, 87, 41, 100, 89, 96, 54, 65, 68, 55, 100, 26, 60, 0, 0, 3, 3
9, 98, 16, 100, 0, 55, 65, 40, 100, 58, 80, 89, 52, 46, 33, 0, 4
0, 63, 23, 100, 56, 78, 48, 34, 19, 0, 11, 13, 55, 23, 100, 11, 2
73, 100, 35, 81, 10, 51, 11, 19, 59, 0, 100, 19, 62, 44, 0, 47, 6
48, 100, 18, 59, 43, 74, 53, 82, 41, 22, 0, 0, 38, 1, 100, 0, 1
27, 66, 53, 100, 76, 77, 49, 40, 9, 13, 0, 15, 50, 5, 100, 0, 2
23, 88, 68, 100, 100, 84, 73, 60, 82, 37, 98, 12, 52, 0, 0, 3, 3
4, 80, 50, 100, 100, 91, 71, 60, 46, 44, 89, 25, 51, 0, 0, 6, 3
51, 100, 93, 95, 64, 73, 70, 61, 100, 39, 82, 12, 38, 0, 0, 7, 3
69, 97, 0, 90, 24, 45, 81, 3, 0, 0, 46, 45, 100, 89, 20, 100, 8
0, 92, 51, 100, 100, 98, 83, 57, 71, 14, 59, 0, 44, 33, 97, 42, 7
28, 61, 59, 27, 33, 0, 2, 20, 63, 46, 100, 79, 48, 100, 0, 74, 8
21, 100, 19, 70, 32, 100, 45, 52, 63, 7, 0, 0, 34, 8, 100, 13, 1
14, 100, 66, 86, 66, 57, 50, 28, 31, 0, 0, 9, 25, 29, 100, 30, 7
0, 79, 65, 71, 100, 100, 27, 90, 3, 62, 78, 68, 70, 41, 35, 0, 9
21, 68, 48, 83, 100, 100, 83, 80, 59, 60, 41, 40, 17, 19, 0, 0, 1
35, 100, 21, 73, 0, 46, 18, 30, 77, 30, 100, 53, 87, 27, 79, 0, 4
19, 100, 0, 52, 75, 73, 100, 28, 27, 0, 3, 46, 1, 94, 92, 99, 5
0, 59, 9, 36, 43, 0, 91, 20, 100, 65, 65, 100, 15, 84, 10, 41, 0
77, 96, 29, 90, 66, 73, 66, 100, 100, 64, 93, 19, 49, 0, 0, 20, 9
100, 100, 67, 76, 39, 51, 15, 23, 29, 0, 73, 10, 46, 26, 0, 22, 6
0, 100, 37, 94, 47, 55, 46, 15, 37, 0, 6, 29, 53, 34, 100, 37, 7
81, 82, 0, 95, 19, 62, 84, 29, 45, 0, 24, 33, 83, 68, 100, 100, 8
12, 63, 37, 100, 61, 76, 37, 36, 5, 1, 0, 1, 49, 3, 100, 0, 2
44, 100, 58, 57, 100, 88, 40, 95, 63, 62, 77, 60, 67, 10, 0, 0, 9
0, 44, 24, 55, 62, 78, 100, 100, 100, 80, 95, 52, 91, 24, 81, 0, 1
93, 93, 60, 100, 19, 71, 0, 39, 23, 8, 100, 9, 86, 26, 38, 0, 6
79, 100, 35, 80, 6, 52, 0, 22, 43, 0, 100, 6, 75, 31, 17, 31, 6
100, 100, 63, 85, 83, 78, 93, 84, 90, 52, 77, 23, 45, 0, 0, 2, 9
28, 95, 39, 84, 67, 100, 42, 90, 81, 62, 100, 27, 56, 3, 0, 0, 9
0, 84, 34, 100, 63, 75, 51, 39, 15, 16, 14, 27, 58, 14, 100, 0, 2
55, 79, 82, 100, 98, 81, 69, 60, 100, 42, 85, 19, 45, 5, 0, 0, 3
60, 59, 98, 26, 48, 0, 25, 19, 77, 49, 100, 85, 43, 100, 0, 70, 8
46, 99, 82, 100, 82, 72, 77, 56, 100, 31, 75, 7, 38, 0, 0, 6, 3
0, 57, 21, 69, 62, 83, 100, 100, 87, 87, 67, 59, 50, 30, 38, 0, 1
100, 100, 40, 83, 2, 51, 0, 16, 67, 9, 89, 38, 18, 32, 11, 0, 6
0, 80, 8, 100, 37, 81, 32, 49, 11, 22, 23, 6, 62, 5, 100, 0, 2
56, 100, 42, 78, 0, 52, 29, 33, 100, 37, 90, 59, 70, 30, 59, 0, 4
44, 89, 62, 48, 61, 0, 0, 6, 35, 47, 100, 72, 81, 100, 14, 84, 8
11, 100, 6, 86, 0, 47, 30, 16, 74, 33, 100, 68, 87, 39, 79, 0, 4
0, 90, 41, 100, 72, 84, 54, 55, 26, 30, 13, 3, 56, 0, 100, 4, 2
66, 100, 21, 85, 0, 55, 4, 23, 48, 0, 100, 12, 62, 36, 6, 25, 6
30, 49, 24, 9, 60, 0, 90, 31, 100, 71, 75, 100, 32, 90, 0, 63, 0
45, 100, 34, 79, 11, 51, 0, 23, 40, 0, 100, 16, 51, 36, 28, 23, 6
0, 98, 50, 100, 100, 96, 73, 63, 43, 31, 13, 0, 11, 19, 46, 32, 7
39, 90, 14, 75, 0, 34, 26, 0, 75, 0, 100, 35, 82, 74, 42, 100, 0
22, 100, 34, 75, 0, 43, 38, 41, 100, 38, 97, 68, 91, 32, 72, 0, 4
42, 98, 0, 69, 54, 36, 71, 0, 14, 16, 54, 54, 100, 91, 39, 100, 8
32, 71, 55, 100, 72, 77, 56, 44, 32, 12, 0, 4, 43, 13, 100, 0, 2
0, 73, 4, 100, 70, 100, 93, 70, 61, 38, 15, 12, 31, 0, 100, 6, 2
0, 76, 34, 100, 70, 87, 48, 49, 16, 18, 11, 0, 55, 5, 100, 10, 2
19, 93, 9, 74, 100, 94, 25, 100, 1, 49, 0, 0, 93, 16, 46, 60, 8
100, 99, 81, 100, 43, 74, 13, 44, 0, 8, 44, 0, 60, 27, 13, 35, 6
0, 73, 26, 62, 99, 96, 12, 100, 21, 66, 100, 71, 96, 29, 49, 0, 9
29, 96, 15, 53, 33, 12, 79, 0, 100, 38, 82, 80, 38, 100, 0, 74, 0
35, 64, 58, 100, 63, 91, 57, 50, 48, 10, 0, 1, 50, 0, 100, 1, 1
58, 100, 21, 71, 1, 35, 15, 0, 66, 2, 100, 28, 50, 32, 0, 19, 6
40, 78, 30, 100, 79, 88, 71, 54, 42, 24, 0, 0, 43, 4, 100, 10, 2
100, 90, 78, 100, 31, 88, 22, 57, 61, 52, 83, 28, 51, 4, 0, 0, 5
100, 100, 48, 85, 15, 57, 0, 25, 29, 0, 84, 11, 65, 30, 38, 9, 6
51, 95, 7, 60, 52, 40, 19, 0, 0, 26, 4, 77, 38, 99, 100, 100, 5
20, 63, 29, 100, 58, 76, 44, 36, 11, 4, 0, 1, 50, 0, 100, 1, 2
0, 95, 70, 100, 100, 77, 69, 41, 38, 4, 0, 0, 10, 22, 92, 26, 7
0, 99, 36, 100, 93, 97, 100, 64, 83, 32, 61, 0, 28, 28, 76, 40, 7
12, 14, 56, 48, 100, 84, 53, 100, 32, 65, 80, 30, 62, 0, 0, 17, 8
42, 95, 0, 64, 48, 42, 21, 0, 0, 18, 5, 72, 42, 100, 100, 98, 5
28, 77, 62, 100, 100, 85, 67, 58, 96, 40, 92, 9, 41, 0, 0, 18, 3
0, 80, 43, 93, 91, 100, 96, 80, 75, 57, 100, 36, 90, 14, 48, 0, 3
60, 100, 36, 75, 14, 50, 0, 23, 47, 14, 89, 30, 100, 26, 86, 0, 4
40, 88, 95, 100, 88, 100, 40, 77, 72, 61, 100, 33, 58, 7, 0, 0, 5
0, 66, 48, 100, 100, 83, 69, 41, 37, 0, 81, 26, 76, 69, 8, 93, 8
8, 100, 25, 75, 84, 99, 0, 100, 20, 83, 100, 81, 60, 39, 13, 0, 9
26, 85, 68, 100, 91, 79, 68, 54, 83, 40, 100, 16, 56, 0, 0, 7, 3
100, 100, 71, 94, 38, 70, 11, 42, 0, 13, 40, 0, 51, 26, 5, 23, 6
8, 64, 65, 74, 100, 100, 43, 93, 0, 66, 57, 72, 48, 42, 27, 0, 9
51, 100, 33, 77, 0, 53, 11, 32, 77, 36, 100, 53, 76, 27, 60, 0, 4
18, 74, 3, 67, 74, 34, 41, 0, 3, 27, 59, 63, 100, 100, 0, 95, 8
41, 100, 0, 70, 76, 37, 100, 0, 10, 5, 41, 43, 97, 79, 27, 91, 8
18, 100, 23, 69, 57, 39, 29, 0, 0, 27, 0, 75, 40, 94, 100, 99, 5
59, 63, 97, 88, 100, 100, 89, 66, 78, 30, 55, 0, 0, 3, 80, 2, 1
30, 85, 20, 66, 74, 38, 46, 0, 0, 17, 0, 65, 31, 100, 100, 98, 5
54, 63, 45, 100, 1, 53, 11, 0, 75, 18, 100, 74, 44, 98, 0, 54, 0
88, 100, 48, 83, 16, 59, 0, 31, 50, 28, 100, 45, 75, 27, 62, 0, 4
22, 71, 41, 100, 51, 93, 46, 54, 40, 15, 0, 1, 46, 2, 100, 0, 1
100, 96, 44, 75, 22, 100, 77, 99, 91, 65, 93, 29, 67, 0, 0, 12, 9
100, 93, 62, 77, 0, 61, 13, 88, 76, 100, 94, 67, 72, 33, 46, 0, 9
67, 100, 18, 81, 44, 39, 35, 0, 0, 28, 53, 57, 100, 88, 42, 94, 8
23, 96, 27, 54, 64, 35, 33, 0, 12, 42, 0, 93, 50, 96, 100, 100, 5
0, 90, 3, 56, 51, 31, 43, 0, 15, 22, 9, 63, 38, 93, 100, 100, 5
6, 96, 23, 52, 100, 63, 53, 100, 19, 77, 94, 48, 87, 2, 0, 0, 9
100, 83, 97, 100, 46, 94, 46, 67, 83, 42, 99, 11, 51, 0, 0, 3, 5
0, 91, 61, 100, 78, 69, 58, 34, 56, 0, 38, 28, 34, 48, 100, 45, 7
59, 82, 11, 67, 100, 65, 54, 100, 40, 48, 0, 22, 60, 0, 43, 52, 8
76, 91, 85, 67, 100, 100, 32, 83, 94, 70, 94, 53, 73, 4, 0, 0, 9
0, 89, 36, 100, 56, 72, 38, 40, 8, 13, 1, 0, 51, 1, 100, 0, 2
7, 85, 29, 100, 28, 70, 26, 55, 83, 58, 100, 31, 55, 11, 0, 0, 3
10, 87, 58, 100, 92, 84, 64, 58, 62, 36, 100, 17, 55, 0, 0, 1, 3
100, 94, 29, 100, 0, 72, 70, 79, 88, 98, 64, 65, 50, 33, 43, 0, 9
0, 56, 44, 88, 67, 100, 68, 54, 70, 7, 11, 1, 37, 0, 100, 3, 1
37, 100, 0, 60, 94, 94, 3, 89, 29, 54, 0, 0, 100, 28, 8, 38, 8
20, 100, 0, 75, 4, 42, 72, 43, 100, 63, 87, 69, 85, 34, 89, 0, 4
100, 87, 40, 100, 0, 78, 60, 65, 100, 90, 94, 65, 83, 32, 79, 0, 9
100, 100, 45, 85, 9, 58, 0, 23, 44, 0, 99, 11, 84, 40, 26, 47, 6
28, 87, 1, 56, 76, 75, 67, 28, 1, 0, 0, 46, 18, 94, 100, 100, 5
10, 78, 49, 100, 100, 98, 69, 68, 85, 43, 100, 14, 51, 2, 0, 0, 3
0, 91, 32, 100, 65, 97, 92, 76, 100, 38, 95, 0, 68, 25, 91, 35, 7
43, 100, 10, 80, 0, 51, 43, 29, 95, 40, 100, 53, 61, 28, 39, 0, 4
75, 93, 46, 87, 10, 49, 0, 8, 58, 0, 100, 31, 66, 66, 22, 100, 0
0, 91, 49, 96, 100, 100, 67, 62, 54, 18, 38, 0, 21, 38, 83, 40, 7
98, 98, 34, 96, 8, 59, 63, 27, 34, 0, 0, 32, 42, 70, 100, 100, 8
46, 83, 41, 52, 38, 15, 0, 0, 18, 32, 36, 65, 59, 87, 100, 100, 5
45, 98, 13, 71, 13, 21, 59, 0, 100, 34, 81, 79, 28, 100, 0, 67, 0
0, 66, 12, 98, 45, 100, 70, 79, 45, 49, 35, 15, 66, 0, 100, 1, 2
74, 98, 43, 100, 69, 89, 90, 82, 100, 38, 84, 3, 41, 0, 0, 8, 9
48, 94, 0, 76, 53, 39, 47, 0, 3, 14, 70, 46, 100, 88, 28, 100, 8
100, 99, 52, 79, 0, 70, 26, 100, 80, 100, 81, 65, 57, 32, 35, 0, 9
59, 100, 9, 86, 61, 44, 74, 0, 0, 1, 53, 39, 100, 82, 35, 88, 8
100, 89, 41, 100, 23, 69, 54, 35, 38, 0, 0, 11, 25, 47, 60, 81, 8
75, 100, 40, 90, 11, 59, 0, 27, 32, 0, 98, 5, 100, 28, 38, 16, 6
15, 77, 75, 100, 100, 100, 91, 58, 91, 16, 49, 0, 0, 6, 78, 4, 1
24, 83, 58, 100, 86, 83, 66, 57, 100, 35, 87, 6, 42, 0, 0, 13, 3
32, 80, 71, 100, 100, 85, 62, 61, 78, 50, 83, 14, 40, 0, 0, 20, 3
32, 100, 32, 79, 0, 48, 25, 28, 96, 34, 100, 64, 77, 34, 77, 0, 4
0, 57, 33, 76, 58, 100, 78, 99, 78, 74, 78, 49, 83, 24, 100, 0, 1
16, 67, 30, 100, 76, 97, 71, 57, 41, 23, 0, 0, 50, 3, 100, 1, 2
38, 100, 10, 69, 0, 27, 29, 0, 71, 9, 100, 42, 88, 81, 46, 92, 0
97, 89, 68, 100, 32, 68, 13, 32, 39, 0, 100, 10, 46, 26, 0, 10, 6
0, 100, 70, 95, 100, 71, 70, 38, 37, 4, 10, 0, 22, 28, 97, 30, 7
5, 96, 37, 100, 66, 76, 42, 45, 4, 22, 0, 3, 50, 1, 100, 0, 2
34, 98, 58, 68, 75, 100, 10, 96, 67, 67, 100, 36, 50, 0, 0, 22, 9
7, 84, 45, 100, 79, 83, 53, 66, 100, 52, 93, 19, 50, 0, 0, 5, 3
32, 90, 65, 100, 100, 90, 75, 71, 59, 50, 68, 27, 39, 10, 0, 0, 3
69, 79, 48, 57, 69, 19, 0, 0, 30, 34, 93, 63, 100, 100, 37, 76, 8
0, 76, 30, 100, 82, 97, 100, 71, 80, 44, 47, 20, 40, 0, 98, 0, 2
100, 100, 52, 79, 18, 54, 0, 25, 28, 0, 85, 9, 66, 34, 3, 39, 6
30, 100, 11, 73, 0, 44, 75, 44, 100, 63, 97, 61, 84, 30, 79, 0, 4
0, 58, 39, 38, 56, 5, 27, 0, 6, 35, 18, 64, 59, 83, 100, 100, 5
72, 100, 43, 74, 19, 48, 4, 20, 36, 0, 100, 16, 58, 28, 0, 10, 6
19, 100, 0, 71, 10, 43, 53, 34, 93, 43, 100, 55, 80, 27, 59, 0, 4
54, 88, 24, 76, 66, 51, 47, 2, 0, 0, 18, 48, 50, 92, 100, 100, 5
25, 85, 48, 100, 100, 97, 92, 76, 65, 57, 70, 33, 44, 13, 0, 0, 3
27, 100, 43, 66, 67, 31, 45, 0, 0, 27, 47, 59, 100, 91, 20, 97, 8
0, 13, 27, 42, 67, 70, 100, 100, 91, 94, 69, 63, 51, 32, 42, 0, 1
0, 56, 40, 66, 74, 85, 100, 100, 79, 76, 62, 51, 47, 25, 42, 0, 1
0, 82, 30, 100, 75, 86, 50, 55, 58, 40, 100, 21, 62, 0, 8, 2, 3
100, 100, 58, 93, 25, 70, 6, 43, 0, 16, 37, 0, 60, 23, 18, 37, 6
17, 83, 57, 100, 87, 83, 61, 58, 27, 36, 0, 13, 51, 8, 100, 0, 2
16, 100, 9, 74, 0, 33, 23, 0, 77, 13, 100, 50, 70, 80, 15, 74, 0
0, 95, 53, 100, 91, 86, 78, 47, 68, 7, 47, 0, 24, 24, 100, 27, 7
43, 100, 10, 75, 0, 45, 46, 34, 100, 35, 93, 60, 88, 29, 78, 0, 4
63, 100, 35, 70, 0, 41, 36, 35, 100, 40, 96, 56, 73, 34, 59, 0, 4
48, 79, 73, 100, 100, 78, 69, 52, 98, 34, 94, 7, 48, 0, 0, 4, 3
0, 95, 53, 100, 100, 93, 76, 60, 51, 27, 31, 0, 33, 35, 91, 41, 7
79, 100, 50, 63, 0, 34, 15, 35, 93, 36, 100, 71, 64, 37, 43, 0, 4
100, 86, 47, 100, 0, 73, 42, 43, 85, 15, 28, 0, 37, 36, 84, 66, 8
11, 83, 41, 100, 47, 67, 25, 35, 8, 0, 0, 31, 49, 32, 100, 31, 7
3, 74, 33, 100, 81, 92, 51, 64, 85, 47, 100, 16, 53, 0, 0, 9, 3
100, 100, 62, 89, 28, 64, 1, 34, 0, 0, 43, 2, 45, 32, 5, 23, 6
44, 90, 0, 79, 79, 43, 95, 0, 13, 10, 50, 55, 100, 98, 19, 100, 8
46, 97, 90, 97, 55, 68, 66, 100, 100, 60, 97, 9, 40, 0, 0, 34, 9
0, 45, 17, 4, 55, 0, 89, 24, 100, 70, 72, 100, 36, 83, 18, 39, 0
69, 100, 39, 63, 0, 29, 35, 35, 100, 34, 98, 65, 79, 41, 73, 0, 4
0, 68, 45, 75, 80, 95, 100, 100, 98, 75, 96, 50, 92, 25, 88, 0, 1
18, 100, 16, 90, 0, 63, 28, 44, 88, 52, 100, 53, 89, 27, 88, 0, 4
0, 96, 55, 100, 100, 84, 96, 52, 74, 21, 52, 0, 19, 27, 67, 39, 7
32, 85, 60, 100, 88, 81, 47, 59, 81, 43, 100, 15, 54, 0, 0, 4, 3
24, 84, 6, 80, 0, 35, 31, 0, 79, 11, 100, 53, 77, 92, 27, 100, 0
0, 89, 21, 72, 62, 94, 11, 100, 57, 73, 100, 45, 74, 13, 9, 0, 9
75, 100, 41, 69, 0, 39, 45, 30, 100, 37, 92, 65, 55, 33, 23, 0, 4
63, 78, 59, 100, 100, 94, 70, 68, 91, 48, 94, 27, 48, 12, 0, 0, 3
0, 92, 49, 100, 100, 83, 80, 45, 71, 6, 64, 0, 36, 31, 100, 42, 7
80, 100, 28, 96, 0, 63, 3, 26, 45, 0, 100, 5, 57, 24, 1, 12, 6
0, 44, 28, 59, 67, 78, 100, 100, 89, 83, 75, 56, 65, 28, 67, 0, 1
0, 30, 46, 60, 59, 100, 21, 81, 67, 50, 100, 16, 38, 0, 7, 28, 8
0, 93, 41, 100, 61, 77, 34, 52, 0, 30, 4, 10, 51, 3, 100, 0, 2
0, 100, 39, 98, 70, 69, 48, 33, 22, 0, 1, 37, 45, 44, 100, 46, 7
90, 70, 53, 63, 0, 75, 45, 100, 100, 88, 86, 55, 53, 25, 8, 0, 9
62, 100, 84, 93, 67, 70, 82, 48, 100, 26, 77, 6, 39, 0, 0, 2, 3
100, 100, 72, 90, 35, 66, 6, 38, 0, 8, 50, 0, 69, 19, 14, 22, 6
64, 99, 24, 99, 62, 80, 74, 100, 100, 62, 92, 18, 48, 0, 0, 9, 9
24, 100, 0, 81, 19, 52, 82, 49, 100, 77, 80, 66, 67, 33, 59, 0, 4
49, 73, 69, 100, 100, 77, 82, 40, 47, 11, 0, 0, 43, 11, 95, 11, 2
32, 53, 41, 90, 100, 100, 94, 60, 56, 25, 0, 0, 30, 9, 99, 11, 2
0, 80, 7, 100, 93, 100, 98, 68, 64, 26, 41, 0, 15, 41, 100, 48, 7
49, 97, 23, 67, 72, 36, 35, 0, 0, 20, 4, 69, 32, 96, 100, 100, 5
54, 98, 14, 71, 0, 23, 40, 0, 86, 22, 100, 69, 64, 100, 18, 86, 0
0, 86, 35, 97, 100, 100, 73, 67, 48, 34, 21, 0, 18, 5, 56, 24, 7
0, 37, 29, 60, 68, 82, 100, 100, 77, 75, 57, 51, 45, 25, 45, 0, 1
26, 92, 0, 54, 13, 12, 63, 0, 99, 30, 100, 74, 61, 100, 13, 80, 0
60, 100, 25, 75, 0, 48, 27, 26, 100, 28, 84, 55, 69, 28, 52, 0, 4
53, 100, 35, 93, 6, 61, 0, 28, 36, 0, 96, 12, 100, 42, 37, 28, 6
0, 83, 43, 100, 72, 76, 35, 51, 69, 45, 100, 21, 59, 0, 5, 0, 3
74, 100, 46, 72, 8, 49, 0, 38, 52, 34, 100, 41, 96, 32, 96, 0, 4
12, 80, 40, 100, 81, 90, 64, 60, 64, 30, 100, 9, 53, 0, 0, 1, 3
24, 77, 18, 34, 46, 0, 89, 20, 100, 62, 78, 100, 31, 90, 0, 55, 0
0, 52, 33, 67, 68, 82, 100, 100, 94, 77, 82, 50, 69, 23, 72, 0, 1
70, 81, 25, 100, 0, 74, 42, 40, 77, 5, 40, 0, 53, 40, 100, 70, 8
48, 51, 100, 74, 72, 100, 0, 85, 6, 62, 88, 60, 99, 31, 82, 0, 9
38, 100, 4, 85, 0, 53, 58, 46, 100, 52, 88, 64, 78, 32, 73, 0, 4
10, 72, 45, 100, 85, 84, 56, 53, 100, 42, 92, 10, 37, 0, 0, 17, 3
32, 73, 59, 100, 81, 71, 54, 36, 16, 9, 0, 2, 50, 2, 100, 0, 2
24, 86, 22, 100, 76, 90, 49, 64, 57, 50, 100, 27, 70, 1, 0, 0, 3
25, 92, 67, 100, 100, 87, 62, 69, 70, 47, 88, 23, 46, 8, 0, 0, 3
2, 77, 54, 100, 100, 79, 86, 47, 59, 16, 63, 0, 73, 27, 0, 43, 8
0, 62, 52, 63, 78, 98, 23, 100, 32, 70, 99, 77, 100, 39, 94, 0, 9
0, 90, 53, 100, 86, 75, 75, 38, 66, 0, 93, 4, 100, 33, 42, 40, 7
100, 94, 62, 100, 21, 79, 18, 44, 68, 51, 86, 21, 46, 0, 0, 10, 5
72, 100, 2, 77, 59, 36, 100, 0, 0, 7, 31, 52, 100, 92, 22, 91, 8
88, 82, 55, 100, 0, 81, 38, 61, 100, 76, 94, 56, 75, 26, 63, 0, 9
100, 98, 59, 100, 19, 86, 8, 54, 42, 54, 67, 28, 42, 3, 0, 0, 5
19, 88, 53, 100, 92, 84, 71, 53, 36, 29, 0, 5, 48, 1, 100, 0, 2
59, 100, 41, 79, 14, 56, 0, 31, 51, 21, 100, 33, 85, 25, 79, 0, 4
10, 81, 37, 100, 56, 62, 44, 21, 0, 13, 35, 25, 75, 0, 100, 30, 2
42, 96, 100, 100, 80, 98, 32, 76, 58, 60, 86, 28, 48, 0, 0, 14, 5
82, 100, 0, 85, 67, 49, 100, 10, 6, 0, 12, 41, 82, 77, 69, 99, 8
47, 84, 65, 100, 85, 75, 67, 46, 100, 35, 86, 9, 41, 0, 0, 8, 3
35, 91, 4, 68, 0, 25, 42, 0, 89, 25, 100, 67, 63, 100, 13, 83, 0
10, 93, 0, 54, 21, 74, 52, 100, 65, 46, 53, 0, 26, 4, 100, 5, 1
31, 100, 28, 76, 0, 41, 24, 29, 100, 30, 88, 67, 81, 33, 82, 0, 4
56, 92, 96, 81, 35, 63, 38, 100, 88, 69, 100, 24, 46, 0, 0, 25, 9
100, 70, 46, 94, 32, 51, 87, 9, 0, 0, 38, 46, 80, 91, 19, 100, 8
100, 100, 47, 99, 10, 70, 0, 32, 32, 0, 88, 1, 75, 32, 16, 32, 6
0, 77, 40, 64, 54, 28, 43, 0, 27, 36, 13, 72, 49, 96, 100, 100, 5
0, 97, 90, 100, 81, 71, 52, 36, 37, 0, 16, 13, 7, 42, 100, 43, 7
0, 88, 55, 100, 100, 87, 65, 48, 39, 4, 19, 0, 22, 35, 87, 42, 7
50, 50, 97, 72, 87, 100, 25, 95, 0, 65, 60, 56, 100, 35, 91, 0, 9
32, 62, 2, 35, 0, 6, 57, 0, 97, 22, 100, 52, 77, 80, 30, 100, 0
14, 76, 57, 100, 63, 55, 13, 72, 71, 86, 100, 37, 52, 0, 0, 21, 9
26, 100, 16, 79, 0, 52, 36, 32, 100, 38, 55, 52, 38, 26, 32, 0, 4
75, 100, 61, 79, 100, 96, 57, 96, 65, 66, 82, 36, 51, 10, 0, 0, 9
78, 100, 43, 92, 0, 73, 14, 54, 83, 55, 100, 43, 63, 22, 29, 0, 4
48, 91, 20, 60, 0, 28, 18, 0, 66, 15, 90, 45, 100, 79, 69, 100, 0
26, 93, 70, 100, 75, 55, 44, 17, 0, 0, 6, 24, 54, 24, 100, 12, 2
0, 76, 33, 100, 82, 92, 45, 70, 69, 45, 100, 16, 58, 0, 13, 10, 3
40, 93, 100, 100, 62, 94, 7, 79, 42, 64, 90, 39, 61, 10, 0, 0, 5
100, 100, 47, 82, 13, 57, 0, 31, 8, 6, 92, 0, 97, 20, 5, 27, 6
100, 100, 62, 87, 21, 60, 0, 27, 31, 0, 93, 7, 87, 37, 32, 55, 6
26, 77, 12, 100, 0, 62, 57, 45, 100, 60, 68, 77, 50, 39, 41, 0, 4
78, 100, 29, 92, 4, 55, 0, 16, 54, 0, 100, 29, 44, 33, 3, 2, 6
100, 69, 76, 100, 13, 91, 12, 65, 76, 76, 84, 43, 60, 9, 0, 0, 9
38, 100, 16, 68, 0, 36, 51, 30, 100, 34, 90, 62, 63, 31, 41, 0, 4
0, 90, 36, 100, 64, 89, 53, 64, 67, 41, 100, 25, 88, 7, 48, 0, 3
68, 100, 29, 90, 0, 59, 1, 17, 38, 0, 77, 13, 100, 48, 78, 82, 0
100, 91, 44, 100, 0, 76, 10, 37, 30, 0, 3, 25, 25, 61, 72, 86, 8
32, 84, 66, 100, 100, 80, 64, 40, 30, 0, 68, 11, 36, 52, 0, 91, 8
0, 46, 37, 60, 69, 80, 100, 100, 94, 78, 88, 51, 85, 24, 87, 0, 1
35, 89, 3, 61, 8, 8, 62, 0, 100, 40, 82, 89, 27, 100, 0, 54, 0
51, 62, 56, 100, 1, 82, 33, 42, 65, 1, 0, 0, 32, 40, 100, 65, 8
0, 83, 36, 100, 66, 78, 53, 39, 41, 0, 24, 34, 56, 50, 100, 55, 7
86, 100, 32, 81, 0, 57, 30, 37, 100, 51, 86, 46, 41, 23, 11, 0, 4
100, 99, 89, 100, 46, 75, 15, 48, 0, 20, 43, 0, 96, 10, 24, 22, 6
9, 84, 4, 56, 43, 26, 22, 0, 0, 27, 18, 67, 44, 94, 100, 100, 5
13, 71, 30, 100, 60, 79, 40, 42, 6, 13, 0, 9, 51, 11, 100, 0, 2
38, 85, 0, 59, 48, 53, 68, 18, 22, 0, 24, 50, 37, 94, 100, 100, 5
0, 78, 34, 100, 80, 91, 63, 57, 57, 43, 100, 25, 72, 0, 24, 1, 3
74, 100, 38, 79, 0, 49, 53, 53, 100, 62, 73, 84, 56, 42, 42, 0, 4
0, 100, 15, 84, 57, 75, 100, 68, 77, 55, 53, 34, 29, 13, 16, 0, 7
0, 92, 22, 99, 68, 100, 100, 87, 83, 64, 56, 44, 32, 23, 16, 0, 7
0, 94, 60, 100, 100, 79, 86, 44, 66, 10, 43, 0, 16, 32, 74, 43, 7
34, 100, 24, 70, 0, 41, 27, 26, 86, 27, 100, 51, 98, 31, 97, 0, 4
0, 83, 32, 100, 84, 74, 68, 36, 37, 0, 7, 23, 18, 45, 100, 52, 7
13, 88, 60, 100, 100, 86, 64, 59, 72, 42, 98, 17, 50, 3, 0, 0, 3
50, 80, 47, 100, 0, 81, 53, 68, 100, 72, 98, 31, 67, 0, 8, 2, 9
7, 83, 46, 100, 59, 70, 39, 39, 5, 13, 0, 16, 53, 15, 100, 0, 2
64, 97, 32, 67, 19, 26, 0, 0, 30, 36, 67, 67, 100, 100, 47, 88, 8
100, 100, 49, 92, 19, 64, 12, 31, 39, 3, 91, 0, 56, 22, 0, 24, 6
92, 100, 36, 87, 0, 51, 8, 11, 82, 7, 100, 40, 27, 36, 10, 0, 6
61, 91, 29, 100, 47, 74, 74, 85, 100, 51, 97, 12, 50, 0, 0, 11, 9
11, 78, 35, 100, 52, 73, 31, 43, 0, 20, 20, 9, 60, 4, 100, 0, 2
43, 55, 14, 40, 38, 0, 79, 23, 100, 66, 81, 100, 35, 78, 0, 44, 0
89, 81, 55, 100, 44, 76, 92, 77, 100, 46, 94, 4, 46, 0, 0, 13, 9
37, 100, 13, 66, 52, 35, 26, 0, 0, 18, 17, 65, 50, 96, 100, 86, 5
100, 99, 72, 100, 54, 71, 44, 41, 42, 10, 69, 0, 47, 25, 0, 29, 6
72, 69, 82, 97, 4, 100, 0, 74, 91, 78, 100, 53, 60, 27, 24, 0, 9
23, 79, 37, 100, 56, 68, 42, 32, 0, 14, 36, 12, 83, 0, 100, 33, 2
26, 97, 29, 100, 75, 99, 100, 83, 82, 61, 56, 39, 27, 20, 0, 0, 7
24, 91, 0, 55, 22, 3, 71, 0, 100, 48, 82, 100, 37, 76, 1, 33, 0
70, 100, 23, 82, 0, 51, 8, 18, 71, 1, 100, 28, 29, 29, 11, 0, 6
31, 84, 60, 100, 83, 85, 66, 64, 100, 45, 82, 17, 42, 0, 0, 0, 3
16, 100, 0, 72, 17, 48, 61, 46, 100, 48, 93, 58, 81, 29, 71, 0, 4
0, 91, 7, 98, 47, 100, 85, 94, 100, 72, 85, 47, 66, 24, 52, 0, 7
31, 100, 33, 69, 91, 89, 0, 93, 84, 84, 93, 57, 100, 16, 4, 0, 9
91, 64, 90, 100, 40, 93, 51, 71, 100, 67, 91, 28, 53, 1, 0, 0, 9
37, 89, 25, 54, 80, 20, 15, 0, 0, 26, 62, 58, 100, 97, 23, 100, 8
45, 100, 20, 79, 0, 55, 23, 35, 100, 36, 92, 48, 77, 24, 70, 0, 4
16, 83, 0, 47, 66, 62, 86, 23, 19, 0, 8, 48, 12, 94, 100, 100, 5
25, 93, 5, 74, 7, 29, 48, 0, 94, 27, 100, 72, 55, 100, 0, 82, 0
85, 100, 23, 83, 0, 42, 13, 0, 78, 5, 100, 47, 84, 88, 16, 81, 0
27, 100, 3, 76, 0, 46, 69, 43, 100, 64, 90, 64, 85, 32, 87, 0, 4
53, 100, 33, 77, 0, 55, 19, 35, 87, 41, 100, 46, 65, 24, 47, 0, 4
100, 93, 79, 92, 24, 100, 0, 67, 42, 44, 92, 28, 67, 0, 25, 2, 5
64, 100, 41, 78, 18, 57, 0, 36, 36, 22, 100, 32, 92, 20, 69, 0, 4
100, 100, 58, 78, 25, 53, 8, 24, 31, 0, 82, 13, 45, 31, 0, 14, 6
0, 85, 48, 100, 84, 89, 73, 48, 65, 6, 48, 0, 37, 28, 100, 33, 7
28, 94, 99, 100, 69, 95, 22, 70, 51, 53, 100, 27, 67, 0, 0, 9, 5
0, 100, 85, 99, 100, 84, 75, 50, 66, 14, 51, 0, 11, 33, 91, 39, 7
0, 45, 46, 68, 77, 93, 100, 100, 92, 74, 92, 48, 95, 23, 74, 0, 1
86, 100, 36, 80, 1, 49, 0, 14, 56, 0, 100, 23, 51, 37, 2, 16, 6
27, 100, 75, 100, 76, 75, 52, 52, 92, 34, 100, 9, 51, 0, 0, 4, 3
24, 80, 59, 95, 100, 100, 63, 92, 25, 78, 21, 47, 36, 16, 0, 0, 5
31, 100, 0, 82, 47, 46, 97, 12, 44, 0, 31, 33, 95, 61, 100, 91, 8
30, 92, 57, 71, 81, 97, 0, 100, 25, 77, 100, 69, 77, 26, 31, 0, 9
0, 86, 26, 100, 68, 97, 84, 62, 75, 19, 55, 0, 57, 23, 100, 23, 7
0, 71, 24, 100, 60, 100, 61, 63, 41, 29, 16, 0, 58, 3, 100, 2, 2
30, 81, 62, 43, 64, 0, 29, 15, 62, 52, 100, 87, 58, 100, 0, 87, 8
52, 100, 18, 76, 0, 46, 9, 17, 61, 19, 100, 38, 54, 22, 18, 0, 6
24, 88, 58, 100, 56, 70, 30, 41, 0, 17, 12, 0, 56, 2, 100, 3, 2
0, 80, 50, 100, 82, 72, 58, 34, 22, 0, 9, 7, 29, 38, 100, 44, 7
0, 100, 45, 92, 100, 78, 67, 39, 31, 1, 10, 0, 27, 28, 93, 34, 7
89, 100, 34, 81, 9, 54, 0, 25, 26, 0, 98, 6, 100, 26, 32, 25, 6
73, 66, 32, 81, 100, 100, 95, 87, 64, 65, 27, 43, 5, 22, 0, 0, 1
38, 73, 62, 100, 87, 75, 67, 39, 31, 9, 0, 10, 50, 20, 100, 0, 2
17, 100, 46, 89, 40, 58, 17, 34, 0, 8, 33, 5, 67, 4, 100, 0, 2
49, 74, 14, 40, 28, 0, 78, 14, 100, 56, 71, 93, 18, 100, 0, 64, 0
68, 82, 34, 100, 0, 65, 8, 22, 57, 0, 100, 24, 88, 66, 40, 92, 0
0, 27, 34, 51, 70, 75, 100, 100, 83, 77, 68, 52, 55, 26, 47, 0, 1
14, 100, 2, 73, 0, 48, 50, 44, 92, 48, 100, 58, 76, 29, 53, 0, 4
73, 98, 14, 78, 19, 0, 100, 41, 56, 100, 0, 58, 76, 85, 14, 13, 0
72, 71, 73, 100, 29, 87, 66, 73, 100, 54, 92, 16, 48, 0, 0, 9, 9
89, 100, 43, 76, 0, 75, 49, 99, 100, 90, 84, 56, 53, 24, 38, 0, 9
36, 77, 77, 100, 71, 76, 55, 33, 43, 0, 0, 14, 50, 16, 100, 17, 1
69, 91, 10, 95, 34, 46, 50, 0, 0, 23, 62, 50, 100, 87, 36, 100, 8
21, 52, 0, 48, 39, 50, 100, 51, 68, 0, 26, 29, 8, 83, 85, 100, 5
0, 71, 64, 52, 100, 16, 34, 0, 21, 36, 69, 68, 80, 100, 8, 93, 8
2, 81, 28, 100, 68, 83, 67, 49, 37, 23, 0, 1, 48, 0, 100, 1, 2
100, 100, 53, 98, 28, 77, 34, 57, 79, 53, 76, 24, 39, 4, 0, 0, 5
17, 100, 30, 92, 17, 64, 0, 37, 57, 27, 89, 46, 89, 28, 100, 0, 4
30, 86, 46, 59, 52, 18, 9, 0, 0, 30, 11, 74, 52, 94, 100, 100, 5
74, 81, 46, 100, 0, 74, 66, 64, 97, 71, 100, 34, 76, 0, 6, 8, 9
25, 72, 59, 100, 56, 90, 52, 53, 41, 16, 0, 0, 45, 2, 100, 2, 1
43, 80, 65, 100, 98, 88, 69, 50, 29, 20, 0, 12, 52, 19, 100, 0, 2
39, 77, 0, 43, 13, 2, 67, 0, 96, 39, 100, 84, 54, 100, 5, 76, 0
0, 77, 49, 100, 100, 74, 85, 37, 58, 0, 93, 13, 69, 48, 5, 74, 8
0, 97, 55, 100, 100, 82, 87, 48, 64, 15, 41, 0, 15, 32, 69, 43, 7
95, 31, 44, 2, 0, 26, 11, 69, 60, 100, 100, 73, 84, 30, 40, 0, 0
22, 94, 0, 92, 27, 100, 100, 99, 68, 51, 48, 0, 24, 24, 94, 36, 7
0, 54, 4, 100, 43, 98, 36, 48, 10, 6, 11, 2, 56, 9, 100, 0, 2
93, 97, 65, 100, 65, 67, 95, 98, 100, 62, 82, 21, 41, 0, 0, 15, 9
0, 64, 2, 26, 35, 0, 77, 12, 100, 46, 96, 85, 58, 100, 19, 80, 0
0, 54, 31, 65, 69, 87, 100, 100, 83, 75, 79, 50, 81, 24, 100, 0, 1
31, 100, 12, 87, 0, 55, 22, 26, 72, 31, 100, 60, 74, 31, 60, 0, 4
0, 90, 15, 100, 24, 67, 11, 34, 2, 11, 35, 5, 67, 2, 100, 0, 2
0, 73, 48, 81, 88, 100, 100, 99, 94, 73, 88, 48, 82, 22, 91, 0, 1
100, 100, 62, 92, 58, 59, 84, 89, 93, 70, 79, 30, 46, 0, 0, 3, 9
0, 69, 60, 82, 100, 100, 90, 79, 81, 58, 69, 37, 67, 16, 69, 0, 1
81, 96, 39, 100, 13, 71, 13, 39, 76, 44, 100, 16, 44, 0, 0, 6, 5
51, 63, 59, 100, 79, 70, 56, 31, 20, 0, 0, 6, 47, 24, 100, 19, 2
61, 79, 100, 100, 50, 99, 0, 72, 54, 75, 93, 83, 60, 42, 33, 0, 9
0, 78, 28, 100, 79, 82, 63, 48, 59, 48, 100, 22, 55, 0, 9, 8, 3
33, 87, 17, 78, 58, 42, 46, 0, 0, 12, 15, 61, 42, 94, 100, 100, 5
80, 71, 59, 100, 18, 73, 44, 34, 50, 0, 0, 20, 46, 50, 100, 74, 8
6, 100, 12, 82, 0, 50, 3, 22, 100, 29, 86, 48, 55, 32, 67, 0, 4
100, 100, 55, 81, 24, 50, 9, 15, 54, 0, 87, 24, 43, 41, 0, 31, 6
11, 66, 43, 39, 40, 5, 1, 0, 0, 44, 22, 73, 61, 88, 100, 100, 5
89, 93, 31, 100, 40, 50, 53, 0, 0, 0, 46, 41, 100, 79, 36, 85, 8
100, 100, 49, 88, 41, 60, 83, 77, 81, 67, 82, 33, 55, 4, 0, 0, 9
0, 97, 44, 99, 100, 100, 94, 98, 68, 75, 56, 50, 52, 25, 54, 0, 7
78, 100, 30, 74, 5, 44, 0, 13, 60, 0, 100, 26, 48, 39, 2, 15, 6
22, 100, 8, 72, 0, 41, 5, 10, 57, 0, 100, 21, 51, 33, 6, 13, 6
32, 74, 8, 39, 27, 0, 73, 11, 100, 48, 82, 89, 37, 100, 0, 74, 0
53, 90, 90, 71, 87, 100, 40, 75, 100, 80, 95, 39, 67, 0, 0, 0, 9
39, 91, 81, 100, 70, 59, 25, 81, 82, 85, 100, 37, 57, 0, 0, 24, 9
0, 65, 16, 93, 49, 100, 65, 77, 48, 45, 36, 11, 66, 0, 100, 1, 2
56, 89, 55, 63, 100, 29, 53, 0, 52, 33, 93, 68, 82, 100, 0, 84, 8
16, 93, 32, 55, 61, 19, 34, 0, 1, 34, 0, 76, 45, 100, 100, 96, 5
16, 94, 56, 100, 76, 76, 43, 52, 6, 30, 0, 6, 49, 1, 100, 0, 2
65, 81, 100, 48, 88, 10, 7, 0, 40, 35, 97, 68, 78, 100, 0, 87, 8
0, 70, 36, 91, 58, 100, 54, 51, 46, 4, 9, 0, 54, 0, 100, 2, 1
1, 92, 38, 100, 52, 72, 29, 41, 0, 14, 9, 0, 54, 3, 100, 5, 2
0, 64, 16, 100, 57, 89, 40, 48, 2, 17, 1, 18, 49, 0, 100, 0, 2
0, 89, 46, 100, 100, 98, 84, 78, 51, 58, 71, 35, 50, 14, 5, 0, 3
8, 86, 6, 55, 60, 35, 41, 0, 11, 27, 0, 74, 41, 89, 100, 100, 5
5, 28, 50, 60, 69, 100, 17, 90, 60, 58, 100, 24, 49, 0, 0, 22, 8
49, 100, 18, 82, 0, 61, 5, 40, 53, 38, 100, 43, 92, 21, 93, 0, 4
65, 94, 100, 100, 82, 83, 71, 67, 41, 50, 18, 33, 6, 17, 0, 0, 1
50, 51, 100, 74, 70, 100, 0, 93, 4, 69, 78, 60, 90, 32, 76, 0, 9
37, 95, 33, 68, 55, 31, 18, 0, 0, 35, 2, 80, 46, 100, 100, 94, 5
5, 66, 16, 100, 100, 98, 69, 58, 29, 20, 75, 0, 21, 32, 0, 71, 8
100, 88, 52, 70, 0, 62, 25, 94, 76, 100, 76, 63, 50, 28, 31, 0, 9
20, 76, 54, 100, 88, 82, 61, 53, 20, 28, 0, 19, 59, 21, 100, 0, 2
67, 100, 67, 85, 100, 71, 67, 57, 33, 42, 0, 28, 0, 14, 0, 0, 1
32, 100, 12, 93, 0, 46, 22, 4, 72, 0, 100, 38, 85, 82, 34, 92, 0
22, 87, 25, 55, 77, 43, 53, 0, 11, 18, 0, 69, 38, 91, 100, 100, 5
68, 100, 11, 89, 59, 45, 61, 0, 0, 17, 65, 55, 100, 100, 18, 98, 8
22, 90, 5, 55, 68, 52, 76, 9, 4, 0, 0, 43, 17, 87, 100, 100, 5
31, 63, 69, 79, 100, 100, 87, 85, 64, 62, 43, 40, 21, 17, 0, 0, 1
0, 61, 35, 82, 95, 100, 100, 90, 70, 68, 45, 46, 22, 23, 12, 0, 1
24, 86, 3, 62, 49, 32, 42, 0, 0, 19, 9, 61, 37, 94, 100, 100, 5
57, 92, 18, 72, 42, 30, 7, 0, 0, 39, 50, 69, 100, 99, 43, 100, 8
66, 86, 30, 100, 45, 78, 70, 88, 97, 50, 100, 8, 50, 0, 0, 16, 9
38, 64, 8, 67, 0, 20, 40, 0, 85, 26, 100, 69, 63, 100, 21, 87, 0
0, 92, 50, 100, 78, 74, 61, 37, 43, 0, 24, 26, 44, 37, 100, 37, 7
59, 100, 27, 80, 0, 56, 11, 35, 70, 35, 100, 45, 88, 23, 87, 0, 4
0, 100, 66, 99, 86, 79, 64, 40, 44, 0, 9, 20, 33, 44, 100, 47, 7
0, 85, 38, 100, 88, 94, 86, 67, 64, 41, 100, 21, 82, 0, 30, 1, 3
38, 100, 1, 75, 0, 29, 36, 0, 80, 14, 100, 56, 79, 97, 37, 94, 0
33, 100, 15, 85, 0, 40, 13, 0, 46, 3, 76, 25, 100, 61, 84, 95, 0
16, 83, 60, 100, 100, 80, 71, 53, 72, 45, 96, 22, 49, 0, 0, 3, 3
19, 80, 46, 100, 46, 66, 28, 35, 0, 12, 24, 1, 63, 0, 100, 1, 2
0, 95, 62, 100, 96, 71, 58, 36, 31, 0, 100, 20, 94, 38, 1, 42, 7
79, 100, 46, 82, 13, 52, 0, 18, 48, 0, 100, 18, 58, 37, 0, 27, 6
36, 79, 20, 100, 67, 81, 53, 43, 0, 20, 8, 25, 59, 0, 100, 17, 2
0, 55, 57, 76, 100, 100, 73, 83, 71, 57, 79, 32, 89, 6, 93, 0, 1
0, 96, 21, 97, 79, 100, 100, 98, 67, 76, 48, 50, 33, 23, 31, 0, 7
0, 100, 10, 86, 14, 67, 32, 50, 71, 51, 82, 37, 89, 18, 100, 0, 4
40, 98, 17, 76, 0, 28, 35, 0, 84, 25, 100, 70, 55, 100, 4, 95, 0
17, 100, 0, 81, 2, 62, 42, 46, 100, 52, 79, 39, 77, 19, 89, 0, 4
0, 92, 35, 100, 80, 99, 70, 53, 55, 0, 35, 13, 56, 31, 100, 32, 7
44, 83, 58, 67, 66, 100, 35, 78, 93, 79, 100, 33, 59, 0, 0, 28, 9
90, 100, 39, 78, 4, 49, 0, 18, 59, 0, 100, 24, 41, 39, 10, 13, 6
61, 97, 0, 88, 57, 60, 75, 16, 4, 0, 2, 49, 24, 98, 100, 100, 5
32, 88, 65, 100, 83, 76, 50, 55, 94, 38, 100, 12, 52, 0, 0, 1, 3
20, 98, 49, 100, 51, 65, 31, 36, 0, 16, 28, 10, 64, 5, 100, 0, 2
62, 95, 12, 76, 74, 39, 100, 0, 21, 6, 30, 57, 65, 100, 0, 66, 8
21, 100, 7, 51, 37, 89, 39, 87, 44, 20, 0, 0, 30, 2, 100, 7, 1
13, 81, 24, 100, 89, 97, 100, 75, 63, 52, 97, 22, 55, 0, 0, 12, 3
0, 92, 44, 100, 91, 93, 100, 56, 85, 18, 61, 0, 40, 27, 86, 35, 7
100, 100, 55, 96, 20, 66, 0, 32, 16, 0, 79, 2, 68, 27, 9, 13, 6
9, 63, 66, 39, 77, 0, 0, 4, 41, 41, 100, 75, 77, 100, 0, 77, 8
28, 100, 4, 63, 0, 20, 32, 0, 73, 24, 100, 59, 77, 89, 30, 85, 0
15, 89, 0, 54, 19, 0, 74, 7, 100, 57, 64, 100, 12, 85, 7, 32, 0
0, 83, 41, 100, 72, 81, 32, 55, 74, 48, 100, 19, 54, 0, 0, 15, 3
48, 72, 78, 100, 100, 80, 69, 48, 32, 22, 0, 18, 45, 17, 88, 0, 2
57, 74, 45, 100, 14, 69, 46, 33, 39, 0, 0, 23, 49, 49, 100, 73, 8
21, 100, 0, 69, 1, 32, 29, 0, 82, 16, 100, 52, 79, 86, 20, 82, 0
46, 65, 81, 100, 70, 82, 60, 28, 24, 0, 0, 0, 50, 3, 100, 9, 1
0, 91, 40, 100, 94, 94, 60, 75, 84, 52, 100, 27, 53, 12, 1, 0, 3
20, 63, 42, 100, 36, 88, 30, 46, 23, 4, 0, 2, 50, 0, 100, 4, 1
13, 100, 0, 98, 8, 57, 80, 54, 100, 66, 71, 95, 48, 48, 34, 0, 4
100, 78, 52, 52, 0, 64, 19, 98, 77, 100, 92, 64, 80, 28, 44, 0, 9
89, 100, 43, 93, 11, 60, 0, 24, 44, 0, 100, 26, 66, 49, 4, 26, 6
3, 74, 21, 100, 26, 66, 10, 32, 0, 0, 34, 0, 67, 6, 100, 6, 2
0, 98, 44, 100, 69, 73, 52, 32, 37, 0, 16, 39, 51, 48, 100, 49, 7
20, 98, 97, 100, 100, 99, 31, 88, 41, 57, 97, 30, 57, 0, 0, 13, 5
5, 70, 34, 100, 85, 83, 56, 52, 75, 43, 100, 12, 41, 0, 0, 20, 3
100, 100, 76, 77, 55, 54, 35, 29, 31, 2, 67, 0, 41, 18, 0, 22, 6
16, 100, 0, 71, 12, 37, 69, 27, 100, 34, 75, 71, 57, 40, 39, 0, 4
32, 94, 70, 100, 76, 77, 68, 54, 100, 35, 78, 9, 37, 0, 0, 9, 3
55, 100, 33, 62, 0, 26, 33, 27, 92, 39, 100, 77, 95, 39, 86, 0, 4
61, 100, 16, 78, 0, 39, 15, 0, 72, 10, 100, 48, 96, 88, 44, 83, 0
57, 86, 100, 100, 100, 94, 56, 78, 59, 45, 88, 22, 47, 2, 0, 0, 5
0, 63, 7, 30, 36, 0, 73, 10, 100, 49, 86, 93, 49, 100, 18, 71, 0
0, 81, 41, 100, 76, 81, 69, 40, 55, 0, 30, 16, 51, 31, 100, 32, 7
68, 100, 23, 78, 2, 51, 0, 24, 32, 0, 100, 8, 85, 30, 15, 24, 6
100, 100, 42, 83, 21, 56, 18, 27, 34, 0, 100, 0, 71, 18, 0, 7, 6
49, 90, 33, 88, 74, 100, 69, 55, 39, 18, 0, 3, 49, 3, 100, 0, 2
0, 42, 44, 64, 74, 87, 100, 100, 79, 75, 67, 50, 59, 25, 56, 0, 1
67, 73, 40, 100, 10, 69, 34, 31, 29, 0, 0, 24, 51, 47, 100, 72, 8
56, 100, 17, 72, 0, 29, 34, 0, 79, 20, 100, 60, 74, 96, 31, 83, 0
0, 85, 31, 100, 60, 91, 54, 51, 33, 18, 33, 0, 66, 3, 100, 6, 2
100, 100, 76, 97, 44, 70, 16, 40, 0, 6, 34, 0, 43, 31, 9, 32, 6
22, 76, 54, 100, 62, 58, 39, 20, 0, 0, 13, 24, 57, 27, 100, 23, 2
25, 85, 24, 62, 55, 100, 42, 55, 49, 8, 0, 0, 46, 3, 100, 5, 1
100, 100, 59, 81, 29, 55, 4, 26, 11, 0, 60, 12, 51, 30, 0, 21, 6
46, 62, 85, 96, 15, 100, 12, 60, 44, 19, 0, 0, 28, 37, 100, 55, 8
94, 75, 55, 100, 0, 78, 17, 45, 76, 62, 100, 78, 92, 36, 84, 0, 9
0, 52, 31, 78, 60, 100, 56, 61, 56, 22, 33, 2, 55, 0, 100, 2, 1
46, 48, 100, 74, 87, 100, 10, 86, 30, 68, 90, 58, 43, 29, 0, 0, 9
58, 58, 100, 94, 45, 100, 41, 59, 72, 20, 10, 0, 0, 31, 67, 57, 8
100, 66, 48, 75, 12, 43, 0, 5, 47, 0, 89, 25, 86, 64, 61, 100, 0
13, 100, 0, 71, 37, 50, 100, 56, 90, 76, 80, 61, 81, 30, 88, 0, 4
100, 100, 77, 81, 48, 56, 23, 30, 25, 3, 81, 0, 58, 22, 0, 28, 6
23, 73, 60, 100, 54, 76, 40, 34, 22, 0, 0, 15, 50, 14, 100, 14, 1
33, 45, 75, 70, 79, 100, 72, 44, 100, 10, 94, 9, 37, 8, 0, 0, 1
12, 89, 27, 100, 16, 72, 0, 44, 36, 24, 97, 41, 100, 28, 95, 0, 4
29, 100, 72, 80, 65, 52, 38, 25, 0, 0, 2, 22, 25, 47, 100, 49, 7
30, 74, 70, 100, 71, 83, 59, 42, 40, 4, 0, 0, 54, 0, 100, 5, 1
34, 89, 68, 100, 78, 80, 61, 67, 100, 48, 95, 19, 51, 0, 0, 0, 3
28, 92, 12, 44, 35, 0, 83, 11, 100, 57, 72, 100, 25, 95, 0, 52, 0
19, 71, 30, 100, 78, 89, 50, 65, 81, 46, 100, 17, 56, 0, 0, 3, 3
37, 100, 0, 63, 38, 40, 38, 0, 13, 12, 30, 61, 44, 98, 100, 92, 5
0, 97, 32, 99, 67, 99, 100, 100, 78, 77, 58, 51, 43, 22, 45, 0, 7
30, 74, 60, 100, 77, 74, 54, 43, 19, 16, 0, 12, 52, 9, 100, 0, 2
46, 99, 0, 59, 77, 45, 84, 1, 24, 0, 10, 48, 16, 93, 100, 100, 5
25, 100, 12, 88, 0, 47, 51, 31, 89, 62, 100, 83, 85, 42, 77, 0, 4
0, 78, 23, 91, 61, 97, 100, 100, 87, 75, 78, 50, 71, 24, 68, 0, 7
8, 90, 4, 58, 66, 36, 44, 0, 2, 19, 0, 63, 25, 99, 100, 100, 5
43, 100, 27, 92, 0, 62, 53, 53, 100, 73, 80, 60, 50, 30, 19, 0, 4
0, 46, 27, 66, 61, 85, 97, 100, 100, 78, 80, 53, 59, 27, 43, 0, 1
16, 67, 0, 27, 33, 0, 77, 21, 100, 60, 91, 100, 40, 99, 0, 73, 0
0, 40, 15, 64, 51, 87, 83, 100, 75, 75, 74, 50, 81, 25, 100, 0, 1
4, 92, 62, 100, 100, 81, 53, 55, 0, 32, 18, 12, 84, 7, 88, 0, 2
40, 83, 76, 100, 86, 75, 56, 50, 20, 29, 0, 6, 49, 1, 100, 0, 2
53, 89, 59, 68, 77, 100, 38, 89, 100, 74, 93, 42, 57, 0, 0, 20, 9
0, 52, 20, 83, 56, 100, 79, 84, 58, 52, 36, 20, 59, 1, 100, 0, 2
36, 91, 39, 53, 40, 15, 0, 0, 2, 31, 19, 71, 57, 91, 100, 100, 5
52, 85, 10, 62, 0, 20, 41, 0, 87, 22, 100, 62, 70, 96, 20, 100, 0
100, 76, 41, 59, 25, 82, 80, 100, 89, 64, 90, 27, 59, 0, 0, 16, 9
67, 93, 40, 100, 68, 76, 76, 92, 100, 55, 94, 13, 49, 0, 0, 6, 9
89, 75, 77, 100, 0, 83, 38, 56, 100, 81, 91, 50, 74, 12, 2, 0, 9
11, 75, 49, 47, 83, 10, 0, 0, 34, 37, 100, 70, 95, 100, 5, 79, 8
31, 86, 67, 100, 81, 73, 54, 47, 18, 25, 0, 10, 50, 4, 100, 0, 2
39, 61, 95, 79, 65, 100, 0, 90, 13, 67, 80, 57, 100, 30, 85, 0, 9
10, 89, 21, 52, 75, 44, 60, 0, 12, 12, 0, 60, 36, 93, 100, 100, 5
0, 79, 25, 50, 98, 25, 71, 0, 10, 16, 50, 47, 100, 76, 83, 100, 8
6, 97, 63, 100, 95, 79, 48, 60, 67, 52, 100, 28, 56, 8, 0, 0, 3
0, 53, 39, 62, 72, 80, 100, 100, 93, 77, 82, 51, 73, 25, 68, 0, 1
50, 65, 81, 100, 76, 77, 61, 31, 40, 0, 0, 11, 50, 10, 100, 13, 1
47, 100, 36, 69, 0, 34, 50, 28, 100, 43, 98, 81, 89, 41, 84, 0, 4
31, 93, 0, 56, 9, 10, 61, 0, 100, 32, 95, 79, 50, 100, 10, 68, 0
0, 80, 38, 100, 95, 95, 57, 71, 51, 51, 100, 31, 95, 2, 36, 0, 3
43, 99, 84, 100, 80, 77, 70, 59, 100, 37, 80, 11, 39, 0, 0, 3, 3
0, 63, 58, 85, 100, 100, 78, 74, 67, 46, 64, 19, 0, 0, 3, 3, 1
48, 84, 55, 58, 85, 83, 34, 100, 67, 65, 100, 28, 59, 0, 0, 0, 9
55, 94, 9, 78, 56, 57, 60, 4, 0, 0, 4, 43, 40, 93, 100, 100, 5
100, 84, 57, 88, 73, 43, 63, 0, 0, 6, 45, 45, 99, 80, 83, 100, 8
17, 100, 0, 71, 5, 43, 78, 40, 100, 55, 91, 59, 87, 29, 78, 0, 4
19, 86, 9, 55, 13, 16, 60, 0, 96, 33, 100, 72, 57, 100, 0, 82, 0
0, 66, 21, 72, 65, 88, 100, 100, 94, 75, 87, 49, 79, 23, 79, 0, 1
16, 100, 59, 99, 69, 80, 76, 64, 100, 42, 85, 16, 45, 2, 0, 0, 3
2, 64, 21, 100, 47, 81, 30, 44, 0, 12, 7, 24, 53, 14, 100, 0, 2
34, 74, 62, 100, 100, 86, 69, 60, 75, 48, 90, 19, 50, 1, 0, 0, 3
51, 81, 86, 100, 81, 85, 81, 58, 88, 31, 56, 6, 0, 0, 100, 2, 1
4, 87, 17, 67, 40, 34, 9, 0, 0, 39, 2, 84, 48, 100, 100, 97, 5
39, 96, 2, 70, 53, 38, 63, 0, 0, 10, 6, 55, 31, 94, 100, 100, 5
32, 97, 34, 58, 61, 21, 0, 0, 5, 35, 55, 66, 100, 100, 39, 93, 8
23, 73, 30, 100, 80, 93, 60, 61, 90, 44, 100, 10, 50, 0, 0, 15, 3
4, 86, 38, 100, 44, 74, 24, 47, 0, 20, 21, 1, 60, 0, 100, 1, 2
100, 88, 20, 100, 43, 54, 78, 10, 0, 0, 12, 42, 83, 74, 50, 93, 8
11, 91, 41, 100, 64, 79, 53, 50, 84, 29, 100, 8, 51, 0, 0, 2, 3
7, 71, 38, 49, 70, 20, 25, 0, 1, 34, 0, 69, 33, 100, 100, 97, 5
87, 100, 48, 100, 17, 67, 6, 31, 38, 0, 100, 12, 52, 29, 0, 4, 6
56, 92, 100, 100, 87, 99, 44, 87, 28, 54, 68, 36, 45, 6, 0, 0, 5
33, 100, 100, 99, 66, 98, 7, 86, 32, 65, 81, 38, 66, 5, 0, 0, 5
13, 87, 61, 100, 100, 86, 69, 59, 73, 51, 87, 21, 46, 0, 0, 5, 3
0, 0, 38, 14, 71, 32, 93, 55, 100, 81, 76, 100, 48, 82, 73, 62, 9
16, 100, 0, 63, 40, 37, 100, 37, 87, 83, 73, 95, 71, 47, 68, 0, 4
100, 100, 60, 91, 31, 69, 12, 44, 4, 17, 34, 0, 46, 20, 0, 21, 6
40, 96, 83, 100, 81, 72, 73, 61, 100, 35, 79, 6, 35, 0, 0, 19, 3
100, 100, 66, 92, 26, 63, 0, 27, 27, 0, 76, 16, 56, 50, 5, 46, 6
0, 78, 44, 100, 68, 85, 66, 46, 80, 8, 100, 0, 38, 2, 1, 7, 1
100, 100, 55, 87, 23, 65, 0, 39, 0, 10, 44, 0, 85, 14, 59, 28, 6
70, 100, 43, 82, 16, 49, 0, 16, 41, 0, 100, 21, 47, 31, 12, 4, 6
0, 75, 14, 31, 47, 0, 89, 10, 100, 54, 76, 93, 35, 100, 13, 62, 0
26, 100, 11, 78, 0, 51, 16, 28, 59, 36, 100, 51, 85, 26, 69, 0, 4
0, 94, 56, 100, 100, 83, 88, 52, 64, 23, 43, 0, 19, 29, 63, 43, 7
95, 100, 33, 81, 0, 42, 2, 0, 68, 5, 100, 45, 97, 86, 36, 73, 0
26, 89, 0, 50, 8, 0, 69, 13, 100, 58, 73, 100, 20, 74, 13, 25, 0
0, 99, 57, 100, 97, 80, 77, 40, 48, 3, 28, 0, 42, 28, 100, 27, 7
18, 100, 0, 80, 11, 56, 53, 45, 99, 57, 100, 47, 85, 24, 78, 0, 4
29, 94, 54, 100, 54, 64, 31, 32, 0, 10, 26, 7, 62, 3, 100, 0, 2
3, 100, 6, 83, 0, 51, 34, 29, 100, 29, 74, 50, 54, 32, 47, 0, 4
0, 92, 53, 100, 78, 70, 61, 34, 39, 0, 6, 29, 43, 39, 100, 30, 7
0, 36, 23, 56, 69, 78, 100, 100, 73, 75, 46, 50, 26, 25, 29, 0, 1
30, 82, 64, 100, 100, 84, 68, 62, 62, 47, 85, 23, 50, 3, 0, 0, 3
23, 75, 20, 52, 49, 17, 17, 0, 0, 43, 9, 78, 53, 92, 100, 100, 5
59, 100, 24, 75, 0, 46, 0, 16, 49, 0, 100, 13, 60, 32, 3, 25, 6
21, 98, 0, 100, 54, 100, 100, 100, 60, 81, 32, 57, 21, 29, 19, 0, 7
20, 86, 0, 73, 82, 85, 35, 100, 19, 45, 30, 0, 100, 33, 24, 54, 8
54, 87, 72, 100, 100, 100, 69, 100, 42, 84, 44, 45, 28, 10, 0, 0, 5
0, 76, 45, 100, 88, 76, 71, 37, 45, 0, 35, 3, 29, 33, 100, 36, 7
66, 59, 100, 85, 54, 100, 0, 84, 24, 61, 88, 54, 93, 30, 80, 0, 9
0, 91, 41, 100, 100, 94, 74, 62, 45, 31, 15, 0, 4, 16, 47, 32, 7
25, 72, 34, 100, 73, 91, 60, 50, 30, 16, 0, 9, 50, 9, 100, 0, 2
30, 63, 45, 100, 48, 99, 46, 59, 38, 19, 0, 0, 47, 1, 100, 3, 1
41, 100, 36, 64, 0, 30, 45, 34, 96, 46, 87, 77, 89, 38, 100, 0, 4
0, 82, 37, 100, 65, 73, 54, 36, 42, 0, 16, 32, 48, 42, 100, 44, 7
18, 95, 6, 63, 16, 11, 65, 0, 100, 40, 84, 90, 31, 100, 0, 57, 0
67, 100, 44, 80, 18, 50, 0, 35, 65, 34, 100, 48, 91, 32, 89, 0, 4
42, 81, 69, 100, 93, 85, 66, 60, 73, 41, 100, 20, 58, 0, 0, 4, 3
0, 80, 23, 100, 57, 99, 66, 70, 52, 41, 38, 12, 65, 0, 100, 0, 2
44, 80, 21, 68, 74, 38, 62, 0, 0, 5, 15, 51, 33, 90, 100, 100, 5
39, 86, 6, 89, 39, 47, 53, 0, 0, 6, 10, 59, 42, 96, 100, 100, 5
27, 94, 55, 57, 61, 18, 15, 0, 0, 28, 5, 70, 46, 93, 100, 100, 5
7, 79, 36, 100, 54, 78, 30, 49, 0, 24, 9, 6, 55, 3, 100, 0, 2
81, 67, 72, 100, 0, 83, 31, 50, 100, 66, 94, 51, 83, 11, 4, 0, 9
0, 41, 23, 65, 63, 87, 100, 100, 90, 75, 73, 51, 67, 25, 67, 0, 1
18, 74, 29, 100, 100, 88, 73, 47, 31, 9, 0, 0, 14, 29, 96, 34, 7
100, 82, 65, 100, 38, 78, 73, 63, 85, 54, 82, 18, 44, 0, 0, 3, 9
0, 77, 40, 95, 87, 100, 100, 73, 71, 47, 34, 25, 17, 0, 67, 1, 2
0, 96, 38, 100, 75, 92, 70, 46, 62, 0, 49, 15, 63, 34, 100, 38, 7
56, 63, 71, 100, 1, 81, 48, 42, 76, 0, 0, 13, 27, 56, 100, 86, 8
21, 100, 9, 96, 0, 68, 39, 51, 100, 59, 99, 57, 91, 29, 89, 0, 4
42, 76, 74, 43, 100, 76, 42, 100, 66, 72, 100, 38, 71, 1, 0, 0, 9
30, 78, 41, 100, 100, 83, 59, 62, 40, 56, 85, 30, 62, 0, 0, 9, 3
78, 100, 41, 82, 14, 52, 0, 19, 42, 0, 100, 12, 91, 38, 29, 38, 6
89, 71, 35, 68, 20, 90, 80, 100, 100, 73, 82, 45, 48, 20, 0, 0, 9
21, 81, 52, 100, 100, 100, 85, 76, 64, 53, 83, 29, 44, 13, 0, 0, 3
38, 100, 20, 61, 26, 20, 65, 0, 100, 27, 92, 67, 48, 85, 0, 79, 0
54, 87, 100, 100, 72, 96, 31, 76, 30, 45, 79, 42, 47, 14, 0, 0, 5
0, 84, 36, 100, 65, 78, 53, 46, 22, 19, 15, 17, 62, 19, 100, 0, 2
18, 95, 0, 56, 2, 13, 41, 0, 79, 24, 100, 62, 84, 99, 40, 100, 0
11, 82, 51, 100, 93, 89, 65, 66, 73, 51, 100, 32, 53, 14, 0, 0, 3
100, 95, 87, 100, 49, 76, 17, 47, 0, 14, 40, 0, 66, 25, 19, 25, 6
100, 100, 43, 78, 80, 39, 76, 0, 0, 10, 39, 46, 86, 82, 10, 97, 8
35, 83, 69, 100, 100, 79, 84, 52, 47, 31, 0, 12, 14, 0, 77, 2, 2
20, 100, 0, 58, 14, 15, 59, 0, 98, 27, 100, 73, 64, 100, 24, 76, 0
40, 99, 100, 87, 43, 100, 30, 56, 73, 44, 98, 9, 38, 0, 0, 31, 5
79, 100, 51, 85, 26, 51, 15, 13, 62, 0, 100, 21, 49, 31, 0, 15, 6
37, 81, 61, 100, 91, 84, 63, 63, 100, 46, 85, 14, 37, 0, 0, 16, 3
100, 100, 46, 80, 11, 53, 0, 23, 39, 0, 100, 12, 73, 33, 7, 25, 6
41, 100, 25, 50, 47, 4, 86, 0, 100, 48, 74, 91, 35, 100, 0, 76, 0
0, 66, 47, 83, 93, 100, 100, 90, 77, 67, 53, 46, 35, 23, 30, 0, 1
0, 80, 28, 100, 53, 82, 31, 53, 4, 27, 14, 3, 58, 4, 100, 0, 2
0, 83, 18, 50, 63, 16, 23, 0, 3, 35, 50, 68, 100, 100, 13, 95, 8
89, 79, 23, 71, 70, 30, 36, 0, 0, 26, 72, 63, 100, 100, 2, 76, 8
84, 100, 44, 91, 59, 76, 100, 87, 89, 62, 70, 37, 38, 17, 0, 0, 9
4, 71, 32, 100, 37, 95, 33, 57, 29, 19, 0, 0, 49, 1, 100, 4, 1
0, 80, 23, 100, 94, 83, 100, 50, 68, 19, 34, 0, 32, 34, 89, 50, 7
12, 75, 46, 100, 66, 74, 41, 42, 6, 14, 0, 15, 51, 11, 100, 0, 2
100, 98, 57, 100, 23, 83, 12, 47, 43, 45, 77, 24, 45, 1, 0, 0, 5
20, 100, 7, 84, 0, 50, 65, 50, 100, 67, 84, 68, 77, 34, 72, 0, 4
93, 96, 72, 100, 70, 76, 100, 99, 92, 71, 80, 42, 47, 17, 0, 0, 9
51, 100, 14, 84, 0, 53, 60, 47, 100, 69, 78, 61, 50, 31, 37, 0, 4
56, 100, 19, 76, 0, 37, 13, 0, 66, 9, 100, 41, 94, 80, 44, 84, 0
100, 100, 59, 90, 36, 62, 19, 33, 10, 3, 42, 0, 42, 27, 0, 37, 6
75, 75, 38, 100, 12, 64, 88, 31, 89, 0, 0, 20, 29, 62, 100, 96, 8
16, 100, 1, 84, 0, 58, 29, 39, 74, 46, 100, 51, 88, 25, 78, 0, 4
20, 91, 25, 67, 54, 32, 19, 0, 0, 32, 0, 80, 49, 92, 100, 100, 5
10, 100, 0, 99, 51, 100, 95, 89, 100, 67, 91, 44, 76, 22, 69, 0, 7
51, 46, 46, 76, 72, 100, 62, 69, 51, 37, 21, 7, 0, 0, 100, 6, 1
58, 100, 21, 78, 0, 47, 39, 23, 87, 34, 100, 61, 69, 32, 54, 0, 4
41, 100, 1, 61, 0, 33, 67, 36, 100, 46, 85, 91, 64, 46, 43, 0, 4
3, 100, 0, 95, 1, 61, 41, 46, 84, 53, 100, 67, 84, 34, 88, 0, 4
32, 58, 26, 89, 73, 100, 80, 56, 42, 21, 0, 0, 50, 5, 100, 4, 2
0, 66, 15, 99, 58, 100, 64, 66, 43, 32, 11, 5, 50, 0, 100, 5, 2
100, 88, 77, 100, 43, 80, 17, 54, 6, 24, 24, 0, 40, 22, 0, 26, 6
91, 100, 42, 86, 0, 11, 52, 0, 100, 70, 39, 77, 76, 71, 21, 7, 0
25, 92, 71, 100, 75, 62, 57, 25, 30, 0, 0, 32, 47, 39, 100, 40, 7
57, 76, 47, 100, 89, 95, 62, 64, 71, 49, 100, 23, 57, 1, 0, 0, 3
10, 81, 61, 100, 100, 76, 64, 38, 35, 0, 83, 10, 51, 48, 0, 76, 8
13, 67, 40, 100, 65, 78, 37, 42, 0, 11, 6, 4, 60, 0, 100, 19, 2
23, 70, 51, 100, 74, 82, 51, 46, 20, 15, 0, 4, 50, 0, 100, 2, 2
88, 100, 100, 95, 75, 79, 38, 64, 25, 47, 12, 32, 0, 16, 12, 0, 1
76, 100, 31, 87, 1, 52, 0, 14, 61, 0, 100, 27, 50, 42, 1, 21, 6
70, 84, 11, 76, 0, 91, 56, 100, 99, 83, 100, 55, 88, 28, 75, 0, 9
76, 67, 75, 100, 0, 77, 49, 40, 83, 0, 5, 12, 36, 52, 100, 87, 8
0, 89, 61, 100, 100, 85, 47, 65, 44, 47, 98, 29, 71, 4, 6, 0, 3
97, 100, 45, 84, 0, 62, 2, 46, 48, 41, 100, 45, 58, 23, 21, 0, 4
14, 72, 5, 25, 39, 0, 81, 20, 100, 63, 75, 100, 30, 98, 0, 65, 0
0, 83, 28, 96, 63, 100, 72, 78, 58, 54, 50, 29, 65, 8, 100, 0, 2
24, 96, 34, 62, 72, 36, 37, 0, 15, 40, 0, 89, 50, 99, 100, 100, 5
70, 100, 54, 86, 29, 53, 23, 16, 69, 0, 100, 23, 50, 36, 0, 21, 6
100, 100, 93, 86, 73, 72, 57, 57, 40, 44, 23, 29, 10, 15, 0, 0, 1
47, 100, 12, 70, 0, 41, 65, 43, 100, 49, 51, 69, 49, 33, 50, 0, 4
73, 100, 13, 64, 66, 49, 100, 93, 43, 70, 0, 28, 17, 0, 29, 34, 8
33, 100, 2, 54, 0, 5, 62, 0, 100, 42, 91, 92, 32, 95, 4, 49, 0
86, 100, 38, 76, 8, 48, 0, 20, 50, 0, 100, 18, 74, 45, 8, 57, 6
1, 77, 80, 74, 75, 100, 0, 84, 38, 66, 100, 76, 87, 38, 88, 0, 9
16, 86, 0, 43, 25, 1, 68, 0, 100, 35, 90, 85, 50, 100, 13, 75, 0
71, 98, 76, 100, 39, 75, 0, 51, 39, 36, 100, 49, 76, 26, 86, 0, 4
46, 100, 38, 76, 0, 48, 47, 48, 100, 67, 91, 64, 70, 31, 44, 0, 4
57, 93, 18, 71, 0, 34, 19, 0, 64, 4, 96, 34, 100, 73, 69, 100, 0
10, 100, 0, 77, 30, 60, 73, 55, 100, 71, 77, 53, 64, 27, 57, 0, 4
0, 75, 15, 100, 47, 99, 42, 69, 31, 39, 30, 9, 63, 0, 100, 1, 2
24, 78, 56, 100, 96, 83, 77, 53, 100, 39, 97, 10, 46, 0, 0, 18, 3
0, 70, 18, 97, 76, 100, 92, 74, 66, 36, 54, 0, 100, 26, 58, 33, 7
31, 56, 100, 80, 48, 100, 0, 67, 61, 52, 98, 71, 63, 33, 24, 0, 9
100, 100, 55, 89, 17, 61, 0, 29, 28, 0, 94, 6, 94, 33, 26, 34, 6
41, 100, 58, 60, 70, 19, 1, 0, 0, 35, 60, 65, 100, 95, 25, 84, 8
41, 93, 32, 64, 32, 23, 0, 0, 0, 32, 51, 56, 100, 82, 58, 100, 8
21, 64, 34, 100, 39, 92, 41, 55, 41, 18, 0, 1, 34, 0, 100, 1, 1
0, 95, 27, 100, 57, 71, 45, 31, 33, 0, 3, 36, 36, 51, 100, 53, 7
0, 59, 40, 78, 76, 100, 100, 100, 82, 75, 62, 49, 40, 25, 29, 0, 1
63, 100, 33, 90, 5, 56, 10, 18, 61, 0, 100, 22, 46, 36, 0, 16, 6
6, 76, 44, 71, 89, 100, 0, 95, 27, 79, 100, 81, 91, 40, 97, 0, 9
62, 100, 0, 77, 68, 43, 100, 4, 7, 0, 21, 39, 88, 73, 15, 90, 8
46, 100, 28, 86, 6, 42, 23, 0, 82, 13, 100, 56, 62, 92, 0, 88, 0
91, 92, 26, 100, 14, 61, 79, 63, 91, 77, 100, 35, 69, 0, 0, 18, 9
32, 100, 0, 70, 11, 24, 56, 0, 100, 22, 95, 68, 55, 98, 15, 77, 0
0, 98, 70, 100, 97, 84, 87, 65, 83, 46, 100, 27, 97, 9, 30, 0, 3
0, 75, 47, 100, 100, 94, 94, 58, 60, 27, 7, 4, 30, 5, 98, 0, 2
0, 89, 59, 100, 100, 74, 68, 36, 27, 0, 53, 1, 95, 28, 15, 34, 7
64, 88, 84, 100, 100, 78, 76, 54, 85, 33, 86, 10, 42, 0, 0, 4, 3
0, 78, 38, 98, 86, 100, 76, 66, 79, 52, 100, 28, 65, 0, 24, 9, 3
67, 96, 100, 100, 43, 86, 17, 51, 67, 69, 91, 37, 52, 7, 0, 0, 5
24, 84, 0, 42, 11, 0, 61, 9, 95, 44, 100, 89, 54, 100, 14, 70, 0
72, 89, 88, 80, 71, 100, 72, 85, 100, 57, 87, 18, 41, 0, 0, 21, 9
0, 84, 36, 100, 69, 79, 77, 38, 70, 0, 35, 21, 59, 35, 100, 39, 7
100, 100, 55, 80, 23, 54, 5, 26, 27, 0, 81, 7, 58, 29, 0, 27, 6
35, 100, 0, 67, 4, 19, 52, 0, 100, 18, 100, 66, 60, 97, 10, 89, 0
0, 70, 38, 100, 100, 98, 84, 53, 53, 6, 69, 0, 98, 30, 36, 31, 7
73, 100, 35, 86, 3, 53, 0, 16, 54, 0, 100, 22, 53, 42, 4, 30, 6
34, 92, 16, 51, 39, 9, 84, 0, 100, 43, 79, 85, 35, 100, 0, 70, 0
8, 75, 15, 56, 100, 33, 75, 0, 30, 9, 12, 44, 0, 79, 88, 100, 5
51, 100, 7, 78, 57, 64, 87, 92, 86, 70, 100, 31, 61, 4, 0, 0, 9
36, 83, 61, 100, 23, 68, 0, 33, 23, 0, 100, 5, 80, 29, 0, 23, 6
0, 100, 62, 99, 100, 74, 88, 39, 71, 5, 43, 0, 20, 17, 100, 27, 7
0, 80, 22, 100, 57, 95, 46, 59, 25, 27, 31, 0, 67, 9, 100, 21, 2
84, 78, 38, 100, 18, 67, 77, 33, 59, 0, 0, 23, 45, 60, 100, 95, 8
0, 66, 26, 97, 85, 100, 100, 63, 71, 25, 41, 0, 19, 39, 80, 36, 7
0, 94, 66, 100, 97, 72, 83, 35, 56, 0, 24, 11, 32, 40, 100, 46, 7
13, 66, 24, 100, 54, 86, 33, 45, 0, 17, 17, 17, 58, 6, 100, 0, 2
0, 93, 59, 100, 89, 71, 72, 35, 48, 0, 22, 24, 35, 48, 100, 51, 7
100, 100, 37, 77, 61, 40, 67, 2, 0, 0, 34, 38, 83, 72, 70, 88, 8
48, 92, 89, 100, 100, 83, 81, 63, 81, 42, 77, 21, 42, 6, 0, 0, 3
0, 92, 44, 100, 78, 79, 68, 40, 58, 0, 33, 17, 53, 33, 100, 31, 7
0, 64, 19, 92, 100, 100, 87, 73, 61, 37, 39, 0, 31, 24, 96, 42, 7
14, 55, 43, 100, 46, 92, 41, 36, 9, 0, 0, 2, 50, 0, 100, 1, 1
0, 68, 50, 100, 57, 96, 56, 54, 56, 13, 36, 6, 1, 0, 100, 1, 1
61, 100, 23, 76, 0, 38, 15, 0, 75, 11, 100, 48, 73, 85, 14, 91, 0
64, 59, 62, 97, 5, 80, 0, 37, 36, 0, 95, 15, 100, 58, 82, 100, 0
11, 88, 0, 64, 67, 52, 64, 0, 0, 2, 0, 57, 25, 99, 100, 100, 5
52, 100, 31, 70, 46, 34, 25, 0, 0, 19, 50, 50, 100, 81, 69, 99, 8
51, 82, 22, 64, 48, 25, 14, 0, 0, 35, 51, 67, 100, 100, 30, 90, 8
93, 91, 40, 100, 43, 80, 79, 92, 91, 56, 100, 20, 57, 0, 0, 1, 9
100, 97, 75, 100, 45, 86, 44, 59, 75, 44, 69, 18, 35, 6, 0, 0, 5
23, 86, 68, 100, 91, 74, 53, 49, 9, 33, 0, 8, 49, 1, 100, 0, 2
100, 72, 47, 57, 18, 78, 60, 100, 90, 74, 83, 39, 53, 10, 0, 0, 9
39, 80, 72, 100, 100, 85, 71, 60, 89, 36, 84, 7, 40, 0, 0, 16, 3
27, 94, 26, 95, 0, 49, 6, 0, 64, 0, 100, 40, 91, 88, 37, 100, 0
23, 93, 0, 70, 15, 100, 70, 99, 100, 93, 87, 60, 76, 27, 65, 0, 7
66, 100, 32, 71, 0, 43, 59, 45, 100, 70, 100, 65, 76, 32, 50, 0, 4
11, 100, 45, 66, 100, 33, 82, 0, 16, 19, 47, 53, 89, 87, 0, 87, 8
71, 92, 70, 100, 93, 86, 70, 60, 100, 38, 87, 12, 41, 0, 0, 5, 3
34, 69, 54, 100, 62, 68, 36, 34, 0, 8, 6, 10, 52, 3, 100, 0, 2
0, 56, 25, 64, 60, 89, 65, 100, 45, 75, 35, 49, 45, 23, 100, 0, 1
1, 82, 32, 100, 48, 71, 38, 41, 12, 13, 0, 6, 49, 0, 100, 1, 2
98, 80, 34, 100, 8, 73, 73, 44, 100, 10, 8, 0, 0, 27, 70, 55, 8
8, 79, 56, 100, 71, 92, 64, 51, 53, 11, 0, 1, 42, 1, 100, 0, 1
0, 70, 68, 77, 100, 100, 30, 93, 34, 73, 79, 64, 74, 32, 75, 0, 9
29, 100, 22, 63, 68, 33, 24, 0, 0, 24, 1, 72, 40, 92, 100, 94, 5
81, 100, 50, 80, 23, 60, 4, 40, 0, 19, 31, 0, 100, 13, 42, 23, 6
25, 86, 0, 69, 19, 98, 69, 96, 100, 100, 81, 66, 67, 32, 54, 0, 7
0, 78, 28, 100, 59, 91, 44, 58, 22, 28, 25, 1, 63, 0, 100, 2, 2
77, 100, 41, 76, 14, 51, 0, 24, 22, 0, 82, 4, 100, 28, 45, 36, 6
37, 100, 34, 78, 0, 51, 25, 36, 85, 36, 100, 61, 86, 32, 80, 0, 4
58, 100, 11, 92, 0, 62, 73, 57, 100, 81, 67, 94, 58, 47, 55, 0, 4
41, 67, 100, 96, 9, 100, 0, 66, 88, 79, 96, 74, 62, 37, 42, 0, 9
0, 66, 26, 100, 64, 88, 73, 43, 63, 0, 34, 33, 57, 54, 100, 60, 7
23, 95, 85, 100, 49, 95, 20, 65, 70, 64, 100, 31, 57, 0, 0, 13, 5
11, 90, 1, 57, 0, 19, 41, 0, 84, 27, 100, 64, 87, 100, 35, 97, 0
0, 71, 26, 100, 47, 69, 31, 31, 1, 0, 0, 7, 50, 7, 100, 5, 2
0, 68, 14, 97, 67, 100, 69, 68, 36, 39, 1, 11, 48, 7, 100, 0, 2
100, 100, 56, 88, 16, 58, 0, 23, 40, 0, 97, 18, 54, 42, 0, 22, 6
54, 73, 94, 82, 73, 100, 73, 79, 100, 53, 81, 19, 42, 2, 0, 0, 9
0, 100, 57, 100, 68, 81, 72, 62, 91, 43, 100, 24, 62, 8, 9, 0, 3
0, 69, 56, 84, 100, 100, 97, 80, 84, 59, 62, 39, 38, 19, 34, 0, 1
61, 100, 49, 80, 20, 56, 0, 32, 54, 23, 100, 40, 74, 26, 71, 0, 4
29, 69, 48, 100, 61, 71, 35, 35, 0, 5, 0, 0, 50, 2, 100, 14, 2
100, 100, 63, 81, 34, 57, 10, 30, 10, 0, 48, 10, 38, 37, 0, 24, 6
34, 63, 51, 100, 65, 72, 39, 33, 0, 5, 2, 8, 53, 7, 100, 0, 2
0, 99, 57, 100, 84, 73, 74, 36, 67, 0, 2, 18, 26, 32, 100, 40, 7
7, 54, 0, 89, 71, 100, 100, 83, 71, 45, 45, 6, 32, 0, 67, 21, 7
0, 96, 53, 100, 95, 71, 85, 28, 54, 0, 4, 20, 43, 31, 100, 37, 7
0, 62, 54, 76, 87, 98, 100, 100, 98, 75, 98, 50, 98, 24, 96, 0, 1
60, 100, 16, 74, 0, 43, 67, 33, 100, 62, 88, 61, 55, 30, 24, 0, 4
14, 70, 50, 100, 49, 86, 47, 41, 32, 2, 0, 0, 73, 4, 100, 6, 1
6, 66, 32, 98, 55, 100, 44, 62, 30, 26, 0, 0, 50, 5, 100, 7, 1
68, 90, 91, 100, 56, 88, 96, 81, 100, 43, 84, 7, 40, 0, 0, 20, 9
100, 100, 60, 93, 22, 70, 0, 35, 14, 0, 60, 6, 65, 38, 21, 49, 6
25, 68, 51, 100, 52, 78, 54, 42, 54, 5, 0, 0, 43, 1, 100, 1, 1
23, 81, 65, 100, 92, 74, 67, 45, 97, 35, 100, 4, 38, 0, 0, 17, 3
58, 94, 80, 100, 81, 71, 73, 44, 100, 21, 75, 1, 31, 0, 0, 13, 3
59, 100, 34, 78, 7, 49, 0, 18, 48, 0, 100, 17, 68, 43, 11, 47, 6
0, 96, 45, 100, 60, 66, 55, 31, 40, 0, 11, 30, 45, 48, 100, 56, 7
32, 94, 70, 100, 100, 94, 71, 76, 51, 55, 53, 30, 37, 10, 0, 0, 3
0, 75, 39, 97, 95, 100, 100, 70, 65, 42, 23, 18, 12, 0, 69, 1, 2
13, 63, 34, 98, 45, 100, 44, 61, 37, 24, 0, 0, 48, 5, 100, 7, 1
0, 75, 20, 100, 49, 94, 42, 58, 28, 25, 38, 0, 70, 4, 100, 12, 2
39, 100, 0, 83, 2, 49, 91, 50, 100, 70, 58, 88, 61, 44, 74, 0, 4
0, 70, 23, 35, 44, 0, 35, 4, 6, 37, 10, 74, 52, 95, 100, 100, 5
56, 100, 38, 81, 0, 53, 19, 33, 81, 30, 100, 57, 85, 26, 96, 0, 4
24, 70, 0, 74, 48, 97, 100, 100, 95, 76, 86, 50, 81, 24, 81, 0, 1
100, 87, 19, 100, 17, 67, 92, 39, 75, 0, 0, 20, 29, 60, 94, 92, 8
100, 90, 97, 100, 68, 74, 45, 47, 35, 20, 77, 1, 61, 18, 0, 0, 6
61, 79, 98, 79, 73, 100, 53, 78, 100, 67, 84, 37, 44, 16, 0, 0, 9
25, 100, 0, 73, 16, 49, 72, 51, 100, 68, 89, 58, 79, 29, 74, 0, 4
19, 81, 0, 39, 22, 0, 77, 17, 100, 57, 85, 100, 33, 98, 28, 56, 0
16, 75, 0, 41, 27, 5, 77, 0, 100, 37, 85, 78, 43, 100, 7, 71, 0
0, 53, 28, 58, 64, 79, 100, 100, 81, 77, 58, 52, 37, 26, 19, 0, 1
56, 73, 35, 83, 0, 91, 39, 100, 79, 91, 100, 63, 96, 31, 81, 0, 9
100, 99, 53, 100, 21, 90, 0, 62, 42, 62, 70, 39, 55, 10, 14, 0, 5
0, 75, 46, 58, 67, 22, 21, 0, 29, 36, 74, 67, 100, 100, 36, 86, 8
0, 70, 34, 93, 82, 100, 93, 72, 67, 44, 33, 20, 49, 3, 100, 0, 2
16, 74, 0, 50, 25, 0, 76, 3, 100, 52, 74, 99, 21, 100, 0, 51, 0
70, 98, 0, 89, 60, 61, 100, 26, 49, 0, 12, 31, 46, 68, 81, 100, 8
10, 81, 51, 100, 92, 73, 80, 31, 51, 0, 0, 24, 38, 39, 100, 38, 7
38, 96, 40, 57, 61, 16, 5, 0, 0, 36, 50, 68, 100, 100, 56, 96, 8
4, 64, 32, 98, 38, 100, 40, 62, 40, 23, 0, 0, 32, 4, 100, 4, 1
57, 100, 30, 77, 8, 53, 0, 28, 10, 4, 60, 0, 100, 16, 62, 24, 6
83, 90, 100, 100, 42, 82, 9, 55, 73, 62, 77, 27, 32, 0, 0, 13, 5
70, 100, 82, 88, 40, 64, 0, 40, 32, 26, 100, 42, 90, 27, 86, 0, 4
100, 100, 73, 76, 37, 49, 0, 25, 51, 28, 90, 40, 85, 28, 88, 0, 4
19, 97, 72, 100, 68, 73, 30, 51, 81, 42, 100, 17, 54, 2, 0, 0, 3
8, 100, 0, 83, 0, 52, 63, 44, 100, 67, 82, 63, 69, 31, 61, 0, 4
29, 88, 77, 100, 81, 74, 47, 51, 100, 49, 98, 20, 56, 0, 0, 4, 3
28, 94, 100, 100, 100, 96, 22, 90, 15, 58, 86, 51, 65, 0, 0, 8, 5
19, 72, 42, 99, 100, 100, 88, 71, 57, 53, 79, 23, 42, 0, 0, 15, 3
80, 100, 100, 97, 75, 82, 55, 66, 35, 50, 20, 34, 5, 16, 0, 0, 1
18, 61, 51, 37, 44, 0, 0, 13, 33, 48, 84, 79, 100, 100, 35, 75, 8
47, 100, 9, 76, 0, 45, 59, 48, 100, 73, 67, 58, 36, 30, 15, 0, 4
30, 98, 30, 76, 72, 38, 60, 0, 0, 11, 44, 48, 100, 83, 49, 100, 8
46, 67, 71, 100, 60, 73, 58, 33, 51, 0, 0, 1, 62, 3, 100, 8, 1
43, 89, 15, 49, 22, 0, 72, 3, 100, 46, 83, 92, 30, 100, 0, 66, 0
100, 54, 48, 62, 0, 75, 25, 100, 65, 90, 60, 59, 48, 30, 33, 0, 9
78, 100, 29, 80, 6, 50, 0, 19, 44, 0, 100, 15, 72, 37, 17, 25, 6
76, 99, 51, 100, 15, 64, 0, 25, 46, 0, 100, 22, 41, 42, 3, 17, 6
0, 80, 44, 100, 47, 91, 47, 58, 48, 24, 16, 0, 27, 1, 100, 3, 1
21, 98, 18, 65, 62, 42, 24, 0, 1, 35, 0, 91, 58, 100, 100, 95, 5
0, 91, 51, 100, 84, 82, 51, 43, 25, 0, 1, 16, 39, 40, 100, 41, 7
0, 79, 61, 54, 100, 21, 61, 0, 43, 34, 82, 69, 82, 100, 0, 92, 8
7, 56, 36, 89, 45, 100, 42, 60, 38, 20, 0, 0, 48, 5, 100, 5, 1
34, 85, 62, 100, 79, 76, 51, 49, 90, 36, 100, 13, 48, 0, 0, 7, 3
0, 67, 35, 78, 71, 95, 100, 100, 83, 75, 67, 51, 50, 26, 42, 0, 1
46, 90, 70, 87, 16, 80, 0, 94, 54, 100, 100, 82, 94, 39, 70, 0, 9
9, 59, 39, 87, 61, 100, 46, 59, 22, 22, 0, 3, 50, 2, 100, 0, 1
33, 64, 58, 100, 94, 90, 67, 51, 28, 19, 0, 15, 49, 16, 100, 0, 2
0, 86, 41, 100, 77, 86, 58, 58, 98, 42, 100, 16, 58, 1, 8, 0, 3
53, 100, 27, 65, 97, 33, 82, 0, 27, 20, 70, 58, 100, 97, 0, 91, 8
100, 100, 57, 84, 22, 59, 3, 28, 24, 0, 72, 11, 54, 36, 0, 28, 6
21, 87, 24, 55, 60, 29, 24, 0, 0, 17, 10, 68, 52, 90, 100, 100, 5
9, 100, 0, 62, 52, 48, 45, 0, 2, 13, 3, 68, 37, 99, 100, 100, 5
40, 100, 23, 89, 0, 59, 26, 34, 95, 45, 100, 60, 68, 31, 56, 0, 4
20, 78, 63, 100, 92, 84, 46, 59, 60, 50, 100, 30, 62, 3, 0, 0, 3
100, 100, 63, 82, 35, 63, 10, 43, 0, 21, 14, 0, 63, 2, 35, 11, 6
56, 100, 31, 68, 0, 38, 27, 25, 83, 22, 100, 50, 91, 34, 76, 0, 4
31, 75, 53, 100, 68, 77, 49, 45, 21, 16, 0, 1, 50, 5, 100, 0, 2
42, 100, 4, 70, 0, 34, 60, 32, 100, 57, 98, 71, 70, 35, 47, 0, 4
91, 98, 43, 100, 45, 75, 95, 100, 100, 76, 95, 43, 61, 14, 0, 0, 9
0, 69, 39, 100, 82, 84, 70, 40, 41, 0, 6, 13, 44, 41, 100, 40, 7
100, 100, 65, 92, 27, 69, 0, 40, 8, 7, 58, 0, 87, 21, 41, 33, 6
26, 100, 6, 58, 59, 94, 100, 50, 61, 0, 0, 0, 30, 60, 16, 98, 9
33, 99, 0, 55, 1, 4, 66, 0, 100, 45, 91, 96, 34, 100, 13, 51, 0
35, 93, 78, 100, 89, 85, 69, 65, 100, 42, 88, 16, 46, 4, 0, 0, 3
100, 91, 38, 100, 32, 62, 99, 70, 96, 83, 97, 40, 69, 1, 0, 0, 9
0, 53, 39, 81, 46, 100, 48, 66, 47, 31, 24, 0, 36, 5, 100, 7, 1
0, 55, 32, 91, 39, 100, 36, 47, 19, 0, 1, 7, 50, 7, 100, 8, 1
100, 100, 93, 85, 67, 72, 47, 58, 27, 42, 7, 28, 0, 14, 13, 0, 1
22, 69, 40, 100, 79, 87, 69, 52, 41, 22, 0, 0, 46, 2, 100, 0, 2
100, 97, 74, 100, 42, 89, 31, 56, 59, 39, 67, 10, 34, 0, 0, 0, 5
38, 84, 7, 59, 0, 17, 45, 0, 87, 30, 100, 71, 64, 100, 11, 88, 0
20, 56, 34, 14, 70, 0, 100, 26, 94, 70, 65, 100, 27, 95, 0, 64, 0
11, 100, 0, 48, 17, 0, 68, 4, 100, 46, 89, 94, 40, 92, 13, 50, 0
39, 57, 100, 90, 29, 100, 37, 64, 95, 92, 95, 49, 82, 3, 0, 0, 9
82, 100, 49, 75, 26, 47, 17, 18, 56, 0, 100, 18, 55, 31, 0, 20, 6
100, 100, 70, 89, 55, 74, 39, 60, 21, 45, 9, 30, 0, 15, 0, 0, 1
0, 89, 31, 100, 61, 78, 51, 35, 45, 0, 17, 37, 50, 51, 100, 54, 7
7, 61, 49, 36, 46, 0, 0, 6, 30, 40, 77, 71, 100, 100, 31, 83, 8
5, 100, 45, 90, 41, 45, 36, 0, 3, 14, 0, 39, 49, 48, 100, 55, 7
85, 91, 27, 82, 0, 48, 8, 13, 64, 0, 100, 30, 95, 66, 73, 100, 0
89, 100, 80, 97, 44, 61, 44, 20, 99, 0, 100, 31, 40, 46, 0, 29, 6
0, 98, 52, 100, 61, 75, 49, 32, 48, 0, 17, 37, 48, 42, 100, 50, 7
100, 94, 80, 100, 47, 94, 37, 66, 60, 56, 66, 36, 34, 16, 0, 0, 5
15, 80, 46, 100, 65, 77, 57, 47, 100, 37, 90, 10, 46, 0, 0, 3, 3
100, 100, 56, 95, 21, 82, 12, 56, 59, 69, 74, 33, 45, 0, 0, 8, 5
4, 97, 0, 51, 18, 8, 68, 0, 100, 36, 91, 81, 44, 100, 11, 68, 0
45, 75, 44, 100, 68, 75, 40, 34, 0, 8, 13, 15, 57, 0, 100, 12, 2
74, 100, 49, 87, 26, 59, 20, 28, 29, 0, 100, 11, 86, 39, 0, 49, 6
21, 79, 64, 100, 84, 72, 62, 42, 87, 45, 100, 15, 46, 0, 0, 16, 3
3, 76, 30, 100, 91, 98, 81, 65, 80, 45, 100, 22, 52, 0, 0, 12, 3
25, 86, 59, 100, 77, 81, 54, 57, 100, 42, 89, 16, 40, 0, 0, 18, 3
0, 46, 33, 63, 66, 82, 100, 100, 84, 75, 64, 51, 46, 25, 29, 0, 1
0, 68, 34, 93, 99, 100, 100, 66, 66, 35, 13, 11, 1, 0, 76, 2, 2
0, 81, 51, 100, 96, 81, 89, 40, 67, 0, 37, 17, 41, 50, 100, 53, 7
38, 95, 87, 100, 82, 65, 53, 45, 100, 44, 93, 11, 38, 0, 0, 25, 3
0, 36, 32, 57, 65, 78, 100, 100, 83, 77, 60, 52, 40, 26, 21, 0, 1
87, 100, 43, 78, 13, 52, 0, 24, 31, 0, 91, 10, 100, 37, 41, 41, 6
0, 82, 0, 42, 17, 6, 68, 0, 100, 31, 96, 69, 64, 100, 17, 93, 0
61, 93, 51, 73, 71, 35, 40, 0, 0, 24, 44, 58, 100, 88, 51, 100, 8
7, 100, 2, 76, 0, 46, 52, 30, 100, 40, 100, 58, 94, 29, 93, 0, 4
41, 100, 69, 100, 54, 69, 24, 50, 0, 36, 35, 31, 68, 14, 100, 0, 2
58, 100, 30, 90, 0, 63, 37, 46, 90, 38, 100, 56, 80, 27, 70, 0, 4
69, 100, 65, 96, 31, 71, 0, 46, 40, 32, 100, 46, 77, 26, 67, 0, 4
100, 100, 40, 84, 0, 45, 0, 0, 57, 17, 38, 50, 14, 52, 57, 27, 6
0, 44, 33, 59, 66, 80, 100, 100, 96, 82, 77, 54, 59, 28, 44, 0, 1
33, 77, 9, 40, 26, 0, 76, 8, 100, 46, 87, 89, 36, 100, 0, 69, 0
100, 99, 60, 100, 25, 85, 29, 69, 65, 55, 64, 25, 39, 1, 0, 0, 5
76, 100, 44, 86, 11, 55, 0, 19, 46, 0, 100, 14, 59, 36, 13, 26, 6
93, 100, 53, 92, 60, 49, 56, 8, 0, 0, 11, 35, 62, 57, 100, 84, 8
25, 98, 64, 100, 72, 67, 53, 33, 30, 0, 0, 16, 37, 30, 100, 33, 7
14, 91, 56, 100, 68, 67, 53, 33, 35, 0, 0, 12, 41, 29, 100, 35, 7
100, 100, 54, 83, 22, 57, 5, 26, 28, 0, 77, 11, 52, 31, 0, 22, 6
46, 100, 28, 68, 0, 35, 63, 40, 96, 58, 93, 63, 93, 27, 100, 0, 4
68, 84, 0, 100, 2, 65, 97, 35, 100, 0, 11, 16, 52, 58, 74, 98, 8
23, 82, 71, 100, 89, 68, 77, 33, 52, 0, 0, 21, 38, 45, 100, 51, 7
100, 54, 78, 100, 30, 92, 0, 48, 14, 1, 66, 0, 99, 40, 84, 79, 0
31, 96, 17, 64, 44, 28, 20, 0, 5, 36, 0, 77, 44, 97, 100, 100, 5
100, 88, 100, 100, 83, 83, 65, 66, 46, 50, 28, 33, 11, 17, 0, 0, 1
0, 67, 21, 68, 64, 86, 100, 100, 82, 75, 65, 50, 48, 25, 33, 0, 1
33, 82, 0, 48, 2, 5, 52, 0, 92, 31, 100, 74, 60, 100, 9, 83, 0
0, 100, 52, 99, 100, 92, 74, 57, 58, 19, 49, 0, 37, 39, 87, 45, 7
0, 27, 30, 45, 58, 70, 85, 96, 100, 100, 84, 67, 69, 34, 58, 0, 1
0, 79, 32, 100, 54, 77, 42, 43, 19, 14, 15, 0, 56, 10, 100, 11, 2
29, 100, 0, 62, 1, 18, 50, 0, 96, 27, 100, 69, 54, 95, 2, 80, 0
19, 80, 34, 100, 53, 70, 33, 32, 0, 1, 1, 0, 51, 1, 100, 11, 2
5, 89, 18, 57, 56, 28, 24, 0, 13, 36, 0, 72, 34, 97, 100, 100, 5
53, 89, 32, 62, 100, 53, 75, 13, 9, 0, 0, 43, 25, 88, 93, 100, 5
23, 89, 0, 52, 11, 14, 60, 0, 96, 30, 100, 70, 63, 100, 11, 92, 0
15, 100, 10, 62, 39, 34, 22, 0, 0, 16, 7, 53, 50, 69, 100, 74, 5
15, 67, 40, 100, 60, 86, 36, 52, 0, 23, 3, 3, 56, 0, 100, 19, 2
100, 96, 74, 100, 52, 97, 47, 72, 67, 61, 49, 38, 26, 17, 0, 0, 5
24, 65, 42, 100, 42, 86, 43, 45, 44, 6, 0, 0, 50, 4, 100, 7, 1
29, 81, 6, 54, 22, 7, 76, 0, 100, 45, 87, 93, 34, 100, 0, 64, 0
100, 100, 68, 82, 32, 56, 0, 36, 55, 29, 85, 56, 72, 32, 83, 0, 4
80, 64, 51, 54, 24, 77, 69, 100, 100, 73, 90, 35, 56, 4, 0, 0, 9
11, 68, 31, 95, 89, 100, 71, 71, 72, 54, 100, 26, 60, 2, 0, 0, 3
14, 100, 52, 100, 72, 63, 62, 23, 33, 0, 0, 23, 50, 25, 100, 27, 7
31, 100, 17, 68, 64, 37, 43, 0, 10, 21, 0, 74, 39, 100, 100, 98, 5
92, 79, 66, 100, 38, 64, 86, 61, 100, 78, 99, 33, 60, 0, 0, 5, 9
61, 100, 19, 87, 0, 51, 94, 47, 100, 75, 61, 94, 52, 47, 58, 0, 4
20, 100, 6, 54, 59, 38, 49, 0, 11, 4, 0, 48, 41, 79, 100, 93, 5
75, 72, 23, 100, 40, 65, 98, 32, 67, 0, 0, 17, 48, 52, 100, 83, 8
67, 94, 17, 100, 43, 67, 98, 94, 93, 81, 100, 39, 74, 0, 0, 6, 9
25, 81, 45, 100, 54, 72, 33, 41, 0, 16, 15, 6, 61, 0, 100, 20, 2
46, 85, 100, 100, 97, 85, 73, 68, 51, 51, 35, 33, 16, 16, 0, 0, 1
50, 90, 33, 62, 73, 32, 55, 0, 27, 33, 0, 66, 27, 95, 100, 100, 5
0, 83, 46, 100, 100, 85, 84, 42, 58, 0, 29, 8, 27, 48, 94, 54, 7
84, 94, 39, 100, 28, 61, 88, 66, 100, 92, 91, 46, 60, 7, 0, 0, 9
0, 50, 51, 73, 85, 100, 75, 67, 53, 36, 15, 8, 25, 2, 100, 0, 1
30, 96, 5, 58, 0, 16, 38, 0, 80, 17, 100, 56, 80, 93, 36, 100, 0
44, 86, 62, 100, 74, 75, 63, 47, 100, 30, 81, 5, 37, 0, 0, 12, 3
19, 100, 8, 57, 21, 18, 66, 0, 100, 29, 79, 66, 30, 78, 0, 47, 0
0, 96, 66, 100, 78, 85, 63, 42, 62, 0, 31, 19, 34, 42, 100, 44, 7
0, 62, 33, 90, 46, 100, 48, 64, 55, 27, 30, 5, 44, 0, 100, 5, 1
69, 99, 25, 100, 34, 72, 84, 91, 84, 68, 100, 22, 57, 0, 0, 12, 9
48, 100, 8, 73, 0, 31, 29, 0, 78, 16, 100, 54, 79, 91, 33, 79, 0
55, 96, 14, 68, 0, 32, 24, 0, 77, 17, 100, 52, 96, 89, 49, 100, 0
79, 98, 100, 92, 64, 100, 55, 68, 92, 69, 91, 23, 44, 0, 0, 26, 9
84, 61, 100, 100, 43, 96, 33, 49, 34, 0, 0, 9, 31, 50, 90, 69, 8
15, 100, 11, 84, 0, 48, 61, 43, 100, 59, 71, 72, 49, 36, 35, 0, 4
100, 100, 63, 77, 32, 52, 12, 24, 28, 0, 76, 19, 51, 37, 0, 22, 6
59, 100, 5, 95, 38, 72, 62, 89, 73, 56, 100, 22, 60, 1, 0, 0, 9
26, 100, 69, 97, 75, 64, 52, 31, 23, 0, 0, 19, 42, 32, 100, 35, 7
100, 97, 80, 100, 46, 99, 36, 73, 62, 63, 53, 42, 26, 21, 0, 0, 5
23, 86, 9, 42, 16, 0, 67, 12, 100, 50, 99, 92, 43, 100, 0, 70, 0
0, 87, 22, 100, 48, 97, 62, 78, 64, 55, 64, 32, 76, 11, 100, 0, 2
12, 71, 0, 26, 48, 0, 97, 36, 100, 82, 42, 100, 4, 60, 5, 15, 0
0, 89, 25, 100, 77, 80, 81, 40, 71, 0, 33, 15, 36, 41, 100, 50, 7
0, 84, 34, 100, 100, 98, 88, 75, 80, 52, 100, 30, 80, 9, 20, 0, 3
14, 71, 72, 93, 100, 100, 77, 71, 53, 43, 28, 16, 0, 0, 91, 2, 1
32, 98, 12, 54, 24, 5, 71, 0, 100, 41, 91, 89, 43, 100, 0, 77, 0
100, 100, 80, 87, 61, 73, 43, 59, 30, 45, 16, 30, 5, 15, 0, 0, 1
100, 78, 52, 100, 17, 76, 86, 39, 72, 0, 0, 25, 60, 64, 84, 92, 8
17, 99, 7, 62, 29, 25, 12, 0, 0, 36, 59, 68, 100, 100, 15, 85, 8
49, 100, 16, 90, 0, 56, 79, 49, 100, 64, 57, 77, 48, 39, 47, 0, 4
86, 100, 39, 79, 11, 52, 0, 23, 35, 0, 100, 9, 92, 33, 22, 34, 6
0, 84, 37, 100, 75, 85, 75, 43, 67, 0, 47, 5, 56, 24, 100, 28, 7
53, 93, 0, 64, 51, 34, 53, 0, 18, 17, 0, 54, 16, 88, 100, 100, 5
45, 84, 68, 100, 77, 73, 53, 45, 100, 35, 86, 11, 37, 0, 0, 16, 3
0, 93, 43, 99, 92, 100, 68, 52, 64, 0, 47, 0, 40, 36, 100, 42, 7
21, 95, 58, 100, 68, 68, 48, 33, 23, 0, 0, 31, 42, 41, 100, 44, 7
63, 85, 100, 88, 61, 100, 80, 78, 99, 58, 98, 15, 49, 0, 0, 15, 9
100, 100, 79, 92, 36, 73, 4, 51, 52, 49, 54, 46, 24, 24, 0, 0, 4
86, 100, 35, 77, 8, 51, 0, 23, 35, 0, 100, 15, 84, 42, 22, 58, 6
42, 84, 80, 85, 52, 100, 67, 81, 100, 57, 85, 22, 44, 5, 0, 0, 9
30, 84, 61, 100, 85, 79, 67, 54, 95, 39, 100, 14, 54, 0, 0, 10, 3
52, 86, 60, 50, 50, 14, 0, 0, 27, 32, 73, 61, 100, 94, 40, 100, 8
0, 85, 39, 100, 83, 99, 87, 71, 60, 44, 32, 17, 55, 0, 100, 1, 2
15, 99, 47, 100, 69, 70, 52, 34, 30, 0, 0, 19, 41, 31, 100, 34, 7
73, 83, 18, 100, 0, 67, 72, 34, 100, 0, 6, 16, 37, 54, 70, 88, 8
0, 68, 23, 100, 35, 90, 31, 54, 20, 18, 7, 0, 53, 2, 100, 3, 1
91, 94, 13, 83, 67, 52, 100, 18, 16, 0, 0, 33, 36, 68, 48, 100, 8
6, 83, 99, 86, 80, 100, 0, 80, 100, 81, 91, 57, 71, 28, 54, 0, 9
6, 86, 49, 100, 100, 76, 61, 40, 20, 4, 41, 0, 74, 23, 0, 27, 7
81, 100, 60, 89, 22, 66, 0, 40, 42, 25, 100, 36, 94, 27, 75, 0, 4
0, 85, 21, 100, 66, 98, 83, 77, 90, 53, 100, 30, 75, 10, 35, 0, 3
36, 100, 24, 70, 0, 38, 49, 33, 95, 47, 87, 55, 96, 21, 100, 0, 4
56, 100, 27, 79, 0, 39, 12, 0, 66, 15, 100, 51, 93, 93, 38, 93, 0
97, 100, 41, 90, 4, 58, 0, 22, 52, 0, 100, 22, 49, 38, 8, 13, 6
41, 69, 76, 100, 73, 81, 57, 39, 46, 0, 0, 10, 50, 9, 100, 10, 1
100, 100, 62, 83, 36, 57, 23, 26, 42, 0, 81, 10, 43, 23, 0, 18, 6
100, 100, 59, 78, 25, 52, 0, 24, 16, 0, 79, 8, 70, 29, 7, 27, 6
21, 82, 13, 55, 54, 100, 27, 87, 38, 37, 40, 0, 0, 7, 100, 5, 1
89, 100, 38, 83, 0, 44, 2, 0, 61, 2, 100, 40, 100, 88, 45, 98, 0
36, 100, 3, 76, 0, 32, 27, 0, 70, 6, 100, 37, 91, 76, 49, 70, 0
0, 95, 37, 99, 77, 100, 100, 74, 98, 37, 95, 0, 70, 13, 77, 31, 7
0, 99, 56, 100, 72, 80, 54, 41, 49, 0, 22, 18, 41, 36, 100, 39, 7
0, 52, 40, 76, 80, 100, 100, 91, 100, 66, 91, 40, 80, 15, 54, 0, 1
97, 69, 79, 100, 0, 92, 18, 60, 96, 74, 100, 68, 83, 32, 83, 0, 9
0, 64, 42, 81, 81, 100, 100, 95, 81, 70, 57, 45, 30, 21, 33, 0, 1
100, 89, 62, 100, 47, 67, 91, 79, 94, 67, 91, 31, 63, 0, 0, 3, 9
4, 100, 2, 82, 0, 50, 46, 35, 100, 42, 100, 63, 93, 32, 93, 0, 4
17, 87, 12, 65, 64, 43, 52, 0, 0, 14, 4, 61, 35, 97, 100, 100, 5
90, 100, 55, 76, 28, 46, 12, 14, 51, 0, 100, 19, 49, 20, 0, 2, 6
45, 77, 74, 100, 100, 87, 74, 58, 81, 40, 74, 6, 37, 0, 0, 11, 3
68, 90, 100, 100, 100, 80, 79, 59, 71, 35, 73, 11, 39, 0, 0, 3, 3
23, 97, 20, 61, 66, 44, 41, 0, 8, 24, 0, 82, 44, 98, 100, 100, 5
30, 71, 4, 60, 0, 11, 54, 0, 100, 32, 97, 80, 45, 100, 6, 66, 0
0, 89, 14, 72, 35, 59, 53, 12, 14, 0, 11, 64, 42, 97, 100, 100, 5
19, 77, 20, 44, 36, 0, 15, 7, 0, 52, 8, 88, 54, 99, 100, 100, 5
14, 81, 0, 40, 19, 1, 65, 0, 99, 30, 100, 73, 65, 100, 24, 81, 0
100, 71, 41, 62, 0, 83, 52, 100, 98, 80, 92, 49, 67, 19, 19, 0, 9
16, 94, 0, 60, 53, 50, 47, 0, 17, 11, 13, 70, 46, 100, 100, 96, 5
15, 92, 0, 96, 38, 47, 79, 0, 4, 8, 46, 58, 100, 100, 12, 86, 8
0, 94, 48, 98, 96, 100, 98, 68, 84, 32, 68, 0, 52, 30, 100, 30, 7
21, 74, 30, 100, 72, 77, 66, 36, 31, 2, 0, 14, 52, 24, 100, 0, 2
77, 100, 48, 90, 24, 30, 56, 0, 100, 43, 90, 94, 34, 72, 0, 21, 0
7, 32, 37, 53, 73, 75, 100, 100, 73, 78, 48, 52, 23, 26, 0, 0, 1
46, 92, 0, 75, 48, 39, 44, 0, 7, 19, 52, 57, 100, 92, 37, 100, 8
37, 89, 73, 100, 58, 72, 81, 59, 100, 29, 75, 2, 30, 0, 0, 23, 3
100, 100, 59, 86, 28, 58, 9, 28, 34, 0, 91, 9, 53, 23, 0, 9, 6
0, 93, 52, 100, 94, 87, 80, 63, 53, 42, 23, 20, 42, 3, 100, 0, 2
0, 100, 3, 100, 52, 99, 100, 100, 73, 86, 50, 57, 32, 27, 34, 0, 7
0, 91, 44, 100, 79, 74, 64, 37, 53, 0, 27, 23, 40, 38, 100, 39, 7
22, 73, 0, 49, 15, 0, 74, 10, 100, 56, 68, 100, 14, 87, 1, 36, 0
72, 86, 42, 100, 4, 67, 0, 27, 45, 1, 100, 14, 57, 27, 12, 0, 6
72, 68, 42, 100, 0, 68, 61, 34, 79, 0, 1, 16, 50, 53, 100, 88, 8
53, 69, 49, 91, 100, 100, 86, 66, 52, 36, 0, 18, 15, 9, 74, 0, 2
0, 49, 40, 66, 74, 87, 100, 100, 90, 75, 78, 50, 65, 24, 65, 0, 1
87, 87, 44, 100, 24, 74, 70, 67, 100, 57, 89, 12, 46, 0, 0, 11, 9
66, 94, 0, 92, 38, 48, 90, 5, 11, 0, 36, 45, 100, 84, 18, 100, 8
0, 41, 25, 63, 60, 81, 95, 100, 100, 83, 88, 55, 76, 27, 67, 0, 1
5, 72, 32, 100, 83, 92, 73, 60, 44, 30, 0, 6, 39, 12, 100, 0, 2
32, 83, 12, 92, 5, 41, 38, 0, 100, 28, 98, 76, 36, 100, 0, 60, 0
72, 100, 22, 84, 0, 54, 5, 21, 50, 0, 100, 15, 75, 42, 21, 34, 6
0, 89, 39, 98, 87, 100, 85, 63, 77, 23, 72, 0, 53, 35, 100, 41, 7
15, 52, 29, 87, 31, 100, 31, 64, 29, 27, 0, 1, 40, 0, 100, 1, 1
61, 95, 20, 91, 0, 42, 25, 0, 79, 12, 100, 58, 67, 100, 20, 99, 0
0, 87, 46, 100, 100, 98, 76, 77, 45, 58, 67, 37, 55, 15, 12, 0, 3
8, 44, 30, 84, 100, 100, 97, 59, 66, 19, 67, 0, 61, 38, 0, 69, 8
0, 82, 24, 100, 53, 87, 57, 59, 47, 33, 32, 7, 62, 0, 100, 1, 2
30, 97, 93, 100, 100, 99, 34, 93, 1, 59, 62, 43, 53, 0, 0, 13, 5
14, 100, 75, 97, 74, 99, 21, 80, 42, 52, 100, 24, 51, 0, 0, 23, 5
100, 100, 49, 93, 17, 64, 0, 31, 18, 0, 71, 5, 63, 32, 8, 27, 6
23, 100, 3, 93, 0, 61, 59, 43, 100, 57, 76, 61, 41, 32, 20, 0, 4
36, 100, 22, 96, 0, 69, 6, 42, 68, 42, 100, 51, 64, 26, 50, 0, 4
0, 90, 62, 100, 100, 82, 78, 48, 63, 13, 52, 0, 24, 31, 85, 44, 7
0, 92, 35, 100, 82, 80, 75, 40, 67, 0, 41, 8, 42, 33, 100, 34, 7
12, 100, 0, 70, 64, 68, 100, 87, 82, 90, 67, 60, 54, 30, 50, 0, 4
81, 82, 59, 100, 0, 64, 71, 46, 100, 60, 74, 93, 64, 46, 55, 0, 4
15, 70, 20, 32, 54, 0, 96, 24, 100, 66, 68, 100, 16, 92, 0, 52, 0
15, 62, 56, 100, 100, 88, 74, 43, 41, 0, 88, 8, 65, 50, 0, 60, 8
85, 76, 67, 68, 16, 78, 59, 100, 100, 85, 79, 53, 41, 26, 0, 0, 9
55, 89, 85, 100, 100, 81, 78, 60, 69, 35, 64, 9, 33, 0, 0, 3, 3
0, 100, 52, 94, 74, 60, 71, 23, 55, 0, 9, 21, 43, 31, 100, 31, 7
18, 75, 51, 100, 65, 72, 41, 35, 8, 3, 0, 0, 50, 6, 100, 15, 2
32, 100, 19, 78, 0, 48, 49, 35, 100, 47, 98, 60, 75, 30, 59, 0, 4
13, 88, 0, 53, 17, 13, 67, 0, 100, 31, 91, 72, 51, 100, 5, 86, 0
100, 72, 58, 100, 0, 77, 46, 39, 62, 0, 24, 21, 69, 58, 69, 91, 8
0, 76, 47, 71, 96, 96, 28, 100, 17, 77, 90, 74, 100, 37, 100, 0, 9
100, 100, 48, 81, 19, 54, 7, 25, 39, 0, 92, 10, 64, 34, 0, 33, 6
100, 81, 60, 100, 33, 68, 82, 62, 94, 80, 87, 36, 52, 0, 0, 2, 9
0, 60, 45, 83, 66, 100, 56, 64, 62, 27, 44, 0, 36, 1, 100, 1, 1
11, 100, 0, 82, 6, 52, 65, 57, 100, 83, 77, 60, 54, 31, 36, 0, 4
23, 88, 68, 100, 97, 81, 63, 60, 87, 40, 100, 16, 55, 0, 0, 1, 3
46, 100, 5, 73, 0, 41, 61, 41, 100, 57, 84, 69, 69, 35, 67, 0, 4
82, 100, 100, 86, 88, 71, 59, 57, 35, 44, 24, 29, 6, 14, 0, 0, 1
0, 89, 59, 100, 100, 74, 82, 35, 51, 0, 10, 18, 35, 42, 100, 48, 7
29, 76, 50, 100, 70, 74, 50, 42, 18, 16, 0, 0, 50, 7, 100, 7, 2
100, 100, 69, 76, 33, 52, 0, 27, 58, 33, 87, 53, 56, 28, 38, 0, 4
34, 87, 63, 100, 100, 93, 69, 64, 69, 37, 86, 13, 44, 0, 0, 0, 3
100, 100, 53, 79, 19, 50, 0, 18, 36, 0, 74, 25, 52, 53, 2, 38, 6
100, 100, 51, 82, 17, 55, 0, 24, 32, 0, 83, 14, 77, 43, 25, 39, 6
0, 92, 31, 100, 60, 88, 47, 54, 24, 25, 33, 0, 66, 2, 100, 8, 2
38, 100, 12, 86, 0, 69, 6, 51, 35, 40, 68, 31, 91, 17, 100, 0, 4
10, 99, 34, 69, 100, 36, 83, 0, 7, 19, 31, 56, 72, 92, 0, 100, 8
27, 77, 59, 100, 82, 75, 58, 43, 23, 15, 0, 0, 49, 10, 100, 9, 2
30, 75, 54, 100, 100, 99, 74, 72, 79, 46, 88, 18, 43, 0, 0, 12, 3
0, 92, 48, 100, 76, 74, 70, 41, 57, 9, 38, 0, 46, 20, 100, 20, 7
