@relation penbased-5
@attribute At1 integer [0, 100]
@attribute At2 integer [0, 100]
@attribute At3 integer [0, 100]
@attribute At4 integer [0, 100]
@attribute At5 integer [0, 100]
@attribute At6 integer [0, 100]
@attribute At7 integer [0, 100]
@attribute At8 integer [0, 100]
@attribute At9 integer [0, 100]
@attribute At10 integer [0, 100]
@attribute At11 integer [0, 100]
@attribute At12 integer [0, 100]
@attribute At13 integer [0, 100]
@attribute At14 integer [0, 100]
@attribute At15 integer [0, 100]
@attribute At16 integer [0, 100]
@attribute Class {0, 1, 2, 3, 4, 5, 6, 7, 8, 9}
@inputs At1, At2, At3, At4, At5, At6, At7, At8, At9, At10, At11, At12, At13, At14, At15, At16
@outputs Class
@data
0, 89, 27, 100, 42, 75, 29, 45, 15, 15, 37, 0, 69, 2, 100, 6, 2
0, 100, 3, 72, 26, 35, 85, 35, 100, 71, 73, 97, 65, 49, 66, 0, 4
13, 89, 12, 50, 72, 38, 56, 0, 4, 17, 0, 61, 32, 94, 100, 100, 5
100, 100, 72, 99, 36, 78, 34, 54, 79, 47, 64, 13, 19, 0, 0, 2, 5
35, 76, 57, 100, 100, 92, 68, 66, 81, 38, 82, 9, 32, 0, 0, 17, 3
99, 80, 63, 100, 25, 76, 79, 68, 100, 62, 97, 23, 54, 0, 0, 16, 9
60, 100, 20, 76, 0, 39, 10, 1, 69, 0, 100, 33, 56, 40, 15, 10, 6
63, 100, 40, 73, 70, 63, 100, 77, 79, 74, 55, 48, 29, 23, 0, 0, 4
0, 75, 47, 87, 100, 100, 91, 80, 72, 60, 53, 40, 35, 20, 19, 0, 1
41, 96, 17, 76, 50, 37, 31, 0, 0, 34, 1, 86, 49, 98, 100, 100, 5
34, 100, 21, 76, 0, 35, 43, 30, 91, 29, 100, 41, 74, 46, 67, 0, 4
46, 100, 21, 85, 0, 60, 24, 42, 68, 44, 100, 49, 76, 25, 58, 0, 4
33, 58, 19, 90, 78, 100, 91, 62, 51, 28, 0, 2, 37, 1, 100, 0, 2
7, 100, 0, 56, 51, 37, 39, 0, 9, 15, 5, 62, 42, 92, 100, 96, 5
29, 73, 56, 100, 68, 71, 45, 38, 11, 12, 0, 8, 50, 6, 100, 0, 2
3, 66, 16, 100, 27, 69, 14, 32, 0, 0, 33, 5, 67, 10, 100, 11, 2
47, 100, 40, 82, 18, 49, 0, 19, 53, 20, 92, 34, 94, 35, 100, 0, 4
21, 75, 40, 100, 85, 94, 67, 63, 100, 43, 95, 11, 47, 0, 0, 13, 3
0, 70, 53, 88, 64, 100, 62, 78, 70, 57, 83, 36, 100, 14, 98, 0, 1
100, 100, 64, 98, 26, 85, 36, 63, 76, 58, 75, 24, 42, 1, 0, 0, 5
2, 80, 36, 50, 54, 12, 9, 0, 0, 41, 5, 78, 49, 95, 100, 100, 5
100, 100, 68, 96, 38, 70, 14, 44, 0, 14, 36, 0, 51, 23, 3, 28, 6
91, 100, 66, 88, 31, 58, 15, 26, 50, 0, 100, 17, 67, 45, 0, 47, 6
100, 100, 52, 80, 20, 52, 6, 20, 45, 0, 99, 12, 59, 30, 0, 25, 6
0, 67, 38, 66, 62, 30, 38, 0, 8, 30, 45, 63, 100, 90, 58, 100, 8
65, 96, 81, 66, 100, 100, 40, 92, 71, 64, 93, 45, 65, 5, 0, 0, 9
100, 100, 14, 90, 74, 55, 79, 97, 37, 62, 0, 39, 36, 0, 39, 44, 8
38, 73, 5, 64, 0, 15, 53, 0, 98, 34, 100, 83, 47, 100, 20, 60, 0
100, 96, 66, 100, 63, 85, 85, 88, 78, 53, 66, 20, 35, 0, 0, 12, 9
36, 69, 33, 100, 64, 85, 43, 48, 0, 21, 6, 19, 57, 0, 100, 20, 2
54, 85, 100, 100, 99, 98, 49, 86, 23, 60, 63, 34, 50, 1, 0, 0, 5
92, 65, 50, 100, 0, 82, 47, 46, 87, 6, 42, 0, 54, 45, 100, 79, 8
36, 63, 0, 67, 53, 84, 100, 100, 83, 74, 66, 47, 53, 21, 51, 0, 1
5, 79, 19, 100, 25, 66, 14, 32, 0, 3, 34, 0, 66, 5, 100, 7, 2
19, 88, 62, 100, 100, 81, 83, 48, 47, 23, 0, 6, 18, 0, 72, 1, 2
24, 87, 0, 62, 7, 0, 61, 0, 100, 44, 80, 100, 29, 93, 7, 36, 0
9, 86, 1, 51, 27, 11, 76, 0, 100, 39, 84, 83, 37, 100, 0, 69, 0
33, 100, 10, 76, 0, 48, 4, 20, 43, 0, 100, 10, 81, 31, 21, 25, 6
39, 76, 74, 40, 83, 2, 11, 0, 50, 35, 100, 67, 73, 100, 0, 81, 8
99, 100, 61, 78, 37, 40, 41, 0, 99, 0, 100, 33, 47, 50, 0, 28, 6
84, 81, 39, 100, 0, 66, 9, 18, 60, 0, 100, 33, 89, 80, 36, 92, 0
0, 100, 17, 94, 8, 64, 24, 37, 70, 41, 100, 57, 87, 28, 100, 0, 4
35, 96, 100, 100, 44, 93, 0, 73, 27, 60, 85, 46, 76, 17, 21, 0, 5
100, 82, 76, 100, 57, 78, 99, 87, 92, 68, 67, 40, 38, 14, 0, 0, 9
31, 100, 4, 70, 0, 37, 66, 36, 100, 50, 66, 68, 36, 34, 14, 0, 4
100, 69, 78, 100, 37, 85, 83, 77, 91, 52, 97, 15, 51, 0, 0, 0, 9
64, 100, 32, 77, 16, 47, 16, 16, 58, 0, 100, 16, 49, 23, 0, 9, 6
45, 82, 39, 100, 82, 99, 64, 43, 25, 5, 0, 0, 50, 4, 100, 0, 2
0, 57, 36, 83, 62, 100, 54, 64, 47, 28, 12, 0, 30, 2, 100, 3, 1
0, 95, 51, 100, 91, 86, 81, 45, 68, 5, 55, 0, 46, 34, 100, 33, 7
6, 100, 0, 80, 32, 54, 100, 59, 99, 99, 72, 77, 60, 38, 43, 0, 4
29, 100, 3, 82, 0, 52, 60, 51, 100, 78, 90, 56, 81, 27, 75, 0, 4
0, 90, 47, 100, 65, 69, 48, 31, 37, 0, 14, 34, 49, 40, 100, 39, 7
45, 100, 12, 82, 0, 41, 17, 4, 62, 0, 100, 21, 96, 60, 54, 66, 0
5, 100, 93, 97, 100, 74, 65, 41, 37, 8, 5, 0, 0, 24, 89, 23, 7
26, 80, 57, 100, 72, 75, 54, 44, 24, 18, 0, 11, 50, 8, 100, 0, 2
0, 82, 37, 62, 83, 30, 65, 0, 46, 32, 81, 66, 100, 100, 23, 90, 8
62, 99, 19, 100, 55, 82, 71, 98, 99, 58, 100, 14, 49, 0, 0, 20, 9
86, 90, 28, 100, 0, 52, 46, 4, 26, 0, 25, 51, 100, 83, 73, 99, 8
85, 87, 48, 72, 0, 73, 34, 100, 82, 96, 89, 64, 87, 31, 100, 0, 9
34, 89, 14, 84, 0, 38, 24, 0, 75, 3, 100, 42, 82, 86, 34, 100, 0
3, 57, 83, 70, 100, 100, 6, 85, 20, 52, 71, 20, 0, 0, 37, 32, 8
28, 95, 100, 100, 51, 97, 0, 74, 16, 54, 86, 42, 71, 13, 1, 0, 5
66, 91, 100, 100, 90, 89, 53, 77, 29, 52, 58, 30, 38, 4, 0, 0, 5
0, 44, 30, 61, 67, 80, 100, 100, 96, 80, 83, 53, 68, 26, 62, 0, 1
58, 94, 84, 100, 82, 74, 46, 57, 92, 42, 100, 14, 52, 0, 0, 1, 3
60, 72, 89, 100, 73, 83, 62, 49, 44, 15, 0, 0, 47, 4, 100, 5, 1
10, 89, 30, 100, 49, 73, 29, 42, 0, 16, 20, 19, 64, 20, 100, 0, 2
100, 100, 54, 89, 18, 61, 0, 27, 29, 0, 83, 11, 61, 35, 7, 25, 6
25, 79, 35, 100, 78, 78, 50, 50, 68, 48, 100, 21, 59, 0, 0, 11, 3
0, 79, 32, 100, 69, 93, 54, 58, 25, 29, 4, 5, 52, 0, 100, 2, 2
0, 100, 53, 100, 100, 88, 84, 56, 61, 24, 42, 0, 18, 31, 56, 46, 7
0, 90, 31, 100, 46, 72, 27, 42, 2, 17, 29, 4, 64, 2, 100, 0, 2
0, 64, 46, 77, 81, 100, 100, 99, 96, 72, 88, 45, 74, 19, 85, 0, 1
0, 91, 26, 57, 52, 22, 8, 0, 4, 39, 4, 81, 41, 100, 100, 98, 5
100, 100, 56, 81, 33, 51, 26, 18, 63, 0, 93, 25, 47, 38, 0, 20, 6
0, 61, 36, 82, 78, 100, 100, 95, 76, 71, 49, 47, 24, 23, 22, 0, 1
75, 86, 100, 100, 95, 78, 65, 57, 90, 36, 81, 10, 42, 0, 0, 0, 3
58, 83, 85, 100, 93, 77, 50, 57, 94, 40, 100, 11, 50, 0, 0, 11, 3
37, 100, 48, 71, 0, 44, 63, 37, 100, 37, 89, 63, 80, 29, 74, 0, 4
31, 87, 57, 100, 55, 65, 30, 37, 0, 14, 26, 9, 62, 5, 100, 0, 2
0, 95, 62, 100, 100, 82, 88, 50, 79, 19, 66, 0, 35, 27, 99, 37, 7
0, 50, 13, 63, 56, 83, 100, 100, 94, 75, 75, 50, 54, 24, 31, 0, 1
0, 77, 33, 100, 55, 71, 45, 35, 14, 8, 9, 19, 56, 17, 100, 0, 2
100, 52, 40, 48, 0, 71, 26, 100, 78, 91, 88, 57, 73, 22, 33, 0, 9
32, 87, 74, 100, 82, 75, 45, 53, 87, 43, 100, 18, 54, 0, 0, 3, 3
16, 100, 11, 71, 5, 39, 29, 11, 85, 11, 100, 28, 46, 18, 0, 0, 6
0, 68, 27, 100, 73, 93, 73, 52, 54, 12, 50, 0, 49, 34, 100, 38, 7
40, 78, 62, 100, 58, 67, 35, 39, 0, 32, 27, 22, 62, 7, 100, 0, 2
41, 75, 62, 100, 100, 94, 74, 67, 37, 43, 0, 20, 23, 2, 83, 0, 2
0, 96, 51, 100, 98, 88, 87, 61, 53, 42, 100, 27, 68, 7, 17, 0, 3
28, 86, 8, 60, 54, 45, 28, 0, 6, 20, 0, 70, 40, 98, 100, 100, 5
62, 88, 20, 65, 0, 24, 34, 0, 78, 24, 100, 63, 77, 100, 26, 93, 0
70, 69, 100, 95, 40, 100, 0, 74, 53, 75, 78, 57, 51, 28, 21, 0, 9
78, 67, 65, 100, 0, 75, 56, 37, 84, 0, 2, 10, 35, 52, 100, 86, 8
51, 80, 56, 100, 100, 93, 82, 53, 45, 20, 0, 0, 42, 10, 94, 1, 2
80, 100, 32, 85, 63, 72, 61, 81, 86, 48, 100, 16, 53, 0, 0, 5, 9
95, 85, 100, 100, 61, 71, 41, 36, 50, 0, 93, 3, 58, 30, 0, 26, 6
0, 34, 34, 55, 70, 77, 100, 100, 95, 78, 84, 51, 73, 26, 64, 0, 1
100, 75, 79, 100, 47, 82, 79, 84, 66, 64, 62, 23, 36, 0, 0, 5, 9
0, 64, 17, 100, 56, 98, 53, 58, 26, 26, 15, 4, 57, 4, 100, 0, 2
82, 100, 51, 89, 0, 62, 23, 43, 100, 43, 99, 66, 70, 33, 47, 0, 4
7, 100, 0, 73, 57, 81, 49, 80, 76, 52, 100, 23, 65, 0, 1, 2, 9
97, 100, 53, 77, 32, 44, 39, 9, 90, 0, 100, 31, 51, 49, 0, 36, 6
88, 100, 53, 84, 77, 69, 100, 86, 88, 60, 73, 35, 43, 13, 0, 0, 9
5, 88, 50, 100, 76, 80, 44, 58, 73, 43, 100, 21, 59, 3, 0, 0, 3
0, 90, 40, 100, 97, 93, 100, 54, 98, 14, 71, 0, 32, 19, 91, 27, 7
100, 100, 55, 91, 79, 72, 94, 93, 86, 66, 80, 35, 48, 11, 0, 0, 9
8, 90, 81, 100, 76, 97, 12, 80, 64, 70, 100, 44, 66, 15, 0, 0, 5
54, 64, 30, 96, 15, 61, 69, 27, 52, 0, 0, 30, 48, 66, 100, 100, 8
89, 92, 20, 100, 11, 67, 43, 34, 54, 0, 0, 24, 34, 56, 100, 82, 8
71, 100, 27, 76, 1, 33, 24, 0, 74, 23, 100, 65, 51, 79, 0, 58, 0
0, 39, 33, 59, 67, 79, 100, 100, 100, 88, 81, 59, 65, 30, 53, 0, 1
94, 82, 45, 100, 1, 63, 0, 9, 53, 0, 100, 30, 97, 85, 47, 97, 0
44, 83, 18, 61, 60, 35, 35, 0, 0, 15, 26, 56, 51, 90, 100, 100, 5
87, 100, 31, 76, 100, 91, 38, 80, 22, 62, 0, 0, 73, 9, 33, 64, 8
2, 96, 53, 100, 100, 91, 67, 71, 55, 49, 79, 24, 46, 6, 0, 0, 3
56, 100, 17, 77, 0, 46, 45, 27, 100, 42, 83, 53, 38, 28, 6, 0, 4
30, 83, 60, 100, 100, 86, 67, 60, 94, 43, 75, 14, 27, 0, 0, 16, 3
18, 76, 55, 100, 65, 62, 38, 23, 0, 0, 13, 18, 57, 20, 100, 16, 2
0, 64, 40, 78, 76, 100, 100, 99, 87, 71, 64, 44, 39, 18, 16, 0, 1
0, 97, 11, 100, 62, 98, 100, 85, 94, 62, 72, 42, 48, 21, 44, 0, 7
47, 100, 0, 75, 5, 29, 50, 0, 100, 18, 100, 63, 59, 96, 4, 88, 0
100, 81, 64, 100, 43, 68, 87, 77, 81, 55, 100, 20, 57, 0, 0, 8, 9
0, 56, 34, 77, 69, 100, 100, 95, 84, 72, 62, 47, 41, 24, 25, 0, 1
0, 66, 38, 82, 80, 100, 100, 98, 80, 73, 58, 48, 38, 22, 29, 0, 1
74, 100, 50, 99, 13, 67, 0, 31, 35, 0, 100, 10, 79, 43, 10, 52, 6
11, 100, 0, 87, 11, 48, 69, 38, 100, 50, 75, 94, 53, 49, 37, 0, 4
24, 66, 55, 84, 100, 100, 79, 80, 52, 60, 29, 40, 12, 20, 0, 0, 1
64, 83, 86, 100, 100, 76, 68, 53, 94, 36, 78, 11, 40, 3, 0, 0, 3
22, 98, 0, 57, 42, 35, 7, 0, 3, 36, 7, 86, 49, 100, 100, 98, 5
0, 60, 21, 54, 53, 77, 85, 100, 100, 88, 86, 57, 75, 27, 82, 0, 1
22, 65, 56, 100, 57, 88, 49, 35, 31, 0, 0, 6, 52, 8, 100, 12, 1
45, 100, 22, 79, 13, 52, 66, 45, 100, 66, 55, 50, 23, 26, 0, 0, 4
30, 59, 17, 78, 80, 100, 100, 98, 67, 74, 30, 50, 3, 25, 0, 0, 1
66, 100, 50, 86, 21, 56, 0, 26, 26, 0, 100, 16, 53, 33, 15, 7, 6
93, 95, 47, 100, 54, 66, 100, 80, 95, 64, 93, 20, 50, 0, 0, 9, 9
25, 77, 15, 82, 0, 40, 21, 0, 73, 0, 100, 38, 85, 79, 37, 100, 0
25, 100, 0, 63, 8, 30, 82, 39, 100, 70, 79, 90, 89, 44, 100, 0, 4
0, 47, 23, 66, 61, 83, 100, 100, 89, 75, 72, 50, 53, 25, 48, 0, 1
52, 70, 100, 89, 50, 100, 0, 82, 55, 72, 96, 54, 77, 26, 55, 0, 9
51, 60, 47, 100, 16, 68, 75, 35, 83, 0, 0, 2, 31, 39, 100, 68, 8
0, 100, 57, 98, 100, 100, 76, 62, 58, 23, 53, 0, 30, 36, 88, 43, 7
56, 100, 31, 83, 6, 59, 0, 33, 53, 32, 100, 47, 89, 26, 80, 0, 4
22, 99, 7, 64, 0, 25, 36, 0, 83, 27, 100, 64, 76, 100, 19, 95, 0
41, 100, 25, 97, 0, 54, 61, 46, 100, 47, 83, 87, 55, 45, 36, 0, 4
0, 91, 42, 100, 63, 76, 53, 38, 54, 0, 40, 4, 48, 29, 100, 36, 7
0, 85, 31, 100, 59, 73, 55, 36, 46, 0, 27, 26, 47, 40, 100, 39, 7
0, 100, 73, 99, 62, 66, 34, 33, 14, 0, 5, 15, 19, 43, 100, 43, 7
100, 100, 47, 88, 18, 55, 16, 18, 57, 0, 95, 29, 51, 38, 0, 16, 6
100, 100, 40, 88, 40, 67, 97, 79, 94, 65, 82, 40, 52, 16, 0, 0, 9
11, 82, 6, 41, 28, 0, 78, 7, 100, 48, 80, 90, 32, 100, 0, 65, 0
62, 100, 26, 74, 15, 43, 8, 12, 57, 0, 100, 19, 52, 35, 0, 23, 6
100, 80, 54, 77, 25, 96, 78, 100, 99, 74, 76, 45, 42, 20, 0, 0, 9
8, 92, 67, 100, 87, 82, 62, 40, 31, 0, 0, 14, 38, 30, 100, 27, 7
37, 78, 79, 100, 89, 68, 60, 36, 16, 13, 0, 22, 56, 22, 100, 0, 2
67, 99, 0, 95, 29, 61, 100, 36, 87, 0, 43, 21, 70, 60, 83, 100, 8
0, 59, 16, 73, 77, 95, 100, 100, 70, 75, 45, 50, 25, 25, 34, 0, 1
88, 100, 48, 94, 59, 69, 100, 85, 90, 56, 80, 23, 46, 0, 0, 12, 9
32, 86, 0, 61, 10, 4, 57, 0, 100, 30, 97, 87, 50, 100, 4, 87, 0
24, 68, 38, 85, 100, 100, 85, 80, 56, 61, 29, 41, 6, 20, 0, 0, 1
73, 78, 10, 73, 60, 35, 43, 0, 0, 25, 57, 62, 100, 100, 20, 96, 8
40, 88, 78, 100, 71, 66, 68, 61, 100, 39, 70, 7, 19, 0, 0, 27, 3
65, 64, 9, 63, 20, 92, 73, 100, 100, 75, 80, 46, 42, 22, 0, 0, 9
44, 94, 6, 74, 0, 28, 35, 0, 78, 13, 100, 53, 76, 91, 32, 100, 0
100, 84, 55, 99, 4, 72, 49, 33, 43, 0, 0, 28, 41, 69, 97, 100, 8
0, 69, 42, 87, 100, 100, 75, 79, 50, 59, 25, 39, 17, 19, 67, 0, 1
32, 100, 17, 75, 87, 41, 64, 0, 12, 20, 79, 55, 100, 96, 0, 96, 8
17, 96, 0, 63, 6, 20, 50, 0, 95, 22, 100, 64, 71, 100, 25, 86, 0
2, 97, 13, 59, 44, 34, 15, 0, 6, 43, 0, 86, 49, 98, 100, 100, 5
88, 100, 82, 82, 45, 49, 0, 22, 38, 34, 94, 36, 100, 42, 98, 0, 4
13, 100, 20, 71, 59, 39, 44, 0, 0, 16, 7, 61, 42, 93, 100, 97, 5
59, 73, 48, 100, 99, 95, 81, 63, 93, 44, 100, 13, 50, 0, 0, 11, 3
34, 100, 5, 59, 0, 46, 100, 47, 94, 81, 64, 86, 62, 43, 50, 0, 4
69, 98, 89, 64, 97, 100, 62, 79, 99, 77, 100, 29, 60, 2, 0, 0, 9
49, 100, 10, 79, 0, 32, 33, 0, 82, 8, 100, 51, 74, 90, 27, 97, 0
0, 89, 20, 97, 64, 100, 100, 90, 95, 66, 78, 44, 57, 22, 40, 0, 7
100, 99, 55, 100, 22, 79, 27, 51, 74, 47, 87, 19, 47, 0, 0, 1, 5
56, 100, 9, 63, 0, 45, 76, 50, 100, 73, 59, 97, 35, 48, 10, 0, 4
35, 97, 8, 76, 0, 27, 42, 0, 91, 17, 100, 65, 60, 97, 8, 100, 0
38, 79, 69, 100, 88, 80, 61, 56, 87, 38, 100, 13, 53, 0, 0, 2, 3
27, 90, 0, 65, 55, 44, 62, 5, 19, 0, 24, 50, 29, 95, 100, 100, 5
45, 80, 37, 48, 55, 100, 40, 67, 58, 14, 0, 1, 35, 0, 100, 2, 1
100, 86, 79, 89, 15, 100, 8, 60, 71, 53, 99, 19, 43, 0, 0, 13, 5
0, 87, 37, 100, 59, 64, 45, 15, 27, 0, 20, 38, 60, 44, 100, 51, 7
47, 89, 20, 55, 36, 6, 80, 0, 100, 45, 77, 90, 32, 100, 0, 67, 0
56, 100, 19, 76, 0, 33, 24, 0, 74, 25, 100, 65, 70, 87, 23, 60, 0
96, 98, 83, 100, 47, 68, 26, 32, 49, 0, 100, 18, 53, 39, 0, 27, 6
87, 82, 70, 64, 12, 67, 41, 100, 100, 90, 98, 48, 62, 12, 0, 0, 9
100, 100, 58, 81, 27, 56, 1, 28, 0, 0, 53, 5, 53, 30, 0, 27, 6
27, 51, 0, 22, 43, 0, 90, 13, 100, 54, 75, 93, 27, 100, 12, 61, 0
48, 100, 24, 62, 0, 35, 93, 33, 100, 67, 74, 77, 63, 39, 56, 0, 4
92, 100, 57, 80, 21, 53, 0, 22, 37, 0, 100, 14, 76, 37, 7, 32, 6
73, 68, 100, 100, 48, 100, 20, 71, 79, 77, 84, 46, 48, 15, 0, 0, 9
93, 73, 57, 100, 0, 81, 36, 55, 100, 71, 99, 43, 91, 6, 26, 0, 9
0, 38, 31, 57, 66, 79, 100, 100, 76, 76, 53, 51, 40, 26, 44, 0, 1
89, 100, 43, 93, 3, 58, 0, 15, 57, 2, 100, 29, 43, 35, 24, 0, 6
22, 93, 0, 70, 69, 37, 100, 0, 15, 20, 51, 60, 77, 94, 42, 100, 8
52, 100, 33, 80, 0, 57, 32, 42, 82, 43, 100, 50, 69, 26, 43, 0, 4
33, 90, 66, 100, 66, 71, 63, 64, 100, 44, 78, 14, 27, 0, 0, 24, 3
40, 64, 67, 82, 100, 100, 81, 80, 60, 60, 38, 40, 15, 20, 0, 0, 1
57, 100, 33, 94, 8, 59, 3, 22, 48, 0, 100, 15, 57, 32, 0, 19, 6
63, 100, 17, 67, 0, 29, 58, 24, 100, 35, 86, 88, 82, 53, 78, 0, 4
20, 100, 7, 78, 0, 44, 32, 24, 89, 29, 100, 55, 76, 31, 55, 0, 4
5, 100, 31, 93, 0, 63, 52, 50, 100, 72, 62, 61, 31, 31, 1, 0, 4
100, 100, 49, 86, 17, 59, 0, 28, 18, 0, 76, 6, 61, 29, 7, 17, 6
40, 85, 92, 100, 100, 98, 45, 85, 79, 65, 99, 33, 55, 7, 0, 0, 5
2, 100, 5, 75, 0, 47, 22, 27, 98, 30, 100, 47, 71, 27, 78, 0, 4
41, 69, 71, 100, 67, 71, 54, 31, 41, 1, 0, 0, 50, 1, 100, 3, 1
100, 85, 49, 66, 0, 69, 37, 99, 89, 100, 77, 58, 40, 24, 12, 0, 9
40, 80, 63, 100, 100, 91, 84, 67, 52, 46, 18, 28, 0, 6, 47, 0, 2
40, 94, 0, 66, 5, 23, 55, 0, 98, 26, 100, 70, 62, 100, 6, 84, 0
53, 91, 19, 73, 0, 30, 23, 0, 67, 14, 100, 46, 90, 86, 48, 100, 0
27, 76, 62, 100, 84, 76, 66, 41, 37, 11, 0, 3, 50, 1, 100, 0, 2
0, 87, 47, 100, 96, 94, 100, 57, 77, 22, 49, 0, 26, 29, 76, 37, 7
6, 90, 0, 45, 21, 0, 72, 0, 100, 41, 86, 88, 37, 100, 9, 59, 0
32, 64, 50, 100, 52, 92, 42, 53, 38, 14, 0, 0, 50, 0, 100, 5, 1
46, 100, 9, 78, 0, 51, 4, 24, 37, 0, 100, 7, 67, 24, 22, 6, 6
14, 76, 50, 100, 100, 95, 71, 64, 59, 52, 83, 20, 42, 0, 0, 18, 3
15, 74, 23, 100, 72, 92, 53, 60, 75, 45, 100, 18, 55, 0, 0, 1, 3
17, 91, 24, 72, 59, 40, 29, 0, 5, 33, 0, 90, 49, 96, 100, 100, 5
14, 73, 60, 100, 100, 93, 74, 55, 38, 20, 0, 0, 2, 35, 63, 28, 7
32, 100, 6, 77, 0, 33, 30, 0, 81, 6, 100, 44, 76, 82, 26, 88, 0
31, 100, 0, 67, 2, 26, 42, 0, 86, 20, 100, 60, 73, 93, 25, 85, 0
55, 77, 45, 66, 100, 88, 49, 100, 0, 78, 69, 63, 70, 32, 59, 0, 9
75, 100, 13, 74, 6, 52, 100, 50, 93, 82, 68, 72, 37, 36, 0, 0, 4
0, 56, 15, 73, 65, 94, 100, 100, 91, 75, 82, 50, 79, 25, 94, 0, 1
0, 73, 26, 100, 56, 72, 40, 31, 3, 10, 19, 22, 63, 13, 100, 0, 2
37, 98, 2, 64, 48, 38, 17, 0, 0, 26, 2, 72, 38, 99, 100, 100, 5
12, 100, 0, 75, 11, 44, 98, 39, 100, 56, 68, 68, 58, 32, 60, 0, 4
64, 89, 66, 58, 74, 8, 0, 0, 20, 41, 92, 64, 100, 100, 24, 95, 8
69, 89, 6, 100, 10, 64, 35, 26, 10, 0, 0, 36, 47, 64, 100, 91, 8
84, 67, 57, 100, 0, 88, 16, 52, 75, 65, 100, 72, 92, 28, 97, 0, 9
12, 87, 0, 44, 20, 4, 66, 0, 100, 30, 89, 75, 49, 100, 13, 77, 0
64, 100, 26, 75, 0, 51, 68, 52, 100, 72, 74, 56, 48, 28, 23, 0, 4
40, 82, 10, 76, 59, 42, 66, 0, 0, 7, 0, 46, 32, 86, 100, 100, 5
38, 100, 5, 61, 66, 52, 66, 19, 0, 0, 6, 51, 24, 97, 100, 98, 5
0, 70, 14, 97, 66, 100, 100, 79, 66, 55, 94, 27, 90, 0, 41, 2, 3
55, 68, 71, 40, 100, 6, 5, 0, 14, 35, 66, 68, 89, 100, 0, 83, 8
18, 100, 23, 73, 0, 41, 17, 17, 83, 18, 100, 43, 84, 35, 76, 0, 4
0, 0, 42, 18, 77, 43, 100, 73, 84, 100, 29, 92, 24, 64, 79, 53, 9
55, 100, 18, 78, 0, 49, 5, 20, 46, 0, 100, 12, 68, 29, 10, 22, 6
100, 100, 61, 93, 33, 65, 15, 33, 25, 0, 64, 6, 44, 33, 0, 37, 6
92, 100, 37, 100, 1, 68, 0, 29, 41, 0, 100, 5, 67, 32, 8, 23, 6
0, 82, 10, 99, 54, 99, 98, 100, 100, 80, 78, 55, 62, 28, 57, 0, 7
13, 100, 10, 79, 0, 48, 4, 19, 75, 22, 87, 49, 89, 29, 100, 0, 4
0, 100, 36, 90, 100, 85, 66, 61, 35, 19, 33, 0, 63, 34, 25, 28, 7
13, 93, 21, 49, 51, 24, 15, 0, 0, 45, 18, 92, 59, 100, 100, 95, 5
0, 100, 64, 95, 100, 88, 72, 50, 47, 11, 19, 0, 18, 30, 84, 27, 7
89, 90, 49, 100, 14, 73, 11, 41, 49, 17, 100, 28, 41, 24, 0, 0, 6
100, 100, 56, 65, 0, 36, 3, 34, 80, 33, 99, 54, 68, 38, 36, 0, 4
40, 83, 81, 46, 79, 7, 5, 0, 51, 35, 100, 71, 72, 100, 0, 77, 8
45, 93, 24, 62, 100, 89, 24, 100, 25, 51, 97, 91, 77, 32, 0, 0, 9
40, 81, 67, 65, 100, 27, 38, 0, 0, 24, 46, 61, 81, 99, 27, 100, 8
44, 80, 74, 100, 100, 79, 74, 50, 84, 39, 86, 12, 42, 0, 0, 9, 3
15, 73, 23, 44, 41, 6, 1, 0, 0, 44, 18, 90, 59, 100, 100, 90, 5
0, 100, 58, 94, 100, 91, 61, 59, 32, 20, 8, 0, 20, 33, 80, 34, 7
0, 76, 35, 100, 55, 100, 49, 62, 44, 24, 2, 0, 27, 0, 100, 8, 1
0, 88, 53, 96, 100, 100, 73, 66, 50, 31, 26, 0, 4, 34, 48, 33, 7
0, 95, 43, 100, 100, 92, 85, 70, 48, 32, 54, 0, 93, 35, 50, 38, 7
52, 84, 19, 94, 0, 50, 20, 7, 66, 0, 100, 33, 96, 79, 54, 100, 0
18, 92, 11, 56, 43, 23, 21, 0, 4, 37, 0, 74, 47, 92, 100, 100, 5
43, 100, 86, 85, 72, 56, 51, 28, 40, 0, 0, 23, 28, 38, 100, 42, 7
15, 100, 1, 55, 0, 7, 37, 0, 74, 24, 100, 62, 80, 99, 39, 95, 0
0, 17, 0, 41, 61, 70, 100, 100, 100, 96, 89, 64, 79, 32, 68, 0, 1
10, 100, 16, 77, 0, 39, 37, 18, 94, 22, 100, 50, 99, 39, 93, 0, 4
29, 100, 92, 94, 100, 68, 78, 41, 55, 13, 29, 0, 0, 26, 63, 32, 7
100, 100, 46, 88, 13, 61, 0, 32, 16, 4, 90, 0, 81, 20, 20, 3, 6
2, 37, 8, 25, 42, 0, 89, 17, 100, 59, 73, 96, 23, 100, 0, 62, 0
41, 100, 9, 70, 0, 30, 33, 0, 88, 15, 100, 54, 79, 92, 28, 88, 0
0, 22, 36, 47, 70, 73, 100, 100, 90, 89, 66, 60, 46, 30, 27, 0, 1
63, 81, 95, 100, 95, 62, 66, 26, 21, 0, 0, 15, 48, 35, 100, 15, 2
27, 85, 57, 50, 64, 11, 15, 0, 0, 33, 2, 75, 46, 96, 100, 100, 5
100, 88, 72, 100, 27, 88, 6, 58, 34, 51, 68, 37, 43, 8, 0, 0, 5
61, 100, 40, 63, 0, 34, 36, 40, 100, 44, 81, 73, 60, 36, 46, 0, 4
30, 81, 0, 35, 60, 39, 83, 0, 41, 4, 27, 57, 39, 100, 100, 99, 5
100, 100, 48, 84, 15, 53, 1, 19, 47, 0, 100, 24, 60, 39, 0, 19, 6
82, 86, 0, 67, 38, 29, 96, 0, 25, 20, 65, 61, 100, 100, 18, 73, 8
100, 77, 49, 65, 0, 69, 25, 98, 74, 100, 84, 67, 84, 33, 90, 0, 9
74, 88, 25, 100, 0, 50, 22, 1, 78, 0, 100, 47, 63, 88, 8, 91, 0
24, 75, 60, 100, 74, 63, 45, 25, 2, 0, 0, 15, 51, 19, 100, 8, 2
85, 100, 80, 95, 37, 67, 2, 37, 0, 6, 76, 0, 100, 25, 7, 25, 6
29, 95, 2, 58, 44, 40, 30, 0, 0, 9, 16, 60, 50, 91, 100, 100, 5
1, 13, 46, 53, 72, 100, 13, 97, 39, 54, 100, 23, 56, 0, 0, 19, 8
85, 98, 39, 100, 7, 60, 0, 16, 54, 0, 100, 28, 40, 38, 5, 9, 6
48, 100, 70, 64, 94, 98, 42, 79, 96, 79, 100, 40, 68, 2, 0, 0, 9
33, 100, 10, 87, 0, 69, 54, 58, 100, 75, 66, 52, 33, 26, 4, 0, 4
31, 74, 88, 100, 100, 95, 98, 55, 96, 16, 25, 2, 0, 0, 100, 2, 1
0, 48, 17, 64, 53, 84, 93, 100, 100, 79, 85, 53, 72, 26, 68, 0, 1
0, 16, 33, 43, 69, 71, 100, 100, 97, 91, 77, 60, 57, 30, 44, 0, 1
4, 90, 53, 100, 100, 91, 66, 68, 78, 39, 97, 9, 51, 0, 0, 4, 3
100, 100, 59, 83, 31, 52, 20, 19, 52, 0, 91, 25, 48, 27, 0, 7, 6
36, 82, 45, 60, 81, 100, 0, 70, 19, 45, 25, 0, 100, 37, 4, 32, 8
0, 37, 25, 50, 50, 63, 74, 81, 97, 100, 100, 78, 88, 40, 79, 0, 1
0, 74, 32, 81, 77, 100, 100, 99, 84, 74, 64, 49, 41, 24, 18, 0, 1
0, 26, 15, 47, 60, 73, 100, 100, 87, 87, 64, 58, 43, 29, 25, 0, 1
23, 63, 42, 100, 63, 65, 39, 22, 0, 0, 13, 20, 56, 18, 100, 21, 2
47, 100, 27, 50, 0, 20, 50, 30, 100, 31, 89, 59, 58, 50, 39, 0, 4
41, 82, 66, 100, 100, 78, 62, 51, 77, 43, 95, 13, 49, 0, 0, 8, 3
54, 77, 30, 37, 0, 0, 13, 25, 55, 54, 100, 80, 89, 100, 37, 86, 8
0, 85, 42, 97, 30, 75, 23, 21, 72, 0, 100, 47, 87, 100, 36, 99, 0
80, 70, 95, 100, 7, 89, 0, 57, 82, 76, 100, 56, 82, 20, 11, 0, 9
43, 84, 76, 100, 100, 78, 62, 55, 83, 43, 99, 14, 53, 0, 0, 7, 3
0, 92, 33, 100, 95, 80, 83, 40, 56, 0, 35, 9, 20, 36, 100, 43, 7
62, 73, 23, 69, 0, 90, 68, 100, 100, 78, 77, 50, 43, 24, 2, 0, 9
53, 100, 0, 75, 7, 43, 100, 52, 50, 76, 16, 91, 14, 44, 28, 0, 4
0, 62, 22, 89, 69, 100, 86, 77, 59, 50, 28, 26, 47, 4, 100, 0, 2
28, 90, 97, 100, 100, 68, 61, 33, 18, 0, 0, 8, 7, 29, 82, 31, 7
46, 78, 49, 100, 100, 93, 78, 65, 86, 39, 87, 10, 36, 0, 0, 19, 3
46, 93, 9, 63, 0, 15, 45, 0, 90, 24, 100, 70, 60, 100, 19, 83, 0
0, 54, 47, 68, 83, 90, 100, 100, 93, 74, 86, 48, 76, 23, 79, 0, 1
24, 75, 24, 100, 70, 81, 60, 48, 65, 41, 100, 16, 49, 0, 0, 20, 3
0, 83, 30, 100, 78, 96, 100, 74, 70, 51, 37, 30, 35, 7, 83, 0, 2
26, 56, 39, 100, 57, 74, 35, 29, 0, 0, 15, 26, 56, 7, 100, 5, 2
20, 100, 34, 93, 0, 53, 4, 38, 88, 50, 100, 72, 99, 30, 96, 0, 4
59, 94, 71, 100, 100, 82, 75, 62, 63, 40, 75, 14, 40, 1, 0, 0, 3
29, 100, 18, 72, 0, 44, 54, 34, 100, 41, 59, 57, 46, 29, 38, 0, 4
71, 72, 33, 76, 24, 98, 78, 100, 100, 73, 78, 43, 41, 19, 0, 0, 9
51, 100, 21, 73, 0, 43, 48, 40, 93, 52, 100, 59, 76, 30, 56, 0, 4
55, 89, 23, 90, 0, 49, 18, 8, 73, 0, 100, 37, 83, 80, 32, 100, 0
100, 100, 56, 78, 22, 52, 0, 24, 23, 0, 79, 11, 69, 29, 18, 13, 6
0, 75, 28, 92, 64, 100, 93, 91, 93, 62, 100, 35, 78, 13, 46, 0, 3
35, 97, 68, 100, 100, 69, 75, 34, 44, 0, 91, 15, 75, 34, 0, 33, 7
0, 95, 54, 100, 85, 75, 61, 38, 55, 0, 28, 12, 36, 36, 100, 23, 7
36, 80, 71, 100, 97, 79, 70, 49, 100, 37, 88, 5, 41, 0, 0, 15, 3
25, 100, 0, 84, 16, 63, 77, 67, 100, 66, 76, 45, 53, 22, 34, 0, 4
0, 39, 35, 55, 68, 77, 100, 100, 96, 76, 77, 50, 56, 25, 36, 0, 1
6, 88, 29, 51, 82, 40, 56, 0, 15, 19, 0, 67, 40, 95, 100, 100, 5
25, 67, 79, 49, 100, 13, 51, 0, 54, 37, 78, 73, 61, 100, 0, 79, 8
0, 75, 20, 97, 53, 100, 71, 77, 49, 46, 35, 14, 66, 2, 100, 0, 2
0, 40, 30, 61, 67, 82, 100, 100, 88, 75, 72, 49, 56, 25, 40, 0, 1
0, 33, 44, 52, 77, 76, 100, 100, 83, 73, 73, 47, 65, 20, 54, 0, 1
95, 100, 59, 80, 27, 51, 11, 20, 48, 0, 100, 15, 57, 31, 0, 19, 6
72, 97, 4, 91, 14, 45, 29, 0, 0, 30, 61, 65, 100, 100, 20, 86, 8
0, 39, 22, 58, 61, 79, 99, 100, 100, 81, 88, 54, 86, 26, 97, 0, 1
0, 61, 7, 11, 49, 0, 87, 28, 100, 78, 62, 100, 25, 72, 16, 20, 0
5, 82, 3, 100, 86, 90, 85, 64, 28, 42, 100, 24, 84, 2, 0, 0, 3
64, 53, 100, 79, 62, 100, 0, 84, 29, 68, 93, 57, 87, 28, 60, 0, 9
57, 94, 18, 85, 4, 37, 39, 0, 94, 17, 100, 65, 60, 100, 0, 99, 0
98, 89, 72, 100, 54, 77, 100, 83, 85, 69, 70, 41, 45, 15, 0, 0, 9
0, 70, 50, 84, 100, 100, 94, 82, 81, 56, 65, 29, 50, 3, 54, 0, 1
68, 73, 63, 100, 15, 86, 68, 68, 100, 66, 98, 25, 51, 4, 0, 0, 9
39, 79, 73, 100, 99, 79, 73, 50, 100, 32, 87, 5, 42, 0, 0, 12, 3
0, 91, 55, 100, 71, 69, 62, 33, 64, 0, 22, 27, 36, 40, 100, 40, 7
54, 73, 78, 100, 90, 67, 67, 31, 29, 3, 0, 8, 49, 10, 100, 0, 2
70, 87, 96, 100, 100, 77, 78, 57, 76, 33, 72, 9, 37, 0, 0, 5, 3
0, 91, 45, 100, 87, 92, 61, 45, 30, 0, 22, 4, 40, 39, 100, 38, 7
67, 93, 100, 100, 88, 77, 59, 56, 87, 34, 92, 9, 46, 0, 0, 4, 3
0, 57, 12, 100, 47, 86, 40, 39, 10, 6, 16, 3, 58, 6, 100, 0, 2
40, 84, 79, 100, 100, 78, 65, 58, 87, 44, 87, 25, 42, 14, 0, 0, 3
2, 85, 28, 100, 53, 81, 31, 54, 0, 35, 35, 35, 67, 17, 100, 0, 2
20, 71, 6, 34, 44, 0, 95, 19, 100, 62, 69, 100, 15, 92, 0, 51, 0
28, 83, 5, 52, 0, 17, 35, 0, 78, 10, 100, 40, 89, 73, 60, 100, 0
95, 88, 59, 100, 51, 67, 100, 81, 98, 65, 92, 28, 59, 0, 0, 4, 9
71, 93, 87, 63, 94, 100, 47, 74, 100, 72, 98, 40, 67, 3, 0, 0, 9
0, 80, 24, 100, 46, 69, 47, 30, 47, 0, 19, 30, 58, 36, 100, 38, 7
59, 100, 0, 79, 31, 64, 100, 75, 93, 76, 63, 51, 37, 26, 11, 0, 4
26, 93, 61, 100, 69, 74, 79, 55, 100, 32, 81, 8, 41, 0, 0, 4, 3
16, 69, 8, 28, 43, 0, 87, 23, 100, 64, 75, 100, 25, 94, 0, 57, 0
17, 60, 46, 80, 100, 100, 89, 89, 60, 67, 34, 45, 17, 22, 0, 0, 1
33, 89, 74, 100, 93, 81, 54, 60, 74, 38, 100, 16, 56, 0, 0, 0, 3
29, 100, 20, 62, 100, 96, 15, 96, 14, 51, 25, 0, 90, 47, 0, 44, 8
19, 68, 44, 100, 81, 82, 67, 44, 30, 18, 0, 7, 50, 5, 100, 0, 2
100, 100, 56, 82, 27, 55, 6, 27, 20, 0, 91, 10, 69, 30, 0, 22, 6
0, 98, 46, 100, 87, 84, 74, 42, 68, 0, 100, 22, 93, 50, 44, 57, 7
50, 91, 36, 54, 63, 22, 17, 0, 0, 29, 6, 80, 48, 100, 100, 94, 5
21, 61, 65, 78, 100, 100, 85, 83, 79, 57, 77, 30, 60, 6, 0, 0, 1
88, 76, 52, 100, 33, 78, 82, 79, 93, 49, 100, 12, 53, 0, 0, 0, 9
0, 97, 62, 100, 100, 81, 81, 48, 55, 17, 26, 0, 10, 27, 73, 33, 7
12, 57, 50, 84, 83, 100, 66, 58, 49, 16, 0, 5, 39, 5, 100, 0, 1
15, 75, 38, 100, 55, 68, 37, 33, 3, 6, 0, 3, 50, 5, 100, 0, 2
47, 80, 57, 100, 100, 90, 70, 63, 93, 34, 74, 5, 28, 0, 0, 25, 3
37, 100, 0, 81, 21, 53, 100, 56, 92, 89, 56, 64, 37, 32, 18, 0, 4
70, 100, 27, 95, 49, 70, 93, 87, 90, 50, 100, 9, 52, 0, 0, 4, 9
76, 85, 88, 70, 27, 68, 0, 100, 62, 99, 100, 66, 90, 25, 40, 0, 9
0, 21, 41, 46, 73, 73, 100, 100, 85, 84, 73, 56, 61, 28, 56, 0, 1
75, 100, 47, 77, 17, 53, 0, 28, 67, 15, 100, 39, 97, 25, 94, 0, 4
0, 37, 39, 53, 71, 76, 100, 100, 88, 81, 67, 53, 45, 25, 17, 0, 1
19, 97, 39, 96, 0, 49, 29, 35, 100, 48, 98, 100, 86, 52, 92, 0, 4
29, 100, 18, 58, 29, 13, 78, 0, 100, 38, 82, 81, 36, 98, 0, 65, 0
24, 78, 37, 100, 54, 62, 31, 27, 0, 18, 45, 10, 88, 0, 100, 31, 2
0, 50, 38, 68, 65, 93, 100, 100, 88, 75, 72, 50, 60, 25, 45, 0, 1
20, 93, 74, 100, 100, 83, 78, 64, 41, 46, 0, 29, 11, 11, 78, 0, 2
100, 100, 67, 92, 37, 69, 13, 43, 0, 14, 30, 0, 51, 21, 11, 20, 6
23, 66, 82, 89, 100, 100, 85, 63, 79, 25, 45, 0, 0, 2, 77, 4, 1
7, 71, 42, 100, 70, 71, 45, 31, 5, 3, 0, 10, 50, 8, 100, 0, 2
82, 100, 64, 75, 16, 46, 0, 13, 73, 1, 100, 20, 27, 27, 47, 0, 6
89, 100, 52, 90, 21, 62, 0, 30, 19, 2, 77, 0, 100, 19, 42, 19, 6
43, 92, 62, 70, 64, 100, 3, 91, 68, 75, 100, 34, 67, 0, 0, 8, 9
51, 80, 71, 100, 100, 86, 79, 64, 53, 44, 62, 19, 41, 0, 0, 1, 3
84, 88, 42, 100, 47, 69, 100, 82, 100, 58, 95, 22, 54, 0, 0, 13, 9
19, 100, 95, 100, 100, 72, 73, 43, 49, 13, 33, 0, 0, 25, 75, 32, 7
0, 100, 38, 97, 44, 76, 47, 54, 73, 37, 100, 21, 74, 6, 35, 0, 3
9, 100, 0, 80, 37, 67, 100, 72, 100, 85, 77, 57, 53, 28, 36, 0, 4
0, 80, 34, 100, 86, 100, 83, 73, 51, 50, 100, 37, 85, 12, 36, 0, 3
0, 89, 52, 100, 94, 89, 77, 63, 49, 40, 19, 17, 40, 0, 100, 3, 2
72, 100, 11, 75, 0, 44, 87, 50, 100, 68, 59, 96, 49, 48, 54, 0, 4
30, 100, 15, 76, 0, 48, 55, 39, 96, 56, 100, 55, 76, 28, 58, 0, 4
43, 89, 25, 59, 76, 31, 41, 0, 0, 21, 6, 65, 33, 100, 100, 99, 5
56, 66, 100, 94, 44, 100, 35, 64, 63, 29, 37, 0, 0, 22, 42, 54, 8
79, 87, 32, 63, 85, 32, 73, 0, 0, 12, 42, 44, 100, 75, 70, 100, 8
29, 83, 45, 100, 88, 78, 41, 53, 86, 44, 100, 12, 36, 0, 0, 24, 3
21, 78, 0, 49, 26, 15, 58, 0, 90, 5, 100, 52, 76, 89, 44, 100, 0
97, 82, 59, 100, 18, 69, 0, 22, 42, 0, 93, 15, 100, 60, 57, 89, 0
0, 82, 42, 100, 100, 90, 86, 62, 46, 39, 1, 17, 26, 1, 93, 0, 2
0, 84, 47, 100, 100, 88, 82, 61, 47, 38, 5, 16, 28, 0, 98, 1, 2
100, 84, 56, 96, 2, 100, 3, 58, 37, 52, 78, 31, 46, 0, 0, 10, 5
0, 82, 39, 96, 88, 100, 100, 82, 73, 61, 67, 36, 48, 14, 7, 0, 3
10, 91, 20, 59, 83, 56, 100, 13, 40, 0, 3, 42, 0, 82, 60, 100, 5
29, 100, 0, 61, 8, 14, 59, 0, 100, 33, 97, 80, 48, 91, 18, 53, 0
100, 100, 72, 88, 52, 60, 34, 31, 32, 0, 75, 4, 51, 25, 0, 24, 6
27, 82, 52, 100, 62, 72, 32, 45, 0, 20, 11, 0, 55, 2, 100, 6, 2
0, 100, 93, 100, 100, 78, 62, 40, 33, 0, 13, 5, 1, 39, 94, 43, 7
2, 91, 86, 100, 98, 67, 61, 33, 19, 0, 0, 19, 8, 43, 100, 40, 7
18, 89, 30, 62, 82, 47, 73, 0, 20, 11, 0, 65, 43, 96, 100, 100, 5
10, 79, 18, 48, 39, 17, 0, 0, 3, 38, 10, 71, 54, 87, 100, 100, 5
19, 78, 0, 40, 9, 0, 64, 6, 99, 38, 100, 80, 54, 100, 2, 86, 0
66, 96, 100, 100, 89, 95, 51, 89, 65, 52, 72, 15, 37, 0, 0, 1, 5
20, 90, 15, 66, 37, 18, 7, 0, 0, 45, 15, 95, 58, 100, 100, 87, 5
11, 82, 59, 100, 83, 74, 41, 50, 67, 45, 100, 20, 60, 0, 0, 11, 3
68, 94, 49, 100, 78, 88, 42, 61, 0, 37, 25, 16, 79, 8, 100, 0, 2
0, 97, 26, 100, 68, 86, 51, 40, 20, 0, 15, 18, 43, 42, 100, 47, 7
100, 73, 56, 100, 3, 72, 55, 37, 80, 0, 0, 3, 27, 41, 95, 70, 8
0, 80, 38, 100, 66, 71, 57, 34, 38, 0, 31, 31, 46, 57, 100, 68, 7
8, 72, 0, 36, 26, 0, 74, 3, 100, 40, 85, 83, 43, 100, 14, 66, 0
15, 83, 50, 100, 100, 94, 79, 71, 76, 48, 91, 20, 50, 2, 0, 0, 3
7, 58, 31, 100, 59, 71, 41, 22, 0, 0, 7, 22, 54, 12, 100, 0, 2
76, 98, 35, 100, 58, 73, 83, 91, 100, 47, 97, 4, 47, 0, 0, 14, 9
15, 92, 0, 94, 56, 98, 100, 100, 66, 79, 46, 53, 37, 27, 43, 0, 7
31, 81, 70, 98, 100, 100, 58, 87, 42, 58, 78, 32, 42, 9, 0, 0, 5
20, 88, 58, 100, 89, 79, 43, 57, 67, 49, 100, 25, 59, 2, 0, 0, 3
38, 75, 62, 100, 56, 76, 28, 50, 0, 24, 4, 0, 52, 1, 100, 6, 2
56, 100, 17, 71, 0, 31, 28, 0, 80, 16, 100, 56, 80, 93, 28, 89, 0
18, 64, 42, 100, 96, 86, 59, 56, 78, 48, 100, 14, 41, 0, 0, 20, 3
0, 97, 62, 100, 80, 76, 69, 38, 62, 0, 14, 18, 3, 39, 100, 38, 7
100, 89, 63, 94, 14, 100, 13, 65, 61, 60, 78, 20, 35, 0, 0, 12, 5
42, 67, 69, 100, 79, 59, 47, 22, 2, 0, 0, 16, 50, 24, 100, 19, 2
27, 95, 39, 62, 75, 32, 39, 0, 0, 19, 12, 65, 45, 97, 100, 100, 5
33, 63, 69, 82, 100, 100, 78, 78, 71, 54, 69, 29, 57, 6, 0, 0, 1
45, 59, 99, 66, 100, 100, 7, 94, 0, 64, 96, 66, 78, 37, 54, 0, 9
32, 100, 0, 72, 1, 39, 50, 32, 100, 35, 87, 59, 77, 32, 58, 0, 4
69, 97, 37, 54, 57, 0, 0, 4, 30, 46, 100, 66, 84, 100, 12, 94, 8
31, 84, 67, 50, 68, 2, 0, 0, 37, 40, 100, 70, 70, 100, 2, 82, 8
27, 73, 15, 37, 41, 0, 81, 7, 100, 50, 78, 92, 37, 100, 0, 77, 0
61, 100, 21, 76, 0, 44, 10, 10, 60, 0, 98, 23, 100, 58, 79, 90, 0
21, 80, 29, 47, 85, 44, 62, 0, 20, 19, 0, 67, 37, 100, 100, 98, 5
12, 98, 63, 100, 68, 56, 53, 11, 38, 0, 0, 37, 38, 44, 100, 42, 7
60, 97, 4, 83, 62, 44, 93, 1, 12, 0, 0, 46, 11, 94, 100, 100, 5
7, 91, 34, 60, 77, 100, 0, 69, 8, 39, 32, 0, 100, 43, 8, 39, 8
100, 89, 71, 100, 48, 79, 84, 96, 85, 70, 62, 39, 33, 11, 0, 0, 9
10, 82, 15, 51, 70, 36, 54, 0, 20, 28, 0, 73, 42, 91, 100, 100, 5
0, 62, 20, 8, 58, 0, 91, 32, 100, 92, 65, 100, 30, 70, 11, 17, 0
100, 85, 17, 97, 8, 71, 88, 41, 67, 0, 0, 23, 47, 63, 100, 100, 8
66, 100, 73, 96, 34, 72, 0, 48, 39, 31, 100, 46, 75, 26, 64, 0, 4
32, 64, 0, 65, 1, 20, 46, 0, 91, 21, 100, 66, 64, 100, 15, 92, 0
100, 100, 66, 86, 41, 58, 24, 29, 27, 0, 79, 2, 56, 21, 0, 26, 6
22, 100, 1, 52, 63, 67, 62, 21, 0, 0, 4, 59, 28, 96, 100, 97, 5
0, 59, 20, 79, 100, 100, 100, 90, 60, 67, 33, 44, 7, 22, 33, 0, 1
64, 100, 15, 77, 0, 45, 100, 59, 84, 78, 58, 90, 56, 44, 67, 0, 4
26, 79, 0, 49, 14, 0, 74, 15, 100, 61, 62, 100, 9, 77, 1, 26, 0
46, 100, 4, 75, 7, 24, 53, 0, 100, 21, 89, 68, 44, 97, 0, 88, 0
47, 100, 0, 72, 0, 38, 82, 30, 100, 65, 87, 95, 77, 47, 62, 0, 4
9, 100, 0, 77, 11, 51, 74, 53, 100, 72, 59, 50, 33, 25, 9, 0, 4
100, 100, 39, 90, 1, 59, 0, 22, 46, 0, 93, 22, 54, 46, 0, 26, 6
30, 96, 0, 64, 10, 23, 50, 0, 89, 25, 100, 65, 76, 100, 25, 96, 0
100, 90, 75, 100, 64, 79, 94, 96, 81, 66, 64, 37, 35, 15, 0, 0, 9
10, 100, 0, 76, 21, 48, 81, 52, 100, 73, 88, 65, 86, 32, 88, 0, 4
38, 100, 10, 67, 0, 28, 26, 0, 73, 13, 100, 45, 76, 77, 29, 88, 0
38, 100, 11, 71, 0, 30, 33, 0, 82, 5, 100, 43, 76, 79, 28, 88, 0
30, 100, 0, 60, 1, 16, 49, 0, 93, 28, 100, 72, 56, 99, 1, 90, 0
55, 100, 33, 83, 0, 53, 40, 39, 100, 47, 90, 60, 48, 32, 23, 0, 4
34, 89, 0, 64, 47, 49, 61, 8, 25, 0, 33, 53, 45, 100, 100, 92, 5
100, 100, 63, 93, 24, 64, 0, 30, 21, 0, 70, 18, 47, 46, 3, 33, 6
43, 100, 47, 68, 0, 33, 29, 36, 100, 45, 88, 63, 61, 25, 55, 0, 4
28, 81, 60, 100, 100, 85, 81, 57, 95, 39, 91, 12, 44, 0, 0, 11, 3
59, 84, 20, 66, 59, 29, 15, 0, 0, 36, 58, 66, 100, 100, 24, 92, 8
0, 85, 38, 100, 60, 85, 34, 59, 76, 50, 100, 26, 68, 5, 24, 0, 3
0, 96, 35, 100, 50, 62, 36, 21, 16, 0, 2, 41, 46, 52, 100, 55, 7
1, 91, 44, 100, 75, 81, 39, 57, 3, 34, 0, 7, 50, 0, 100, 2, 2
42, 96, 17, 70, 0, 30, 24, 0, 69, 11, 100, 44, 92, 84, 49, 100, 0
32, 76, 60, 100, 77, 79, 56, 50, 26, 25, 0, 3, 50, 4, 100, 0, 2
31, 98, 50, 100, 100, 82, 61, 59, 29, 43, 95, 32, 65, 12, 0, 0, 3
31, 67, 35, 99, 81, 100, 73, 56, 37, 23, 0, 2, 50, 0, 100, 3, 2
100, 100, 48, 97, 12, 68, 0, 33, 21, 0, 76, 0, 63, 27, 2, 27, 6
0, 78, 37, 100, 62, 89, 51, 60, 98, 45, 100, 13, 53, 0, 10, 14, 3
63, 88, 34, 100, 4, 70, 64, 66, 99, 68, 100, 29, 63, 0, 0, 7, 9
17, 100, 12, 65, 55, 42, 29, 0, 0, 20, 8, 74, 43, 98, 100, 100, 5
0, 91, 40, 100, 64, 72, 54, 36, 45, 0, 13, 30, 45, 42, 100, 45, 7
53, 97, 31, 66, 44, 20, 9, 0, 0, 41, 54, 67, 100, 95, 37, 100, 8
27, 95, 18, 56, 38, 23, 4, 0, 0, 51, 21, 91, 60, 100, 100, 99, 5
100, 100, 61, 82, 30, 58, 6, 30, 0, 0, 44, 2, 43, 21, 2, 9, 6
78, 97, 44, 68, 100, 30, 65, 0, 38, 35, 84, 77, 76, 100, 0, 72, 8
0, 94, 47, 100, 99, 92, 100, 60, 75, 30, 52, 0, 22, 28, 67, 39, 7
43, 100, 28, 75, 0, 45, 26, 26, 95, 32, 100, 60, 75, 32, 59, 0, 4
100, 100, 46, 88, 23, 59, 12, 30, 28, 0, 96, 6, 77, 31, 0, 25, 6
0, 74, 29, 100, 37, 94, 30, 62, 23, 30, 12, 0, 47, 10, 100, 12, 1
100, 100, 41, 92, 20, 60, 38, 24, 0, 0, 0, 24, 47, 48, 97, 71, 8
0, 65, 46, 80, 88, 100, 100, 94, 76, 69, 53, 45, 29, 20, 26, 0, 1
47, 80, 80, 97, 100, 100, 59, 89, 29, 63, 54, 33, 40, 4, 0, 0, 5
69, 100, 71, 86, 12, 57, 0, 24, 69, 0, 100, 30, 12, 39, 31, 12, 6
17, 77, 50, 100, 100, 99, 60, 75, 83, 52, 97, 16, 51, 0, 0, 0, 3
72, 94, 25, 100, 26, 71, 25, 36, 72, 44, 100, 18, 55, 0, 0, 2, 5
0, 69, 5, 92, 62, 100, 100, 82, 80, 53, 97, 26, 97, 2, 38, 0, 3
35, 80, 69, 100, 66, 58, 39, 24, 0, 0, 9, 13, 54, 13, 100, 7, 2
0, 52, 38, 73, 72, 95, 100, 100, 94, 75, 91, 50, 87, 25, 87, 0, 1
19, 74, 52, 85, 100, 100, 95, 82, 70, 60, 41, 39, 14, 17, 0, 0, 1
0, 100, 18, 93, 9, 56, 51, 32, 100, 53, 84, 74, 70, 37, 64, 0, 4
17, 85, 54, 100, 90, 84, 89, 57, 100, 36, 97, 11, 49, 0, 0, 1, 3
52, 86, 27, 100, 0, 73, 56, 73, 100, 85, 87, 48, 58, 14, 5, 0, 9
32, 90, 74, 100, 82, 58, 50, 23, 3, 4, 0, 18, 52, 17, 100, 0, 2
12, 96, 3, 66, 76, 40, 64, 0, 16, 17, 0, 60, 7, 98, 100, 100, 5
74, 78, 51, 100, 0, 80, 44, 62, 100, 84, 98, 62, 92, 28, 92, 0, 9
26, 93, 15, 77, 97, 45, 95, 1, 0, 0, 42, 45, 100, 88, 23, 100, 8
42, 97, 0, 75, 84, 73, 51, 100, 13, 86, 100, 73, 71, 34, 18, 0, 9
63, 100, 0, 72, 5, 52, 93, 55, 100, 73, 60, 77, 34, 38, 9, 0, 4
53, 100, 21, 79, 0, 39, 9, 0, 73, 11, 100, 49, 75, 87, 9, 92, 0
0, 93, 40, 100, 60, 64, 61, 20, 55, 0, 25, 30, 57, 40, 100, 42, 7
23, 65, 67, 85, 100, 100, 87, 75, 77, 49, 72, 23, 46, 0, 0, 0, 1
0, 91, 30, 100, 48, 70, 52, 33, 42, 0, 27, 26, 64, 28, 100, 31, 7
32, 91, 11, 68, 0, 23, 42, 0, 85, 27, 100, 71, 66, 100, 20, 75, 0
21, 64, 55, 29, 7, 0, 0, 32, 55, 65, 100, 100, 20, 93, 12, 57, 8
12, 100, 6, 77, 0, 50, 37, 37, 94, 44, 87, 53, 92, 26, 100, 0, 4
100, 100, 57, 92, 57, 58, 94, 84, 96, 73, 86, 30, 48, 0, 0, 6, 9
0, 95, 63, 100, 95, 85, 75, 43, 64, 0, 33, 14, 35, 43, 100, 51, 7
97, 100, 83, 95, 40, 69, 10, 42, 10, 14, 97, 0, 100, 17, 0, 9, 6
16, 96, 0, 59, 34, 22, 100, 30, 74, 77, 49, 100, 46, 50, 40, 0, 4
0, 100, 39, 100, 52, 67, 50, 32, 41, 0, 21, 32, 55, 43, 100, 45, 7
99, 80, 77, 100, 28, 81, 60, 62, 100, 70, 84, 33, 55, 0, 0, 4, 9
88, 100, 37, 88, 45, 60, 97, 79, 100, 78, 89, 40, 56, 8, 0, 0, 9
64, 93, 25, 56, 0, 9, 37, 0, 78, 35, 100, 81, 61, 100, 18, 70, 0
34, 82, 69, 100, 94, 77, 65, 50, 100, 42, 88, 12, 44, 0, 0, 9, 3
6, 50, 41, 50, 100, 19, 44, 0, 20, 37, 63, 73, 65, 100, 0, 73, 8
36, 77, 65, 100, 100, 83, 74, 52, 80, 41, 88, 14, 44, 0, 0, 10, 3
58, 94, 14, 82, 31, 32, 11, 0, 0, 36, 58, 65, 100, 97, 30, 100, 8
0, 82, 38, 100, 62, 95, 31, 75, 23, 57, 23, 37, 46, 18, 100, 0, 1
51, 83, 20, 78, 51, 49, 50, 4, 0, 0, 21, 46, 47, 93, 100, 100, 5
29, 100, 18, 97, 9, 62, 0, 31, 71, 35, 100, 54, 94, 35, 89, 0, 4
95, 100, 55, 78, 25, 51, 9, 23, 40, 0, 100, 15, 64, 34, 0, 23, 6
0, 91, 25, 100, 95, 87, 100, 56, 71, 27, 39, 0, 8, 29, 72, 38, 7
87, 86, 45, 100, 26, 71, 71, 60, 100, 57, 90, 17, 49, 0, 0, 5, 9
52, 77, 22, 60, 62, 30, 38, 0, 0, 16, 8, 70, 52, 86, 100, 100, 5
83, 100, 47, 77, 9, 51, 0, 43, 59, 44, 100, 58, 84, 32, 87, 0, 4
0, 71, 46, 84, 100, 100, 92, 83, 70, 62, 46, 41, 22, 21, 11, 0, 1
0, 80, 37, 100, 69, 81, 66, 40, 57, 0, 33, 26, 55, 36, 100, 38, 7
6, 48, 32, 77, 75, 100, 100, 79, 73, 51, 33, 26, 0, 1, 62, 0, 2
0, 100, 24, 100, 63, 99, 100, 93, 81, 69, 57, 44, 39, 18, 32, 0, 7
0, 96, 33, 100, 79, 92, 57, 45, 26, 0, 13, 48, 53, 64, 100, 60, 7
0, 76, 23, 100, 62, 85, 41, 52, 59, 47, 100, 24, 71, 0, 28, 16, 3
15, 76, 5, 33, 34, 0, 89, 9, 100, 50, 79, 91, 29, 100, 0, 64, 0
77, 100, 41, 79, 56, 38, 34, 0, 0, 19, 53, 50, 100, 82, 39, 94, 8
37, 100, 0, 84, 6, 56, 100, 58, 94, 82, 58, 97, 41, 48, 47, 0, 4
100, 72, 75, 100, 43, 80, 82, 78, 92, 53, 88, 17, 47, 0, 0, 7, 9
23, 74, 29, 26, 66, 0, 100, 27, 99, 74, 64, 100, 26, 73, 0, 33, 0
0, 80, 17, 100, 53, 94, 75, 73, 77, 47, 63, 23, 61, 1, 100, 0, 2
16, 87, 45, 100, 93, 94, 64, 71, 85, 49, 100, 25, 53, 10, 0, 0, 3
0, 95, 39, 100, 74, 76, 82, 33, 76, 0, 100, 37, 59, 47, 16, 48, 7
55, 100, 35, 84, 9, 58, 0, 30, 25, 4, 92, 0, 100, 25, 31, 16, 6
0, 41, 34, 54, 68, 76, 100, 100, 87, 79, 68, 50, 51, 20, 43, 0, 1
0, 63, 56, 35, 98, 0, 41, 1, 62, 39, 100, 74, 69, 100, 10, 74, 8
18, 82, 46, 100, 69, 73, 46, 42, 9, 16, 0, 1, 50, 3, 100, 0, 2
24, 100, 12, 72, 0, 40, 36, 25, 82, 28, 100, 58, 83, 33, 75, 0, 4
68, 93, 100, 100, 97, 76, 72, 57, 43, 38, 13, 21, 0, 1, 39, 0, 2
88, 77, 30, 96, 46, 48, 68, 0, 0, 2, 45, 46, 100, 88, 38, 100, 8
3, 77, 2, 39, 39, 0, 90, 20, 100, 71, 53, 100, 0, 78, 10, 43, 0
0, 93, 11, 57, 69, 38, 42, 0, 4, 14, 5, 61, 35, 94, 100, 100, 5
0, 82, 44, 100, 69, 81, 38, 54, 68, 46, 100, 20, 61, 0, 6, 6, 3
22, 97, 62, 100, 60, 62, 51, 24, 38, 0, 0, 31, 37, 42, 100, 44, 7
0, 65, 33, 84, 78, 100, 100, 94, 75, 71, 48, 48, 23, 24, 4, 0, 1
18, 81, 27, 54, 59, 19, 18, 0, 0, 35, 6, 83, 51, 100, 100, 100, 5
0, 71, 39, 79, 82, 100, 100, 95, 93, 71, 87, 46, 75, 22, 84, 0, 1
4, 98, 6, 73, 96, 100, 16, 97, 0, 72, 100, 89, 51, 43, 13, 0, 9
20, 67, 0, 27, 36, 0, 84, 17, 100, 60, 77, 100, 31, 85, 10, 44, 0
0, 75, 19, 99, 57, 100, 66, 73, 56, 46, 38, 20, 55, 2, 100, 0, 2
15, 100, 0, 58, 9, 14, 47, 0, 84, 16, 100, 57, 77, 92, 38, 95, 0
0, 45, 36, 69, 68, 93, 88, 100, 84, 75, 84, 50, 84, 24, 100, 0, 1
63, 100, 41, 72, 0, 46, 4, 39, 58, 32, 100, 52, 86, 37, 77, 0, 4
35, 55, 46, 55, 100, 23, 60, 0, 5, 28, 32, 64, 65, 100, 0, 79, 8
54, 81, 46, 98, 86, 100, 75, 58, 43, 24, 0, 0, 48, 2, 100, 8, 2
40, 100, 0, 75, 73, 40, 81, 0, 1, 9, 54, 51, 100, 93, 15, 98, 8
0, 73, 25, 100, 54, 99, 39, 65, 18, 35, 22, 7, 61, 5, 100, 0, 2
93, 100, 60, 90, 0, 55, 82, 50, 100, 78, 90, 86, 80, 41, 71, 0, 4
0, 100, 46, 96, 91, 94, 100, 82, 72, 59, 53, 33, 49, 5, 66, 0, 7
0, 100, 6, 81, 7, 48, 97, 48, 100, 84, 74, 71, 55, 36, 39, 0, 4
42, 100, 15, 73, 0, 45, 4, 17, 51, 0, 100, 16, 92, 43, 34, 39, 6
40, 97, 0, 60, 54, 41, 43, 0, 12, 13, 20, 60, 33, 99, 100, 100, 5
0, 56, 29, 70, 66, 87, 100, 100, 88, 75, 73, 50, 58, 25, 48, 0, 1
8, 83, 0, 96, 50, 99, 100, 100, 85, 79, 67, 53, 52, 26, 45, 0, 7
33, 96, 6, 60, 0, 18, 39, 0, 79, 20, 100, 59, 93, 100, 50, 99, 0
59, 86, 87, 100, 100, 75, 68, 52, 76, 36, 97, 13, 51, 0, 0, 5, 3
0, 85, 43, 100, 92, 79, 100, 45, 82, 13, 56, 0, 34, 31, 98, 39, 7
0, 43, 13, 66, 45, 88, 77, 100, 68, 74, 68, 48, 70, 22, 100, 0, 1
0, 98, 42, 100, 65, 64, 47, 23, 21, 0, 3, 40, 51, 46, 100, 49, 7
84, 100, 51, 69, 10, 33, 0, 14, 83, 11, 100, 47, 76, 42, 71, 0, 4
100, 99, 45, 100, 22, 65, 69, 74, 88, 88, 86, 44, 58, 6, 0, 0, 9
7, 94, 57, 100, 56, 62, 41, 25, 30, 0, 0, 33, 41, 39, 100, 38, 7
9, 74, 45, 100, 61, 74, 35, 41, 3, 12, 0, 22, 50, 14, 100, 0, 2
0, 88, 49, 100, 85, 75, 71, 36, 48, 0, 13, 28, 44, 42, 100, 46, 7
68, 92, 22, 71, 0, 27, 36, 0, 84, 22, 100, 66, 67, 100, 17, 83, 0
0, 60, 40, 79, 100, 100, 90, 86, 60, 64, 30, 42, 10, 21, 30, 0, 1
76, 100, 60, 100, 20, 63, 0, 19, 46, 0, 100, 17, 60, 37, 8, 32, 6
34, 100, 24, 84, 0, 51, 28, 36, 93, 35, 100, 66, 91, 32, 84, 0, 4
15, 100, 0, 56, 13, 12, 51, 0, 88, 22, 100, 67, 73, 100, 34, 98, 0
37, 100, 8, 68, 0, 32, 48, 25, 100, 30, 96, 64, 95, 36, 82, 0, 4
88, 79, 80, 100, 15, 88, 59, 85, 100, 75, 76, 46, 38, 19, 0, 0, 9
68, 100, 0, 90, 62, 47, 100, 0, 15, 5, 53, 55, 97, 100, 18, 84, 8
24, 100, 9, 84, 0, 60, 41, 43, 100, 53, 76, 47, 72, 23, 80, 0, 4
11, 100, 66, 96, 80, 65, 68, 31, 60, 0, 100, 25, 56, 42, 0, 50, 7
5, 85, 12, 53, 30, 12, 3, 0, 0, 45, 8, 85, 53, 95, 100, 100, 5
100, 100, 56, 93, 40, 65, 85, 78, 94, 70, 86, 32, 51, 5, 0, 0, 9
100, 98, 24, 100, 6, 68, 78, 41, 70, 0, 0, 9, 32, 53, 83, 93, 8
9, 41, 73, 80, 0, 100, 28, 56, 92, 16, 35, 0, 22, 42, 100, 74, 8
40, 100, 21, 86, 0, 49, 2, 10, 53, 0, 100, 19, 61, 33, 14, 16, 6
100, 100, 70, 96, 42, 72, 16, 46, 0, 19, 27, 0, 54, 19, 7, 27, 6
77, 100, 37, 88, 61, 68, 100, 85, 84, 69, 72, 41, 39, 18, 0, 0, 9
0, 100, 57, 94, 100, 78, 100, 63, 100, 47, 86, 31, 71, 15, 100, 0, 1
100, 95, 55, 100, 13, 88, 4, 62, 46, 47, 70, 20, 39, 0, 0, 10, 5
40, 100, 15, 68, 85, 73, 24, 89, 77, 59, 100, 32, 52, 0, 0, 29, 9
73, 83, 27, 87, 22, 41, 0, 0, 8, 36, 55, 68, 100, 100, 42, 85, 8
13, 82, 44, 100, 51, 72, 30, 44, 0, 20, 7, 7, 55, 6, 100, 0, 2
76, 93, 28, 69, 100, 75, 34, 100, 38, 41, 0, 0, 72, 12, 21, 52, 8
32, 82, 63, 100, 100, 89, 65, 63, 91, 54, 94, 24, 51, 5, 0, 0, 3
0, 68, 48, 81, 86, 100, 100, 97, 87, 73, 81, 49, 80, 24, 71, 0, 1
38, 94, 0, 77, 73, 53, 100, 100, 24, 92, 70, 70, 94, 60, 82, 0, 9
0, 89, 50, 100, 100, 89, 77, 53, 53, 16, 55, 0, 20, 29, 82, 39, 7
30, 83, 61, 100, 93, 81, 53, 59, 89, 48, 100, 19, 56, 0, 0, 0, 3
25, 80, 0, 76, 35, 44, 76, 15, 10, 0, 4, 41, 30, 88, 100, 100, 5
28, 100, 5, 80, 0, 53, 17, 29, 62, 31, 100, 46, 92, 27, 87, 0, 4
0, 57, 14, 73, 54, 90, 100, 100, 100, 74, 80, 47, 55, 22, 49, 0, 1
56, 91, 12, 77, 65, 37, 74, 0, 0, 18, 50, 59, 100, 99, 24, 100, 8
8, 67, 47, 100, 100, 83, 72, 42, 32, 5, 80, 0, 45, 35, 0, 69, 8
99, 100, 56, 76, 21, 50, 0, 21, 38, 0, 100, 8, 77, 30, 14, 26, 6
56, 84, 0, 66, 75, 70, 86, 100, 14, 84, 100, 73, 65, 37, 45, 0, 9
0, 52, 28, 69, 58, 84, 89, 100, 100, 95, 83, 65, 68, 33, 64, 0, 1
0, 63, 23, 93, 78, 100, 89, 69, 54, 41, 11, 16, 41, 4, 100, 0, 2
98, 86, 69, 100, 34, 75, 76, 68, 90, 50, 100, 16, 53, 2, 0, 0, 9
0, 100, 13, 96, 4, 69, 11, 42, 61, 43, 93, 53, 87, 26, 100, 0, 4
0, 53, 40, 68, 75, 91, 100, 100, 94, 72, 88, 45, 87, 17, 87, 0, 1
39, 84, 83, 100, 84, 62, 55, 25, 9, 6, 0, 4, 50, 7, 100, 0, 2
72, 100, 44, 65, 0, 36, 39, 39, 100, 47, 83, 70, 55, 36, 35, 0, 4
0, 97, 56, 100, 93, 74, 92, 36, 74, 0, 100, 21, 88, 42, 30, 43, 7
86, 86, 44, 64, 0, 69, 39, 95, 95, 100, 100, 65, 73, 31, 57, 0, 9
38, 83, 0, 58, 41, 32, 32, 0, 13, 24, 13, 64, 35, 97, 100, 100, 5
0, 95, 5, 58, 87, 60, 85, 16, 19, 0, 12, 48, 13, 93, 100, 100, 5
0, 36, 30, 58, 66, 79, 100, 100, 91, 75, 83, 50, 80, 25, 72, 0, 1
14, 69, 67, 100, 59, 98, 60, 55, 62, 12, 0, 0, 3, 2, 100, 0, 1
0, 95, 43, 100, 66, 65, 61, 25, 47, 0, 11, 32, 41, 44, 100, 55, 7
0, 72, 59, 43, 90, 7, 27, 0, 20, 37, 67, 70, 100, 100, 22, 86, 8
26, 100, 0, 77, 7, 47, 68, 44, 100, 65, 90, 64, 85, 32, 81, 0, 4
23, 93, 1, 59, 16, 19, 64, 0, 100, 29, 94, 72, 52, 100, 0, 90, 0
100, 100, 43, 84, 12, 58, 0, 31, 17, 5, 91, 0, 98, 15, 21, 11, 6
24, 99, 77, 100, 95, 70, 44, 51, 73, 47, 100, 18, 55, 0, 0, 8, 3
0, 69, 49, 35, 63, 0, 1, 6, 41, 41, 100, 72, 99, 100, 19, 76, 8
50, 100, 15, 65, 1, 23, 46, 0, 97, 27, 100, 69, 54, 100, 0, 84, 0
36, 79, 61, 100, 72, 75, 55, 51, 100, 38, 96, 10, 48, 0, 0, 2, 3
100, 76, 55, 100, 6, 70, 70, 68, 80, 82, 93, 38, 71, 0, 0, 12, 9
0, 82, 42, 100, 77, 82, 62, 41, 47, 0, 15, 26, 50, 36, 100, 30, 7
88, 63, 87, 100, 7, 94, 0, 59, 73, 76, 100, 77, 85, 39, 80, 0, 9
100, 100, 65, 94, 34, 83, 27, 50, 67, 40, 76, 12, 40, 0, 0, 7, 5
33, 63, 67, 82, 100, 100, 84, 85, 59, 64, 37, 43, 16, 21, 0, 0, 1
28, 63, 25, 25, 51, 0, 85, 27, 100, 69, 72, 99, 30, 100, 0, 71, 0
32, 82, 67, 100, 100, 85, 69, 58, 70, 36, 88, 10, 44, 0, 0, 7, 3
51, 100, 36, 83, 3, 52, 0, 33, 67, 38, 100, 53, 83, 34, 70, 0, 4
62, 100, 20, 96, 0, 60, 9, 22, 59, 0, 100, 25, 48, 35, 5, 8, 6
31, 70, 47, 100, 91, 75, 51, 50, 71, 48, 100, 18, 51, 0, 0, 17, 3
91, 69, 48, 57, 9, 79, 60, 100, 100, 75, 95, 40, 64, 8, 0, 0, 9
100, 100, 73, 95, 40, 69, 14, 39, 2, 2, 39, 0, 37, 29, 0, 14, 6
27, 83, 0, 42, 9, 0, 65, 17, 96, 57, 100, 100, 45, 95, 10, 58, 0
100, 95, 75, 100, 42, 70, 0, 44, 42, 33, 85, 49, 83, 31, 85, 0, 4
0, 50, 41, 69, 76, 90, 100, 100, 89, 74, 78, 50, 70, 25, 68, 0, 1
0, 88, 59, 100, 89, 72, 82, 40, 63, 9, 28, 0, 25, 25, 100, 27, 7
11, 45, 17, 6, 55, 0, 88, 25, 100, 61, 79, 94, 38, 100, 0, 84, 0
12, 91, 48, 100, 66, 77, 77, 63, 100, 42, 75, 15, 34, 0, 0, 15, 3
100, 89, 34, 100, 0, 75, 76, 78, 83, 62, 90, 35, 85, 8, 5, 0, 9
77, 64, 100, 96, 45, 100, 35, 63, 34, 25, 0, 0, 0, 36, 48, 62, 8
15, 70, 48, 100, 63, 89, 57, 56, 67, 24, 15, 1, 0, 0, 100, 0, 1
45, 69, 74, 100, 68, 94, 57, 50, 39, 9, 0, 3, 50, 3, 100, 0, 1
23, 89, 59, 100, 75, 68, 58, 33, 36, 0, 0, 18, 48, 27, 100, 32, 7
10, 98, 0, 54, 7, 11, 51, 0, 90, 30, 100, 72, 66, 100, 18, 88, 0
0, 93, 41, 100, 62, 75, 44, 39, 26, 3, 5, 0, 29, 19, 100, 28, 7
0, 94, 33, 100, 52, 83, 64, 65, 77, 47, 100, 30, 89, 13, 52, 0, 3
37, 67, 84, 100, 51, 80, 24, 41, 32, 0, 100, 4, 69, 28, 0, 13, 6
70, 100, 72, 97, 45, 57, 39, 13, 91, 0, 100, 39, 41, 44, 0, 11, 6
54, 98, 17, 64, 0, 18, 50, 0, 93, 36, 100, 84, 54, 100, 19, 60, 0
100, 99, 52, 100, 17, 70, 0, 32, 24, 0, 68, 16, 40, 45, 3, 28, 6
100, 100, 63, 100, 32, 78, 8, 53, 0, 23, 23, 0, 63, 8, 44, 32, 6
9, 74, 38, 100, 53, 78, 30, 43, 0, 17, 27, 8, 63, 6, 100, 0, 2
51, 100, 85, 98, 100, 80, 67, 67, 59, 43, 67, 17, 37, 1, 0, 0, 3
21, 65, 9, 25, 40, 0, 79, 25, 100, 61, 87, 98, 40, 100, 0, 80, 0
77, 100, 28, 90, 0, 50, 15, 10, 72, 0, 100, 33, 48, 45, 21, 11, 6
0, 92, 44, 100, 71, 83, 56, 59, 100, 47, 89, 19, 50, 0, 3, 1, 3
100, 100, 60, 90, 32, 70, 11, 48, 0, 23, 16, 0, 44, 12, 8, 6, 6
65, 100, 33, 80, 12, 57, 0, 35, 6, 12, 52, 0, 100, 13, 58, 19, 6
27, 94, 1, 60, 0, 20, 38, 0, 81, 16, 100, 53, 92, 93, 51, 100, 0
100, 100, 58, 91, 24, 69, 2, 42, 0, 12, 39, 0, 49, 26, 4, 37, 6
25, 100, 1, 63, 0, 21, 41, 0, 87, 16, 100, 57, 74, 93, 25, 89, 0
4, 87, 64, 61, 56, 21, 0, 0, 47, 36, 100, 70, 99, 100, 19, 78, 8
59, 93, 14, 69, 0, 33, 24, 0, 78, 12, 100, 47, 85, 83, 36, 100, 0
35, 100, 27, 68, 0, 37, 65, 42, 100, 60, 100, 66, 96, 32, 96, 0, 4
6, 75, 36, 97, 92, 100, 69, 75, 66, 51, 100, 30, 54, 12, 0, 0, 3
32, 100, 86, 86, 100, 56, 81, 27, 46, 0, 0, 17, 38, 34, 98, 47, 7
17, 100, 21, 85, 0, 53, 45, 47, 96, 57, 92, 61, 98, 28, 100, 0, 4
0, 86, 42, 100, 84, 84, 83, 42, 78, 0, 45, 15, 49, 41, 100, 48, 7
56, 97, 24, 69, 100, 58, 96, 17, 25, 0, 5, 42, 0, 85, 75, 100, 5
100, 77, 64, 61, 9, 74, 54, 100, 100, 85, 91, 51, 59, 19, 0, 0, 9
72, 74, 63, 100, 0, 78, 67, 42, 100, 0, 15, 4, 38, 47, 95, 80, 8
1, 61, 11, 100, 19, 66, 2, 27, 0, 1, 33, 0, 66, 1, 100, 3, 2
100, 100, 54, 91, 22, 66, 0, 40, 3, 13, 54, 0, 81, 23, 24, 31, 6
0, 56, 32, 78, 78, 98, 100, 100, 85, 75, 76, 50, 73, 24, 76, 0, 1
27, 69, 0, 35, 8, 0, 60, 12, 90, 44, 100, 81, 57, 100, 13, 80, 0
0, 77, 32, 100, 83, 79, 89, 39, 68, 0, 27, 0, 33, 23, 100, 25, 7
100, 100, 61, 90, 13, 72, 0, 54, 52, 38, 93, 43, 52, 23, 24, 0, 4
0, 70, 32, 100, 87, 94, 99, 54, 92, 13, 55, 0, 42, 20, 100, 27, 7
29, 78, 44, 100, 47, 62, 29, 26, 0, 0, 27, 6, 64, 7, 100, 17, 2
79, 80, 39, 100, 45, 57, 60, 15, 8, 0, 0, 34, 55, 56, 100, 75, 8
42, 100, 22, 74, 0, 48, 43, 34, 97, 39, 100, 53, 78, 27, 64, 0, 4
15, 100, 0, 84, 6, 64, 65, 60, 100, 62, 81, 42, 71, 21, 73, 0, 4
84, 68, 73, 100, 9, 84, 37, 60, 100, 81, 90, 46, 59, 9, 0, 0, 9
48, 86, 92, 100, 100, 79, 58, 62, 80, 48, 75, 17, 33, 0, 0, 15, 3
21, 85, 73, 100, 100, 96, 44, 87, 10, 74, 62, 51, 47, 0, 0, 11, 5
100, 100, 62, 85, 34, 58, 11, 31, 0, 3, 48, 0, 81, 24, 34, 23, 6
67, 86, 100, 84, 66, 100, 56, 79, 96, 66, 96, 23, 52, 0, 0, 15, 9
72, 100, 28, 80, 53, 47, 84, 15, 30, 0, 0, 23, 49, 50, 100, 76, 8
15, 85, 53, 100, 78, 79, 47, 53, 4, 34, 0, 20, 49, 9, 100, 0, 2
21, 98, 27, 71, 57, 35, 27, 0, 6, 22, 0, 60, 21, 95, 100, 100, 5
0, 96, 41, 100, 79, 85, 84, 43, 78, 0, 56, 8, 58, 29, 100, 28, 7
46, 100, 10, 71, 0, 28, 32, 0, 76, 20, 100, 59, 87, 99, 39, 98, 0
100, 74, 75, 100, 25, 85, 0, 53, 8, 19, 55, 0, 68, 27, 16, 34, 6
12, 88, 4, 47, 15, 8, 68, 0, 100, 34, 99, 73, 54, 100, 0, 90, 0
0, 73, 28, 100, 69, 100, 60, 68, 36, 38, 11, 9, 51, 0, 100, 6, 2
74, 100, 47, 82, 54, 43, 54, 4, 0, 0, 28, 31, 78, 55, 100, 89, 8
76, 97, 38, 71, 44, 34, 36, 0, 0, 24, 54, 52, 100, 82, 62, 100, 8
0, 87, 23, 100, 47, 85, 33, 53, 17, 21, 33, 0, 66, 8, 100, 18, 2
85, 98, 17, 99, 21, 61, 66, 23, 15, 0, 0, 35, 61, 68, 100, 100, 8
35, 84, 24, 28, 54, 0, 87, 28, 100, 81, 66, 100, 30, 83, 0, 48, 0
0, 82, 22, 100, 50, 91, 48, 66, 38, 42, 33, 18, 55, 1, 100, 0, 2
23, 93, 5, 56, 19, 13, 68, 0, 100, 35, 92, 79, 45, 100, 0, 78, 0
6, 100, 0, 67, 56, 36, 70, 0, 58, 22, 100, 57, 100, 91, 0, 95, 8
27, 77, 60, 100, 100, 92, 70, 62, 97, 51, 92, 18, 49, 0, 0, 9, 3
100, 71, 29, 72, 0, 90, 59, 100, 98, 79, 98, 51, 83, 25, 59, 0, 9
63, 92, 100, 100, 77, 85, 54, 69, 34, 52, 17, 35, 3, 17, 0, 0, 1
0, 59, 46, 76, 91, 100, 82, 66, 71, 34, 65, 0, 33, 8, 100, 10, 1
20, 89, 57, 60, 100, 30, 82, 0, 0, 8, 5, 41, 45, 71, 85, 100, 8
100, 100, 62, 80, 34, 58, 13, 34, 0, 10, 36, 0, 57, 21, 9, 24, 6
0, 100, 56, 100, 70, 68, 51, 34, 32, 0, 6, 14, 30, 34, 100, 40, 7
46, 100, 24, 84, 0, 56, 13, 34, 67, 29, 93, 53, 91, 31, 100, 0, 4
14, 69, 34, 100, 50, 74, 29, 36, 0, 21, 36, 23, 68, 0, 100, 14, 2
3, 100, 59, 100, 79, 68, 71, 33, 52, 0, 0, 13, 41, 36, 100, 46, 7
0, 83, 22, 100, 38, 70, 27, 30, 14, 0, 42, 1, 71, 2, 100, 5, 2
54, 88, 85, 100, 100, 82, 70, 60, 91, 37, 86, 11, 43, 0, 0, 14, 3
0, 86, 47, 100, 83, 86, 48, 64, 62, 49, 100, 31, 71, 7, 16, 0, 3
31, 96, 100, 100, 56, 96, 30, 72, 61, 60, 99, 33, 56, 0, 0, 15, 5
70, 100, 14, 87, 66, 79, 87, 81, 98, 52, 100, 21, 58, 0, 0, 6, 9
13, 78, 40, 100, 53, 71, 32, 34, 0, 13, 25, 7, 62, 0, 100, 1, 2
0, 43, 34, 59, 68, 79, 100, 100, 85, 75, 69, 49, 51, 24, 30, 0, 1
59, 72, 58, 100, 0, 68, 84, 35, 100, 0, 2, 18, 54, 56, 71, 84, 8
63, 100, 6, 82, 83, 55, 100, 20, 24, 0, 0, 34, 22, 70, 13, 95, 8
36, 83, 66, 100, 94, 81, 60, 54, 100, 44, 92, 12, 44, 0, 0, 17, 3
81, 100, 79, 99, 34, 67, 3, 33, 25, 0, 100, 9, 76, 37, 0, 26, 6
20, 76, 39, 100, 56, 79, 32, 46, 0, 22, 21, 18, 59, 1, 100, 0, 2
0, 48, 30, 66, 65, 83, 100, 100, 99, 79, 88, 53, 81, 26, 76, 0, 1
0, 59, 46, 83, 62, 100, 57, 64, 55, 27, 25, 0, 36, 3, 100, 1, 1
42, 79, 53, 42, 42, 0, 0, 2, 38, 38, 89, 70, 100, 100, 39, 75, 8
78, 69, 87, 100, 0, 90, 16, 63, 100, 80, 87, 63, 50, 31, 28, 0, 9
0, 80, 38, 100, 50, 70, 30, 37, 0, 8, 3, 3, 52, 5, 100, 0, 2
14, 90, 51, 100, 68, 78, 71, 53, 100, 34, 79, 11, 41, 1, 0, 0, 3
72, 100, 37, 86, 12, 55, 0, 23, 43, 0, 100, 14, 57, 34, 8, 20, 6
12, 83, 89, 77, 80, 100, 0, 84, 62, 74, 100, 73, 83, 36, 75, 0, 9
0, 86, 41, 100, 84, 92, 52, 66, 64, 48, 100, 25, 63, 6, 16, 0, 3
39, 97, 64, 100, 50, 68, 26, 42, 0, 21, 34, 11, 68, 0, 100, 19, 2
0, 72, 29, 81, 89, 100, 100, 85, 79, 64, 54, 42, 36, 21, 32, 0, 1
63, 100, 45, 97, 0, 78, 0, 61, 49, 44, 100, 47, 63, 24, 37, 0, 4
0, 76, 13, 100, 63, 100, 100, 96, 75, 73, 50, 48, 30, 23, 46, 0, 7
100, 79, 30, 100, 18, 66, 79, 27, 21, 0, 0, 35, 87, 65, 67, 92, 8
86, 86, 69, 100, 27, 69, 82, 33, 46, 0, 0, 31, 66, 65, 100, 94, 8
0, 89, 56, 100, 95, 76, 72, 37, 47, 0, 10, 3, 32, 16, 100, 22, 7
70, 100, 52, 85, 22, 62, 0, 39, 70, 40, 100, 49, 78, 25, 66, 0, 4
100, 100, 63, 90, 23, 63, 0, 32, 16, 0, 70, 6, 53, 31, 0, 22, 6
0, 71, 41, 83, 100, 100, 94, 82, 75, 61, 62, 41, 53, 20, 44, 0, 1
32, 100, 2, 74, 0, 45, 55, 43, 100, 64, 75, 53, 47, 27, 43, 0, 4
21, 98, 6, 52, 55, 37, 22, 0, 1, 33, 0, 81, 41, 100, 100, 99, 5
100, 100, 52, 83, 17, 52, 2, 18, 40, 0, 81, 23, 55, 47, 0, 38, 6
100, 94, 67, 100, 39, 100, 37, 68, 62, 52, 58, 32, 28, 16, 0, 0, 5
20, 95, 10, 37, 38, 0, 78, 11, 100, 57, 73, 100, 33, 96, 0, 62, 0
100, 100, 48, 99, 12, 68, 5, 30, 39, 0, 91, 8, 59, 37, 0, 35, 6
20, 100, 7, 68, 34, 34, 44, 0, 0, 18, 63, 48, 100, 81, 27, 79, 8
0, 95, 33, 100, 50, 69, 50, 32, 40, 0, 28, 36, 60, 45, 100, 46, 7
52, 100, 100, 99, 45, 92, 15, 56, 57, 64, 82, 38, 49, 4, 0, 0, 5
87, 69, 68, 100, 0, 76, 42, 38, 86, 0, 21, 7, 51, 47, 100, 85, 8
22, 87, 0, 71, 21, 98, 100, 100, 97, 83, 76, 53, 58, 22, 36, 0, 7
0, 60, 5, 56, 52, 79, 100, 100, 81, 75, 67, 50, 57, 24, 71, 0, 1
0, 82, 32, 100, 55, 67, 52, 21, 41, 0, 16, 36, 58, 47, 100, 48, 7
5, 99, 85, 100, 82, 62, 40, 26, 24, 0, 100, 25, 96, 46, 0, 47, 7
24, 100, 0, 79, 59, 42, 98, 0, 74, 0, 91, 45, 100, 91, 13, 93, 8
22, 71, 44, 100, 56, 74, 32, 32, 0, 0, 18, 15, 59, 24, 100, 38, 2
33, 88, 0, 51, 5, 0, 69, 4, 100, 50, 85, 100, 28, 89, 11, 39, 0
46, 85, 80, 100, 83, 70, 52, 48, 100, 39, 91, 10, 43, 0, 0, 6, 3
39, 78, 45, 44, 44, 2, 0, 0, 39, 37, 95, 70, 100, 100, 29, 78, 8
0, 99, 58, 100, 66, 68, 49, 34, 31, 0, 14, 18, 39, 36, 100, 41, 7
67, 86, 100, 100, 79, 83, 58, 67, 38, 50, 21, 33, 4, 17, 0, 0, 1
61, 97, 21, 90, 0, 43, 22, 0, 73, 12, 100, 55, 78, 100, 26, 94, 0
100, 100, 55, 78, 26, 52, 9, 25, 25, 0, 86, 15, 64, 35, 0, 21, 6
35, 87, 75, 100, 88, 85, 69, 62, 100, 40, 88, 17, 45, 6, 0, 0, 3
24, 64, 42, 100, 42, 92, 42, 52, 42, 13, 0, 2, 46, 1, 100, 0, 1
100, 100, 60, 96, 23, 68, 0, 33, 17, 0, 69, 7, 75, 38, 22, 37, 6
0, 94, 70, 100, 83, 85, 67, 43, 56, 0, 35, 9, 33, 29, 100, 34, 7
6, 67, 31, 100, 66, 91, 48, 52, 17, 19, 0, 0, 50, 3, 100, 3, 2
100, 97, 26, 100, 66, 60, 89, 18, 8, 0, 0, 31, 62, 65, 77, 98, 8
0, 86, 46, 100, 88, 77, 78, 36, 51, 0, 11, 26, 45, 37, 100, 42, 7
26, 81, 55, 100, 69, 75, 68, 62, 100, 46, 78, 16, 36, 0, 0, 16, 3
35, 90, 100, 100, 39, 88, 11, 55, 62, 64, 89, 36, 57, 4, 0, 0, 5
84, 100, 33, 78, 0, 50, 43, 34, 100, 45, 98, 57, 62, 30, 39, 0, 4
16, 100, 10, 57, 64, 35, 25, 0, 0, 31, 5, 80, 39, 96, 100, 94, 5
46, 85, 42, 100, 52, 73, 32, 41, 0, 16, 21, 7, 62, 0, 100, 17, 2
77, 100, 30, 79, 0, 40, 11, 0, 64, 8, 100, 42, 98, 85, 46, 95, 0
100, 99, 68, 100, 47, 74, 52, 52, 81, 42, 63, 14, 30, 0, 0, 16, 5
80, 100, 37, 76, 10, 50, 0, 22, 39, 0, 100, 13, 68, 37, 2, 46, 6
95, 100, 50, 78, 0, 57, 12, 37, 90, 43, 100, 48, 68, 25, 55, 0, 4
40, 89, 28, 61, 58, 28, 23, 0, 0, 24, 6, 63, 45, 92, 100, 100, 5
100, 100, 52, 83, 16, 58, 0, 31, 16, 5, 84, 0, 66, 23, 7, 24, 6
0, 87, 32, 100, 55, 79, 51, 48, 33, 21, 25, 0, 62, 0, 100, 4, 2
57, 100, 30, 71, 0, 42, 37, 41, 88, 60, 100, 65, 90, 32, 92, 0, 4
20, 93, 1, 47, 9, 0, 63, 0, 100, 38, 100, 84, 45, 100, 0, 70, 0
100, 100, 59, 88, 23, 59, 0, 28, 19, 0, 81, 9, 56, 26, 3, 15, 6
63, 67, 74, 100, 99, 80, 73, 39, 35, 7, 0, 3, 51, 4, 100, 0, 2
0, 59, 39, 78, 75, 100, 100, 98, 83, 74, 69, 49, 56, 25, 61, 0, 1
0, 87, 33, 100, 98, 97, 95, 78, 75, 53, 100, 26, 77, 5, 13, 0, 3
0, 57, 50, 74, 82, 97, 100, 100, 89, 75, 75, 50, 64, 25, 61, 0, 1
0, 92, 58, 100, 74, 68, 57, 34, 36, 0, 71, 20, 100, 47, 36, 42, 7
29, 100, 5, 74, 0, 46, 48, 39, 100, 46, 74, 57, 69, 28, 70, 0, 4
40, 87, 23, 57, 44, 22, 9, 0, 0, 40, 5, 78, 46, 100, 100, 99, 5
100, 64, 98, 100, 51, 78, 52, 39, 48, 0, 0, 4, 31, 38, 95, 57, 8
12, 67, 34, 92, 100, 100, 77, 71, 77, 51, 89, 22, 40, 0, 0, 17, 3
0, 75, 33, 89, 77, 100, 79, 72, 61, 37, 55, 0, 55, 20, 100, 27, 7
60, 100, 32, 69, 0, 37, 42, 29, 100, 29, 85, 51, 68, 38, 60, 0, 4
0, 61, 34, 91, 51, 100, 48, 60, 45, 19, 4, 0, 48, 1, 100, 3, 1
82, 100, 37, 86, 66, 70, 87, 86, 100, 52, 92, 18, 49, 1, 0, 0, 9
42, 100, 19, 71, 0, 40, 50, 25, 100, 35, 99, 60, 68, 31, 49, 0, 4
0, 70, 22, 99, 50, 100, 45, 59, 28, 22, 39, 0, 69, 4, 100, 8, 2
100, 98, 56, 100, 20, 77, 0, 48, 3, 17, 44, 0, 53, 22, 11, 40, 6
0, 100, 40, 68, 79, 35, 72, 0, 49, 23, 74, 59, 100, 94, 43, 86, 8
18, 98, 72, 100, 26, 89, 34, 61, 82, 45, 100, 19, 53, 4, 0, 0, 5
23, 84, 28, 57, 71, 22, 0, 0, 6, 33, 69, 66, 100, 100, 2, 90, 8
77, 87, 98, 82, 78, 100, 52, 67, 97, 65, 100, 23, 49, 0, 0, 16, 9
19, 99, 90, 100, 57, 94, 12, 73, 52, 60, 100, 35, 66, 0, 0, 5, 5
60, 95, 84, 73, 85, 100, 36, 87, 99, 76, 100, 39, 64, 9, 0, 0, 9
100, 100, 78, 98, 34, 69, 6, 36, 15, 1, 77, 0, 68, 32, 0, 28, 6
100, 100, 56, 82, 22, 55, 0, 25, 26, 0, 78, 9, 61, 36, 6, 38, 6
9, 83, 66, 72, 95, 100, 0, 91, 44, 74, 100, 73, 82, 37, 78, 0, 9
0, 32, 33, 41, 62, 64, 85, 94, 100, 100, 85, 66, 70, 34, 57, 0, 1
0, 64, 12, 98, 47, 100, 30, 63, 5, 29, 15, 3, 56, 0, 100, 1, 2
54, 92, 11, 60, 0, 17, 50, 0, 95, 29, 100, 72, 58, 100, 15, 72, 0
100, 100, 51, 96, 10, 82, 7, 63, 57, 61, 71, 35, 44, 9, 0, 0, 5
26, 82, 76, 100, 81, 76, 35, 51, 55, 49, 100, 28, 64, 0, 0, 2, 3
100, 74, 81, 100, 33, 92, 4, 62, 0, 26, 31, 0, 61, 21, 24, 42, 6
53, 96, 98, 100, 100, 85, 67, 68, 71, 45, 78, 22, 45, 6, 0, 0, 3
0, 78, 57, 74, 91, 100, 10, 94, 23, 74, 100, 80, 86, 40, 85, 0, 9
73, 100, 38, 88, 11, 74, 0, 55, 23, 40, 62, 31, 95, 18, 100, 0, 4
65, 100, 0, 89, 67, 60, 100, 24, 38, 0, 29, 38, 55, 78, 3, 99, 8
0, 100, 38, 98, 48, 59, 38, 19, 24, 0, 18, 39, 58, 45, 100, 46, 7
0, 96, 42, 100, 62, 62, 56, 19, 39, 0, 11, 36, 51, 52, 100, 57, 7
62, 97, 85, 100, 42, 77, 49, 67, 100, 57, 94, 23, 50, 0, 0, 9, 5
47, 84, 94, 100, 100, 93, 41, 80, 25, 61, 82, 41, 53, 0, 0, 10, 5
0, 86, 47, 100, 100, 91, 68, 72, 58, 51, 74, 31, 76, 10, 11, 0, 3
0, 100, 34, 81, 48, 42, 44, 0, 15, 8, 14, 31, 57, 32, 100, 30, 7
93, 100, 50, 87, 100, 91, 93, 70, 91, 44, 89, 18, 57, 1, 0, 0, 9
100, 85, 32, 100, 0, 67, 56, 34, 68, 0, 23, 24, 71, 59, 61, 84, 8
89, 100, 46, 78, 14, 51, 0, 22, 38, 0, 100, 8, 92, 33, 30, 28, 6
8, 66, 26, 100, 38, 89, 37, 48, 28, 9, 0, 0, 49, 5, 100, 7, 1
55, 85, 67, 100, 86, 75, 67, 47, 100, 31, 83, 9, 38, 0, 0, 8, 3
1, 84, 49, 100, 89, 80, 58, 51, 97, 49, 100, 19, 49, 0, 0, 4, 3
16, 69, 51, 100, 60, 91, 56, 54, 60, 17, 0, 4, 29, 0, 100, 2, 1
0, 97, 31, 100, 51, 70, 53, 34, 42, 0, 28, 21, 61, 37, 100, 44, 7
80, 94, 33, 100, 47, 57, 96, 85, 87, 92, 100, 44, 76, 0, 0, 19, 9
69, 95, 74, 65, 93, 100, 44, 86, 97, 75, 100, 30, 56, 0, 0, 15, 9
25, 100, 0, 68, 4, 39, 75, 47, 100, 53, 51, 80, 49, 40, 47, 0, 4
61, 96, 13, 89, 0, 41, 37, 0, 94, 10, 100, 60, 64, 100, 6, 97, 0
76, 66, 82, 100, 0, 88, 49, 53, 97, 15, 32, 0, 38, 39, 100, 72, 8
100, 100, 63, 85, 33, 62, 8, 37, 0, 7, 39, 0, 60, 25, 25, 41, 6
0, 66, 16, 93, 83, 100, 91, 73, 62, 46, 22, 21, 28, 0, 100, 3, 2
9, 57, 38, 96, 51, 100, 46, 52, 36, 5, 0, 0, 51, 0, 100, 2, 1
82, 90, 50, 66, 100, 30, 40, 0, 18, 27, 72, 62, 100, 100, 0, 99, 8
82, 80, 47, 100, 5, 75, 0, 32, 34, 0, 85, 14, 100, 55, 85, 97, 0
0, 72, 32, 100, 45, 99, 42, 68, 39, 37, 20, 7, 26, 2, 100, 0, 1
83, 66, 46, 100, 0, 73, 37, 46, 81, 78, 100, 34, 64, 0, 6, 3, 9
49, 85, 78, 100, 92, 85, 74, 55, 100, 35, 80, 11, 41, 0, 0, 0, 3
11, 77, 39, 100, 52, 68, 33, 32, 0, 5, 7, 12, 54, 9, 100, 0, 2
8, 72, 0, 99, 47, 99, 100, 100, 77, 77, 53, 53, 35, 27, 31, 0, 7
100, 83, 54, 100, 23, 73, 70, 65, 89, 68, 89, 26, 51, 0, 0, 12, 9
28, 81, 59, 100, 72, 73, 43, 55, 96, 48, 100, 16, 50, 0, 0, 10, 3
100, 100, 73, 78, 38, 59, 0, 41, 33, 36, 67, 43, 40, 22, 27, 0, 4
0, 81, 38, 100, 84, 100, 81, 67, 69, 33, 63, 0, 50, 21, 100, 27, 7
53, 100, 37, 93, 10, 58, 0, 20, 45, 0, 100, 18, 62, 40, 0, 38, 6
15, 78, 2, 43, 20, 5, 69, 0, 100, 34, 92, 73, 53, 99, 0, 100, 0
100, 100, 60, 76, 36, 49, 26, 21, 57, 0, 91, 23, 62, 47, 0, 49, 6
100, 100, 57, 98, 23, 72, 0, 41, 1, 7, 47, 0, 52, 28, 2, 32, 6
100, 64, 96, 100, 49, 79, 75, 40, 57, 0, 0, 15, 46, 45, 97, 69, 8
6, 73, 36, 100, 45, 66, 31, 30, 0, 0, 5, 10, 52, 7, 100, 9, 2
0, 42, 32, 61, 65, 81, 100, 100, 92, 76, 74, 51, 56, 25, 40, 0, 1
52, 83, 80, 100, 100, 80, 71, 55, 94, 45, 91, 17, 49, 0, 0, 8, 3
55, 100, 30, 74, 0, 45, 37, 38, 85, 55, 100, 62, 81, 30, 64, 0, 4
91, 100, 26, 98, 49, 62, 100, 78, 100, 78, 99, 34, 62, 0, 0, 19, 9
0, 53, 38, 69, 77, 89, 100, 100, 86, 75, 73, 49, 58, 24, 60, 0, 1
61, 100, 26, 77, 13, 50, 11, 23, 39, 0, 100, 14, 68, 37, 0, 48, 6
0, 83, 29, 100, 63, 95, 46, 62, 25, 31, 25, 0, 63, 4, 100, 14, 2
44, 100, 13, 80, 0, 59, 49, 49, 100, 59, 69, 39, 38, 20, 18, 0, 4
60, 100, 24, 75, 2, 47, 0, 18, 45, 0, 100, 10, 67, 34, 11, 46, 6
0, 100, 45, 100, 68, 83, 76, 66, 89, 48, 100, 30, 87, 12, 53, 0, 3
7, 100, 15, 64, 28, 27, 0, 0, 7, 34, 67, 63, 100, 94, 20, 91, 8
90, 69, 63, 100, 21, 75, 60, 67, 91, 59, 100, 17, 54, 0, 0, 6, 9
0, 66, 2, 93, 50, 100, 100, 98, 78, 72, 55, 47, 38, 19, 39, 0, 7
100, 100, 74, 98, 45, 76, 46, 52, 83, 42, 76, 12, 38, 0, 0, 1, 5
0, 60, 20, 68, 59, 85, 100, 100, 86, 76, 67, 50, 49, 26, 39, 0, 1
32, 84, 65, 100, 76, 75, 66, 46, 100, 30, 79, 7, 40, 0, 0, 3, 3
0, 92, 51, 100, 100, 100, 63, 69, 34, 36, 23, 0, 2, 27, 63, 33, 7
46, 76, 55, 100, 100, 98, 75, 69, 95, 46, 97, 20, 50, 6, 0, 0, 3
0, 66, 9, 89, 55, 100, 100, 92, 79, 68, 50, 46, 30, 22, 47, 0, 7
100, 93, 90, 100, 70, 83, 60, 67, 40, 50, 30, 33, 10, 17, 0, 0, 1
51, 86, 74, 100, 91, 81, 70, 61, 100, 40, 87, 14, 45, 0, 0, 12, 3
0, 72, 19, 100, 43, 87, 39, 51, 22, 18, 33, 0, 66, 5, 100, 11, 2
100, 100, 88, 93, 45, 71, 0, 48, 78, 45, 75, 48, 45, 24, 32, 0, 4
33, 100, 0, 80, 19, 52, 100, 58, 99, 79, 63, 79, 55, 39, 54, 0, 4
0, 75, 25, 99, 84, 100, 88, 73, 66, 46, 37, 21, 37, 0, 100, 1, 2
32, 100, 6, 72, 0, 38, 57, 30, 92, 60, 100, 70, 76, 35, 52, 0, 4
38, 90, 88, 100, 100, 97, 47, 83, 11, 65, 62, 48, 45, 0, 0, 13, 5
63, 97, 17, 91, 0, 54, 15, 17, 59, 0, 94, 25, 100, 64, 86, 100, 0
0, 83, 25, 100, 82, 79, 79, 40, 56, 0, 10, 12, 31, 36, 100, 35, 7
93, 100, 63, 99, 43, 85, 53, 54, 100, 48, 89, 23, 45, 8, 0, 0, 5
0, 100, 57, 100, 96, 92, 81, 54, 70, 14, 54, 0, 45, 39, 100, 48, 7
100, 98, 60, 100, 19, 89, 2, 58, 49, 55, 71, 28, 45, 1, 0, 0, 5
44, 80, 68, 100, 94, 84, 72, 55, 100, 29, 79, 5, 35, 0, 0, 17, 3
54, 100, 18, 69, 0, 30, 27, 0, 72, 18, 100, 54, 84, 91, 34, 93, 0
0, 69, 43, 96, 59, 100, 51, 60, 46, 20, 13, 0, 42, 6, 100, 10, 1
0, 74, 18, 100, 67, 99, 57, 66, 27, 36, 0, 5, 48, 0, 100, 5, 2
91, 77, 55, 100, 18, 73, 62, 62, 95, 57, 100, 19, 65, 0, 0, 6, 9
100, 80, 65, 43, 26, 55, 50, 100, 90, 92, 83, 42, 49, 3, 0, 0, 9
94, 97, 0, 90, 60, 56, 100, 18, 29, 0, 32, 38, 85, 74, 51, 100, 8
0, 95, 38, 100, 62, 70, 56, 32, 46, 0, 32, 37, 57, 48, 100, 51, 7
0, 89, 42, 100, 100, 93, 92, 72, 85, 52, 90, 31, 69, 12, 17, 0, 3
44, 84, 33, 59, 88, 39, 56, 0, 6, 12, 0, 65, 40, 97, 100, 100, 5
0, 67, 41, 40, 48, 0, 9, 0, 40, 38, 83, 72, 100, 100, 35, 79, 8
100, 75, 55, 100, 20, 72, 65, 60, 84, 65, 98, 21, 53, 0, 0, 2, 9
100, 100, 39, 84, 0, 63, 37, 46, 90, 62, 68, 45, 46, 23, 41, 0, 4
85, 81, 44, 100, 28, 68, 68, 34, 68, 0, 0, 9, 50, 40, 100, 72, 8
0, 93, 49, 100, 88, 89, 78, 68, 57, 49, 41, 28, 51, 9, 100, 0, 2
33, 86, 21, 56, 91, 44, 65, 1, 0, 0, 2, 51, 26, 94, 100, 100, 5
80, 100, 31, 87, 78, 45, 87, 0, 0, 2, 33, 45, 100, 83, 36, 79, 8
100, 100, 63, 81, 33, 60, 11, 40, 0, 16, 33, 0, 83, 12, 65, 32, 6
36, 100, 8, 70, 0, 27, 28, 0, 68, 10, 96, 44, 100, 84, 61, 86, 0
82, 88, 45, 100, 51, 65, 100, 80, 90, 76, 98, 30, 56, 3, 0, 0, 9
48, 100, 26, 87, 0, 60, 22, 35, 100, 47, 88, 54, 53, 28, 47, 0, 4
30, 91, 1, 68, 54, 50, 44, 0, 0, 9, 11, 64, 41, 100, 100, 99, 5
0, 88, 37, 100, 59, 63, 57, 17, 44, 0, 17, 37, 55, 49, 100, 50, 7
23, 79, 57, 100, 78, 79, 51, 50, 10, 31, 0, 17, 49, 7, 100, 0, 2
100, 93, 68, 100, 40, 91, 56, 74, 88, 63, 63, 39, 31, 20, 0, 0, 5
87, 100, 43, 83, 13, 55, 0, 23, 30, 0, 80, 5, 100, 28, 50, 29, 6
32, 87, 81, 100, 85, 69, 58, 41, 97, 47, 100, 15, 46, 0, 0, 19, 3
0, 60, 63, 39, 57, 0, 22, 10, 54, 47, 100, 82, 91, 100, 23, 75, 8
30, 100, 9, 74, 0, 47, 50, 36, 100, 56, 94, 52, 70, 26, 62, 0, 4
65, 56, 100, 84, 48, 100, 0, 76, 45, 59, 77, 61, 42, 30, 19, 0, 9
15, 73, 46, 100, 72, 65, 44, 25, 0, 3, 13, 10, 62, 0, 100, 16, 2
32, 100, 13, 85, 0, 40, 27, 0, 88, 10, 100, 55, 74, 96, 14, 99, 0
0, 94, 63, 100, 85, 71, 72, 35, 57, 0, 24, 26, 43, 40, 100, 37, 7
52, 100, 14, 74, 14, 37, 0, 0, 11, 30, 57, 61, 100, 94, 41, 100, 8
100, 100, 47, 81, 20, 43, 30, 4, 93, 0, 93, 35, 40, 43, 0, 40, 6
0, 82, 24, 100, 54, 99, 50, 61, 34, 27, 41, 0, 71, 6, 100, 17, 2
0, 56, 43, 77, 75, 99, 100, 100, 98, 75, 94, 50, 92, 25, 100, 0, 1
5, 78, 41, 100, 63, 74, 45, 41, 14, 13, 0, 11, 51, 7, 100, 0, 2
11, 90, 0, 41, 31, 0, 82, 0, 100, 46, 77, 92, 30, 100, 3, 58, 0
7, 72, 0, 57, 52, 77, 100, 100, 93, 84, 67, 56, 41, 28, 22, 0, 1
16, 75, 0, 30, 27, 0, 71, 13, 100, 49, 96, 95, 52, 100, 24, 65, 0
0, 91, 40, 58, 62, 22, 22, 0, 22, 35, 69, 67, 100, 100, 18, 91, 8
38, 100, 24, 68, 0, 35, 71, 40, 100, 60, 96, 50, 95, 15, 100, 0, 4
0, 93, 60, 100, 99, 88, 73, 47, 55, 5, 39, 0, 38, 34, 100, 36, 7
41, 85, 62, 100, 52, 65, 30, 36, 0, 15, 33, 7, 68, 0, 100, 19, 2
22, 100, 65, 96, 82, 55, 65, 14, 38, 0, 0, 29, 48, 33, 100, 33, 7
47, 85, 100, 100, 40, 87, 24, 59, 80, 61, 90, 34, 57, 8, 0, 0, 5
0, 3, 29, 24, 57, 50, 83, 77, 100, 100, 80, 69, 64, 35, 51, 0, 1
0, 84, 44, 100, 95, 94, 74, 55, 57, 16, 54, 0, 45, 40, 100, 45, 7
94, 93, 6, 100, 17, 69, 100, 43, 79, 0, 0, 17, 17, 63, 88, 95, 8
58, 65, 71, 100, 90, 70, 63, 31, 23, 0, 0, 13, 48, 1, 100, 4, 2
61, 100, 0, 84, 51, 60, 100, 33, 72, 0, 16, 17, 41, 53, 87, 84, 8
100, 77, 98, 100, 41, 83, 5, 55, 0, 23, 42, 0, 66, 24, 11, 35, 6
1, 83, 45, 100, 100, 93, 67, 66, 66, 50, 96, 23, 62, 0, 0, 5, 3
0, 81, 29, 100, 59, 78, 54, 35, 41, 0, 12, 30, 55, 41, 100, 46, 7
86, 78, 60, 100, 51, 63, 95, 77, 100, 66, 90, 22, 47, 0, 0, 16, 9
49, 81, 50, 50, 85, 25, 42, 0, 0, 16, 15, 58, 44, 91, 100, 100, 5
38, 100, 19, 71, 0, 39, 26, 22, 72, 30, 100, 51, 64, 32, 47, 0, 4
50, 100, 35, 71, 17, 42, 12, 12, 56, 0, 100, 20, 54, 31, 0, 19, 6
19, 94, 53, 100, 69, 67, 50, 31, 21, 0, 0, 29, 49, 34, 100, 37, 7
13, 94, 0, 52, 16, 11, 66, 0, 100, 32, 90, 74, 48, 100, 5, 78, 0
12, 61, 0, 20, 44, 0, 92, 23, 100, 64, 70, 100, 15, 92, 0, 52, 0
28, 82, 0, 39, 30, 0, 80, 5, 100, 54, 70, 99, 22, 100, 7, 50, 0
88, 99, 45, 82, 78, 75, 90, 100, 100, 68, 93, 36, 59, 9, 0, 0, 9
41, 79, 47, 100, 84, 94, 71, 52, 42, 16, 0, 3, 49, 7, 100, 0, 2
55, 76, 22, 68, 66, 29, 39, 0, 52, 32, 100, 68, 69, 100, 0, 86, 8
0, 82, 26, 100, 51, 80, 43, 50, 24, 22, 12, 2, 57, 1, 100, 0, 2
51, 91, 86, 100, 70, 66, 43, 34, 8, 6, 0, 11, 49, 10, 100, 0, 2
55, 83, 100, 100, 93, 83, 82, 56, 84, 28, 71, 2, 0, 0, 73, 3, 1
0, 44, 15, 0, 62, 5, 95, 40, 100, 88, 60, 100, 27, 64, 11, 17, 0
40, 94, 22, 95, 0, 45, 23, 0, 83, 10, 100, 58, 61, 100, 19, 75, 0
81, 100, 50, 79, 23, 52, 17, 22, 70, 15, 100, 31, 44, 19, 0, 0, 6
32, 90, 0, 60, 2, 17, 51, 0, 95, 27, 100, 69, 66, 100, 25, 72, 0
32, 99, 35, 63, 56, 21, 17, 0, 0, 36, 12, 82, 54, 100, 100, 83, 5
100, 100, 56, 82, 19, 56, 0, 25, 30, 0, 87, 2, 84, 16, 30, 9, 6
93, 93, 44, 100, 26, 73, 53, 51, 100, 46, 86, 12, 38, 0, 0, 13, 5
0, 40, 26, 65, 60, 85, 97, 100, 100, 82, 74, 56, 48, 29, 30, 0, 1
52, 100, 21, 75, 5, 49, 0, 22, 34, 1, 100, 0, 95, 22, 35, 16, 6
28, 100, 0, 52, 37, 99, 45, 89, 51, 34, 24, 2, 30, 0, 100, 0, 1
7, 100, 0, 77, 0, 55, 20, 33, 96, 42, 87, 45, 85, 22, 100, 0, 4
77, 87, 87, 57, 100, 19, 13, 0, 28, 35, 83, 69, 94, 100, 0, 79, 8
79, 89, 100, 100, 41, 96, 0, 74, 53, 66, 95, 51, 74, 24, 39, 0, 9
0, 78, 23, 100, 77, 99, 100, 75, 70, 50, 30, 28, 29, 6, 84, 0, 2
61, 59, 100, 80, 66, 100, 15, 85, 0, 55, 55, 48, 87, 32, 71, 0, 9
30, 97, 82, 100, 65, 67, 19, 87, 81, 83, 100, 39, 68, 0, 0, 16, 9
43, 100, 13, 73, 54, 39, 39, 0, 0, 7, 13, 61, 46, 100, 100, 100, 5
45, 98, 82, 100, 72, 57, 42, 22, 0, 0, 3, 2, 52, 4, 100, 6, 2
100, 100, 56, 78, 24, 53, 0, 27, 11, 0, 74, 3, 56, 23, 6, 14, 6
0, 62, 48, 81, 100, 100, 87, 86, 58, 65, 39, 44, 16, 21, 10, 0, 1
100, 100, 62, 89, 23, 61, 0, 29, 20, 0, 91, 7, 84, 33, 11, 31, 6
9, 95, 3, 60, 65, 67, 66, 8, 11, 0, 0, 61, 32, 91, 100, 100, 5
16, 81, 32, 63, 56, 30, 17, 0, 0, 36, 5, 79, 36, 99, 100, 100, 5
38, 96, 78, 100, 91, 82, 51, 60, 88, 35, 100, 4, 48, 0, 0, 5, 3
0, 96, 37, 100, 100, 89, 86, 43, 55, 0, 30, 0, 10, 38, 75, 41, 7
0, 25, 18, 50, 59, 75, 100, 100, 92, 80, 69, 54, 52, 27, 46, 0, 1
100, 90, 75, 100, 42, 81, 63, 51, 97, 29, 85, 4, 42, 0, 0, 4, 5
0, 51, 51, 75, 90, 100, 56, 92, 46, 66, 51, 40, 77, 15, 100, 0, 1
36, 100, 23, 78, 57, 38, 31, 0, 0, 16, 11, 71, 51, 94, 100, 82, 5
100, 100, 57, 78, 29, 51, 22, 19, 61, 0, 97, 21, 57, 40, 0, 35, 6
62, 76, 0, 100, 22, 68, 90, 37, 100, 0, 13, 8, 13, 47, 68, 81, 8
50, 81, 74, 100, 100, 75, 75, 43, 36, 20, 0, 28, 47, 23, 84, 0, 2
75, 100, 30, 81, 0, 36, 19, 0, 72, 14, 100, 58, 70, 98, 24, 74, 0
0, 47, 5, 25, 52, 0, 93, 30, 100, 75, 62, 100, 30, 63, 42, 22, 0
47, 87, 75, 100, 80, 73, 85, 54, 100, 31, 74, 8, 38, 0, 0, 5, 3
83, 100, 0, 91, 11, 65, 89, 76, 100, 95, 83, 65, 62, 33, 46, 0, 9
53, 80, 72, 100, 100, 79, 76, 52, 67, 28, 89, 8, 45, 0, 0, 2, 3
0, 100, 75, 94, 72, 59, 56, 22, 45, 0, 8, 32, 20, 43, 100, 41, 7
100, 100, 59, 90, 29, 62, 4, 31, 15, 0, 64, 10, 52, 37, 0, 29, 6
24, 88, 71, 100, 85, 77, 53, 53, 83, 37, 100, 14, 52, 0, 0, 5, 3
0, 80, 57, 100, 100, 83, 78, 45, 47, 9, 16, 0, 19, 32, 86, 39, 7
34, 93, 92, 100, 53, 92, 0, 73, 49, 61, 100, 40, 86, 10, 26, 0, 5
0, 70, 19, 100, 43, 77, 36, 44, 13, 15, 11, 15, 57, 14, 100, 0, 2
9, 45, 30, 10, 65, 0, 95, 30, 100, 72, 72, 100, 32, 88, 0, 61, 0
50, 100, 31, 75, 0, 50, 40, 40, 94, 49, 100, 47, 62, 25, 33, 0, 4
36, 95, 10, 59, 19, 10, 66, 0, 100, 37, 97, 85, 48, 100, 0, 81, 0
49, 100, 26, 83, 0, 39, 63, 43, 100, 54, 74, 95, 62, 47, 57, 0, 4
30, 68, 63, 39, 77, 0, 0, 6, 44, 41, 100, 75, 63, 100, 9, 69, 8
0, 79, 26, 100, 55, 76, 37, 31, 16, 0, 11, 40, 55, 52, 100, 62, 7
100, 94, 73, 100, 40, 74, 13, 46, 0, 12, 38, 0, 67, 22, 20, 28, 6
0, 100, 3, 44, 33, 0, 75, 2, 100, 48, 74, 95, 32, 98, 12, 48, 0
27, 100, 16, 71, 0, 36, 27, 21, 100, 25, 91, 49, 54, 34, 56, 0, 4
34, 68, 63, 100, 65, 65, 36, 29, 0, 0, 6, 9, 52, 16, 100, 7, 2
100, 100, 46, 95, 51, 59, 75, 25, 30, 0, 0, 17, 43, 46, 83, 78, 8
51, 78, 81, 100, 86, 65, 53, 31, 10, 8, 0, 19, 50, 10, 100, 0, 2
25, 93, 0, 55, 22, 0, 76, 5, 100, 59, 61, 100, 15, 67, 11, 7, 0
52, 80, 82, 100, 89, 72, 52, 47, 98, 33, 100, 9, 50, 1, 0, 0, 3
47, 88, 45, 100, 71, 76, 52, 40, 19, 10, 0, 13, 51, 12, 100, 0, 2
0, 46, 45, 56, 85, 75, 100, 100, 98, 71, 93, 42, 80, 14, 80, 0, 1
12, 80, 48, 100, 83, 73, 22, 55, 71, 45, 100, 15, 40, 0, 0, 17, 3
100, 97, 58, 100, 18, 76, 0, 47, 12, 16, 62, 0, 85, 18, 28, 24, 6
96, 43, 63, 0, 1, 7, 0, 57, 38, 100, 100, 94, 81, 45, 36, 7, 0
46, 78, 59, 42, 51, 0, 0, 6, 47, 39, 100, 69, 90, 100, 21, 94, 8
45, 84, 73, 100, 100, 98, 82, 72, 69, 43, 61, 14, 31, 0, 0, 2, 3
33, 76, 68, 100, 71, 64, 42, 29, 4, 0, 0, 15, 49, 15, 100, 7, 2
0, 45, 26, 66, 62, 84, 100, 100, 80, 75, 57, 50, 36, 25, 18, 0, 1
17, 77, 38, 100, 54, 73, 32, 39, 0, 11, 6, 10, 53, 0, 100, 3, 2
0, 60, 9, 62, 54, 81, 99, 100, 100, 82, 76, 55, 52, 28, 33, 0, 1
58, 67, 24, 85, 86, 100, 92, 70, 48, 42, 0, 14, 29, 0, 100, 7, 2
87, 100, 54, 64, 0, 31, 9, 25, 96, 33, 100, 65, 70, 38, 41, 0, 4
27, 100, 8, 73, 0, 45, 11, 17, 51, 0, 100, 3, 82, 20, 37, 9, 6
0, 82, 9, 59, 56, 34, 41, 0, 10, 30, 3, 67, 42, 96, 100, 100, 5
79, 87, 98, 81, 71, 100, 72, 73, 100, 66, 91, 21, 48, 0, 0, 13, 9
83, 95, 6, 100, 20, 65, 100, 38, 83, 0, 0, 12, 12, 55, 36, 95, 8
36, 100, 3, 88, 0, 64, 54, 55, 100, 67, 73, 45, 46, 23, 29, 0, 4
0, 55, 20, 68, 65, 88, 100, 100, 76, 75, 51, 50, 28, 25, 11, 0, 1
0, 94, 35, 100, 60, 71, 55, 29, 49, 0, 29, 39, 50, 57, 100, 57, 7
13, 75, 44, 100, 52, 65, 32, 30, 0, 0, 0, 11, 50, 5, 100, 5, 2
100, 100, 46, 89, 13, 64, 0, 34, 25, 7, 80, 0, 80, 24, 26, 26, 6
0, 39, 38, 57, 69, 79, 100, 100, 90, 74, 71, 49, 53, 24, 34, 0, 1
100, 99, 66, 100, 36, 80, 38, 50, 79, 41, 69, 16, 32, 0, 0, 7, 5
58, 100, 49, 99, 23, 74, 0, 51, 55, 46, 100, 46, 82, 26, 62, 0, 4
100, 72, 72, 100, 27, 81, 58, 65, 81, 64, 80, 23, 39, 0, 0, 14, 9
2, 85, 29, 100, 37, 71, 23, 41, 0, 15, 17, 0, 58, 2, 100, 8, 2
0, 81, 26, 100, 62, 100, 67, 74, 59, 50, 47, 24, 61, 3, 100, 0, 2
0, 98, 51, 98, 100, 100, 74, 65, 50, 28, 40, 0, 44, 39, 96, 47, 7
39, 76, 64, 100, 89, 81, 66, 50, 100, 34, 91, 6, 41, 0, 0, 18, 3
0, 92, 57, 100, 100, 77, 77, 38, 46, 0, 25, 9, 25, 48, 92, 58, 7
84, 100, 12, 80, 0, 59, 88, 62, 100, 92, 61, 79, 40, 40, 27, 0, 4
0, 78, 23, 100, 52, 88, 39, 62, 25, 37, 11, 12, 47, 0, 100, 4, 2
59, 94, 8, 100, 17, 65, 90, 36, 76, 0, 0, 10, 48, 46, 100, 83, 8
0, 86, 29, 100, 62, 95, 51, 62, 31, 32, 34, 2, 69, 0, 100, 6, 2
94, 95, 42, 100, 35, 71, 86, 84, 100, 66, 100, 25, 55, 2, 0, 0, 9
89, 83, 59, 100, 41, 63, 59, 23, 20, 0, 0, 29, 49, 54, 100, 73, 8
17, 70, 0, 32, 24, 0, 67, 14, 97, 48, 100, 90, 59, 100, 28, 71, 0
31, 95, 2, 68, 64, 58, 62, 10, 0, 0, 10, 52, 31, 100, 100, 100, 5
100, 100, 29, 98, 39, 65, 88, 34, 81, 1, 0, 0, 27, 34, 84, 62, 8
3, 91, 61, 100, 47, 97, 5, 74, 48, 52, 100, 32, 56, 12, 0, 0, 5
100, 100, 65, 100, 40, 89, 40, 62, 74, 51, 63, 30, 30, 17, 0, 0, 5
27, 100, 88, 86, 100, 56, 90, 25, 58, 0, 0, 24, 8, 42, 100, 45, 7
5, 90, 55, 100, 78, 84, 31, 65, 71, 51, 100, 23, 52, 5, 0, 0, 3
