@relation yeast-4
@attribute Mcg real [0.11, 1.0]
@attribute Gvh real [0.13, 1.0]
@attribute Alm real [0.21, 1.0]
@attribute Mit real [0.0, 1.0]
@attribute Erl real [0.5, 1.0]
@attribute Pox real [0.0, 0.83]
@attribute Vac real [0.0, 0.73]
@attribute Nuc real [0.0, 1.0]
@attribute Class {MIT, NUC, CYT, ME1, ME2, ME3, EXC, VAC, POX, ERL}
@inputs Mcg, Gvh, Alm, Mit, Erl, Pox, Vac, Nuc
@outputs Class
@data
0.43, 0.53, 0.52, 0.13, 0.5, 0.0, 0.55, 0.22, CYT
0.66, 0.62, 0.49, 0.1, 0.5, 0.0, 0.49, 0.22, CYT
0.81, 0.85, 0.47, 0.37, 0.5, 0.0, 0.56, 0.22, EXC
0.28, 0.58, 0.21, 0.13, 0.5, 0.0, 0.51, 0.22, ME3
0.38, 0.5, 0.37, 0.26, 0.5, 0.0, 0.43, 0.22, ME3
0.36, 0.43, 0.39, 0.12, 0.5, 0.0, 0.49, 0.22, ME3
0.59, 0.67, 0.56, 0.41, 0.5, 0.0, 0.47, 0.22, MIT
0.29, 0.32, 0.58, 0.15, 0.5, 0.0, 0.5, 0.3, CYT
0.59, 0.48, 0.5, 0.14, 0.5, 0.0, 0.45, 0.25, CYT
0.4, 0.42, 0.71, 0.21, 0.5, 0.0, 0.54, 0.32, CYT
0.38, 0.68, 0.44, 0.45, 0.5, 0.0, 0.53, 0.22, MIT
0.31, 0.31, 0.56, 0.33, 0.5, 0.0, 0.52, 0.33, NUC
0.49, 0.31, 0.49, 0.35, 0.5, 0.0, 0.51, 0.29, NUC
0.31, 0.55, 0.52, 0.17, 0.5, 0.0, 0.52, 0.22, CYT
0.63, 0.56, 0.45, 0.58, 0.5, 0.0, 0.51, 0.22, MIT
0.59, 0.61, 0.34, 0.22, 0.5, 0.0, 0.51, 0.22, MIT
0.53, 0.51, 0.46, 0.28, 0.5, 0.0, 0.48, 0.22, CYT
0.77, 0.79, 0.58, 0.23, 0.5, 0.0, 0.48, 0.22, EXC
0.53, 0.38, 0.66, 0.25, 0.5, 0.0, 0.43, 0.22, NUC
0.41, 0.45, 0.53, 0.17, 0.5, 0.0, 0.51, 0.25, NUC
0.4, 0.56, 0.48, 0.14, 0.5, 0.0, 0.47, 0.22, MIT
0.47, 0.65, 0.54, 0.62, 0.5, 0.0, 0.53, 0.36, MIT
0.78, 0.7, 0.32, 0.23, 0.5, 0.0, 0.53, 0.22, ME1
0.55, 0.46, 0.53, 0.11, 0.5, 0.0, 0.52, 0.48, CYT
0.56, 0.62, 0.53, 0.24, 0.5, 0.0, 0.57, 0.22, CYT
0.33, 0.44, 0.49, 0.08, 0.5, 0.0, 0.48, 0.49, NUC
0.69, 0.6, 0.5, 0.31, 0.5, 0.0, 0.55, 0.22, CYT
0.51, 0.58, 0.54, 0.29, 0.5, 0.0, 0.53, 0.22, CYT
0.55, 0.66, 0.57, 0.32, 0.5, 0.0, 0.57, 0.34, CYT
0.42, 0.39, 0.47, 0.13, 0.5, 0.0, 0.5, 0.27, CYT
0.49, 0.43, 0.48, 0.15, 0.5, 0.0, 0.55, 0.25, CYT
0.44, 0.41, 0.58, 0.2, 0.5, 0.0, 0.57, 0.25, CYT
0.34, 0.4, 0.3, 0.23, 0.5, 0.0, 0.51, 0.22, ME3
0.43, 0.45, 0.37, 0.12, 0.5, 0.0, 0.48, 0.22, ME3
0.5, 0.53, 0.45, 0.44, 0.5, 0.0, 0.49, 0.22, MIT
0.89, 0.81, 0.36, 0.71, 0.5, 0.0, 0.55, 0.63, ME1
0.5, 0.45, 0.49, 0.3, 0.5, 0.0, 0.47, 0.4, NUC
0.81, 0.76, 0.32, 0.37, 0.5, 0.0, 0.51, 0.22, ME2
0.54, 0.51, 0.54, 0.52, 0.5, 0.0, 0.47, 0.25, MIT
0.86, 0.92, 0.5, 0.37, 1.0, 0.0, 0.53, 0.32, ERL
0.58, 0.76, 0.4, 0.37, 0.5, 0.0, 0.54, 0.3, ME2
0.51, 0.43, 0.47, 0.19, 0.5, 0.0, 0.52, 0.37, CYT
0.44, 0.41, 0.44, 0.13, 0.5, 0.0, 0.49, 0.42, NUC
0.46, 0.4, 0.38, 0.18, 0.5, 0.0, 0.49, 0.22, ME3
0.81, 0.65, 0.52, 0.41, 0.5, 0.0, 0.57, 0.26, MIT
0.49, 0.48, 0.46, 0.63, 0.5, 0.0, 0.52, 0.22, MIT
0.6, 0.59, 0.45, 0.23, 0.5, 0.0, 0.55, 0.22, MIT
0.6, 0.57, 0.64, 0.52, 0.5, 0.0, 0.47, 0.28, MIT
0.6, 0.46, 0.59, 0.16, 0.5, 0.0, 0.49, 0.22, MIT
0.51, 0.56, 0.51, 0.42, 0.5, 0.0, 0.53, 0.36, MIT
0.32, 0.45, 0.44, 0.2, 0.5, 0.0, 0.55, 0.33, NUC
0.56, 0.63, 0.52, 0.2, 0.5, 0.0, 0.34, 0.26, NUC
0.37, 0.41, 0.45, 0.14, 0.5, 0.0, 0.47, 0.22, CYT
0.78, 0.63, 0.53, 0.13, 0.5, 0.0, 0.54, 0.22, ME2
0.33, 0.46, 0.53, 0.29, 0.5, 0.0, 0.5, 0.55, NUC
0.39, 0.28, 0.54, 0.14, 0.5, 0.0, 0.59, 0.22, MIT
0.49, 0.27, 0.57, 0.18, 0.5, 0.83, 0.54, 0.22, POX
0.68, 0.59, 0.44, 0.49, 0.5, 0.0, 0.4, 0.26, POX
0.74, 0.89, 0.32, 0.24, 0.5, 0.0, 0.54, 0.32, ME1
0.56, 0.68, 0.52, 0.39, 0.5, 0.0, 0.36, 0.22, MIT
0.28, 0.36, 0.55, 0.15, 0.5, 0.0, 0.57, 0.22, CYT
0.48, 0.46, 0.58, 0.26, 0.5, 0.0, 0.44, 0.22, NUC
0.31, 0.3, 0.34, 0.19, 0.5, 0.0, 0.55, 0.3, ME3
0.47, 0.61, 0.5, 0.23, 0.5, 0.0, 0.49, 0.22, ME3
0.37, 0.48, 0.5, 0.26, 0.5, 0.0, 0.52, 0.39, NUC
0.25, 0.39, 0.5, 0.23, 0.5, 0.0, 0.5, 0.28, NUC
0.63, 0.55, 0.53, 0.51, 0.5, 0.0, 0.55, 0.22, VAC
0.33, 0.39, 0.52, 0.09, 0.5, 0.0, 0.47, 0.28, NUC
0.3, 0.3, 0.46, 0.32, 0.5, 0.0, 0.45, 0.22, NUC
0.48, 0.56, 0.49, 0.32, 0.5, 0.0, 0.5, 0.22, CYT
0.53, 0.45, 0.53, 0.18, 0.5, 0.0, 0.42, 0.22, CYT
0.61, 0.39, 0.53, 0.14, 0.5, 0.0, 0.43, 0.26, NUC
0.44, 0.33, 0.55, 0.16, 0.5, 0.0, 0.49, 0.22, NUC
0.44, 0.45, 0.53, 0.19, 0.5, 0.0, 0.41, 0.28, NUC
0.32, 0.49, 0.53, 0.28, 0.5, 0.0, 0.5, 0.5, NUC
0.42, 0.21, 0.59, 0.3, 0.5, 0.0, 0.47, 0.27, NUC
0.55, 0.38, 0.64, 0.42, 0.5, 0.0, 0.47, 0.22, MIT
0.5, 0.36, 0.64, 0.37, 0.5, 0.0, 0.37, 0.33, NUC
0.61, 0.38, 0.57, 0.36, 0.5, 0.0, 0.44, 0.21, CYT
0.43, 0.33, 0.54, 0.37, 0.5, 0.0, 0.38, 0.16, CYT
0.4, 0.3, 0.57, 0.13, 0.5, 0.0, 0.46, 0.22, NUC
0.46, 0.35, 0.69, 0.18, 0.5, 0.0, 0.3, 0.25, CYT
0.58, 0.44, 0.5, 0.26, 0.5, 0.0, 0.52, 0.22, CYT
0.38, 0.43, 0.53, 0.22, 0.5, 0.0, 0.48, 0.11, CYT
0.56, 0.35, 0.47, 0.35, 0.5, 0.0, 0.52, 0.22, CYT
0.48, 0.46, 0.58, 0.16, 0.5, 0.0, 0.45, 0.22, CYT
0.48, 0.55, 0.48, 0.1, 0.5, 0.0, 0.55, 0.22, CYT
0.52, 0.43, 0.61, 0.22, 0.5, 0.0, 0.45, 0.22, CYT
0.41, 0.46, 0.58, 0.08, 0.5, 0.0, 0.51, 0.28, NUC
0.59, 0.54, 0.53, 0.14, 0.5, 0.0, 0.48, 0.22, CYT
0.46, 0.49, 0.55, 0.18, 0.5, 0.0, 0.56, 0.22, NUC
0.56, 0.65, 0.49, 0.56, 0.5, 0.0, 0.49, 0.22, MIT
0.53, 0.51, 0.55, 0.57, 0.5, 0.0, 0.46, 0.22, MIT
0.6, 0.51, 0.49, 0.18, 0.5, 0.0, 0.53, 0.38, CYT
0.56, 0.49, 0.32, 0.22, 0.5, 0.0, 0.5, 0.22, ME2
0.54, 0.51, 0.56, 0.15, 0.5, 0.0, 0.54, 0.31, CYT
0.65, 0.66, 0.37, 0.12, 0.5, 0.0, 0.52, 0.27, ME3
0.39, 0.71, 0.38, 0.14, 0.5, 0.0, 0.5, 0.22, ME2
0.39, 0.3, 0.63, 0.2, 0.5, 0.0, 0.43, 0.47, CYT
0.46, 0.48, 0.38, 0.22, 0.5, 0.0, 0.39, 0.45, ME3
0.57, 0.51, 0.34, 0.13, 0.5, 0.0, 0.53, 0.27, MIT
0.54, 0.5, 0.51, 0.26, 0.5, 0.0, 0.52, 0.22, CYT
0.33, 0.47, 0.55, 0.24, 0.5, 0.0, 0.45, 0.67, NUC
0.49, 0.6, 0.54, 0.35, 0.5, 0.0, 0.53, 0.46, NUC
0.6, 0.62, 0.54, 0.11, 0.5, 0.0, 0.51, 0.22, NUC
0.47, 0.32, 0.51, 0.24, 0.5, 0.0, 0.54, 0.27, NUC
0.53, 0.25, 0.59, 0.27, 0.5, 0.0, 0.45, 0.26, NUC
0.25, 0.33, 0.48, 0.18, 0.5, 0.0, 0.42, 0.33, NUC
0.55, 0.46, 0.47, 0.15, 0.5, 0.0, 0.47, 0.22, ME3
0.25, 0.42, 0.21, 0.14, 0.5, 0.0, 0.41, 0.22, ME3
0.32, 0.36, 0.28, 0.38, 0.5, 0.0, 0.5, 0.4, ME3
0.55, 0.41, 0.67, 0.61, 0.5, 0.0, 0.49, 0.14, MIT
0.41, 0.49, 0.55, 0.13, 0.5, 0.0, 0.55, 0.22, CYT
0.63, 0.64, 0.49, 0.2, 0.5, 0.0, 0.52, 0.25, CYT
0.44, 0.65, 0.49, 0.16, 0.5, 0.0, 0.48, 0.31, NUC
0.57, 0.36, 0.51, 0.25, 0.5, 0.0, 0.54, 0.25, CYT
0.5, 0.5, 0.48, 0.34, 0.5, 0.0, 0.52, 0.27, NUC
0.52, 0.51, 0.48, 0.12, 0.5, 0.0, 0.54, 0.31, CYT
0.5, 0.46, 0.49, 0.27, 0.5, 0.0, 0.6, 0.22, CYT
0.53, 0.44, 0.54, 0.52, 0.5, 0.0, 0.49, 0.38, NUC
0.55, 0.49, 0.6, 0.18, 0.5, 0.0, 0.51, 0.22, NUC
0.65, 0.58, 0.53, 0.21, 0.5, 0.0, 0.51, 0.22, VAC
0.65, 0.63, 0.47, 0.22, 0.5, 0.0, 0.52, 0.27, CYT
0.5, 0.4, 0.57, 0.17, 0.5, 0.0, 0.59, 0.22, CYT
0.69, 0.66, 0.36, 0.09, 0.5, 0.0, 0.56, 0.22, ME1
0.4, 0.45, 0.45, 0.15, 0.5, 0.0, 0.53, 0.48, NUC
0.26, 0.3, 0.37, 0.15, 0.5, 0.0, 0.53, 0.25, ME3
0.3, 0.68, 0.41, 0.17, 0.5, 0.0, 0.51, 0.22, ME3
0.71, 0.64, 0.42, 0.28, 0.5, 0.0, 0.43, 0.22, EXC
0.49, 0.55, 0.35, 0.23, 0.5, 0.0, 0.57, 0.22, ME3
0.38, 0.4, 0.39, 0.19, 0.5, 0.0, 0.46, 0.62, NUC
0.52, 0.53, 0.58, 0.69, 0.5, 0.0, 0.5, 0.22, MIT
0.58, 0.56, 0.38, 0.39, 0.5, 0.0, 0.54, 0.57, NUC
0.61, 0.48, 0.54, 0.25, 0.5, 0.0, 0.5, 0.22, CYT
0.48, 0.23, 0.57, 0.27, 0.5, 0.0, 0.48, 0.47, NUC
0.48, 0.61, 0.44, 0.2, 0.5, 0.0, 0.47, 0.22, CYT
0.31, 0.45, 0.5, 0.17, 0.5, 0.0, 0.49, 0.22, CYT
0.43, 0.52, 0.53, 0.52, 1.0, 0.0, 0.49, 0.22, CYT
0.33, 0.38, 0.53, 0.26, 0.5, 0.0, 0.52, 0.27, NUC
0.54, 0.52, 0.54, 0.2, 0.5, 0.0, 0.55, 0.25, NUC
0.57, 0.58, 0.58, 0.35, 0.5, 0.0, 0.49, 0.22, MIT
0.36, 0.44, 0.51, 0.17, 0.5, 0.0, 0.6, 0.19, NUC
0.75, 0.67, 0.51, 0.29, 0.5, 0.0, 0.52, 0.36, MIT
0.28, 0.46, 0.26, 0.18, 0.5, 0.0, 0.39, 0.22, VAC
0.53, 0.43, 0.57, 0.24, 0.5, 0.0, 0.39, 0.28, CYT
0.38, 0.38, 0.54, 0.24, 0.5, 0.0, 0.54, 0.22, NUC
0.49, 0.38, 0.49, 0.15, 0.5, 0.0, 0.53, 0.25, NUC
0.83, 0.94, 0.32, 0.21, 0.5, 0.0, 0.51, 0.22, ME1
