@relation yeast-4
@attribute Mcg real [0.11, 1.0]
@attribute Gvh real [0.13, 1.0]
@attribute Alm real [0.21, 1.0]
@attribute Mit real [0.0, 1.0]
@attribute Erl real [0.5, 1.0]
@attribute Pox real [0.0, 0.83]
@attribute Vac real [0.0, 0.73]
@attribute Nuc real [0.0, 1.0]
@attribute Class {MIT, NUC, CYT, ME1, ME2, ME3, EXC, VAC, POX, ERL}
@inputs Mcg, Gvh, Alm, Mit, Erl, Pox, Vac, Nuc
@outputs Class
@data
0.64, 0.62, 0.49, 0.15, 0.5, 0.0, 0.53, 0.22, MIT
0.48, 0.45, 0.59, 0.2, 0.5, 0.0, 0.58, 0.34, NUC
0.5, 0.34, 0.55, 0.21, 0.5, 0.0, 0.49, 0.22, NUC
0.61, 0.6, 0.55, 0.21, 0.5, 0.0, 0.5, 0.25, NUC
0.57, 0.47, 0.6, 0.18, 0.5, 0.0, 0.51, 0.22, CYT
0.37, 0.36, 0.56, 0.18, 0.5, 0.0, 0.48, 0.26, VAC
0.34, 0.46, 0.57, 0.09, 0.5, 0.0, 0.55, 0.22, CYT
0.48, 0.45, 0.55, 0.5, 0.5, 0.0, 0.53, 0.22, MIT
0.8, 0.63, 0.45, 0.29, 0.5, 0.0, 0.51, 0.22, EXC
0.4, 0.45, 0.56, 0.2, 0.5, 0.0, 0.45, 0.22, CYT
0.61, 0.72, 0.39, 0.33, 0.5, 0.0, 0.58, 0.22, MIT
0.47, 0.52, 0.5, 0.4, 0.5, 0.0, 0.41, 0.22, CYT
0.3, 0.56, 0.55, 0.18, 0.5, 0.0, 0.5, 0.22, CYT
0.45, 0.41, 0.5, 0.46, 0.5, 0.5, 0.5, 0.27, POX
0.67, 0.71, 0.52, 0.65, 0.5, 0.0, 0.53, 0.36, NUC
0.59, 0.5, 0.52, 0.28, 0.5, 0.0, 0.55, 0.25, CYT
0.58, 0.56, 0.45, 0.12, 0.5, 0.0, 0.51, 0.22, NUC
0.37, 0.53, 0.6, 0.19, 0.5, 0.5, 0.42, 0.22, POX
0.44, 0.68, 0.45, 0.51, 0.5, 0.0, 0.52, 0.41, MIT
0.59, 0.58, 0.56, 0.21, 0.5, 0.0, 0.54, 0.33, NUC
0.38, 0.48, 0.59, 0.22, 0.5, 0.0, 0.46, 0.22, CYT
0.5, 0.51, 0.52, 0.09, 0.5, 0.0, 0.48, 0.25, NUC
0.51, 0.55, 0.35, 0.16, 0.5, 0.0, 0.51, 0.47, ME3
0.71, 0.56, 0.39, 0.27, 0.5, 0.0, 0.52, 0.22, ME2
0.58, 0.6, 0.43, 0.12, 0.5, 0.0, 0.55, 0.22, ME3
0.34, 0.38, 0.45, 0.19, 0.5, 0.0, 0.51, 0.22, ME2
0.41, 0.39, 0.51, 0.52, 0.5, 0.0, 0.49, 0.22, CYT
0.5, 0.5, 0.48, 0.17, 0.5, 0.0, 0.47, 0.26, CYT
0.35, 0.68, 0.57, 0.4, 0.5, 0.0, 0.53, 0.36, NUC
0.23, 0.3, 0.58, 0.22, 0.5, 0.0, 0.48, 0.27, NUC
0.38, 0.47, 0.53, 0.12, 0.5, 0.0, 0.48, 0.22, CYT
0.52, 0.51, 0.51, 0.12, 0.5, 0.0, 0.51, 0.4, CYT
0.56, 0.57, 0.63, 0.39, 1.0, 0.0, 0.59, 0.4, NUC
0.21, 0.38, 0.49, 0.16, 0.5, 0.0, 0.51, 0.45, CYT
0.47, 0.45, 0.53, 0.62, 0.5, 0.0, 0.46, 0.22, MIT
0.85, 0.85, 0.3, 0.31, 0.5, 0.0, 0.55, 0.42, ME1
0.51, 0.68, 0.49, 0.59, 0.5, 0.0, 0.54, 0.27, MIT
0.55, 0.49, 0.5, 0.46, 0.5, 0.0, 0.52, 0.25, MIT
0.51, 0.34, 0.43, 0.18, 0.5, 0.0, 0.48, 0.25, CYT
0.4, 0.45, 0.42, 0.17, 0.5, 0.0, 0.54, 0.26, ME3
0.7, 0.73, 0.38, 0.36, 0.5, 0.0, 0.54, 0.22, ME1
0.37, 0.55, 0.29, 0.32, 0.5, 0.0, 0.51, 0.22, ME3
0.36, 0.34, 0.46, 0.19, 0.5, 0.0, 0.52, 0.22, ME2
0.46, 0.47, 0.46, 0.16, 0.5, 0.0, 0.51, 0.22, CYT
0.5, 0.62, 0.54, 0.66, 0.5, 0.0, 0.49, 0.22, MIT
0.46, 0.57, 0.52, 0.28, 0.5, 0.0, 0.52, 0.22, NUC
0.8, 0.81, 0.55, 0.35, 0.5, 0.0, 0.42, 0.22, EXC
0.5, 0.49, 0.59, 0.47, 0.5, 0.0, 0.49, 0.36, MIT
0.37, 0.31, 0.53, 0.16, 0.5, 0.0, 0.53, 0.44, NUC
0.64, 0.64, 0.56, 0.21, 0.5, 0.0, 0.5, 0.22, MIT
0.36, 0.38, 0.56, 0.44, 0.5, 0.0, 0.48, 0.22, MIT
0.53, 0.52, 0.61, 0.35, 0.5, 0.0, 0.5, 0.22, MIT
0.4, 0.74, 0.49, 0.16, 0.5, 0.0, 0.51, 0.22, MIT
0.41, 0.47, 0.58, 0.62, 0.5, 0.0, 0.5, 0.22, MIT
0.57, 0.4, 0.48, 0.24, 0.5, 0.0, 0.55, 0.22, CYT
0.39, 0.35, 0.49, 0.17, 0.5, 0.0, 0.49, 0.22, NUC
0.81, 0.79, 0.32, 0.37, 0.5, 0.0, 0.41, 0.22, ME1
0.36, 0.39, 0.55, 0.26, 0.5, 0.0, 0.49, 0.22, NUC
0.59, 0.58, 0.39, 0.52, 0.5, 0.0, 0.5, 0.31, CYT
0.36, 0.3, 0.5, 0.19, 0.5, 0.0, 0.55, 0.3, NUC
0.35, 0.44, 0.54, 0.26, 0.5, 0.0, 0.52, 0.26, NUC
0.9, 0.54, 0.59, 0.2, 0.5, 0.0, 0.48, 0.22, NUC
0.49, 0.45, 0.53, 0.16, 0.5, 0.0, 0.49, 0.31, CYT
0.61, 0.46, 0.44, 0.47, 0.5, 0.0, 0.5, 0.37, NUC
0.41, 0.48, 0.38, 0.13, 0.5, 0.0, 0.51, 0.35, ME3
0.48, 0.52, 0.49, 0.35, 0.5, 0.5, 0.51, 0.22, MIT
0.43, 0.45, 0.53, 0.19, 0.5, 0.0, 0.56, 0.22, CYT
0.59, 0.61, 0.51, 0.62, 0.5, 0.0, 0.51, 0.38, MIT
0.44, 0.43, 0.34, 0.21, 0.5, 0.0, 0.55, 0.4, ME3
0.36, 0.39, 0.54, 0.16, 0.5, 0.0, 0.5, 0.28, NUC
0.49, 0.71, 0.54, 0.13, 0.5, 0.0, 0.58, 0.22, NUC
0.38, 0.26, 0.6, 0.1, 0.5, 0.0, 0.48, 0.44, NUC
0.34, 0.35, 0.58, 0.2, 0.5, 0.0, 0.46, 0.32, NUC
0.33, 0.21, 0.53, 0.15, 1.0, 0.0, 0.52, 0.5, NUC
0.43, 0.46, 0.5, 0.21, 0.5, 0.0, 0.49, 0.34, CYT
0.33, 0.28, 0.5, 0.4, 0.5, 0.0, 0.46, 0.61, NUC
0.51, 0.55, 0.56, 0.18, 0.5, 0.0, 0.5, 0.38, NUC
0.31, 0.39, 0.55, 0.28, 0.5, 0.0, 0.46, 0.31, NUC
0.64, 0.5, 0.53, 0.1, 0.5, 0.0, 0.51, 0.22, NUC
0.41, 0.52, 0.51, 0.22, 0.5, 0.0, 0.52, 0.44, NUC
0.46, 0.41, 0.58, 0.1, 0.5, 0.0, 0.48, 0.22, NUC
0.35, 0.4, 0.44, 0.25, 0.5, 0.0, 0.53, 0.57, NUC
0.54, 0.55, 0.56, 0.14, 0.5, 0.0, 0.5, 0.25, CYT
0.45, 0.5, 0.57, 0.29, 0.5, 0.0, 0.44, 0.11, CYT
0.51, 0.39, 0.58, 0.19, 0.5, 0.0, 0.47, 0.22, CYT
0.57, 0.49, 0.61, 0.26, 0.5, 0.0, 0.52, 0.22, NUC
0.27, 0.31, 0.55, 0.13, 0.5, 0.0, 0.5, 0.22, NUC
0.35, 0.33, 0.48, 0.42, 0.5, 0.0, 0.47, 0.43, CYT
0.57, 0.43, 0.52, 0.3, 0.5, 0.0, 0.37, 0.11, CYT
0.59, 0.51, 0.48, 0.12, 0.5, 0.0, 0.54, 0.31, CYT
0.4, 0.45, 0.61, 0.29, 0.5, 0.0, 0.44, 0.22, CYT
0.34, 0.34, 0.65, 0.4, 0.5, 0.0, 0.32, 0.16, CYT
0.35, 0.21, 1.0, 0.8, 0.5, 0.0, 0.13, 0.01, CYT
0.54, 0.44, 0.55, 0.48, 0.5, 0.0, 0.47, 0.22, CYT
0.42, 0.38, 0.52, 0.29, 0.5, 0.0, 0.42, 0.22, NUC
0.46, 0.38, 0.51, 0.2, 0.5, 0.0, 0.51, 0.22, CYT
0.48, 0.51, 0.5, 0.24, 0.5, 0.0, 0.54, 0.38, CYT
0.56, 0.55, 0.57, 0.15, 0.5, 0.0, 0.54, 0.25, CYT
0.27, 0.41, 0.24, 0.2, 0.5, 0.0, 0.49, 0.22, ME3
0.57, 0.55, 0.51, 0.18, 0.5, 0.0, 0.51, 0.43, NUC
0.37, 0.48, 0.67, 0.37, 0.5, 0.0, 0.56, 0.62, NUC
0.52, 0.31, 0.56, 0.16, 0.5, 0.0, 0.55, 0.22, NUC
0.53, 0.48, 0.51, 0.18, 0.5, 0.0, 0.52, 0.27, CYT
0.41, 0.42, 0.23, 0.16, 0.5, 0.0, 0.4, 0.22, ME3
0.36, 0.37, 0.63, 0.25, 0.5, 0.0, 0.3, 0.22, CYT
0.74, 0.82, 0.46, 0.24, 0.5, 0.0, 0.5, 0.31, EXC
0.61, 0.54, 0.54, 0.38, 0.5, 0.0, 0.54, 0.29, MIT
0.52, 0.45, 0.53, 0.34, 0.5, 0.0, 0.52, 0.44, CYT
0.54, 0.67, 0.56, 0.15, 0.5, 0.0, 0.57, 0.33, NUC
0.38, 0.42, 0.5, 0.19, 0.5, 0.0, 0.44, 0.22, CYT
0.47, 0.46, 0.53, 0.12, 0.5, 0.0, 0.51, 0.25, NUC
0.49, 0.5, 0.42, 0.43, 0.5, 0.0, 0.5, 0.36, VAC
0.53, 0.45, 0.52, 0.29, 0.5, 0.0, 0.55, 0.38, MIT
0.79, 0.62, 0.35, 0.35, 0.5, 0.0, 0.6, 0.28, ME2
0.47, 0.59, 0.56, 0.09, 0.5, 0.0, 0.5, 0.22, CYT
0.5, 0.47, 0.45, 0.14, 0.5, 0.0, 0.53, 0.32, ME3
0.66, 0.37, 0.6, 0.25, 0.5, 0.0, 0.69, 0.22, MIT
0.68, 0.68, 0.35, 0.16, 0.5, 0.0, 0.62, 0.22, VAC
0.5, 0.55, 0.52, 0.16, 0.5, 0.0, 0.51, 0.31, CYT
0.46, 0.52, 0.51, 0.13, 0.5, 0.0, 0.47, 0.22, CYT
0.49, 0.49, 0.4, 0.2, 0.5, 0.0, 0.48, 0.26, ME3
0.5, 0.47, 0.56, 0.31, 0.5, 0.0, 0.56, 0.26, CYT
0.33, 0.49, 0.46, 0.22, 0.5, 0.0, 0.53, 0.33, ME3
0.43, 0.6, 0.4, 0.12, 0.5, 0.0, 0.49, 0.29, ME3
0.74, 0.73, 0.32, 0.2, 0.5, 0.0, 0.55, 0.22, ME1
0.55, 0.35, 0.36, 0.29, 0.5, 0.0, 0.51, 0.22, ME3
0.67, 0.61, 0.39, 0.24, 0.5, 0.0, 0.51, 0.22, ME3
0.39, 0.56, 0.34, 0.18, 0.5, 0.0, 0.49, 0.22, ME3
0.48, 0.58, 0.47, 0.17, 0.5, 0.0, 0.53, 0.74, CYT
0.86, 0.78, 0.34, 0.15, 0.5, 0.0, 0.53, 0.22, ME2
0.72, 0.73, 0.41, 0.28, 0.5, 0.0, 0.44, 0.22, ME1
0.52, 0.46, 0.34, 0.2, 0.5, 0.0, 0.51, 0.25, ME3
0.47, 0.5, 0.6, 0.63, 0.5, 0.0, 0.38, 0.16, CYT
0.5, 0.61, 0.44, 0.2, 0.5, 0.0, 0.49, 0.22, MIT
0.63, 0.57, 0.5, 0.48, 0.5, 0.0, 0.51, 0.22, MIT
0.47, 0.43, 0.61, 0.4, 0.5, 0.0, 0.48, 0.47, NUC
0.36, 0.46, 0.62, 0.46, 0.5, 0.0, 0.51, 0.33, CYT
0.52, 0.56, 0.54, 0.53, 0.5, 0.0, 0.45, 0.22, MIT
0.56, 0.44, 0.56, 0.19, 0.5, 0.0, 0.54, 0.22, CYT
0.49, 0.37, 0.59, 0.17, 0.5, 0.0, 0.51, 0.22, NUC
0.89, 0.77, 0.36, 0.34, 0.5, 0.0, 0.44, 0.22, EXC
0.53, 0.42, 0.58, 0.29, 0.5, 0.0, 0.5, 0.22, MIT
0.48, 0.54, 0.53, 0.6, 0.5, 0.0, 0.53, 0.31, NUC
0.5, 0.42, 0.57, 0.49, 0.5, 0.0, 0.48, 0.27, NUC
0.51, 0.48, 0.46, 0.29, 0.5, 0.0, 0.54, 0.22, CYT
0.41, 0.41, 0.43, 0.61, 0.5, 0.0, 0.53, 0.22, MIT
0.3, 0.33, 0.55, 0.12, 0.5, 0.0, 0.53, 0.38, CYT
0.35, 0.29, 0.46, 0.14, 0.5, 0.0, 0.54, 0.66, NUC
