@relation penbased-4
@attribute At1 integer [0, 100]
@attribute At2 integer [0, 100]
@attribute At3 integer [0, 100]
@attribute At4 integer [0, 100]
@attribute At5 integer [0, 100]
@attribute At6 integer [0, 100]
@attribute At7 integer [0, 100]
@attribute At8 integer [0, 100]
@attribute At9 integer [0, 100]
@attribute At10 integer [0, 100]
@attribute At11 integer [0, 100]
@attribute At12 integer [0, 100]
@attribute At13 integer [0, 100]
@attribute At14 integer [0, 100]
@attribute At15 integer [0, 100]
@attribute At16 integer [0, 100]
@attribute Class {0, 1, 2, 3, 4, 5, 6, 7, 8, 9}
@inputs At1, At2, At3, At4, At5, At6, At7, At8, At9, At10, At11, At12, At13, At14, At15, At16
@outputs Class
@data
46, 100, 10, 83, 34, 64, 100, 77, 71, 82, 49, 54, 22, 27, 0, 0, 4
100, 84, 31, 100, 0, 88, 8, 70, 15, 53, 15, 35, 0, 17, 0, 0, 1
11, 92, 56, 100, 83, 82, 52, 59, 87, 39, 100, 14, 55, 0, 0, 0, 3
51, 76, 68, 91, 100, 100, 83, 80, 59, 60, 34, 40, 10, 20, 0, 0, 1
0, 75, 47, 87, 100, 100, 91, 80, 72, 60, 53, 40, 35, 20, 19, 0, 1
18, 73, 0, 73, 10, 24, 54, 0, 100, 22, 95, 71, 52, 100, 5, 84, 0
35, 76, 0, 42, 11, 0, 65, 5, 100, 41, 97, 85, 49, 100, 9, 69, 0
38, 51, 8, 66, 0, 19, 42, 0, 87, 26, 100, 71, 61, 100, 16, 84, 0
39, 100, 23, 82, 0, 52, 1, 21, 48, 0, 100, 16, 70, 42, 6, 55, 6
22, 100, 1, 66, 0, 33, 50, 32, 100, 36, 82, 63, 77, 30, 71, 0, 4
100, 100, 63, 78, 28, 53, 0, 27, 4, 0, 60, 1, 78, 22, 24, 21, 6
3, 66, 16, 100, 27, 69, 14, 32, 0, 0, 33, 5, 67, 10, 100, 11, 2
45, 85, 93, 100, 100, 98, 48, 88, 7, 62, 48, 48, 48, 18, 0, 0, 5
0, 67, 16, 80, 64, 100, 85, 99, 85, 74, 89, 49, 95, 24, 100, 0, 1
30, 100, 16, 84, 0, 51, 28, 26, 80, 33, 100, 65, 79, 34, 68, 0, 4
19, 73, 54, 91, 100, 100, 99, 78, 86, 52, 78, 26, 43, 8, 0, 0, 3
100, 96, 71, 100, 42, 79, 49, 56, 91, 51, 82, 16, 42, 0, 0, 1, 5
47, 91, 37, 63, 65, 27, 21, 0, 9, 40, 0, 91, 49, 100, 100, 91, 5
100, 100, 52, 80, 20, 52, 6, 20, 45, 0, 99, 12, 59, 30, 0, 25, 6
46, 96, 80, 100, 81, 76, 77, 60, 100, 36, 75, 12, 36, 0, 0, 6, 3
0, 74, 28, 100, 69, 99, 79, 63, 59, 28, 28, 0, 57, 0, 100, 2, 2
100, 100, 68, 78, 37, 55, 13, 29, 11, 0, 51, 2, 41, 20, 0, 20, 6
85, 100, 56, 72, 42, 39, 55, 7, 100, 0, 95, 30, 46, 37, 0, 23, 6
13, 100, 8, 93, 0, 66, 8, 41, 57, 40, 100, 50, 82, 25, 69, 0, 4
28, 55, 63, 78, 100, 100, 75, 71, 56, 42, 35, 13, 0, 0, 25, 0, 1
33, 80, 23, 100, 87, 96, 97, 68, 79, 44, 100, 16, 44, 0, 0, 22, 3
45, 100, 1, 67, 0, 24, 69, 24, 100, 48, 73, 98, 80, 53, 90, 0, 4
100, 100, 54, 90, 17, 66, 0, 35, 16, 5, 66, 0, 66, 29, 22, 47, 6
11, 84, 52, 100, 100, 96, 83, 66, 72, 50, 87, 16, 45, 0, 0, 11, 3
0, 84, 40, 100, 76, 71, 65, 33, 32, 0, 5, 28, 42, 44, 100, 46, 7
24, 66, 100, 89, 30, 66, 88, 32, 34, 0, 0, 34, 61, 72, 77, 100, 8
100, 100, 75, 83, 43, 57, 20, 28, 31, 0, 77, 6, 48, 24, 0, 24, 6
11, 50, 0, 16, 38, 0, 79, 8, 100, 46, 76, 84, 37, 100, 0, 84, 0
86, 78, 48, 100, 14, 72, 19, 35, 2, 0, 0, 29, 49, 59, 100, 88, 8
33, 100, 10, 76, 0, 48, 4, 20, 43, 0, 100, 10, 81, 31, 21, 25, 6
79, 97, 0, 100, 9, 73, 89, 87, 100, 95, 79, 63, 60, 30, 57, 0, 9
0, 89, 10, 55, 51, 30, 48, 0, 18, 23, 20, 66, 49, 94, 100, 100, 5
0, 71, 39, 81, 74, 99, 100, 100, 78, 75, 53, 50, 28, 26, 11, 0, 1
29, 72, 52, 100, 63, 58, 39, 17, 0, 0, 18, 17, 59, 10, 100, 3, 2
0, 98, 40, 100, 78, 88, 59, 42, 32, 0, 28, 14, 47, 41, 100, 42, 7
49, 86, 50, 100, 100, 96, 81, 66, 82, 40, 87, 9, 38, 0, 0, 22, 3
0, 99, 51, 100, 100, 96, 72, 59, 56, 16, 41, 0, 24, 39, 81, 50, 7
58, 85, 100, 100, 87, 94, 52, 72, 59, 43, 85, 27, 47, 2, 0, 0, 5
32, 95, 100, 100, 55, 95, 0, 71, 7, 45, 73, 33, 78, 7, 11, 0, 5
0, 94, 44, 100, 84, 82, 100, 47, 93, 10, 90, 0, 88, 23, 41, 26, 7
100, 100, 81, 81, 39, 55, 0, 28, 8, 0, 75, 4, 66, 31, 12, 25, 6
8, 92, 58, 64, 100, 30, 73, 0, 12, 22, 0, 61, 3, 97, 90, 100, 5
0, 57, 36, 83, 62, 100, 54, 64, 47, 28, 12, 0, 30, 2, 100, 3, 1
0, 64, 48, 80, 100, 100, 95, 87, 76, 65, 67, 43, 57, 22, 71, 0, 1
53, 79, 44, 55, 22, 10, 0, 0, 32, 36, 66, 69, 100, 100, 61, 83, 8
29, 100, 3, 82, 0, 52, 60, 51, 100, 78, 90, 56, 81, 27, 75, 0, 4
21, 90, 3, 52, 77, 55, 62, 5, 0, 0, 6, 52, 14, 100, 100, 100, 5
9, 61, 16, 100, 58, 96, 41, 53, 7, 18, 0, 8, 49, 2, 100, 0, 2
78, 99, 0, 100, 17, 63, 57, 28, 47, 0, 7, 31, 45, 65, 100, 95, 8
10, 86, 51, 100, 84, 78, 53, 48, 85, 40, 100, 14, 52, 0, 0, 0, 3
86, 90, 28, 100, 0, 52, 46, 4, 26, 0, 25, 51, 100, 83, 73, 99, 8
82, 100, 35, 78, 97, 39, 94, 0, 0, 1, 39, 42, 100, 81, 40, 94, 8
14, 88, 49, 100, 65, 77, 34, 53, 0, 31, 1, 7, 50, 0, 100, 0, 2
39, 69, 55, 100, 96, 81, 80, 43, 45, 10, 0, 0, 44, 15, 100, 3, 2
7, 100, 74, 93, 38, 60, 0, 93, 70, 92, 100, 44, 67, 0, 4, 7, 9
0, 44, 30, 61, 67, 80, 100, 100, 96, 80, 83, 53, 68, 26, 62, 0, 1
100, 100, 49, 80, 15, 54, 0, 25, 26, 0, 86, 7, 62, 24, 0, 19, 6
40, 63, 60, 100, 100, 82, 85, 40, 44, 11, 0, 0, 45, 19, 93, 3, 2
0, 70, 1, 29, 37, 0, 88, 5, 100, 43, 78, 79, 34, 100, 5, 70, 0
30, 82, 52, 100, 100, 85, 81, 53, 38, 28, 0, 26, 56, 17, 97, 0, 2
4, 68, 28, 98, 75, 100, 64, 65, 31, 36, 0, 8, 43, 0, 100, 6, 2
47, 68, 0, 70, 53, 34, 85, 0, 22, 12, 53, 59, 100, 100, 46, 88, 8
100, 95, 0, 78, 93, 59, 81, 100, 62, 44, 2, 5, 96, 0, 48, 48, 8
0, 86, 46, 100, 100, 76, 81, 38, 58, 0, 53, 6, 8, 38, 83, 40, 7
61, 77, 78, 100, 94, 76, 77, 43, 47, 15, 0, 1, 47, 0, 100, 4, 2
0, 64, 46, 77, 81, 100, 100, 99, 96, 72, 88, 45, 74, 19, 85, 0, 1
80, 88, 43, 100, 9, 70, 0, 31, 28, 0, 78, 11, 100, 46, 90, 85, 0
12, 55, 0, 46, 21, 6, 66, 0, 100, 30, 99, 73, 63, 100, 18, 93, 0
0, 78, 40, 100, 80, 86, 70, 42, 40, 7, 14, 0, 56, 18, 100, 3, 2
48, 100, 18, 59, 43, 74, 53, 82, 41, 22, 0, 0, 38, 1, 100, 0, 1
60, 80, 12, 50, 3, 0, 57, 10, 97, 50, 100, 100, 46, 92, 0, 59, 0
0, 91, 36, 100, 62, 83, 57, 60, 70, 39, 100, 22, 78, 4, 39, 0, 3
45, 69, 58, 100, 94, 83, 75, 47, 39, 18, 0, 0, 50, 9, 100, 2, 2
28, 86, 8, 60, 54, 45, 28, 0, 6, 20, 0, 70, 40, 98, 100, 100, 5
89, 100, 40, 79, 0, 42, 69, 38, 100, 59, 74, 87, 69, 43, 68, 0, 4
56, 80, 5, 100, 10, 65, 87, 33, 71, 0, 0, 22, 58, 59, 100, 97, 8
12, 73, 0, 30, 33, 0, 77, 6, 100, 44, 78, 85, 37, 100, 12, 67, 0
38, 78, 52, 100, 97, 79, 58, 52, 78, 41, 100, 11, 38, 0, 0, 20, 3
29, 94, 2, 59, 0, 17, 47, 0, 90, 25, 100, 66, 71, 100, 19, 98, 0
45, 72, 18, 100, 0, 64, 64, 33, 98, 0, 7, 5, 26, 41, 100, 68, 8
100, 67, 66, 100, 0, 89, 10, 55, 70, 70, 87, 50, 74, 9, 12, 0, 9
39, 96, 14, 77, 0, 36, 25, 0, 78, 4, 100, 43, 77, 82, 28, 100, 0
21, 69, 49, 100, 87, 85, 69, 45, 32, 16, 0, 8, 50, 7, 100, 0, 2
98, 100, 50, 76, 20, 42, 21, 5, 77, 0, 100, 34, 45, 37, 0, 10, 6
16, 100, 10, 59, 57, 35, 27, 0, 0, 29, 2, 86, 45, 96, 100, 96, 5
51, 92, 12, 63, 0, 8, 54, 0, 100, 37, 86, 86, 28, 100, 20, 56, 0
12, 67, 42, 36, 57, 4, 12, 0, 0, 38, 12, 73, 55, 87, 100, 100, 5
100, 100, 79, 89, 57, 75, 36, 60, 14, 44, 0, 29, 0, 13, 29, 0, 1
43, 100, 8, 67, 3, 27, 41, 0, 87, 27, 100, 66, 54, 92, 0, 74, 0
7, 78, 78, 100, 100, 93, 98, 51, 98, 9, 22, 0, 0, 1, 93, 2, 1
0, 100, 37, 94, 47, 55, 46, 15, 37, 0, 6, 29, 53, 34, 100, 37, 7
88, 100, 53, 84, 77, 69, 100, 86, 88, 60, 73, 35, 43, 13, 0, 0, 9
16, 68, 31, 100, 76, 82, 70, 40, 28, 13, 0, 4, 55, 3, 100, 0, 2
0, 86, 55, 100, 73, 70, 50, 35, 29, 0, 3, 32, 38, 45, 100, 41, 7
41, 100, 0, 65, 41, 43, 61, 12, 6, 0, 24, 47, 42, 93, 100, 98, 5
0, 5, 18, 35, 47, 63, 76, 88, 100, 100, 79, 68, 60, 35, 58, 0, 1
53, 93, 3, 71, 47, 34, 23, 0, 0, 29, 59, 63, 100, 100, 9, 98, 8
15, 58, 80, 78, 100, 100, 88, 69, 73, 38, 56, 7, 0, 0, 98, 4, 1
56, 100, 42, 78, 0, 52, 29, 33, 100, 37, 90, 59, 70, 30, 59, 0, 4
44, 89, 62, 48, 61, 0, 0, 6, 35, 47, 100, 72, 81, 100, 14, 84, 8
0, 85, 43, 100, 68, 87, 50, 61, 92, 44, 100, 14, 55, 0, 8, 8, 3
100, 100, 56, 91, 25, 68, 4, 43, 0, 15, 37, 0, 61, 20, 12, 24, 6
88, 99, 9, 100, 0, 54, 55, 12, 4, 0, 24, 40, 100, 73, 63, 94, 8
0, 74, 13, 100, 55, 100, 100, 98, 79, 80, 59, 55, 45, 28, 42, 0, 7
5, 84, 38, 100, 53, 73, 32, 42, 0, 19, 29, 32, 69, 23, 100, 0, 2
0, 97, 62, 100, 99, 84, 77, 50, 62, 15, 52, 0, 26, 33, 100, 38, 7
0, 98, 10, 100, 61, 98, 100, 85, 77, 63, 47, 43, 20, 23, 3, 0, 7
84, 92, 41, 91, 37, 46, 66, 0, 0, 9, 46, 49, 100, 85, 33, 100, 8
0, 97, 11, 100, 62, 98, 100, 85, 94, 62, 72, 42, 48, 21, 44, 0, 7
36, 81, 36, 70, 80, 36, 52, 0, 0, 22, 29, 63, 35, 94, 100, 100, 5
30, 63, 44, 100, 89, 96, 77, 56, 40, 24, 0, 11, 51, 19, 100, 0, 2
100, 75, 60, 100, 0, 85, 14, 53, 75, 68, 88, 78, 73, 39, 71, 0, 9
100, 100, 37, 89, 43, 57, 69, 26, 33, 0, 0, 19, 35, 48, 83, 73, 8
88, 99, 18, 100, 0, 69, 75, 81, 100, 95, 86, 62, 73, 30, 76, 0, 9
25, 84, 0, 62, 8, 17, 52, 0, 92, 26, 100, 69, 66, 100, 20, 88, 0
0, 86, 44, 100, 85, 86, 62, 42, 34, 0, 21, 4, 45, 38, 100, 43, 7
64, 83, 86, 100, 100, 76, 68, 53, 94, 36, 78, 11, 40, 3, 0, 0, 3
42, 87, 77, 100, 75, 76, 70, 52, 100, 34, 88, 10, 44, 0, 0, 5, 3
62, 100, 100, 98, 77, 61, 45, 28, 39, 0, 79, 25, 50, 57, 0, 72, 8
100, 99, 81, 100, 43, 74, 13, 44, 0, 8, 44, 0, 60, 27, 13, 35, 6
48, 97, 89, 100, 77, 71, 49, 46, 16, 23, 0, 0, 50, 3, 100, 7, 2
40, 78, 30, 100, 79, 88, 71, 54, 42, 24, 0, 0, 43, 4, 100, 10, 2
33, 93, 0, 55, 61, 58, 91, 25, 37, 0, 29, 53, 36, 100, 100, 93, 5
0, 62, 18, 98, 56, 100, 42, 60, 14, 25, 11, 0, 55, 6, 100, 12, 2
94, 77, 61, 100, 53, 73, 100, 78, 98, 58, 94, 15, 49, 0, 0, 14, 9
40, 100, 0, 96, 1, 72, 44, 91, 63, 58, 100, 29, 96, 0, 39, 9, 9
0, 100, 57, 98, 100, 100, 76, 62, 58, 23, 53, 0, 30, 36, 88, 43, 7
64, 89, 100, 100, 47, 87, 7, 64, 25, 53, 74, 43, 51, 14, 0, 0, 5
100, 94, 29, 84, 32, 41, 59, 0, 0, 1, 42, 38, 87, 74, 52, 100, 8
0, 100, 73, 99, 62, 66, 34, 33, 14, 0, 5, 15, 19, 43, 100, 43, 7
70, 92, 12, 52, 26, 0, 100, 43, 88, 100, 13, 58, 61, 68, 0, 11, 0
0, 99, 73, 100, 100, 80, 56, 47, 33, 7, 10, 0, 7, 33, 81, 35, 7
1, 30, 35, 0, 78, 14, 100, 56, 85, 100, 42, 98, 8, 65, 0, 20, 0
100, 100, 68, 96, 37, 75, 14, 51, 0, 22, 21, 0, 54, 10, 15, 18, 6
26, 85, 68, 100, 91, 79, 68, 54, 83, 40, 100, 16, 56, 0, 0, 7, 3
81, 100, 55, 92, 17, 61, 3, 26, 41, 0, 100, 14, 65, 44, 0, 60, 6
51, 100, 33, 77, 0, 53, 11, 32, 77, 36, 100, 53, 76, 27, 60, 0, 4
27, 84, 12, 42, 18, 0, 73, 7, 100, 45, 93, 88, 40, 100, 0, 67, 0
64, 100, 100, 92, 94, 56, 72, 22, 72, 0, 91, 31, 52, 59, 0, 80, 8
49, 95, 82, 100, 68, 68, 73, 66, 100, 41, 74, 12, 29, 0, 0, 21, 3
22, 89, 0, 55, 39, 47, 43, 4, 6, 0, 16, 56, 39, 100, 100, 98, 5
62, 98, 22, 72, 0, 29, 28, 0, 77, 15, 100, 57, 86, 100, 37, 97, 0
0, 88, 65, 55, 100, 16, 45, 0, 43, 40, 90, 77, 68, 100, 8, 69, 8
88, 88, 53, 78, 100, 40, 91, 0, 0, 1, 5, 39, 57, 76, 18, 100, 8
18, 83, 53, 100, 67, 75, 43, 47, 12, 22, 0, 0, 50, 11, 100, 22, 2
100, 96, 44, 75, 22, 100, 77, 99, 91, 65, 93, 29, 67, 0, 0, 12, 9
29, 100, 25, 73, 0, 37, 48, 32, 100, 32, 84, 68, 60, 39, 43, 0, 4
0, 72, 32, 91, 77, 100, 100, 88, 87, 45, 75, 0, 61, 15, 89, 34, 7
33, 66, 72, 86, 100, 100, 76, 71, 70, 40, 55, 10, 0, 0, 13, 6, 1
44, 77, 19, 50, 39, 19, 0, 0, 8, 31, 19, 66, 57, 87, 100, 100, 5
33, 91, 79, 100, 100, 79, 79, 56, 41, 37, 0, 20, 37, 7, 93, 0, 2
75, 75, 36, 100, 6, 68, 62, 35, 100, 0, 0, 6, 31, 41, 93, 74, 8
15, 79, 43, 100, 51, 68, 29, 31, 0, 2, 30, 7, 65, 0, 100, 1, 2
59, 82, 11, 67, 100, 65, 54, 100, 40, 48, 0, 22, 60, 0, 43, 52, 8
100, 94, 29, 100, 0, 72, 70, 79, 88, 98, 64, 65, 50, 33, 43, 0, 9
0, 26, 57, 56, 98, 94, 31, 100, 45, 63, 100, 31, 78, 0, 9, 16, 8
17, 96, 0, 63, 6, 20, 50, 0, 95, 22, 100, 64, 71, 100, 25, 86, 0
10, 78, 49, 100, 100, 98, 69, 68, 85, 43, 100, 14, 51, 2, 0, 0, 3
13, 100, 20, 71, 59, 39, 44, 0, 0, 16, 7, 61, 42, 93, 100, 97, 5
34, 100, 5, 59, 0, 46, 100, 47, 94, 81, 64, 86, 62, 43, 50, 0, 4
0, 91, 49, 96, 100, 100, 67, 62, 54, 18, 38, 0, 21, 38, 83, 40, 7
54, 100, 29, 87, 6, 55, 0, 23, 48, 0, 100, 21, 40, 35, 12, 17, 6
61, 95, 39, 68, 100, 100, 45, 76, 0, 45, 10, 0, 90, 36, 21, 50, 8
13, 88, 10, 56, 54, 29, 30, 0, 10, 35, 0, 79, 46, 99, 100, 100, 5
32, 90, 0, 64, 66, 29, 79, 0, 12, 26, 60, 67, 100, 100, 16, 79, 8
32, 92, 75, 100, 79, 63, 56, 28, 29, 0, 0, 33, 42, 46, 100, 48, 7
21, 73, 12, 31, 40, 0, 81, 18, 100, 55, 82, 94, 37, 100, 0, 75, 0
26, 88, 33, 56, 93, 36, 64, 0, 11, 10, 0, 55, 31, 88, 100, 100, 5
52, 69, 61, 100, 100, 93, 77, 60, 42, 31, 0, 3, 26, 0, 97, 1, 2
41, 84, 93, 52, 100, 12, 33, 0, 47, 39, 93, 74, 72, 100, 0, 81, 8
59, 86, 60, 100, 96, 91, 71, 63, 87, 47, 100, 21, 57, 2, 0, 0, 3
75, 91, 30, 100, 24, 60, 53, 21, 11, 0, 0, 37, 44, 70, 100, 93, 8
23, 100, 0, 58, 8, 12, 58, 0, 99, 29, 100, 75, 56, 100, 14, 78, 0
0, 100, 85, 97, 100, 69, 65, 38, 28, 7, 13, 0, 13, 34, 92, 41, 7
45, 80, 37, 48, 55, 100, 40, 67, 58, 14, 0, 1, 35, 0, 100, 2, 1
65, 95, 28, 72, 52, 33, 24, 0, 0, 16, 15, 59, 48, 89, 100, 100, 5
36, 68, 72, 100, 81, 90, 63, 46, 47, 7, 0, 2, 49, 0, 100, 2, 1
47, 89, 20, 55, 36, 6, 80, 0, 100, 45, 77, 90, 32, 100, 0, 67, 0
41, 82, 64, 100, 83, 77, 46, 53, 93, 42, 100, 19, 52, 6, 0, 0, 3
32, 71, 54, 100, 82, 77, 62, 43, 24, 17, 0, 8, 50, 6, 100, 0, 2
36, 86, 68, 100, 100, 77, 62, 52, 71, 45, 99, 19, 52, 2, 0, 0, 3
8, 77, 39, 95, 86, 100, 100, 80, 68, 59, 73, 35, 40, 15, 0, 0, 3
23, 85, 69, 100, 62, 68, 53, 27, 32, 0, 0, 2, 50, 5, 100, 3, 1
30, 74, 45, 100, 87, 90, 56, 59, 100, 40, 83, 9, 30, 0, 0, 15, 3
0, 90, 43, 100, 89, 87, 75, 59, 44, 36, 9, 14, 48, 5, 100, 0, 2
27, 81, 43, 100, 86, 84, 52, 60, 84, 43, 100, 16, 54, 0, 0, 1, 3
34, 98, 58, 68, 75, 100, 10, 96, 67, 67, 100, 36, 50, 0, 0, 22, 9
12, 66, 51, 92, 100, 100, 74, 70, 36, 42, 0, 15, 35, 0, 100, 9, 2
54, 92, 90, 100, 100, 95, 63, 89, 33, 66, 52, 33, 32, 2, 0, 0, 5
7, 84, 45, 100, 79, 83, 53, 66, 100, 52, 93, 19, 50, 0, 0, 5, 3
0, 87, 35, 100, 71, 87, 61, 53, 33, 28, 21, 3, 60, 0, 100, 0, 2
32, 100, 9, 63, 0, 21, 30, 0, 70, 14, 100, 43, 87, 79, 47, 90, 0
20, 85, 27, 50, 94, 51, 87, 3, 27, 0, 0, 53, 32, 89, 100, 100, 5
22, 93, 0, 70, 69, 37, 100, 0, 15, 20, 51, 60, 77, 94, 42, 100, 8
41, 71, 32, 40, 100, 76, 34, 100, 36, 57, 89, 68, 70, 4, 0, 0, 9
65, 100, 45, 90, 14, 57, 0, 23, 43, 0, 100, 16, 80, 45, 35, 27, 6
63, 100, 23, 77, 0, 39, 3, 0, 61, 7, 100, 38, 99, 78, 46, 96, 0
33, 87, 49, 100, 94, 83, 49, 64, 73, 47, 100, 20, 60, 0, 0, 3, 3
56, 100, 20, 79, 0, 45, 29, 18, 74, 27, 100, 61, 76, 35, 60, 0, 4
0, 55, 37, 83, 64, 100, 54, 66, 49, 32, 33, 0, 22, 6, 100, 8, 1
2, 91, 44, 100, 91, 82, 52, 55, 62, 54, 100, 27, 56, 3, 0, 0, 3
14, 63, 19, 100, 63, 96, 60, 57, 27, 26, 0, 0, 50, 6, 100, 12, 2
0, 90, 41, 100, 90, 74, 81, 36, 51, 0, 36, 1, 24, 36, 100, 40, 7
79, 100, 50, 63, 0, 34, 15, 35, 93, 36, 100, 71, 64, 37, 43, 0, 4
23, 80, 14, 80, 77, 100, 100, 70, 66, 39, 0, 19, 23, 12, 97, 0, 2
0, 93, 41, 100, 78, 79, 66, 40, 60, 0, 100, 14, 76, 32, 26, 35, 7
100, 100, 63, 79, 35, 57, 12, 34, 4, 9, 44, 0, 60, 21, 0, 20, 6
60, 90, 43, 68, 52, 22, 21, 0, 0, 39, 52, 66, 100, 95, 38, 100, 8
60, 81, 12, 100, 0, 70, 28, 34, 28, 0, 12, 33, 52, 64, 100, 91, 8
27, 84, 20, 51, 38, 11, 0, 0, 2, 47, 9, 93, 54, 100, 100, 99, 5
34, 62, 51, 96, 55, 56, 50, 13, 0, 0, 6, 56, 38, 100, 100, 90, 5
57, 91, 22, 70, 0, 24, 37, 0, 81, 21, 100, 67, 69, 100, 30, 73, 0
30, 100, 23, 69, 66, 33, 59, 0, 19, 27, 0, 67, 8, 100, 100, 97, 5
62, 100, 0, 57, 94, 71, 34, 93, 26, 47, 13, 0, 100, 37, 8, 39, 8
92, 100, 54, 84, 66, 70, 100, 88, 85, 64, 68, 39, 39, 18, 0, 0, 9
100, 82, 67, 100, 38, 79, 69, 66, 90, 61, 73, 30, 43, 6, 0, 0, 9
45, 100, 53, 65, 100, 98, 22, 98, 45, 71, 85, 69, 81, 13, 0, 0, 9
31, 100, 0, 67, 2, 26, 42, 0, 86, 20, 100, 60, 73, 93, 25, 85, 0
0, 89, 21, 72, 62, 94, 11, 100, 57, 73, 100, 45, 74, 13, 9, 0, 9
42, 99, 8, 69, 0, 28, 39, 0, 85, 24, 100, 64, 74, 100, 21, 85, 0
0, 58, 35, 62, 70, 83, 100, 100, 91, 74, 82, 49, 74, 23, 78, 0, 1
0, 79, 23, 100, 66, 78, 66, 39, 56, 0, 30, 1, 41, 27, 100, 29, 7
17, 100, 0, 60, 12, 16, 59, 0, 100, 27, 95, 70, 51, 93, 15, 63, 0
80, 100, 28, 96, 0, 63, 3, 26, 45, 0, 100, 5, 57, 24, 1, 12, 6
39, 100, 29, 92, 0, 58, 2, 34, 61, 37, 100, 60, 82, 36, 78, 0, 4
0, 30, 46, 60, 59, 100, 21, 81, 67, 50, 100, 16, 38, 0, 7, 28, 8
11, 68, 44, 100, 50, 88, 36, 46, 24, 5, 0, 5, 50, 1, 100, 0, 1
64, 100, 29, 84, 0, 56, 38, 38, 100, 48, 94, 53, 57, 26, 24, 0, 4
41, 90, 62, 100, 29, 74, 2, 47, 0, 22, 64, 33, 100, 28, 88, 0, 4
12, 100, 0, 75, 11, 44, 98, 39, 100, 56, 68, 68, 58, 32, 60, 0, 4
6, 100, 16, 61, 81, 44, 66, 0, 0, 9, 0, 55, 16, 96, 100, 99, 5
69, 89, 6, 100, 10, 64, 35, 26, 10, 0, 0, 36, 47, 64, 100, 91, 8
46, 92, 18, 64, 62, 40, 28, 0, 0, 9, 4, 63, 28, 100, 100, 98, 5
0, 100, 39, 98, 70, 69, 48, 33, 22, 0, 1, 37, 45, 44, 100, 46, 7
14, 65, 35, 100, 64, 79, 48, 41, 16, 11, 0, 8, 50, 9, 100, 0, 2
54, 73, 92, 92, 100, 100, 65, 80, 42, 61, 19, 41, 8, 20, 0, 0, 1
13, 78, 44, 47, 36, 0, 0, 0, 48, 39, 100, 74, 85, 100, 20, 79, 8
55, 100, 18, 78, 0, 49, 5, 20, 46, 0, 100, 12, 68, 29, 10, 22, 6
0, 84, 41, 100, 86, 75, 33, 52, 54, 45, 100, 19, 51, 0, 2, 13, 3
32, 100, 19, 74, 0, 42, 44, 31, 100, 44, 93, 66, 85, 33, 81, 0, 4
42, 94, 0, 60, 23, 30, 86, 30, 100, 61, 70, 100, 69, 50, 71, 0, 4
0, 100, 34, 94, 70, 90, 100, 85, 78, 64, 57, 41, 42, 15, 43, 0, 7
5, 78, 30, 100, 50, 72, 30, 38, 0, 13, 25, 2, 62, 0, 100, 5, 2
40, 100, 11, 87, 0, 57, 11, 29, 66, 40, 100, 58, 82, 29, 78, 0, 4
0, 85, 42, 100, 79, 80, 70, 40, 75, 0, 44, 14, 42, 39, 100, 48, 7
0, 100, 48, 99, 59, 77, 61, 54, 91, 35, 100, 15, 59, 1, 11, 0, 3
0, 86, 35, 97, 100, 100, 73, 67, 48, 34, 21, 0, 18, 5, 56, 24, 7
14, 100, 14, 87, 0, 59, 11, 35, 100, 40, 97, 54, 83, 27, 100, 0, 4
100, 83, 37, 70, 0, 84, 52, 100, 94, 82, 95, 55, 91, 27, 92, 0, 9
57, 99, 1, 100, 39, 80, 64, 95, 78, 58, 100, 22, 59, 0, 0, 5, 9
92, 100, 56, 78, 21, 50, 1, 18, 43, 0, 100, 12, 60, 23, 0, 13, 6
27, 100, 15, 67, 0, 29, 40, 17, 100, 17, 97, 39, 67, 37, 62, 0, 4
57, 51, 100, 74, 87, 100, 27, 94, 0, 69, 57, 58, 75, 32, 65, 0, 9
21, 73, 84, 42, 90, 7, 0, 0, 19, 35, 81, 66, 100, 100, 9, 89, 8
52, 84, 19, 94, 0, 50, 20, 7, 66, 0, 100, 33, 96, 79, 54, 100, 0
48, 76, 62, 100, 93, 79, 67, 39, 28, 8, 0, 12, 51, 16, 100, 0, 2
0, 17, 0, 41, 61, 70, 100, 100, 100, 96, 89, 64, 79, 32, 68, 0, 1
49, 100, 14, 73, 0, 39, 10, 5, 64, 0, 100, 25, 57, 44, 1, 38, 6
45, 85, 79, 100, 89, 78, 65, 54, 100, 33, 97, 8, 46, 0, 0, 10, 3
0, 51, 19, 63, 59, 82, 100, 100, 84, 76, 67, 51, 51, 26, 40, 0, 1
0, 93, 35, 100, 84, 100, 100, 81, 85, 61, 70, 40, 55, 20, 52, 0, 7
43, 39, 100, 73, 69, 100, 7, 70, 60, 36, 57, 0, 0, 16, 67, 48, 8
0, 87, 46, 100, 72, 72, 61, 35, 42, 0, 23, 30, 49, 50, 100, 58, 7
0, 94, 34, 97, 100, 100, 59, 58, 34, 10, 18, 0, 21, 37, 91, 44, 7
63, 48, 100, 75, 75, 100, 20, 87, 0, 58, 57, 51, 82, 33, 62, 0, 9
29, 98, 0, 55, 43, 36, 43, 0, 21, 17, 28, 64, 41, 98, 100, 100, 5
9, 100, 0, 75, 78, 72, 100, 92, 74, 93, 56, 62, 38, 31, 21, 0, 4
0, 22, 36, 47, 70, 73, 100, 100, 90, 89, 66, 60, 46, 30, 27, 0, 1
84, 61, 100, 100, 55, 94, 46, 60, 92, 69, 82, 28, 45, 0, 0, 1, 9
82, 100, 0, 85, 67, 49, 100, 10, 6, 0, 12, 41, 82, 77, 69, 99, 8
7, 94, 54, 100, 76, 80, 30, 63, 73, 43, 100, 17, 60, 0, 0, 6, 3
60, 100, 19, 76, 1, 45, 3, 13, 56, 0, 100, 20, 44, 27, 0, 5, 6
94, 96, 47, 100, 6, 75, 16, 48, 80, 41, 100, 7, 44, 0, 0, 26, 5
100, 100, 48, 89, 12, 65, 0, 38, 15, 12, 79, 0, 70, 26, 3, 23, 6
0, 88, 55, 100, 100, 87, 65, 48, 39, 4, 19, 0, 22, 35, 87, 42, 7
20, 100, 21, 84, 0, 52, 37, 42, 100, 46, 97, 63, 81, 31, 71, 0, 4
0, 55, 6, 70, 54, 90, 100, 100, 76, 75, 49, 50, 24, 25, 5, 0, 1
22, 85, 49, 100, 71, 77, 45, 51, 11, 30, 0, 11, 51, 7, 100, 0, 2
0, 92, 56, 100, 100, 95, 73, 55, 59, 12, 43, 0, 26, 31, 87, 32, 7
14, 76, 57, 100, 63, 55, 13, 72, 71, 86, 100, 37, 52, 0, 0, 21, 9
18, 84, 0, 49, 14, 13, 58, 0, 92, 25, 100, 63, 73, 93, 27, 100, 0
25, 76, 0, 47, 20, 0, 83, 22, 100, 69, 49, 100, 3, 65, 13, 17, 0
0, 86, 57, 100, 100, 78, 71, 46, 36, 14, 30, 0, 4, 32, 74, 34, 7
0, 88, 30, 100, 68, 90, 60, 62, 72, 37, 100, 16, 70, 0, 27, 1, 3
88, 76, 78, 100, 26, 87, 59, 86, 100, 83, 76, 48, 42, 18, 0, 0, 9
48, 91, 20, 60, 0, 28, 18, 0, 66, 15, 90, 45, 100, 79, 69, 100, 0
26, 73, 35, 100, 100, 97, 78, 68, 46, 35, 26, 0, 0, 31, 52, 30, 7
72, 100, 31, 77, 4, 50, 0, 21, 40, 0, 100, 5, 88, 28, 28, 36, 6
100, 100, 62, 87, 21, 60, 0, 27, 31, 0, 93, 7, 87, 37, 32, 55, 6
78, 100, 29, 92, 4, 55, 0, 16, 54, 0, 100, 29, 44, 33, 3, 2, 6
52, 100, 25, 67, 0, 33, 46, 28, 100, 33, 99, 65, 73, 35, 53, 0, 4
40, 84, 33, 81, 100, 42, 81, 0, 0, 13, 46, 57, 94, 100, 11, 90, 8
13, 78, 38, 100, 41, 68, 24, 36, 0, 10, 33, 3, 68, 0, 100, 3, 2
53, 98, 88, 100, 100, 80, 78, 60, 58, 40, 57, 17, 35, 0, 0, 3, 3
59, 100, 28, 71, 26, 20, 0, 0, 28, 40, 72, 67, 100, 99, 49, 99, 8
51, 100, 35, 74, 10, 49, 0, 22, 54, 12, 100, 32, 90, 25, 69, 0, 4
4, 100, 59, 90, 66, 56, 56, 22, 39, 0, 0, 30, 16, 49, 100, 47, 7
0, 66, 46, 79, 100, 100, 97, 91, 71, 68, 46, 46, 26, 23, 23, 0, 1
100, 100, 55, 99, 20, 93, 23, 53, 67, 54, 80, 20, 43, 0, 0, 3, 5
12, 92, 1, 58, 62, 38, 50, 0, 0, 15, 2, 59, 30, 96, 100, 100, 5
0, 90, 36, 100, 64, 89, 53, 64, 67, 41, 100, 25, 88, 7, 48, 0, 3
100, 91, 44, 100, 0, 76, 10, 37, 30, 0, 3, 25, 25, 61, 72, 86, 8
4, 83, 0, 52, 21, 100, 27, 67, 54, 20, 2, 0, 35, 4, 100, 7, 1
77, 82, 55, 100, 45, 76, 91, 81, 100, 47, 90, 14, 46, 0, 0, 10, 9
0, 99, 27, 100, 64, 95, 100, 87, 77, 63, 58, 36, 41, 7, 32, 0, 7
0, 88, 36, 100, 70, 87, 68, 61, 70, 34, 100, 15, 64, 1, 17, 0, 3
14, 100, 0, 75, 7, 47, 72, 48, 100, 62, 83, 58, 82, 29, 84, 0, 4
0, 83, 30, 100, 78, 96, 100, 74, 70, 51, 37, 30, 35, 7, 83, 0, 2
86, 100, 32, 81, 0, 57, 30, 37, 100, 51, 86, 46, 41, 23, 11, 0, 4
0, 82, 36, 100, 88, 93, 63, 65, 69, 48, 100, 21, 60, 0, 8, 9, 3
34, 100, 18, 63, 63, 34, 34, 0, 0, 15, 14, 58, 40, 93, 100, 89, 5
38, 85, 0, 59, 48, 53, 68, 18, 22, 0, 24, 50, 37, 94, 100, 100, 5
0, 98, 72, 100, 73, 70, 57, 36, 50, 0, 18, 2, 26, 27, 100, 36, 7
0, 37, 15, 60, 52, 81, 92, 100, 100, 82, 80, 55, 60, 27, 43, 0, 1
59, 94, 71, 100, 100, 82, 75, 62, 63, 40, 75, 14, 40, 1, 0, 0, 3
94, 97, 56, 96, 0, 100, 5, 67, 58, 53, 100, 27, 63, 0, 11, 1, 5
0, 100, 15, 84, 57, 75, 100, 68, 77, 55, 53, 34, 29, 13, 16, 0, 7
25, 91, 23, 61, 75, 55, 57, 3, 0, 0, 13, 55, 28, 99, 100, 100, 5
0, 99, 39, 100, 65, 72, 49, 30, 23, 0, 8, 36, 53, 43, 100, 47, 7
25, 100, 0, 84, 16, 63, 77, 67, 100, 66, 76, 45, 53, 22, 34, 0, 4
100, 100, 49, 92, 19, 64, 12, 31, 39, 3, 91, 0, 56, 22, 0, 24, 6
100, 100, 46, 90, 19, 71, 42, 63, 92, 56, 91, 26, 54, 2, 0, 0, 5
16, 87, 66, 100, 86, 81, 48, 57, 77, 46, 100, 21, 60, 0, 0, 2, 3
10, 75, 0, 40, 22, 4, 58, 0, 89, 25, 100, 67, 78, 100, 44, 89, 0
55, 100, 17, 76, 0, 50, 3, 22, 41, 0, 100, 10, 62, 24, 10, 8, 6
37, 100, 13, 66, 52, 35, 26, 0, 0, 18, 17, 65, 50, 96, 100, 86, 5
6, 100, 2, 97, 0, 69, 15, 42, 59, 39, 100, 51, 84, 27, 76, 0, 4
31, 100, 33, 69, 91, 89, 0, 93, 84, 84, 93, 57, 100, 16, 4, 0, 9
88, 100, 58, 71, 26, 45, 0, 35, 56, 34, 100, 46, 97, 32, 88, 0, 4
14, 74, 36, 100, 77, 93, 53, 58, 18, 29, 0, 15, 50, 9, 100, 0, 2
32, 100, 0, 70, 77, 67, 60, 95, 60, 86, 97, 52, 100, 13, 19, 0, 9
37, 81, 43, 100, 96, 87, 61, 61, 86, 47, 100, 16, 48, 0, 0, 14, 3
27, 100, 0, 69, 1, 26, 33, 0, 73, 8, 100, 41, 91, 77, 52, 75, 0
36, 86, 30, 70, 78, 35, 55, 0, 0, 21, 62, 53, 100, 89, 9, 100, 8
30, 96, 0, 66, 59, 46, 55, 2, 10, 0, 20, 48, 34, 95, 100, 100, 5
54, 74, 72, 100, 76, 70, 57, 38, 26, 9, 0, 3, 50, 0, 100, 1, 2
27, 100, 3, 76, 0, 46, 69, 43, 100, 64, 90, 64, 85, 32, 87, 0, 4
32, 100, 20, 69, 0, 34, 36, 29, 92, 36, 100, 51, 66, 36, 58, 0, 4
0, 88, 40, 100, 79, 86, 67, 44, 64, 0, 100, 15, 70, 32, 23, 37, 7
100, 100, 53, 93, 22, 60, 14, 21, 58, 0, 97, 26, 58, 54, 0, 50, 6
12, 80, 57, 100, 76, 74, 56, 41, 28, 10, 0, 4, 42, 13, 100, 0, 2
39, 81, 58, 100, 83, 67, 70, 30, 33, 0, 0, 8, 50, 23, 100, 3, 2
69, 82, 0, 100, 22, 64, 96, 36, 96, 0, 33, 20, 93, 53, 100, 79, 8
0, 100, 85, 99, 100, 84, 75, 50, 66, 14, 51, 0, 11, 33, 91, 39, 7
52, 80, 30, 66, 96, 70, 65, 100, 28, 62, 100, 69, 80, 20, 0, 0, 9
24, 97, 55, 60, 77, 22, 21, 0, 0, 31, 51, 62, 100, 95, 30, 100, 8
70, 100, 37, 75, 0, 49, 40, 39, 100, 46, 87, 57, 57, 29, 31, 0, 4
55, 100, 20, 75, 0, 48, 0, 19, 41, 0, 100, 8, 78, 30, 27, 25, 6
70, 100, 38, 79, 6, 54, 0, 34, 65, 30, 100, 45, 88, 28, 80, 0, 4
22, 100, 69, 97, 73, 61, 56, 25, 32, 0, 0, 30, 46, 39, 100, 40, 7
29, 61, 97, 31, 78, 0, 0, 12, 45, 45, 100, 77, 80, 100, 9, 73, 8
68, 100, 59, 72, 25, 44, 0, 33, 54, 32, 100, 35, 98, 35, 86, 0, 4
100, 79, 64, 100, 23, 81, 63, 69, 97, 74, 79, 38, 48, 7, 0, 0, 9
0, 0, 33, 12, 66, 35, 90, 61, 100, 89, 57, 100, 25, 79, 58, 60, 9
43, 100, 0, 88, 67, 47, 85, 0, 17, 16, 83, 56, 100, 93, 17, 74, 8
37, 83, 63, 100, 83, 74, 62, 47, 30, 24, 0, 0, 50, 2, 100, 4, 2
50, 100, 41, 90, 0, 63, 3, 50, 80, 42, 100, 57, 59, 29, 29, 0, 4
0, 78, 16, 100, 51, 74, 42, 37, 10, 8, 21, 18, 65, 0, 100, 19, 2
20, 100, 14, 70, 0, 40, 3, 16, 77, 22, 100, 45, 96, 30, 96, 0, 4
34, 99, 14, 98, 68, 100, 84, 68, 70, 43, 100, 11, 53, 0, 0, 8, 3
0, 91, 36, 100, 58, 64, 42, 17, 23, 0, 22, 37, 61, 42, 100, 47, 7
0, 84, 34, 100, 89, 94, 93, 69, 54, 49, 100, 35, 92, 11, 39, 0, 3
95, 100, 50, 82, 19, 58, 0, 31, 18, 6, 73, 0, 100, 14, 44, 12, 6
100, 100, 61, 96, 33, 73, 11, 48, 0, 21, 24, 0, 59, 15, 17, 22, 6
12, 77, 36, 90, 44, 100, 37, 63, 46, 27, 100, 21, 47, 8, 0, 0, 1
70, 100, 45, 86, 11, 53, 0, 15, 57, 0, 100, 26, 67, 57, 0, 67, 6
29, 67, 7, 26, 42, 0, 90, 19, 100, 62, 75, 100, 25, 95, 0, 55, 0
32, 65, 51, 100, 56, 51, 35, 6, 0, 0, 27, 19, 63, 9, 100, 16, 2
21, 61, 65, 78, 100, 100, 85, 83, 79, 57, 77, 30, 60, 6, 0, 0, 1
0, 71, 36, 67, 73, 77, 100, 100, 98, 95, 86, 62, 74, 30, 60, 0, 1
40, 81, 5, 60, 8, 2, 62, 0, 100, 44, 92, 99, 38, 100, 0, 55, 0
17, 100, 46, 89, 40, 58, 17, 34, 0, 8, 33, 5, 67, 4, 100, 0, 2
68, 82, 34, 100, 0, 65, 8, 22, 57, 0, 100, 24, 88, 66, 40, 92, 0
49, 49, 100, 79, 54, 100, 8, 68, 35, 27, 0, 0, 6, 35, 71, 63, 8
100, 100, 56, 92, 38, 78, 25, 62, 16, 47, 9, 31, 3, 16, 0, 0, 1
11, 35, 43, 60, 83, 84, 100, 100, 60, 75, 31, 51, 9, 25, 0, 0, 1
36, 77, 77, 100, 71, 76, 55, 33, 43, 0, 0, 14, 50, 16, 100, 17, 1
6, 74, 37, 100, 66, 91, 54, 53, 27, 21, 0, 0, 53, 0, 100, 3, 2
0, 37, 39, 53, 71, 76, 100, 100, 88, 81, 67, 53, 45, 25, 17, 0, 1
21, 52, 0, 48, 39, 50, 100, 51, 68, 0, 26, 29, 8, 83, 85, 100, 5
28, 78, 57, 100, 61, 67, 33, 33, 0, 7, 17, 0, 59, 1, 100, 0, 2
44, 72, 69, 100, 100, 86, 67, 61, 76, 49, 77, 13, 37, 0, 0, 19, 3
44, 95, 1, 72, 39, 36, 38, 0, 0, 24, 49, 57, 100, 90, 34, 100, 8
0, 91, 40, 100, 85, 91, 73, 46, 62, 0, 38, 3, 49, 32, 100, 35, 7
5, 100, 23, 86, 6, 57, 0, 29, 65, 30, 100, 54, 89, 28, 93, 0, 4
6, 59, 0, 24, 33, 0, 74, 14, 100, 46, 94, 85, 53, 100, 16, 79, 0
43, 83, 54, 100, 73, 79, 51, 60, 100, 49, 88, 19, 42, 0, 0, 10, 3
74, 81, 46, 100, 0, 74, 66, 64, 97, 71, 100, 34, 76, 0, 6, 8, 9
0, 90, 36, 100, 53, 76, 15, 51, 67, 46, 100, 20, 61, 0, 10, 7, 3
15, 97, 35, 100, 55, 78, 26, 55, 0, 32, 33, 14, 78, 5, 100, 0, 2
38, 95, 53, 100, 19, 80, 0, 59, 61, 65, 100, 89, 75, 47, 49, 0, 4
14, 65, 36, 100, 67, 82, 50, 40, 17, 6, 0, 0, 50, 4, 100, 2, 2
84, 85, 37, 100, 0, 72, 58, 65, 100, 93, 82, 66, 65, 33, 61, 0, 9
31, 96, 44, 76, 24, 100, 41, 50, 48, 7, 0, 0, 49, 14, 100, 23, 1
0, 87, 37, 96, 98, 100, 100, 87, 80, 65, 63, 44, 52, 22, 62, 0, 7
28, 71, 68, 100, 61, 63, 29, 91, 82, 81, 100, 34, 57, 0, 0, 17, 9
67, 96, 20, 100, 21, 59, 41, 20, 11, 0, 0, 35, 48, 65, 100, 93, 8
0, 82, 56, 100, 100, 91, 71, 57, 38, 24, 3, 0, 5, 33, 70, 36, 7
29, 87, 66, 100, 100, 97, 74, 76, 69, 52, 72, 29, 38, 12, 0, 0, 3
58, 100, 12, 77, 0, 59, 62, 60, 100, 77, 85, 59, 61, 30, 36, 0, 4
36, 66, 71, 100, 62, 70, 48, 23, 21, 0, 0, 5, 50, 8, 100, 10, 1
0, 96, 50, 100, 72, 69, 67, 34, 64, 0, 33, 25, 36, 40, 100, 45, 7
0, 73, 48, 81, 88, 100, 100, 99, 94, 73, 88, 48, 82, 22, 91, 0, 1
100, 88, 79, 100, 42, 74, 15, 41, 27, 8, 78, 0, 48, 17, 0, 18, 6
42, 100, 40, 83, 5, 51, 0, 47, 55, 40, 100, 51, 85, 38, 76, 0, 4
65, 66, 61, 100, 13, 67, 76, 34, 90, 0, 0, 5, 32, 44, 100, 75, 8
8, 70, 25, 100, 50, 72, 42, 34, 10, 5, 0, 9, 50, 5, 100, 0, 2
0, 72, 18, 100, 68, 98, 63, 73, 89, 41, 100, 5, 53, 0, 6, 12, 3
89, 81, 66, 100, 51, 69, 97, 88, 96, 60, 100, 14, 51, 0, 0, 12, 9
21, 78, 0, 49, 26, 15, 58, 0, 90, 5, 100, 52, 76, 89, 44, 100, 0
100, 100, 52, 87, 19, 61, 0, 30, 12, 0, 63, 4, 49, 24, 0, 14, 6
0, 84, 47, 100, 100, 88, 82, 61, 47, 38, 5, 16, 28, 0, 98, 1, 2
100, 100, 53, 93, 14, 66, 0, 32, 16, 0, 73, 4, 76, 36, 19, 37, 6
19, 100, 0, 71, 2, 43, 77, 39, 100, 58, 98, 60, 80, 30, 71, 0, 4
63, 67, 13, 77, 39, 100, 96, 93, 100, 67, 75, 43, 40, 20, 0, 0, 9
16, 93, 32, 55, 61, 19, 34, 0, 1, 34, 0, 76, 45, 100, 100, 96, 5
0, 100, 93, 100, 100, 78, 62, 40, 33, 0, 13, 5, 1, 39, 94, 43, 7
60, 63, 100, 84, 55, 100, 0, 78, 40, 68, 98, 60, 73, 28, 32, 0, 9
13, 94, 0, 51, 55, 45, 34, 0, 0, 16, 0, 71, 39, 98, 100, 100, 5
100, 94, 4, 100, 2, 57, 87, 19, 0, 0, 7, 44, 78, 87, 7, 91, 8
23, 75, 54, 100, 62, 58, 39, 18, 0, 0, 14, 19, 57, 5, 100, 10, 2
8, 72, 0, 36, 26, 0, 74, 3, 100, 40, 85, 83, 43, 100, 14, 66, 0
54, 100, 18, 75, 0, 55, 60, 51, 100, 71, 74, 56, 46, 29, 28, 0, 4
58, 100, 17, 83, 0, 41, 18, 0, 75, 5, 100, 45, 89, 87, 34, 88, 0
57, 92, 18, 72, 42, 30, 7, 0, 0, 39, 50, 69, 100, 99, 43, 100, 8
42, 67, 69, 100, 79, 59, 47, 22, 2, 0, 0, 16, 50, 24, 100, 19, 2
0, 92, 50, 100, 78, 74, 61, 37, 43, 0, 24, 26, 44, 37, 100, 37, 7
100, 79, 84, 100, 45, 87, 95, 95, 99, 72, 67, 40, 33, 10, 0, 0, 9
54, 100, 32, 67, 0, 37, 28, 35, 100, 37, 75, 62, 62, 29, 69, 0, 4
35, 83, 18, 81, 0, 40, 21, 4, 69, 0, 100, 28, 91, 71, 57, 100, 0
18, 100, 5, 72, 45, 55, 51, 5, 0, 0, 8, 60, 40, 99, 100, 95, 5
3, 97, 39, 100, 100, 79, 63, 39, 27, 0, 76, 7, 92, 33, 0, 35, 7
32, 100, 0, 72, 1, 39, 50, 32, 100, 35, 87, 59, 77, 32, 58, 0, 4
69, 97, 37, 54, 57, 0, 0, 4, 30, 46, 100, 66, 84, 100, 12, 94, 8
89, 79, 48, 100, 21, 71, 51, 34, 40, 0, 0, 18, 49, 47, 100, 77, 8
7, 91, 34, 60, 77, 100, 0, 69, 8, 39, 32, 0, 100, 43, 8, 39, 8
0, 78, 36, 100, 68, 72, 70, 35, 56, 0, 27, 21, 39, 50, 100, 57, 7
66, 88, 16, 70, 0, 23, 45, 0, 97, 28, 100, 74, 49, 100, 18, 66, 0
19, 80, 46, 100, 46, 66, 28, 35, 0, 12, 24, 1, 63, 0, 100, 1, 2
4, 87, 53, 100, 76, 78, 47, 51, 97, 38, 100, 11, 46, 0, 0, 7, 3
100, 88, 32, 100, 0, 64, 55, 31, 40, 0, 5, 30, 55, 66, 91, 98, 8
0, 96, 21, 97, 79, 100, 100, 98, 67, 76, 48, 50, 33, 23, 31, 0, 7
90, 100, 53, 73, 19, 46, 0, 16, 41, 0, 100, 8, 81, 26, 20, 29, 6
23, 65, 37, 100, 72, 83, 64, 45, 36, 12, 0, 3, 48, 10, 100, 0, 2
58, 50, 88, 84, 100, 100, 84, 60, 80, 19, 40, 0, 0, 4, 64, 5, 1
90, 100, 39, 78, 4, 49, 0, 18, 59, 0, 100, 24, 41, 39, 10, 13, 6
100, 100, 66, 90, 26, 66, 0, 40, 4, 12, 62, 0, 80, 19, 10, 16, 6
0, 99, 27, 100, 49, 83, 51, 55, 43, 29, 44, 3, 72, 0, 100, 2, 2
84, 76, 80, 100, 5, 88, 0, 60, 76, 63, 100, 62, 83, 30, 79, 0, 9
21, 100, 4, 74, 0, 30, 32, 0, 81, 20, 100, 59, 76, 96, 25, 90, 0
90, 100, 53, 75, 16, 45, 0, 35, 52, 35, 100, 44, 96, 41, 87, 0, 4
7, 72, 0, 100, 42, 100, 100, 100, 90, 80, 61, 55, 39, 28, 23, 0, 7
73, 69, 100, 100, 0, 95, 39, 54, 85, 13, 7, 0, 13, 40, 89, 73, 8
3, 77, 0, 37, 34, 0, 84, 19, 100, 64, 66, 100, 20, 71, 22, 25, 0
28, 100, 4, 63, 0, 20, 32, 0, 73, 24, 100, 59, 77, 89, 30, 85, 0
26, 100, 0, 71, 41, 50, 97, 52, 100, 87, 81, 67, 67, 34, 59, 0, 4
49, 94, 76, 73, 82, 100, 30, 77, 100, 81, 100, 42, 75, 2, 0, 0, 9
0, 37, 35, 58, 70, 80, 100, 100, 86, 75, 70, 50, 56, 25, 49, 0, 1
100, 100, 22, 86, 23, 55, 73, 27, 42, 0, 0, 20, 53, 47, 100, 77, 8
0, 83, 26, 100, 58, 92, 47, 58, 22, 31, 34, 4, 67, 0, 100, 0, 2
7, 48, 16, 2, 69, 0, 100, 38, 94, 84, 44, 100, 4, 67, 0, 22, 0
15, 89, 0, 54, 19, 0, 74, 7, 100, 57, 64, 100, 12, 85, 7, 32, 0
0, 83, 41, 100, 72, 81, 32, 55, 74, 48, 100, 19, 54, 0, 0, 15, 3
22, 100, 0, 68, 2, 42, 54, 46, 100, 55, 72, 75, 51, 38, 37, 0, 4
57, 74, 45, 100, 14, 69, 46, 33, 39, 0, 0, 23, 49, 49, 100, 73, 8
70, 100, 21, 78, 0, 40, 11, 0, 65, 6, 94, 43, 100, 82, 45, 88, 0
34, 89, 0, 64, 47, 49, 61, 8, 25, 0, 33, 53, 45, 100, 100, 92, 5
100, 100, 48, 87, 13, 55, 4, 19, 50, 0, 94, 25, 49, 38, 0, 15, 6
100, 78, 52, 52, 0, 64, 19, 98, 77, 100, 92, 64, 80, 28, 44, 0, 9
100, 91, 85, 100, 49, 78, 18, 52, 0, 23, 25, 0, 69, 9, 30, 20, 6
100, 94, 76, 100, 44, 82, 18, 59, 0, 29, 6, 0, 41, 7, 22, 25, 6
0, 67, 47, 91, 78, 100, 64, 59, 49, 18, 2, 0, 37, 4, 100, 5, 1
0, 67, 38, 84, 84, 100, 100, 95, 81, 71, 64, 48, 48, 23, 38, 0, 1
77, 100, 55, 75, 40, 48, 36, 21, 64, 0, 100, 16, 49, 21, 0, 10, 6
30, 89, 0, 64, 22, 22, 63, 0, 100, 24, 90, 68, 51, 97, 5, 100, 0
0, 78, 37, 100, 62, 89, 51, 60, 98, 45, 100, 13, 53, 0, 10, 14, 3
0, 91, 40, 100, 64, 72, 54, 36, 45, 0, 13, 30, 45, 42, 100, 45, 7
43, 91, 9, 59, 0, 14, 43, 0, 85, 22, 100, 67, 68, 100, 21, 97, 0
23, 79, 59, 100, 62, 60, 36, 21, 0, 0, 19, 30, 60, 25, 100, 16, 2
51, 65, 59, 100, 0, 72, 63, 37, 100, 1, 4, 0, 15, 37, 99, 62, 8
66, 100, 28, 84, 8, 50, 14, 14, 61, 0, 100, 21, 51, 36, 0, 28, 6
91, 79, 44, 68, 0, 74, 24, 100, 69, 91, 83, 61, 89, 30, 100, 0, 9
100, 100, 46, 82, 13, 54, 0, 23, 38, 0, 99, 11, 68, 35, 1, 30, 6
0, 37, 10, 55, 72, 77, 100, 100, 83, 75, 72, 50, 55, 25, 41, 0, 1
38, 90, 77, 100, 80, 76, 67, 55, 100, 35, 82, 8, 39, 0, 0, 14, 3
20, 91, 59, 100, 100, 91, 84, 71, 52, 53, 64, 32, 39, 12, 0, 0, 3
75, 100, 26, 87, 0, 51, 4, 13, 64, 0, 100, 29, 37, 37, 15, 5, 6
0, 66, 30, 90, 69, 100, 65, 62, 39, 29, 12, 1, 57, 0, 100, 3, 2
74, 88, 15, 100, 25, 61, 82, 27, 56, 0, 0, 23, 52, 58, 100, 90, 8
41, 100, 26, 100, 0, 75, 6, 47, 55, 41, 100, 49, 70, 25, 79, 0, 4
9, 100, 0, 72, 27, 51, 100, 55, 97, 86, 72, 61, 53, 30, 48, 0, 4
94, 75, 55, 100, 0, 78, 17, 45, 76, 62, 100, 78, 92, 36, 84, 0, 9
9, 92, 0, 96, 47, 100, 93, 96, 100, 71, 76, 47, 51, 23, 27, 0, 7
54, 86, 88, 100, 100, 99, 64, 89, 36, 64, 50, 31, 32, 0, 0, 1, 5
0, 77, 40, 79, 83, 96, 100, 100, 92, 74, 81, 49, 70, 23, 71, 0, 1
0, 95, 51, 100, 100, 90, 72, 56, 50, 20, 36, 0, 17, 37, 69, 46, 7
0, 93, 45, 100, 87, 94, 71, 48, 60, 0, 39, 17, 53, 40, 100, 37, 7
0, 100, 58, 92, 100, 74, 76, 38, 63, 0, 96, 12, 81, 38, 24, 50, 7
46, 48, 100, 74, 87, 100, 10, 86, 30, 68, 90, 58, 43, 29, 0, 0, 9
0, 96, 64, 100, 100, 73, 90, 41, 77, 8, 53, 0, 25, 26, 100, 30, 7
69, 100, 86, 68, 98, 98, 32, 81, 100, 77, 98, 51, 82, 6, 0, 0, 9
53, 100, 21, 79, 0, 39, 9, 0, 73, 11, 100, 49, 75, 87, 9, 92, 0
43, 90, 100, 100, 75, 96, 2, 85, 45, 70, 91, 47, 64, 15, 0, 0, 5
0, 65, 52, 78, 77, 100, 77, 89, 76, 66, 76, 43, 77, 19, 100, 0, 1
31, 87, 22, 49, 83, 100, 0, 74, 45, 67, 23, 0, 100, 37, 15, 38, 8
16, 89, 76, 100, 100, 100, 32, 90, 22, 62, 81, 41, 67, 3, 0, 0, 5
23, 73, 60, 100, 54, 76, 40, 34, 22, 0, 0, 15, 50, 14, 100, 14, 1
0, 100, 39, 100, 52, 67, 50, 32, 41, 0, 21, 32, 55, 43, 100, 45, 7
64, 93, 25, 56, 0, 9, 37, 0, 78, 35, 100, 81, 61, 100, 18, 70, 0
50, 98, 10, 61, 0, 10, 49, 0, 95, 27, 100, 76, 52, 100, 2, 86, 0
74, 100, 54, 66, 17, 35, 0, 28, 70, 33, 100, 51, 81, 34, 68, 0, 4
64, 95, 54, 100, 16, 67, 0, 30, 41, 0, 100, 9, 43, 31, 38, 5, 6
56, 100, 37, 68, 0, 35, 71, 31, 100, 50, 73, 72, 71, 36, 74, 0, 4
95, 100, 55, 78, 25, 51, 9, 23, 40, 0, 100, 15, 64, 34, 0, 23, 6
97, 100, 61, 95, 34, 60, 25, 23, 65, 0, 100, 25, 53, 44, 0, 31, 6
6, 85, 47, 100, 76, 78, 56, 39, 36, 0, 0, 29, 47, 39, 100, 33, 7
21, 74, 4, 74, 2, 19, 63, 0, 100, 49, 71, 100, 10, 73, 0, 20, 0
52, 77, 22, 60, 62, 30, 38, 0, 0, 16, 8, 70, 52, 86, 100, 100, 5
92, 93, 73, 92, 12, 100, 0, 70, 49, 50, 100, 27, 65, 0, 5, 7, 5
0, 98, 30, 100, 66, 98, 100, 93, 76, 71, 56, 46, 47, 17, 43, 0, 7
58, 100, 28, 75, 4, 43, 0, 9, 59, 0, 100, 24, 41, 34, 1, 9, 6
0, 88, 49, 100, 87, 83, 78, 48, 74, 14, 72, 0, 48, 31, 100, 40, 7
45, 100, 9, 76, 40, 64, 100, 70, 76, 79, 53, 53, 25, 26, 0, 0, 4
12, 54, 21, 11, 62, 0, 99, 23, 100, 68, 71, 100, 27, 100, 0, 67, 0
50, 91, 56, 72, 100, 100, 46, 100, 82, 81, 94, 43, 64, 4, 0, 0, 9
36, 87, 81, 100, 80, 74, 61, 31, 44, 0, 0, 10, 50, 11, 100, 15, 1
36, 91, 39, 53, 40, 15, 0, 0, 2, 31, 19, 71, 57, 91, 100, 100, 5
0, 65, 55, 81, 100, 100, 89, 86, 77, 65, 70, 43, 62, 21, 65, 0, 1
77, 100, 41, 71, 0, 40, 7, 18, 75, 30, 100, 52, 70, 37, 57, 0, 4
10, 89, 32, 98, 36, 100, 0, 68, 31, 49, 100, 29, 60, 0, 1, 15, 5
0, 80, 17, 100, 53, 94, 75, 73, 77, 47, 63, 23, 61, 1, 100, 0, 2
100, 76, 41, 59, 25, 82, 80, 100, 89, 64, 90, 27, 59, 0, 0, 16, 9
70, 100, 28, 85, 2, 52, 0, 17, 53, 0, 100, 22, 52, 44, 6, 28, 6
4, 92, 4, 62, 42, 32, 13, 0, 2, 34, 0, 72, 38, 100, 100, 97, 5
0, 85, 36, 100, 45, 74, 24, 51, 80, 56, 100, 31, 61, 10, 6, 0, 3
60, 47, 100, 69, 95, 100, 38, 98, 0, 73, 33, 49, 82, 32, 68, 0, 9
9, 77, 26, 100, 52, 76, 37, 44, 7, 17, 0, 0, 54, 1, 100, 4, 2
50, 77, 57, 100, 100, 91, 77, 62, 95, 36, 90, 6, 42, 0, 0, 18, 3
37, 100, 10, 81, 0, 56, 21, 35, 73, 41, 100, 44, 65, 24, 52, 0, 4
15, 95, 77, 100, 100, 72, 70, 42, 31, 13, 0, 0, 17, 32, 95, 37, 7
100, 100, 66, 88, 32, 66, 7, 39, 0, 10, 44, 0, 62, 18, 14, 22, 6
26, 80, 53, 100, 100, 98, 93, 76, 55, 59, 71, 37, 37, 17, 0, 0, 3
21, 89, 0, 68, 50, 37, 49, 0, 7, 15, 3, 68, 39, 99, 100, 100, 5
18, 81, 27, 54, 59, 19, 18, 0, 0, 35, 6, 83, 51, 100, 100, 100, 5
0, 63, 58, 85, 100, 100, 78, 74, 67, 46, 64, 19, 0, 0, 3, 3, 1
36, 98, 8, 67, 0, 21, 40, 0, 85, 29, 100, 72, 59, 100, 15, 75, 0
35, 90, 75, 100, 88, 74, 58, 54, 100, 41, 88, 14, 44, 4, 0, 0, 3
0, 60, 34, 83, 57, 100, 51, 64, 48, 29, 13, 0, 20, 2, 100, 4, 1
0, 85, 34, 100, 100, 94, 82, 45, 49, 0, 11, 3, 29, 31, 96, 31, 7
0, 71, 44, 85, 85, 100, 100, 96, 95, 71, 88, 46, 86, 21, 85, 0, 1
19, 89, 64, 100, 70, 61, 41, 27, 0, 4, 4, 3, 52, 4, 100, 0, 2
8, 81, 53, 100, 100, 94, 64, 66, 77, 54, 99, 30, 54, 8, 0, 0, 3
46, 90, 41, 60, 99, 87, 54, 100, 89, 98, 100, 58, 67, 20, 0, 0, 9
34, 74, 62, 100, 100, 86, 69, 60, 75, 48, 90, 19, 50, 1, 0, 0, 3
0, 73, 25, 100, 54, 99, 39, 65, 18, 35, 22, 7, 61, 5, 100, 0, 2
0, 95, 40, 100, 59, 80, 32, 56, 5, 32, 14, 7, 57, 0, 100, 1, 2
21, 71, 65, 100, 95, 77, 65, 34, 24, 0, 0, 10, 51, 23, 100, 1, 2
0, 95, 53, 100, 100, 86, 98, 51, 80, 18, 55, 0, 33, 31, 87, 34, 7
16, 100, 8, 83, 0, 52, 40, 40, 88, 55, 100, 57, 75, 29, 60, 0, 4
66, 100, 39, 86, 11, 64, 36, 45, 100, 57, 66, 45, 32, 23, 0, 0, 4
31, 88, 3, 84, 77, 100, 100, 96, 69, 72, 37, 49, 14, 24, 0, 0, 1
0, 0, 38, 14, 71, 32, 93, 55, 100, 81, 76, 100, 48, 82, 73, 62, 9
37, 90, 5, 60, 12, 15, 60, 0, 98, 32, 100, 76, 55, 100, 0, 90, 0
0, 100, 48, 91, 93, 84, 77, 41, 54, 0, 26, 7, 49, 27, 100, 25, 7
88, 85, 100, 100, 60, 75, 26, 48, 0, 19, 34, 0, 80, 18, 30, 30, 6
42, 100, 19, 74, 0, 47, 7, 20, 62, 17, 100, 39, 84, 28, 82, 0, 4
100, 100, 46, 90, 57, 55, 91, 23, 46, 0, 0, 17, 35, 50, 85, 75, 8
24, 92, 68, 100, 100, 83, 57, 68, 80, 41, 89, 14, 41, 9, 0, 0, 3
39, 85, 86, 49, 100, 11, 6, 0, 31, 35, 96, 67, 90, 100, 0, 85, 8
75, 67, 92, 100, 40, 95, 68, 70, 100, 70, 94, 29, 56, 0, 0, 0, 9
9, 74, 45, 100, 61, 74, 35, 41, 3, 12, 0, 22, 50, 14, 100, 0, 2
2, 95, 64, 100, 100, 78, 87, 50, 51, 25, 0, 6, 20, 0, 89, 3, 2
47, 65, 63, 100, 77, 72, 49, 31, 11, 1, 0, 0, 50, 1, 100, 3, 2
0, 33, 26, 45, 51, 63, 75, 82, 100, 100, 89, 66, 74, 34, 71, 0, 1
76, 100, 60, 100, 20, 63, 0, 19, 46, 0, 100, 17, 60, 37, 8, 32, 6
30, 82, 64, 100, 100, 84, 68, 62, 62, 47, 85, 23, 50, 3, 0, 0, 3
6, 36, 60, 64, 74, 100, 19, 83, 62, 51, 100, 18, 40, 0, 0, 28, 8
30, 100, 17, 87, 0, 52, 38, 28, 99, 34, 100, 71, 85, 36, 78, 0, 4
20, 86, 0, 73, 82, 85, 35, 100, 19, 45, 30, 0, 100, 33, 24, 54, 8
0, 93, 50, 100, 90, 82, 73, 41, 56, 0, 29, 20, 47, 34, 100, 32, 7
92, 90, 56, 100, 33, 66, 78, 66, 100, 69, 100, 31, 65, 0, 0, 2, 9
32, 65, 44, 100, 89, 80, 81, 39, 46, 5, 0, 1, 48, 24, 100, 0, 2
76, 73, 80, 100, 53, 84, 100, 87, 92, 55, 77, 22, 43, 0, 0, 16, 9
30, 83, 62, 100, 51, 69, 29, 40, 0, 14, 1, 0, 50, 8, 100, 10, 2
27, 84, 56, 100, 100, 90, 80, 65, 86, 36, 90, 5, 46, 0, 0, 4, 3
11, 17, 54, 54, 99, 92, 42, 100, 31, 64, 100, 35, 75, 0, 0, 13, 8
33, 85, 25, 50, 37, 14, 0, 0, 6, 39, 12, 75, 56, 87, 100, 100, 5
29, 80, 33, 100, 71, 89, 55, 43, 20, 8, 0, 5, 50, 4, 100, 0, 2
100, 100, 72, 89, 30, 59, 0, 25, 31, 0, 92, 12, 79, 32, 19, 18, 6
52, 68, 94, 100, 84, 99, 70, 58, 58, 17, 0, 0, 22, 1, 100, 5, 1
100, 74, 51, 62, 0, 73, 25, 100, 76, 96, 78, 63, 68, 31, 59, 0, 9
46, 92, 11, 51, 20, 0, 84, 16, 100, 66, 51, 100, 0, 64, 8, 15, 0
33, 100, 21, 70, 0, 37, 29, 27, 83, 35, 100, 62, 88, 35, 80, 0, 4
19, 55, 62, 76, 100, 100, 100, 98, 75, 73, 62, 49, 38, 24, 0, 0, 1
0, 91, 51, 100, 79, 81, 64, 50, 58, 17, 55, 0, 41, 27, 100, 34, 7
0, 88, 40, 100, 68, 82, 56, 40, 39, 0, 29, 27, 58, 44, 100, 56, 7
0, 83, 32, 100, 67, 93, 52, 59, 26, 29, 18, 5, 60, 0, 100, 3, 2
39, 85, 18, 100, 20, 67, 67, 76, 83, 71, 100, 29, 61, 0, 0, 13, 9
0, 87, 30, 100, 67, 91, 58, 43, 38, 0, 30, 24, 57, 46, 100, 49, 7
37, 100, 14, 55, 84, 61, 100, 20, 38, 0, 2, 43, 0, 83, 72, 87, 5
60, 82, 71, 100, 100, 87, 73, 60, 100, 36, 79, 8, 37, 0, 0, 17, 3
100, 100, 64, 99, 29, 78, 4, 51, 0, 18, 30, 0, 42, 26, 0, 22, 6
32, 82, 63, 100, 100, 89, 65, 63, 91, 54, 94, 24, 51, 5, 0, 0, 3
66, 76, 78, 49, 100, 88, 50, 100, 70, 66, 86, 45, 60, 0, 0, 6, 9
5, 76, 29, 100, 100, 81, 55, 39, 0, 0, 61, 3, 15, 44, 21, 83, 8
26, 100, 0, 88, 0, 66, 7, 45, 48, 27, 95, 41, 86, 21, 100, 0, 4
30, 83, 61, 100, 93, 81, 53, 59, 89, 48, 100, 19, 56, 0, 0, 0, 3
10, 100, 26, 94, 18, 72, 0, 50, 41, 36, 100, 43, 72, 22, 77, 0, 4
49, 100, 20, 81, 0, 44, 17, 8, 71, 0, 100, 31, 85, 69, 41, 94, 0
0, 96, 38, 100, 75, 92, 70, 46, 62, 0, 49, 15, 63, 34, 100, 38, 7
40, 100, 47, 79, 15, 45, 0, 28, 80, 25, 100, 51, 92, 24, 95, 0, 4
21, 81, 52, 100, 100, 100, 85, 76, 64, 53, 83, 29, 44, 13, 0, 0, 3
6, 99, 17, 100, 0, 65, 45, 47, 100, 55, 94, 72, 90, 36, 84, 0, 4
66, 82, 2, 100, 0, 67, 57, 37, 62, 0, 6, 22, 32, 60, 100, 84, 8
38, 100, 20, 61, 26, 20, 65, 0, 100, 27, 92, 67, 48, 85, 0, 79, 0
100, 78, 43, 100, 2, 72, 51, 35, 46, 0, 0, 24, 50, 58, 76, 90, 8
100, 91, 63, 100, 42, 58, 83, 69, 97, 94, 70, 45, 37, 0, 0, 1, 9
6, 76, 22, 100, 55, 78, 36, 42, 0, 16, 7, 9, 54, 7, 100, 0, 2
31, 82, 72, 100, 100, 87, 65, 64, 69, 40, 91, 14, 47, 0, 0, 5, 3
11, 82, 51, 100, 93, 89, 65, 66, 73, 51, 100, 32, 53, 14, 0, 0, 3
84, 100, 72, 98, 38, 66, 18, 31, 44, 0, 100, 14, 64, 39, 0, 27, 6
33, 90, 57, 56, 91, 20, 9, 0, 0, 33, 76, 64, 100, 100, 4, 96, 8
63, 77, 95, 100, 92, 63, 64, 28, 26, 2, 0, 0, 50, 4, 100, 7, 2
30, 85, 68, 100, 54, 78, 60, 65, 100, 46, 85, 15, 38, 0, 0, 16, 3
60, 100, 18, 97, 0, 49, 23, 3, 75, 0, 100, 45, 82, 91, 32, 89, 0
89, 79, 23, 71, 70, 30, 36, 0, 0, 26, 72, 63, 100, 100, 2, 76, 8
0, 95, 43, 100, 66, 65, 61, 25, 47, 0, 11, 32, 41, 44, 100, 55, 7
0, 84, 51, 100, 90, 74, 77, 36, 57, 0, 37, 25, 32, 41, 100, 49, 7
100, 98, 57, 100, 23, 83, 12, 47, 43, 45, 77, 24, 45, 1, 0, 0, 5
23, 93, 1, 59, 16, 19, 64, 0, 100, 29, 94, 72, 52, 100, 0, 90, 0
32, 92, 100, 99, 100, 100, 33, 88, 12, 48, 81, 39, 71, 6, 0, 0, 5
13, 81, 31, 100, 69, 82, 61, 52, 32, 26, 0, 2, 47, 0, 100, 2, 2
9, 67, 32, 100, 58, 79, 43, 42, 17, 8, 0, 0, 49, 12, 100, 1, 2
56, 100, 19, 76, 0, 37, 13, 0, 66, 9, 100, 41, 94, 80, 44, 84, 0
0, 56, 39, 72, 71, 93, 100, 100, 88, 75, 75, 50, 63, 25, 58, 0, 1
44, 86, 77, 100, 100, 85, 78, 63, 63, 40, 70, 14, 39, 0, 0, 2, 3
0, 83, 40, 100, 74, 78, 69, 39, 63, 0, 60, 7, 48, 34, 100, 34, 7
55, 100, 33, 79, 14, 55, 0, 30, 57, 24, 100, 46, 64, 25, 67, 0, 4
0, 46, 44, 72, 86, 100, 68, 93, 56, 64, 56, 34, 61, 5, 100, 0, 1
100, 100, 42, 89, 26, 74, 11, 59, 5, 45, 0, 29, 0, 14, 21, 0, 1
39, 84, 64, 100, 83, 77, 71, 53, 100, 31, 80, 6, 31, 0, 0, 18, 3
3, 100, 0, 95, 1, 61, 41, 46, 84, 53, 100, 67, 84, 34, 88, 0, 4
28, 74, 57, 100, 81, 74, 38, 47, 78, 49, 100, 18, 49, 0, 0, 12, 3
0, 55, 41, 80, 62, 100, 48, 66, 35, 32, 11, 0, 7, 4, 100, 4, 1
13, 87, 11, 100, 59, 95, 32, 65, 81, 56, 100, 29, 56, 8, 0, 0, 3
31, 70, 47, 100, 91, 75, 51, 50, 71, 48, 100, 18, 51, 0, 0, 17, 3
0, 66, 35, 100, 45, 92, 41, 38, 22, 1, 5, 0, 53, 3, 100, 6, 1
100, 98, 60, 100, 24, 87, 3, 58, 35, 51, 58, 26, 36, 0, 0, 5, 5
20, 100, 6, 61, 25, 28, 18, 0, 0, 27, 11, 63, 55, 75, 100, 82, 5
100, 100, 49, 77, 17, 51, 2, 24, 24, 0, 100, 10, 73, 35, 0, 42, 6
29, 97, 0, 57, 22, 10, 68, 0, 100, 40, 83, 90, 37, 100, 12, 57, 0
53, 67, 80, 44, 67, 7, 0, 0, 35, 36, 83, 68, 100, 100, 25, 80, 8
82, 100, 8, 92, 45, 60, 100, 29, 52, 0, 0, 24, 21, 61, 53, 98, 8
0, 39, 30, 69, 48, 100, 39, 69, 41, 35, 33, 5, 31, 2, 100, 0, 1
26, 98, 24, 49, 45, 13, 17, 0, 0, 35, 26, 72, 62, 91, 100, 100, 5
45, 100, 12, 79, 0, 52, 62, 40, 100, 56, 88, 55, 78, 27, 68, 0, 4
0, 61, 29, 88, 51, 100, 43, 66, 43, 32, 23, 0, 11, 2, 100, 3, 1
24, 72, 50, 100, 61, 64, 33, 33, 0, 12, 29, 19, 64, 0, 100, 10, 2
31, 97, 100, 100, 25, 94, 12, 62, 48, 62, 94, 33, 60, 0, 0, 5, 5
10, 61, 35, 100, 69, 88, 41, 46, 0, 13, 10, 28, 53, 0, 100, 23, 2
54, 73, 37, 100, 0, 71, 49, 36, 76, 0, 19, 19, 53, 56, 100, 91, 8
12, 87, 0, 77, 35, 97, 100, 100, 98, 78, 81, 43, 73, 6, 72, 0, 7
25, 100, 16, 73, 0, 44, 57, 40, 100, 54, 88, 58, 65, 29, 51, 0, 4
23, 100, 0, 81, 25, 48, 100, 44, 96, 80, 85, 68, 76, 28, 65, 0, 4
48, 73, 27, 86, 0, 48, 7, 5, 53, 0, 91, 27, 100, 71, 66, 100, 0
0, 86, 52, 100, 100, 80, 99, 36, 65, 0, 26, 3, 34, 38, 90, 49, 7
17, 82, 50, 100, 86, 86, 56, 57, 97, 46, 100, 17, 51, 0, 0, 6, 3
27, 94, 1, 60, 0, 20, 38, 0, 81, 16, 100, 53, 92, 93, 51, 100, 0
21, 66, 0, 28, 27, 0, 77, 14, 100, 49, 88, 88, 40, 100, 6, 70, 0
2, 91, 0, 56, 28, 21, 43, 0, 39, 33, 76, 65, 100, 100, 37, 96, 8
4, 63, 28, 100, 35, 82, 28, 37, 0, 6, 2, 10, 51, 7, 100, 0, 1
0, 99, 54, 100, 78, 72, 73, 39, 71, 6, 48, 0, 45, 14, 100, 16, 7
25, 100, 1, 63, 0, 21, 41, 0, 87, 16, 100, 57, 74, 93, 25, 89, 0
77, 93, 35, 77, 83, 37, 72, 0, 0, 18, 37, 60, 100, 94, 75, 100, 8
22, 95, 97, 100, 100, 98, 18, 95, 32, 70, 100, 47, 72, 0, 0, 16, 5
49, 100, 16, 85, 0, 64, 20, 47, 88, 51, 100, 43, 84, 22, 71, 0, 4
99, 89, 26, 100, 27, 68, 83, 32, 40, 0, 0, 27, 63, 61, 100, 91, 8
70, 97, 16, 84, 0, 49, 12, 14, 62, 0, 95, 29, 100, 65, 92, 100, 0
48, 84, 99, 100, 100, 94, 53, 74, 48, 44, 90, 26, 55, 0, 0, 1, 5
56, 97, 24, 69, 100, 58, 96, 17, 25, 0, 5, 42, 0, 85, 75, 100, 5
0, 74, 68, 69, 90, 100, 13, 91, 42, 70, 100, 77, 83, 39, 79, 0, 9
53, 100, 16, 78, 0, 47, 59, 38, 100, 63, 86, 58, 58, 29, 29, 0, 4
100, 77, 64, 61, 9, 74, 54, 100, 100, 85, 91, 51, 59, 19, 0, 0, 9
21, 64, 34, 100, 39, 92, 41, 55, 41, 18, 0, 1, 34, 0, 100, 1, 1
100, 100, 54, 91, 22, 66, 0, 40, 3, 13, 54, 0, 81, 23, 24, 31, 6
47, 91, 28, 66, 70, 32, 98, 0, 40, 11, 2, 47, 0, 81, 100, 100, 5
0, 33, 35, 52, 66, 75, 96, 100, 100, 96, 79, 66, 61, 33, 49, 0, 1
0, 59, 40, 78, 76, 100, 100, 100, 82, 75, 62, 49, 40, 25, 29, 0, 1
100, 96, 60, 100, 22, 79, 0, 51, 1, 21, 34, 0, 67, 16, 27, 34, 6
0, 88, 53, 100, 100, 92, 66, 62, 37, 30, 35, 0, 7, 32, 62, 36, 7
9, 84, 44, 100, 67, 78, 27, 55, 83, 44, 100, 14, 48, 0, 0, 3, 3
35, 83, 0, 45, 0, 0, 51, 0, 91, 35, 100, 82, 56, 100, 14, 74, 0
29, 78, 44, 100, 47, 62, 29, 26, 0, 0, 27, 6, 64, 7, 100, 17, 2
86, 100, 38, 72, 7, 38, 14, 3, 82, 0, 100, 34, 44, 50, 0, 28, 6
55, 96, 99, 100, 52, 86, 61, 58, 96, 35, 100, 6, 51, 0, 0, 2, 5
100, 100, 62, 80, 32, 59, 11, 38, 0, 16, 35, 0, 78, 17, 24, 8, 6
100, 100, 60, 99, 27, 83, 15, 52, 47, 44, 76, 26, 42, 7, 0, 0, 5
43, 84, 74, 100, 100, 87, 70, 64, 94, 38, 78, 11, 39, 0, 0, 1, 3
42, 100, 22, 74, 0, 48, 43, 34, 97, 39, 100, 53, 78, 27, 64, 0, 4
100, 100, 46, 84, 76, 42, 74, 0, 0, 14, 26, 56, 81, 92, 51, 99, 8
0, 73, 7, 84, 63, 100, 100, 98, 88, 73, 80, 49, 74, 24, 77, 0, 1
98, 100, 50, 83, 14, 53, 0, 20, 46, 0, 100, 16, 70, 43, 18, 38, 6
20, 88, 67, 100, 100, 92, 69, 72, 62, 49, 80, 26, 51, 7, 0, 0, 3
100, 80, 66, 55, 22, 67, 55, 100, 100, 80, 94, 40, 59, 5, 0, 0, 9
100, 100, 55, 80, 23, 54, 5, 26, 27, 0, 81, 7, 58, 29, 0, 27, 6
100, 62, 79, 100, 34, 94, 4, 59, 0, 13, 44, 0, 79, 22, 85, 61, 0
0, 73, 4, 69, 22, 95, 93, 100, 100, 83, 82, 45, 67, 8, 76, 0, 7
8, 91, 12, 53, 59, 36, 26, 0, 5, 32, 0, 79, 42, 98, 100, 100, 5
46, 100, 10, 71, 0, 28, 32, 0, 76, 20, 100, 59, 87, 99, 39, 98, 0
88, 63, 73, 100, 25, 98, 0, 55, 11, 11, 57, 0, 100, 23, 98, 68, 0
53, 100, 3, 75, 0, 43, 76, 41, 100, 74, 73, 61, 38, 31, 7, 0, 4
75, 100, 35, 99, 61, 73, 89, 99, 95, 64, 100, 22, 56, 0, 0, 7, 9
54, 89, 100, 100, 68, 98, 25, 71, 68, 66, 81, 29, 46, 0, 0, 11, 5
72, 100, 34, 82, 0, 59, 51, 53, 100, 48, 99, 51, 71, 26, 51, 0, 4
72, 100, 16, 89, 52, 60, 100, 86, 92, 72, 93, 28, 55, 0, 0, 19, 9
76, 100, 100, 94, 88, 77, 76, 61, 60, 46, 40, 30, 20, 14, 0, 0, 1
0, 93, 62, 100, 74, 85, 53, 42, 49, 0, 1, 31, 28, 37, 100, 40, 7
100, 100, 68, 91, 37, 65, 15, 37, 9, 4, 45, 0, 46, 27, 0, 23, 6
25, 81, 61, 100, 85, 77, 57, 53, 100, 42, 93, 7, 36, 0, 0, 22, 3
0, 91, 42, 100, 71, 75, 59, 37, 51, 0, 27, 34, 50, 54, 100, 56, 7
31, 87, 20, 59, 92, 56, 73, 15, 0, 0, 6, 44, 25, 90, 100, 100, 5
0, 80, 43, 100, 89, 83, 80, 50, 63, 17, 47, 0, 30, 26, 100, 30, 7
95, 100, 46, 85, 16, 55, 0, 22, 39, 0, 100, 13, 80, 39, 16, 29, 6
50, 98, 22, 84, 0, 39, 25, 0, 78, 12, 100, 56, 83, 100, 27, 97, 0
19, 81, 0, 41, 11, 0, 52, 10, 84, 40, 100, 80, 67, 100, 29, 82, 0
0, 94, 66, 100, 97, 72, 83, 35, 56, 0, 24, 11, 32, 40, 100, 46, 7
0, 75, 23, 100, 63, 85, 72, 42, 70, 0, 29, 12, 51, 25, 100, 32, 7
16, 81, 54, 100, 100, 89, 60, 61, 58, 48, 97, 28, 57, 0, 0, 5, 3
48, 100, 46, 97, 12, 66, 0, 43, 61, 40, 86, 66, 88, 34, 100, 0, 4
56, 100, 26, 75, 0, 46, 34, 32, 81, 32, 96, 61, 86, 29, 100, 0, 4
27, 77, 60, 100, 100, 92, 70, 62, 97, 51, 92, 18, 49, 0, 0, 9, 3
61, 100, 23, 76, 0, 38, 15, 0, 75, 11, 100, 48, 73, 85, 14, 91, 0
79, 75, 41, 100, 3, 75, 54, 59, 79, 61, 100, 20, 54, 0, 0, 14, 9
63, 92, 100, 100, 77, 85, 54, 69, 34, 52, 17, 35, 3, 17, 0, 0, 1
83, 68, 58, 100, 5, 82, 45, 59, 88, 76, 100, 31, 63, 0, 0, 4, 9
22, 73, 64, 90, 16, 100, 38, 82, 87, 63, 100, 26, 52, 7, 0, 0, 9
44, 85, 100, 100, 83, 85, 61, 68, 44, 51, 31, 34, 17, 17, 0, 0, 1
16, 100, 0, 83, 0, 65, 18, 50, 50, 41, 82, 34, 99, 18, 100, 0, 4
65, 100, 35, 85, 4, 54, 0, 20, 48, 0, 100, 24, 67, 51, 7, 36, 6
98, 75, 34, 100, 0, 75, 70, 41, 99, 0, 16, 13, 61, 53, 100, 85, 8
100, 97, 60, 100, 27, 77, 4, 45, 0, 6, 36, 0, 50, 34, 16, 37, 6
100, 83, 46, 100, 34, 68, 72, 33, 53, 0, 0, 11, 46, 41, 94, 71, 8
13, 80, 43, 100, 74, 88, 64, 56, 100, 36, 78, 8, 36, 0, 0, 19, 3
59, 100, 11, 75, 0, 43, 100, 49, 66, 80, 70, 83, 73, 32, 74, 0, 4
100, 97, 75, 100, 45, 86, 44, 59, 75, 44, 69, 18, 35, 6, 0, 0, 5
100, 99, 54, 100, 23, 79, 17, 60, 61, 63, 66, 30, 39, 1, 0, 0, 5
12, 78, 40, 100, 44, 98, 44, 58, 44, 19, 0, 0, 44, 4, 100, 6, 1
0, 79, 25, 100, 35, 66, 22, 30, 3, 0, 35, 1, 67, 4, 100, 11, 2
54, 88, 85, 100, 100, 82, 70, 60, 91, 37, 86, 11, 43, 0, 0, 14, 3
81, 100, 59, 98, 21, 65, 0, 29, 33, 0, 100, 10, 86, 37, 20, 25, 6
50, 100, 15, 82, 0, 51, 72, 45, 100, 61, 64, 73, 49, 36, 43, 0, 4
38, 88, 51, 100, 60, 74, 35, 47, 0, 24, 9, 16, 51, 0, 100, 9, 2
34, 84, 72, 100, 95, 78, 65, 52, 100, 39, 95, 11, 49, 0, 0, 2, 3
11, 78, 0, 56, 53, 41, 46, 0, 3, 10, 4, 70, 46, 100, 100, 94, 5
97, 76, 57, 100, 17, 72, 0, 28, 36, 0, 81, 19, 100, 56, 88, 88, 0
0, 48, 30, 66, 65, 83, 100, 100, 99, 79, 88, 53, 81, 26, 76, 0, 1
20, 66, 34, 100, 41, 74, 29, 32, 0, 0, 8, 0, 54, 4, 100, 11, 1
53, 80, 38, 100, 0, 77, 66, 72, 70, 67, 100, 30, 68, 3, 2, 0, 9
34, 75, 0, 44, 0, 3, 47, 0, 86, 29, 100, 67, 74, 100, 24, 91, 0
98, 80, 34, 100, 8, 73, 73, 44, 100, 10, 8, 0, 0, 27, 70, 55, 8
8, 79, 56, 100, 71, 92, 64, 51, 53, 11, 0, 1, 42, 1, 100, 0, 1
65, 100, 7, 99, 0, 69, 62, 73, 77, 72, 100, 35, 63, 8, 2, 0, 9
22, 68, 98, 38, 91, 0, 0, 2, 36, 41, 100, 76, 98, 100, 24, 73, 8
14, 78, 52, 100, 75, 75, 55, 40, 22, 10, 0, 6, 52, 7, 100, 0, 2
0, 86, 41, 100, 84, 92, 52, 66, 64, 48, 100, 25, 63, 6, 16, 0, 3
49, 100, 28, 74, 0, 47, 5, 34, 62, 39, 100, 56, 79, 28, 72, 0, 4
0, 72, 29, 81, 89, 100, 100, 85, 79, 64, 54, 42, 36, 21, 32, 0, 1
0, 85, 20, 100, 47, 85, 33, 53, 12, 23, 27, 0, 64, 2, 100, 9, 2
0, 68, 14, 97, 67, 100, 69, 68, 36, 39, 1, 11, 48, 7, 100, 0, 2
0, 100, 0, 86, 18, 72, 36, 57, 55, 43, 82, 28, 100, 14, 73, 0, 1
76, 100, 25, 87, 50, 60, 86, 86, 91, 69, 100, 31, 55, 9, 0, 0, 9
61, 100, 0, 90, 53, 61, 100, 29, 56, 0, 9, 21, 50, 57, 86, 92, 8
100, 98, 53, 100, 18, 70, 0, 32, 21, 0, 66, 17, 47, 47, 18, 24, 6
17, 73, 41, 100, 55, 73, 32, 39, 0, 12, 13, 4, 58, 0, 100, 8, 2
1, 66, 32, 100, 35, 99, 32, 62, 32, 26, 0, 0, 11, 1, 100, 5, 1
0, 68, 23, 100, 54, 88, 41, 34, 10, 0, 22, 7, 61, 8, 100, 8, 2
28, 100, 33, 79, 0, 49, 12, 21, 71, 26, 100, 54, 63, 34, 48, 0, 4
16, 76, 71, 94, 100, 100, 43, 83, 45, 52, 93, 28, 66, 2, 0, 0, 5
66, 100, 27, 88, 42, 50, 45, 11, 0, 0, 7, 34, 53, 53, 100, 70, 8
81, 100, 3, 89, 0, 68, 86, 83, 100, 65, 100, 37, 95, 9, 0, 0, 9
3, 72, 26, 100, 50, 80, 31, 48, 0, 19, 13, 12, 65, 0, 100, 17, 2
13, 78, 41, 100, 77, 83, 35, 56, 79, 50, 100, 19, 52, 0, 0, 11, 3
58, 100, 11, 60, 0, 10, 62, 0, 100, 44, 96, 94, 33, 97, 10, 49, 0
0, 87, 53, 100, 87, 71, 73, 32, 38, 0, 2, 26, 35, 47, 100, 53, 7
35, 75, 55, 100, 86, 85, 66, 55, 100, 36, 87, 7, 37, 0, 0, 22, 3
39, 100, 0, 83, 2, 49, 91, 50, 100, 70, 58, 88, 61, 44, 74, 0, 4
0, 81, 46, 100, 97, 83, 100, 44, 77, 7, 38, 0, 33, 24, 94, 31, 7
48, 52, 100, 77, 45, 100, 4, 70, 63, 53, 81, 53, 62, 12, 0, 0, 9
38, 99, 0, 55, 5, 1, 70, 0, 100, 49, 78, 100, 23, 84, 13, 30, 0
27, 94, 15, 45, 36, 0, 82, 7, 100, 52, 81, 98, 32, 100, 0, 62, 0
3, 98, 51, 100, 66, 63, 59, 22, 38, 0, 0, 25, 49, 34, 100, 38, 7
87, 73, 57, 100, 12, 87, 0, 41, 27, 4, 73, 0, 100, 38, 94, 67, 0
42, 100, 26, 84, 0, 51, 47, 39, 99, 62, 100, 65, 68, 34, 53, 0, 4
61, 97, 21, 90, 0, 43, 22, 0, 73, 12, 100, 55, 78, 100, 26, 94, 0
16, 98, 10, 90, 0, 42, 27, 0, 85, 9, 100, 55, 69, 98, 11, 100, 0
0, 87, 65, 67, 100, 32, 78, 0, 40, 30, 60, 66, 80, 100, 4, 94, 8
66, 100, 26, 87, 0, 68, 54, 63, 100, 57, 64, 40, 33, 21, 9, 0, 4
57, 88, 4, 100, 0, 63, 63, 33, 100, 0, 28, 14, 49, 52, 91, 87, 8
100, 97, 26, 100, 66, 60, 89, 18, 8, 0, 0, 31, 62, 65, 77, 98, 8
26, 81, 55, 100, 69, 75, 68, 62, 100, 46, 78, 16, 36, 0, 0, 16, 3
15, 97, 66, 100, 72, 64, 54, 20, 34, 0, 0, 37, 52, 40, 100, 45, 7
22, 85, 61, 100, 99, 79, 61, 54, 74, 42, 100, 15, 52, 0, 0, 13, 3
38, 92, 100, 100, 52, 94, 15, 58, 69, 72, 94, 35, 58, 0, 0, 2, 5
84, 100, 33, 78, 0, 50, 43, 34, 100, 45, 98, 57, 62, 30, 39, 0, 4
70, 100, 82, 88, 40, 64, 0, 40, 32, 26, 100, 42, 90, 27, 86, 0, 4
32, 77, 52, 100, 91, 90, 79, 61, 100, 38, 95, 11, 43, 0, 0, 17, 3
42, 97, 27, 86, 0, 40, 26, 0, 86, 13, 100, 59, 65, 100, 5, 93, 0
20, 85, 61, 100, 100, 93, 67, 69, 82, 44, 93, 18, 48, 4, 0, 0, 3
23, 86, 62, 100, 71, 71, 41, 43, 0, 24, 7, 17, 52, 7, 100, 0, 2
6, 95, 53, 100, 72, 68, 63, 33, 43, 0, 0, 20, 43, 40, 100, 48, 7
28, 94, 100, 100, 100, 96, 22, 90, 15, 58, 86, 51, 65, 0, 0, 8, 5
20, 93, 1, 47, 9, 0, 63, 0, 100, 38, 100, 84, 45, 100, 0, 70, 0
0, 100, 40, 94, 60, 63, 50, 26, 33, 0, 19, 32, 59, 40, 100, 48, 7
43, 78, 68, 40, 55, 1, 0, 0, 18, 37, 65, 65, 100, 99, 45, 100, 8
44, 100, 32, 71, 0, 44, 29, 37, 88, 49, 100, 57, 75, 29, 58, 0, 4
63, 100, 14, 72, 0, 41, 87, 41, 100, 62, 63, 74, 60, 36, 52, 0, 4
86, 100, 47, 80, 14, 54, 0, 26, 17, 0, 100, 8, 92, 33, 19, 50, 6
18, 61, 51, 37, 44, 0, 0, 13, 33, 48, 84, 79, 100, 100, 35, 75, 8
15, 81, 54, 100, 91, 81, 43, 55, 44, 49, 100, 32, 66, 3, 0, 0, 3
42, 93, 5, 61, 93, 54, 100, 14, 21, 0, 0, 41, 14, 83, 97, 100, 5
43, 61, 10, 23, 46, 0, 88, 31, 100, 76, 64, 100, 24, 67, 0, 25, 0
50, 100, 27, 77, 0, 45, 41, 30, 100, 40, 84, 67, 63, 33, 46, 0, 4
0, 66, 39, 93, 56, 100, 57, 61, 58, 22, 28, 0, 50, 2, 100, 5, 1
77, 100, 8, 92, 44, 73, 92, 97, 100, 65, 100, 30, 68, 0, 0, 2, 9
100, 100, 54, 97, 16, 68, 0, 32, 24, 0, 74, 15, 76, 50, 21, 59, 6
29, 100, 30, 64, 62, 30, 20, 0, 1, 31, 0, 77, 41, 93, 100, 95, 5
100, 54, 48, 62, 0, 75, 25, 100, 65, 90, 60, 59, 48, 30, 33, 0, 9
0, 98, 80, 100, 100, 68, 87, 33, 59, 0, 19, 16, 10, 43, 93, 49, 7
74, 100, 49, 87, 12, 56, 0, 23, 44, 0, 100, 17, 42, 34, 2, 20, 6
25, 67, 54, 100, 56, 78, 51, 34, 20, 4, 0, 9, 51, 4, 100, 0, 1
54, 92, 0, 100, 16, 65, 66, 35, 72, 0, 22, 15, 56, 51, 100, 84, 8
18, 82, 0, 38, 23, 0, 70, 6, 100, 41, 85, 83, 39, 100, 4, 74, 0
7, 56, 36, 89, 45, 100, 42, 60, 38, 20, 0, 0, 48, 5, 100, 5, 1
13, 87, 5, 54, 40, 24, 6, 0, 3, 38, 0, 77, 44, 95, 100, 100, 5
60, 100, 32, 69, 0, 37, 42, 29, 100, 29, 85, 51, 68, 38, 60, 0, 4
100, 100, 56, 90, 20, 66, 0, 34, 9, 1, 55, 0, 67, 31, 26, 46, 6
0, 93, 49, 100, 100, 100, 80, 66, 61, 27, 51, 0, 44, 35, 95, 37, 7
43, 100, 30, 64, 49, 28, 30, 0, 0, 25, 18, 59, 58, 73, 100, 78, 5
44, 68, 62, 40, 100, 2, 0, 0, 25, 38, 98, 71, 96, 100, 6, 73, 8
0, 71, 56, 80, 100, 100, 93, 86, 74, 64, 59, 43, 48, 20, 59, 0, 1
100, 89, 68, 100, 22, 89, 0, 55, 49, 66, 83, 43, 63, 9, 14, 0, 5
0, 97, 40, 100, 68, 74, 58, 34, 51, 0, 24, 34, 48, 56, 100, 60, 7
25, 84, 64, 100, 82, 71, 42, 52, 95, 42, 100, 9, 46, 0, 0, 12, 3
90, 100, 46, 77, 20, 49, 12, 20, 51, 0, 100, 17, 64, 41, 0, 44, 6
80, 70, 57, 100, 15, 73, 0, 30, 34, 0, 83, 15, 100, 56, 75, 88, 0
66, 100, 31, 74, 6, 47, 0, 20, 41, 0, 100, 16, 84, 36, 16, 23, 6
100, 46, 93, 86, 46, 100, 10, 72, 0, 28, 29, 0, 76, 18, 88, 55, 0
92, 47, 92, 90, 49, 100, 11, 74, 0, 27, 35, 0, 76, 18, 100, 57, 0
100, 100, 55, 94, 27, 70, 6, 44, 0, 14, 29, 0, 43, 25, 2, 25, 6
9, 83, 66, 72, 95, 100, 0, 91, 44, 74, 100, 73, 82, 37, 78, 0, 9
100, 88, 47, 100, 23, 66, 80, 66, 91, 78, 93, 36, 62, 0, 0, 3, 9
6, 100, 32, 98, 66, 71, 62, 34, 41, 0, 0, 27, 39, 41, 100, 46, 7
100, 97, 23, 100, 14, 67, 65, 34, 43, 0, 0, 26, 39, 62, 93, 96, 8
100, 100, 52, 87, 16, 61, 0, 29, 22, 0, 73, 10, 65, 40, 10, 46, 6
0, 87, 41, 100, 79, 83, 60, 43, 50, 2, 49, 0, 40, 32, 100, 36, 7
100, 74, 81, 100, 33, 92, 4, 62, 0, 26, 31, 0, 61, 21, 24, 42, 6
11, 88, 57, 100, 100, 88, 61, 66, 67, 50, 91, 24, 55, 2, 0, 0, 3
44, 100, 2, 69, 0, 38, 71, 39, 100, 50, 60, 74, 56, 37, 58, 0, 4
100, 100, 55, 85, 15, 56, 8, 21, 56, 0, 99, 24, 53, 45, 0, 26, 6
0, 40, 38, 60, 74, 80, 100, 100, 76, 76, 55, 50, 38, 25, 22, 0, 1
8, 62, 17, 100, 61, 88, 41, 44, 0, 11, 8, 22, 58, 0, 100, 14, 2
0, 90, 32, 100, 66, 77, 45, 39, 26, 0, 1, 20, 45, 34, 100, 39, 7
100, 100, 65, 92, 27, 69, 0, 40, 8, 7, 58, 0, 87, 21, 41, 33, 6
100, 100, 64, 90, 24, 52, 37, 9, 96, 0, 92, 42, 29, 50, 0, 17, 6
20, 62, 39, 98, 44, 100, 37, 62, 41, 24, 0, 0, 30, 0, 100, 0, 1
0, 55, 32, 91, 39, 100, 36, 47, 19, 0, 1, 7, 50, 7, 100, 8, 1
83, 61, 59, 100, 17, 86, 0, 41, 20, 0, 68, 3, 100, 36, 91, 74, 0
8, 66, 26, 100, 38, 89, 37, 48, 28, 9, 0, 0, 49, 5, 100, 7, 1
77, 100, 65, 90, 24, 61, 0, 28, 33, 0, 100, 8, 69, 32, 2, 27, 6
17, 86, 1, 59, 18, 11, 72, 0, 100, 42, 82, 90, 28, 100, 0, 56, 0
16, 69, 51, 100, 60, 91, 56, 54, 60, 17, 0, 4, 29, 0, 100, 2, 1
0, 55, 34, 87, 53, 100, 49, 63, 47, 26, 12, 0, 34, 5, 100, 5, 1
0, 91, 36, 100, 66, 79, 73, 39, 63, 0, 39, 19, 61, 33, 100, 33, 7
90, 100, 46, 78, 20, 50, 17, 19, 59, 0, 100, 17, 48, 27, 0, 16, 6
0, 87, 35, 100, 57, 82, 41, 53, 22, 26, 26, 0, 66, 7, 100, 20, 2
39, 57, 100, 90, 29, 100, 37, 64, 95, 92, 95, 49, 82, 3, 0, 0, 9
0, 66, 16, 93, 83, 100, 91, 73, 62, 46, 22, 21, 28, 0, 100, 3, 2
100, 100, 70, 89, 55, 74, 39, 60, 21, 45, 9, 30, 0, 15, 0, 0, 1
33, 100, 0, 72, 7, 46, 77, 39, 100, 62, 90, 61, 69, 30, 57, 0, 4
3, 74, 31, 100, 45, 72, 28, 36, 0, 6, 9, 2, 57, 0, 100, 13, 2
7, 61, 49, 36, 46, 0, 0, 6, 30, 40, 77, 71, 100, 100, 31, 83, 8
5, 100, 45, 90, 41, 45, 36, 0, 3, 14, 0, 39, 49, 48, 100, 55, 7
82, 80, 47, 100, 5, 75, 0, 32, 34, 0, 85, 14, 100, 55, 85, 97, 0
100, 95, 70, 100, 38, 84, 35, 56, 74, 47, 78, 17, 40, 2, 0, 0, 5
3, 76, 30, 100, 91, 98, 81, 65, 80, 45, 100, 22, 52, 0, 0, 12, 3
70, 91, 88, 79, 74, 100, 77, 79, 100, 51, 93, 13, 43, 0, 0, 19, 9
47, 100, 20, 67, 73, 35, 45, 0, 0, 2, 0, 41, 18, 79, 100, 94, 5
53, 100, 37, 93, 10, 58, 0, 20, 45, 0, 100, 18, 62, 40, 0, 38, 6
69, 94, 4, 100, 8, 70, 82, 76, 69, 85, 100, 46, 74, 11, 0, 0, 9
15, 89, 13, 49, 67, 38, 39, 0, 8, 29, 0, 74, 35, 96, 100, 100, 5
24, 85, 69, 100, 70, 68, 43, 35, 7, 9, 0, 0, 50, 7, 100, 1, 2
43, 87, 43, 51, 47, 14, 0, 0, 29, 33, 71, 63, 100, 96, 45, 100, 8
35, 100, 4, 69, 5, 30, 42, 0, 92, 24, 100, 63, 60, 93, 0, 78, 0
100, 100, 55, 98, 17, 83, 0, 52, 43, 61, 65, 37, 44, 7, 4, 0, 5
100, 100, 68, 95, 33, 72, 7, 45, 0, 15, 38, 0, 55, 25, 11, 33, 6
0, 44, 33, 59, 66, 80, 100, 100, 96, 82, 77, 54, 59, 28, 44, 0, 1
6, 100, 54, 99, 66, 59, 48, 18, 25, 0, 0, 38, 49, 43, 100, 42, 7
0, 88, 42, 100, 84, 89, 80, 69, 80, 48, 100, 28, 78, 9, 28, 0, 3
51, 100, 14, 75, 0, 46, 52, 34, 100, 45, 82, 59, 67, 29, 55, 0, 4
36, 84, 0, 66, 84, 57, 100, 18, 22, 0, 5, 40, 9, 86, 84, 100, 5
0, 88, 49, 100, 98, 83, 75, 41, 45, 1, 63, 0, 100, 27, 37, 30, 7
38, 100, 16, 86, 0, 51, 55, 45, 92, 70, 100, 72, 95, 36, 95, 0, 4
2, 82, 26, 100, 36, 70, 22, 38, 0, 12, 26, 0, 63, 1, 100, 4, 2
71, 100, 28, 74, 0, 45, 66, 50, 100, 70, 75, 85, 62, 42, 51, 0, 4
60, 100, 24, 75, 2, 47, 0, 18, 45, 0, 100, 10, 67, 34, 11, 46, 6
7, 100, 15, 64, 28, 27, 0, 0, 7, 34, 67, 63, 100, 94, 20, 91, 8
96, 83, 57, 100, 38, 65, 90, 72, 100, 72, 100, 25, 54, 2, 0, 0, 9
75, 100, 38, 82, 74, 82, 80, 71, 96, 46, 100, 20, 54, 4, 0, 0, 9
0, 100, 19, 85, 19, 63, 98, 65, 100, 67, 62, 46, 33, 23, 12, 0, 4
32, 83, 61, 100, 100, 93, 70, 67, 88, 35, 88, 6, 43, 0, 0, 3, 3
53, 96, 91, 100, 41, 87, 47, 64, 92, 47, 100, 22, 55, 4, 0, 0, 5
54, 100, 0, 79, 17, 60, 100, 60, 85, 86, 50, 82, 38, 36, 33, 0, 4
0, 92, 58, 100, 88, 94, 67, 47, 60, 0, 36, 1, 37, 22, 100, 20, 7
93, 71, 19, 73, 0, 92, 67, 100, 100, 78, 74, 50, 38, 25, 0, 0, 9
0, 67, 44, 83, 93, 100, 100, 92, 83, 70, 68, 46, 66, 23, 73, 0, 1
0, 99, 59, 100, 72, 82, 47, 42, 49, 0, 6, 30, 35, 39, 100, 45, 7
38, 90, 88, 100, 100, 97, 47, 83, 11, 65, 62, 48, 45, 0, 0, 13, 5
100, 94, 41, 92, 94, 100, 89, 64, 63, 49, 100, 21, 52, 0, 0, 10, 3
63, 100, 23, 87, 0, 67, 28, 51, 85, 54, 100, 41, 77, 21, 60, 0, 4
60, 100, 31, 85, 0, 63, 14, 52, 69, 46, 100, 46, 78, 23, 60, 0, 4
29, 62, 52, 100, 50, 95, 52, 54, 52, 12, 0, 0, 45, 4, 100, 5, 1
69, 100, 24, 81, 0, 50, 47, 36, 100, 60, 80, 60, 39, 32, 25, 0, 4
88, 93, 2, 100, 22, 66, 100, 37, 75, 0, 0, 11, 28, 52, 88, 86, 8
100, 98, 60, 100, 19, 89, 2, 58, 49, 55, 71, 28, 45, 1, 0, 0, 5
100, 100, 67, 77, 44, 53, 31, 26, 38, 0, 88, 4, 44, 15, 0, 4, 6
100, 86, 62, 100, 21, 83, 0, 51, 5, 17, 43, 0, 67, 25, 29, 42, 6
76, 80, 80, 100, 19, 88, 74, 79, 100, 78, 98, 40, 55, 12, 0, 0, 9
0, 62, 19, 93, 84, 100, 100, 66, 71, 32, 20, 6, 25, 0, 93, 2, 2
92, 79, 66, 100, 38, 64, 86, 61, 100, 78, 99, 33, 60, 0, 0, 5, 9
13, 54, 44, 89, 54, 100, 52, 53, 45, 7, 0, 0, 49, 0, 100, 5, 1
0, 87, 25, 100, 72, 96, 47, 64, 81, 47, 100, 18, 57, 0, 7, 0, 3
100, 80, 65, 43, 26, 55, 50, 100, 90, 92, 83, 42, 49, 3, 0, 0, 9
3, 60, 17, 100, 23, 84, 24, 40, 8, 3, 0, 0, 50, 5, 100, 11, 1
8, 100, 80, 98, 100, 68, 66, 35, 44, 0, 0, 29, 21, 40, 98, 41, 7
52, 97, 82, 100, 76, 70, 60, 48, 100, 34, 84, 8, 41, 0, 0, 10, 3
14, 40, 19, 0, 58, 11, 85, 42, 100, 81, 70, 100, 30, 86, 0, 59, 0
0, 65, 42, 92, 72, 100, 61, 62, 57, 24, 25, 1, 41, 4, 100, 0, 1
44, 86, 62, 100, 74, 75, 63, 47, 100, 30, 81, 5, 37, 0, 0, 12, 3
0, 88, 37, 100, 59, 63, 57, 17, 44, 0, 17, 37, 55, 49, 100, 50, 7
100, 95, 63, 100, 37, 91, 31, 63, 81, 55, 89, 32, 46, 14, 0, 0, 5
58, 100, 5, 75, 0, 41, 100, 44, 75, 79, 48, 89, 44, 38, 37, 0, 4
89, 83, 58, 100, 32, 68, 77, 64, 100, 74, 88, 29, 48, 4, 0, 0, 9
96, 100, 77, 91, 33, 58, 10, 19, 67, 0, 100, 31, 60, 62, 0, 37, 6
86, 100, 36, 84, 89, 89, 95, 71, 95, 44, 100, 18, 59, 0, 0, 0, 9
19, 91, 9, 66, 63, 43, 42, 0, 0, 12, 11, 64, 34, 100, 100, 97, 5
37, 100, 0, 73, 30, 49, 100, 51, 86, 76, 57, 75, 47, 38, 44, 0, 4
42, 100, 20, 61, 20, 20, 62, 0, 100, 25, 96, 66, 49, 86, 0, 67, 0
0, 74, 34, 100, 83, 99, 81, 63, 48, 31, 6, 6, 47, 4, 100, 0, 2
55, 96, 14, 68, 0, 32, 24, 0, 77, 17, 100, 52, 96, 89, 49, 100, 0
76, 99, 17, 100, 22, 77, 78, 86, 100, 73, 95, 36, 56, 10, 0, 0, 9
0, 65, 21, 91, 86, 100, 90, 80, 56, 54, 100, 30, 67, 7, 0, 0, 3
65, 56, 100, 84, 48, 100, 0, 76, 45, 59, 77, 61, 42, 30, 19, 0, 9
81, 80, 34, 100, 0, 73, 63, 65, 89, 77, 100, 36, 89, 0, 22, 1, 9
0, 63, 20, 100, 57, 88, 45, 47, 14, 14, 8, 0, 53, 8, 100, 3, 2
0, 87, 22, 100, 48, 97, 62, 78, 64, 55, 64, 32, 76, 11, 100, 0, 2
12, 71, 0, 26, 48, 0, 97, 36, 100, 82, 42, 100, 4, 60, 5, 15, 0
47, 99, 11, 74, 0, 31, 30, 0, 75, 6, 100, 42, 89, 85, 49, 100, 0
95, 100, 52, 79, 20, 57, 0, 34, 5, 9, 62, 0, 100, 18, 40, 27, 6
100, 100, 80, 87, 61, 73, 43, 59, 30, 45, 16, 30, 5, 15, 0, 0, 1
37, 65, 52, 100, 57, 64, 31, 26, 0, 9, 31, 18, 65, 0, 100, 5, 2
65, 100, 0, 96, 24, 75, 79, 93, 91, 68, 100, 31, 69, 0, 2, 1, 9
5, 79, 32, 48, 32, 7, 0, 0, 31, 37, 78, 68, 100, 100, 41, 77, 8
18, 70, 49, 100, 47, 86, 36, 40, 4, 7, 0, 0, 50, 4, 100, 9, 1
24, 100, 25, 58, 64, 36, 45, 0, 13, 23, 0, 65, 44, 90, 100, 100, 5
0, 82, 24, 100, 54, 99, 50, 61, 34, 27, 41, 0, 71, 6, 100, 17, 2
19, 70, 28, 100, 45, 93, 35, 49, 13, 7, 0, 0, 49, 7, 100, 13, 1
0, 73, 59, 85, 100, 100, 84, 80, 72, 60, 59, 40, 50, 20, 53, 0, 1
16, 65, 29, 100, 59, 83, 38, 41, 0, 12, 8, 16, 55, 0, 100, 7, 2
42, 86, 24, 44, 36, 0, 82, 3, 100, 48, 86, 92, 34, 100, 0, 63, 0
100, 100, 53, 88, 20, 61, 0, 31, 16, 1, 67, 0, 56, 27, 3, 32, 6
38, 100, 24, 68, 0, 35, 71, 40, 100, 60, 96, 50, 95, 15, 100, 0, 4
100, 98, 61, 100, 41, 90, 28, 61, 59, 61, 57, 40, 29, 19, 0, 0, 5
22, 83, 0, 55, 48, 40, 45, 0, 15, 25, 15, 72, 52, 100, 100, 85, 5
0, 98, 66, 100, 64, 66, 32, 34, 2, 0, 47, 20, 100, 47, 28, 50, 7
80, 100, 100, 97, 48, 68, 7, 38, 0, 7, 91, 0, 98, 22, 9, 12, 6
41, 85, 62, 100, 52, 65, 30, 36, 0, 15, 33, 7, 68, 0, 100, 19, 2
47, 85, 100, 100, 40, 87, 24, 59, 80, 61, 90, 34, 57, 8, 0, 0, 5
100, 83, 65, 100, 24, 79, 0, 48, 4, 14, 46, 0, 67, 26, 24, 40, 6
82, 100, 2, 92, 8, 61, 75, 80, 71, 79, 100, 44, 81, 11, 0, 0, 9
0, 91, 39, 100, 75, 72, 80, 37, 79, 0, 31, 12, 38, 29, 100, 29, 7
0, 71, 22, 100, 61, 91, 49, 54, 21, 22, 6, 0, 53, 8, 100, 7, 2
40, 95, 100, 100, 32, 85, 10, 58, 78, 61, 87, 29, 43, 0, 0, 6, 5
56, 60, 100, 84, 44, 100, 0, 72, 66, 61, 85, 65, 68, 32, 53, 0, 9
100, 100, 59, 90, 22, 62, 0, 29, 22, 0, 76, 10, 51, 37, 0, 33, 6
12, 61, 0, 20, 44, 0, 92, 23, 100, 64, 70, 100, 15, 92, 0, 52, 0
0, 79, 51, 59, 100, 29, 51, 0, 22, 26, 51, 60, 73, 94, 9, 100, 8
100, 97, 56, 100, 22, 83, 18, 50, 53, 47, 68, 22, 37, 0, 0, 6, 5
44, 60, 0, 77, 47, 99, 100, 100, 84, 75, 75, 50, 75, 24, 100, 0, 1
100, 100, 54, 85, 21, 57, 0, 27, 23, 0, 75, 7, 57, 29, 3, 23, 6
55, 83, 100, 100, 93, 83, 82, 56, 84, 28, 71, 2, 0, 0, 73, 3, 1
100, 92, 18, 81, 46, 39, 62, 0, 1, 13, 43, 56, 74, 100, 0, 75, 8
0, 52, 40, 76, 80, 100, 100, 91, 100, 66, 91, 40, 80, 15, 54, 0, 1
97, 69, 79, 100, 0, 92, 18, 60, 96, 74, 100, 68, 83, 32, 83, 0, 9
94, 79, 69, 100, 48, 71, 85, 70, 100, 54, 85, 18, 44, 0, 0, 9, 9
2, 44, 0, 58, 43, 79, 86, 100, 100, 93, 77, 63, 56, 32, 50, 0, 1
33, 100, 32, 83, 0, 50, 60, 47, 96, 46, 100, 73, 91, 35, 85, 0, 4
21, 100, 25, 88, 0, 54, 20, 43, 85, 42, 100, 72, 91, 36, 82, 0, 4
29, 100, 0, 66, 11, 24, 52, 0, 98, 14, 100, 55, 61, 83, 11, 85, 0
16, 76, 48, 100, 72, 77, 42, 46, 0, 23, 2, 14, 53, 0, 100, 13, 2
100, 89, 62, 100, 47, 67, 91, 79, 94, 67, 91, 31, 63, 0, 0, 3, 9
0, 66, 23, 100, 53, 83, 41, 43, 14, 10, 13, 0, 56, 9, 100, 12, 2
0, 74, 27, 100, 54, 77, 37, 42, 5, 14, 2, 17, 51, 9, 100, 0, 2
21, 94, 44, 73, 100, 100, 13, 100, 16, 80, 61, 66, 23, 33, 0, 0, 9
37, 90, 4, 97, 35, 57, 100, 22, 49, 0, 0, 33, 54, 72, 35, 100, 8
30, 71, 4, 60, 0, 11, 54, 0, 100, 32, 97, 80, 45, 100, 6, 66, 0
16, 81, 32, 63, 56, 30, 17, 0, 0, 36, 5, 79, 36, 99, 100, 100, 5
38, 96, 78, 100, 91, 82, 51, 60, 88, 35, 100, 4, 48, 0, 0, 5, 3
100, 90, 75, 100, 42, 81, 63, 51, 97, 29, 85, 4, 42, 0, 0, 4, 5
0, 100, 47, 86, 100, 79, 68, 52, 42, 23, 30, 0, 66, 25, 82, 40, 7
0, 38, 36, 54, 68, 78, 100, 100, 78, 75, 59, 50, 44, 25, 34, 0, 1
0, 51, 51, 75, 90, 100, 56, 92, 46, 66, 51, 40, 77, 15, 100, 0, 1
0, 43, 30, 54, 60, 77, 91, 100, 100, 84, 86, 56, 74, 28, 70, 0, 1
100, 100, 68, 78, 39, 55, 14, 32, 0, 5, 34, 0, 57, 23, 15, 19, 6
23, 100, 14, 76, 11, 41, 94, 35, 100, 51, 52, 71, 24, 35, 0, 0, 4
45, 100, 2, 72, 0, 49, 81, 55, 100, 79, 88, 66, 59, 33, 33, 0, 4
0, 63, 19, 73, 58, 97, 65, 100, 58, 73, 50, 48, 54, 22, 100, 0, 1
1, 85, 40, 100, 91, 78, 41, 52, 47, 45, 100, 20, 56, 0, 0, 15, 3
36, 100, 7, 89, 0, 53, 67, 41, 100, 57, 82, 74, 51, 38, 31, 0, 4
75, 100, 30, 81, 0, 36, 19, 0, 72, 14, 100, 58, 70, 98, 24, 74, 0
2, 78, 35, 98, 100, 100, 84, 65, 54, 32, 20, 0, 0, 29, 60, 33, 7
18, 61, 37, 100, 17, 65, 0, 33, 61, 39, 100, 55, 66, 37, 37, 0, 4
100, 100, 59, 86, 28, 58, 9, 28, 34, 0, 91, 9, 53, 23, 0, 9, 6
40, 82, 58, 100, 79, 77, 57, 62, 100, 44, 83, 16, 37, 0, 0, 11, 3
9, 88, 46, 100, 60, 78, 31, 55, 0, 34, 10, 13, 56, 7, 100, 0, 2
48, 84, 38, 41, 20, 0, 0, 14, 37, 51, 89, 81, 100, 100, 36, 84, 8
70, 100, 45, 91, 11, 60, 0, 23, 42, 0, 100, 4, 86, 32, 31, 27, 6
69, 100, 23, 78, 46, 49, 92, 71, 100, 74, 94, 32, 56, 2, 0, 0, 9
30, 79, 4, 66, 68, 31, 41, 0, 0, 28, 57, 64, 100, 100, 0, 92, 8
8, 91, 63, 100, 100, 82, 79, 55, 42, 31, 0, 11, 37, 1, 100, 0, 2
24, 88, 71, 100, 85, 77, 53, 53, 83, 37, 100, 14, 52, 0, 0, 5, 3
0, 68, 8, 100, 33, 90, 37, 50, 25, 11, 45, 0, 72, 6, 100, 13, 2
69, 100, 52, 50, 100, 65, 64, 93, 82, 70, 96, 49, 61, 0, 0, 4, 9
24, 90, 76, 71, 65, 100, 30, 72, 93, 72, 100, 33, 61, 0, 0, 18, 9
100, 100, 64, 87, 36, 66, 14, 44, 0, 20, 23, 0, 57, 10, 24, 20, 6
66, 94, 0, 92, 38, 48, 90, 5, 11, 0, 36, 45, 100, 84, 18, 100, 8
9, 45, 30, 10, 65, 0, 95, 30, 100, 72, 72, 100, 32, 88, 0, 61, 0
0, 48, 26, 69, 64, 89, 100, 100, 80, 76, 61, 51, 48, 25, 56, 0, 1
45, 36, 76, 67, 100, 100, 96, 74, 92, 39, 86, 9, 0, 0, 92, 0, 1
36, 95, 10, 59, 19, 10, 66, 0, 100, 37, 97, 85, 48, 100, 0, 81, 0
73, 94, 26, 99, 0, 57, 16, 7, 64, 0, 100, 36, 94, 87, 48, 100, 0
0, 84, 51, 100, 70, 69, 56, 34, 37, 0, 24, 7, 31, 32, 100, 34, 7
67, 79, 33, 62, 100, 30, 71, 0, 43, 32, 87, 68, 93, 100, 0, 79, 8
47, 88, 98, 100, 81, 93, 31, 76, 61, 54, 100, 31, 56, 7, 0, 0, 5
0, 27, 32, 51, 66, 75, 99, 100, 100, 87, 79, 58, 57, 29, 40, 0, 1
92, 88, 69, 100, 60, 61, 100, 82, 97, 73, 70, 34, 38, 0, 0, 0, 9
74, 100, 51, 87, 25, 54, 18, 19, 62, 0, 100, 21, 49, 37, 0, 26, 6
13, 100, 0, 43, 25, 0, 67, 0, 100, 34, 95, 87, 55, 100, 15, 92, 0
92, 77, 88, 100, 46, 83, 79, 69, 100, 54, 97, 18, 53, 0, 0, 6, 9
54, 75, 36, 100, 78, 94, 62, 55, 25, 26, 0, 11, 49, 4, 100, 0, 2
53, 81, 66, 100, 86, 70, 77, 35, 43, 9, 0, 8, 51, 11, 100, 0, 2
99, 100, 51, 99, 56, 77, 100, 90, 96, 67, 78, 38, 45, 14, 0, 0, 9
55, 100, 39, 85, 12, 49, 17, 12, 78, 0, 100, 27, 41, 38, 0, 9, 6
74, 100, 36, 82, 0, 53, 25, 31, 85, 33, 100, 62, 61, 35, 48, 0, 4
50, 100, 63, 96, 30, 65, 0, 36, 13, 8, 85, 22, 100, 30, 80, 0, 4
3, 88, 0, 51, 16, 10, 64, 0, 98, 34, 100, 76, 56, 100, 5, 85, 0
0, 90, 62, 100, 100, 82, 78, 48, 63, 13, 52, 0, 24, 31, 85, 44, 7
0, 85, 41, 100, 62, 73, 57, 36, 49, 0, 27, 20, 53, 32, 100, 35, 7
0, 92, 35, 100, 82, 80, 75, 40, 67, 0, 41, 8, 42, 33, 100, 34, 7
100, 100, 57, 94, 29, 76, 48, 63, 83, 49, 71, 19, 36, 0, 0, 4, 5
81, 100, 47, 96, 14, 62, 6, 22, 53, 0, 100, 19, 46, 34, 0, 12, 6
53, 90, 95, 100, 100, 74, 74, 49, 40, 28, 0, 10, 26, 0, 78, 4, 2
100, 85, 58, 100, 10, 97, 28, 76, 77, 73, 54, 53, 21, 28, 0, 0, 9
12, 90, 67, 100, 71, 70, 26, 44, 71, 47, 100, 19, 50, 0, 0, 14, 3
85, 76, 67, 68, 16, 78, 59, 100, 100, 85, 79, 53, 41, 26, 0, 0, 9
90, 79, 30, 61, 4, 89, 55, 100, 80, 63, 100, 26, 74, 0, 0, 8, 9
0, 62, 33, 81, 70, 99, 100, 100, 85, 75, 67, 50, 51, 25, 37, 0, 1
13, 78, 49, 100, 65, 76, 38, 48, 4, 23, 0, 9, 54, 14, 100, 0, 2
0, 55, 20, 68, 65, 88, 100, 100, 76, 75, 51, 50, 28, 25, 11, 0, 1
0, 87, 42, 100, 100, 94, 87, 73, 67, 53, 64, 32, 69, 11, 22, 0, 3
12, 64, 57, 46, 46, 0, 0, 3, 44, 41, 100, 74, 90, 100, 25, 79, 8
0, 92, 28, 100, 67, 74, 70, 35, 48, 0, 5, 24, 45, 34, 100, 34, 7
11, 72, 45, 100, 100, 98, 90, 60, 49, 31, 0, 10, 15, 2, 74, 0, 2
2, 59, 0, 86, 41, 100, 100, 100, 88, 79, 59, 55, 38, 28, 35, 0, 7
78, 100, 20, 92, 0, 58, 6, 22, 53, 0, 97, 23, 100, 59, 89, 95, 0
13, 75, 44, 100, 52, 65, 32, 30, 0, 0, 0, 11, 50, 5, 100, 5, 2
0, 81, 29, 100, 64, 82, 67, 40, 50, 0, 23, 32, 60, 43, 100, 51, 7
100, 99, 66, 100, 36, 80, 38, 50, 79, 41, 69, 16, 32, 0, 0, 7, 5
0, 76, 47, 71, 96, 96, 28, 100, 17, 77, 90, 74, 100, 37, 100, 0, 9
0, 91, 39, 100, 72, 90, 79, 69, 92, 50, 100, 31, 89, 12, 52, 0, 3
37, 61, 0, 70, 22, 92, 60, 100, 91, 85, 100, 57, 91, 28, 80, 0, 9
39, 76, 64, 100, 89, 81, 66, 50, 100, 34, 91, 6, 41, 0, 0, 18, 3
20, 88, 0, 52, 14, 14, 63, 0, 97, 31, 100, 71, 64, 100, 16, 84, 0
19, 92, 0, 57, 64, 39, 64, 0, 5, 11, 13, 62, 30, 100, 100, 99, 5
100, 100, 100, 90, 50, 75, 25, 60, 0, 45, 0, 30, 0, 15, 0, 0, 1
94, 95, 42, 100, 35, 71, 86, 84, 100, 66, 100, 25, 55, 2, 0, 0, 9
21, 93, 28, 62, 53, 24, 13, 0, 5, 41, 0, 84, 47, 96, 100, 100, 5
100, 98, 85, 99, 38, 100, 26, 71, 66, 56, 79, 36, 40, 18, 0, 0, 5
35, 100, 7, 65, 0, 21, 37, 0, 79, 18, 100, 58, 83, 97, 37, 100, 0
29, 83, 5, 60, 8, 14, 64, 0, 100, 35, 89, 81, 33, 100, 0, 83, 0
15, 83, 56, 100, 82, 78, 35, 58, 62, 47, 100, 26, 56, 5, 0, 0, 3
0, 86, 28, 100, 59, 93, 57, 66, 38, 40, 34, 13, 66, 4, 100, 0, 2
100, 74, 51, 73, 0, 79, 23, 100, 72, 95, 100, 66, 100, 32, 85, 0, 9
100, 98, 67, 100, 29, 76, 2, 44, 0, 8, 45, 0, 54, 32, 11, 50, 6
63, 100, 35, 79, 0, 55, 42, 39, 87, 48, 85, 51, 83, 20, 100, 0, 4
61, 100, 32, 70, 0, 41, 18, 28, 77, 29, 100, 49, 95, 34, 92, 0, 4
