@relation penbased-4
@attribute At1 integer [0, 100]
@attribute At2 integer [0, 100]
@attribute At3 integer [0, 100]
@attribute At4 integer [0, 100]
@attribute At5 integer [0, 100]
@attribute At6 integer [0, 100]
@attribute At7 integer [0, 100]
@attribute At8 integer [0, 100]
@attribute At9 integer [0, 100]
@attribute At10 integer [0, 100]
@attribute At11 integer [0, 100]
@attribute At12 integer [0, 100]
@attribute At13 integer [0, 100]
@attribute At14 integer [0, 100]
@attribute At15 integer [0, 100]
@attribute At16 integer [0, 100]
@attribute Class {0, 1, 2, 3, 4, 5, 6, 7, 8, 9}
@inputs At1, At2, At3, At4, At5, At6, At7, At8, At9, At10, At11, At12, At13, At14, At15, At16
@outputs Class
@data
48, 96, 62, 65, 88, 27, 21, 0, 21, 33, 79, 67, 100, 100, 0, 85, 8
0, 46, 49, 64, 78, 87, 100, 100, 91, 75, 85, 49, 75, 24, 89, 0, 1
11, 100, 0, 69, 15, 43, 87, 47, 100, 65, 74, 67, 71, 33, 66, 0, 4
0, 83, 29, 100, 88, 95, 64, 69, 73, 43, 100, 13, 50, 1, 10, 0, 3
41, 96, 17, 76, 50, 37, 31, 0, 0, 34, 1, 86, 49, 98, 100, 100, 5
34, 100, 21, 76, 0, 35, 43, 30, 91, 29, 100, 41, 74, 46, 67, 0, 4
8, 77, 47, 100, 100, 96, 71, 66, 100, 46, 99, 13, 46, 0, 0, 13, 3
0, 100, 54, 98, 91, 85, 71, 52, 62, 17, 74, 0, 100, 32, 42, 37, 7
95, 92, 50, 100, 21, 77, 74, 87, 100, 86, 69, 56, 37, 26, 0, 0, 9
3, 96, 53, 100, 81, 68, 83, 28, 72, 0, 100, 34, 51, 41, 0, 43, 7
42, 83, 60, 53, 89, 11, 13, 0, 0, 33, 77, 57, 100, 92, 18, 100, 8
42, 100, 9, 79, 0, 46, 48, 31, 100, 46, 89, 52, 46, 30, 19, 0, 4
53, 87, 32, 47, 98, 64, 69, 100, 58, 69, 100, 61, 71, 3, 0, 0, 9
68, 100, 24, 83, 0, 41, 13, 0, 60, 3, 99, 30, 100, 71, 55, 89, 0
0, 70, 53, 88, 64, 100, 62, 78, 70, 57, 83, 36, 100, 14, 98, 0, 1
0, 70, 63, 80, 90, 100, 100, 89, 100, 67, 92, 44, 84, 22, 71, 0, 1
2, 80, 36, 50, 54, 12, 9, 0, 0, 41, 5, 78, 49, 95, 100, 100, 5
0, 75, 29, 79, 71, 91, 100, 100, 82, 74, 68, 48, 57, 21, 58, 0, 1
51, 100, 0, 90, 5, 57, 92, 61, 100, 70, 85, 82, 68, 40, 86, 0, 4
0, 82, 25, 100, 52, 73, 44, 34, 32, 0, 0, 29, 50, 34, 100, 39, 7
14, 55, 40, 61, 59, 100, 58, 62, 59, 21, 100, 14, 48, 5, 0, 0, 1
0, 93, 45, 100, 74, 75, 57, 37, 35, 0, 25, 24, 53, 41, 100, 37, 7
100, 75, 95, 100, 24, 81, 38, 44, 69, 8, 0, 0, 45, 33, 96, 64, 8
0, 0, 38, 13, 71, 34, 94, 61, 100, 90, 63, 100, 44, 76, 73, 53, 9
0, 68, 73, 45, 100, 8, 20, 0, 37, 38, 92, 72, 85, 100, 7, 81, 8
28, 75, 57, 100, 93, 82, 71, 51, 33, 26, 0, 0, 49, 5, 100, 16, 2
38, 73, 5, 64, 0, 15, 53, 0, 98, 34, 100, 83, 47, 100, 20, 60, 0
100, 96, 66, 100, 63, 85, 85, 88, 78, 53, 66, 20, 35, 0, 0, 12, 9
13, 78, 45, 100, 97, 87, 69, 58, 76, 47, 100, 15, 49, 0, 0, 19, 3
9, 32, 60, 62, 80, 100, 6, 93, 36, 56, 100, 27, 57, 0, 0, 25, 8
43, 100, 98, 96, 77, 97, 37, 70, 60, 53, 100, 20, 47, 0, 0, 14, 5
100, 100, 44, 91, 7, 60, 0, 24, 46, 0, 99, 24, 41, 30, 19, 0, 6
0, 82, 47, 100, 75, 72, 52, 35, 22, 0, 16, 22, 41, 48, 100, 52, 7
40, 76, 62, 100, 62, 69, 34, 40, 0, 16, 12, 11, 57, 10, 100, 0, 2
100, 100, 26, 97, 1, 66, 45, 33, 29, 0, 0, 26, 38, 61, 87, 93, 8
7, 86, 0, 62, 15, 20, 62, 0, 100, 31, 96, 73, 53, 100, 8, 78, 0
0, 98, 4, 100, 59, 100, 100, 87, 96, 64, 75, 43, 51, 22, 40, 0, 7
0, 99, 50, 100, 100, 91, 54, 57, 32, 0, 69, 13, 70, 28, 31, 23, 7
63, 77, 30, 100, 0, 59, 12, 13, 67, 0, 100, 37, 88, 83, 34, 88, 0
0, 83, 11, 100, 56, 93, 53, 67, 66, 42, 100, 20, 73, 1, 16, 0, 3
22, 75, 47, 100, 74, 82, 47, 53, 84, 44, 100, 17, 54, 0, 0, 9, 3
0, 96, 45, 98, 100, 100, 97, 83, 77, 62, 60, 39, 52, 17, 55, 0, 7
84, 81, 39, 100, 0, 66, 9, 18, 60, 0, 100, 33, 89, 80, 36, 92, 0
100, 95, 87, 100, 49, 74, 16, 43, 6, 6, 52, 0, 48, 29, 0, 39, 6
68, 46, 89, 75, 52, 100, 0, 80, 6, 53, 72, 54, 100, 33, 89, 0, 9
99, 68, 58, 100, 0, 78, 47, 42, 100, 9, 39, 0, 47, 41, 100, 73, 8
8, 100, 0, 81, 9, 52, 81, 54, 100, 75, 86, 64, 87, 32, 90, 0, 4
17, 89, 0, 55, 65, 58, 69, 11, 11, 0, 10, 60, 31, 100, 100, 96, 5
0, 78, 39, 100, 82, 75, 68, 37, 54, 0, 6, 25, 35, 37, 100, 37, 7
33, 95, 4, 69, 0, 27, 39, 0, 88, 16, 100, 56, 69, 89, 17, 100, 0
81, 90, 29, 82, 0, 42, 10, 0, 70, 16, 100, 56, 96, 100, 47, 82, 0
0, 82, 37, 62, 83, 30, 65, 0, 46, 32, 81, 66, 100, 100, 23, 90, 8
100, 100, 51, 95, 16, 64, 0, 28, 36, 0, 98, 12, 68, 35, 6, 24, 6
35, 73, 77, 55, 100, 20, 39, 0, 37, 35, 79, 68, 86, 100, 0, 84, 8
73, 100, 39, 75, 0, 52, 43, 54, 92, 61, 100, 71, 84, 35, 72, 0, 4
8, 95, 8, 58, 61, 47, 54, 0, 20, 21, 0, 68, 37, 100, 100, 100, 5
59, 85, 84, 100, 82, 79, 60, 56, 100, 48, 74, 28, 37, 14, 0, 0, 3
0, 97, 61, 100, 100, 81, 88, 50, 69, 20, 51, 0, 30, 30, 90, 36, 7
0, 91, 34, 100, 65, 83, 43, 56, 12, 36, 25, 13, 63, 7, 100, 0, 2
25, 85, 59, 100, 86, 89, 86, 67, 100, 45, 88, 24, 49, 9, 0, 0, 3
100, 100, 100, 92, 80, 76, 65, 61, 50, 45, 40, 30, 15, 15, 0, 0, 1
36, 78, 75, 100, 77, 82, 61, 34, 39, 0, 0, 8, 50, 8, 100, 7, 1
25, 97, 37, 70, 100, 88, 27, 100, 0, 80, 76, 65, 75, 31, 29, 0, 9
29, 94, 90, 100, 43, 100, 8, 70, 56, 61, 100, 39, 61, 11, 0, 0, 5
100, 100, 57, 90, 32, 60, 15, 30, 26, 0, 89, 7, 70, 34, 0, 43, 6
66, 100, 25, 80, 4, 53, 0, 25, 26, 0, 94, 0, 100, 22, 45, 8, 6
26, 100, 38, 78, 66, 38, 45, 0, 15, 33, 0, 77, 34, 97, 100, 100, 5
17, 100, 17, 69, 60, 36, 30, 0, 0, 20, 0, 73, 41, 91, 100, 92, 5
31, 78, 71, 100, 73, 99, 56, 63, 50, 26, 21, 0, 0, 0, 100, 3, 1
47, 69, 42, 100, 6, 75, 54, 39, 47, 0, 0, 21, 42, 58, 100, 90, 8
100, 75, 47, 100, 0, 79, 49, 41, 66, 0, 3, 25, 27, 66, 98, 91, 8
97, 81, 52, 100, 0, 87, 21, 60, 76, 70, 100, 47, 74, 12, 23, 0, 9
0, 61, 36, 82, 78, 100, 100, 95, 76, 71, 49, 47, 24, 23, 22, 0, 1
3, 79, 36, 59, 88, 39, 66, 0, 15, 14, 0, 55, 27, 89, 100, 100, 5
25, 89, 65, 55, 100, 21, 20, 0, 0, 30, 55, 62, 94, 95, 22, 100, 8
69, 100, 43, 92, 15, 58, 5, 21, 50, 0, 100, 20, 48, 34, 0, 15, 6
10, 100, 4, 67, 11, 70, 2, 80, 19, 33, 0, 0, 21, 8, 100, 12, 1
14, 73, 52, 100, 66, 98, 50, 55, 35, 12, 0, 7, 50, 3, 100, 0, 1
32, 100, 12, 77, 0, 48, 53, 38, 100, 55, 94, 57, 81, 28, 65, 0, 4
62, 100, 27, 82, 0, 51, 2, 19, 51, 0, 100, 18, 62, 40, 20, 22, 6
0, 42, 42, 55, 73, 77, 100, 100, 81, 77, 61, 52, 46, 26, 39, 0, 1
24, 91, 67, 100, 61, 65, 36, 33, 0, 6, 0, 13, 50, 3, 100, 0, 2
87, 100, 51, 81, 0, 45, 74, 46, 100, 66, 89, 90, 78, 44, 60, 0, 4
18, 99, 6, 51, 22, 6, 69, 0, 100, 37, 90, 83, 44, 100, 0, 80, 0
32, 87, 74, 100, 82, 75, 45, 53, 87, 43, 100, 18, 54, 0, 0, 3, 3
51, 100, 93, 95, 64, 73, 70, 61, 100, 39, 82, 12, 38, 0, 0, 7, 3
94, 77, 54, 100, 0, 74, 47, 52, 85, 76, 100, 38, 82, 0, 5, 0, 9
27, 100, 15, 72, 0, 42, 49, 31, 100, 36, 82, 62, 68, 31, 66, 0, 4
33, 88, 39, 59, 63, 100, 0, 65, 28, 43, 40, 0, 100, 42, 25, 47, 8
0, 61, 15, 62, 51, 81, 89, 100, 100, 80, 86, 53, 72, 26, 57, 0, 1
0, 81, 41, 79, 79, 96, 100, 100, 95, 74, 87, 49, 78, 23, 78, 0, 1
20, 100, 6, 79, 0, 49, 65, 43, 100, 66, 86, 59, 70, 29, 52, 0, 4
55, 83, 100, 100, 88, 92, 40, 78, 24, 43, 68, 31, 48, 5, 0, 0, 5
7, 86, 44, 100, 54, 70, 30, 39, 0, 13, 14, 4, 57, 2, 100, 0, 2
41, 81, 63, 100, 82, 75, 52, 47, 100, 46, 98, 17, 46, 0, 0, 9, 3
28, 61, 59, 27, 33, 0, 2, 20, 63, 46, 100, 79, 48, 100, 0, 74, 8
69, 90, 33, 100, 63, 76, 70, 98, 100, 61, 98, 16, 51, 0, 0, 10, 9
16, 100, 9, 84, 0, 59, 30, 40, 86, 49, 100, 47, 75, 24, 63, 0, 4
7, 91, 57, 100, 8, 96, 0, 54, 57, 50, 100, 21, 46, 0, 1, 14, 5
19, 100, 0, 63, 3, 30, 63, 47, 100, 77, 91, 75, 77, 38, 68, 0, 4
7, 76, 27, 45, 48, 7, 8, 0, 0, 40, 8, 81, 52, 98, 100, 100, 5
0, 96, 59, 100, 86, 72, 68, 36, 48, 0, 16, 13, 38, 34, 100, 37, 7
77, 96, 29, 90, 66, 73, 66, 100, 100, 64, 93, 19, 49, 0, 0, 20, 9
31, 100, 17, 68, 41, 36, 5, 0, 0, 35, 7, 81, 43, 99, 100, 97, 5
60, 90, 26, 82, 49, 39, 35, 0, 0, 23, 56, 54, 100, 90, 37, 100, 8
26, 91, 0, 80, 2, 34, 33, 0, 80, 8, 100, 50, 82, 92, 38, 100, 0
17, 85, 51, 100, 83, 82, 55, 53, 59, 39, 100, 20, 55, 0, 0, 3, 3
42, 100, 24, 76, 0, 53, 19, 35, 79, 41, 100, 48, 82, 24, 73, 0, 4
100, 71, 46, 71, 18, 92, 66, 100, 91, 74, 75, 45, 44, 19, 0, 0, 9
9, 100, 4, 64, 0, 24, 28, 0, 69, 18, 100, 49, 92, 84, 46, 90, 0
15, 66, 14, 100, 50, 89, 37, 51, 7, 18, 0, 12, 50, 8, 100, 0, 2
43, 100, 30, 87, 0, 57, 51, 61, 100, 75, 80, 62, 50, 31, 23, 0, 4
0, 94, 49, 99, 100, 100, 73, 67, 54, 26, 45, 0, 22, 39, 71, 50, 7
0, 78, 21, 100, 54, 97, 68, 72, 60, 43, 48, 16, 66, 0, 100, 6, 2
4, 91, 47, 100, 100, 87, 68, 44, 45, 0, 25, 5, 0, 36, 76, 35, 7
100, 100, 76, 95, 50, 72, 26, 49, 6, 26, 0, 0, 46, 2, 25, 20, 6
32, 71, 47, 100, 83, 80, 70, 46, 31, 24, 0, 7, 50, 2, 100, 0, 2
44, 83, 18, 61, 60, 35, 35, 0, 0, 15, 26, 56, 51, 90, 100, 100, 5
0, 93, 69, 100, 98, 69, 71, 35, 35, 4, 13, 0, 24, 35, 100, 35, 7
87, 74, 64, 100, 11, 85, 68, 78, 100, 72, 84, 26, 38, 0, 0, 15, 9
0, 98, 58, 100, 55, 67, 55, 32, 69, 0, 33, 16, 42, 36, 100, 46, 7
0, 88, 52, 100, 68, 67, 50, 33, 23, 0, 9, 27, 30, 51, 100, 58, 7
68, 100, 27, 81, 0, 51, 45, 29, 99, 43, 100, 63, 77, 32, 69, 0, 4
42, 98, 0, 69, 54, 36, 71, 0, 14, 16, 54, 54, 100, 91, 39, 100, 8
100, 100, 58, 83, 30, 57, 20, 26, 42, 0, 80, 9, 47, 31, 0, 39, 6
0, 58, 36, 71, 87, 91, 100, 100, 87, 75, 77, 50, 72, 25, 77, 0, 1
0, 96, 40, 100, 59, 67, 42, 25, 26, 0, 14, 38, 57, 45, 100, 48, 7
39, 92, 89, 100, 95, 77, 53, 57, 91, 45, 100, 17, 55, 0, 0, 2, 3
43, 100, 9, 64, 0, 19, 44, 0, 90, 22, 100, 66, 66, 99, 15, 88, 0
0, 90, 32, 100, 48, 77, 34, 52, 12, 30, 12, 8, 56, 4, 100, 0, 2
0, 73, 26, 62, 99, 96, 12, 100, 21, 66, 100, 71, 96, 29, 49, 0, 9
35, 92, 61, 100, 81, 75, 59, 60, 100, 43, 86, 10, 40, 0, 0, 7, 3
82, 100, 16, 90, 0, 58, 60, 58, 93, 89, 100, 60, 85, 26, 41, 0, 9
48, 100, 22, 79, 5, 58, 0, 37, 80, 39, 100, 42, 72, 21, 82, 0, 4
0, 0, 32, 10, 66, 31, 92, 56, 97, 88, 61, 100, 57, 76, 100, 65, 9
0, 62, 55, 75, 85, 97, 100, 100, 98, 75, 93, 50, 91, 25, 89, 0, 1
25, 40, 21, 0, 60, 4, 89, 35, 100, 75, 71, 100, 30, 90, 0, 63, 0
66, 100, 50, 86, 21, 56, 0, 26, 26, 0, 100, 16, 53, 33, 15, 7, 6
0, 83, 35, 100, 86, 88, 42, 63, 52, 47, 100, 27, 60, 4, 2, 0, 3
40, 98, 51, 100, 0, 61, 11, 16, 93, 0, 100, 37, 18, 51, 24, 19, 6
70, 92, 0, 83, 57, 49, 100, 13, 16, 0, 5, 37, 48, 74, 64, 100, 8
0, 0, 40, 9, 74, 26, 95, 52, 100, 80, 73, 100, 46, 81, 74, 63, 9
64, 67, 95, 100, 83, 88, 73, 48, 53, 11, 0, 0, 42, 0, 100, 2, 1
100, 100, 48, 85, 15, 57, 0, 25, 29, 0, 84, 11, 65, 30, 38, 9, 6
0, 88, 52, 100, 100, 77, 75, 39, 44, 2, 17, 0, 15, 30, 87, 38, 7
15, 100, 0, 74, 20, 45, 82, 47, 100, 64, 84, 68, 77, 34, 73, 0, 4
43, 95, 8, 69, 0, 31, 29, 0, 83, 20, 100, 56, 71, 90, 11, 100, 0
0, 72, 29, 100, 59, 79, 58, 23, 42, 0, 30, 30, 65, 47, 100, 64, 7
19, 91, 18, 50, 88, 50, 88, 5, 24, 0, 0, 51, 29, 91, 100, 100, 5
46, 92, 45, 62, 38, 22, 0, 0, 9, 39, 57, 70, 100, 100, 27, 98, 8
100, 100, 56, 87, 24, 59, 5, 27, 29, 0, 79, 9, 38, 24, 0, 2, 6
74, 100, 2, 49, 29, 0, 100, 54, 61, 95, 0, 39, 75, 77, 6, 21, 0
22, 99, 7, 64, 0, 25, 36, 0, 83, 27, 100, 64, 76, 100, 19, 95, 0
12, 71, 15, 50, 29, 100, 32, 76, 34, 25, 0, 0, 47, 4, 100, 5, 1
0, 82, 31, 100, 48, 57, 50, 5, 35, 0, 32, 28, 66, 44, 100, 62, 7
0, 80, 35, 100, 80, 89, 58, 61, 68, 39, 100, 15, 55, 0, 2, 3, 3
0, 3, 28, 0, 62, 18, 87, 43, 100, 71, 89, 100, 54, 98, 78, 80, 9
0, 72, 1, 100, 49, 100, 72, 71, 43, 39, 10, 10, 51, 0, 100, 1, 2
21, 100, 1, 80, 0, 54, 70, 51, 100, 73, 82, 51, 74, 24, 75, 0, 4
62, 90, 15, 77, 10, 26, 56, 0, 100, 31, 93, 81, 42, 100, 0, 70, 0
71, 100, 50, 87, 32, 50, 32, 11, 76, 0, 100, 32, 51, 49, 0, 41, 6
0, 66, 25, 100, 48, 70, 43, 23, 26, 0, 21, 33, 60, 46, 100, 61, 7
52, 95, 100, 100, 70, 91, 26, 77, 26, 55, 64, 43, 43, 14, 0, 0, 5
12, 76, 27, 98, 45, 48, 28, 0, 0, 14, 54, 56, 100, 100, 30, 96, 8
17, 67, 55, 93, 71, 100, 61, 56, 48, 13, 0, 1, 37, 0, 100, 0, 1
34, 67, 98, 74, 100, 100, 32, 90, 0, 63, 69, 65, 85, 41, 64, 0, 9
62, 87, 41, 63, 100, 100, 22, 72, 8, 41, 30, 0, 93, 42, 0, 34, 8
67, 99, 0, 95, 29, 61, 100, 36, 87, 0, 43, 21, 70, 60, 83, 100, 8
88, 100, 48, 83, 16, 59, 0, 31, 50, 28, 100, 45, 75, 27, 62, 0, 4
100, 94, 58, 100, 15, 70, 0, 34, 28, 1, 97, 0, 91, 28, 31, 21, 6
27, 100, 8, 56, 57, 41, 20, 0, 0, 24, 18, 85, 48, 97, 100, 94, 5
28, 100, 0, 80, 25, 53, 96, 46, 100, 74, 71, 66, 43, 33, 28, 0, 4
20, 100, 13, 72, 0, 43, 29, 26, 88, 28, 100, 45, 68, 29, 69, 0, 4
0, 76, 42, 100, 66, 75, 46, 38, 43, 0, 22, 19, 45, 36, 100, 39, 7
67, 100, 18, 81, 44, 39, 35, 0, 0, 28, 53, 57, 100, 88, 42, 94, 8
100, 100, 63, 90, 26, 63, 2, 33, 0, 0, 54, 1, 60, 31, 7, 30, 6
14, 79, 37, 100, 56, 79, 30, 52, 0, 27, 0, 2, 50, 0, 100, 4, 2
67, 66, 56, 100, 10, 74, 59, 38, 70, 0, 0, 15, 29, 54, 100, 82, 8
100, 83, 97, 100, 46, 94, 46, 67, 83, 42, 99, 11, 51, 0, 0, 3, 5
27, 100, 6, 95, 0, 42, 30, 0, 79, 4, 100, 51, 74, 96, 24, 98, 0
0, 85, 30, 100, 48, 73, 33, 40, 9, 13, 24, 0, 65, 4, 100, 10, 2
42, 87, 80, 100, 70, 72, 58, 62, 100, 46, 87, 15, 42, 0, 0, 3, 3
32, 100, 17, 75, 87, 41, 64, 0, 12, 20, 79, 55, 100, 96, 0, 96, 8
39, 94, 0, 63, 66, 44, 70, 1, 10, 0, 15, 52, 29, 99, 100, 100, 5
37, 100, 0, 60, 94, 94, 3, 89, 29, 54, 0, 0, 100, 28, 8, 38, 8
33, 65, 81, 88, 100, 100, 88, 70, 74, 41, 52, 13, 0, 0, 81, 1, 1
0, 98, 43, 100, 68, 70, 66, 35, 56, 0, 39, 32, 49, 51, 100, 55, 7
0, 100, 51, 99, 100, 78, 80, 42, 60, 7, 79, 0, 98, 27, 30, 38, 7
24, 88, 0, 46, 54, 45, 20, 0, 24, 55, 38, 95, 51, 94, 100, 100, 5
69, 98, 82, 55, 100, 100, 44, 82, 92, 72, 91, 46, 64, 0, 0, 0, 9
100, 99, 59, 100, 27, 72, 6, 40, 0, 6, 43, 0, 55, 29, 6, 15, 6
66, 93, 50, 56, 80, 100, 0, 55, 17, 35, 59, 0, 100, 52, 0, 29, 8
0, 90, 31, 100, 74, 82, 68, 39, 46, 0, 36, 6, 49, 41, 100, 54, 7
68, 74, 10, 76, 48, 100, 86, 81, 97, 46, 100, 12, 55, 0, 0, 18, 9
0, 100, 45, 94, 69, 70, 56, 35, 42, 0, 15, 19, 45, 33, 100, 35, 7
0, 57, 33, 76, 58, 100, 78, 99, 78, 74, 78, 49, 83, 24, 100, 0, 1
22, 100, 3, 94, 0, 51, 49, 44, 100, 61, 64, 86, 64, 43, 60, 0, 4
36, 100, 2, 70, 0, 43, 53, 42, 100, 43, 68, 70, 45, 35, 22, 0, 4
3, 90, 41, 100, 100, 100, 89, 68, 54, 33, 19, 0, 0, 15, 54, 23, 7
11, 83, 0, 38, 21, 0, 71, 1, 100, 37, 87, 80, 41, 100, 5, 71, 0
77, 100, 28, 80, 63, 41, 59, 0, 0, 10, 47, 44, 100, 75, 61, 94, 8
34, 74, 75, 100, 100, 69, 76, 27, 34, 0, 0, 10, 49, 15, 100, 5, 2
16, 88, 47, 100, 50, 69, 28, 38, 0, 13, 23, 1, 62, 1, 100, 0, 2
0, 63, 55, 75, 84, 97, 100, 100, 91, 75, 81, 50, 77, 25, 81, 0, 1
58, 74, 100, 100, 94, 75, 85, 35, 59, 2, 0, 0, 29, 2, 88, 3, 1
25, 79, 58, 100, 88, 84, 56, 56, 79, 43, 100, 19, 54, 0, 0, 8, 3
72, 100, 100, 91, 72, 76, 56, 60, 39, 45, 22, 30, 0, 15, 0, 0, 1
40, 100, 13, 69, 0, 30, 22, 0, 73, 19, 100, 53, 92, 91, 39, 95, 0
13, 100, 11, 83, 0, 59, 28, 40, 92, 46, 96, 48, 91, 23, 100, 0, 4
26, 88, 61, 100, 100, 94, 88, 67, 97, 40, 78, 17, 40, 6, 0, 0, 3
14, 88, 62, 100, 97, 86, 70, 62, 34, 42, 0, 20, 45, 6, 100, 0, 2
54, 88, 24, 76, 66, 51, 47, 2, 0, 0, 18, 48, 50, 92, 100, 100, 5
0, 100, 57, 95, 62, 63, 46, 31, 25, 0, 4, 22, 39, 43, 100, 43, 7
15, 73, 39, 100, 93, 95, 81, 62, 43, 34, 0, 10, 39, 0, 100, 4, 2
0, 95, 53, 100, 91, 86, 78, 47, 68, 7, 47, 0, 24, 24, 100, 27, 7
63, 92, 100, 100, 99, 76, 67, 55, 91, 34, 96, 10, 48, 0, 0, 4, 3
0, 66, 20, 100, 56, 88, 44, 47, 14, 15, 13, 0, 56, 5, 100, 11, 2
52, 100, 0, 98, 27, 78, 41, 82, 67, 48, 100, 16, 63, 0, 3, 10, 9
92, 100, 46, 82, 8, 48, 0, 11, 70, 0, 100, 32, 26, 32, 14, 2, 6
44, 90, 0, 79, 79, 43, 95, 0, 13, 10, 50, 55, 100, 98, 19, 100, 8
43, 81, 72, 100, 100, 78, 77, 49, 41, 25, 0, 5, 39, 0, 93, 2, 2
0, 45, 17, 4, 55, 0, 89, 24, 100, 70, 72, 100, 36, 83, 18, 39, 0
14, 76, 50, 100, 100, 95, 71, 64, 59, 52, 83, 20, 42, 0, 0, 18, 3
72, 100, 26, 94, 0, 62, 0, 28, 38, 0, 100, 4, 67, 24, 21, 1, 6
0, 93, 44, 100, 90, 91, 76, 48, 64, 4, 49, 0, 52, 30, 100, 29, 7
32, 85, 60, 100, 88, 81, 47, 59, 81, 43, 100, 15, 54, 0, 0, 4, 3
0, 99, 45, 100, 68, 72, 41, 34, 16, 0, 9, 41, 54, 43, 100, 41, 7
18, 66, 34, 100, 76, 84, 51, 50, 0, 26, 12, 26, 58, 0, 100, 20, 2
97, 100, 49, 92, 15, 65, 0, 35, 15, 6, 74, 0, 100, 23, 45, 29, 6
56, 97, 16, 100, 0, 55, 18, 11, 67, 0, 100, 36, 91, 82, 44, 98, 0
18, 100, 23, 73, 0, 41, 17, 17, 83, 18, 100, 43, 84, 35, 76, 0, 4
100, 100, 72, 90, 35, 66, 6, 38, 0, 8, 50, 0, 69, 19, 14, 22, 6
47, 82, 83, 100, 100, 67, 67, 33, 28, 0, 1, 14, 0, 41, 78, 35, 7
43, 75, 71, 100, 38, 68, 0, 37, 60, 32, 100, 51, 82, 34, 54, 0, 4
50, 100, 26, 84, 0, 60, 6, 36, 58, 35, 100, 50, 78, 26, 63, 0, 4
66, 74, 23, 100, 14, 69, 64, 36, 47, 0, 0, 23, 35, 60, 100, 87, 8
35, 74, 17, 80, 96, 100, 100, 93, 70, 70, 39, 47, 13, 23, 0, 0, 1
51, 94, 80, 59, 100, 100, 26, 88, 74, 67, 93, 63, 83, 9, 0, 0, 9
0, 86, 37, 100, 85, 93, 72, 67, 94, 36, 100, 4, 53, 0, 6, 11, 3
0, 73, 54, 47, 100, 15, 43, 0, 51, 35, 81, 69, 63, 100, 2, 72, 8
50, 100, 42, 78, 0, 52, 24, 38, 83, 35, 100, 64, 69, 32, 41, 0, 4
0, 100, 64, 95, 100, 88, 72, 50, 47, 11, 19, 0, 18, 30, 84, 27, 7
89, 90, 49, 100, 14, 73, 11, 41, 49, 17, 100, 28, 41, 24, 0, 0, 6
4, 100, 0, 100, 7, 69, 56, 55, 100, 67, 86, 60, 62, 31, 55, 0, 4
100, 89, 39, 75, 0, 78, 55, 100, 93, 85, 70, 54, 35, 24, 23, 0, 9
53, 60, 85, 83, 48, 100, 0, 79, 46, 70, 100, 57, 81, 28, 54, 0, 9
40, 81, 67, 65, 100, 27, 38, 0, 0, 24, 46, 61, 81, 99, 27, 100, 8
64, 81, 59, 100, 100, 98, 78, 53, 42, 18, 0, 6, 47, 13, 95, 0, 2
0, 52, 33, 67, 68, 82, 100, 100, 94, 77, 82, 50, 69, 23, 72, 0, 1
0, 88, 40, 100, 65, 81, 51, 55, 30, 29, 11, 4, 51, 0, 100, 6, 2
7, 96, 0, 61, 13, 22, 61, 0, 100, 30, 98, 69, 59, 100, 13, 86, 0
33, 100, 8, 75, 0, 48, 49, 34, 100, 47, 99, 53, 90, 27, 78, 0, 4
10, 72, 45, 100, 85, 84, 56, 53, 100, 42, 92, 10, 37, 0, 0, 17, 3
32, 73, 59, 100, 81, 71, 54, 36, 16, 9, 0, 2, 50, 2, 100, 0, 2
16, 80, 9, 35, 40, 0, 86, 12, 100, 56, 80, 97, 32, 100, 0, 67, 0
20, 100, 0, 61, 10, 16, 58, 0, 100, 26, 98, 71, 56, 99, 7, 89, 0
41, 87, 0, 63, 62, 62, 84, 24, 8, 0, 6, 44, 11, 93, 100, 100, 5
0, 94, 47, 97, 97, 100, 92, 56, 84, 13, 67, 0, 48, 19, 100, 23, 7
15, 100, 1, 55, 0, 7, 37, 0, 74, 24, 100, 62, 80, 99, 39, 95, 0
84, 100, 40, 94, 46, 68, 85, 82, 90, 48, 100, 13, 54, 0, 0, 6, 9
30, 100, 0, 58, 23, 39, 63, 14, 13, 0, 24, 52, 44, 96, 100, 93, 5
41, 96, 91, 100, 46, 94, 5, 63, 42, 48, 100, 32, 63, 5, 0, 0, 5
33, 100, 0, 72, 6, 23, 54, 0, 100, 30, 88, 77, 35, 97, 2, 64, 0
0, 99, 66, 100, 100, 79, 68, 41, 48, 1, 25, 0, 21, 23, 88, 25, 7
41, 100, 9, 70, 0, 30, 33, 0, 88, 15, 100, 54, 79, 92, 28, 88, 0
2, 55, 18, 86, 70, 100, 98, 79, 75, 50, 100, 15, 52, 0, 0, 15, 3
0, 64, 32, 68, 73, 84, 100, 100, 88, 75, 81, 50, 75, 25, 71, 0, 1
63, 97, 19, 90, 4, 36, 42, 0, 95, 25, 100, 77, 46, 100, 0, 73, 0
23, 71, 2, 49, 57, 32, 23, 0, 3, 25, 0, 65, 34, 96, 100, 100, 5
38, 100, 4, 76, 0, 46, 70, 41, 100, 64, 86, 62, 66, 31, 54, 0, 4
19, 88, 53, 100, 92, 84, 71, 53, 36, 29, 0, 5, 48, 1, 100, 0, 2
27, 85, 57, 50, 64, 11, 15, 0, 0, 33, 2, 75, 46, 96, 100, 100, 5
69, 100, 31, 77, 8, 53, 0, 27, 27, 3, 92, 0, 100, 20, 39, 12, 6
21, 100, 14, 74, 0, 41, 35, 25, 100, 28, 98, 49, 61, 32, 48, 0, 4
30, 81, 0, 35, 60, 39, 83, 0, 41, 4, 27, 57, 39, 100, 100, 99, 5
4, 76, 0, 33, 34, 0, 84, 17, 100, 61, 72, 100, 25, 90, 14, 45, 0
6, 77, 23, 50, 31, 0, 4, 13, 0, 65, 22, 96, 60, 100, 100, 100, 5
59, 87, 23, 74, 0, 33, 21, 0, 68, 9, 100, 43, 87, 85, 43, 100, 0
63, 100, 31, 80, 0, 49, 70, 50, 100, 67, 68, 90, 45, 45, 29, 0, 4
57, 100, 22, 81, 4, 52, 0, 23, 36, 0, 100, 9, 67, 27, 7, 15, 6
45, 83, 14, 72, 35, 51, 52, 11, 0, 0, 20, 44, 45, 89, 100, 100, 5
0, 65, 34, 81, 77, 99, 100, 100, 88, 74, 73, 47, 55, 21, 45, 0, 1
56, 92, 96, 81, 35, 63, 38, 100, 88, 69, 100, 24, 46, 0, 0, 25, 9
85, 100, 80, 95, 37, 67, 2, 37, 0, 6, 76, 0, 100, 25, 7, 25, 6
29, 95, 2, 58, 44, 40, 30, 0, 0, 9, 16, 60, 50, 91, 100, 100, 5
72, 85, 40, 100, 61, 68, 100, 90, 85, 87, 88, 54, 63, 16, 0, 0, 9
0, 77, 40, 64, 54, 28, 43, 0, 27, 36, 13, 72, 49, 96, 100, 100, 5
0, 97, 90, 100, 81, 71, 52, 36, 37, 0, 16, 13, 7, 42, 100, 43, 7
62, 100, 39, 79, 0, 52, 13, 39, 80, 44, 100, 63, 86, 32, 71, 0, 4
41, 97, 12, 58, 65, 58, 62, 14, 0, 0, 4, 54, 24, 97, 100, 100, 5
26, 100, 16, 79, 0, 52, 36, 32, 100, 38, 55, 52, 38, 26, 32, 0, 4
100, 97, 88, 100, 53, 70, 25, 36, 17, 0, 69, 10, 58, 39, 0, 29, 6
57, 95, 59, 56, 76, 12, 0, 0, 28, 33, 100, 60, 96, 100, 21, 88, 8
6, 88, 52, 100, 100, 92, 83, 71, 54, 52, 65, 32, 48, 12, 0, 0, 3
0, 74, 32, 81, 77, 100, 100, 99, 84, 74, 64, 49, 41, 24, 18, 0, 1
58, 100, 100, 93, 96, 69, 54, 58, 83, 45, 81, 17, 45, 0, 0, 3, 3
89, 98, 57, 76, 63, 34, 19, 0, 0, 25, 55, 56, 100, 91, 36, 100, 8
97, 92, 62, 100, 60, 65, 100, 89, 90, 65, 85, 26, 50, 0, 0, 16, 9
39, 76, 83, 94, 100, 100, 65, 80, 30, 60, 9, 41, 0, 20, 22, 0, 1
0, 78, 26, 94, 95, 100, 100, 82, 57, 61, 62, 37, 57, 14, 0, 0, 3
43, 80, 46, 100, 83, 79, 61, 39, 20, 12, 0, 14, 51, 16, 100, 0, 2
0, 85, 42, 97, 30, 75, 23, 21, 72, 0, 100, 47, 87, 100, 36, 99, 0
16, 95, 46, 100, 100, 95, 72, 63, 39, 32, 6, 0, 0, 32, 56, 35, 7
61, 83, 19, 100, 3, 62, 15, 21, 0, 0, 0, 40, 47, 62, 100, 79, 8
21, 86, 55, 100, 87, 79, 62, 49, 83, 38, 100, 12, 52, 0, 0, 4, 3
28, 90, 97, 100, 100, 68, 61, 33, 18, 0, 0, 8, 7, 29, 82, 31, 7
0, 75, 8, 100, 52, 99, 96, 98, 100, 81, 83, 54, 68, 27, 58, 0, 7
46, 78, 49, 100, 100, 93, 78, 65, 86, 39, 87, 10, 36, 0, 0, 19, 3
89, 100, 35, 79, 11, 52, 0, 25, 19, 0, 97, 1, 100, 23, 22, 21, 6
42, 100, 41, 78, 18, 51, 0, 23, 60, 24, 94, 41, 89, 27, 100, 0, 4
11, 72, 28, 100, 66, 78, 56, 38, 19, 10, 0, 6, 50, 5, 100, 0, 2
7, 89, 54, 100, 69, 76, 40, 52, 91, 45, 100, 19, 52, 6, 0, 0, 3
14, 57, 56, 78, 100, 100, 98, 90, 82, 62, 75, 35, 63, 8, 0, 0, 1
0, 96, 27, 100, 73, 99, 100, 83, 85, 60, 60, 40, 33, 20, 8, 0, 7
39, 79, 8, 71, 0, 24, 40, 0, 87, 24, 100, 69, 62, 100, 16, 80, 0
17, 97, 67, 100, 100, 76, 73, 40, 33, 6, 0, 0, 15, 30, 94, 29, 7
100, 92, 58, 100, 39, 84, 24, 67, 15, 50, 9, 33, 0, 16, 0, 0, 1
39, 78, 25, 97, 74, 100, 100, 81, 85, 57, 72, 32, 46, 10, 0, 0, 3
0, 39, 44, 60, 83, 83, 100, 100, 73, 76, 50, 51, 33, 26, 22, 0, 1
62, 91, 17, 92, 0, 42, 30, 0, 82, 6, 100, 56, 70, 100, 22, 95, 0
91, 100, 36, 85, 3, 56, 0, 22, 45, 0, 100, 9, 60, 25, 18, 2, 6
19, 81, 55, 100, 78, 80, 42, 61, 88, 43, 100, 13, 53, 0, 0, 6, 3
13, 90, 54, 100, 92, 87, 70, 63, 96, 42, 100, 17, 56, 3, 0, 0, 3
88, 82, 45, 100, 8, 79, 63, 77, 100, 68, 93, 25, 51, 0, 0, 12, 9
0, 90, 38, 100, 87, 93, 90, 56, 77, 16, 64, 0, 50, 29, 100, 28, 7
6, 88, 29, 51, 82, 40, 56, 0, 15, 19, 0, 67, 40, 95, 100, 100, 5
79, 100, 38, 76, 8, 49, 1, 19, 47, 0, 100, 9, 47, 21, 0, 8, 6
97, 73, 50, 79, 47, 100, 97, 90, 100, 64, 77, 39, 43, 17, 0, 0, 9
11, 78, 35, 100, 52, 73, 31, 43, 0, 20, 20, 9, 60, 4, 100, 0, 2
43, 55, 14, 40, 38, 0, 79, 23, 100, 66, 81, 100, 35, 78, 0, 44, 0
15, 95, 7, 70, 14, 20, 64, 0, 100, 36, 83, 85, 30, 100, 0, 59, 0
83, 100, 34, 79, 8, 52, 0, 23, 37, 0, 100, 12, 93, 38, 28, 33, 6
26, 97, 29, 100, 75, 99, 100, 83, 82, 61, 56, 39, 27, 20, 0, 0, 7
56, 100, 46, 99, 14, 66, 0, 31, 36, 0, 100, 9, 58, 24, 32, 2, 6
72, 97, 4, 91, 14, 45, 29, 0, 0, 30, 61, 65, 100, 100, 20, 86, 8
59, 61, 91, 100, 37, 92, 36, 46, 45, 0, 0, 6, 35, 36, 100, 38, 8
0, 91, 7, 98, 47, 100, 85, 94, 100, 72, 85, 47, 66, 24, 52, 0, 7
62, 100, 22, 78, 0, 44, 2, 6, 48, 0, 88, 24, 100, 60, 63, 80, 0
23, 95, 0, 97, 52, 100, 100, 93, 98, 68, 74, 45, 47, 23, 31, 0, 7
91, 64, 90, 100, 40, 93, 51, 71, 100, 67, 91, 28, 53, 1, 0, 0, 9
37, 89, 25, 54, 80, 20, 15, 0, 0, 26, 62, 58, 100, 97, 23, 100, 8
5, 82, 3, 100, 86, 90, 85, 64, 28, 42, 100, 24, 84, 2, 0, 0, 3
24, 64, 52, 93, 67, 100, 57, 48, 39, 0, 0, 0, 50, 1, 100, 2, 1
85, 100, 23, 83, 0, 42, 13, 0, 78, 5, 100, 47, 84, 88, 16, 81, 0
0, 63, 54, 77, 91, 99, 100, 100, 83, 75, 67, 50, 50, 25, 48, 0, 1
45, 75, 22, 99, 70, 100, 100, 80, 62, 50, 88, 23, 48, 0, 0, 8, 3
47, 91, 80, 100, 66, 70, 81, 65, 100, 37, 76, 6, 36, 0, 0, 18, 3
25, 92, 20, 41, 67, 47, 55, 0, 20, 30, 0, 76, 43, 100, 100, 99, 5
53, 78, 80, 100, 96, 68, 68, 35, 23, 14, 0, 20, 51, 17, 100, 0, 2
12, 79, 62, 46, 100, 12, 23, 0, 41, 33, 86, 67, 82, 100, 0, 88, 8
0, 54, 61, 75, 100, 100, 94, 98, 65, 74, 42, 49, 35, 23, 68, 0, 1
54, 73, 78, 100, 90, 67, 67, 31, 29, 3, 0, 8, 49, 10, 100, 0, 2
69, 100, 38, 82, 13, 54, 7, 24, 41, 0, 100, 4, 57, 16, 0, 8, 6
44, 92, 100, 100, 57, 98, 11, 79, 28, 60, 74, 42, 51, 14, 0, 0, 5
28, 83, 5, 52, 0, 17, 35, 0, 78, 10, 100, 40, 89, 73, 60, 100, 0
2, 82, 42, 100, 100, 97, 76, 73, 42, 53, 85, 33, 56, 8, 0, 0, 3
43, 100, 15, 71, 0, 35, 13, 0, 71, 20, 100, 54, 100, 91, 39, 97, 0
52, 100, 18, 76, 0, 46, 9, 17, 61, 19, 100, 38, 54, 22, 18, 0, 6
17, 78, 46, 100, 75, 84, 44, 57, 94, 42, 100, 12, 51, 0, 0, 13, 3
31, 78, 35, 100, 77, 85, 76, 50, 43, 23, 0, 2, 48, 1, 100, 0, 2
39, 100, 12, 74, 0, 44, 38, 30, 85, 32, 100, 51, 95, 30, 86, 0, 4
33, 100, 0, 84, 3, 54, 52, 41, 100, 46, 69, 59, 51, 30, 41, 0, 4
73, 66, 32, 81, 100, 100, 95, 87, 64, 65, 27, 43, 5, 22, 0, 0, 1
0, 86, 35, 100, 89, 89, 68, 63, 58, 46, 100, 25, 71, 2, 8, 0, 3
100, 100, 56, 82, 27, 55, 6, 27, 20, 0, 91, 10, 69, 30, 0, 22, 6
100, 100, 60, 86, 26, 58, 0, 28, 16, 0, 73, 9, 56, 31, 3, 16, 6
25, 100, 11, 78, 0, 51, 3, 26, 89, 27, 100, 44, 57, 26, 36, 0, 4
33, 91, 7, 71, 57, 45, 52, 0, 0, 6, 8, 58, 28, 100, 100, 97, 5
27, 60, 73, 91, 85, 100, 80, 62, 76, 25, 0, 9, 4, 0, 100, 8, 1
100, 95, 52, 99, 0, 100, 18, 68, 70, 65, 82, 28, 42, 0, 1, 7, 5
29, 100, 0, 70, 35, 48, 82, 61, 100, 96, 71, 65, 41, 33, 16, 0, 4
24, 86, 57, 100, 55, 72, 30, 47, 0, 26, 31, 9, 69, 1, 100, 0, 2
12, 100, 0, 79, 2, 48, 52, 47, 100, 58, 82, 67, 73, 34, 66, 0, 4
39, 82, 69, 100, 96, 80, 60, 61, 100, 44, 88, 14, 43, 0, 0, 10, 3
73, 98, 14, 78, 19, 0, 100, 41, 56, 100, 0, 58, 76, 85, 14, 13, 0
72, 71, 73, 100, 29, 87, 66, 73, 100, 54, 92, 16, 48, 0, 0, 9, 9
30, 90, 100, 100, 65, 93, 0, 76, 37, 61, 100, 42, 78, 12, 8, 0, 5
100, 75, 49, 100, 24, 61, 100, 27, 91, 0, 0, 18, 66, 55, 93, 85, 8
100, 100, 57, 97, 21, 68, 0, 37, 10, 6, 78, 0, 82, 23, 9, 19, 6
36, 95, 9, 55, 73, 58, 54, 11, 0, 0, 10, 52, 29, 99, 100, 100, 5
0, 0, 27, 24, 51, 53, 75, 81, 100, 100, 92, 67, 86, 34, 86, 1, 1
23, 79, 0, 65, 3, 19, 44, 0, 88, 18, 100, 62, 71, 100, 26, 96, 0
0, 40, 37, 61, 68, 85, 98, 100, 100, 75, 95, 50, 85, 24, 80, 0, 1
17, 93, 25, 64, 45, 25, 5, 0, 0, 42, 5, 96, 53, 100, 100, 100, 5
0, 45, 58, 67, 94, 91, 100, 100, 82, 75, 67, 50, 58, 25, 58, 0, 1
97, 75, 60, 100, 35, 68, 68, 32, 49, 0, 0, 22, 39, 57, 100, 83, 8
29, 100, 18, 58, 29, 13, 78, 0, 100, 38, 82, 81, 36, 98, 0, 65, 0
34, 100, 16, 50, 59, 40, 33, 0, 0, 14, 10, 70, 48, 95, 100, 94, 5
100, 100, 43, 89, 7, 61, 0, 28, 31, 0, 87, 8, 71, 38, 11, 45, 6
0, 8, 35, 30, 68, 61, 95, 92, 100, 100, 81, 67, 62, 34, 47, 0, 1
17, 100, 30, 92, 17, 64, 0, 37, 57, 27, 89, 46, 89, 28, 100, 0, 4
0, 58, 62, 82, 78, 100, 41, 75, 30, 50, 32, 24, 30, 2, 100, 0, 1
0, 41, 50, 71, 91, 100, 74, 59, 65, 16, 17, 0, 27, 4, 100, 5, 1
0, 95, 43, 100, 89, 94, 73, 51, 62, 6, 47, 0, 51, 35, 100, 38, 7
28, 58, 25, 97, 68, 100, 69, 59, 44, 22, 0, 0, 47, 10, 100, 1, 2
39, 77, 0, 43, 13, 2, 67, 0, 96, 39, 100, 84, 54, 100, 5, 76, 0
48, 88, 100, 100, 92, 63, 56, 30, 16, 0, 0, 15, 30, 39, 91, 38, 7
63, 88, 84, 100, 93, 67, 69, 34, 28, 8, 0, 14, 51, 19, 100, 0, 2
51, 80, 71, 100, 100, 86, 79, 64, 53, 44, 62, 19, 41, 0, 0, 1, 3
100, 67, 75, 100, 0, 95, 17, 64, 92, 72, 100, 69, 92, 33, 56, 0, 9
0, 54, 31, 65, 69, 87, 100, 100, 83, 75, 79, 50, 81, 24, 100, 0, 1
0, 78, 27, 100, 42, 70, 29, 33, 1, 4, 14, 5, 57, 0, 100, 4, 2
25, 74, 47, 100, 66, 74, 41, 44, 4, 20, 0, 9, 49, 1, 100, 0, 2
2, 91, 48, 100, 63, 65, 51, 25, 30, 0, 0, 30, 50, 35, 100, 35, 7
43, 89, 25, 59, 76, 31, 41, 0, 0, 21, 6, 65, 33, 100, 100, 99, 5
38, 71, 72, 36, 81, 0, 12, 11, 57, 45, 100, 80, 49, 100, 0, 70, 8
79, 87, 32, 63, 85, 32, 73, 0, 0, 12, 42, 44, 100, 75, 70, 100, 8
86, 100, 39, 87, 12, 57, 0, 26, 31, 0, 100, 8, 61, 21, 2, 6, 6
86, 89, 48, 100, 27, 61, 77, 63, 100, 85, 87, 43, 61, 5, 0, 0, 9
7, 61, 75, 35, 72, 0, 0, 7, 42, 41, 100, 72, 79, 100, 14, 75, 8
49, 100, 17, 71, 0, 39, 11, 7, 66, 0, 100, 24, 48, 33, 21, 8, 6
81, 96, 39, 100, 13, 71, 13, 39, 76, 44, 100, 16, 44, 0, 0, 6, 5
0, 82, 32, 75, 70, 88, 100, 100, 89, 75, 75, 50, 61, 25, 54, 0, 1
5, 94, 66, 100, 100, 76, 98, 49, 71, 22, 34, 0, 0, 25, 78, 37, 7
0, 54, 46, 77, 100, 100, 79, 80, 71, 55, 65, 30, 56, 5, 100, 0, 1
6, 100, 12, 82, 0, 50, 3, 22, 100, 29, 86, 48, 55, 32, 67, 0, 4
0, 82, 39, 96, 88, 100, 100, 82, 73, 61, 67, 36, 48, 14, 7, 0, 3
26, 88, 55, 100, 86, 69, 78, 31, 67, 0, 100, 33, 66, 45, 0, 45, 7
34, 87, 51, 100, 99, 84, 51, 54, 100, 54, 100, 18, 35, 0, 0, 16, 3
52, 100, 21, 67, 29, 14, 72, 0, 100, 40, 80, 88, 35, 97, 0, 65, 0
53, 91, 75, 100, 74, 69, 53, 39, 22, 13, 0, 11, 51, 15, 100, 0, 2
100, 100, 54, 80, 24, 55, 0, 28, 0, 0, 57, 1, 61, 22, 0, 15, 6
65, 81, 100, 48, 88, 10, 7, 0, 40, 35, 97, 68, 78, 100, 0, 87, 8
0, 78, 34, 100, 67, 83, 66, 40, 54, 0, 34, 28, 62, 46, 100, 63, 7
17, 98, 80, 100, 100, 67, 67, 33, 26, 0, 0, 7, 0, 23, 89, 19, 7
96, 84, 49, 76, 12, 91, 74, 100, 100, 75, 78, 47, 45, 21, 0, 0, 9
46, 66, 100, 82, 59, 100, 0, 80, 41, 64, 94, 56, 62, 27, 24, 0, 9
72, 63, 21, 54, 0, 80, 46, 100, 95, 84, 100, 50, 78, 18, 34, 0, 9
0, 77, 45, 83, 90, 100, 100, 88, 82, 65, 60, 42, 37, 21, 10, 0, 1
18, 100, 0, 76, 20, 46, 75, 56, 100, 90, 69, 68, 43, 34, 19, 0, 4
13, 100, 15, 75, 0, 45, 47, 32, 100, 46, 87, 61, 80, 30, 80, 0, 4
3, 100, 0, 81, 3, 55, 33, 34, 84, 36, 100, 50, 86, 25, 97, 0, 4
0, 80, 38, 100, 66, 71, 57, 34, 38, 0, 31, 31, 46, 57, 100, 68, 7
78, 80, 48, 100, 11, 66, 0, 27, 43, 0, 100, 19, 42, 36, 6, 18, 6
100, 100, 62, 86, 35, 55, 22, 19, 55, 0, 85, 27, 47, 48, 0, 40, 6
7, 58, 31, 100, 59, 71, 41, 22, 0, 0, 7, 22, 54, 12, 100, 0, 2
76, 98, 35, 100, 58, 73, 83, 91, 100, 47, 97, 4, 47, 0, 0, 14, 9
78, 100, 0, 92, 22, 75, 100, 89, 90, 80, 62, 53, 38, 27, 32, 0, 9
48, 75, 77, 100, 100, 72, 49, 52, 83, 40, 93, 8, 39, 0, 0, 25, 3
17, 100, 0, 75, 1, 49, 67, 46, 100, 61, 88, 54, 89, 27, 94, 0, 4
87, 68, 34, 60, 0, 89, 59, 100, 78, 64, 100, 28, 82, 0, 3, 8, 9
91, 90, 59, 64, 50, 16, 0, 0, 21, 44, 94, 73, 100, 100, 11, 92, 8
0, 39, 21, 57, 63, 78, 100, 100, 94, 82, 78, 54, 65, 27, 57, 0, 1
38, 64, 8, 67, 0, 20, 40, 0, 85, 26, 100, 69, 63, 100, 21, 87, 0
28, 72, 60, 100, 88, 73, 56, 37, 9, 14, 0, 14, 52, 0, 100, 5, 2
0, 48, 14, 61, 53, 81, 95, 100, 100, 82, 76, 56, 53, 29, 39, 0, 1
70, 100, 49, 72, 100, 71, 64, 97, 69, 69, 86, 32, 54, 2, 0, 0, 9
0, 85, 38, 100, 88, 94, 86, 67, 64, 41, 100, 21, 82, 0, 30, 1, 3
44, 69, 70, 100, 89, 75, 59, 40, 19, 14, 0, 13, 51, 11, 100, 0, 2
27, 73, 15, 37, 41, 0, 81, 7, 100, 50, 78, 92, 37, 100, 0, 77, 0
39, 96, 63, 100, 52, 43, 28, 0, 0, 4, 33, 15, 66, 0, 100, 0, 2
77, 100, 48, 60, 0, 32, 50, 40, 100, 49, 91, 86, 70, 43, 52, 0, 4
44, 100, 24, 68, 0, 34, 37, 33, 84, 38, 100, 57, 86, 39, 80, 0, 4
53, 100, 24, 78, 0, 56, 36, 41, 100, 55, 91, 44, 59, 23, 37, 0, 4
55, 72, 100, 100, 97, 96, 81, 59, 72, 22, 19, 3, 0, 0, 74, 6, 1
0, 62, 20, 8, 58, 0, 91, 32, 100, 92, 65, 100, 30, 70, 11, 17, 0
14, 76, 49, 100, 90, 84, 73, 52, 68, 39, 100, 17, 54, 0, 0, 8, 3
79, 100, 46, 82, 13, 52, 0, 18, 48, 0, 100, 18, 58, 37, 0, 27, 6
92, 100, 83, 89, 37, 59, 0, 27, 30, 0, 100, 8, 90, 30, 20, 23, 6
41, 75, 46, 100, 87, 86, 70, 53, 38, 25, 0, 19, 53, 18, 100, 0, 2
0, 83, 30, 100, 61, 78, 64, 39, 52, 0, 31, 24, 61, 48, 100, 57, 7
0, 63, 63, 33, 72, 0, 20, 9, 58, 42, 100, 74, 56, 100, 7, 71, 8
95, 100, 57, 84, 33, 50, 22, 12, 66, 0, 100, 24, 47, 22, 0, 6, 6
48, 86, 16, 51, 0, 11, 37, 0, 77, 29, 100, 66, 81, 100, 31, 92, 0
9, 81, 5, 24, 54, 0, 99, 38, 100, 94, 48, 100, 8, 56, 0, 4, 0
21, 80, 60, 95, 100, 100, 55, 87, 37, 52, 76, 28, 46, 2, 0, 0, 5
0, 100, 45, 99, 83, 79, 71, 39, 66, 0, 100, 23, 55, 40, 6, 48, 7
61, 97, 0, 88, 57, 60, 75, 16, 4, 0, 2, 49, 24, 98, 100, 100, 5
9, 100, 0, 77, 11, 51, 74, 53, 100, 72, 59, 50, 33, 25, 9, 0, 4
20, 79, 30, 100, 100, 99, 66, 71, 45, 59, 97, 40, 70, 11, 0, 0, 3
53, 100, 33, 71, 0, 44, 14, 43, 68, 37, 100, 58, 85, 33, 83, 0, 4
0, 69, 35, 100, 100, 94, 69, 49, 26, 8, 71, 0, 36, 40, 15, 83, 8
86, 100, 56, 99, 19, 67, 0, 25, 31, 0, 81, 15, 100, 53, 78, 93, 0
2, 75, 35, 100, 96, 95, 88, 67, 77, 39, 100, 9, 41, 0, 0, 20, 3
28, 68, 37, 100, 96, 94, 82, 47, 66, 0, 100, 6, 46, 36, 0, 70, 8
100, 100, 71, 87, 45, 65, 21, 41, 4, 16, 34, 0, 53, 16, 0, 22, 6
15, 67, 44, 100, 51, 91, 44, 44, 29, 0, 0, 1, 50, 4, 100, 2, 1
28, 96, 0, 62, 12, 12, 47, 0, 82, 11, 100, 58, 77, 100, 42, 99, 0
27, 96, 0, 59, 1, 10, 38, 0, 75, 20, 100, 59, 75, 97, 36, 100, 0
66, 92, 29, 100, 50, 72, 67, 94, 97, 58, 100, 18, 53, 0, 0, 9, 9
55, 100, 16, 89, 0, 59, 4, 28, 34, 0, 100, 1, 90, 25, 32, 10, 6
48, 72, 78, 100, 100, 80, 69, 48, 32, 22, 0, 18, 45, 17, 88, 0, 2
55, 100, 33, 83, 0, 53, 40, 39, 100, 47, 90, 60, 48, 32, 23, 0, 4
0, 70, 33, 100, 100, 94, 100, 59, 75, 25, 47, 0, 69, 34, 14, 61, 8
92, 76, 28, 67, 3, 100, 58, 98, 77, 61, 100, 24, 80, 0, 0, 8, 9
18, 100, 0, 76, 0, 49, 65, 41, 100, 66, 80, 55, 72, 27, 70, 0, 4
1, 91, 44, 100, 75, 81, 39, 57, 3, 34, 0, 7, 50, 0, 100, 2, 2
29, 96, 5, 100, 0, 72, 4, 45, 47, 36, 77, 51, 75, 23, 100, 0, 4
0, 98, 44, 100, 69, 73, 52, 32, 37, 0, 16, 39, 51, 48, 100, 49, 7
32, 76, 60, 100, 77, 79, 56, 50, 26, 25, 0, 3, 50, 4, 100, 0, 2
91, 67, 83, 100, 25, 86, 24, 43, 41, 0, 0, 6, 36, 33, 100, 36, 8
63, 100, 25, 80, 0, 48, 0, 12, 54, 0, 100, 24, 70, 43, 21, 20, 6
100, 85, 66, 100, 36, 78, 50, 50, 90, 36, 87, 2, 44, 0, 0, 4, 5
100, 100, 48, 97, 12, 68, 0, 33, 21, 0, 76, 0, 63, 27, 2, 27, 6
63, 88, 34, 100, 4, 70, 64, 66, 99, 68, 100, 29, 63, 0, 0, 7, 9
17, 100, 12, 65, 55, 42, 29, 0, 0, 20, 8, 74, 43, 98, 100, 100, 5
23, 94, 8, 59, 83, 45, 64, 0, 24, 2, 0, 48, 23, 92, 100, 100, 5
100, 100, 61, 82, 30, 58, 6, 30, 0, 0, 44, 2, 43, 21, 2, 9, 6
17, 81, 46, 90, 100, 100, 83, 80, 59, 60, 37, 40, 13, 20, 0, 0, 1
55, 98, 85, 100, 90, 70, 62, 43, 27, 20, 0, 1, 50, 5, 100, 0, 2
0, 100, 62, 97, 100, 76, 68, 46, 34, 17, 23, 0, 7, 33, 72, 36, 7
20, 73, 39, 100, 55, 69, 32, 31, 0, 4, 22, 0, 61, 1, 100, 2, 2
39, 75, 46, 100, 95, 83, 80, 41, 41, 6, 0, 6, 50, 28, 100, 0, 2
26, 67, 0, 38, 29, 0, 81, 20, 100, 66, 64, 100, 17, 74, 26, 28, 0
100, 92, 79, 100, 47, 89, 46, 61, 68, 37, 66, 9, 34, 0, 0, 1, 5
46, 82, 65, 100, 69, 72, 39, 47, 0, 28, 12, 20, 56, 9, 100, 0, 2
32, 84, 52, 43, 94, 72, 36, 100, 33, 80, 100, 56, 74, 15, 0, 0, 9
17, 77, 50, 100, 100, 99, 60, 75, 83, 52, 97, 16, 51, 0, 0, 0, 3
64, 100, 26, 89, 0, 62, 50, 52, 100, 71, 76, 56, 47, 28, 27, 0, 4
34, 77, 77, 100, 100, 74, 75, 43, 40, 16, 0, 0, 0, 24, 79, 26, 7
13, 67, 0, 93, 78, 100, 100, 71, 60, 41, 9, 15, 9, 0, 89, 6, 2
16, 78, 0, 38, 31, 0, 74, 13, 100, 59, 71, 100, 28, 91, 11, 39, 0
0, 34, 35, 55, 68, 78, 100, 100, 92, 79, 75, 53, 62, 27, 61, 0, 1
46, 62, 85, 96, 15, 100, 12, 60, 44, 19, 0, 0, 28, 37, 100, 55, 8
11, 61, 25, 100, 66, 96, 62, 55, 29, 23, 0, 0, 50, 0, 100, 1, 2
26, 86, 0, 53, 63, 40, 72, 0, 29, 3, 31, 49, 27, 92, 100, 100, 5
80, 89, 52, 97, 46, 49, 59, 0, 0, 6, 51, 44, 100, 84, 49, 100, 8
32, 91, 11, 68, 0, 23, 42, 0, 85, 27, 100, 71, 66, 100, 20, 75, 0
74, 100, 40, 85, 0, 62, 36, 40, 88, 49, 100, 57, 70, 30, 51, 0, 4
56, 91, 24, 100, 47, 77, 83, 87, 100, 48, 99, 8, 51, 0, 0, 14, 9
100, 100, 57, 92, 57, 58, 94, 84, 96, 73, 86, 30, 48, 0, 0, 6, 9
18, 73, 29, 100, 92, 98, 61, 71, 55, 49, 100, 24, 65, 0, 0, 2, 3
0, 86, 39, 100, 51, 66, 35, 32, 8, 1, 1, 0, 51, 15, 100, 0, 2
33, 89, 19, 50, 35, 8, 78, 0, 100, 38, 85, 80, 45, 100, 0, 88, 0
45, 76, 49, 95, 100, 100, 87, 61, 48, 31, 0, 13, 29, 10, 82, 0, 2
99, 80, 77, 100, 28, 81, 60, 62, 100, 70, 84, 33, 55, 0, 0, 4, 9
0, 74, 28, 100, 50, 76, 29, 38, 1, 8, 26, 0, 63, 0, 100, 3, 2
29, 100, 19, 65, 54, 29, 21, 0, 0, 31, 12, 84, 54, 95, 100, 85, 5
34, 89, 68, 100, 78, 80, 61, 67, 100, 48, 95, 19, 51, 0, 0, 0, 3
31, 89, 0, 55, 14, 12, 64, 0, 100, 29, 94, 72, 53, 100, 3, 91, 0
19, 71, 30, 100, 78, 89, 50, 65, 81, 46, 100, 17, 56, 0, 0, 3, 3
37, 100, 0, 63, 38, 40, 38, 0, 13, 12, 30, 61, 44, 98, 100, 92, 5
45, 88, 28, 66, 60, 31, 33, 0, 0, 15, 25, 57, 56, 91, 100, 100, 5
51, 100, 10, 75, 0, 33, 31, 0, 82, 6, 100, 44, 75, 82, 28, 90, 0
0, 50, 59, 68, 87, 92, 95, 100, 95, 75, 94, 50, 94, 25, 100, 0, 1
79, 70, 18, 71, 38, 100, 72, 80, 85, 48, 100, 16, 57, 0, 0, 15, 9
35, 86, 0, 57, 52, 55, 64, 11, 14, 0, 20, 57, 43, 100, 100, 94, 5
46, 92, 73, 100, 100, 83, 66, 66, 73, 44, 75, 20, 37, 8, 0, 0, 3
76, 100, 58, 64, 19, 32, 0, 26, 76, 31, 100, 57, 79, 36, 63, 0, 4
47, 100, 3, 99, 14, 80, 43, 82, 72, 50, 100, 17, 58, 0, 0, 12, 9
37, 100, 10, 69, 0, 28, 35, 0, 84, 18, 100, 58, 79, 96, 27, 99, 0
0, 75, 24, 100, 64, 95, 57, 66, 96, 50, 100, 19, 64, 0, 22, 3, 3
0, 83, 26, 100, 71, 93, 77, 67, 77, 40, 100, 16, 67, 0, 18, 0, 3
20, 71, 30, 100, 75, 97, 59, 63, 25, 35, 0, 10, 50, 3, 100, 0, 2
44, 100, 40, 67, 0, 38, 83, 39, 100, 67, 97, 78, 96, 39, 91, 0, 4
100, 100, 41, 74, 0, 46, 75, 51, 96, 65, 85, 82, 77, 41, 80, 0, 4
7, 100, 8, 75, 0, 45, 13, 23, 64, 26, 70, 36, 84, 28, 100, 0, 4
71, 82, 100, 100, 44, 69, 0, 35, 8, 0, 90, 12, 75, 32, 5, 11, 6
21, 100, 0, 68, 18, 44, 70, 45, 100, 54, 69, 70, 68, 34, 65, 0, 4
100, 87, 66, 100, 28, 68, 11, 31, 41, 0, 92, 18, 51, 42, 0, 24, 6
100, 100, 60, 91, 23, 63, 0, 32, 12, 0, 65, 6, 69, 36, 11, 38, 6
19, 100, 0, 71, 0, 40, 51, 29, 100, 40, 90, 62, 82, 31, 82, 0, 4
9, 88, 49, 100, 64, 76, 21, 56, 72, 46, 100, 21, 59, 2, 0, 0, 3
60, 100, 46, 57, 0, 23, 27, 14, 100, 14, 98, 57, 80, 43, 82, 0, 4
11, 80, 37, 100, 83, 89, 50, 65, 100, 54, 97, 24, 54, 4, 0, 0, 3
2, 100, 0, 55, 15, 16, 53, 0, 89, 18, 100, 59, 74, 91, 36, 79, 0
14, 84, 0, 53, 79, 83, 9, 100, 8, 66, 100, 80, 67, 38, 14, 0, 9
0, 63, 43, 77, 70, 100, 62, 63, 54, 25, 27, 1, 49, 2, 100, 0, 1
23, 97, 6, 54, 65, 45, 43, 0, 0, 12, 0, 65, 33, 95, 100, 100, 5
39, 61, 95, 79, 65, 100, 0, 90, 13, 67, 80, 57, 100, 30, 85, 0, 9
18, 82, 46, 100, 69, 73, 46, 42, 9, 16, 0, 1, 50, 3, 100, 0, 2
0, 79, 25, 50, 98, 25, 71, 0, 10, 16, 50, 47, 100, 76, 83, 100, 8
45, 100, 26, 70, 0, 34, 21, 26, 82, 25, 100, 59, 82, 41, 78, 0, 4
20, 84, 39, 45, 43, 9, 7, 0, 0, 47, 15, 91, 57, 100, 100, 88, 5
3, 100, 0, 83, 2, 53, 49, 40, 100, 52, 92, 57, 71, 29, 60, 0, 4
7, 82, 69, 100, 100, 73, 55, 37, 15, 0, 74, 0, 34, 38, 0, 72, 8
92, 100, 50, 79, 20, 56, 0, 34, 56, 22, 100, 41, 66, 23, 50, 0, 4
75, 100, 0, 88, 54, 58, 100, 24, 44, 0, 2, 29, 41, 65, 22, 96, 8
48, 88, 91, 69, 76, 100, 16, 75, 93, 75, 100, 56, 84, 11, 0, 0, 9
48, 84, 55, 58, 85, 83, 34, 100, 67, 65, 100, 28, 59, 0, 0, 0, 9
100, 84, 57, 88, 73, 43, 63, 0, 0, 6, 45, 45, 99, 80, 83, 100, 8
15, 100, 0, 79, 1, 44, 55, 25, 93, 54, 100, 68, 75, 35, 66, 0, 4
19, 86, 9, 55, 13, 16, 60, 0, 96, 33, 100, 72, 57, 100, 0, 82, 0
0, 69, 56, 76, 85, 99, 98, 100, 100, 75, 97, 50, 92, 25, 92, 0, 1
19, 100, 0, 76, 29, 53, 98, 58, 100, 83, 87, 68, 84, 34, 86, 0, 4
100, 87, 52, 100, 13, 75, 65, 62, 96, 76, 84, 41, 60, 7, 0, 0, 9
0, 80, 25, 100, 56, 97, 61, 61, 40, 29, 38, 0, 69, 0, 100, 4, 2
39, 99, 0, 65, 74, 52, 74, 9, 21, 0, 23, 50, 24, 99, 100, 100, 5
0, 100, 22, 86, 60, 80, 100, 80, 84, 65, 66, 42, 51, 18, 47, 0, 7
93, 100, 24, 77, 9, 56, 100, 53, 96, 80, 74, 73, 39, 36, 0, 0, 4
0, 75, 33, 100, 66, 77, 68, 40, 60, 5, 51, 0, 48, 30, 100, 33, 7
23, 67, 43, 100, 73, 85, 68, 49, 41, 17, 0, 0, 49, 4, 100, 6, 2
16, 100, 0, 63, 40, 37, 100, 37, 87, 83, 73, 95, 71, 47, 68, 0, 4
0, 39, 35, 59, 65, 81, 100, 100, 95, 75, 87, 50, 78, 25, 77, 0, 1
12, 97, 56, 100, 97, 87, 100, 63, 95, 39, 82, 10, 41, 0, 0, 12, 3
19, 100, 0, 78, 23, 50, 100, 55, 84, 79, 64, 68, 60, 34, 57, 0, 4
100, 100, 33, 91, 44, 60, 84, 29, 46, 0, 0, 14, 39, 46, 87, 75, 8
33, 96, 6, 60, 0, 18, 39, 0, 79, 20, 100, 59, 93, 100, 50, 99, 0
65, 100, 93, 92, 71, 68, 80, 47, 100, 24, 70, 6, 34, 0, 0, 7, 3
0, 100, 54, 93, 57, 77, 57, 61, 61, 46, 61, 30, 68, 14, 100, 0, 1
0, 94, 56, 100, 100, 83, 88, 52, 64, 23, 43, 0, 19, 29, 63, 43, 7
88, 100, 49, 85, 12, 52, 0, 13, 55, 0, 100, 26, 42, 35, 12, 5, 6
0, 99, 57, 100, 97, 80, 77, 40, 48, 3, 28, 0, 42, 28, 100, 27, 7
71, 100, 47, 87, 21, 60, 0, 33, 24, 12, 97, 26, 100, 26, 76, 0, 4
100, 81, 66, 100, 29, 82, 5, 52, 31, 45, 68, 28, 46, 0, 0, 2, 5
75, 100, 4, 88, 0, 61, 74, 70, 100, 88, 82, 58, 56, 28, 51, 0, 9
37, 83, 77, 100, 14, 95, 2, 68, 52, 46, 100, 23, 58, 0, 0, 0, 5
54, 87, 72, 100, 100, 100, 69, 100, 42, 84, 44, 45, 28, 10, 0, 0, 5
14, 81, 23, 100, 81, 97, 61, 66, 60, 50, 100, 33, 60, 7, 0, 0, 3
0, 43, 33, 62, 70, 80, 100, 100, 80, 78, 66, 52, 58, 26, 58, 0, 1
33, 62, 50, 100, 65, 60, 39, 18, 0, 0, 17, 23, 59, 13, 100, 8, 2
5, 85, 12, 53, 30, 12, 3, 0, 0, 45, 8, 85, 53, 95, 100, 100, 5
9, 41, 73, 80, 0, 100, 28, 56, 92, 16, 35, 0, 22, 42, 100, 74, 8
99, 81, 52, 58, 0, 50, 30, 82, 80, 100, 100, 70, 73, 34, 45, 0, 9
100, 100, 48, 82, 17, 55, 7, 24, 42, 0, 96, 12, 60, 33, 0, 28, 6
17, 69, 0, 27, 42, 0, 92, 13, 100, 58, 63, 95, 11, 100, 0, 62, 0
0, 88, 39, 100, 79, 89, 76, 62, 55, 36, 27, 15, 54, 3, 100, 0, 2
42, 88, 49, 100, 60, 58, 37, 20, 0, 28, 46, 15, 89, 0, 100, 40, 2
35, 91, 46, 100, 20, 65, 4, 29, 38, 0, 100, 20, 38, 37, 0, 8, 6
0, 100, 3, 84, 1, 63, 7, 43, 52, 38, 55, 35, 62, 14, 100, 0, 4
0, 100, 57, 94, 100, 78, 100, 63, 100, 47, 86, 31, 71, 15, 100, 0, 1
43, 80, 41, 100, 80, 93, 64, 51, 32, 17, 0, 3, 50, 12, 100, 0, 2
13, 82, 44, 100, 51, 72, 30, 44, 0, 20, 7, 7, 55, 6, 100, 0, 2
100, 99, 60, 100, 26, 78, 3, 49, 0, 16, 36, 0, 60, 24, 30, 47, 6
0, 88, 31, 100, 65, 90, 62, 68, 45, 48, 38, 26, 62, 9, 100, 0, 2
33, 67, 50, 79, 100, 100, 96, 86, 71, 65, 42, 43, 21, 22, 0, 0, 1
0, 89, 50, 100, 100, 89, 77, 53, 53, 16, 55, 0, 20, 29, 82, 39, 7
75, 100, 46, 62, 0, 36, 37, 42, 94, 44, 100, 82, 72, 43, 56, 0, 4
84, 91, 42, 100, 36, 70, 83, 87, 94, 51, 100, 6, 50, 0, 0, 6, 9
95, 100, 39, 87, 4, 53, 0, 15, 61, 0, 100, 31, 38, 31, 21, 0, 6
39, 100, 21, 77, 0, 47, 27, 37, 84, 36, 100, 60, 88, 29, 86, 0, 4
56, 91, 12, 77, 65, 37, 74, 0, 0, 18, 50, 59, 100, 99, 24, 100, 8
8, 67, 47, 100, 100, 83, 72, 42, 32, 5, 80, 0, 45, 35, 0, 69, 8
78, 100, 41, 82, 14, 52, 0, 19, 42, 0, 100, 12, 91, 38, 29, 38, 6
0, 75, 25, 100, 90, 83, 45, 56, 59, 47, 100, 18, 43, 0, 6, 19, 3
0, 77, 17, 100, 55, 96, 58, 62, 40, 31, 22, 1, 60, 0, 100, 3, 2
0, 52, 28, 69, 58, 84, 89, 100, 100, 95, 83, 65, 68, 33, 64, 0, 1
0, 97, 28, 78, 100, 95, 16, 100, 1, 81, 80, 64, 53, 25, 11, 0, 9
22, 89, 0, 58, 44, 32, 27, 0, 1, 33, 5, 84, 48, 100, 100, 91, 5
9, 92, 56, 100, 54, 58, 33, 18, 10, 0, 0, 36, 50, 38, 100, 38, 7
0, 86, 36, 100, 66, 75, 48, 40, 16, 13, 12, 0, 56, 8, 100, 7, 2
42, 84, 70, 100, 100, 87, 69, 65, 55, 43, 86, 23, 51, 5, 0, 0, 3
28, 65, 41, 100, 63, 64, 55, 21, 31, 0, 0, 33, 50, 45, 100, 58, 7
0, 80, 58, 100, 100, 81, 62, 44, 26, 5, 30, 0, 8, 35, 75, 34, 7
0, 100, 40, 97, 100, 83, 92, 53, 77, 23, 59, 0, 24, 25, 100, 33, 7
0, 86, 22, 100, 58, 82, 38, 40, 16, 0, 5, 44, 51, 56, 100, 63, 7
26, 71, 54, 100, 77, 81, 52, 49, 17, 21, 0, 12, 50, 12, 100, 0, 2
33, 74, 4, 93, 73, 100, 55, 72, 38, 50, 100, 35, 73, 8, 0, 0, 3
13, 65, 39, 100, 72, 82, 49, 44, 11, 15, 0, 0, 50, 4, 100, 6, 2
0, 83, 18, 50, 63, 16, 23, 0, 3, 35, 50, 68, 100, 100, 13, 95, 8
96, 90, 2, 68, 78, 32, 85, 0, 15, 26, 72, 67, 100, 100, 0, 71, 8
23, 95, 0, 60, 3, 21, 42, 0, 84, 16, 100, 53, 74, 85, 30, 100, 0
18, 95, 14, 65, 77, 57, 100, 13, 49, 0, 12, 43, 0, 88, 62, 100, 5
92, 72, 36, 59, 1, 82, 54, 100, 100, 82, 80, 48, 40, 19, 0, 0, 9
14, 69, 67, 100, 59, 98, 60, 55, 62, 12, 0, 0, 3, 2, 100, 0, 1
18, 91, 86, 100, 100, 99, 36, 85, 1, 49, 70, 37, 68, 2, 0, 0, 5
0, 100, 4, 68, 37, 49, 100, 51, 88, 70, 64, 72, 66, 36, 62, 0, 4
88, 89, 46, 100, 13, 76, 23, 43, 76, 50, 100, 21, 55, 0, 0, 6, 5
65, 72, 24, 45, 21, 0, 69, 8, 100, 47, 90, 93, 42, 100, 0, 75, 0
0, 69, 2, 99, 41, 100, 56, 72, 35, 42, 23, 11, 60, 0, 100, 1, 2
0, 100, 63, 98, 67, 66, 57, 32, 39, 0, 13, 19, 35, 36, 100, 36, 7
75, 75, 38, 100, 12, 64, 88, 31, 89, 0, 0, 20, 29, 62, 100, 96, 8
55, 76, 77, 100, 100, 79, 67, 52, 95, 42, 99, 12, 49, 0, 0, 14, 3
30, 80, 66, 100, 88, 77, 48, 51, 71, 44, 100, 18, 52, 0, 0, 5, 3
10, 100, 0, 99, 51, 100, 95, 89, 100, 67, 91, 44, 76, 22, 69, 0, 7
27, 100, 20, 79, 0, 54, 10, 31, 62, 35, 100, 50, 81, 26, 77, 0, 4
26, 80, 58, 100, 63, 61, 38, 26, 0, 6, 22, 18, 61, 0, 100, 18, 2
32, 82, 67, 100, 100, 85, 69, 58, 70, 36, 88, 10, 44, 0, 0, 7, 3
20, 77, 0, 44, 25, 0, 77, 9, 100, 54, 76, 100, 26, 100, 8, 53, 0
0, 58, 6, 67, 53, 85, 100, 100, 76, 75, 52, 51, 34, 26, 40, 0, 1
100, 88, 77, 100, 43, 80, 17, 54, 6, 24, 24, 0, 40, 22, 0, 26, 6
91, 100, 42, 86, 0, 11, 52, 0, 100, 70, 39, 77, 76, 71, 21, 7, 0
0, 100, 63, 100, 79, 71, 61, 36, 47, 0, 21, 5, 36, 29, 100, 31, 7
0, 58, 36, 70, 71, 86, 100, 100, 84, 75, 69, 51, 56, 25, 46, 0, 1
51, 100, 36, 83, 3, 52, 0, 33, 67, 38, 100, 53, 83, 34, 70, 0, 4
22, 100, 25, 63, 54, 26, 22, 0, 0, 37, 2, 82, 49, 96, 100, 95, 5
0, 55, 38, 74, 83, 96, 100, 100, 83, 75, 71, 50, 60, 24, 43, 0, 1
20, 77, 54, 100, 100, 94, 81, 64, 79, 44, 94, 15, 48, 0, 0, 14, 3
20, 70, 29, 100, 63, 82, 53, 46, 29, 14, 0, 0, 50, 3, 100, 4, 2
24, 88, 59, 100, 100, 91, 89, 64, 61, 42, 28, 22, 0, 0, 47, 2, 2
58, 64, 100, 96, 27, 100, 0, 63, 79, 65, 91, 72, 48, 36, 10, 0, 9
0, 93, 40, 100, 57, 61, 51, 17, 35, 0, 12, 37, 54, 48, 100, 49, 7
27, 83, 0, 42, 9, 0, 65, 17, 96, 57, 100, 100, 45, 95, 10, 58, 0
100, 95, 75, 100, 42, 70, 0, 44, 42, 33, 85, 49, 83, 31, 85, 0, 4
0, 50, 41, 69, 76, 90, 100, 100, 89, 74, 78, 50, 70, 25, 68, 0, 1
100, 93, 48, 100, 27, 69, 30, 33, 16, 0, 0, 26, 41, 51, 100, 58, 8
0, 55, 46, 58, 73, 82, 100, 100, 92, 75, 89, 50, 84, 25, 89, 0, 1
27, 82, 65, 100, 100, 89, 69, 62, 33, 39, 0, 15, 37, 1, 88, 0, 2
70, 84, 11, 76, 0, 91, 56, 100, 99, 83, 100, 55, 88, 28, 75, 0, 9
23, 97, 0, 48, 17, 0, 58, 3, 93, 35, 100, 89, 59, 100, 23, 73, 0
0, 98, 75, 100, 84, 65, 54, 31, 26, 0, 100, 21, 96, 39, 6, 41, 7
0, 89, 61, 100, 100, 85, 47, 65, 44, 47, 98, 29, 71, 4, 6, 0, 3
54, 87, 85, 100, 76, 71, 65, 47, 100, 21, 77, 0, 33, 5, 0, 22, 3
0, 84, 3, 73, 30, 98, 100, 100, 90, 79, 73, 48, 61, 16, 59, 0, 7
12, 100, 10, 90, 0, 56, 58, 43, 100, 65, 97, 70, 91, 35, 90, 0, 4
37, 80, 53, 100, 88, 83, 59, 60, 100, 44, 92, 15, 49, 0, 0, 8, 3
0, 69, 47, 81, 88, 100, 100, 91, 91, 68, 76, 45, 71, 22, 68, 0, 1
47, 100, 12, 70, 0, 41, 65, 43, 100, 49, 51, 69, 49, 33, 50, 0, 4
73, 100, 13, 64, 66, 49, 100, 93, 43, 70, 0, 28, 17, 0, 29, 34, 8
23, 63, 0, 84, 47, 100, 98, 90, 100, 66, 81, 43, 51, 21, 19, 0, 9
100, 100, 58, 80, 26, 58, 0, 35, 0, 11, 61, 0, 74, 12, 16, 6, 6
0, 91, 27, 100, 31, 62, 16, 26, 10, 0, 40, 3, 70, 7, 100, 8, 2
95, 79, 73, 100, 61, 72, 98, 95, 100, 55, 84, 16, 36, 0, 0, 1, 9
4, 87, 64, 61, 56, 21, 0, 0, 47, 36, 100, 70, 99, 100, 19, 78, 8
25, 70, 40, 100, 68, 81, 47, 46, 18, 14, 0, 0, 53, 3, 100, 12, 2
81, 80, 53, 100, 43, 73, 87, 88, 100, 59, 88, 16, 46, 0, 0, 0, 9
87, 86, 46, 100, 17, 70, 75, 75, 100, 80, 94, 39, 58, 6, 0, 0, 9
0, 51, 25, 69, 65, 88, 100, 100, 82, 76, 65, 50, 55, 26, 51, 0, 1
13, 78, 77, 78, 74, 100, 0, 89, 49, 78, 99, 71, 91, 35, 100, 0, 9
0, 91, 42, 95, 84, 100, 88, 78, 70, 38, 61, 0, 57, 38, 100, 40, 7
0, 70, 32, 100, 87, 94, 99, 54, 92, 13, 55, 0, 42, 20, 100, 27, 7
0, 92, 52, 100, 98, 83, 100, 48, 85, 13, 59, 0, 44, 17, 99, 18, 7
14, 77, 37, 100, 51, 74, 32, 41, 0, 18, 33, 16, 68, 0, 100, 18, 2
6, 65, 0, 92, 48, 100, 100, 97, 74, 73, 47, 49, 25, 24, 32, 0, 7
15, 100, 0, 84, 6, 64, 65, 60, 100, 62, 81, 42, 71, 21, 73, 0, 4
48, 91, 63, 100, 32, 78, 0, 56, 51, 46, 100, 48, 78, 24, 65, 0, 4
48, 86, 92, 100, 100, 79, 58, 62, 80, 48, 75, 17, 33, 0, 0, 15, 3
100, 100, 66, 98, 34, 75, 10, 48, 0, 17, 32, 0, 57, 23, 22, 40, 6
18, 67, 0, 42, 23, 2, 68, 0, 100, 32, 93, 77, 54, 100, 21, 76, 0
84, 100, 34, 84, 69, 76, 91, 80, 90, 55, 100, 29, 60, 11, 0, 0, 9
24, 64, 38, 100, 68, 92, 48, 56, 17, 25, 0, 5, 51, 0, 100, 9, 2
65, 95, 100, 100, 45, 82, 47, 73, 94, 59, 87, 25, 39, 0, 0, 8, 5
100, 64, 91, 100, 40, 82, 80, 61, 97, 76, 99, 31, 61, 0, 0, 2, 9
0, 82, 25, 100, 36, 68, 21, 33, 13, 7, 42, 2, 71, 0, 100, 1, 2
100, 74, 75, 100, 25, 85, 0, 53, 8, 19, 55, 0, 68, 27, 16, 34, 6
6, 67, 0, 93, 50, 100, 100, 100, 83, 74, 60, 50, 39, 26, 25, 0, 7
12, 88, 4, 47, 15, 8, 68, 0, 100, 34, 99, 73, 54, 100, 0, 90, 0
28, 100, 16, 81, 0, 45, 38, 27, 85, 51, 100, 69, 80, 33, 81, 0, 4
0, 100, 62, 99, 100, 74, 88, 39, 71, 5, 43, 0, 20, 17, 100, 27, 7
34, 91, 0, 72, 5, 22, 45, 0, 90, 16, 100, 63, 69, 100, 24, 91, 0
58, 64, 69, 100, 91, 71, 72, 33, 36, 4, 0, 1, 50, 6, 100, 0, 2
9, 100, 59, 67, 85, 33, 41, 0, 0, 21, 44, 54, 100, 87, 29, 98, 8
100, 100, 55, 89, 21, 59, 0, 27, 29, 0, 88, 11, 70, 39, 4, 37, 6
0, 77, 18, 100, 23, 90, 25, 57, 26, 25, 2, 0, 13, 4, 100, 8, 1
0, 92, 44, 100, 78, 79, 68, 40, 58, 0, 33, 17, 53, 33, 100, 31, 7
0, 68, 50, 100, 57, 96, 56, 54, 56, 13, 36, 6, 1, 0, 100, 1, 1
13, 98, 8, 65, 41, 37, 29, 0, 3, 29, 0, 70, 45, 93, 100, 100, 5
11, 88, 0, 64, 67, 52, 64, 0, 0, 2, 0, 57, 25, 99, 100, 100, 5
70, 100, 35, 72, 10, 44, 10, 14, 68, 0, 100, 26, 65, 53, 0, 63, 6
100, 100, 95, 85, 84, 70, 71, 55, 55, 41, 36, 27, 14, 13, 0, 0, 1
11, 62, 0, 88, 38, 99, 100, 100, 87, 78, 64, 52, 44, 27, 45, 0, 7
52, 100, 31, 70, 46, 34, 25, 0, 0, 19, 50, 50, 100, 81, 69, 99, 8
27, 89, 67, 100, 77, 76, 78, 59, 100, 35, 71, 8, 28, 0, 0, 21, 3
69, 100, 45, 82, 14, 54, 0, 23, 37, 0, 100, 7, 70, 27, 5, 25, 6
6, 87, 25, 60, 80, 43, 47, 4, 0, 0, 4, 54, 39, 93, 100, 100, 5
100, 100, 52, 85, 20, 55, 2, 22, 37, 0, 80, 24, 46, 47, 0, 26, 6
42, 77, 50, 88, 8, 48, 0, 1, 63, 0, 98, 43, 100, 91, 38, 100, 0
100, 90, 53, 100, 37, 61, 91, 65, 99, 84, 97, 41, 62, 7, 0, 0, 9
100, 72, 47, 57, 18, 78, 60, 100, 90, 74, 83, 39, 53, 10, 0, 0, 9
27, 94, 26, 95, 0, 49, 6, 0, 64, 0, 100, 40, 91, 88, 37, 100, 0
0, 68, 43, 82, 90, 100, 100, 94, 87, 71, 78, 47, 76, 23, 81, 0, 1
13, 84, 0, 67, 21, 100, 85, 100, 100, 88, 75, 52, 60, 14, 56, 0, 7
71, 76, 34, 100, 0, 72, 8, 31, 42, 0, 86, 15, 100, 56, 88, 96, 0
100, 85, 24, 100, 2, 73, 77, 42, 85, 0, 0, 14, 33, 56, 81, 87, 8
40, 100, 11, 66, 0, 22, 35, 0, 78, 16, 100, 55, 83, 95, 39, 99, 0
20, 76, 39, 100, 56, 79, 32, 46, 0, 22, 21, 18, 59, 1, 100, 0, 2
100, 93, 86, 100, 70, 84, 54, 67, 41, 50, 27, 33, 14, 17, 0, 0, 1
30, 100, 0, 72, 13, 43, 66, 40, 100, 62, 92, 60, 68, 30, 49, 0, 4
42, 79, 53, 42, 42, 0, 0, 2, 38, 38, 89, 70, 100, 100, 39, 75, 8
44, 64, 60, 100, 97, 83, 77, 43, 39, 11, 0, 13, 51, 23, 100, 0, 2
0, 81, 38, 100, 66, 74, 42, 36, 6, 10, 10, 1, 55, 6, 100, 0, 2
0, 50, 42, 72, 81, 95, 100, 100, 88, 75, 69, 50, 49, 25, 32, 0, 1
0, 70, 68, 77, 100, 100, 30, 93, 34, 73, 79, 64, 74, 32, 75, 0, 9
39, 82, 68, 100, 100, 86, 72, 61, 91, 44, 83, 15, 41, 0, 0, 14, 3
0, 63, 44, 80, 87, 100, 100, 98, 77, 74, 54, 49, 30, 25, 15, 0, 1
0, 68, 20, 98, 72, 100, 68, 68, 38, 38, 7, 10, 45, 0, 100, 3, 2
22, 100, 0, 68, 0, 28, 40, 0, 89, 25, 100, 64, 65, 96, 1, 88, 0
45, 99, 57, 70, 100, 33, 74, 0, 0, 22, 28, 59, 81, 94, 40, 100, 8
23, 81, 0, 54, 48, 78, 100, 100, 98, 86, 69, 58, 44, 29, 28, 0, 1
12, 77, 0, 37, 23, 0, 74, 4, 98, 39, 100, 80, 61, 100, 23, 71, 0
41, 67, 100, 96, 9, 100, 0, 66, 88, 79, 96, 74, 62, 37, 42, 0, 9
0, 66, 26, 100, 64, 88, 73, 43, 63, 0, 34, 33, 57, 54, 100, 60, 7
0, 90, 29, 100, 61, 76, 54, 33, 46, 0, 24, 38, 55, 53, 100, 52, 7
0, 90, 42, 99, 89, 100, 84, 79, 62, 41, 57, 0, 53, 38, 100, 37, 7
30, 84, 43, 61, 100, 38, 64, 4, 0, 0, 6, 47, 25, 88, 90, 100, 5
0, 57, 24, 68, 60, 88, 100, 100, 93, 74, 83, 50, 72, 25, 69, 0, 1
0, 76, 13, 100, 63, 100, 100, 96, 75, 73, 50, 48, 30, 23, 46, 0, 7
0, 84, 43, 100, 98, 98, 87, 70, 63, 48, 100, 22, 52, 10, 0, 0, 3
90, 78, 57, 100, 0, 72, 65, 37, 73, 0, 3, 23, 43, 64, 100, 84, 8
0, 87, 23, 100, 44, 80, 36, 52, 23, 25, 25, 0, 63, 0, 100, 4, 2
7, 54, 0, 89, 71, 100, 100, 83, 71, 45, 45, 6, 32, 0, 67, 21, 7
10, 86, 51, 100, 83, 81, 59, 51, 91, 41, 100, 11, 51, 0, 0, 7, 3
86, 86, 10, 100, 12, 67, 84, 40, 71, 0, 0, 18, 35, 58, 100, 89, 8
100, 100, 63, 90, 23, 63, 0, 32, 16, 0, 70, 6, 53, 31, 0, 22, 6
100, 100, 70, 90, 84, 75, 89, 74, 95, 42, 96, 11, 49, 0, 0, 0, 9
53, 65, 100, 93, 31, 100, 0, 69, 71, 60, 100, 64, 67, 32, 32, 0, 9
12, 60, 24, 100, 58, 90, 37, 47, 0, 14, 1, 0, 51, 0, 100, 15, 2
0, 95, 45, 100, 92, 99, 70, 63, 52, 25, 38, 0, 51, 33, 100, 37, 7
26, 80, 42, 100, 46, 71, 26, 39, 0, 11, 34, 2, 69, 0, 100, 22, 2
99, 100, 33, 82, 0, 52, 100, 53, 95, 83, 78, 90, 70, 35, 70, 0, 4
100, 100, 61, 83, 94, 89, 91, 71, 93, 40, 93, 11, 47, 2, 0, 0, 9
25, 68, 51, 100, 52, 78, 54, 42, 54, 5, 0, 0, 43, 1, 100, 1, 1
83, 100, 0, 91, 54, 66, 100, 34, 68, 0, 5, 11, 11, 48, 38, 85, 8
88, 100, 65, 83, 33, 54, 0, 30, 65, 27, 100, 48, 98, 31, 94, 0, 4
100, 100, 58, 95, 23, 68, 1, 38, 0, 5, 55, 0, 57, 25, 7, 19, 6
100, 100, 48, 91, 15, 64, 0, 32, 13, 0, 60, 6, 56, 36, 20, 21, 6
0, 22, 30, 40, 56, 67, 80, 95, 100, 100, 92, 66, 85, 34, 80, 0, 1
0, 15, 32, 39, 66, 68, 96, 99, 100, 100, 81, 67, 65, 34, 52, 0, 1
42, 87, 100, 100, 54, 83, 12, 53, 53, 62, 87, 41, 56, 6, 0, 0, 5
21, 62, 45, 100, 45, 96, 49, 53, 51, 11, 0, 0, 56, 5, 100, 0, 1
45, 100, 34, 60, 47, 24, 16, 0, 0, 38, 20, 73, 59, 85, 100, 86, 5
95, 66, 100, 100, 40, 98, 29, 61, 34, 23, 0, 0, 11, 34, 73, 56, 8
100, 100, 96, 99, 84, 82, 69, 65, 51, 49, 35, 32, 18, 15, 0, 0, 1
12, 60, 0, 28, 29, 0, 74, 10, 100, 41, 94, 79, 56, 100, 16, 84, 0
0, 53, 28, 58, 64, 79, 100, 100, 81, 77, 58, 52, 37, 26, 19, 0, 1
82, 86, 54, 100, 32, 66, 93, 75, 97, 79, 100, 37, 70, 0, 0, 7, 9
0, 55, 23, 90, 35, 100, 28, 51, 11, 8, 5, 0, 52, 1, 100, 1, 1
27, 96, 0, 65, 4, 24, 53, 0, 94, 29, 100, 71, 62, 100, 9, 83, 0
100, 100, 60, 96, 23, 68, 0, 33, 17, 0, 69, 7, 75, 38, 22, 37, 6
0, 94, 70, 100, 83, 85, 67, 43, 56, 0, 35, 9, 33, 29, 100, 34, 7
89, 100, 52, 79, 19, 51, 0, 27, 59, 39, 100, 62, 82, 31, 63, 0, 4
100, 100, 48, 87, 15, 60, 6, 26, 35, 0, 74, 18, 44, 45, 0, 29, 6
24, 100, 10, 59, 49, 35, 21, 0, 2, 21, 0, 64, 46, 85, 100, 87, 5
100, 100, 41, 89, 8, 59, 2, 23, 46, 0, 88, 23, 43, 43, 0, 24, 6
83, 90, 100, 100, 42, 82, 9, 55, 73, 62, 77, 27, 32, 0, 0, 13, 5
24, 70, 42, 100, 100, 100, 72, 69, 66, 54, 92, 26, 45, 0, 0, 2, 3
0, 38, 31, 56, 67, 77, 100, 100, 93, 91, 72, 62, 58, 32, 58, 0, 1
77, 100, 30, 79, 0, 40, 11, 0, 64, 8, 100, 42, 98, 85, 46, 95, 0
0, 77, 33, 100, 55, 77, 38, 42, 11, 12, 2, 0, 51, 8, 100, 8, 2
90, 100, 52, 84, 17, 55, 0, 22, 42, 0, 100, 8, 72, 30, 13, 25, 6
36, 100, 31, 82, 0, 50, 20, 26, 85, 39, 100, 63, 69, 32, 43, 0, 4
100, 99, 68, 100, 47, 74, 52, 52, 81, 42, 63, 14, 30, 0, 0, 16, 5
0, 46, 49, 68, 72, 100, 68, 88, 64, 55, 55, 22, 9, 1, 100, 0, 1
21, 57, 43, 100, 44, 79, 36, 30, 0, 2, 5, 3, 53, 1, 100, 0, 1
8, 100, 0, 83, 0, 52, 63, 44, 100, 67, 82, 63, 69, 31, 61, 0, 4
17, 94, 0, 66, 11, 93, 63, 100, 100, 98, 81, 64, 62, 29, 47, 0, 7
0, 87, 32, 100, 55, 79, 51, 48, 33, 21, 25, 0, 62, 0, 100, 4, 2
100, 100, 59, 88, 23, 59, 0, 28, 19, 0, 81, 9, 56, 26, 3, 15, 6
0, 59, 39, 78, 75, 100, 100, 98, 83, 74, 69, 49, 56, 25, 61, 0, 1
96, 71, 52, 46, 31, 73, 72, 100, 100, 71, 86, 33, 52, 1, 0, 0, 9
100, 100, 55, 95, 23, 68, 2, 37, 0, 5, 47, 0, 53, 28, 6, 14, 6
63, 89, 100, 100, 85, 96, 39, 88, 43, 64, 70, 32, 40, 0, 0, 9, 5
25, 92, 29, 62, 86, 43, 56, 3, 0, 0, 8, 53, 38, 94, 100, 100, 5
87, 94, 47, 82, 96, 43, 82, 0, 0, 4, 29, 43, 100, 74, 97, 100, 8
46, 67, 71, 100, 60, 73, 58, 33, 51, 0, 0, 1, 62, 3, 100, 8, 1
30, 88, 74, 100, 100, 88, 66, 69, 74, 46, 90, 22, 50, 7, 0, 0, 3
0, 82, 39, 100, 80, 95, 66, 51, 56, 6, 40, 0, 55, 28, 100, 29, 7
90, 72, 64, 100, 24, 72, 75, 57, 94, 75, 100, 30, 61, 0, 0, 2, 9
41, 90, 11, 65, 0, 23, 33, 0, 77, 23, 100, 60, 88, 100, 41, 96, 0
0, 93, 55, 63, 98, 29, 72, 0, 47, 27, 93, 61, 100, 100, 34, 99, 8
11, 80, 0, 34, 31, 0, 77, 17, 100, 60, 72, 100, 24, 94, 3, 51, 0
0, 92, 50, 100, 70, 75, 25, 53, 58, 42, 100, 20, 58, 0, 3, 1, 3
42, 100, 24, 72, 0, 43, 50, 49, 93, 70, 100, 61, 94, 29, 99, 0, 4
12, 67, 34, 92, 100, 100, 77, 71, 77, 51, 89, 22, 40, 0, 0, 17, 3
81, 100, 42, 80, 0, 49, 57, 38, 100, 49, 68, 70, 67, 35, 63, 0, 4
0, 80, 35, 100, 75, 96, 59, 62, 100, 56, 99, 22, 64, 0, 24, 6, 3
0, 100, 40, 68, 79, 35, 72, 0, 49, 23, 74, 59, 100, 94, 43, 86, 8
45, 99, 9, 100, 0, 75, 36, 56, 100, 63, 98, 49, 80, 25, 82, 0, 4
23, 82, 57, 100, 60, 70, 34, 42, 0, 22, 20, 12, 59, 8, 100, 0, 2
18, 75, 0, 74, 35, 97, 100, 100, 88, 79, 72, 49, 52, 18, 40, 0, 7
23, 84, 28, 57, 71, 22, 0, 0, 6, 33, 69, 66, 100, 100, 2, 90, 8
84, 88, 100, 100, 70, 73, 46, 47, 32, 19, 51, 0, 41, 25, 0, 8, 6
71, 100, 37, 74, 0, 45, 17, 29, 95, 29, 100, 50, 91, 33, 89, 0, 4
77, 87, 98, 82, 78, 100, 52, 67, 97, 65, 100, 23, 49, 0, 0, 16, 9
56, 100, 34, 83, 0, 63, 23, 48, 77, 39, 100, 42, 68, 22, 48, 0, 4
60, 95, 84, 73, 85, 100, 36, 87, 99, 76, 100, 39, 64, 9, 0, 0, 9
100, 100, 56, 82, 22, 55, 0, 25, 26, 0, 78, 9, 61, 36, 6, 38, 6
100, 100, 57, 84, 22, 59, 3, 28, 24, 0, 72, 11, 54, 36, 0, 28, 6
100, 96, 62, 100, 33, 83, 26, 45, 57, 42, 75, 19, 40, 0, 0, 1, 5
17, 92, 55, 100, 69, 71, 38, 50, 0, 38, 23, 25, 61, 13, 100, 0, 2
25, 92, 13, 64, 52, 30, 8, 0, 0, 34, 46, 68, 100, 100, 10, 89, 8
2, 96, 63, 100, 60, 81, 54, 62, 73, 43, 100, 26, 62, 10, 0, 0, 3
23, 88, 0, 47, 20, 7, 66, 0, 100, 29, 91, 76, 52, 100, 12, 78, 0
100, 86, 67, 100, 24, 80, 0, 50, 0, 16, 41, 0, 63, 24, 18, 35, 6
2, 74, 5, 95, 70, 100, 100, 89, 66, 67, 31, 45, 0, 22, 2, 0, 7
30, 100, 10, 85, 0, 66, 0, 48, 27, 34, 65, 28, 96, 18, 100, 0, 4
0, 96, 54, 100, 99, 80, 86, 42, 67, 6, 34, 0, 36, 25, 100, 36, 7
0, 97, 46, 100, 68, 71, 62, 34, 43, 0, 22, 14, 49, 29, 100, 31, 7
65, 100, 0, 89, 67, 60, 100, 24, 38, 0, 29, 38, 55, 78, 3, 99, 8
24, 96, 91, 100, 100, 95, 32, 92, 25, 62, 87, 51, 62, 0, 0, 6, 5
51, 88, 58, 54, 87, 20, 66, 0, 25, 30, 0, 63, 31, 94, 100, 100, 5
19, 60, 33, 88, 100, 100, 93, 70, 51, 48, 98, 27, 63, 0, 0, 0, 3
58, 85, 100, 100, 65, 96, 24, 70, 23, 55, 70, 48, 49, 13, 0, 0, 5
41, 100, 0, 75, 11, 49, 96, 50, 100, 56, 52, 70, 54, 35, 57, 0, 4
0, 90, 45, 100, 62, 76, 28, 53, 60, 42, 100, 26, 62, 6, 13, 0, 3
15, 85, 9, 47, 70, 44, 54, 0, 9, 12, 0, 68, 37, 97, 100, 100, 5
35, 69, 58, 100, 85, 86, 65, 48, 35, 13, 0, 1, 53, 0, 100, 25, 2
100, 100, 62, 80, 31, 56, 9, 29, 12, 0, 59, 2, 48, 23, 0, 18, 6
38, 90, 0, 75, 0, 32, 42, 0, 93, 23, 100, 66, 60, 100, 1, 94, 0
78, 100, 37, 99, 58, 59, 74, 20, 19, 0, 0, 28, 51, 55, 100, 80, 8
57, 100, 16, 72, 0, 34, 24, 0, 81, 14, 100, 51, 73, 86, 12, 82, 0
80, 94, 33, 100, 47, 57, 96, 85, 87, 92, 100, 44, 76, 0, 0, 19, 9
100, 100, 58, 98, 29, 80, 27, 45, 63, 36, 78, 13, 39, 0, 0, 3, 5
29, 73, 57, 100, 97, 87, 81, 51, 45, 24, 0, 3, 45, 2, 100, 0, 2
9, 57, 38, 96, 51, 100, 46, 52, 36, 5, 0, 0, 51, 0, 100, 2, 1
56, 91, 100, 100, 51, 86, 16, 58, 66, 62, 81, 29, 49, 0, 0, 0, 5
0, 82, 52, 100, 71, 100, 63, 64, 61, 29, 36, 2, 21, 0, 100, 5, 1
87, 95, 34, 100, 57, 77, 100, 96, 88, 70, 99, 28, 57, 2, 0, 0, 9
100, 94, 80, 100, 47, 94, 37, 66, 60, 56, 66, 36, 34, 16, 0, 0, 5
0, 84, 32, 66, 88, 88, 25, 100, 29, 79, 100, 67, 89, 34, 83, 0, 9
24, 96, 0, 68, 11, 23, 49, 0, 86, 23, 100, 68, 74, 100, 42, 72, 0
42, 78, 2, 60, 0, 9, 48, 0, 91, 29, 100, 78, 55, 100, 16, 71, 0
74, 100, 49, 87, 26, 59, 20, 28, 29, 0, 100, 11, 86, 39, 0, 49, 6
21, 79, 64, 100, 84, 72, 62, 42, 87, 45, 100, 15, 46, 0, 0, 16, 3
100, 83, 54, 100, 23, 73, 70, 65, 89, 68, 89, 26, 51, 0, 0, 12, 9
51, 100, 24, 86, 6, 67, 0, 47, 27, 33, 69, 31, 100, 20, 97, 0, 4
54, 92, 13, 72, 0, 31, 31, 0, 79, 17, 100, 55, 85, 95, 37, 100, 0
15, 78, 2, 43, 20, 5, 69, 0, 100, 34, 92, 73, 53, 99, 0, 100, 0
87, 100, 43, 78, 13, 52, 0, 24, 31, 0, 91, 10, 100, 37, 41, 41, 6
77, 84, 48, 72, 68, 33, 38, 0, 0, 17, 50, 48, 100, 79, 64, 100, 8
69, 91, 100, 100, 54, 83, 25, 54, 73, 62, 88, 31, 57, 4, 0, 0, 5
100, 64, 96, 100, 49, 79, 75, 40, 57, 0, 0, 15, 46, 45, 97, 69, 8
21, 64, 50, 100, 52, 98, 52, 57, 52, 17, 0, 0, 31, 2, 100, 0, 1
0, 78, 40, 82, 69, 100, 61, 69, 62, 37, 66, 6, 18, 0, 100, 5, 1
0, 63, 8, 86, 53, 100, 100, 96, 73, 73, 46, 49, 26, 25, 19, 0, 7
100, 100, 56, 91, 21, 60, 7, 24, 41, 0, 76, 29, 50, 57, 0, 44, 6
33, 77, 9, 40, 26, 0, 76, 8, 100, 46, 87, 89, 36, 100, 0, 69, 0
100, 100, 44, 83, 11, 53, 0, 20, 35, 0, 89, 16, 76, 41, 20, 35, 6
25, 67, 52, 100, 58, 92, 55, 46, 33, 7, 0, 0, 50, 2, 100, 3, 1
43, 100, 10, 76, 0, 47, 10, 18, 53, 0, 100, 12, 86, 36, 33, 38, 6
41, 84, 58, 100, 62, 66, 35, 38, 0, 19, 24, 6, 64, 0, 100, 16, 2
100, 93, 72, 100, 30, 96, 0, 71, 22, 64, 59, 52, 50, 18, 17, 0, 5
45, 99, 29, 73, 72, 36, 49, 0, 0, 23, 45, 59, 100, 92, 39, 100, 8
26, 70, 0, 38, 14, 0, 65, 4, 93, 40, 100, 79, 60, 100, 21, 74, 0
100, 95, 84, 100, 40, 77, 6, 47, 0, 12, 49, 0, 77, 27, 30, 47, 6
90, 69, 63, 100, 21, 75, 60, 67, 91, 59, 100, 17, 54, 0, 0, 6, 9
73, 85, 93, 77, 73, 100, 53, 70, 100, 64, 97, 21, 48, 0, 0, 24, 9
100, 54, 78, 100, 30, 92, 0, 48, 14, 1, 66, 0, 99, 40, 84, 79, 0
100, 100, 71, 89, 39, 64, 15, 35, 11, 0, 50, 1, 40, 30, 0, 27, 6
0, 81, 35, 92, 100, 100, 95, 70, 73, 32, 67, 0, 34, 20, 96, 31, 7
100, 100, 53, 81, 19, 56, 0, 26, 20, 0, 78, 0, 96, 24, 47, 37, 6
55, 54, 34, 74, 0, 92, 56, 100, 100, 82, 100, 54, 86, 27, 70, 0, 9
40, 63, 4, 75, 0, 97, 43, 100, 84, 89, 100, 61, 91, 29, 75, 0, 9
8, 98, 17, 58, 71, 44, 40, 0, 2, 27, 0, 78, 33, 100, 100, 99, 5
69, 63, 100, 100, 12, 100, 0, 66, 86, 77, 99, 75, 67, 35, 49, 0, 9
4, 96, 76, 100, 60, 97, 17, 79, 65, 70, 100, 29, 43, 0, 0, 26, 5
0, 72, 19, 100, 43, 87, 39, 51, 22, 18, 33, 0, 66, 5, 100, 11, 2
0, 100, 52, 99, 100, 92, 74, 57, 58, 19, 49, 0, 37, 39, 87, 45, 7
100, 100, 55, 86, 21, 65, 0, 40, 5, 14, 46, 0, 62, 19, 17, 32, 6
41, 84, 68, 100, 87, 76, 63, 59, 100, 38, 89, 7, 40, 0, 0, 14, 3
1, 100, 0, 58, 70, 42, 59, 0, 10, 10, 0, 64, 27, 94, 100, 94, 5
0, 53, 34, 88, 88, 100, 100, 67, 63, 31, 16, 3, 41, 0, 98, 4, 2
97, 72, 100, 100, 44, 81, 13, 53, 0, 23, 41, 0, 85, 22, 18, 32, 6
62, 100, 36, 81, 0, 61, 38, 53, 100, 51, 93, 45, 72, 23, 59, 0, 4
96, 63, 100, 100, 45, 95, 11, 63, 0, 25, 36, 0, 48, 29, 19, 19, 6
29, 100, 5, 66, 0, 26, 35, 0, 81, 18, 100, 56, 83, 93, 33, 96, 0
100, 89, 74, 100, 34, 76, 6, 45, 0, 11, 41, 0, 57, 32, 12, 45, 6
32, 100, 13, 72, 0, 41, 52, 28, 100, 31, 83, 60, 56, 32, 41, 0, 4
42, 83, 54, 100, 50, 64, 28, 33, 0, 13, 34, 0, 70, 1, 100, 23, 2
100, 80, 38, 100, 6, 65, 91, 39, 82, 0, 0, 16, 48, 53, 100, 89, 8
24, 86, 0, 45, 17, 0, 66, 2, 100, 35, 88, 82, 44, 100, 2, 78, 0
67, 94, 17, 100, 43, 67, 98, 94, 93, 81, 100, 39, 74, 0, 0, 6, 9
17, 92, 0, 50, 11, 7, 66, 0, 100, 35, 96, 78, 49, 100, 9, 69, 0
28, 69, 100, 87, 40, 100, 0, 67, 80, 68, 91, 70, 45, 35, 7, 0, 9
0, 94, 42, 100, 66, 71, 59, 35, 42, 0, 14, 26, 54, 37, 100, 36, 7
0, 84, 45, 100, 77, 85, 38, 61, 53, 46, 100, 31, 61, 10, 9, 0, 3
100, 100, 63, 83, 27, 57, 0, 26, 25, 0, 76, 12, 58, 39, 15, 24, 6
60, 100, 23, 88, 71, 92, 100, 96, 90, 65, 87, 32, 56, 7, 0, 0, 9
15, 74, 39, 100, 69, 81, 42, 46, 0, 20, 20, 22, 61, 0, 100, 15, 2
77, 82, 48, 100, 31, 73, 100, 38, 85, 0, 0, 22, 61, 57, 97, 92, 8
95, 100, 51, 76, 22, 51, 11, 24, 27, 0, 100, 13, 78, 36, 0, 40, 6
0, 53, 32, 70, 41, 100, 41, 76, 41, 47, 32, 17, 32, 1, 100, 0, 1
65, 90, 24, 90, 0, 44, 19, 0, 67, 6, 100, 44, 91, 91, 44, 100, 0
22, 80, 59, 100, 85, 81, 41, 62, 92, 47, 100, 15, 49, 0, 0, 12, 3
88, 91, 52, 91, 73, 73, 94, 100, 100, 58, 87, 18, 46, 0, 0, 1, 9
30, 91, 65, 100, 83, 77, 64, 52, 100, 38, 76, 9, 37, 0, 0, 10, 3
53, 100, 30, 83, 0, 55, 41, 36, 96, 42, 100, 62, 80, 31, 66, 0, 4
42, 76, 27, 30, 55, 0, 90, 30, 100, 77, 65, 100, 25, 79, 0, 40, 0
100, 100, 59, 83, 31, 63, 11, 42, 0, 20, 17, 0, 69, 8, 48, 24, 6
17, 72, 0, 37, 18, 2, 56, 0, 90, 20, 100, 58, 79, 93, 42, 100, 0
15, 78, 44, 100, 100, 95, 76, 69, 37, 44, 0, 21, 14, 0, 83, 3, 2
83, 100, 47, 91, 70, 81, 100, 86, 94, 55, 91, 23, 55, 3, 0, 0, 9
13, 88, 5, 45, 26, 0, 73, 7, 100, 49, 85, 93, 37, 100, 0, 70, 0
30, 83, 69, 100, 66, 65, 38, 35, 0, 12, 4, 7, 52, 8, 100, 0, 2
35, 100, 27, 71, 65, 36, 48, 0, 0, 19, 44, 52, 100, 83, 56, 95, 8
0, 49, 25, 58, 62, 79, 100, 100, 96, 79, 81, 53, 67, 26, 58, 0, 1
100, 97, 80, 100, 46, 99, 36, 73, 62, 63, 53, 42, 26, 21, 0, 0, 5
0, 76, 32, 90, 43, 100, 45, 66, 43, 32, 26, 0, 45, 1, 100, 0, 1
32, 100, 13, 85, 0, 40, 27, 0, 88, 10, 100, 55, 74, 96, 14, 99, 0
0, 90, 50, 100, 90, 76, 93, 39, 76, 3, 26, 0, 46, 30, 100, 37, 7
30, 88, 76, 100, 88, 71, 59, 43, 100, 41, 98, 10, 47, 0, 0, 16, 3
100, 83, 30, 100, 0, 72, 52, 38, 59, 0, 30, 16, 64, 54, 71, 88, 8
16, 100, 0, 68, 5, 36, 57, 25, 100, 35, 78, 61, 47, 33, 34, 0, 4
100, 82, 51, 100, 0, 72, 56, 37, 78, 0, 36, 12, 68, 51, 92, 85, 8
42, 90, 24, 55, 80, 48, 51, 10, 0, 0, 9, 48, 43, 85, 100, 100, 5
44, 100, 11, 69, 0, 30, 27, 0, 79, 17, 100, 53, 80, 89, 24, 91, 0
71, 100, 0, 88, 51, 58, 100, 26, 47, 0, 2, 25, 62, 55, 89, 91, 8
17, 99, 7, 62, 29, 25, 12, 0, 0, 36, 59, 68, 100, 100, 15, 85, 8
45, 100, 44, 81, 7, 51, 0, 31, 68, 35, 100, 52, 89, 34, 80, 0, 4
62, 100, 46, 92, 0, 71, 19, 57, 94, 51, 100, 47, 60, 24, 35, 0, 4
100, 100, 47, 96, 15, 64, 0, 29, 32, 0, 85, 16, 57, 46, 9, 30, 6
100, 100, 60, 85, 25, 58, 0, 28, 13, 0, 71, 6, 46, 23, 15, 10, 6
0, 66, 23, 73, 63, 90, 100, 100, 81, 75, 63, 50, 44, 25, 31, 0, 1
20, 80, 54, 100, 83, 84, 58, 63, 100, 49, 87, 17, 45, 0, 0, 14, 3
76, 87, 38, 100, 45, 64, 51, 23, 15, 0, 0, 25, 51, 42, 100, 62, 8
5, 78, 41, 100, 63, 74, 45, 41, 14, 13, 0, 11, 51, 7, 100, 0, 2
1, 73, 49, 100, 55, 92, 51, 56, 46, 20, 0, 2, 30, 1, 100, 0, 1
23, 90, 55, 100, 54, 66, 26, 40, 0, 31, 32, 19, 65, 2, 100, 0, 2
25, 76, 75, 100, 17, 68, 61, 54, 89, 90, 100, 44, 87, 10, 0, 0, 9
0, 63, 15, 63, 58, 81, 100, 100, 94, 81, 67, 54, 41, 28, 16, 0, 1
10, 78, 43, 100, 78, 86, 57, 59, 100, 46, 82, 17, 41, 0, 0, 9, 3
0, 95, 43, 100, 77, 72, 65, 32, 47, 0, 10, 32, 39, 52, 100, 53, 7
91, 94, 13, 83, 67, 52, 100, 18, 16, 0, 0, 33, 36, 68, 48, 100, 8
31, 69, 49, 100, 60, 70, 34, 36, 0, 13, 29, 21, 65, 0, 100, 16, 2
100, 100, 74, 97, 61, 81, 47, 65, 34, 49, 21, 33, 5, 16, 0, 0, 1
83, 89, 36, 100, 45, 59, 92, 84, 92, 75, 100, 28, 58, 0, 0, 19, 9
14, 99, 8, 54, 73, 46, 44, 0, 0, 17, 1, 81, 44, 99, 100, 100, 5
13, 94, 0, 52, 16, 11, 66, 0, 100, 32, 90, 74, 48, 100, 5, 78, 0
0, 85, 21, 100, 66, 98, 83, 77, 90, 53, 100, 30, 75, 10, 35, 0, 3
45, 100, 10, 67, 7, 16, 56, 0, 100, 31, 91, 79, 38, 95, 0, 61, 0
67, 100, 30, 90, 0, 57, 41, 40, 100, 53, 98, 67, 66, 34, 40, 0, 4
9, 61, 25, 100, 59, 72, 42, 27, 0, 5, 5, 24, 53, 16, 100, 0, 2
0, 45, 0, 61, 48, 82, 100, 100, 97, 78, 72, 51, 45, 24, 33, 0, 1
31, 88, 5, 50, 4, 8, 57, 0, 100, 30, 100, 71, 56, 100, 0, 92, 0
0, 32, 29, 55, 63, 78, 100, 100, 90, 75, 88, 50, 84, 25, 80, 0, 1
33, 76, 48, 100, 100, 97, 74, 50, 44, 4, 77, 0, 39, 40, 0, 79, 8
34, 100, 9, 68, 61, 65, 67, 24, 0, 0, 3, 45, 20, 92, 100, 99, 5
100, 97, 40, 100, 0, 65, 35, 27, 39, 0, 40, 38, 87, 73, 87, 100, 8
55, 89, 32, 100, 5, 65, 0, 28, 43, 0, 100, 19, 51, 31, 16, 0, 6
0, 44, 15, 0, 62, 5, 95, 40, 100, 88, 60, 100, 27, 64, 11, 17, 0
0, 86, 26, 100, 70, 84, 77, 45, 68, 5, 54, 0, 50, 25, 100, 23, 7
26, 87, 64, 100, 66, 57, 39, 21, 0, 0, 15, 29, 57, 21, 100, 21, 2
37, 71, 79, 71, 49, 100, 0, 45, 25, 36, 66, 0, 100, 51, 10, 26, 8
0, 99, 56, 100, 72, 80, 54, 41, 49, 0, 22, 18, 41, 36, 100, 39, 7
13, 98, 0, 74, 51, 57, 32, 0, 2, 22, 4, 85, 41, 100, 100, 100, 5
0, 98, 49, 100, 100, 99, 88, 65, 61, 33, 34, 0, 21, 18, 44, 41, 7
77, 87, 87, 57, 100, 19, 13, 0, 28, 35, 83, 69, 94, 100, 0, 79, 8
0, 53, 26, 84, 32, 100, 33, 65, 36, 29, 3, 0, 6, 2, 100, 6, 1
1, 90, 0, 54, 20, 16, 68, 0, 100, 31, 99, 71, 61, 100, 26, 75, 0
29, 84, 1, 73, 64, 48, 65, 6, 0, 0, 1, 47, 26, 89, 100, 100, 5
4, 100, 2, 82, 0, 50, 46, 35, 100, 42, 100, 63, 93, 32, 93, 0, 4
0, 0, 39, 12, 76, 32, 96, 58, 97, 84, 59, 100, 53, 77, 100, 63, 9
19, 74, 47, 100, 81, 83, 57, 51, 18, 26, 0, 9, 54, 6, 100, 0, 2
100, 100, 73, 96, 45, 68, 28, 37, 27, 4, 76, 0, 58, 24, 0, 22, 6
0, 95, 48, 100, 89, 80, 78, 38, 51, 0, 27, 21, 51, 39, 100, 31, 7
20, 80, 54, 100, 100, 95, 74, 65, 83, 41, 93, 9, 47, 0, 0, 2, 3
46, 84, 65, 46, 65, 9, 0, 0, 30, 29, 84, 57, 100, 94, 44, 100, 8
0, 72, 50, 85, 100, 100, 91, 81, 77, 60, 55, 38, 38, 18, 34, 0, 1
19, 77, 20, 44, 36, 0, 15, 7, 0, 52, 8, 88, 54, 99, 100, 100, 5
88, 86, 28, 74, 34, 100, 82, 91, 95, 54, 100, 16, 60, 0, 0, 12, 9
59, 72, 36, 100, 0, 72, 23, 36, 52, 0, 0, 1, 44, 27, 100, 55, 8
68, 93, 24, 82, 28, 39, 45, 3, 0, 0, 8, 66, 48, 99, 100, 100, 5
24, 100, 0, 69, 8, 35, 55, 34, 100, 40, 95, 79, 90, 39, 80, 0, 4
50, 81, 74, 100, 100, 75, 75, 43, 36, 20, 0, 28, 47, 23, 84, 0, 2
0, 81, 24, 100, 92, 97, 98, 52, 80, 5, 34, 0, 32, 23, 100, 33, 7
30, 93, 34, 78, 75, 100, 18, 95, 79, 75, 100, 37, 72, 5, 0, 0, 9
39, 100, 0, 79, 1, 48, 55, 38, 100, 58, 81, 55, 49, 29, 25, 0, 4
0, 82, 35, 100, 73, 84, 65, 46, 32, 19, 14, 23, 59, 16, 100, 0, 2
81, 100, 35, 78, 0, 47, 69, 52, 100, 66, 72, 91, 62, 44, 60, 0, 4
2, 78, 33, 100, 88, 97, 86, 71, 79, 41, 100, 11, 54, 0, 0, 4, 3
13, 76, 0, 33, 40, 0, 92, 20, 100, 67, 63, 100, 18, 68, 29, 24, 0
78, 100, 47, 78, 19, 49, 8, 18, 48, 0, 100, 15, 62, 35, 0, 34, 6
53, 80, 72, 100, 100, 79, 76, 52, 67, 28, 89, 8, 45, 0, 0, 2, 3
61, 88, 100, 100, 96, 81, 75, 60, 80, 36, 81, 13, 44, 0, 0, 1, 3
11, 77, 33, 100, 50, 79, 27, 52, 0, 28, 11, 7, 55, 3, 100, 0, 2
0, 73, 49, 82, 94, 100, 100, 86, 82, 65, 65, 43, 43, 22, 29, 0, 1
0, 100, 61, 97, 81, 75, 60, 38, 40, 0, 15, 18, 37, 37, 100, 38, 7
0, 100, 27, 100, 64, 99, 100, 96, 78, 73, 50, 47, 33, 13, 36, 0, 7
69, 80, 93, 100, 93, 77, 63, 55, 100, 42, 79, 20, 41, 7, 0, 0, 3
100, 94, 73, 100, 40, 74, 13, 46, 0, 12, 38, 0, 67, 22, 20, 28, 6
45, 100, 18, 74, 0, 44, 59, 35, 100, 52, 95, 62, 75, 32, 70, 0, 4
0, 58, 44, 39, 75, 9, 55, 0, 25, 30, 15, 63, 49, 90, 100, 100, 5
100, 100, 72, 92, 35, 64, 5, 33, 0, 0, 53, 3, 79, 28, 24, 36, 6
61, 85, 74, 100, 92, 77, 65, 54, 91, 38, 100, 14, 54, 0, 0, 4, 3
85, 82, 16, 71, 21, 100, 78, 100, 88, 64, 100, 28, 70, 0, 0, 13, 9
56, 94, 21, 74, 100, 89, 29, 100, 0, 63, 2, 0, 74, 21, 20, 66, 8
40, 82, 0, 48, 8, 0, 65, 5, 100, 45, 99, 93, 45, 100, 5, 64, 0
96, 65, 63, 100, 0, 80, 35, 48, 87, 74, 100, 39, 75, 0, 0, 2, 9
61, 95, 20, 91, 0, 42, 25, 0, 79, 12, 100, 58, 67, 100, 20, 99, 0
0, 60, 37, 78, 79, 96, 100, 100, 79, 75, 59, 50, 40, 25, 22, 0, 1
8, 100, 0, 78, 8, 42, 58, 43, 97, 69, 100, 73, 92, 37, 87, 0, 4
45, 80, 69, 100, 85, 75, 57, 53, 100, 45, 81, 14, 33, 0, 0, 14, 3
15, 79, 50, 100, 74, 78, 39, 52, 82, 42, 100, 14, 54, 0, 0, 4, 3
52, 98, 100, 100, 100, 80, 63, 61, 93, 40, 96, 16, 51, 3, 0, 0, 3
93, 67, 83, 100, 35, 88, 71, 85, 100, 93, 72, 59, 39, 28, 0, 0, 9
100, 100, 60, 94, 33, 62, 22, 29, 47, 0, 98, 12, 58, 35, 0, 27, 6
0, 93, 43, 100, 68, 75, 60, 38, 62, 0, 100, 24, 83, 41, 34, 45, 7
100, 100, 49, 93, 17, 64, 0, 31, 18, 0, 71, 5, 63, 32, 8, 27, 6
0, 77, 18, 100, 62, 100, 71, 72, 72, 41, 100, 17, 75, 0, 32, 4, 3
61, 88, 98, 100, 100, 95, 62, 89, 32, 64, 56, 33, 38, 3, 0, 0, 5
12, 52, 65, 54, 100, 23, 47, 0, 39, 33, 74, 67, 68, 100, 0, 90, 8
38, 54, 100, 82, 64, 100, 34, 65, 60, 27, 17, 0, 0, 32, 59, 62, 8
54, 100, 96, 93, 81, 72, 77, 54, 100, 30, 83, 7, 41, 0, 0, 8, 3
0, 84, 42, 100, 59, 74, 42, 45, 10, 19, 1, 16, 55, 16, 100, 0, 2
0, 96, 31, 100, 81, 93, 76, 48, 56, 1, 44, 0, 49, 32, 100, 35, 7
64, 77, 86, 100, 100, 79, 83, 54, 79, 28, 90, 5, 36, 0, 0, 1, 3
16, 90, 0, 46, 67, 42, 88, 2, 29, 0, 7, 49, 18, 93, 100, 100, 5
52, 87, 100, 100, 92, 95, 44, 77, 71, 51, 94, 22, 47, 0, 0, 5, 5
83, 95, 6, 100, 20, 65, 100, 38, 83, 0, 0, 12, 12, 55, 36, 95, 8
0, 66, 39, 83, 100, 100, 100, 82, 84, 62, 68, 41, 58, 20, 50, 0, 1
96, 36, 83, 81, 42, 100, 9, 65, 0, 20, 42, 0, 88, 20, 100, 62, 0
38, 67, 50, 100, 73, 67, 41, 26, 0, 2, 9, 12, 54, 1, 100, 0, 2
13, 88, 0, 53, 17, 13, 67, 0, 100, 31, 91, 72, 51, 100, 5, 86, 0
31, 89, 0, 57, 4, 14, 61, 0, 100, 33, 95, 77, 47, 100, 16, 72, 0
76, 76, 48, 100, 0, 80, 37, 58, 100, 74, 84, 57, 46, 29, 19, 0, 9
62, 93, 16, 74, 0, 35, 21, 0, 77, 7, 100, 43, 83, 81, 33, 100, 0
40, 92, 77, 100, 90, 85, 75, 56, 100, 29, 79, 6, 40, 1, 0, 0, 3
15, 100, 2, 79, 0, 57, 48, 49, 100, 56, 97, 43, 87, 21, 98, 0, 4
100, 97, 73, 100, 34, 88, 38, 59, 83, 50, 85, 18, 45, 0, 0, 3, 5
2, 85, 29, 100, 37, 71, 23, 41, 0, 15, 17, 0, 58, 2, 100, 8, 2
5, 96, 66, 100, 72, 65, 54, 24, 31, 0, 0, 38, 41, 53, 100, 51, 7
15, 58, 0, 19, 33, 0, 71, 18, 100, 52, 93, 93, 54, 100, 15, 85, 0
14, 68, 56, 100, 75, 97, 68, 60, 64, 22, 0, 4, 18, 0, 100, 3, 1
0, 71, 47, 85, 100, 100, 100, 81, 84, 61, 66, 41, 47, 20, 31, 0, 1
19, 100, 1, 79, 0, 57, 39, 46, 87, 51, 87, 41, 81, 19, 100, 0, 4
19, 89, 10, 61, 50, 28, 25, 0, 3, 31, 0, 75, 40, 98, 100, 100, 5
0, 86, 29, 100, 62, 95, 51, 62, 31, 32, 34, 2, 69, 0, 100, 6, 2
7, 51, 31, 90, 93, 100, 99, 58, 59, 21, 0, 0, 35, 17, 100, 5, 2
0, 35, 37, 50, 73, 74, 100, 100, 90, 81, 77, 53, 63, 26, 61, 0, 1
72, 72, 90, 100, 0, 94, 5, 59, 91, 65, 100, 68, 60, 34, 25, 0, 9
3, 58, 20, 100, 41, 80, 22, 38, 0, 8, 33, 4, 66, 3, 100, 0, 2
0, 95, 32, 69, 68, 34, 45, 0, 30, 25, 70, 59, 100, 95, 30, 100, 8
15, 76, 35, 99, 88, 100, 100, 94, 71, 72, 42, 49, 17, 25, 0, 0, 7
33, 90, 100, 100, 60, 98, 13, 66, 40, 63, 97, 41, 68, 6, 0, 0, 5
0, 98, 60, 100, 100, 78, 74, 38, 46, 0, 62, 1, 82, 29, 21, 42, 7
59, 65, 100, 98, 31, 100, 10, 64, 83, 67, 85, 52, 60, 13, 0, 0, 9
0, 61, 20, 91, 73, 100, 88, 76, 61, 58, 100, 32, 78, 2, 25, 0, 3
49, 76, 63, 100, 67, 77, 34, 53, 0, 29, 8, 13, 53, 1, 100, 0, 2
0, 77, 27, 100, 54, 89, 33, 60, 11, 32, 16, 3, 58, 0, 100, 3, 2
0, 63, 16, 90, 100, 100, 90, 73, 53, 40, 22, 6, 11, 0, 48, 18, 7
