@relation penbased-4
@attribute At1 integer [0, 100]
@attribute At2 integer [0, 100]
@attribute At3 integer [0, 100]
@attribute At4 integer [0, 100]
@attribute At5 integer [0, 100]
@attribute At6 integer [0, 100]
@attribute At7 integer [0, 100]
@attribute At8 integer [0, 100]
@attribute At9 integer [0, 100]
@attribute At10 integer [0, 100]
@attribute At11 integer [0, 100]
@attribute At12 integer [0, 100]
@attribute At13 integer [0, 100]
@attribute At14 integer [0, 100]
@attribute At15 integer [0, 100]
@attribute At16 integer [0, 100]
@attribute Class {0, 1, 2, 3, 4, 5, 6, 7, 8, 9}
@inputs At1, At2, At3, At4, At5, At6, At7, At8, At9, At10, At11, At12, At13, At14, At15, At16
@outputs Class
@data
0, 57, 31, 68, 72, 90, 100, 100, 76, 75, 50, 51, 28, 25, 16, 0, 1
50, 84, 66, 100, 75, 75, 51, 51, 100, 42, 97, 13, 49, 0, 0, 7, 3
36, 92, 7, 83, 0, 37, 26, 0, 77, 6, 100, 46, 84, 89, 36, 100, 0
27, 76, 1, 42, 16, 0, 70, 3, 100, 40, 92, 84, 44, 100, 0, 73, 0
64, 93, 0, 67, 97, 67, 89, 100, 14, 70, 100, 68, 96, 36, 28, 0, 9
9, 93, 53, 100, 89, 80, 57, 52, 17, 30, 0, 5, 50, 2, 100, 0, 2
0, 84, 50, 100, 72, 79, 37, 52, 51, 41, 100, 27, 62, 3, 3, 0, 3
100, 100, 58, 83, 31, 55, 17, 24, 43, 0, 80, 19, 50, 43, 0, 39, 6
0, 82, 75, 56, 100, 12, 22, 0, 22, 41, 92, 73, 84, 100, 2, 80, 8
80, 100, 36, 100, 58, 80, 65, 82, 82, 47, 100, 14, 53, 0, 0, 7, 9
18, 88, 2, 54, 40, 25, 2, 0, 0, 30, 20, 70, 45, 100, 100, 93, 5
0, 60, 38, 80, 80, 100, 100, 92, 80, 69, 65, 46, 55, 23, 55, 0, 1
22, 55, 10, 60, 0, 18, 46, 0, 89, 28, 100, 70, 68, 100, 29, 69, 0
85, 100, 30, 84, 5, 54, 0, 22, 48, 0, 100, 21, 66, 47, 0, 37, 6
37, 100, 48, 57, 74, 97, 27, 97, 80, 68, 100, 26, 49, 0, 0, 22, 9
30, 98, 16, 60, 53, 28, 46, 0, 13, 29, 0, 68, 27, 95, 100, 100, 5
24, 100, 100, 99, 93, 78, 64, 48, 39, 17, 19, 0, 0, 31, 72, 38, 7
79, 74, 21, 67, 15, 92, 71, 100, 100, 75, 73, 45, 36, 18, 0, 0, 9
19, 86, 35, 72, 95, 94, 0, 100, 60, 78, 100, 52, 67, 26, 26, 0, 9
16, 59, 0, 31, 31, 0, 78, 15, 100, 55, 87, 98, 40, 100, 6, 67, 0
100, 100, 64, 98, 26, 85, 36, 63, 76, 58, 75, 24, 42, 1, 0, 0, 5
0, 61, 22, 89, 59, 100, 72, 73, 53, 42, 31, 12, 58, 0, 100, 4, 2
100, 100, 92, 85, 75, 71, 58, 57, 58, 42, 33, 28, 8, 14, 0, 0, 1
12, 73, 29, 62, 66, 32, 29, 0, 5, 29, 0, 71, 38, 96, 100, 100, 5
0, 67, 38, 66, 62, 30, 38, 0, 8, 30, 45, 63, 100, 90, 58, 100, 8
100, 100, 71, 95, 30, 64, 1, 27, 32, 0, 82, 19, 54, 51, 0, 48, 6
0, 80, 30, 100, 74, 81, 82, 43, 75, 4, 39, 0, 44, 16, 100, 20, 7
23, 76, 52, 100, 100, 98, 79, 71, 63, 50, 82, 19, 49, 0, 0, 7, 3
41, 53, 60, 100, 100, 89, 70, 42, 33, 0, 72, 16, 54, 62, 0, 72, 8
29, 88, 23, 57, 73, 40, 51, 0, 0, 13, 12, 58, 42, 94, 100, 100, 5
0, 52, 37, 73, 76, 94, 100, 100, 75, 75, 53, 49, 35, 22, 28, 0, 1
50, 86, 17, 60, 0, 27, 21, 0, 70, 9, 100, 37, 91, 70, 63, 100, 0
0, 100, 65, 99, 70, 66, 51, 33, 32, 0, 15, 12, 29, 39, 100, 44, 7
0, 58, 4, 67, 42, 83, 79, 100, 100, 98, 81, 66, 65, 34, 66, 0, 1
9, 86, 1, 51, 27, 11, 76, 0, 100, 39, 84, 83, 37, 100, 0, 69, 0
100, 66, 56, 100, 23, 73, 77, 34, 65, 0, 0, 24, 55, 58, 73, 77, 8
23, 63, 31, 100, 64, 84, 54, 45, 28, 10, 0, 5, 50, 3, 100, 0, 2
12, 76, 47, 100, 100, 98, 97, 72, 52, 54, 74, 30, 52, 5, 0, 0, 3
31, 93, 12, 78, 71, 36, 31, 0, 21, 33, 100, 65, 69, 100, 0, 78, 8
48, 100, 39, 64, 0, 31, 89, 31, 100, 59, 77, 85, 71, 42, 63, 0, 4
66, 94, 100, 100, 81, 96, 50, 81, 47, 50, 54, 19, 26, 0, 0, 12, 5
72, 100, 36, 98, 39, 81, 82, 99, 100, 84, 70, 48, 37, 16, 0, 0, 9
80, 100, 31, 86, 63, 74, 100, 95, 83, 70, 81, 41, 56, 15, 0, 0, 9
64, 100, 32, 77, 16, 47, 16, 16, 58, 0, 100, 16, 49, 23, 0, 9, 6
23, 85, 0, 49, 2, 11, 52, 0, 91, 30, 100, 67, 70, 100, 14, 96, 0
0, 95, 51, 100, 91, 86, 81, 45, 68, 5, 55, 0, 46, 34, 100, 33, 7
14, 99, 16, 67, 67, 33, 74, 0, 0, 17, 44, 48, 100, 77, 39, 100, 8
45, 79, 57, 100, 100, 93, 86, 66, 70, 44, 87, 20, 46, 6, 0, 0, 3
45, 100, 14, 69, 61, 42, 46, 0, 0, 3, 15, 50, 42, 91, 100, 96, 5
100, 86, 63, 100, 20, 78, 22, 43, 76, 47, 90, 13, 36, 0, 0, 24, 5
0, 79, 19, 100, 60, 93, 59, 64, 41, 38, 19, 12, 54, 1, 100, 0, 2
57, 94, 39, 100, 11, 69, 0, 35, 23, 4, 97, 0, 100, 24, 41, 5, 6
20, 73, 47, 100, 62, 70, 41, 35, 11, 3, 0, 15, 49, 9, 100, 0, 2
55, 91, 100, 100, 64, 94, 27, 69, 53, 52, 84, 32, 48, 7, 0, 0, 5
58, 94, 84, 100, 82, 74, 46, 57, 92, 42, 100, 14, 52, 0, 0, 1, 3
49, 100, 5, 87, 15, 59, 92, 53, 100, 84, 69, 57, 35, 28, 0, 0, 4
100, 84, 27, 100, 0, 85, 0, 68, 13, 51, 20, 34, 27, 17, 60, 0, 1
50, 91, 78, 100, 85, 74, 71, 61, 100, 38, 81, 10, 41, 0, 0, 4, 3
0, 68, 38, 78, 91, 96, 100, 100, 78, 75, 62, 49, 59, 24, 81, 0, 1
79, 100, 14, 81, 49, 39, 100, 0, 32, 0, 52, 55, 71, 100, 0, 71, 8
89, 100, 48, 76, 18, 46, 8, 12, 55, 0, 100, 14, 51, 23, 0, 12, 6
66, 100, 100, 94, 91, 69, 69, 47, 95, 24, 74, 2, 36, 0, 0, 9, 3
25, 79, 35, 100, 78, 78, 50, 50, 68, 48, 100, 21, 59, 0, 0, 11, 3
9, 100, 10, 91, 0, 61, 0, 31, 55, 24, 90, 45, 88, 29, 100, 0, 4
61, 96, 0, 83, 61, 66, 100, 30, 49, 0, 5, 30, 39, 68, 42, 100, 8
33, 89, 92, 100, 100, 91, 63, 62, 29, 31, 0, 0, 6, 29, 66, 38, 7
0, 76, 53, 85, 100, 100, 76, 81, 60, 61, 44, 40, 27, 20, 5, 0, 1
13, 94, 10, 63, 73, 46, 65, 0, 0, 8, 3, 57, 31, 100, 100, 99, 5
100, 100, 59, 82, 31, 56, 17, 27, 35, 0, 83, 0, 49, 16, 0, 8, 6
0, 87, 32, 100, 67, 84, 48, 50, 16, 23, 16, 2, 58, 3, 100, 0, 2
100, 98, 58, 100, 29, 81, 55, 55, 87, 32, 81, 4, 39, 0, 0, 1, 5
50, 100, 63, 87, 26, 62, 0, 36, 59, 31, 100, 54, 80, 27, 76, 0, 4
15, 90, 59, 100, 71, 74, 50, 55, 99, 42, 100, 13, 53, 0, 0, 10, 3
0, 97, 41, 100, 68, 77, 64, 38, 51, 0, 28, 34, 56, 40, 100, 37, 7
0, 92, 33, 100, 97, 83, 82, 41, 59, 0, 100, 9, 82, 37, 7, 45, 7
63, 93, 36, 100, 30, 74, 58, 85, 80, 53, 100, 20, 60, 0, 0, 8, 9
48, 80, 50, 100, 100, 99, 78, 69, 76, 49, 91, 18, 45, 0, 0, 9, 3
45, 87, 41, 100, 89, 96, 54, 65, 68, 55, 100, 26, 60, 0, 0, 3, 3
97, 100, 63, 90, 30, 56, 11, 20, 48, 0, 100, 22, 39, 27, 0, 4, 6
0, 71, 20, 100, 54, 91, 51, 55, 29, 22, 3, 0, 54, 3, 100, 9, 2
0, 100, 28, 65, 100, 79, 38, 96, 58, 55, 96, 44, 72, 0, 11, 23, 9
75, 80, 93, 100, 100, 81, 80, 59, 66, 35, 66, 9, 34, 0, 0, 4, 3
0, 60, 42, 80, 90, 100, 100, 97, 84, 72, 68, 47, 55, 22, 45, 0, 1
35, 100, 5, 72, 0, 40, 44, 18, 87, 30, 100, 58, 70, 30, 53, 0, 4
0, 74, 36, 100, 64, 74, 54, 37, 37, 0, 23, 12, 38, 39, 100, 43, 7
41, 75, 62, 100, 100, 94, 74, 67, 37, 43, 0, 20, 23, 2, 83, 0, 2
10, 71, 57, 100, 91, 76, 65, 37, 30, 0, 0, 11, 30, 31, 100, 33, 7
11, 84, 0, 34, 35, 0, 84, 19, 100, 67, 65, 100, 21, 70, 11, 24, 0
78, 67, 65, 100, 0, 75, 56, 37, 84, 0, 2, 10, 35, 52, 100, 86, 8
38, 79, 59, 100, 89, 77, 69, 44, 31, 17, 0, 22, 54, 20, 100, 0, 2
31, 100, 20, 90, 16, 57, 75, 52, 100, 79, 68, 63, 33, 31, 0, 0, 4
35, 100, 21, 73, 0, 46, 18, 30, 77, 30, 100, 53, 87, 27, 79, 0, 4
0, 90, 59, 100, 100, 79, 72, 40, 55, 0, 40, 1, 9, 30, 84, 31, 7
0, 87, 36, 100, 56, 71, 37, 40, 1, 19, 15, 19, 61, 16, 100, 0, 2
63, 65, 35, 100, 1, 69, 61, 36, 79, 0, 0, 15, 33, 54, 100, 86, 8
25, 98, 7, 67, 95, 78, 36, 100, 0, 79, 100, 71, 76, 33, 14, 0, 9
54, 100, 24, 79, 6, 48, 13, 16, 59, 0, 100, 15, 54, 30, 0, 23, 6
43, 99, 19, 72, 53, 36, 30, 0, 0, 25, 10, 73, 42, 100, 100, 98, 5
53, 86, 59, 50, 52, 12, 6, 0, 0, 25, 18, 62, 53, 89, 100, 100, 5
44, 100, 58, 57, 100, 88, 40, 95, 63, 62, 77, 60, 67, 10, 0, 0, 9
32, 70, 45, 100, 77, 84, 49, 49, 14, 20, 0, 0, 51, 9, 100, 22, 2
100, 100, 63, 85, 83, 78, 93, 84, 90, 52, 77, 23, 45, 0, 0, 2, 9
100, 90, 27, 100, 0, 66, 56, 33, 81, 0, 10, 16, 33, 57, 98, 84, 8
28, 95, 39, 84, 67, 100, 42, 90, 81, 62, 100, 27, 56, 3, 0, 0, 9
100, 100, 57, 90, 28, 67, 6, 43, 0, 15, 37, 0, 70, 16, 28, 27, 6
100, 100, 55, 91, 79, 72, 94, 93, 86, 66, 80, 35, 48, 11, 0, 0, 9
64, 100, 20, 79, 0, 49, 2, 18, 49, 0, 100, 15, 59, 25, 17, 3, 6
0, 80, 8, 100, 37, 81, 32, 49, 11, 22, 23, 6, 62, 5, 100, 0, 2
100, 98, 60, 100, 35, 76, 39, 56, 75, 52, 73, 21, 39, 5, 0, 0, 5
87, 100, 31, 76, 100, 91, 38, 80, 22, 62, 0, 0, 73, 9, 33, 64, 8
0, 99, 65, 100, 100, 97, 57, 62, 36, 16, 19, 0, 2, 36, 69, 40, 7
0, 88, 10, 48, 33, 12, 75, 0, 100, 35, 87, 75, 50, 100, 6, 95, 0
100, 100, 54, 81, 19, 59, 0, 34, 11, 9, 71, 0, 84, 17, 17, 17, 6
39, 90, 14, 75, 0, 34, 26, 0, 75, 0, 100, 35, 82, 74, 42, 100, 0
100, 100, 64, 78, 36, 50, 22, 17, 55, 0, 90, 17, 45, 24, 0, 17, 6
52, 75, 69, 100, 93, 77, 68, 43, 34, 15, 0, 1, 50, 2, 100, 0, 2
100, 73, 76, 100, 0, 88, 21, 64, 98, 78, 96, 65, 86, 32, 82, 0, 9
0, 24, 43, 47, 75, 73, 100, 100, 71, 82, 43, 55, 18, 28, 3, 0, 1
2, 94, 93, 100, 100, 78, 86, 39, 74, 0, 37, 10, 0, 43, 100, 43, 7
100, 79, 81, 100, 41, 79, 62, 59, 93, 64, 80, 27, 46, 0, 0, 0, 9
0, 39, 42, 52, 76, 74, 100, 100, 92, 87, 82, 58, 71, 29, 68, 0, 1
67, 100, 47, 59, 0, 31, 5, 34, 69, 40, 100, 63, 72, 41, 57, 0, 4
0, 77, 30, 100, 74, 96, 56, 63, 75, 43, 100, 14, 59, 0, 13, 5, 3
8, 100, 23, 84, 0, 56, 26, 40, 100, 44, 72, 56, 68, 27, 89, 0, 4
58, 100, 21, 71, 1, 35, 15, 0, 66, 2, 100, 28, 50, 32, 0, 19, 6
0, 47, 23, 66, 61, 83, 100, 100, 89, 75, 72, 50, 53, 25, 48, 0, 1
4, 71, 29, 40, 44, 0, 17, 1, 0, 42, 9, 80, 50, 99, 100, 100, 5
20, 63, 29, 100, 58, 76, 44, 36, 11, 4, 0, 1, 50, 0, 100, 1, 2
15, 76, 23, 100, 81, 95, 78, 62, 43, 35, 0, 10, 38, 0, 100, 3, 2
31, 91, 1, 62, 0, 20, 37, 0, 80, 15, 100, 52, 86, 91, 44, 100, 0
0, 29, 32, 52, 68, 76, 100, 100, 95, 76, 89, 50, 78, 25, 76, 0, 1
46, 100, 26, 74, 0, 47, 20, 25, 84, 33, 100, 55, 76, 28, 69, 0, 4
0, 51, 31, 60, 66, 79, 100, 100, 90, 79, 66, 53, 43, 28, 27, 0, 1
12, 60, 37, 36, 41, 0, 15, 2, 0, 42, 27, 66, 63, 84, 100, 100, 5
76, 100, 18, 73, 0, 50, 81, 48, 100, 70, 67, 74, 33, 37, 8, 0, 4
67, 99, 62, 62, 97, 13, 0, 0, 7, 34, 100, 59, 100, 100, 10, 93, 8
53, 92, 75, 100, 72, 71, 64, 60, 100, 44, 78, 15, 32, 0, 0, 10, 3
32, 98, 8, 71, 56, 25, 28, 0, 0, 42, 77, 69, 100, 100, 15, 92, 8
43, 97, 80, 79, 22, 66, 35, 100, 86, 75, 100, 23, 48, 0, 0, 24, 9
100, 98, 54, 100, 52, 68, 83, 95, 95, 61, 92, 18, 48, 0, 0, 2, 9
26, 90, 17, 64, 60, 34, 53, 0, 20, 32, 0, 73, 31, 96, 100, 100, 5
0, 93, 53, 100, 89, 75, 85, 37, 73, 0, 48, 1, 44, 29, 100, 25, 7
66, 98, 22, 67, 100, 88, 17, 100, 11, 52, 0, 0, 79, 13, 22, 53, 8
0, 97, 2, 58, 19, 21, 65, 0, 100, 29, 98, 67, 66, 100, 16, 93, 0
60, 100, 33, 83, 0, 49, 8, 11, 68, 0, 100, 30, 48, 38, 32, 5, 6
12, 69, 26, 99, 79, 100, 70, 73, 79, 49, 100, 15, 53, 0, 0, 12, 3
47, 100, 17, 68, 0, 34, 9, 0, 71, 18, 97, 51, 100, 86, 48, 95, 0
36, 90, 84, 100, 100, 75, 62, 51, 82, 45, 85, 13, 38, 0, 0, 19, 3
88, 100, 48, 94, 59, 69, 100, 85, 90, 56, 80, 23, 46, 0, 0, 12, 9
48, 100, 31, 76, 85, 88, 17, 98, 65, 71, 100, 38, 68, 6, 0, 0, 9
33, 93, 84, 100, 90, 78, 46, 59, 94, 47, 100, 18, 56, 1, 0, 0, 3
76, 97, 64, 62, 100, 15, 14, 0, 0, 35, 90, 59, 98, 100, 0, 98, 8
35, 100, 0, 74, 1, 45, 68, 36, 100, 58, 88, 54, 79, 24, 72, 0, 4
36, 87, 24, 100, 77, 100, 64, 70, 74, 52, 100, 26, 62, 2, 0, 0, 3
0, 90, 3, 41, 31, 0, 76, 16, 100, 61, 70, 100, 25, 87, 14, 38, 0
0, 95, 46, 100, 14, 63, 30, 49, 100, 63, 94, 67, 80, 29, 72, 0, 4
42, 81, 6, 56, 95, 70, 71, 100, 19, 62, 100, 75, 75, 29, 0, 0, 9
24, 81, 57, 100, 85, 76, 59, 47, 82, 41, 100, 15, 53, 0, 0, 5, 3
0, 64, 57, 78, 86, 100, 91, 93, 88, 70, 87, 46, 86, 23, 100, 0, 1
19, 73, 12, 61, 77, 36, 57, 0, 9, 19, 0, 59, 12, 94, 100, 100, 5
88, 100, 82, 82, 45, 49, 0, 22, 38, 34, 94, 36, 100, 42, 98, 0, 4
100, 100, 45, 85, 9, 58, 0, 23, 44, 0, 99, 11, 84, 40, 26, 47, 6
62, 76, 0, 82, 29, 100, 90, 98, 100, 74, 90, 49, 75, 25, 70, 0, 9
1, 90, 47, 100, 74, 83, 53, 57, 67, 32, 100, 12, 51, 1, 0, 0, 3
75, 93, 46, 87, 10, 49, 0, 8, 58, 0, 100, 31, 66, 66, 22, 100, 0
48, 62, 60, 100, 61, 56, 37, 19, 0, 0, 20, 13, 60, 8, 100, 1, 2
0, 100, 50, 99, 47, 69, 32, 35, 20, 0, 10, 29, 44, 44, 100, 47, 7
48, 97, 7, 76, 22, 35, 0, 0, 5, 31, 49, 65, 100, 95, 52, 100, 8
25, 100, 5, 70, 0, 40, 72, 44, 100, 57, 70, 64, 72, 32, 60, 0, 4
74, 98, 43, 100, 69, 89, 90, 82, 100, 38, 84, 3, 41, 0, 0, 8, 9
74, 95, 21, 75, 0, 36, 20, 0, 75, 25, 100, 64, 78, 100, 19, 82, 0
16, 89, 16, 100, 0, 70, 15, 42, 81, 51, 100, 61, 84, 30, 75, 0, 4
85, 100, 32, 76, 0, 44, 74, 48, 100, 66, 76, 92, 72, 44, 67, 0, 4
42, 100, 12, 68, 0, 27, 32, 0, 76, 9, 100, 44, 88, 85, 47, 85, 0
100, 100, 61, 91, 30, 70, 7, 41, 11, 7, 48, 0, 39, 20, 0, 22, 6
59, 100, 9, 86, 61, 44, 74, 0, 0, 1, 53, 39, 100, 82, 35, 88, 8
0, 79, 31, 100, 64, 88, 49, 58, 24, 30, 10, 1, 56, 0, 100, 10, 2
25, 100, 8, 84, 0, 63, 0, 44, 33, 30, 83, 34, 87, 18, 100, 0, 4
100, 86, 79, 89, 15, 100, 8, 60, 71, 53, 99, 19, 43, 0, 0, 13, 5
59, 100, 12, 74, 0, 34, 29, 0, 81, 21, 100, 59, 91, 98, 35, 83, 0
66, 91, 22, 73, 50, 27, 19, 0, 0, 33, 65, 60, 100, 96, 24, 100, 8
32, 100, 32, 79, 0, 48, 25, 28, 96, 34, 100, 64, 77, 34, 77, 0, 4
0, 78, 25, 100, 58, 77, 46, 37, 10, 12, 19, 24, 62, 9, 100, 0, 2
100, 100, 57, 81, 23, 58, 0, 35, 7, 9, 61, 0, 68, 20, 20, 22, 6
43, 98, 0, 69, 57, 49, 62, 7, 15, 0, 17, 50, 34, 95, 100, 100, 5
87, 82, 70, 64, 12, 67, 41, 100, 100, 90, 98, 48, 62, 12, 0, 0, 9
31, 100, 0, 80, 4, 30, 37, 0, 81, 8, 100, 47, 70, 82, 26, 91, 0
4, 85, 39, 100, 83, 85, 57, 60, 59, 41, 100, 21, 62, 0, 0, 1, 3
8, 56, 53, 77, 100, 100, 100, 99, 79, 71, 74, 42, 60, 14, 0, 0, 1
100, 100, 39, 84, 58, 51, 88, 20, 25, 0, 0, 24, 42, 54, 98, 81, 8
93, 73, 57, 100, 0, 81, 36, 55, 100, 71, 99, 43, 91, 6, 26, 0, 9
35, 96, 87, 100, 74, 99, 28, 77, 60, 56, 100, 35, 53, 9, 0, 0, 5
0, 38, 31, 57, 66, 79, 100, 100, 76, 76, 53, 51, 40, 26, 44, 0, 1
0, 76, 49, 100, 100, 82, 58, 41, 28, 0, 82, 15, 28, 51, 34, 88, 8
100, 100, 100, 96, 79, 80, 50, 64, 36, 48, 14, 31, 0, 16, 7, 0, 1
36, 96, 23, 54, 42, 5, 86, 0, 100, 49, 76, 95, 31, 100, 0, 62, 0
69, 79, 48, 57, 69, 19, 0, 0, 30, 34, 93, 63, 100, 100, 37, 76, 8
5, 84, 40, 100, 79, 82, 26, 62, 56, 46, 100, 22, 65, 0, 0, 8, 3
89, 100, 43, 93, 3, 58, 0, 15, 57, 2, 100, 29, 43, 35, 24, 0, 6
9, 100, 4, 81, 0, 54, 35, 39, 84, 46, 100, 52, 80, 26, 77, 0, 4
3, 97, 90, 100, 100, 71, 75, 38, 61, 4, 31, 0, 0, 26, 90, 28, 7
0, 94, 28, 100, 65, 100, 100, 97, 79, 75, 61, 51, 50, 26, 48, 0, 7
0, 84, 30, 100, 36, 75, 28, 52, 89, 52, 100, 27, 64, 6, 6, 0, 3
27, 100, 43, 66, 67, 31, 45, 0, 0, 27, 47, 59, 100, 91, 20, 97, 8
100, 66, 74, 100, 24, 88, 43, 63, 94, 77, 89, 36, 52, 1, 0, 0, 9
0, 100, 1, 77, 25, 58, 66, 56, 100, 69, 92, 48, 90, 24, 94, 0, 4
1, 99, 58, 100, 100, 91, 69, 61, 33, 30, 1, 0, 0, 33, 57, 36, 7
36, 90, 79, 100, 100, 98, 50, 88, 32, 59, 76, 37, 47, 5, 0, 0, 5
55, 72, 53, 100, 100, 95, 86, 66, 73, 38, 88, 5, 42, 0, 0, 17, 3
71, 100, 27, 75, 6, 39, 21, 3, 77, 0, 100, 31, 51, 52, 0, 38, 6
2, 100, 5, 75, 0, 47, 22, 27, 98, 30, 100, 47, 71, 27, 78, 0, 4
7, 88, 0, 42, 19, 0, 67, 1, 100, 35, 93, 79, 49, 100, 3, 89, 0
65, 100, 56, 100, 17, 67, 0, 31, 36, 0, 100, 6, 73, 38, 10, 55, 6
63, 100, 35, 70, 0, 41, 36, 35, 100, 40, 96, 56, 73, 34, 59, 0, 4
0, 100, 12, 71, 94, 90, 31, 96, 11, 76, 100, 80, 58, 41, 37, 0, 9
13, 76, 64, 100, 87, 72, 52, 35, 11, 0, 0, 15, 35, 37, 100, 36, 7
100, 85, 49, 66, 0, 69, 37, 99, 89, 100, 77, 58, 40, 24, 12, 0, 9
98, 100, 51, 77, 21, 49, 7, 18, 49, 0, 100, 16, 42, 23, 0, 1, 6
40, 80, 63, 100, 100, 91, 84, 67, 52, 46, 18, 28, 0, 6, 47, 0, 2
11, 83, 41, 100, 47, 67, 25, 35, 8, 0, 0, 31, 49, 32, 100, 31, 7
29, 74, 1, 49, 0, 2, 51, 0, 93, 30, 100, 76, 55, 100, 6, 84, 0
0, 78, 38, 100, 100, 96, 93, 69, 57, 45, 15, 21, 18, 3, 85, 0, 2
0, 93, 43, 100, 70, 72, 68, 34, 56, 0, 31, 32, 52, 48, 100, 53, 7
31, 90, 63, 100, 100, 76, 75, 36, 56, 0, 96, 34, 61, 43, 0, 45, 7
88, 82, 44, 100, 49, 68, 100, 84, 93, 63, 98, 23, 57, 0, 0, 12, 9
16, 85, 45, 100, 96, 93, 85, 66, 88, 40, 100, 15, 52, 4, 0, 0, 3
0, 96, 55, 100, 100, 84, 96, 52, 74, 21, 52, 0, 19, 27, 67, 39, 7
100, 100, 56, 80, 26, 55, 1, 27, 11, 0, 69, 4, 50, 19, 0, 14, 6
10, 68, 25, 34, 20, 0, 2, 24, 0, 66, 30, 88, 65, 95, 100, 100, 5
1, 66, 28, 93, 81, 100, 72, 75, 82, 43, 100, 12, 54, 0, 0, 2, 3
100, 100, 67, 99, 26, 68, 0, 34, 15, 0, 88, 10, 60, 31, 26, 4, 6
0, 90, 41, 100, 58, 78, 42, 40, 32, 0, 5, 24, 51, 35, 100, 36, 7
6, 82, 49, 100, 100, 89, 70, 63, 30, 40, 85, 26, 60, 4, 0, 0, 3
0, 81, 27, 100, 58, 90, 45, 58, 25, 30, 23, 0, 61, 2, 100, 6, 2
0, 93, 46, 100, 76, 80, 70, 40, 66, 0, 44, 15, 51, 41, 100, 39, 7
84, 67, 57, 100, 0, 88, 16, 52, 75, 65, 100, 72, 92, 28, 97, 0, 9
38, 100, 14, 71, 0, 42, 54, 51, 100, 58, 64, 70, 49, 35, 45, 0, 4
90, 70, 53, 63, 0, 75, 45, 100, 100, 88, 86, 55, 53, 25, 8, 0, 9
64, 100, 36, 67, 0, 37, 30, 32, 91, 37, 100, 54, 80, 36, 70, 0, 4
0, 80, 25, 100, 61, 89, 51, 57, 28, 28, 0, 2, 50, 0, 100, 1, 2
16, 92, 0, 70, 68, 36, 68, 0, 15, 25, 53, 63, 100, 100, 34, 92, 8
100, 100, 73, 92, 34, 69, 6, 42, 0, 12, 50, 0, 91, 17, 37, 23, 6
64, 99, 24, 99, 62, 80, 74, 100, 100, 62, 92, 18, 48, 0, 0, 9, 9
36, 77, 55, 100, 53, 57, 34, 19, 0, 0, 23, 19, 62, 14, 100, 4, 2
28, 100, 0, 73, 16, 49, 75, 47, 100, 63, 94, 59, 93, 29, 83, 0, 4
4, 99, 50, 100, 100, 97, 65, 57, 37, 12, 16, 0, 0, 39, 55, 45, 7
55, 100, 7, 74, 0, 51, 72, 52, 100, 75, 77, 66, 48, 33, 23, 0, 4
73, 100, 48, 70, 23, 41, 21, 9, 69, 1, 100, 22, 46, 17, 0, 0, 6
42, 94, 1, 70, 0, 26, 44, 0, 92, 22, 100, 66, 64, 100, 17, 84, 0
0, 74, 14, 100, 53, 98, 43, 65, 18, 38, 20, 8, 59, 0, 100, 6, 2
45, 92, 37, 100, 76, 99, 63, 47, 30, 5, 0, 0, 50, 8, 100, 2, 2
68, 77, 77, 100, 100, 87, 65, 66, 81, 44, 98, 21, 52, 7, 0, 0, 3
33, 100, 0, 76, 45, 78, 67, 86, 86, 57, 100, 26, 80, 0, 29, 3, 9
0, 76, 35, 100, 55, 100, 49, 62, 44, 24, 2, 0, 27, 0, 100, 8, 1
0, 100, 64, 100, 100, 70, 88, 32, 57, 0, 96, 30, 82, 43, 16, 44, 7
0, 95, 43, 100, 100, 92, 85, 70, 48, 32, 54, 0, 93, 35, 50, 38, 7
50, 54, 80, 96, 38, 100, 37, 50, 46, 0, 0, 15, 45, 45, 100, 61, 8
100, 86, 90, 100, 49, 71, 16, 38, 15, 0, 68, 4, 53, 37, 0, 27, 6
3, 69, 0, 18, 37, 0, 77, 13, 100, 54, 80, 97, 41, 100, 21, 61, 0
64, 93, 0, 72, 81, 70, 75, 100, 8, 75, 100, 83, 83, 41, 44, 0, 9
0, 90, 53, 100, 86, 75, 75, 38, 66, 0, 93, 4, 100, 33, 42, 40, 7
14, 76, 0, 35, 16, 0, 62, 1, 95, 30, 100, 70, 70, 100, 25, 94, 0
77, 83, 47, 72, 78, 27, 22, 0, 0, 30, 68, 60, 100, 100, 20, 90, 8
58, 85, 14, 54, 35, 2, 100, 58, 65, 100, 21, 48, 60, 64, 0, 0, 0
94, 86, 55, 78, 100, 78, 79, 100, 90, 86, 85, 40, 58, 0, 0, 6, 9
16, 90, 61, 100, 76, 63, 61, 26, 31, 0, 0, 32, 43, 30, 100, 38, 7
55, 97, 40, 61, 55, 24, 8, 0, 0, 33, 10, 80, 43, 100, 100, 96, 5
48, 99, 17, 66, 0, 26, 35, 0, 82, 24, 100, 64, 78, 100, 25, 86, 0
0, 83, 28, 100, 85, 88, 74, 43, 43, 0, 8, 0, 38, 20, 100, 25, 7
0, 81, 16, 59, 74, 39, 65, 0, 8, 6, 4, 50, 33, 88, 100, 100, 5
38, 81, 92, 100, 100, 66, 65, 33, 37, 0, 100, 20, 67, 51, 0, 72, 8
61, 100, 40, 63, 0, 34, 36, 40, 100, 44, 81, 73, 60, 36, 46, 0, 4
39, 100, 24, 70, 0, 40, 49, 38, 100, 40, 75, 65, 52, 34, 43, 0, 4
47, 84, 65, 100, 85, 75, 67, 46, 100, 35, 86, 9, 41, 0, 0, 8, 3
62, 96, 24, 99, 0, 59, 19, 17, 61, 0, 97, 24, 100, 71, 65, 100, 0
0, 99, 28, 100, 65, 95, 100, 89, 95, 66, 72, 43, 50, 18, 45, 0, 7
74, 100, 37, 86, 6, 56, 0, 22, 45, 0, 100, 10, 55, 32, 0, 34, 6
34, 84, 83, 100, 100, 99, 28, 82, 0, 53, 65, 39, 84, 1, 13, 0, 5
35, 91, 4, 68, 0, 25, 42, 0, 89, 25, 100, 67, 63, 100, 13, 83, 0
19, 92, 58, 100, 100, 100, 94, 79, 73, 55, 69, 25, 40, 5, 0, 0, 3
0, 77, 52, 57, 100, 26, 54, 0, 23, 24, 56, 58, 75, 94, 21, 100, 8
66, 76, 34, 100, 5, 76, 43, 39, 44, 0, 0, 17, 45, 50, 100, 76, 8
78, 100, 51, 62, 0, 32, 18, 31, 95, 29, 100, 58, 73, 39, 57, 0, 4
100, 100, 60, 84, 29, 57, 11, 26, 35, 0, 83, 12, 53, 37, 0, 31, 6
0, 48, 17, 64, 53, 84, 93, 100, 100, 79, 85, 53, 72, 26, 68, 0, 1
0, 96, 31, 63, 100, 32, 86, 0, 12, 18, 53, 53, 98, 87, 41, 100, 8
12, 96, 60, 100, 96, 81, 60, 55, 16, 33, 0, 8, 55, 2, 100, 0, 2
0, 34, 55, 65, 89, 100, 82, 58, 82, 17, 39, 1, 9, 0, 100, 1, 1
8, 83, 69, 100, 100, 69, 82, 34, 51, 0, 15, 22, 0, 37, 89, 39, 7
100, 92, 20, 90, 7, 42, 65, 0, 0, 10, 18, 58, 78, 100, 45, 97, 8
31, 88, 68, 100, 60, 86, 76, 68, 100, 44, 78, 18, 39, 6, 0, 0, 3
34, 100, 100, 87, 82, 58, 55, 29, 42, 0, 3, 7, 0, 27, 85, 35, 7
94, 83, 29, 77, 100, 41, 78, 0, 0, 11, 45, 56, 92, 100, 10, 79, 8
23, 63, 42, 100, 63, 65, 39, 22, 0, 0, 13, 20, 56, 18, 100, 21, 2
18, 98, 64, 100, 93, 80, 68, 58, 100, 36, 92, 8, 47, 0, 0, 2, 3
0, 66, 33, 67, 65, 82, 95, 100, 100, 92, 80, 62, 67, 29, 78, 0, 1
100, 100, 62, 86, 43, 56, 42, 25, 71, 0, 91, 23, 51, 40, 0, 34, 6
23, 77, 0, 46, 0, 2, 51, 0, 87, 34, 100, 78, 60, 100, 12, 77, 0
62, 73, 23, 69, 0, 90, 68, 100, 100, 78, 77, 50, 43, 24, 2, 0, 9
85, 100, 38, 76, 0, 42, 82, 41, 100, 61, 78, 95, 75, 47, 71, 0, 4
27, 94, 0, 70, 59, 55, 52, 8, 0, 0, 8, 53, 37, 94, 100, 100, 5
61, 100, 96, 98, 83, 49, 46, 14, 0, 0, 6, 29, 54, 27, 100, 8, 2
0, 49, 27, 64, 65, 84, 100, 100, 83, 75, 62, 50, 46, 25, 33, 0, 1
26, 56, 39, 100, 57, 74, 35, 29, 0, 0, 15, 26, 56, 7, 100, 5, 2
100, 92, 46, 100, 11, 78, 37, 56, 86, 43, 81, 0, 28, 5, 0, 41, 5
5, 73, 48, 68, 100, 100, 27, 88, 0, 59, 76, 71, 72, 42, 53, 0, 9
9, 84, 4, 56, 43, 26, 22, 0, 0, 27, 18, 67, 44, 94, 100, 100, 5
98, 89, 44, 100, 43, 65, 100, 84, 95, 79, 92, 38, 70, 0, 0, 3, 9
0, 45, 32, 65, 67, 82, 100, 100, 75, 76, 51, 51, 28, 26, 9, 0, 1
33, 100, 0, 79, 11, 48, 81, 49, 100, 81, 80, 66, 62, 33, 45, 0, 4
47, 97, 17, 79, 57, 40, 70, 0, 0, 17, 33, 53, 100, 79, 65, 100, 8
0, 90, 33, 100, 48, 60, 50, 16, 39, 0, 15, 26, 58, 34, 100, 42, 7
100, 100, 56, 78, 22, 52, 0, 24, 23, 0, 79, 11, 69, 29, 18, 13, 6
32, 87, 76, 51, 98, 14, 16, 0, 46, 32, 100, 66, 76, 100, 0, 82, 8
21, 71, 0, 33, 22, 0, 72, 10, 100, 44, 93, 84, 47, 100, 1, 82, 0
44, 100, 0, 79, 0, 49, 61, 40, 100, 64, 92, 61, 62, 31, 34, 0, 4
9, 96, 62, 100, 81, 67, 53, 31, 19, 0, 0, 37, 29, 47, 100, 47, 7
0, 100, 56, 97, 82, 65, 74, 31, 39, 0, 3, 5, 23, 34, 100, 43, 7
26, 84, 72, 100, 92, 78, 51, 53, 70, 49, 100, 23, 58, 0, 0, 7, 3
0, 33, 44, 52, 77, 76, 100, 100, 83, 73, 73, 47, 65, 20, 54, 0, 1
0, 91, 47, 70, 62, 100, 43, 78, 91, 70, 100, 30, 68, 0, 29, 12, 9
94, 100, 53, 75, 11, 52, 0, 41, 52, 38, 99, 43, 100, 38, 91, 0, 4
0, 43, 26, 68, 70, 100, 73, 80, 67, 41, 55, 3, 27, 0, 100, 0, 1
48, 63, 42, 100, 94, 99, 94, 62, 90, 54, 100, 19, 51, 0, 0, 11, 3
71, 96, 32, 100, 0, 58, 5, 15, 71, 1, 100, 42, 30, 41, 10, 0, 6
0, 98, 34, 100, 53, 78, 47, 47, 72, 26, 100, 8, 68, 0, 36, 8, 3
16, 100, 0, 72, 17, 48, 61, 46, 100, 48, 93, 58, 81, 29, 71, 0, 4
0, 45, 19, 64, 59, 83, 100, 100, 89, 77, 67, 51, 46, 25, 26, 0, 1
100, 100, 57, 91, 22, 62, 0, 31, 18, 1, 100, 0, 85, 22, 10, 7, 6
25, 88, 98, 100, 95, 66, 65, 33, 75, 0, 5, 22, 0, 37, 100, 39, 7
46, 100, 31, 95, 8, 69, 0, 41, 56, 39, 100, 50, 65, 26, 54, 0, 4
0, 59, 36, 64, 69, 82, 99, 100, 100, 78, 92, 51, 84, 25, 76, 0, 1
46, 90, 77, 100, 100, 76, 70, 50, 92, 36, 93, 8, 47, 0, 0, 6, 3
0, 91, 40, 100, 100, 100, 91, 61, 77, 21, 62, 0, 29, 35, 81, 44, 7
8, 96, 0, 50, 12, 6, 58, 0, 96, 28, 100, 71, 59, 95, 11, 100, 0
0, 63, 42, 81, 95, 100, 79, 81, 63, 60, 63, 40, 74, 20, 100, 0, 1
39, 79, 73, 100, 99, 79, 73, 50, 100, 32, 87, 5, 42, 0, 0, 12, 3
11, 87, 20, 53, 95, 53, 100, 12, 29, 0, 0, 42, 0, 86, 71, 100, 5
0, 79, 25, 100, 49, 80, 27, 48, 0, 19, 24, 1, 62, 0, 100, 2, 2
98, 100, 64, 86, 38, 54, 31, 20, 72, 0, 100, 26, 51, 39, 0, 24, 6
51, 77, 68, 100, 100, 86, 75, 60, 82, 37, 84, 8, 42, 0, 0, 8, 3
3, 65, 37, 55, 100, 81, 54, 100, 0, 75, 85, 68, 69, 34, 58, 0, 9
100, 100, 58, 78, 25, 53, 8, 24, 31, 0, 82, 13, 45, 31, 0, 14, 6
54, 89, 17, 61, 0, 19, 38, 0, 81, 21, 100, 63, 77, 100, 32, 89, 0
0, 39, 4, 57, 51, 79, 100, 100, 96, 81, 68, 54, 40, 27, 15, 0, 1
67, 93, 100, 100, 88, 77, 59, 56, 87, 34, 92, 9, 46, 0, 0, 4, 3
5, 67, 30, 100, 60, 78, 41, 39, 5, 10, 0, 20, 49, 6, 100, 0, 2
100, 95, 46, 100, 9, 71, 0, 37, 21, 3, 80, 0, 67, 29, 3, 31, 6
1, 100, 47, 96, 52, 60, 46, 24, 40, 0, 0, 26, 41, 37, 100, 41, 7
0, 84, 47, 100, 100, 98, 75, 76, 50, 55, 92, 35, 77, 9, 25, 0, 3
43, 78, 68, 100, 100, 85, 82, 58, 76, 37, 78, 14, 36, 0, 0, 10, 3
25, 79, 57, 100, 85, 78, 56, 45, 84, 42, 100, 11, 52, 0, 0, 2, 3
0, 25, 26, 48, 66, 73, 100, 100, 96, 93, 72, 62, 48, 31, 31, 0, 1
0, 84, 46, 86, 91, 100, 100, 94, 85, 70, 72, 45, 61, 20, 62, 0, 1
59, 100, 20, 78, 0, 46, 8, 13, 66, 0, 100, 23, 46, 36, 14, 14, 6
59, 100, 19, 92, 0, 49, 15, 5, 60, 0, 97, 28, 100, 74, 61, 96, 0
100, 90, 64, 100, 45, 68, 81, 70, 85, 61, 81, 27, 52, 0, 0, 9, 9
24, 88, 58, 100, 56, 70, 30, 41, 0, 17, 12, 0, 56, 2, 100, 3, 2
17, 60, 46, 80, 100, 100, 89, 89, 60, 67, 34, 45, 17, 22, 0, 0, 1
45, 93, 9, 78, 72, 76, 47, 100, 55, 79, 100, 46, 67, 8, 0, 0, 9
5, 73, 0, 27, 38, 0, 81, 12, 100, 58, 78, 100, 31, 99, 10, 57, 0
65, 86, 79, 100, 35, 69, 0, 39, 72, 34, 100, 66, 61, 35, 32, 0, 4
5, 73, 25, 99, 75, 100, 63, 70, 80, 40, 100, 9, 51, 0, 0, 4, 3
58, 100, 24, 89, 0, 50, 100, 55, 97, 70, 55, 94, 52, 47, 53, 0, 4
41, 100, 5, 70, 0, 21, 39, 0, 83, 22, 100, 66, 57, 89, 11, 75, 0
5, 42, 0, 7, 44, 0, 87, 15, 100, 64, 68, 100, 25, 93, 20, 48, 0
70, 94, 98, 100, 100, 79, 70, 61, 75, 35, 62, 12, 26, 0, 0, 0, 3
0, 66, 43, 100, 49, 89, 19, 42, 48, 10, 100, 5, 38, 1, 3, 0, 1
12, 57, 50, 84, 83, 100, 66, 58, 49, 16, 0, 5, 39, 5, 100, 0, 1
78, 100, 60, 77, 100, 93, 54, 84, 66, 59, 86, 34, 70, 9, 0, 0, 9
47, 80, 57, 100, 100, 90, 70, 63, 93, 34, 74, 5, 28, 0, 0, 25, 3
26, 89, 13, 44, 29, 1, 72, 0, 100, 36, 85, 79, 45, 100, 0, 92, 0
70, 100, 17, 88, 36, 66, 89, 90, 88, 78, 100, 42, 68, 9, 0, 0, 9
0, 42, 29, 68, 63, 100, 56, 84, 41, 49, 31, 14, 26, 0, 100, 11, 1
53, 92, 99, 100, 100, 74, 61, 53, 83, 39, 95, 13, 48, 0, 0, 6, 3
13, 65, 73, 34, 94, 0, 0, 0, 27, 34, 82, 65, 100, 100, 27, 77, 8
0, 64, 49, 89, 73, 100, 65, 55, 62, 9, 8, 2, 23, 0, 100, 5, 1
35, 100, 79, 98, 70, 58, 40, 25, 0, 0, 4, 17, 53, 19, 100, 2, 2
33, 70, 68, 100, 68, 78, 61, 36, 42, 5, 0, 2, 50, 2, 100, 0, 1
0, 71, 64, 52, 100, 16, 34, 0, 21, 36, 69, 68, 80, 100, 8, 93, 8
2, 79, 48, 100, 77, 83, 60, 53, 100, 28, 83, 0, 23, 1, 0, 30, 3
76, 56, 75, 100, 0, 90, 35, 53, 95, 21, 47, 0, 57, 44, 100, 85, 8
100, 100, 53, 98, 28, 77, 34, 57, 79, 53, 76, 24, 39, 4, 0, 0, 5
11, 100, 0, 74, 43, 56, 100, 56, 88, 83, 87, 55, 84, 27, 87, 0, 4
9, 96, 72, 100, 96, 77, 41, 59, 57, 46, 100, 23, 68, 0, 0, 5, 3
69, 65, 10, 59, 0, 88, 54, 100, 100, 80, 94, 49, 61, 22, 14, 0, 9
100, 100, 67, 92, 37, 69, 13, 43, 0, 14, 30, 0, 51, 21, 11, 20, 6
0, 90, 48, 100, 100, 95, 82, 64, 56, 32, 42, 0, 17, 24, 70, 26, 7
64, 100, 38, 67, 2, 38, 0, 28, 62, 32, 100, 53, 88, 34, 79, 0, 4
7, 71, 42, 100, 70, 71, 45, 31, 5, 3, 0, 10, 50, 8, 100, 0, 2
11, 100, 12, 69, 60, 44, 38, 0, 4, 29, 0, 79, 35, 99, 100, 99, 5
43, 100, 12, 76, 0, 47, 57, 36, 100, 48, 93, 64, 89, 31, 88, 0, 4
66, 100, 35, 69, 23, 33, 43, 0, 98, 1, 100, 32, 43, 37, 0, 18, 6
28, 94, 42, 57, 42, 18, 2, 0, 0, 37, 16, 78, 56, 95, 100, 100, 5
41, 94, 71, 72, 95, 33, 34, 0, 0, 27, 51, 63, 100, 100, 41, 94, 8
22, 94, 0, 92, 27, 100, 100, 99, 68, 51, 48, 0, 24, 24, 94, 36, 7
78, 100, 41, 73, 0, 48, 35, 37, 100, 40, 83, 59, 56, 30, 37, 0, 4
11, 82, 45, 100, 93, 91, 77, 64, 82, 40, 100, 14, 53, 3, 0, 0, 3
100, 100, 54, 84, 18, 59, 0, 29, 21, 1, 75, 0, 92, 27, 51, 48, 6
0, 97, 73, 100, 76, 73, 64, 36, 62, 0, 38, 15, 3, 41, 100, 42, 7
24, 96, 84, 99, 100, 100, 25, 93, 28, 57, 93, 36, 73, 0, 0, 1, 5
95, 100, 16, 90, 0, 62, 84, 68, 100, 90, 80, 59, 56, 29, 58, 0, 9
0, 72, 22, 100, 51, 80, 31, 49, 0, 21, 4, 9, 54, 13, 100, 0, 2
0, 52, 39, 67, 80, 88, 100, 100, 82, 76, 69, 51, 59, 25, 51, 0, 1
15, 77, 42, 100, 76, 87, 41, 62, 93, 56, 100, 29, 58, 7, 0, 0, 3
0, 51, 21, 56, 62, 78, 100, 100, 77, 79, 52, 53, 32, 26, 24, 0, 1
70, 97, 28, 78, 65, 53, 57, 9, 0, 0, 13, 42, 51, 86, 100, 100, 5
43, 75, 0, 60, 11, 13, 60, 0, 100, 28, 85, 76, 41, 100, 1, 73, 0
23, 59, 26, 100, 64, 98, 58, 57, 33, 20, 0, 0, 50, 10, 100, 5, 2
81, 99, 44, 100, 43, 78, 93, 94, 100, 62, 98, 24, 58, 0, 0, 5, 9
25, 90, 0, 48, 13, 0, 79, 13, 100, 61, 60, 100, 3, 73, 10, 29, 0
0, 77, 38, 58, 75, 30, 72, 0, 45, 28, 21, 60, 36, 91, 100, 100, 5
97, 82, 59, 100, 18, 69, 0, 22, 42, 0, 93, 15, 100, 60, 57, 89, 0
0, 57, 33, 74, 79, 94, 100, 100, 81, 75, 65, 50, 53, 25, 51, 0, 1
0, 40, 32, 59, 71, 82, 100, 100, 85, 75, 71, 50, 64, 25, 75, 0, 1
0, 37, 50, 49, 80, 74, 100, 100, 96, 76, 86, 50, 70, 23, 59, 0, 1
11, 66, 43, 39, 40, 5, 1, 0, 0, 44, 22, 73, 61, 88, 100, 100, 5
0, 60, 49, 78, 97, 100, 100, 94, 92, 71, 77, 47, 59, 23, 33, 0, 1
30, 79, 72, 100, 95, 71, 59, 40, 100, 31, 84, 0, 27, 4, 0, 27, 3
31, 100, 2, 66, 0, 27, 34, 0, 78, 20, 100, 58, 83, 95, 33, 98, 0
27, 82, 52, 100, 62, 72, 32, 45, 0, 20, 11, 0, 55, 2, 100, 6, 2
56, 89, 55, 63, 100, 29, 53, 0, 52, 33, 93, 68, 82, 100, 0, 84, 8
2, 91, 86, 100, 98, 67, 61, 33, 19, 0, 0, 19, 8, 43, 100, 40, 7
0, 70, 36, 91, 58, 100, 54, 51, 46, 4, 9, 0, 54, 0, 100, 2, 1
11, 82, 59, 100, 83, 74, 41, 50, 67, 45, 100, 20, 60, 0, 0, 11, 3
0, 55, 41, 76, 63, 100, 69, 92, 71, 68, 78, 43, 88, 18, 100, 0, 1
42, 79, 45, 100, 79, 86, 60, 46, 29, 12, 0, 6, 50, 10, 100, 0, 2
65, 94, 100, 100, 82, 83, 71, 67, 41, 50, 18, 33, 6, 17, 0, 0, 1
22, 86, 62, 100, 83, 81, 61, 61, 100, 43, 88, 14, 45, 2, 0, 0, 3
44, 100, 15, 65, 0, 20, 35, 0, 78, 25, 100, 65, 65, 95, 21, 75, 0
100, 88, 52, 70, 0, 62, 25, 94, 76, 100, 76, 63, 50, 28, 31, 0, 9
0, 98, 67, 100, 100, 72, 88, 36, 72, 0, 54, 0, 19, 31, 87, 32, 7
20, 76, 54, 100, 88, 82, 61, 53, 20, 28, 0, 19, 59, 21, 100, 0, 2
51, 100, 25, 74, 0, 47, 57, 42, 100, 46, 80, 72, 70, 35, 56, 0, 4
68, 100, 11, 89, 59, 45, 61, 0, 0, 17, 65, 55, 100, 100, 18, 98, 8
22, 90, 5, 55, 68, 52, 76, 9, 4, 0, 0, 43, 17, 87, 100, 100, 5
13, 93, 16, 100, 0, 60, 54, 42, 100, 43, 89, 79, 59, 41, 45, 0, 4
59, 77, 15, 63, 88, 31, 47, 0, 14, 26, 66, 62, 100, 100, 0, 99, 8
16, 67, 35, 100, 50, 70, 36, 34, 15, 0, 0, 21, 48, 20, 100, 9, 2
22, 79, 78, 63, 100, 100, 20, 96, 74, 76, 100, 49, 87, 6, 0, 0, 9
12, 73, 22, 100, 72, 80, 26, 54, 56, 47, 100, 20, 50, 0, 0, 18, 3
0, 69, 38, 86, 62, 100, 52, 53, 57, 5, 100, 3, 51, 3, 11, 0, 1
93, 100, 52, 91, 23, 57, 11, 20, 60, 0, 100, 29, 41, 30, 0, 0, 6
100, 100, 0, 87, 0, 73, 17, 58, 33, 44, 33, 29, 50, 15, 67, 0, 1
56, 91, 35, 57, 100, 97, 23, 100, 50, 58, 99, 88, 75, 32, 0, 0, 9
33, 63, 69, 82, 100, 100, 78, 78, 71, 54, 69, 29, 57, 6, 0, 0, 1
100, 100, 54, 90, 22, 61, 0, 31, 3, 0, 58, 6, 62, 35, 4, 33, 6
100, 100, 73, 94, 48, 66, 30, 35, 35, 2, 74, 0, 44, 15, 0, 14, 6
100, 85, 73, 84, 3, 63, 8, 91, 82, 100, 79, 65, 36, 32, 0, 0, 9
46, 90, 100, 99, 100, 100, 46, 94, 12, 69, 53, 40, 50, 6, 0, 0, 5
14, 71, 29, 100, 66, 76, 50, 35, 11, 7, 0, 15, 50, 8, 100, 0, 2
47, 100, 21, 78, 0, 42, 26, 8, 94, 4, 100, 32, 34, 28, 28, 0, 6
0, 67, 39, 83, 80, 100, 100, 93, 96, 70, 93, 46, 91, 23, 89, 0, 1
43, 62, 33, 100, 79, 92, 74, 47, 39, 14, 0, 0, 49, 10, 100, 8, 2
0, 95, 62, 100, 96, 71, 58, 36, 31, 0, 100, 20, 94, 38, 1, 42, 7
44, 79, 19, 60, 6, 14, 55, 0, 100, 34, 92, 79, 35, 100, 0, 69, 0
82, 62, 85, 100, 28, 91, 48, 54, 99, 74, 100, 35, 66, 0, 0, 2, 9
57, 100, 100, 100, 53, 91, 22, 66, 67, 48, 91, 20, 50, 0, 0, 8, 5
69, 72, 100, 100, 35, 91, 0, 57, 59, 60, 100, 61, 71, 25, 18, 0, 9
55, 100, 16, 79, 0, 39, 5, 0, 61, 1, 100, 31, 67, 61, 5, 67, 0
60, 91, 0, 85, 19, 37, 82, 27, 31, 0, 3, 30, 40, 74, 100, 100, 5
26, 79, 0, 49, 14, 0, 74, 15, 100, 61, 62, 100, 9, 77, 1, 26, 0
55, 100, 22, 77, 2, 47, 0, 16, 46, 0, 100, 10, 80, 30, 31, 16, 6
62, 95, 12, 76, 74, 39, 100, 0, 21, 6, 30, 57, 65, 100, 0, 66, 8
14, 63, 1, 32, 34, 0, 78, 4, 100, 47, 79, 92, 37, 100, 0, 71, 0
62, 77, 24, 100, 1, 71, 41, 36, 50, 0, 0, 22, 42, 55, 100, 74, 8
51, 100, 24, 83, 6, 54, 0, 25, 31, 0, 100, 15, 57, 32, 10, 11, 6
44, 97, 13, 100, 56, 87, 61, 95, 92, 58, 100, 14, 53, 0, 0, 4, 9
44, 82, 42, 51, 100, 77, 47, 100, 0, 81, 74, 69, 54, 35, 36, 0, 9
40, 100, 21, 89, 0, 55, 10, 18, 55, 0, 100, 15, 56, 27, 26, 1, 6
54, 86, 84, 100, 100, 79, 71, 59, 56, 34, 62, 9, 22, 0, 0, 15, 3
71, 95, 25, 88, 0, 43, 15, 0, 64, 11, 100, 50, 87, 95, 38, 100, 0
69, 100, 27, 79, 3, 51, 8, 21, 51, 0, 100, 3, 56, 22, 0, 28, 6
25, 67, 15, 26, 57, 0, 100, 34, 95, 74, 42, 100, 0, 67, 1, 26, 0
0, 89, 23, 100, 79, 94, 73, 48, 51, 2, 31, 0, 42, 31, 100, 30, 7
30, 100, 0, 60, 1, 16, 49, 0, 93, 28, 100, 72, 56, 99, 1, 90, 0
26, 71, 52, 100, 76, 76, 50, 40, 12, 11, 0, 0, 50, 2, 100, 5, 2
77, 100, 31, 73, 0, 50, 68, 51, 100, 56, 69, 82, 46, 41, 23, 0, 4
0, 18, 39, 59, 82, 100, 34, 100, 34, 62, 100, 36, 68, 0, 14, 19, 8
0, 100, 21, 73, 50, 52, 84, 67, 100, 100, 89, 69, 88, 35, 86, 0, 4
28, 81, 60, 100, 100, 85, 81, 57, 95, 39, 91, 12, 44, 0, 0, 11, 3
13, 100, 0, 98, 8, 57, 80, 54, 100, 66, 71, 95, 48, 48, 34, 0, 4
34, 78, 39, 53, 100, 24, 49, 0, 44, 35, 77, 70, 76, 100, 0, 80, 8
3, 74, 21, 100, 26, 66, 10, 32, 0, 0, 34, 0, 67, 6, 100, 6, 2
78, 70, 100, 100, 53, 91, 59, 75, 92, 86, 63, 57, 32, 28, 0, 0, 9
100, 100, 76, 77, 55, 54, 35, 29, 31, 2, 67, 0, 41, 18, 0, 22, 6
16, 100, 0, 71, 12, 37, 69, 27, 100, 34, 75, 71, 57, 40, 39, 0, 4
38, 91, 78, 100, 100, 74, 68, 55, 82, 46, 88, 13, 45, 0, 0, 5, 3
19, 90, 4, 44, 24, 0, 75, 12, 100, 55, 82, 99, 30, 100, 0, 60, 0
24, 95, 3, 55, 28, 15, 74, 0, 100, 35, 84, 80, 41, 100, 0, 78, 0
53, 97, 31, 66, 44, 20, 9, 0, 0, 41, 54, 67, 100, 95, 37, 100, 8
55, 100, 43, 41, 100, 42, 61, 96, 45, 43, 10, 0, 98, 20, 0, 27, 8
0, 63, 21, 63, 63, 80, 99, 100, 100, 80, 99, 52, 99, 24, 96, 0, 1
0, 94, 47, 100, 99, 92, 100, 60, 75, 30, 52, 0, 22, 28, 67, 39, 7
0, 63, 29, 83, 67, 100, 100, 97, 84, 72, 61, 48, 40, 23, 19, 0, 1
30, 85, 9, 64, 38, 30, 7, 0, 0, 24, 14, 64, 51, 89, 100, 100, 5
100, 100, 41, 92, 20, 60, 38, 24, 0, 0, 0, 24, 47, 48, 97, 71, 8
20, 100, 18, 81, 3, 50, 0, 30, 61, 29, 100, 45, 87, 26, 86, 0, 4
0, 100, 56, 96, 100, 77, 73, 43, 45, 10, 53, 0, 85, 31, 30, 33, 7
99, 100, 76, 84, 40, 56, 14, 24, 46, 0, 100, 13, 57, 31, 0, 23, 6
50, 100, 20, 60, 32, 13, 84, 0, 100, 45, 79, 90, 25, 98, 0, 56, 0
0, 100, 62, 89, 71, 59, 54, 29, 40, 0, 2, 20, 5, 42, 100, 49, 7
25, 85, 68, 51, 91, 13, 16, 0, 50, 33, 100, 65, 79, 100, 0, 89, 8
72, 94, 25, 100, 26, 71, 25, 36, 72, 44, 100, 18, 55, 0, 0, 2, 5
100, 100, 62, 90, 56, 75, 38, 60, 25, 45, 12, 30, 0, 15, 0, 0, 1
69, 45, 100, 75, 66, 100, 9, 82, 0, 48, 65, 53, 98, 38, 87, 0, 9
88, 81, 43, 100, 31, 74, 86, 69, 100, 57, 86, 17, 38, 0, 0, 7, 9
20, 72, 51, 100, 60, 69, 40, 35, 12, 4, 0, 12, 49, 9, 100, 0, 2
28, 97, 2, 70, 47, 39, 61, 0, 24, 24, 0, 67, 39, 94, 100, 100, 5
0, 36, 29, 54, 67, 76, 100, 100, 80, 76, 58, 50, 36, 25, 18, 0, 1
18, 84, 15, 44, 39, 4, 83, 0, 100, 43, 83, 84, 37, 100, 0, 71, 0
29, 100, 49, 61, 97, 83, 41, 95, 73, 51, 100, 39, 60, 0, 0, 18, 9
100, 66, 48, 75, 12, 43, 0, 5, 47, 0, 89, 25, 86, 64, 61, 100, 0
100, 100, 21, 84, 41, 44, 79, 6, 0, 0, 33, 39, 80, 76, 49, 97, 8
0, 100, 7, 91, 4, 70, 7, 47, 30, 31, 74, 41, 80, 20, 100, 0, 4
13, 100, 0, 71, 37, 50, 100, 56, 90, 76, 80, 61, 81, 30, 88, 0, 4
35, 78, 92, 100, 100, 96, 85, 68, 88, 40, 79, 13, 0, 0, 27, 4, 1
33, 45, 75, 70, 79, 100, 72, 44, 100, 10, 94, 9, 37, 8, 0, 0, 1
0, 27, 33, 50, 76, 74, 90, 100, 81, 80, 76, 53, 79, 26, 100, 0, 1
0, 55, 30, 67, 66, 82, 100, 100, 81, 82, 61, 56, 46, 28, 39, 0, 1
69, 100, 26, 88, 70, 76, 72, 81, 88, 49, 100, 17, 56, 0, 0, 4, 9
0, 0, 45, 14, 85, 34, 100, 60, 88, 88, 43, 100, 37, 76, 88, 65, 9
6, 93, 75, 100, 100, 86, 63, 58, 28, 29, 0, 0, 10, 27, 52, 40, 7
13, 71, 51, 100, 100, 78, 57, 39, 15, 0, 79, 8, 25, 44, 0, 82, 8
24, 97, 28, 66, 80, 41, 71, 0, 0, 9, 7, 51, 26, 92, 100, 100, 5
28, 92, 12, 44, 35, 0, 83, 11, 100, 57, 72, 100, 25, 95, 0, 52, 0
0, 100, 62, 99, 100, 92, 66, 61, 43, 25, 21, 0, 11, 34, 73, 37, 7
0, 82, 38, 100, 62, 95, 31, 75, 23, 57, 23, 37, 46, 18, 100, 0, 1
46, 100, 12, 72, 0, 38, 14, 5, 63, 0, 100, 25, 54, 42, 1, 33, 6
0, 77, 20, 100, 50, 86, 34, 51, 6, 23, 20, 7, 60, 4, 100, 0, 2
16, 100, 0, 63, 61, 63, 100, 25, 46, 0, 19, 44, 29, 90, 98, 100, 5
8, 90, 4, 58, 66, 36, 44, 0, 2, 19, 0, 63, 25, 99, 100, 100, 5
42, 78, 56, 78, 100, 38, 50, 0, 8, 20, 58, 60, 94, 100, 0, 89, 8
8, 97, 74, 100, 100, 79, 71, 40, 38, 3, 5, 0, 0, 28, 68, 31, 7
100, 100, 19, 93, 0, 53, 27, 11, 1, 0, 29, 41, 79, 77, 54, 96, 8
47, 96, 35, 62, 44, 18, 5, 0, 0, 29, 18, 71, 56, 91, 100, 100, 5
40, 92, 74, 99, 100, 100, 66, 92, 33, 80, 30, 39, 32, 0, 0, 0, 5
70, 96, 20, 74, 0, 34, 28, 0, 80, 23, 100, 63, 82, 100, 26, 80, 0
0, 52, 20, 83, 56, 100, 79, 84, 58, 52, 36, 20, 59, 1, 100, 0, 2
100, 72, 75, 100, 43, 80, 82, 78, 92, 53, 88, 17, 47, 0, 0, 7, 9
57, 90, 0, 88, 46, 52, 100, 19, 39, 0, 33, 37, 69, 75, 39, 100, 8
23, 74, 29, 26, 66, 0, 100, 27, 99, 74, 64, 100, 26, 73, 0, 33, 0
100, 100, 74, 86, 47, 61, 23, 32, 14, 0, 50, 1, 38, 25, 0, 26, 6
6, 74, 37, 58, 100, 45, 91, 2, 26, 0, 0, 46, 20, 85, 85, 100, 5
5, 89, 0, 54, 40, 35, 45, 0, 11, 22, 9, 70, 44, 96, 100, 100, 5
0, 72, 54, 82, 96, 100, 100, 88, 85, 66, 69, 44, 54, 22, 42, 0, 1
41, 89, 75, 99, 100, 100, 83, 79, 59, 59, 35, 39, 10, 19, 0, 0, 1
67, 93, 40, 100, 68, 76, 76, 92, 100, 55, 94, 13, 49, 0, 0, 6, 9
53, 93, 0, 88, 58, 59, 49, 100, 44, 70, 100, 41, 58, 0, 0, 16, 9
0, 82, 41, 100, 95, 92, 83, 62, 73, 50, 100, 21, 59, 0, 5, 9, 3
0, 54, 35, 70, 88, 93, 100, 100, 71, 75, 45, 50, 27, 25, 25, 0, 1
39, 96, 79, 100, 93, 79, 67, 57, 100, 38, 88, 13, 46, 0, 0, 2, 3
0, 99, 81, 100, 93, 75, 65, 38, 40, 0, 24, 0, 15, 30, 100, 32, 7
50, 98, 12, 61, 55, 37, 17, 0, 0, 25, 1, 73, 35, 100, 100, 98, 5
90, 100, 0, 96, 8, 65, 83, 83, 100, 96, 85, 64, 75, 32, 81, 0, 9
0, 65, 24, 95, 56, 100, 54, 59, 34, 23, 33, 0, 66, 4, 100, 5, 2
4, 75, 55, 68, 100, 95, 46, 100, 0, 72, 51, 64, 62, 43, 35, 0, 9
0, 86, 28, 100, 47, 71, 23, 33, 14, 0, 0, 39, 48, 47, 100, 52, 7
6, 97, 65, 100, 100, 82, 70, 56, 42, 28, 27, 0, 0, 27, 47, 38, 7
0, 53, 39, 62, 72, 80, 100, 100, 93, 77, 82, 51, 73, 25, 68, 0, 1
50, 65, 81, 100, 76, 77, 61, 31, 40, 0, 0, 11, 50, 10, 100, 13, 1
0, 71, 39, 79, 82, 100, 100, 95, 93, 71, 87, 46, 75, 22, 84, 0, 1
4, 98, 6, 73, 96, 100, 16, 97, 0, 72, 100, 89, 51, 43, 13, 0, 9
93, 75, 80, 100, 0, 74, 51, 38, 96, 4, 6, 0, 32, 43, 100, 79, 8
9, 70, 32, 100, 59, 78, 36, 43, 0, 15, 6, 10, 52, 1, 100, 0, 2
15, 100, 0, 58, 9, 14, 47, 0, 84, 16, 100, 57, 77, 92, 38, 95, 0
32, 82, 73, 100, 100, 92, 66, 66, 76, 44, 92, 18, 48, 3, 0, 0, 3
0, 81, 44, 100, 100, 86, 79, 45, 49, 5, 29, 0, 26, 34, 90, 32, 7
34, 100, 21, 73, 0, 44, 79, 40, 97, 62, 100, 54, 86, 22, 79, 0, 4
47, 100, 77, 100, 72, 55, 42, 19, 0, 0, 5, 12, 52, 7, 100, 0, 2
0, 68, 16, 97, 56, 100, 62, 66, 43, 33, 23, 2, 61, 0, 100, 0, 2
28, 85, 11, 63, 82, 37, 88, 0, 9, 1, 0, 46, 16, 88, 100, 100, 5
100, 100, 66, 92, 26, 63, 0, 27, 27, 0, 76, 16, 56, 50, 5, 46, 6
0, 86, 45, 100, 95, 93, 75, 69, 95, 39, 100, 7, 50, 0, 1, 12, 3
61, 100, 0, 70, 54, 38, 100, 5, 13, 0, 34, 36, 87, 71, 36, 84, 8
0, 98, 42, 100, 65, 64, 47, 23, 21, 0, 3, 40, 51, 46, 100, 49, 7
0, 75, 14, 31, 47, 0, 89, 10, 100, 54, 76, 93, 35, 100, 13, 62, 0
100, 99, 45, 100, 22, 65, 69, 74, 88, 88, 86, 44, 58, 6, 0, 0, 9
100, 100, 51, 87, 18, 60, 0, 29, 20, 0, 71, 2, 58, 28, 8, 17, 6
20, 62, 15, 17, 58, 0, 99, 20, 100, 65, 69, 100, 23, 98, 0, 60, 0
3, 100, 6, 83, 0, 51, 34, 29, 100, 29, 74, 50, 54, 32, 47, 0, 4
0, 92, 53, 100, 78, 70, 61, 34, 39, 0, 6, 29, 43, 39, 100, 30, 7
0, 87, 31, 100, 59, 74, 57, 33, 44, 0, 27, 37, 57, 47, 100, 49, 7
100, 100, 61, 82, 29, 57, 8, 29, 22, 0, 66, 3, 45, 20, 0, 15, 6
9, 92, 93, 100, 100, 76, 67, 38, 36, 0, 0, 6, 0, 32, 88, 37, 7
0, 94, 61, 100, 96, 73, 79, 36, 68, 0, 100, 32, 88, 54, 17, 52, 7
32, 81, 62, 100, 65, 76, 39, 52, 10, 28, 0, 2, 50, 0, 100, 3, 2
24, 100, 9, 84, 0, 60, 41, 43, 100, 53, 76, 47, 72, 23, 80, 0, 4
30, 63, 45, 100, 48, 99, 46, 59, 38, 19, 0, 0, 47, 1, 100, 3, 1
0, 91, 40, 100, 65, 69, 62, 29, 48, 0, 16, 31, 51, 40, 100, 48, 7
93, 95, 40, 98, 9, 62, 0, 21, 47, 0, 100, 22, 99, 63, 69, 100, 0
0, 80, 23, 100, 57, 99, 66, 70, 52, 41, 38, 12, 65, 0, 100, 0, 2
9, 93, 41, 100, 59, 59, 41, 16, 11, 0, 0, 37, 50, 34, 100, 25, 7
0, 100, 7, 77, 10, 45, 66, 34, 100, 57, 96, 63, 79, 31, 75, 0, 4
5, 80, 37, 100, 58, 73, 34, 37, 0, 8, 5, 0, 52, 2, 100, 7, 2
56, 100, 6, 76, 0, 55, 78, 62, 100, 84, 68, 57, 44, 29, 32, 0, 4
56, 95, 42, 62, 38, 17, 0, 0, 27, 38, 64, 69, 100, 100, 53, 94, 8
0, 92, 46, 100, 90, 89, 52, 67, 89, 44, 100, 16, 53, 4, 3, 0, 3
0, 60, 17, 92, 25, 100, 29, 63, 34, 26, 15, 0, 55, 3, 100, 5, 1
0, 72, 0, 77, 23, 64, 73, 37, 25, 0, 9, 62, 33, 100, 100, 100, 5
0, 96, 47, 95, 100, 100, 71, 73, 52, 37, 41, 0, 26, 20, 52, 33, 7
31, 70, 0, 84, 16, 37, 52, 0, 100, 19, 99, 66, 60, 100, 6, 94, 0
0, 82, 35, 100, 68, 81, 72, 39, 57, 0, 26, 23, 61, 40, 100, 52, 7
82, 100, 33, 82, 12, 51, 18, 18, 65, 0, 100, 20, 42, 30, 0, 9, 6
26, 88, 54, 100, 100, 89, 94, 59, 95, 35, 77, 6, 30, 0, 0, 12, 3
35, 100, 9, 71, 0, 26, 41, 0, 93, 11, 100, 53, 63, 87, 11, 100, 0
21, 100, 15, 75, 0, 44, 36, 33, 100, 35, 69, 44, 40, 32, 50, 0, 4
33, 79, 83, 99, 100, 100, 47, 84, 0, 62, 22, 38, 53, 14, 1, 0, 5
0, 83, 38, 100, 79, 90, 77, 47, 74, 4, 62, 0, 54, 32, 100, 39, 7
24, 100, 0, 78, 2, 45, 80, 45, 100, 75, 72, 71, 37, 36, 8, 0, 4
15, 88, 22, 69, 86, 46, 68, 0, 0, 6, 4, 62, 25, 94, 100, 100, 5
0, 77, 40, 95, 87, 100, 100, 73, 71, 47, 34, 25, 17, 0, 67, 1, 2
66, 72, 27, 100, 0, 75, 45, 39, 63, 0, 11, 24, 50, 61, 100, 87, 8
73, 100, 47, 86, 18, 58, 0, 29, 8, 0, 77, 4, 100, 29, 29, 29, 6
30, 99, 0, 60, 61, 43, 52, 0, 15, 4, 15, 53, 35, 94, 100, 100, 5
0, 71, 35, 74, 75, 94, 100, 100, 89, 73, 77, 46, 72, 18, 57, 0, 1
42, 76, 74, 43, 100, 76, 42, 100, 66, 72, 100, 38, 71, 1, 0, 0, 9
74, 100, 39, 73, 0, 48, 52, 46, 100, 48, 77, 83, 63, 41, 47, 0, 4
0, 73, 30, 100, 74, 97, 69, 58, 53, 20, 54, 0, 53, 32, 100, 38, 7
0, 61, 36, 72, 74, 91, 100, 100, 95, 73, 87, 46, 77, 19, 68, 0, 1
54, 87, 100, 100, 72, 96, 31, 76, 30, 45, 79, 42, 47, 14, 0, 0, 5
0, 90, 40, 100, 66, 78, 44, 48, 10, 24, 4, 0, 52, 0, 100, 2, 2
0, 63, 23, 93, 78, 100, 89, 69, 54, 41, 11, 16, 41, 4, 100, 0, 2
52, 83, 74, 100, 74, 63, 54, 28, 17, 0, 0, 16, 50, 22, 100, 5, 2
2, 91, 48, 100, 68, 69, 52, 34, 37, 0, 0, 24, 43, 34, 100, 31, 7
0, 82, 24, 100, 53, 84, 46, 51, 25, 23, 32, 0, 66, 1, 100, 4, 2
0, 91, 52, 100, 92, 84, 73, 43, 62, 0, 42, 0, 45, 23, 100, 28, 7
20, 92, 10, 51, 68, 47, 45, 0, 2, 9, 0, 67, 39, 97, 100, 100, 5
18, 95, 0, 56, 2, 13, 41, 0, 79, 24, 100, 62, 84, 99, 40, 100, 0
15, 95, 0, 55, 2, 15, 48, 0, 92, 28, 100, 68, 63, 100, 6, 98, 0
100, 100, 45, 85, 12, 55, 0, 20, 45, 0, 94, 20, 59, 45, 3, 31, 6
100, 95, 87, 100, 49, 76, 17, 47, 0, 14, 40, 0, 66, 25, 19, 25, 6
100, 100, 56, 88, 64, 67, 91, 96, 93, 60, 79, 24, 43, 0, 0, 11, 9
38, 42, 96, 71, 100, 100, 32, 77, 43, 38, 62, 0, 0, 5, 49, 39, 8
0, 93, 34, 100, 59, 75, 45, 36, 22, 0, 19, 31, 53, 46, 100, 50, 7
21, 91, 59, 100, 62, 66, 34, 36, 0, 11, 19, 13, 59, 0, 100, 9, 2
5, 81, 45, 100, 71, 77, 48, 38, 16, 6, 0, 3, 50, 8, 100, 0, 2
41, 100, 25, 50, 47, 4, 86, 0, 100, 48, 74, 91, 35, 100, 0, 76, 0
86, 86, 44, 64, 0, 69, 39, 95, 95, 100, 100, 65, 73, 31, 57, 0, 9
0, 100, 50, 93, 100, 93, 91, 64, 74, 31, 54, 0, 18, 23, 66, 29, 7
83, 100, 41, 98, 7, 63, 0, 23, 47, 0, 100, 18, 58, 39, 11, 15, 6
39, 100, 69, 58, 95, 10, 14, 0, 17, 42, 100, 66, 91, 100, 0, 100, 8
2, 61, 5, 79, 0, 33, 38, 0, 91, 20, 100, 65, 63, 100, 17, 74, 0
16, 74, 0, 28, 37, 0, 81, 23, 100, 68, 65, 100, 18, 88, 0, 45, 0
25, 100, 76, 95, 75, 63, 58, 29, 54, 0, 100, 24, 61, 43, 0, 54, 7
0, 64, 24, 78, 100, 100, 76, 96, 41, 72, 12, 47, 6, 23, 35, 0, 1
48, 100, 37, 83, 13, 54, 0, 25, 54, 23, 100, 46, 78, 26, 76, 0, 4
0, 80, 35, 100, 99, 82, 100, 45, 61, 12, 20, 0, 18, 34, 92, 31, 7
100, 63, 39, 53, 0, 66, 36, 93, 82, 100, 89, 67, 88, 33, 91, 0, 9
96, 100, 51, 75, 19, 48, 0, 19, 41, 0, 100, 17, 81, 43, 8, 42, 6
77, 100, 29, 80, 0, 53, 2, 21, 45, 0, 100, 6, 68, 29, 14, 27, 6
93, 96, 72, 100, 70, 76, 100, 99, 92, 71, 80, 42, 47, 17, 0, 0, 9
70, 90, 27, 73, 1, 100, 57, 90, 84, 57, 100, 21, 66, 0, 0, 8, 9
0, 92, 20, 100, 68, 94, 49, 46, 24, 0, 14, 16, 44, 48, 100, 56, 7
9, 100, 0, 78, 1, 48, 67, 45, 100, 65, 88, 59, 90, 29, 97, 0, 4
35, 90, 88, 100, 81, 79, 44, 62, 94, 44, 100, 18, 54, 0, 0, 8, 3
100, 79, 52, 100, 0, 78, 25, 50, 83, 68, 99, 77, 83, 38, 62, 0, 9
26, 83, 18, 45, 40, 0, 89, 6, 100, 54, 71, 94, 21, 100, 0, 57, 0
3, 95, 0, 47, 13, 2, 60, 0, 98, 28, 100, 74, 62, 100, 18, 92, 0
42, 100, 20, 71, 100, 84, 20, 97, 0, 48, 14, 0, 73, 24, 8, 58, 8
58, 100, 21, 78, 0, 47, 39, 23, 87, 34, 100, 61, 69, 32, 54, 0, 4
91, 100, 56, 91, 19, 62, 0, 30, 22, 0, 100, 5, 99, 33, 19, 44, 6
24, 85, 14, 63, 69, 38, 60, 0, 24, 16, 0, 55, 32, 91, 100, 100, 5
0, 66, 15, 99, 58, 100, 64, 66, 43, 32, 11, 5, 50, 0, 100, 5, 2
0, 95, 49, 100, 100, 98, 85, 63, 50, 31, 13, 0, 13, 27, 60, 29, 7
84, 90, 0, 91, 51, 56, 98, 19, 36, 0, 43, 40, 100, 75, 62, 100, 8
35, 96, 0, 71, 35, 36, 36, 0, 3, 16, 9, 68, 45, 100, 100, 92, 5
42, 99, 55, 61, 71, 24, 18, 0, 0, 30, 64, 61, 100, 94, 9, 100, 8
93, 100, 53, 77, 25, 49, 8, 19, 44, 0, 100, 11, 59, 18, 0, 10, 6
5, 65, 0, 89, 37, 100, 88, 97, 100, 79, 71, 53, 48, 26, 59, 0, 7
5, 97, 9, 61, 37, 25, 0, 0, 7, 32, 56, 64, 100, 96, 37, 100, 8
32, 96, 70, 100, 12, 95, 32, 66, 89, 62, 100, 22, 51, 0, 0, 16, 5
22, 72, 55, 100, 54, 89, 53, 50, 55, 12, 0, 1, 49, 0, 100, 4, 1
88, 100, 100, 95, 75, 79, 38, 64, 25, 47, 12, 32, 0, 16, 12, 0, 1
76, 100, 31, 87, 1, 52, 0, 14, 61, 0, 100, 27, 50, 42, 1, 21, 6
75, 100, 42, 78, 13, 51, 0, 22, 40, 0, 100, 16, 88, 43, 22, 35, 6
61, 100, 24, 88, 21, 49, 26, 9, 0, 0, 7, 37, 51, 60, 100, 78, 8
25, 76, 0, 39, 15, 0, 68, 1, 98, 36, 100, 76, 58, 100, 7, 90, 0
0, 67, 25, 100, 49, 73, 36, 33, 6, 0, 1, 6, 53, 3, 100, 11, 2
95, 76, 34, 80, 0, 97, 57, 100, 98, 80, 100, 53, 83, 25, 59, 0, 9
62, 81, 100, 100, 84, 91, 40, 76, 67, 64, 83, 26, 46, 0, 0, 9, 5
100, 65, 92, 100, 39, 93, 9, 62, 0, 27, 31, 0, 60, 26, 19, 28, 6
14, 93, 0, 54, 52, 31, 24, 0, 2, 29, 4, 78, 44, 96, 100, 100, 5
61, 100, 0, 72, 1, 42, 79, 43, 100, 67, 67, 90, 56, 45, 57, 0, 4
0, 93, 41, 100, 62, 75, 44, 39, 26, 3, 5, 0, 29, 19, 100, 28, 7
97, 100, 45, 84, 0, 62, 2, 46, 48, 41, 100, 45, 58, 23, 21, 0, 4
18, 73, 62, 100, 53, 85, 53, 53, 52, 20, 0, 0, 8, 6, 100, 6, 1
24, 96, 0, 61, 7, 16, 43, 0, 82, 11, 100, 48, 78, 86, 39, 100, 0
39, 60, 64, 100, 96, 84, 69, 41, 25, 12, 0, 15, 50, 0, 100, 4, 2
3, 74, 33, 100, 52, 71, 33, 34, 3, 2, 0, 4, 51, 0, 100, 1, 2
24, 100, 24, 76, 0, 45, 100, 48, 100, 57, 61, 65, 61, 31, 67, 0, 4
79, 100, 27, 86, 0, 53, 9, 15, 53, 0, 95, 25, 100, 63, 76, 99, 0
54, 98, 17, 64, 0, 18, 50, 0, 93, 36, 100, 84, 54, 100, 19, 60, 0
11, 95, 8, 55, 56, 35, 33, 0, 0, 25, 1, 65, 43, 92, 100, 100, 5
0, 94, 60, 100, 98, 75, 93, 40, 76, 6, 48, 0, 34, 23, 100, 24, 7
0, 54, 47, 78, 69, 100, 53, 68, 33, 35, 0, 6, 31, 0, 100, 7, 1
34, 99, 9, 67, 52, 42, 35, 0, 0, 4, 19, 62, 52, 97, 100, 100, 5
77, 96, 27, 100, 0, 67, 3, 27, 42, 0, 89, 12, 100, 52, 88, 90, 0
100, 100, 58, 91, 24, 69, 2, 42, 0, 12, 39, 0, 49, 26, 4, 37, 6
0, 89, 58, 100, 88, 87, 60, 44, 32, 0, 22, 3, 39, 33, 100, 40, 7
100, 81, 54, 100, 0, 72, 43, 36, 66, 0, 26, 24, 67, 61, 95, 91, 8
17, 100, 21, 85, 0, 53, 45, 47, 96, 57, 92, 61, 98, 28, 100, 0, 4
20, 82, 71, 100, 100, 96, 41, 87, 10, 71, 62, 48, 54, 0, 0, 0, 5
100, 91, 75, 100, 47, 79, 39, 45, 73, 40, 78, 13, 41, 0, 0, 0, 5
0, 75, 15, 100, 47, 91, 41, 64, 27, 38, 16, 11, 53, 1, 100, 0, 2
78, 72, 60, 100, 24, 68, 69, 32, 57, 0, 0, 29, 36, 67, 100, 98, 8
7, 92, 47, 58, 76, 23, 13, 0, 22, 35, 78, 67, 100, 100, 0, 86, 8
0, 77, 32, 100, 83, 79, 89, 39, 68, 0, 27, 0, 33, 23, 100, 25, 7
38, 86, 66, 100, 100, 94, 70, 74, 71, 39, 70, 7, 35, 0, 0, 3, 3
38, 82, 77, 100, 100, 96, 51, 90, 13, 71, 58, 52, 46, 0, 0, 14, 5
41, 100, 3, 64, 0, 13, 50, 0, 95, 31, 100, 80, 50, 87, 22, 44, 0
37, 55, 41, 86, 100, 100, 97, 71, 83, 53, 96, 23, 49, 0, 0, 9, 3
32, 100, 0, 70, 11, 24, 56, 0, 100, 22, 95, 68, 55, 98, 15, 77, 0
0, 75, 47, 100, 100, 94, 94, 58, 60, 27, 7, 4, 30, 5, 98, 0, 2
0, 78, 54, 69, 100, 92, 55, 100, 34, 69, 90, 75, 93, 41, 91, 0, 9
100, 100, 77, 99, 42, 76, 16, 50, 0, 20, 28, 0, 65, 17, 25, 30, 6
100, 98, 65, 100, 19, 94, 0, 61, 44, 67, 74, 44, 51, 13, 6, 0, 5
38, 100, 0, 71, 19, 44, 91, 41, 100, 58, 71, 77, 63, 38, 61, 0, 4
100, 100, 62, 85, 34, 58, 11, 31, 0, 3, 48, 0, 81, 24, 34, 23, 6
24, 84, 0, 42, 11, 0, 61, 9, 95, 44, 100, 89, 54, 100, 14, 70, 0
0, 84, 36, 100, 69, 79, 77, 38, 70, 0, 35, 21, 59, 35, 100, 39, 7
83, 100, 35, 96, 65, 77, 94, 94, 100, 58, 95, 22, 53, 3, 0, 0, 9
1, 66, 8, 100, 29, 77, 22, 35, 0, 2, 31, 0, 65, 4, 100, 10, 2
42, 75, 70, 100, 75, 66, 51, 29, 14, 0, 0, 6, 49, 13, 100, 15, 2
43, 72, 0, 89, 46, 100, 67, 76, 49, 47, 26, 19, 46, 0, 100, 3, 2
33, 84, 84, 100, 94, 76, 50, 54, 93, 47, 100, 19, 52, 0, 0, 6, 3
100, 100, 67, 81, 41, 62, 20, 41, 8, 20, 18, 0, 47, 10, 0, 20, 6
14, 86, 0, 42, 25, 0, 71, 3, 100, 43, 86, 89, 41, 100, 5, 69, 0
70, 75, 92, 40, 84, 0, 0, 0, 35, 38, 100, 71, 90, 100, 13, 84, 8
4, 73, 31, 98, 76, 100, 69, 68, 100, 42, 87, 11, 43, 0, 0, 12, 3
0, 70, 71, 90, 100, 100, 84, 66, 76, 32, 47, 2, 5, 2, 98, 0, 1
41, 84, 59, 100, 53, 69, 28, 40, 0, 14, 32, 16, 67, 0, 100, 21, 2
6, 100, 1, 53, 61, 48, 44, 0, 5, 16, 0, 70, 41, 98, 100, 97, 5
0, 87, 44, 100, 84, 87, 53, 59, 53, 41, 100, 26, 69, 5, 18, 0, 3
100, 90, 68, 100, 23, 99, 0, 71, 15, 59, 54, 49, 49, 16, 12, 0, 5
56, 100, 18, 69, 0, 36, 61, 34, 100, 41, 78, 77, 71, 39, 66, 0, 4
27, 100, 92, 91, 100, 61, 88, 30, 71, 0, 0, 10, 8, 32, 96, 40, 7
36, 69, 56, 100, 79, 82, 60, 47, 29, 17, 0, 0, 50, 4, 100, 12, 2
46, 100, 18, 84, 0, 61, 44, 49, 100, 56, 93, 47, 74, 24, 61, 0, 4
100, 100, 47, 87, 13, 57, 0, 22, 41, 0, 92, 16, 62, 43, 23, 23, 6
77, 69, 97, 100, 28, 80, 53, 38, 78, 0, 0, 7, 30, 43, 100, 69, 8
0, 0, 29, 19, 53, 46, 78, 74, 100, 100, 81, 67, 65, 34, 50, 0, 1
62, 100, 40, 74, 7, 45, 0, 29, 68, 46, 100, 59, 83, 29, 69, 0, 4
10, 86, 69, 100, 39, 91, 3, 66, 44, 47, 100, 36, 61, 11, 0, 0, 5
25, 68, 68, 43, 61, 0, 4, 9, 42, 48, 100, 82, 68, 100, 0, 74, 8
23, 86, 68, 100, 91, 74, 53, 49, 9, 33, 0, 8, 49, 1, 100, 0, 2
17, 66, 45, 100, 42, 82, 45, 40, 41, 0, 0, 9, 51, 10, 100, 10, 1
42, 68, 0, 73, 1, 95, 44, 100, 82, 87, 100, 59, 91, 29, 74, 0, 9
25, 70, 54, 100, 60, 66, 35, 27, 0, 1, 19, 10, 61, 0, 100, 0, 2
0, 86, 34, 100, 62, 83, 38, 53, 10, 27, 7, 0, 54, 2, 100, 5, 2
11, 100, 45, 66, 100, 33, 82, 0, 16, 19, 47, 53, 89, 87, 0, 87, 8
25, 100, 16, 68, 0, 34, 48, 35, 90, 49, 89, 58, 92, 23, 100, 0, 4
59, 72, 58, 100, 0, 68, 84, 35, 100, 0, 2, 18, 54, 56, 71, 84, 8
28, 93, 31, 53, 54, 15, 0, 0, 11, 36, 61, 67, 100, 100, 30, 98, 8
14, 85, 0, 48, 25, 10, 73, 0, 100, 35, 85, 76, 43, 100, 0, 84, 0
49, 100, 0, 79, 9, 49, 100, 50, 86, 78, 49, 86, 44, 43, 48, 0, 4
100, 100, 91, 86, 71, 72, 53, 58, 38, 44, 24, 29, 11, 15, 0, 0, 1
100, 86, 12, 100, 0, 64, 67, 29, 39, 0, 35, 38, 94, 74, 92, 98, 8
0, 59, 46, 83, 62, 100, 57, 64, 55, 27, 25, 0, 36, 3, 100, 1, 1
44, 100, 22, 68, 0, 38, 54, 40, 100, 48, 95, 65, 93, 32, 100, 0, 4
34, 100, 0, 78, 13, 56, 68, 53, 100, 71, 75, 48, 49, 24, 30, 0, 4
19, 65, 24, 100, 46, 81, 27, 45, 0, 12, 10, 1, 56, 0, 100, 4, 2
0, 92, 54, 100, 65, 83, 63, 63, 85, 44, 100, 24, 63, 8, 7, 0, 3
29, 100, 12, 57, 42, 33, 26, 0, 0, 33, 11, 71, 53, 88, 100, 91, 5
30, 100, 17, 80, 0, 43, 43, 32, 85, 53, 100, 75, 82, 38, 67, 0, 4
77, 100, 41, 76, 14, 51, 0, 24, 22, 0, 82, 4, 100, 28, 45, 36, 6
37, 100, 34, 78, 0, 51, 25, 36, 85, 36, 100, 61, 86, 32, 80, 0, 4
0, 38, 36, 55, 66, 78, 97, 100, 100, 88, 88, 58, 77, 29, 66, 0, 1
100, 100, 56, 88, 16, 58, 0, 23, 40, 0, 97, 18, 54, 42, 0, 22, 6
45, 100, 0, 74, 8, 48, 100, 45, 76, 72, 63, 64, 47, 31, 28, 0, 4
29, 69, 48, 100, 61, 71, 35, 35, 0, 5, 0, 0, 50, 2, 100, 14, 2
20, 100, 13, 75, 45, 41, 31, 0, 0, 12, 6, 57, 44, 89, 100, 100, 5
34, 87, 59, 100, 56, 60, 34, 24, 0, 0, 18, 9, 59, 4, 100, 2, 2
90, 64, 87, 100, 21, 100, 0, 67, 66, 62, 100, 69, 66, 34, 51, 0, 9
10, 76, 49, 100, 73, 74, 47, 43, 100, 31, 83, 2, 15, 0, 0, 25, 3
70, 100, 52, 85, 22, 62, 0, 39, 70, 40, 100, 49, 78, 25, 66, 0, 4
58, 92, 68, 45, 86, 0, 0, 0, 22, 40, 94, 71, 100, 100, 14, 85, 8
95, 67, 69, 100, 26, 94, 0, 51, 11, 7, 60, 0, 100, 28, 94, 75, 0
100, 100, 61, 92, 33, 63, 11, 31, 8, 0, 52, 19, 48, 43, 0, 28, 6
44, 89, 85, 100, 88, 75, 64, 56, 100, 41, 82, 12, 41, 0, 0, 14, 3
10, 100, 0, 58, 10, 17, 60, 0, 100, 32, 94, 73, 46, 97, 0, 74, 0
100, 100, 52, 83, 17, 52, 2, 18, 40, 0, 81, 23, 55, 47, 0, 38, 6
26, 73, 0, 66, 38, 100, 50, 90, 20, 47, 6, 19, 52, 0, 100, 9, 2
0, 88, 47, 100, 79, 76, 85, 40, 83, 4, 65, 0, 48, 28, 100, 34, 7
100, 100, 48, 99, 12, 68, 5, 30, 39, 0, 91, 8, 59, 37, 0, 35, 6
1, 64, 29, 100, 34, 79, 28, 32, 0, 1, 8, 0, 54, 2, 100, 2, 1
32, 94, 70, 100, 100, 94, 71, 76, 51, 55, 53, 30, 37, 10, 0, 0, 3
13, 63, 34, 98, 45, 100, 44, 61, 37, 24, 0, 0, 48, 5, 100, 7, 1
6, 72, 0, 98, 45, 100, 100, 98, 77, 76, 48, 51, 25, 25, 30, 0, 7
0, 65, 26, 99, 36, 100, 38, 63, 40, 27, 4, 0, 23, 1, 100, 1, 1
6, 95, 88, 100, 34, 98, 6, 74, 43, 62, 100, 38, 75, 0, 0, 13, 5
66, 100, 15, 80, 0, 50, 91, 46, 100, 72, 78, 65, 58, 33, 45, 0, 4
16, 72, 46, 100, 85, 97, 72, 60, 100, 46, 86, 13, 43, 0, 0, 9, 3
0, 82, 32, 100, 55, 67, 52, 21, 41, 0, 16, 36, 58, 47, 100, 48, 7
25, 55, 74, 63, 65, 100, 1, 75, 25, 43, 100, 66, 49, 34, 0, 0, 9
11, 94, 0, 48, 23, 6, 72, 0, 100, 36, 84, 80, 39, 100, 5, 69, 0
29, 90, 77, 100, 92, 80, 44, 59, 64, 45, 100, 19, 53, 2, 0, 0, 3
0, 75, 23, 96, 68, 100, 100, 86, 72, 62, 77, 33, 50, 12, 10, 0, 3
100, 87, 86, 100, 41, 76, 9, 49, 0, 18, 46, 0, 78, 22, 15, 26, 6
0, 88, 27, 100, 49, 74, 39, 41, 16, 16, 36, 4, 68, 0, 100, 0, 2
67, 100, 24, 79, 0, 51, 0, 20, 43, 0, 100, 6, 88, 28, 29, 30, 6
45, 100, 19, 72, 0, 41, 47, 31, 100, 32, 82, 63, 78, 33, 80, 0, 4
0, 70, 34, 93, 82, 100, 93, 72, 67, 44, 33, 20, 49, 3, 100, 0, 2
1, 72, 20, 100, 42, 73, 32, 37, 5, 6, 0, 2, 51, 1, 100, 0, 2
16, 81, 48, 100, 75, 80, 36, 62, 89, 49, 100, 19, 53, 0, 0, 3, 3
55, 93, 81, 100, 73, 72, 77, 51, 100, 28, 70, 8, 32, 0, 0, 9, 3
0, 94, 6, 100, 44, 100, 39, 63, 19, 29, 24, 0, 63, 5, 100, 17, 2
89, 100, 64, 76, 25, 50, 0, 30, 66, 26, 95, 52, 100, 31, 95, 0, 4
44, 85, 93, 100, 100, 92, 45, 81, 51, 68, 93, 36, 50, 0, 0, 17, 5
0, 68, 40, 78, 76, 100, 88, 91, 88, 68, 88, 45, 88, 22, 100, 0, 1
41, 90, 72, 100, 86, 75, 60, 50, 100, 35, 89, 10, 44, 0, 0, 5, 3
100, 100, 55, 93, 20, 71, 0, 43, 4, 11, 45, 0, 68, 24, 33, 42, 6
39, 51, 76, 82, 100, 100, 71, 65, 44, 31, 0, 1, 29, 0, 97, 2, 1
41, 100, 4, 73, 26, 49, 80, 61, 100, 85, 63, 58, 29, 29, 0, 0, 4
47, 66, 50, 100, 92, 98, 78, 55, 47, 18, 0, 0, 46, 19, 100, 0, 2
38, 67, 44, 100, 85, 96, 71, 58, 40, 24, 0, 7, 43, 17, 100, 0, 2
0, 81, 54, 71, 81, 100, 11, 97, 29, 74, 100, 82, 84, 41, 83, 0, 9
33, 70, 46, 100, 59, 80, 34, 48, 1, 21, 0, 2, 50, 0, 100, 6, 2
0, 57, 39, 75, 81, 96, 100, 100, 85, 74, 72, 48, 55, 23, 43, 0, 1
4, 65, 28, 100, 38, 100, 36, 61, 38, 22, 0, 0, 42, 5, 100, 8, 1
0, 96, 49, 100, 77, 76, 62, 38, 51, 0, 2, 2, 25, 14, 100, 23, 7
40, 63, 51, 100, 56, 89, 54, 51, 54, 14, 0, 0, 46, 1, 100, 5, 1
100, 96, 80, 100, 42, 71, 12, 40, 0, 4, 49, 0, 55, 30, 0, 19, 6
34, 100, 0, 75, 0, 41, 25, 9, 84, 0, 100, 33, 73, 65, 16, 71, 0
35, 100, 16, 80, 0, 45, 56, 45, 100, 53, 59, 81, 55, 40, 54, 0, 4
32, 100, 0, 70, 9, 39, 68, 37, 100, 59, 86, 67, 82, 33, 91, 0, 4
49, 93, 89, 100, 94, 65, 68, 28, 50, 0, 100, 24, 60, 37, 0, 43, 7
78, 100, 29, 80, 6, 50, 0, 19, 44, 0, 100, 15, 72, 37, 17, 25, 6
100, 100, 71, 96, 38, 74, 11, 50, 0, 21, 27, 0, 63, 16, 39, 39, 6
76, 99, 51, 100, 15, 64, 0, 25, 46, 0, 100, 22, 41, 42, 3, 17, 6
50, 82, 8, 61, 0, 15, 50, 0, 95, 30, 100, 77, 59, 100, 23, 64, 0
0, 64, 16, 100, 47, 79, 35, 40, 6, 6, 11, 9, 58, 0, 100, 4, 2
100, 99, 62, 100, 26, 78, 2, 48, 0, 16, 38, 0, 59, 23, 20, 38, 6
82, 100, 37, 86, 66, 70, 87, 86, 100, 52, 92, 18, 49, 1, 0, 0, 9
6, 78, 53, 100, 61, 70, 55, 54, 100, 35, 82, 3, 21, 0, 0, 26, 3
12, 91, 0, 50, 65, 45, 67, 0, 13, 9, 4, 65, 31, 100, 100, 99, 5
9, 59, 39, 87, 61, 100, 46, 59, 22, 22, 0, 3, 50, 2, 100, 0, 1
26, 83, 26, 14, 66, 3, 100, 47, 89, 100, 45, 86, 6, 47, 0, 0, 0
2, 83, 35, 100, 62, 82, 62, 68, 100, 51, 84, 21, 44, 0, 0, 7, 3
0, 84, 31, 100, 81, 98, 73, 74, 87, 51, 100, 29, 67, 10, 17, 0, 3
0, 81, 39, 100, 88, 90, 61, 59, 85, 47, 100, 14, 53, 0, 8, 5, 3
7, 68, 23, 100, 0, 51, 15, 1, 80, 0, 100, 48, 64, 91, 1, 89, 0
42, 100, 13, 73, 0, 42, 52, 35, 100, 48, 92, 56, 92, 25, 97, 0, 4
56, 100, 28, 83, 0, 61, 38, 45, 100, 55, 69, 45, 46, 23, 31, 0, 4
88, 100, 25, 87, 61, 58, 92, 89, 89, 63, 100, 23, 47, 0, 0, 23, 9
50, 91, 100, 100, 90, 97, 62, 69, 100, 43, 99, 11, 51, 0, 0, 1, 5
7, 77, 43, 100, 59, 77, 36, 41, 3, 10, 0, 0, 54, 0, 100, 20, 2
36, 88, 6, 47, 9, 0, 63, 7, 100, 44, 100, 88, 48, 100, 0, 73, 0
20, 86, 42, 100, 38, 64, 11, 35, 0, 22, 35, 0, 75, 1, 100, 31, 2
35, 57, 0, 47, 1, 0, 48, 5, 86, 36, 100, 83, 58, 100, 12, 86, 0
94, 91, 32, 81, 100, 44, 91, 0, 8, 18, 45, 60, 98, 100, 0, 100, 8
61, 100, 1, 74, 0, 47, 100, 48, 95, 73, 64, 76, 54, 36, 52, 0, 4
100, 100, 81, 89, 67, 74, 48, 59, 33, 45, 22, 30, 7, 15, 0, 0, 1
7, 77, 54, 48, 76, 10, 24, 0, 49, 36, 100, 69, 80, 100, 0, 84, 8
26, 89, 7, 73, 0, 30, 45, 0, 97, 21, 100, 65, 64, 100, 9, 88, 0
42, 100, 12, 74, 0, 45, 65, 51, 100, 76, 85, 55, 62, 27, 37, 0, 4
74, 100, 10, 93, 15, 69, 77, 80, 78, 66, 100, 30, 66, 4, 0, 0, 9
0, 96, 42, 100, 62, 62, 56, 19, 39, 0, 11, 36, 51, 52, 100, 57, 7
56, 100, 31, 68, 0, 38, 27, 25, 83, 22, 100, 50, 91, 34, 76, 0, 4
31, 75, 53, 100, 68, 77, 49, 45, 21, 16, 0, 1, 50, 5, 100, 0, 2
0, 79, 31, 100, 79, 95, 51, 66, 82, 50, 100, 21, 58, 0, 12, 12, 3
0, 62, 34, 93, 81, 100, 85, 61, 53, 28, 11, 17, 56, 19, 100, 0, 2
28, 100, 1, 75, 0, 45, 70, 38, 100, 66, 88, 58, 60, 29, 34, 0, 4
62, 97, 85, 100, 42, 77, 49, 67, 100, 57, 94, 23, 50, 0, 0, 9, 5
33, 99, 0, 55, 1, 4, 66, 0, 100, 45, 91, 96, 34, 100, 13, 51, 0
0, 92, 35, 95, 100, 100, 93, 79, 59, 41, 36, 0, 12, 16, 76, 22, 7
0, 69, 27, 95, 66, 100, 76, 66, 61, 31, 37, 1, 58, 0, 100, 6, 2
94, 100, 8, 82, 79, 46, 99, 4, 0, 0, 15, 41, 100, 72, 47, 96, 8
0, 65, 43, 81, 84, 100, 100, 92, 90, 69, 80, 46, 73, 22, 53, 0, 1
31, 100, 0, 81, 21, 58, 100, 62, 74, 88, 54, 80, 58, 40, 66, 0, 4
26, 77, 0, 33, 28, 0, 69, 15, 100, 52, 85, 97, 44, 100, 4, 84, 0
41, 100, 12, 77, 0, 42, 69, 28, 100, 58, 86, 67, 50, 34, 18, 0, 4
82, 100, 24, 94, 52, 46, 75, 0, 0, 13, 38, 56, 100, 92, 64, 99, 8
41, 83, 88, 70, 78, 100, 41, 80, 94, 64, 100, 28, 56, 1, 0, 0, 9
33, 66, 53, 100, 53, 91, 58, 53, 51, 17, 0, 0, 35, 3, 100, 6, 1
14, 67, 0, 30, 26, 0, 70, 16, 100, 48, 96, 85, 53, 100, 7, 87, 0
100, 85, 32, 100, 0, 67, 56, 34, 68, 0, 23, 24, 71, 59, 61, 84, 8
97, 66, 100, 100, 53, 84, 59, 43, 50, 4, 0, 0, 25, 36, 83, 57, 8
61, 96, 13, 89, 0, 41, 37, 0, 94, 10, 100, 60, 64, 100, 6, 97, 0
17, 99, 30, 100, 0, 53, 14, 4, 83, 0, 100, 46, 28, 55, 6, 13, 6
23, 75, 53, 100, 75, 78, 44, 50, 0, 32, 2, 18, 50, 8, 100, 0, 2
80, 93, 0, 100, 7, 62, 78, 34, 64, 0, 0, 20, 56, 56, 100, 90, 8
0, 60, 39, 74, 73, 91, 100, 100, 80, 75, 67, 51, 51, 25, 39, 0, 1
44, 92, 62, 100, 100, 91, 76, 64, 91, 43, 83, 14, 42, 0, 0, 13, 3
14, 84, 43, 52, 44, 12, 0, 0, 19, 38, 59, 69, 100, 100, 57, 98, 8
0, 96, 77, 100, 90, 97, 9, 96, 26, 52, 100, 45, 77, 0, 1, 16, 5
100, 93, 66, 100, 40, 81, 39, 51, 76, 45, 72, 14, 37, 0, 0, 4, 5
100, 100, 60, 79, 27, 54, 2, 26, 10, 0, 54, 16, 34, 40, 0, 21, 6
24, 74, 46, 100, 67, 72, 61, 38, 34, 8, 0, 0, 47, 7, 100, 5, 2
44, 100, 18, 74, 0, 48, 48, 40, 100, 44, 91, 56, 88, 28, 92, 0, 4
100, 100, 52, 83, 8, 54, 0, 14, 57, 0, 100, 27, 58, 50, 8, 43, 6
28, 100, 0, 56, 15, 6, 65, 0, 100, 38, 92, 90, 43, 99, 7, 63, 0
13, 100, 0, 62, 12, 21, 53, 0, 94, 19, 100, 60, 75, 96, 32, 97, 0
28, 100, 5, 70, 0, 27, 44, 0, 98, 23, 100, 64, 65, 100, 19, 89, 0
47, 100, 14, 69, 0, 31, 27, 0, 77, 13, 100, 48, 86, 86, 38, 98, 0
53, 90, 80, 100, 85, 77, 66, 51, 100, 31, 89, 8, 42, 0, 0, 4, 3
0, 36, 32, 57, 65, 78, 100, 100, 83, 77, 60, 52, 40, 26, 21, 0, 1
1, 90, 53, 100, 73, 77, 22, 60, 62, 53, 100, 26, 55, 4, 0, 0, 3
51, 100, 12, 82, 0, 36, 24, 0, 70, 9, 100, 46, 85, 88, 40, 88, 0
61, 93, 51, 73, 71, 35, 40, 0, 0, 24, 44, 58, 100, 88, 51, 100, 8
12, 97, 73, 100, 100, 70, 74, 35, 49, 0, 0, 25, 34, 41, 98, 37, 7
100, 100, 66, 90, 29, 63, 0, 31, 13, 0, 67, 4, 78, 35, 29, 46, 6
0, 57, 27, 90, 84, 100, 100, 66, 67, 33, 21, 7, 24, 0, 84, 2, 2
12, 97, 48, 100, 69, 69, 55, 33, 35, 0, 0, 25, 46, 35, 100, 39, 7
84, 100, 41, 80, 20, 50, 15, 19, 55, 0, 100, 20, 48, 31, 0, 15, 6
69, 100, 65, 96, 31, 71, 0, 46, 40, 32, 100, 46, 77, 26, 67, 0, 4
0, 67, 46, 60, 61, 23, 24, 0, 35, 36, 72, 67, 100, 100, 45, 85, 8
61, 100, 26, 77, 13, 50, 11, 23, 39, 0, 100, 14, 68, 37, 0, 48, 6
32, 76, 79, 66, 75, 100, 40, 89, 88, 66, 100, 26, 52, 6, 0, 0, 9
88, 100, 39, 75, 9, 48, 0, 21, 55, 0, 100, 21, 76, 48, 0, 61, 6
0, 100, 45, 100, 68, 83, 76, 66, 89, 48, 100, 30, 87, 12, 53, 0, 3
100, 100, 83, 86, 70, 71, 53, 57, 37, 43, 20, 29, 7, 14, 0, 0, 1
0, 66, 2, 93, 50, 100, 100, 98, 78, 72, 55, 47, 38, 19, 39, 0, 7
84, 88, 7, 100, 11, 65, 66, 31, 33, 0, 0, 32, 61, 65, 100, 88, 8
6, 91, 23, 60, 73, 41, 41, 0, 8, 29, 0, 81, 38, 96, 100, 100, 5
100, 100, 74, 98, 45, 76, 46, 52, 83, 42, 76, 12, 38, 0, 0, 1, 5
31, 96, 17, 64, 44, 28, 20, 0, 5, 36, 0, 77, 44, 97, 100, 100, 5
0, 95, 68, 100, 84, 86, 70, 43, 67, 0, 32, 12, 38, 31, 100, 38, 7
100, 76, 70, 100, 0, 73, 64, 38, 73, 0, 17, 23, 83, 58, 79, 88, 8
0, 89, 51, 100, 100, 94, 82, 57, 64, 20, 38, 0, 38, 39, 90, 48, 7
23, 100, 0, 71, 18, 44, 72, 46, 100, 70, 76, 60, 56, 31, 55, 0, 4
52, 81, 74, 100, 97, 89, 69, 66, 100, 46, 95, 20, 57, 0, 0, 2, 3
83, 75, 48, 45, 17, 67, 56, 100, 100, 79, 92, 36, 58, 0, 0, 0, 9
100, 100, 71, 90, 50, 90, 39, 67, 70, 55, 59, 31, 31, 13, 0, 0, 5
0, 27, 30, 45, 58, 70, 85, 96, 100, 100, 84, 67, 69, 34, 58, 0, 1
100, 67, 76, 100, 27, 83, 54, 61, 86, 71, 95, 29, 55, 2, 0, 0, 9
0, 93, 24, 56, 49, 21, 80, 0, 100, 35, 83, 81, 52, 100, 23, 91, 0
49, 84, 100, 100, 83, 93, 30, 78, 57, 68, 87, 35, 53, 0, 0, 8, 5
100, 97, 82, 100, 45, 75, 15, 47, 0, 13, 39, 0, 58, 24, 12, 25, 6
0, 87, 45, 72, 100, 100, 27, 100, 30, 73, 97, 83, 89, 41, 91, 0, 9
0, 100, 57, 100, 96, 92, 81, 54, 70, 14, 54, 0, 45, 39, 100, 48, 7
23, 89, 0, 52, 11, 14, 60, 0, 96, 30, 100, 70, 63, 100, 11, 92, 0
44, 65, 64, 100, 100, 88, 80, 49, 45, 17, 0, 0, 29, 11, 79, 1, 2
100, 95, 40, 100, 31, 63, 73, 29, 45, 0, 0, 17, 45, 49, 94, 81, 8
54, 100, 18, 69, 0, 30, 27, 0, 72, 18, 100, 54, 84, 91, 34, 93, 0
25, 50, 17, 11, 58, 0, 90, 27, 100, 65, 80, 99, 36, 100, 0, 75, 0
0, 85, 33, 100, 55, 82, 44, 57, 28, 32, 17, 8, 55, 0, 100, 1, 2
11, 68, 31, 95, 89, 100, 71, 71, 72, 54, 100, 26, 60, 2, 0, 0, 3
26, 100, 2, 69, 0, 37, 52, 29, 100, 34, 65, 60, 50, 34, 48, 0, 4
2, 70, 23, 100, 50, 79, 32, 35, 0, 1, 10, 0, 54, 0, 100, 1, 2
2, 74, 7, 43, 62, 33, 41, 0, 0, 3, 4, 50, 48, 79, 100, 100, 5
53, 62, 70, 73, 77, 100, 70, 75, 63, 48, 35, 22, 0, 5, 100, 0, 1
20, 100, 6, 54, 59, 38, 49, 0, 11, 4, 0, 48, 41, 79, 100, 93, 5
91, 77, 55, 100, 18, 73, 62, 62, 95, 57, 100, 19, 65, 0, 0, 6, 9
75, 72, 23, 100, 40, 65, 98, 32, 67, 0, 0, 17, 48, 52, 100, 83, 8
27, 82, 68, 100, 100, 89, 65, 65, 88, 41, 97, 17, 49, 5, 0, 0, 3
100, 92, 52, 100, 31, 64, 84, 74, 86, 77, 89, 35, 56, 0, 0, 11, 9
7, 72, 39, 100, 64, 72, 42, 31, 0, 5, 2, 7, 52, 1, 100, 0, 2
100, 100, 69, 94, 28, 66, 0, 33, 7, 0, 72, 3, 79, 32, 11, 33, 6
0, 93, 49, 100, 88, 89, 78, 68, 57, 49, 41, 28, 51, 9, 100, 0, 2
6, 61, 33, 100, 61, 76, 39, 27, 0, 1, 17, 3, 61, 0, 100, 3, 2
82, 88, 45, 100, 51, 65, 100, 80, 90, 76, 98, 30, 56, 3, 0, 0, 9
0, 50, 51, 73, 85, 100, 75, 67, 53, 36, 15, 8, 25, 2, 100, 0, 1
45, 85, 34, 63, 100, 53, 71, 9, 3, 0, 0, 50, 4, 97, 79, 100, 5
72, 100, 66, 68, 93, 98, 44, 83, 90, 74, 100, 30, 60, 0, 0, 9, 9
71, 93, 85, 82, 65, 100, 79, 77, 100, 48, 79, 18, 40, 4, 0, 0, 9
0, 91, 53, 100, 71, 89, 53, 45, 49, 0, 18, 20, 37, 37, 100, 37, 7
100, 71, 54, 62, 46, 90, 85, 100, 89, 63, 74, 27, 42, 0, 0, 11, 9
0, 89, 9, 71, 41, 41, 28, 0, 20, 24, 23, 69, 53, 95, 100, 100, 5
0, 40, 29, 57, 65, 78, 100, 100, 93, 80, 74, 53, 55, 26, 38, 0, 1
100, 100, 58, 87, 30, 59, 19, 27, 40, 0, 84, 8, 45, 21, 0, 12, 6
8, 49, 60, 72, 100, 100, 75, 74, 48, 45, 29, 15, 0, 0, 88, 1, 1
26, 100, 12, 55, 19, 11, 67, 0, 100, 36, 79, 75, 26, 79, 0, 39, 0
86, 88, 61, 100, 49, 71, 95, 80, 100, 60, 95, 22, 51, 0, 0, 2, 9
44, 100, 21, 72, 0, 42, 35, 20, 100, 20, 99, 51, 78, 29, 58, 0, 4
100, 100, 57, 88, 38, 72, 19, 58, 5, 44, 0, 29, 0, 14, 5, 0, 1
90, 100, 45, 93, 66, 75, 94, 92, 100, 53, 92, 16, 49, 0, 0, 0, 9
72, 100, 40, 92, 5, 60, 0, 25, 49, 0, 100, 22, 42, 38, 11, 19, 6
0, 72, 29, 97, 79, 100, 100, 69, 86, 34, 65, 0, 43, 21, 88, 30, 7
49, 100, 16, 90, 0, 56, 79, 49, 100, 64, 57, 77, 48, 39, 47, 0, 4
1, 90, 50, 100, 98, 90, 72, 62, 100, 44, 90, 15, 43, 0, 0, 12, 3
100, 100, 66, 85, 37, 69, 14, 51, 0, 32, 0, 12, 31, 0, 34, 11, 6
21, 76, 39, 100, 45, 67, 27, 29, 0, 0, 25, 2, 63, 1, 100, 2, 2
100, 84, 42, 100, 0, 72, 39, 36, 75, 0, 32, 16, 63, 55, 69, 91, 8
36, 96, 29, 73, 71, 46, 47, 0, 0, 7, 15, 60, 41, 99, 100, 100, 5
0, 93, 43, 99, 92, 100, 68, 52, 64, 0, 47, 0, 40, 36, 100, 42, 7
16, 97, 76, 100, 80, 61, 56, 22, 34, 0, 0, 37, 37, 45, 100, 42, 7
5, 85, 56, 100, 82, 78, 38, 55, 52, 48, 100, 29, 63, 5, 0, 0, 3
53, 100, 5, 82, 0, 56, 81, 52, 100, 72, 66, 91, 54, 44, 44, 0, 4
47, 100, 35, 95, 0, 66, 31, 43, 100, 48, 95, 66, 82, 34, 79, 0, 4
15, 99, 47, 100, 69, 70, 52, 34, 30, 0, 0, 19, 41, 31, 100, 34, 7
100, 73, 77, 100, 31, 80, 31, 40, 29, 0, 0, 14, 35, 46, 90, 62, 8
38, 100, 19, 71, 0, 39, 26, 22, 72, 30, 100, 51, 64, 32, 47, 0, 4
100, 100, 69, 80, 36, 54, 17, 27, 19, 0, 83, 3, 67, 29, 0, 40, 6
100, 100, 77, 91, 40, 64, 15, 35, 17, 5, 80, 0, 63, 24, 0, 14, 6
1, 82, 42, 100, 64, 79, 42, 61, 96, 49, 100, 17, 48, 0, 0, 13, 3
17, 100, 0, 74, 6, 36, 77, 37, 100, 63, 73, 95, 71, 47, 75, 0, 4
16, 100, 0, 78, 5, 54, 41, 32, 93, 39, 100, 48, 91, 24, 89, 0, 4
28, 82, 0, 39, 30, 0, 80, 5, 100, 54, 70, 99, 22, 100, 7, 50, 0
100, 100, 55, 98, 26, 81, 40, 67, 78, 55, 74, 25, 43, 1, 0, 0, 5
21, 82, 13, 55, 54, 100, 27, 87, 38, 37, 40, 0, 0, 7, 100, 5, 1
55, 76, 22, 68, 66, 29, 39, 0, 52, 32, 100, 68, 69, 100, 0, 86, 8
0, 72, 9, 100, 68, 94, 74, 63, 49, 34, 6, 9, 30, 0, 100, 1, 2
59, 85, 25, 71, 88, 35, 79, 0, 7, 29, 62, 64, 100, 100, 0, 99, 8
21, 87, 61, 100, 71, 66, 38, 36, 0, 12, 15, 1, 60, 1, 100, 0, 2
40, 100, 0, 60, 20, 21, 86, 14, 100, 40, 75, 86, 61, 50, 59, 0, 4
19, 96, 21, 59, 73, 41, 40, 0, 3, 21, 0, 77, 36, 98, 100, 100, 5
28, 100, 0, 52, 37, 99, 45, 89, 51, 34, 24, 2, 30, 0, 100, 0, 1
54, 82, 12, 67, 0, 28, 34, 0, 83, 8, 100, 46, 73, 82, 28, 100, 0
7, 100, 0, 77, 0, 55, 20, 33, 96, 42, 87, 45, 85, 22, 100, 0, 4
86, 100, 43, 83, 71, 66, 100, 87, 83, 67, 76, 40, 48, 17, 0, 0, 9
97, 100, 51, 100, 14, 68, 0, 32, 28, 0, 100, 13, 73, 32, 10, 10, 6
39, 94, 0, 31, 42, 0, 100, 43, 95, 100, 30, 69, 49, 53, 30, 28, 0
35, 100, 26, 74, 0, 47, 54, 38, 100, 48, 91, 58, 84, 29, 74, 0, 4
17, 91, 63, 100, 66, 75, 56, 53, 100, 36, 94, 10, 40, 0, 0, 9, 3
27, 100, 21, 83, 0, 47, 36, 42, 100, 49, 96, 75, 86, 37, 84, 0, 4
100, 97, 76, 100, 29, 72, 0, 39, 15, 8, 95, 0, 78, 22, 0, 16, 6
43, 100, 13, 73, 54, 39, 39, 0, 0, 7, 13, 61, 46, 100, 100, 100, 5
22, 53, 76, 70, 100, 100, 39, 99, 0, 71, 53, 61, 67, 31, 40, 0, 9
84, 83, 22, 76, 8, 95, 72, 100, 100, 76, 77, 47, 41, 22, 0, 0, 9
49, 100, 54, 67, 95, 32, 47, 0, 4, 11, 0, 58, 31, 94, 100, 94, 5
45, 77, 74, 100, 100, 87, 74, 58, 81, 40, 74, 6, 37, 0, 0, 11, 3
0, 97, 54, 100, 84, 70, 76, 35, 59, 0, 35, 15, 33, 39, 100, 41, 7
0, 20, 57, 51, 94, 89, 38, 100, 44, 61, 100, 30, 76, 0, 12, 14, 8
52, 100, 18, 64, 48, 36, 11, 0, 0, 19, 8, 67, 41, 97, 100, 98, 5
14, 81, 0, 40, 19, 1, 65, 0, 99, 30, 100, 73, 65, 100, 24, 81, 0
88, 64, 93, 100, 41, 87, 48, 61, 100, 70, 90, 31, 55, 0, 0, 4, 9
0, 90, 42, 100, 69, 78, 62, 39, 56, 0, 31, 3, 42, 29, 100, 34, 7
30, 96, 31, 62, 60, 26, 24, 0, 8, 35, 0, 76, 35, 100, 100, 100, 5
16, 94, 0, 60, 53, 50, 47, 0, 17, 11, 13, 70, 46, 100, 100, 96, 5
15, 92, 0, 96, 38, 47, 79, 0, 4, 8, 46, 58, 100, 100, 12, 86, 8
0, 61, 32, 81, 74, 100, 100, 93, 97, 69, 97, 46, 95, 23, 91, 0, 1
100, 100, 57, 78, 29, 51, 22, 19, 61, 0, 97, 21, 57, 40, 0, 35, 6
42, 100, 22, 65, 0, 40, 91, 40, 100, 64, 88, 72, 91, 36, 93, 0, 4
4, 97, 58, 78, 100, 97, 0, 100, 20, 84, 99, 63, 55, 29, 10, 0, 9
0, 80, 17, 100, 41, 99, 60, 83, 53, 52, 56, 20, 77, 7, 100, 0, 2
29, 80, 53, 100, 7, 70, 0, 49, 83, 48, 100, 65, 61, 33, 29, 0, 4
31, 90, 0, 50, 17, 0, 64, 0, 96, 43, 100, 99, 58, 100, 21, 63, 0
40, 69, 61, 100, 86, 68, 60, 26, 18, 0, 0, 18, 49, 23, 100, 16, 2
0, 100, 55, 94, 72, 63, 54, 31, 32, 0, 13, 8, 39, 28, 100, 27, 7
0, 91, 44, 100, 79, 74, 64, 37, 53, 0, 27, 23, 40, 38, 100, 39, 7
100, 100, 59, 90, 29, 62, 4, 31, 15, 0, 64, 10, 52, 37, 0, 29, 6
0, 38, 30, 62, 48, 87, 76, 100, 79, 74, 76, 49, 76, 24, 100, 0, 1
1, 52, 23, 75, 74, 100, 52, 69, 51, 36, 45, 4, 0, 0, 100, 7, 1
53, 69, 49, 91, 100, 100, 86, 66, 52, 36, 0, 18, 15, 9, 74, 0, 2
0, 69, 57, 88, 100, 100, 79, 80, 64, 60, 57, 40, 57, 20, 93, 0, 1
0, 88, 41, 100, 91, 91, 73, 46, 50, 1, 32, 0, 45, 27, 100, 37, 7
50, 93, 4, 100, 38, 58, 100, 17, 25, 0, 0, 43, 54, 87, 6, 89, 8
4, 79, 65, 100, 67, 86, 67, 58, 67, 29, 23, 5, 0, 0, 100, 5, 1
58, 100, 18, 84, 0, 41, 11, 0, 58, 0, 100, 20, 96, 61, 64, 96, 0
37, 55, 100, 72, 94, 100, 52, 75, 57, 37, 57, 0, 0, 2, 9, 36, 8
49, 100, 26, 83, 0, 39, 63, 43, 100, 54, 74, 95, 62, 47, 57, 0, 4
77, 83, 74, 100, 97, 81, 70, 56, 100, 35, 86, 10, 43, 0, 0, 7, 3
49, 85, 49, 61, 71, 25, 27, 0, 8, 37, 0, 79, 42, 99, 100, 100, 5
5, 72, 32, 100, 83, 92, 73, 60, 44, 30, 0, 6, 39, 12, 100, 0, 2
7, 86, 22, 63, 95, 54, 100, 9, 30, 0, 1, 46, 0, 93, 75, 100, 5
0, 88, 42, 100, 74, 90, 56, 44, 34, 0, 26, 31, 51, 55, 100, 57, 7
83, 96, 20, 81, 67, 41, 54, 0, 0, 27, 65, 62, 100, 100, 15, 93, 8
0, 89, 39, 98, 87, 100, 85, 63, 77, 23, 72, 0, 53, 35, 100, 41, 7
83, 71, 75, 100, 31, 85, 72, 74, 100, 62, 86, 26, 51, 0, 0, 5, 9
0, 82, 24, 100, 53, 87, 57, 59, 47, 33, 32, 7, 62, 0, 100, 1, 2
50, 84, 85, 100, 100, 64, 73, 27, 32, 0, 0, 18, 45, 31, 81, 0, 2
47, 85, 41, 100, 77, 82, 61, 53, 100, 36, 93, 10, 43, 0, 0, 10, 3
20, 100, 8, 74, 0, 44, 19, 23, 68, 26, 100, 45, 74, 29, 64, 0, 4
0, 88, 61, 68, 100, 90, 14, 100, 24, 79, 80, 54, 46, 25, 3, 0, 9
97, 100, 51, 77, 19, 48, 0, 18, 44, 0, 100, 16, 65, 31, 12, 14, 6
0, 92, 33, 99, 84, 100, 100, 92, 67, 71, 45, 47, 30, 21, 27, 0, 7
33, 100, 16, 84, 0, 62, 24, 41, 100, 48, 98, 46, 91, 23, 96, 0, 4
0, 95, 3, 97, 69, 100, 100, 100, 52, 80, 23, 55, 16, 26, 34, 0, 7
8, 81, 42, 98, 92, 100, 100, 79, 63, 60, 65, 36, 44, 14, 0, 0, 3
33, 76, 68, 100, 71, 64, 42, 29, 4, 0, 0, 15, 49, 15, 100, 7, 2
0, 79, 42, 100, 57, 68, 50, 31, 53, 0, 24, 32, 44, 50, 100, 53, 7
35, 96, 12, 50, 51, 38, 52, 0, 0, 2, 10, 53, 37, 95, 100, 100, 5
20, 69, 35, 100, 100, 95, 61, 53, 19, 11, 67, 0, 35, 38, 0, 80, 8
0, 66, 57, 80, 100, 100, 97, 89, 87, 64, 89, 40, 84, 15, 34, 0, 1
0, 60, 9, 62, 54, 81, 99, 100, 100, 82, 76, 55, 52, 28, 33, 0, 1
53, 79, 0, 92, 19, 58, 80, 27, 57, 0, 26, 34, 80, 68, 100, 100, 8
35, 77, 6, 50, 3, 8, 58, 0, 100, 29, 94, 70, 52, 100, 0, 84, 0
9, 91, 71, 100, 91, 68, 68, 34, 41, 0, 0, 15, 15, 32, 100, 34, 7
100, 100, 44, 99, 6, 73, 15, 48, 65, 60, 85, 26, 49, 0, 0, 12, 5
72, 72, 51, 100, 4, 75, 44, 38, 52, 0, 0, 17, 41, 53, 100, 81, 8
39, 96, 57, 59, 100, 94, 34, 100, 61, 66, 78, 66, 71, 15, 0, 0, 9
26, 100, 6, 80, 0, 48, 63, 43, 100, 69, 98, 60, 86, 27, 83, 0, 4
55, 89, 85, 100, 100, 81, 78, 60, 69, 35, 64, 9, 33, 0, 0, 3, 3
100, 83, 25, 100, 16, 67, 58, 28, 12, 0, 0, 33, 65, 65, 89, 91, 8
7, 59, 29, 100, 31, 91, 32, 46, 31, 1, 0, 0, 54, 1, 100, 0, 1
53, 85, 60, 100, 57, 67, 32, 39, 0, 15, 29, 5, 69, 0, 100, 24, 2
45, 97, 9, 67, 0, 26, 36, 0, 82, 14, 100, 53, 79, 93, 32, 100, 0
11, 99, 57, 100, 66, 54, 41, 8, 51, 0, 100, 29, 59, 41, 0, 51, 7
0, 83, 28, 100, 59, 88, 42, 57, 22, 28, 31, 0, 70, 1, 100, 2, 2
78, 100, 26, 100, 0, 64, 3, 24, 46, 0, 93, 18, 100, 59, 87, 97, 0
0, 55, 33, 83, 60, 100, 53, 67, 46, 34, 30, 1, 40, 1, 100, 0, 1
0, 52, 39, 67, 76, 84, 100, 100, 89, 75, 78, 49, 65, 24, 52, 0, 1
4, 85, 64, 100, 96, 72, 68, 34, 44, 0, 100, 31, 87, 44, 0, 41, 7
3, 90, 54, 100, 100, 90, 82, 70, 64, 49, 72, 28, 62, 9, 0, 0, 3
2, 75, 36, 100, 87, 93, 58, 62, 94, 49, 100, 19, 50, 0, 0, 16, 3
89, 68, 81, 100, 34, 80, 34, 40, 30, 0, 0, 8, 38, 42, 100, 59, 8
30, 82, 0, 70, 42, 34, 0, 0, 18, 34, 80, 67, 100, 100, 8, 82, 8
31, 95, 2, 68, 64, 58, 62, 10, 0, 0, 10, 52, 31, 100, 100, 100, 5
45, 90, 13, 52, 88, 46, 74, 5, 0, 0, 4, 43, 26, 90, 100, 100, 5
7, 95, 54, 100, 100, 95, 76, 76, 49, 56, 47, 32, 43, 9, 0, 0, 3
63, 100, 26, 76, 7, 51, 0, 25, 22, 0, 100, 6, 78, 31, 0, 40, 6
16, 75, 43, 100, 66, 75, 44, 39, 10, 10, 0, 0, 50, 9, 100, 18, 2
27, 100, 88, 86, 100, 56, 90, 25, 58, 0, 0, 24, 8, 42, 100, 45, 7
96, 100, 60, 82, 18, 54, 0, 33, 63, 26, 99, 49, 94, 34, 100, 0, 4
100, 90, 90, 100, 54, 73, 31, 43, 29, 12, 88, 8, 58, 18, 0, 0, 6
47, 100, 29, 87, 0, 61, 0, 37, 77, 51, 100, 52, 80, 26, 72, 0, 4
38, 69, 60, 100, 60, 60, 35, 24, 0, 7, 28, 15, 65, 4, 100, 0, 2
30, 75, 54, 100, 100, 99, 74, 72, 79, 46, 88, 18, 43, 0, 0, 12, 3
