@relation penbased-4
@attribute At1 integer [0, 100]
@attribute At2 integer [0, 100]
@attribute At3 integer [0, 100]
@attribute At4 integer [0, 100]
@attribute At5 integer [0, 100]
@attribute At6 integer [0, 100]
@attribute At7 integer [0, 100]
@attribute At8 integer [0, 100]
@attribute At9 integer [0, 100]
@attribute At10 integer [0, 100]
@attribute At11 integer [0, 100]
@attribute At12 integer [0, 100]
@attribute At13 integer [0, 100]
@attribute At14 integer [0, 100]
@attribute At15 integer [0, 100]
@attribute At16 integer [0, 100]
@attribute Class {0, 1, 2, 3, 4, 5, 6, 7, 8, 9}
@inputs At1, At2, At3, At4, At5, At6, At7, At8, At9, At10, At11, At12, At13, At14, At15, At16
@outputs Class
@data
0, 39, 2, 62, 11, 5, 63, 0, 100, 43, 89, 99, 36, 100, 0, 57, 0
12, 77, 20, 62, 78, 40, 50, 0, 1, 17, 0, 64, 23, 98, 100, 100, 5
0, 0, 31, 15, 63, 30, 88, 52, 100, 79, 82, 100, 56, 82, 79, 64, 9
29, 72, 45, 100, 78, 78, 60, 41, 25, 12, 0, 4, 50, 6, 100, 0, 2
63, 100, 40, 73, 70, 63, 100, 77, 79, 74, 55, 48, 29, 23, 0, 0, 4
90, 71, 100, 100, 25, 85, 10, 50, 80, 62, 99, 53, 64, 17, 0, 0, 9
31, 73, 55, 100, 55, 53, 33, 14, 0, 0, 30, 11, 65, 1, 100, 1, 2
46, 100, 21, 85, 0, 60, 24, 42, 68, 44, 100, 49, 76, 25, 58, 0, 4
50, 97, 72, 68, 100, 100, 42, 86, 93, 72, 89, 48, 70, 7, 0, 0, 9
100, 77, 92, 100, 49, 76, 18, 48, 0, 15, 38, 0, 75, 23, 29, 27, 6
84, 100, 59, 99, 16, 72, 0, 42, 20, 12, 100, 0, 94, 22, 4, 27, 6
86, 100, 48, 79, 13, 52, 0, 22, 45, 0, 100, 16, 76, 40, 6, 35, 6
100, 88, 69, 100, 20, 84, 70, 86, 93, 71, 70, 44, 38, 19, 0, 0, 9
72, 100, 38, 84, 13, 63, 0, 40, 40, 28, 88, 31, 100, 22, 84, 0, 4
0, 100, 67, 100, 86, 72, 56, 37, 34, 0, 6, 33, 32, 45, 100, 46, 7
46, 83, 87, 100, 100, 79, 75, 54, 90, 36, 100, 13, 49, 0, 0, 12, 3
39, 62, 78, 88, 79, 100, 57, 64, 38, 30, 0, 0, 34, 4, 100, 0, 1
67, 100, 36, 82, 0, 60, 5, 37, 66, 38, 100, 50, 73, 25, 56, 0, 4
53, 100, 23, 77, 0, 57, 74, 66, 100, 79, 70, 85, 44, 42, 16, 0, 4
84, 93, 20, 100, 22, 50, 44, 0, 0, 22, 54, 59, 100, 95, 27, 97, 8
78, 100, 40, 94, 16, 58, 5, 21, 53, 0, 100, 27, 36, 30, 0, 0, 6
38, 92, 15, 72, 42, 44, 25, 0, 0, 8, 8, 61, 40, 93, 100, 100, 5
92, 73, 32, 63, 0, 86, 51, 100, 100, 82, 96, 51, 64, 23, 21, 0, 9
33, 93, 8, 58, 0, 20, 35, 0, 78, 21, 100, 55, 94, 93, 48, 100, 0
67, 97, 19, 74, 0, 30, 34, 0, 79, 32, 100, 76, 58, 100, 10, 73, 0
54, 85, 100, 100, 99, 98, 49, 86, 23, 60, 63, 34, 50, 1, 0, 0, 5
92, 65, 50, 100, 0, 82, 47, 46, 87, 6, 42, 0, 54, 45, 100, 79, 8
0, 88, 41, 100, 73, 80, 64, 40, 49, 0, 40, 13, 49, 42, 100, 46, 7
0, 89, 41, 100, 89, 93, 100, 62, 84, 31, 64, 0, 27, 17, 54, 34, 7
45, 92, 19, 94, 42, 68, 58, 100, 89, 69, 100, 24, 55, 0, 0, 3, 9
100, 100, 66, 100, 25, 69, 0, 35, 14, 0, 77, 0, 72, 34, 10, 51, 6
38, 76, 58, 100, 21, 65, 0, 27, 44, 0, 100, 22, 45, 36, 22, 8, 6
0, 75, 45, 85, 100, 100, 84, 80, 71, 59, 58, 37, 55, 15, 63, 0, 1
100, 99, 56, 100, 31, 65, 87, 73, 98, 90, 94, 48, 61, 13, 0, 0, 9
32, 76, 70, 100, 100, 72, 66, 38, 7, 19, 0, 33, 59, 18, 91, 0, 2
24, 87, 0, 62, 7, 0, 61, 0, 100, 44, 80, 100, 29, 93, 7, 36, 0
17, 82, 56, 100, 100, 90, 64, 66, 85, 40, 94, 12, 48, 3, 0, 0, 3
39, 100, 0, 82, 22, 55, 100, 63, 62, 99, 62, 81, 59, 40, 60, 0, 4
30, 81, 70, 100, 69, 65, 39, 31, 0, 5, 7, 18, 52, 0, 100, 4, 2
73, 98, 0, 95, 16, 60, 84, 29, 70, 0, 45, 35, 100, 69, 88, 100, 8
37, 79, 78, 100, 94, 68, 60, 37, 10, 19, 0, 31, 55, 24, 100, 0, 2
76, 100, 34, 77, 7, 48, 0, 17, 47, 0, 100, 13, 78, 37, 21, 29, 6
35, 61, 54, 100, 58, 76, 54, 31, 78, 0, 100, 6, 36, 5, 0, 8, 1
22, 77, 89, 62, 98, 100, 32, 87, 68, 63, 100, 55, 81, 11, 0, 0, 9
6, 74, 0, 32, 38, 0, 90, 14, 100, 64, 67, 100, 18, 78, 16, 34, 0
38, 100, 18, 81, 0, 52, 36, 38, 95, 42, 100, 60, 83, 31, 85, 0, 4
42, 79, 67, 100, 78, 79, 71, 60, 100, 39, 85, 10, 41, 0, 0, 14, 3
0, 65, 37, 82, 82, 100, 100, 90, 86, 65, 70, 39, 55, 14, 49, 0, 1
40, 67, 54, 100, 91, 85, 69, 49, 34, 20, 0, 0, 49, 1, 100, 0, 2
44, 89, 100, 100, 91, 93, 35, 79, 33, 55, 73, 29, 54, 0, 0, 11, 5
29, 97, 31, 70, 61, 42, 50, 0, 0, 20, 17, 60, 41, 98, 100, 100, 5
41, 96, 99, 100, 100, 74, 58, 38, 28, 0, 7, 16, 0, 45, 80, 34, 7
100, 94, 54, 96, 9, 100, 0, 60, 43, 52, 72, 24, 41, 0, 13, 8, 5
8, 58, 56, 77, 100, 100, 88, 95, 60, 72, 36, 48, 12, 24, 0, 0, 1
24, 58, 84, 87, 100, 100, 89, 60, 85, 20, 45, 0, 0, 1, 94, 2, 1
12, 83, 8, 54, 56, 31, 22, 0, 4, 24, 0, 63, 37, 94, 100, 100, 5
8, 100, 0, 77, 0, 55, 29, 38, 71, 55, 71, 42, 71, 20, 100, 0, 4
19, 74, 43, 100, 70, 80, 53, 53, 100, 42, 98, 12, 50, 0, 0, 4, 3
100, 100, 63, 84, 32, 55, 13, 22, 43, 0, 81, 17, 36, 28, 0, 8, 6
62, 99, 19, 100, 55, 82, 71, 98, 99, 58, 100, 14, 49, 0, 0, 20, 9
48, 77, 19, 66, 0, 6, 49, 0, 93, 38, 100, 96, 48, 100, 0, 70, 0
66, 91, 100, 100, 90, 89, 53, 77, 29, 52, 58, 30, 38, 4, 0, 0, 5
60, 72, 89, 100, 73, 83, 62, 49, 44, 15, 0, 0, 47, 4, 100, 5, 1
48, 99, 9, 100, 44, 82, 64, 89, 92, 56, 100, 18, 55, 0, 0, 5, 9
0, 78, 36, 100, 79, 99, 85, 67, 70, 41, 100, 16, 63, 0, 24, 16, 3
15, 59, 57, 81, 100, 100, 79, 72, 65, 44, 53, 15, 0, 1, 21, 0, 1
100, 77, 57, 100, 0, 81, 20, 50, 79, 66, 86, 68, 81, 31, 84, 0, 9
0, 0, 42, 10, 79, 33, 100, 64, 89, 96, 40, 100, 22, 73, 67, 64, 9
98, 89, 48, 100, 29, 65, 58, 25, 6, 0, 0, 31, 53, 63, 100, 91, 8
19, 91, 22, 58, 50, 24, 25, 0, 4, 37, 0, 73, 44, 94, 100, 100, 5
48, 53, 10, 54, 0, 0, 49, 6, 88, 48, 100, 100, 48, 84, 7, 44, 0
14, 91, 7, 55, 36, 17, 4, 0, 0, 51, 4, 98, 52, 100, 100, 97, 5
0, 90, 31, 100, 46, 72, 27, 42, 2, 17, 29, 4, 64, 2, 100, 0, 2
42, 98, 89, 100, 73, 72, 59, 52, 100, 32, 88, 3, 41, 0, 0, 19, 3
100, 100, 58, 85, 23, 59, 0, 30, 9, 0, 58, 5, 60, 34, 7, 25, 6
38, 73, 84, 41, 100, 0, 53, 7, 73, 49, 98, 90, 54, 100, 0, 75, 8
83, 85, 57, 77, 60, 83, 65, 100, 72, 55, 87, 10, 0, 0, 100, 2, 1
100, 91, 63, 100, 18, 89, 5, 53, 42, 50, 77, 32, 47, 4, 0, 0, 5
78, 100, 43, 76, 10, 47, 0, 16, 57, 0, 100, 24, 51, 44, 9, 23, 6
58, 83, 85, 100, 93, 77, 50, 57, 94, 40, 100, 11, 50, 0, 0, 11, 3
51, 69, 74, 37, 100, 0, 52, 4, 41, 41, 73, 75, 60, 100, 0, 83, 8
100, 97, 58, 100, 21, 70, 0, 34, 21, 0, 71, 1, 57, 28, 11, 14, 6
21, 100, 0, 64, 2, 23, 40, 0, 86, 18, 100, 56, 75, 91, 30, 81, 0
34, 66, 65, 100, 62, 99, 55, 61, 44, 23, 0, 0, 21, 3, 100, 2, 1
0, 50, 13, 63, 56, 83, 100, 100, 94, 75, 75, 50, 54, 24, 31, 0, 1
100, 100, 55, 99, 39, 73, 91, 84, 86, 76, 68, 47, 43, 20, 0, 0, 9
23, 88, 68, 100, 100, 84, 73, 60, 82, 37, 98, 12, 52, 0, 0, 3, 3
100, 52, 40, 48, 0, 71, 26, 100, 78, 91, 88, 57, 73, 22, 33, 0, 9
64, 92, 100, 100, 85, 98, 47, 80, 70, 54, 82, 18, 43, 0, 0, 13, 5
16, 100, 11, 71, 5, 39, 29, 11, 85, 11, 100, 28, 46, 18, 0, 0, 6
0, 94, 61, 100, 100, 77, 83, 44, 58, 13, 44, 0, 25, 29, 97, 36, 7
71, 100, 29, 69, 0, 32, 24, 0, 76, 18, 100, 56, 85, 95, 31, 98, 0
42, 80, 19, 62, 51, 28, 13, 0, 0, 26, 11, 70, 46, 100, 100, 98, 5
4, 77, 29, 100, 80, 98, 68, 69, 93, 46, 100, 13, 52, 0, 0, 4, 3
33, 100, 13, 89, 0, 61, 49, 58, 100, 76, 63, 55, 37, 28, 20, 0, 4
66, 86, 0, 94, 21, 52, 80, 14, 14, 0, 42, 39, 100, 78, 49, 100, 8
100, 100, 55, 100, 13, 76, 0, 46, 12, 15, 64, 0, 78, 27, 26, 46, 6
34, 71, 16, 65, 17, 23, 0, 0, 1, 42, 44, 75, 100, 100, 46, 91, 8
4, 92, 45, 100, 100, 91, 59, 52, 32, 5, 15, 0, 0, 38, 65, 38, 7
95, 85, 100, 100, 61, 71, 41, 36, 50, 0, 93, 3, 58, 30, 0, 26, 6
56, 86, 100, 100, 64, 92, 18, 73, 48, 62, 81, 38, 50, 7, 0, 0, 5
75, 87, 39, 100, 30, 65, 83, 75, 100, 70, 91, 31, 57, 0, 0, 9, 9
98, 70, 85, 100, 33, 86, 46, 65, 100, 73, 84, 37, 52, 6, 0, 0, 9
27, 99, 50, 100, 40, 57, 19, 21, 0, 14, 33, 15, 65, 0, 100, 12, 2
53, 92, 88, 100, 100, 86, 73, 65, 70, 39, 70, 13, 36, 1, 0, 0, 3
0, 95, 40, 100, 74, 80, 40, 55, 1, 35, 15, 12, 63, 8, 100, 0, 2
57, 100, 35, 87, 9, 58, 0, 28, 29, 2, 100, 0, 71, 16, 5, 5, 6
0, 59, 9, 36, 43, 0, 91, 20, 100, 65, 65, 100, 15, 84, 10, 41, 0
49, 100, 19, 91, 31, 54, 36, 15, 0, 0, 7, 36, 51, 63, 100, 87, 8
38, 58, 85, 86, 85, 100, 70, 60, 59, 21, 0, 0, 23, 3, 100, 8, 1
97, 100, 53, 77, 32, 44, 39, 9, 90, 0, 100, 31, 51, 49, 0, 36, 6
0, 91, 19, 97, 69, 100, 100, 85, 84, 62, 59, 41, 33, 21, 7, 0, 7
100, 100, 70, 86, 30, 60, 0, 29, 11, 0, 70, 9, 76, 32, 16, 35, 6
7, 96, 18, 69, 68, 41, 46, 0, 11, 25, 0, 71, 29, 96, 100, 100, 5
57, 87, 100, 69, 97, 100, 23, 83, 74, 59, 96, 52, 78, 10, 0, 0, 9
13, 59, 0, 63, 42, 82, 90, 100, 100, 80, 80, 54, 59, 27, 45, 0, 1
0, 100, 55, 98, 100, 80, 98, 51, 80, 22, 72, 0, 91, 28, 71, 43, 7
100, 100, 61, 88, 30, 64, 7, 36, 0, 5, 42, 0, 49, 23, 6, 25, 6
100, 100, 56, 86, 23, 61, 0, 30, 14, 0, 59, 7, 47, 33, 1, 27, 6
0, 53, 45, 75, 79, 100, 93, 99, 93, 73, 97, 46, 100, 19, 93, 0, 1
46, 84, 72, 100, 83, 83, 82, 60, 100, 36, 77, 12, 39, 0, 0, 3, 3
0, 90, 40, 100, 97, 93, 100, 54, 98, 14, 71, 0, 32, 19, 91, 27, 7
0, 91, 0, 97, 52, 100, 100, 93, 100, 69, 78, 47, 58, 24, 44, 0, 7
37, 100, 0, 72, 6, 57, 65, 67, 100, 86, 64, 66, 44, 32, 20, 0, 4
100, 100, 53, 84, 18, 58, 0, 28, 19, 0, 76, 4, 84, 27, 24, 27, 6
8, 90, 81, 100, 76, 97, 12, 80, 64, 70, 100, 44, 66, 15, 0, 0, 5
54, 64, 30, 96, 15, 61, 69, 27, 52, 0, 0, 30, 48, 66, 100, 100, 8
71, 100, 27, 76, 1, 33, 24, 0, 74, 23, 100, 65, 51, 79, 0, 58, 0
94, 82, 45, 100, 1, 63, 0, 9, 53, 0, 100, 30, 97, 85, 47, 97, 0
0, 85, 43, 100, 100, 95, 85, 74, 44, 57, 33, 37, 50, 16, 9, 0, 3
70, 61, 65, 100, 15, 70, 72, 34, 87, 0, 0, 10, 23, 50, 100, 76, 8
22, 100, 34, 75, 0, 43, 38, 41, 100, 38, 97, 68, 91, 32, 72, 0, 4
0, 79, 35, 100, 87, 99, 100, 71, 63, 46, 23, 24, 46, 4, 98, 0, 2
40, 100, 23, 83, 0, 50, 54, 38, 100, 52, 97, 68, 68, 36, 57, 0, 4
17, 68, 27, 100, 68, 86, 54, 49, 21, 20, 0, 5, 50, 4, 100, 0, 2
11, 85, 0, 46, 12, 5, 53, 0, 88, 25, 100, 68, 73, 100, 34, 92, 0
32, 71, 55, 100, 72, 77, 56, 44, 32, 12, 0, 4, 43, 13, 100, 0, 2
100, 81, 64, 100, 43, 68, 87, 77, 81, 55, 100, 20, 57, 0, 0, 8, 9
56, 97, 41, 63, 69, 26, 29, 0, 6, 28, 0, 72, 45, 94, 100, 100, 5
0, 82, 58, 100, 92, 74, 68, 38, 38, 2, 19, 0, 29, 37, 100, 41, 7
74, 100, 50, 99, 13, 67, 0, 31, 35, 0, 100, 10, 79, 43, 10, 52, 6
21, 100, 0, 70, 7, 42, 91, 49, 100, 64, 70, 67, 72, 34, 70, 0, 4
41, 100, 12, 74, 0, 44, 75, 46, 100, 78, 81, 75, 65, 37, 48, 0, 4
47, 100, 11, 83, 0, 50, 57, 37, 100, 54, 81, 58, 45, 30, 19, 0, 4
27, 95, 14, 59, 70, 43, 59, 0, 0, 10, 6, 56, 30, 96, 100, 100, 5
68, 89, 0, 100, 38, 59, 98, 23, 80, 0, 39, 35, 100, 69, 75, 92, 8
22, 65, 56, 100, 57, 88, 49, 35, 31, 0, 0, 6, 52, 8, 100, 12, 1
81, 100, 29, 89, 0, 55, 3, 15, 51, 0, 94, 24, 100, 64, 68, 97, 0
45, 100, 22, 79, 13, 52, 66, 45, 100, 66, 55, 50, 23, 26, 0, 0, 4
79, 100, 46, 75, 22, 48, 22, 18, 65, 0, 100, 17, 51, 32, 0, 20, 6
3, 81, 57, 100, 100, 92, 63, 49, 23, 7, 0, 0, 30, 32, 93, 34, 7
97, 100, 56, 94, 20, 65, 0, 32, 20, 0, 93, 1, 100, 28, 30, 34, 6
0, 94, 46, 100, 100, 99, 76, 54, 55, 5, 29, 0, 30, 28, 84, 17, 7
50, 90, 0, 89, 62, 47, 88, 0, 5, 4, 42, 51, 100, 95, 11, 100, 8
90, 66, 49, 100, 0, 72, 67, 40, 100, 0, 25, 11, 34, 55, 84, 93, 8
42, 73, 53, 100, 94, 83, 79, 49, 43, 21, 0, 0, 47, 10, 100, 14, 2
57, 100, 51, 71, 10, 47, 0, 43, 54, 36, 100, 48, 85, 33, 71, 0, 4
77, 100, 47, 64, 0, 36, 34, 39, 100, 39, 93, 73, 61, 38, 37, 0, 4
30, 94, 0, 58, 4, 14, 52, 0, 94, 29, 100, 71, 60, 100, 10, 86, 0
60, 82, 21, 74, 0, 25, 34, 0, 82, 27, 100, 75, 54, 100, 14, 75, 0
19, 77, 0, 37, 13, 0, 63, 9, 97, 41, 100, 82, 58, 100, 15, 77, 0
15, 79, 8, 36, 37, 0, 89, 21, 100, 63, 73, 100, 21, 82, 0, 43, 0
96, 82, 63, 100, 0, 84, 31, 71, 100, 84, 91, 55, 64, 28, 36, 0, 9
27, 65, 58, 36, 61, 0, 25, 10, 0, 45, 13, 74, 56, 89, 100, 100, 5
0, 33, 31, 60, 69, 86, 81, 100, 72, 72, 72, 44, 76, 16, 100, 0, 1
0, 71, 24, 100, 64, 99, 69, 63, 53, 29, 28, 0, 57, 5, 100, 10, 2
0, 47, 38, 67, 78, 89, 100, 100, 77, 75, 53, 49, 31, 23, 16, 0, 1
0, 93, 60, 100, 70, 83, 70, 67, 70, 50, 80, 33, 80, 16, 100, 0, 1
18, 74, 3, 67, 74, 34, 41, 0, 3, 27, 59, 63, 100, 100, 0, 95, 8
0, 45, 27, 61, 63, 81, 100, 100, 84, 74, 63, 49, 41, 24, 20, 0, 1
41, 100, 0, 70, 76, 37, 100, 0, 10, 5, 41, 43, 97, 79, 27, 91, 8
52, 100, 28, 75, 63, 36, 41, 0, 0, 18, 16, 66, 47, 99, 100, 99, 5
33, 100, 16, 78, 0, 52, 18, 31, 58, 29, 98, 34, 100, 25, 100, 0, 4
7, 54, 8, 14, 56, 0, 99, 24, 100, 68, 63, 100, 12, 97, 0, 56, 0
0, 62, 32, 73, 69, 91, 100, 100, 80, 75, 59, 51, 39, 26, 27, 0, 1
0, 53, 36, 77, 82, 99, 100, 100, 73, 75, 39, 50, 9, 25, 3, 0, 1
57, 96, 100, 100, 81, 95, 40, 85, 30, 60, 57, 32, 40, 3, 0, 0, 5
86, 71, 70, 100, 0, 87, 13, 60, 86, 71, 100, 60, 87, 27, 88, 0, 9
6, 96, 23, 52, 100, 63, 53, 100, 19, 77, 94, 48, 87, 2, 0, 0, 9
17, 100, 5, 71, 0, 40, 60, 39, 100, 58, 85, 61, 77, 29, 69, 0, 4
44, 81, 72, 100, 100, 82, 64, 58, 99, 42, 93, 13, 47, 1, 0, 0, 3
100, 84, 55, 99, 4, 72, 49, 33, 43, 0, 0, 28, 41, 69, 97, 100, 8
0, 69, 42, 87, 100, 100, 75, 79, 50, 59, 25, 39, 17, 19, 67, 0, 1
10, 87, 58, 100, 92, 84, 64, 58, 62, 36, 100, 17, 55, 0, 0, 1, 3
0, 56, 44, 88, 67, 100, 68, 54, 70, 7, 11, 1, 37, 0, 100, 3, 1
0, 60, 9, 71, 45, 100, 35, 64, 38, 28, 7, 0, 21, 1, 100, 4, 1
40, 100, 16, 81, 0, 59, 22, 40, 81, 47, 100, 44, 79, 22, 67, 0, 4
6, 100, 18, 89, 14, 54, 0, 21, 54, 21, 99, 38, 92, 34, 100, 0, 4
0, 51, 33, 75, 68, 100, 51, 85, 53, 59, 58, 33, 65, 7, 100, 0, 1
35, 97, 35, 61, 44, 19, 0, 0, 23, 38, 61, 68, 100, 99, 51, 100, 8
23, 78, 26, 100, 62, 85, 34, 55, 0, 27, 1, 0, 51, 0, 100, 7, 2
0, 85, 34, 100, 85, 78, 75, 38, 56, 0, 14, 16, 29, 37, 100, 37, 7
96, 66, 64, 100, 0, 88, 31, 54, 86, 72, 100, 42, 87, 0, 19, 3, 9
25, 67, 41, 100, 80, 91, 61, 53, 24, 26, 0, 15, 49, 6, 100, 0, 2
33, 61, 63, 93, 60, 100, 55, 57, 42, 15, 0, 0, 50, 5, 100, 7, 1
37, 92, 6, 59, 0, 13, 39, 0, 78, 25, 100, 65, 75, 100, 30, 100, 0
0, 93, 60, 100, 65, 66, 51, 33, 35, 0, 11, 23, 31, 37, 100, 38, 7
48, 94, 0, 76, 53, 39, 47, 0, 3, 14, 70, 46, 100, 88, 28, 100, 8
54, 77, 47, 98, 100, 100, 93, 74, 77, 43, 96, 11, 46, 0, 0, 16, 3
16, 73, 38, 100, 60, 76, 40, 43, 7, 16, 0, 9, 50, 0, 100, 1, 2
0, 88, 18, 100, 68, 97, 59, 70, 55, 50, 100, 37, 84, 11, 35, 0, 3
100, 95, 74, 100, 25, 89, 17, 53, 72, 45, 99, 19, 53, 3, 0, 0, 5
100, 100, 58, 81, 27, 56, 1, 28, 0, 0, 53, 5, 53, 30, 0, 27, 6
76, 69, 24, 51, 0, 72, 39, 100, 91, 99, 100, 66, 93, 32, 87, 0, 9
44, 75, 21, 38, 0, 0, 18, 28, 56, 60, 100, 90, 82, 100, 28, 81, 8
5, 96, 37, 100, 66, 76, 42, 45, 4, 22, 0, 3, 50, 1, 100, 0, 2
0, 64, 16, 100, 57, 94, 37, 53, 0, 22, 5, 18, 52, 8, 100, 0, 2
0, 76, 30, 100, 82, 97, 100, 71, 80, 44, 47, 20, 40, 0, 98, 0, 2
43, 82, 60, 100, 100, 91, 74, 68, 60, 50, 77, 26, 41, 10, 0, 0, 3
25, 100, 0, 75, 9, 50, 77, 49, 100, 72, 77, 53, 67, 26, 65, 0, 4
15, 80, 0, 32, 35, 0, 80, 14, 100, 61, 71, 100, 24, 86, 13, 40, 0
33, 90, 66, 100, 66, 71, 63, 64, 100, 44, 78, 14, 27, 0, 0, 24, 3
40, 64, 67, 82, 100, 100, 81, 80, 60, 60, 38, 40, 15, 20, 0, 0, 1
72, 100, 43, 74, 19, 48, 4, 20, 36, 0, 100, 16, 58, 28, 0, 10, 6
100, 92, 62, 100, 44, 70, 84, 79, 79, 75, 72, 33, 45, 0, 0, 0, 9
17, 73, 35, 43, 37, 10, 0, 0, 7, 36, 18, 70, 58, 87, 100, 100, 5
18, 100, 8, 53, 24, 5, 69, 0, 100, 39, 91, 87, 45, 98, 0, 79, 0
20, 100, 7, 78, 0, 44, 32, 24, 89, 29, 100, 55, 76, 31, 55, 0, 4
14, 76, 43, 100, 72, 79, 46, 45, 12, 15, 0, 0, 50, 4, 100, 7, 2
55, 65, 100, 87, 61, 100, 53, 66, 71, 29, 40, 0, 0, 21, 39, 47, 8
76, 100, 36, 75, 10, 47, 0, 17, 43, 0, 100, 12, 63, 31, 3, 23, 6
22, 90, 67, 100, 87, 80, 61, 57, 30, 34, 0, 12, 41, 0, 100, 1, 2
73, 100, 0, 91, 49, 63, 100, 31, 58, 0, 16, 28, 45, 69, 30, 98, 8
100, 93, 64, 100, 30, 72, 10, 42, 12, 11, 72, 0, 66, 24, 0, 14, 6
90, 100, 43, 79, 0, 56, 51, 58, 100, 69, 97, 61, 79, 28, 60, 0, 4
85, 90, 35, 100, 15, 77, 32, 53, 91, 52, 100, 22, 56, 0, 0, 7, 5
0, 95, 53, 100, 100, 93, 76, 60, 51, 27, 31, 0, 33, 35, 91, 41, 7
74, 69, 100, 100, 84, 86, 70, 51, 47, 19, 0, 0, 36, 7, 98, 10, 1
41, 69, 71, 100, 67, 71, 54, 31, 41, 1, 0, 0, 50, 1, 100, 3, 1
38, 100, 4, 73, 0, 29, 33, 0, 78, 3, 100, 39, 85, 79, 44, 98, 0
17, 80, 48, 100, 70, 77, 56, 54, 100, 45, 91, 13, 48, 0, 0, 6, 3
0, 83, 43, 100, 89, 85, 75, 57, 42, 32, 0, 11, 35, 0, 100, 0, 2
66, 100, 43, 66, 0, 37, 33, 39, 100, 42, 78, 68, 51, 35, 39, 0, 4
7, 66, 43, 92, 42, 100, 43, 58, 55, 17, 0, 0, 22, 0, 100, 1, 1
3, 70, 0, 58, 57, 80, 100, 100, 84, 75, 81, 50, 81, 25, 97, 0, 1
0, 91, 32, 100, 49, 77, 39, 50, 21, 25, 20, 5, 60, 3, 100, 0, 2
27, 76, 62, 100, 84, 76, 66, 41, 37, 11, 0, 3, 50, 1, 100, 0, 2
0, 96, 41, 100, 86, 89, 99, 57, 95, 23, 87, 0, 64, 30, 100, 44, 7
44, 73, 81, 100, 65, 66, 54, 24, 28, 0, 0, 6, 50, 8, 100, 9, 1
12, 88, 53, 100, 100, 94, 68, 69, 80, 39, 95, 10, 51, 0, 0, 6, 3
17, 91, 24, 72, 59, 40, 29, 0, 5, 33, 0, 90, 49, 96, 100, 100, 5
100, 100, 62, 90, 31, 61, 12, 28, 33, 0, 78, 13, 44, 27, 0, 10, 6
24, 84, 6, 80, 0, 35, 31, 0, 79, 11, 100, 53, 77, 92, 27, 100, 0
100, 51, 72, 100, 0, 88, 28, 42, 77, 0, 2, 11, 5, 55, 78, 82, 8
27, 90, 64, 100, 67, 70, 37, 43, 0, 22, 12, 18, 64, 19, 100, 0, 2
31, 65, 0, 88, 40, 100, 68, 72, 56, 32, 28, 0, 57, 1, 100, 6, 2
58, 100, 0, 85, 51, 50, 79, 11, 14, 0, 44, 39, 100, 71, 51, 83, 8
0, 77, 38, 89, 56, 100, 46, 57, 47, 15, 100, 11, 45, 4, 8, 0, 1
18, 62, 98, 74, 92, 100, 0, 93, 15, 73, 100, 62, 91, 31, 71, 0, 9
15, 100, 0, 68, 6, 23, 41, 0, 80, 5, 100, 42, 80, 80, 42, 94, 0
0, 65, 24, 98, 63, 100, 55, 61, 26, 29, 19, 0, 59, 1, 100, 6, 2
15, 78, 6, 33, 34, 0, 79, 17, 100, 58, 81, 99, 34, 100, 0, 68, 0
33, 83, 4, 65, 73, 52, 61, 7, 0, 0, 6, 51, 26, 95, 100, 100, 5
0, 94, 45, 100, 92, 79, 83, 37, 56, 0, 36, 16, 44, 44, 100, 45, 7
53, 94, 100, 100, 60, 90, 28, 65, 42, 52, 72, 35, 46, 7, 0, 0, 5
40, 99, 2, 100, 35, 72, 56, 99, 86, 67, 100, 28, 59, 0, 0, 7, 9
0, 40, 31, 62, 68, 78, 100, 100, 91, 91, 67, 62, 46, 33, 36, 0, 1
0, 0, 41, 16, 77, 37, 100, 65, 100, 96, 60, 100, 54, 71, 87, 48, 9
100, 100, 80, 100, 38, 71, 11, 34, 31, 0, 81, 12, 53, 45, 0, 45, 6
40, 82, 10, 76, 59, 42, 66, 0, 0, 7, 0, 46, 32, 86, 100, 100, 5
88, 95, 43, 99, 8, 65, 0, 23, 40, 0, 88, 21, 100, 61, 79, 100, 0
85, 90, 10, 65, 100, 69, 34, 100, 53, 41, 0, 0, 92, 5, 35, 48, 8
20, 92, 22, 100, 0, 63, 41, 40, 100, 41, 95, 74, 69, 39, 57, 0, 4
0, 47, 7, 58, 48, 79, 90, 100, 100, 81, 85, 54, 67, 27, 51, 0, 1
41, 58, 99, 39, 100, 1, 27, 0, 33, 40, 80, 75, 66, 100, 0, 83, 8
0, 0, 42, 18, 77, 43, 100, 73, 84, 100, 29, 92, 24, 64, 79, 53, 9
20, 91, 27, 61, 66, 35, 47, 0, 0, 21, 11, 66, 44, 95, 100, 100, 5
11, 85, 44, 59, 47, 21, 7, 0, 0, 38, 5, 75, 50, 92, 100, 100, 5
0, 100, 5, 86, 2, 66, 3, 45, 38, 34, 68, 39, 81, 19, 100, 0, 4
0, 82, 10, 99, 54, 99, 98, 100, 100, 80, 78, 55, 62, 28, 57, 0, 7
76, 100, 59, 66, 89, 23, 9, 0, 0, 31, 80, 62, 100, 96, 2, 86, 8
100, 90, 48, 100, 0, 88, 8, 60, 60, 52, 86, 22, 50, 0, 8, 12, 5
5, 75, 0, 46, 16, 5, 67, 0, 100, 34, 92, 75, 47, 100, 6, 77, 0
100, 84, 78, 100, 69, 82, 87, 83, 80, 51, 77, 17, 45, 0, 0, 8, 9
26, 92, 0, 54, 13, 12, 63, 0, 99, 30, 100, 74, 61, 100, 13, 80, 0
13, 93, 21, 49, 51, 24, 15, 0, 0, 45, 18, 92, 59, 100, 100, 95, 5
65, 95, 0, 77, 46, 36, 35, 0, 5, 26, 73, 61, 100, 100, 6, 84, 8
32, 100, 0, 79, 16, 51, 77, 49, 100, 80, 70, 62, 45, 32, 26, 0, 4
20, 73, 58, 100, 62, 87, 55, 42, 41, 3, 0, 0, 50, 1, 100, 6, 1
0, 78, 29, 100, 69, 87, 62, 57, 34, 32, 2, 8, 48, 1, 100, 0, 2
0, 100, 53, 97, 100, 96, 71, 58, 57, 14, 44, 0, 33, 35, 90, 38, 7
40, 99, 5, 63, 46, 41, 9, 0, 0, 34, 1, 86, 37, 100, 100, 96, 5
75, 92, 23, 83, 58, 39, 77, 0, 0, 13, 42, 51, 100, 86, 32, 100, 8
82, 77, 45, 100, 0, 78, 47, 58, 100, 81, 94, 56, 87, 22, 88, 0, 9
22, 84, 41, 100, 49, 69, 26, 40, 0, 11, 21, 0, 60, 6, 100, 12, 2
21, 77, 0, 35, 29, 0, 69, 7, 100, 43, 85, 89, 44, 100, 12, 73, 0
0, 48, 13, 65, 47, 83, 82, 100, 100, 94, 77, 63, 54, 33, 45, 0, 1
70, 81, 25, 100, 0, 74, 42, 40, 77, 5, 40, 0, 53, 40, 100, 70, 8
0, 72, 28, 100, 53, 77, 53, 24, 42, 0, 36, 34, 68, 49, 100, 67, 7
32, 100, 7, 79, 0, 34, 32, 0, 82, 4, 100, 46, 70, 81, 21, 97, 0
20, 87, 60, 100, 69, 75, 50, 52, 100, 44, 96, 18, 51, 1, 0, 0, 3
24, 86, 22, 100, 76, 90, 49, 64, 57, 50, 100, 27, 70, 1, 0, 0, 3
32, 72, 57, 93, 100, 100, 87, 78, 62, 56, 61, 30, 44, 7, 0, 0, 3
43, 100, 86, 85, 72, 56, 51, 28, 40, 0, 0, 23, 28, 38, 100, 42, 7
49, 99, 5, 74, 0, 24, 46, 0, 98, 21, 100, 70, 55, 100, 5, 79, 0
60, 100, 38, 82, 0, 59, 17, 39, 93, 49, 100, 47, 69, 23, 39, 0, 4
0, 62, 52, 63, 78, 98, 23, 100, 32, 70, 99, 77, 100, 39, 94, 0, 9
10, 94, 0, 98, 65, 100, 100, 100, 66, 76, 47, 49, 36, 22, 52, 0, 7
6, 89, 52, 100, 100, 91, 93, 65, 62, 43, 25, 23, 0, 2, 55, 0, 2
0, 100, 8, 74, 95, 80, 62, 96, 16, 78, 100, 64, 85, 28, 58, 0, 9
62, 100, 26, 78, 0, 45, 8, 9, 54, 0, 100, 8, 62, 20, 17, 11, 6
49, 100, 13, 69, 0, 27, 30, 0, 74, 19, 100, 56, 83, 94, 36, 98, 0
20, 75, 0, 45, 29, 11, 69, 0, 100, 26, 90, 73, 56, 100, 17, 94, 0
60, 100, 36, 67, 0, 39, 46, 48, 99, 58, 100, 62, 77, 29, 52, 0, 4
2, 71, 32, 61, 100, 44, 100, 0, 29, 5, 0, 50, 23, 89, 98, 100, 5
33, 100, 10, 87, 0, 69, 54, 58, 100, 75, 66, 52, 33, 26, 4, 0, 4
95, 90, 70, 95, 0, 100, 0, 66, 69, 59, 100, 27, 53, 0, 16, 13, 5
85, 78, 60, 100, 28, 69, 85, 68, 97, 68, 100, 30, 66, 0, 0, 9, 9
70, 100, 36, 70, 0, 41, 25, 31, 90, 36, 100, 45, 80, 33, 62, 0, 4
0, 74, 44, 86, 94, 100, 100, 85, 79, 64, 54, 42, 31, 21, 8, 0, 1
23, 88, 52, 100, 51, 67, 30, 38, 0, 16, 27, 8, 64, 3, 100, 0, 2
32, 62, 2, 35, 0, 6, 57, 0, 97, 22, 100, 52, 77, 80, 30, 100, 0
11, 81, 60, 100, 100, 89, 69, 55, 31, 24, 0, 0, 7, 39, 64, 43, 7
25, 90, 24, 100, 61, 90, 31, 64, 77, 53, 100, 27, 68, 4, 0, 0, 3
35, 84, 71, 100, 100, 79, 72, 52, 35, 31, 0, 9, 39, 0, 88, 0, 2
75, 100, 44, 70, 23, 34, 47, 4, 100, 6, 89, 29, 36, 26, 0, 0, 6
54, 93, 100, 100, 60, 97, 26, 71, 75, 59, 88, 29, 48, 5, 0, 0, 5
16, 69, 59, 84, 100, 100, 90, 82, 68, 61, 44, 40, 19, 20, 0, 0, 1
97, 91, 33, 93, 55, 46, 54, 0, 0, 10, 49, 49, 100, 87, 30, 100, 8
70, 74, 6, 84, 57, 60, 100, 96, 62, 100, 100, 59, 79, 15, 0, 0, 9
22, 61, 54, 94, 62, 100, 56, 58, 51, 17, 0, 4, 55, 1, 100, 0, 1
0, 58, 18, 26, 49, 0, 86, 18, 100, 50, 86, 82, 45, 100, 17, 77, 0
29, 100, 8, 62, 0, 20, 41, 0, 87, 19, 100, 59, 60, 86, 8, 89, 0
0, 76, 33, 100, 82, 92, 45, 70, 69, 45, 100, 16, 58, 0, 13, 10, 3
55, 66, 51, 100, 86, 87, 63, 42, 25, 9, 0, 4, 50, 8, 100, 0, 2
47, 100, 27, 50, 0, 20, 50, 30, 100, 31, 89, 59, 58, 50, 39, 0, 4
20, 92, 5, 100, 0, 76, 2, 52, 52, 33, 95, 47, 80, 23, 100, 0, 4
58, 100, 21, 80, 0, 48, 9, 14, 56, 0, 100, 16, 64, 27, 25, 8, 6
38, 100, 16, 68, 0, 36, 51, 30, 100, 34, 90, 62, 63, 31, 41, 0, 4
93, 77, 47, 100, 8, 68, 70, 33, 74, 0, 0, 20, 52, 57, 100, 92, 8
41, 82, 66, 100, 100, 78, 62, 51, 77, 43, 95, 13, 49, 0, 0, 8, 3
0, 100, 58, 94, 73, 68, 54, 34, 34, 0, 19, 1, 40, 21, 100, 19, 7
80, 70, 95, 100, 7, 89, 0, 57, 82, 76, 100, 56, 82, 20, 11, 0, 9
100, 81, 65, 97, 24, 100, 7, 64, 41, 57, 65, 25, 31, 0, 0, 5, 5
30, 97, 12, 71, 0, 28, 33, 0, 84, 16, 100, 57, 74, 94, 24, 100, 0
40, 99, 100, 100, 43, 99, 6, 69, 42, 50, 89, 26, 60, 1, 0, 0, 5
30, 86, 0, 42, 23, 0, 70, 3, 100, 41, 82, 90, 37, 100, 22, 54, 0
36, 93, 31, 55, 79, 100, 0, 73, 31, 53, 27, 0, 100, 37, 32, 46, 8
87, 96, 62, 81, 99, 100, 66, 92, 99, 61, 100, 26, 55, 2, 0, 0, 9
0, 92, 39, 99, 100, 100, 82, 66, 50, 33, 17, 0, 19, 17, 65, 30, 7
57, 82, 58, 100, 96, 90, 72, 61, 100, 45, 86, 15, 44, 0, 0, 4, 3
50, 100, 10, 73, 0, 29, 36, 0, 83, 17, 100, 60, 68, 94, 26, 76, 0
76, 100, 28, 96, 0, 66, 2, 32, 45, 9, 100, 17, 53, 26, 19, 0, 6
51, 71, 53, 100, 87, 83, 69, 43, 34, 11, 0, 6, 50, 14, 100, 0, 2
100, 75, 82, 100, 29, 91, 20, 74, 74, 74, 63, 42, 30, 15, 0, 0, 9
13, 71, 30, 100, 60, 79, 40, 42, 6, 13, 0, 9, 51, 11, 100, 0, 2
67, 88, 100, 72, 85, 100, 54, 70, 94, 83, 92, 35, 59, 0, 0, 2, 9
0, 48, 35, 57, 67, 78, 99, 100, 100, 88, 79, 58, 63, 27, 75, 0, 1
19, 63, 76, 69, 100, 100, 38, 94, 0, 64, 63, 62, 88, 41, 73, 0, 9
100, 73, 38, 64, 0, 78, 41, 100, 90, 88, 89, 58, 80, 28, 97, 0, 9
34, 100, 2, 82, 0, 28, 32, 0, 70, 10, 100, 44, 89, 90, 53, 100, 0
100, 100, 64, 97, 36, 70, 13, 41, 9, 11, 52, 0, 51, 17, 0, 15, 6
15, 63, 36, 100, 68, 70, 50, 24, 8, 0, 0, 6, 50, 5, 100, 4, 2
26, 94, 0, 80, 47, 41, 68, 0, 5, 9, 52, 46, 100, 84, 36, 100, 8
0, 92, 22, 99, 68, 100, 100, 87, 83, 64, 56, 44, 32, 23, 16, 0, 7
0, 98, 67, 93, 47, 100, 19, 68, 45, 55, 100, 33, 73, 0, 17, 7, 5
34, 100, 24, 70, 0, 41, 27, 26, 86, 27, 100, 51, 98, 31, 97, 0, 4
0, 76, 70, 100, 100, 79, 60, 40, 25, 0, 8, 1, 12, 38, 100, 47, 7
0, 39, 47, 63, 88, 87, 100, 100, 76, 75, 53, 50, 29, 25, 29, 0, 1
8, 84, 37, 100, 54, 72, 32, 42, 0, 18, 15, 10, 58, 5, 100, 0, 2
0, 65, 13, 100, 55, 87, 48, 42, 15, 9, 1, 17, 51, 12, 100, 0, 2
44, 76, 61, 100, 6, 75, 41, 38, 70, 0, 0, 0, 33, 36, 100, 62, 8
26, 64, 34, 100, 65, 77, 43, 36, 1, 11, 0, 8, 50, 4, 100, 0, 2
0, 53, 15, 63, 62, 80, 100, 100, 79, 76, 55, 51, 35, 26, 22, 0, 1
55, 95, 78, 100, 71, 60, 41, 27, 0, 0, 1, 26, 52, 21, 100, 4, 2
24, 91, 0, 55, 22, 3, 71, 0, 100, 48, 82, 100, 37, 76, 1, 33, 0
100, 100, 85, 86, 60, 62, 41, 36, 29, 9, 58, 0, 46, 21, 0, 21, 6
13, 87, 41, 62, 93, 44, 78, 0, 28, 15, 0, 62, 39, 92, 100, 100, 5
95, 100, 59, 80, 27, 51, 11, 20, 48, 0, 100, 15, 57, 31, 0, 19, 6
38, 84, 70, 100, 96, 81, 76, 54, 100, 27, 75, 1, 29, 0, 0, 24, 3
48, 100, 15, 75, 0, 38, 12, 3, 52, 0, 86, 24, 100, 60, 76, 91, 0
26, 84, 63, 100, 73, 80, 71, 60, 100, 37, 84, 9, 41, 0, 0, 10, 3
64, 53, 100, 79, 62, 100, 0, 84, 29, 68, 93, 57, 87, 28, 60, 0, 9
26, 84, 66, 100, 100, 83, 79, 55, 85, 35, 90, 9, 44, 0, 0, 10, 3
34, 82, 0, 40, 30, 0, 83, 10, 100, 60, 65, 100, 15, 80, 7, 28, 0
79, 78, 42, 100, 27, 66, 68, 30, 50, 0, 0, 22, 45, 54, 100, 82, 8
65, 67, 72, 100, 1, 75, 32, 37, 61, 0, 0, 4, 32, 44, 100, 74, 8
0, 54, 16, 68, 59, 83, 99, 100, 100, 90, 74, 62, 51, 32, 34, 0, 1
36, 85, 71, 100, 100, 82, 72, 56, 36, 35, 0, 13, 33, 0, 88, 0, 2
49, 100, 16, 63, 0, 17, 36, 0, 79, 22, 100, 66, 63, 90, 23, 69, 0
64, 100, 41, 78, 18, 57, 0, 36, 36, 22, 100, 32, 92, 20, 69, 0, 4
28, 94, 99, 100, 69, 95, 22, 70, 51, 53, 100, 27, 67, 0, 0, 9, 5
24, 85, 3, 50, 84, 52, 59, 5, 0, 0, 1, 52, 11, 94, 100, 100, 5
0, 100, 53, 97, 91, 69, 72, 29, 31, 0, 5, 35, 46, 49, 100, 41, 7
72, 100, 3, 76, 100, 63, 49, 99, 29, 45, 0, 28, 53, 0, 33, 48, 8
2, 85, 28, 100, 53, 81, 31, 54, 0, 35, 35, 35, 67, 17, 100, 0, 2
18, 100, 16, 91, 0, 64, 22, 39, 100, 41, 86, 55, 61, 28, 61, 0, 4
20, 71, 6, 34, 44, 0, 95, 19, 100, 62, 69, 100, 15, 92, 0, 51, 0
0, 86, 26, 100, 68, 97, 84, 62, 75, 19, 55, 0, 57, 23, 100, 23, 7
75, 100, 30, 89, 1, 51, 0, 9, 57, 0, 100, 27, 45, 39, 10, 11, 6
71, 93, 87, 63, 94, 100, 47, 74, 100, 72, 98, 40, 67, 3, 0, 0, 9
27, 100, 41, 75, 0, 48, 43, 47, 84, 56, 100, 68, 93, 31, 82, 0, 4
42, 91, 48, 52, 52, 15, 8, 0, 0, 31, 11, 70, 53, 90, 100, 100, 5
30, 81, 62, 43, 64, 0, 29, 15, 62, 52, 100, 87, 58, 100, 0, 87, 8
0, 81, 9, 100, 40, 85, 33, 54, 11, 26, 18, 9, 60, 4, 100, 0, 2
0, 45, 26, 68, 68, 88, 100, 100, 76, 75, 55, 51, 42, 26, 40, 0, 1
0, 79, 35, 100, 71, 83, 45, 55, 84, 47, 100, 20, 57, 0, 3, 0, 3
71, 100, 44, 63, 0, 38, 57, 43, 100, 52, 82, 80, 66, 41, 60, 0, 4
0, 100, 52, 100, 88, 81, 73, 45, 58, 8, 36, 0, 39, 21, 100, 19, 7
36, 100, 0, 70, 32, 46, 93, 53, 100, 88, 74, 67, 52, 33, 31, 0, 4
0, 37, 35, 57, 67, 80, 100, 100, 87, 76, 69, 50, 56, 25, 46, 0, 1
86, 100, 34, 98, 0, 62, 9, 22, 57, 0, 100, 25, 94, 66, 51, 94, 0
56, 76, 66, 100, 0, 88, 23, 60, 90, 71, 100, 68, 87, 31, 92, 0, 9
50, 91, 36, 54, 63, 22, 17, 0, 0, 29, 6, 80, 48, 100, 100, 94, 5
100, 74, 69, 100, 16, 88, 47, 76, 100, 74, 91, 37, 54, 8, 0, 0, 9
0, 85, 22, 100, 53, 83, 45, 55, 21, 31, 15, 6, 57, 1, 100, 0, 2
18, 68, 50, 54, 100, 19, 30, 0, 24, 35, 84, 68, 90, 100, 0, 84, 8
0, 27, 34, 51, 70, 75, 100, 100, 83, 77, 68, 52, 55, 26, 47, 0, 1
75, 77, 41, 100, 19, 68, 65, 36, 59, 0, 0, 5, 43, 38, 100, 66, 8
0, 90, 22, 100, 39, 59, 37, 11, 31, 0, 21, 32, 60, 35, 100, 39, 7
100, 100, 73, 83, 32, 59, 4, 33, 0, 4, 66, 0, 88, 18, 20, 18, 6
100, 99, 60, 100, 53, 77, 90, 94, 82, 70, 66, 43, 37, 20, 0, 0, 9
35, 85, 89, 100, 100, 96, 36, 88, 33, 54, 95, 40, 60, 6, 0, 0, 5
100, 100, 68, 81, 40, 57, 20, 28, 24, 0, 59, 10, 36, 25, 0, 14, 6
0, 50, 38, 68, 65, 93, 100, 100, 88, 75, 72, 50, 60, 25, 45, 0, 1
38, 100, 20, 77, 0, 55, 4, 31, 60, 29, 100, 46, 79, 23, 63, 0, 4
11, 100, 24, 67, 54, 32, 39, 0, 8, 29, 0, 71, 43, 88, 100, 90, 5
0, 66, 21, 100, 50, 78, 42, 33, 24, 0, 9, 40, 54, 55, 100, 69, 7
43, 92, 62, 70, 64, 100, 3, 91, 68, 75, 100, 34, 67, 0, 0, 8, 9
43, 80, 65, 100, 98, 88, 69, 50, 29, 20, 0, 12, 52, 19, 100, 0, 2
65, 92, 19, 70, 0, 36, 6, 0, 62, 1, 97, 31, 100, 67, 77, 100, 0
0, 100, 1, 58, 20, 17, 58, 0, 94, 19, 100, 64, 69, 92, 28, 90, 0
7, 72, 77, 75, 76, 100, 0, 81, 18, 61, 100, 74, 69, 40, 50, 0, 9
11, 100, 59, 98, 58, 59, 42, 21, 25, 0, 0, 35, 49, 40, 100, 41, 7
36, 70, 53, 99, 100, 100, 88, 68, 85, 43, 91, 13, 47, 0, 0, 12, 3
0, 93, 57, 100, 97, 75, 91, 37, 82, 0, 53, 16, 32, 41, 100, 45, 7
1, 55, 7, 100, 30, 92, 20, 45, 0, 4, 23, 0, 61, 10, 100, 12, 2
4, 61, 18, 100, 58, 88, 43, 43, 5, 13, 0, 17, 48, 0, 100, 1, 2
23, 100, 22, 75, 0, 44, 47, 32, 100, 46, 99, 68, 90, 34, 86, 0, 4
42, 100, 18, 67, 0, 34, 2, 0, 67, 8, 97, 39, 100, 73, 43, 88, 0
45, 92, 69, 100, 69, 70, 60, 44, 100, 28, 78, 4, 33, 0, 0, 15, 3
46, 96, 60, 100, 100, 90, 70, 63, 64, 42, 86, 16, 46, 0, 0, 2, 3
12, 100, 7, 80, 0, 60, 3, 39, 36, 23, 86, 34, 88, 20, 100, 0, 4
59, 100, 9, 64, 0, 23, 61, 17, 100, 28, 73, 82, 57, 60, 50, 0, 4
72, 96, 100, 100, 57, 95, 31, 65, 49, 51, 67, 29, 39, 0, 0, 3, 5
100, 100, 56, 80, 23, 54, 0, 25, 19, 0, 77, 5, 70, 22, 11, 16, 6
100, 100, 55, 94, 19, 70, 0, 36, 12, 3, 57, 0, 66, 30, 20, 35, 6
27, 100, 14, 76, 0, 44, 41, 33, 94, 35, 100, 63, 76, 34, 76, 0, 4
29, 88, 67, 100, 81, 73, 40, 51, 98, 47, 100, 14, 46, 0, 0, 11, 3
58, 100, 35, 74, 0, 42, 33, 40, 96, 42, 100, 66, 88, 36, 94, 0, 4
51, 63, 59, 100, 79, 70, 56, 31, 20, 0, 0, 6, 47, 24, 100, 19, 2
0, 82, 38, 100, 79, 84, 46, 56, 60, 38, 100, 18, 56, 0, 12, 6, 3
71, 100, 34, 74, 11, 42, 24, 9, 76, 0, 100, 22, 45, 24, 0, 6, 6
59, 79, 40, 99, 0, 62, 1, 14, 59, 0, 100, 35, 80, 80, 21, 100, 0
0, 78, 28, 100, 79, 82, 63, 48, 59, 48, 100, 22, 55, 0, 9, 8, 3
100, 94, 50, 100, 22, 76, 30, 51, 78, 44, 87, 14, 48, 0, 0, 5, 5
31, 74, 62, 37, 55, 0, 0, 17, 46, 49, 100, 78, 83, 100, 34, 72, 8
100, 100, 48, 96, 15, 64, 0, 31, 25, 0, 95, 8, 94, 38, 25, 31, 6
80, 71, 59, 100, 18, 73, 44, 34, 50, 0, 0, 20, 46, 50, 100, 74, 8
32, 74, 8, 39, 27, 0, 73, 11, 100, 48, 82, 89, 37, 100, 0, 74, 0
0, 95, 52, 100, 100, 89, 84, 57, 60, 27, 35, 0, 12, 29, 65, 35, 7
0, 80, 44, 100, 74, 70, 52, 33, 20, 0, 5, 30, 45, 41, 100, 41, 7
0, 60, 56, 77, 89, 100, 89, 96, 81, 72, 78, 47, 78, 23, 100, 0, 1
0, 93, 39, 100, 90, 89, 87, 45, 86, 0, 41, 13, 45, 36, 100, 44, 7
0, 73, 36, 77, 81, 98, 100, 100, 92, 75, 84, 49, 78, 23, 93, 0, 1
7, 85, 49, 97, 97, 100, 100, 77, 86, 48, 88, 20, 46, 7, 0, 0, 3
22, 82, 17, 46, 42, 10, 1, 0, 0, 42, 14, 82, 56, 94, 100, 100, 5
56, 100, 17, 71, 0, 31, 28, 0, 80, 16, 100, 56, 80, 93, 28, 89, 0
21, 66, 50, 100, 82, 73, 66, 32, 24, 7, 0, 21, 50, 12, 100, 0, 2
63, 100, 21, 81, 0, 51, 7, 19, 56, 0, 100, 17, 54, 33, 0, 19, 6
0, 70, 6, 98, 46, 100, 76, 77, 50, 46, 24, 17, 58, 0, 100, 1, 2
68, 100, 32, 95, 0, 61, 35, 34, 99, 28, 100, 66, 63, 35, 33, 0, 4
39, 100, 0, 80, 2, 49, 67, 40, 100, 64, 60, 63, 31, 32, 14, 0, 4
60, 89, 69, 100, 100, 88, 69, 68, 48, 47, 76, 29, 40, 13, 0, 0, 3
100, 88, 62, 100, 23, 85, 0, 54, 4, 18, 39, 0, 58, 26, 18, 32, 6
0, 95, 14, 100, 60, 99, 100, 100, 61, 86, 43, 58, 33, 29, 32, 0, 7
36, 100, 100, 99, 82, 65, 60, 32, 36, 0, 0, 21, 25, 33, 92, 34, 7
83, 63, 77, 55, 100, 15, 35, 0, 23, 38, 70, 73, 63, 100, 0, 78, 8
0, 71, 38, 95, 47, 100, 49, 49, 39, 4, 2, 1, 53, 1, 100, 0, 1
15, 87, 60, 100, 95, 84, 50, 66, 96, 49, 100, 18, 56, 0, 0, 1, 3
0, 63, 36, 100, 81, 93, 66, 44, 30, 5, 0, 0, 47, 19, 100, 10, 2
0, 100, 64, 98, 100, 80, 55, 41, 14, 0, 2, 5, 20, 30, 86, 36, 7
100, 100, 59, 94, 55, 69, 87, 93, 91, 63, 76, 25, 43, 1, 0, 0, 9
0, 63, 30, 50, 64, 20, 50, 0, 23, 35, 16, 73, 53, 96, 100, 100, 5
0, 92, 46, 100, 82, 76, 70, 38, 50, 0, 31, 10, 48, 34, 100, 36, 7
42, 81, 7, 65, 0, 20, 45, 0, 89, 32, 100, 76, 55, 100, 7, 73, 0
62, 100, 88, 96, 60, 74, 82, 56, 100, 31, 84, 5, 41, 0, 0, 11, 3
100, 85, 17, 97, 8, 71, 88, 41, 67, 0, 0, 23, 47, 63, 100, 100, 8
0, 93, 51, 100, 100, 84, 75, 42, 50, 0, 30, 1, 36, 28, 94, 29, 7
0, 88, 48, 98, 100, 100, 80, 67, 46, 34, 13, 0, 24, 32, 77, 41, 7
0, 55, 57, 76, 100, 100, 73, 83, 71, 57, 79, 32, 89, 6, 93, 0, 1
100, 83, 29, 71, 0, 85, 63, 100, 100, 79, 96, 52, 92, 26, 100, 0, 9
0, 59, 20, 79, 100, 100, 100, 90, 60, 67, 33, 44, 7, 22, 33, 0, 1
23, 96, 0, 61, 2, 20, 37, 0, 75, 19, 100, 53, 95, 93, 55, 100, 0
64, 100, 15, 77, 0, 45, 100, 59, 84, 78, 58, 90, 56, 44, 67, 0, 4
40, 98, 17, 76, 0, 28, 35, 0, 84, 25, 100, 70, 55, 100, 4, 95, 0
23, 69, 60, 33, 48, 0, 0, 19, 48, 50, 100, 81, 68, 100, 17, 71, 8
39, 100, 6, 71, 0, 36, 61, 26, 100, 47, 98, 69, 80, 35, 75, 0, 4
14, 73, 0, 27, 38, 0, 84, 10, 100, 55, 75, 96, 31, 100, 9, 60, 0
15, 81, 42, 100, 71, 81, 54, 54, 27, 30, 0, 5, 45, 0, 100, 1, 2
100, 100, 56, 80, 23, 55, 0, 26, 22, 0, 76, 4, 62, 23, 10, 13, 6
26, 96, 92, 100, 72, 100, 9, 81, 41, 64, 100, 40, 67, 5, 0, 0, 5
17, 85, 30, 54, 91, 46, 70, 0, 26, 14, 0, 62, 32, 93, 100, 100, 5
100, 100, 52, 94, 22, 70, 1, 44, 0, 15, 39, 0, 70, 19, 29, 28, 6
20, 69, 35, 100, 68, 82, 59, 44, 30, 12, 0, 0, 50, 6, 100, 6, 2
0, 100, 24, 98, 99, 100, 100, 90, 59, 70, 33, 47, 19, 23, 28, 0, 7
0, 79, 34, 100, 57, 80, 46, 45, 18, 14, 10, 0, 59, 1, 100, 2, 2
0, 88, 50, 100, 83, 85, 52, 61, 62, 38, 100, 18, 57, 1, 3, 0, 3
81, 79, 38, 57, 13, 88, 61, 100, 84, 65, 100, 28, 75, 0, 0, 5, 9
11, 76, 30, 100, 42, 68, 27, 34, 0, 5, 16, 17, 58, 8, 100, 0, 2
100, 100, 72, 83, 46, 59, 29, 35, 20, 9, 62, 0, 60, 22, 0, 29, 6
81, 100, 46, 75, 19, 49, 0, 22, 29, 0, 100, 10, 97, 33, 20, 32, 6
31, 90, 67, 100, 87, 84, 58, 61, 79, 35, 100, 10, 52, 0, 0, 4, 3
0, 57, 14, 91, 50, 100, 55, 66, 37, 32, 24, 0, 62, 6, 100, 15, 2
0, 94, 45, 100, 70, 76, 32, 58, 86, 52, 100, 22, 56, 0, 2, 1, 3
41, 98, 82, 100, 65, 71, 57, 61, 100, 48, 87, 17, 45, 0, 0, 7, 3
87, 75, 29, 75, 0, 89, 55, 100, 100, 84, 90, 54, 63, 26, 31, 0, 9
12, 91, 55, 98, 100, 100, 100, 83, 67, 64, 54, 39, 37, 14, 0, 0, 3
14, 79, 49, 100, 64, 71, 38, 39, 0, 15, 9, 16, 55, 0, 100, 10, 2
47, 96, 13, 66, 44, 34, 7, 0, 0, 34, 8, 83, 45, 100, 100, 97, 5
20, 98, 97, 100, 100, 99, 31, 88, 41, 57, 97, 30, 57, 0, 0, 13, 5
20, 75, 32, 25, 66, 0, 100, 8, 98, 59, 68, 90, 32, 100, 0, 78, 0
31, 98, 50, 100, 100, 82, 61, 59, 29, 43, 95, 32, 65, 12, 0, 0, 3
2, 86, 46, 100, 62, 74, 26, 48, 60, 44, 100, 23, 61, 0, 0, 8, 3
97, 100, 41, 81, 14, 13, 71, 23, 100, 85, 77, 85, 47, 53, 0, 0, 0
74, 100, 72, 59, 16, 57, 45, 95, 96, 84, 100, 36, 61, 0, 0, 3, 9
21, 98, 97, 100, 60, 98, 7, 71, 26, 50, 100, 37, 78, 8, 0, 0, 5
0, 83, 38, 100, 70, 76, 65, 37, 50, 0, 33, 14, 56, 37, 100, 49, 7
31, 77, 35, 100, 69, 86, 51, 43, 19, 8, 0, 3, 49, 3, 100, 0, 2
59, 77, 60, 44, 69, 0, 0, 6, 36, 43, 100, 72, 96, 100, 31, 75, 8
27, 95, 18, 56, 38, 23, 4, 0, 0, 51, 21, 91, 60, 100, 100, 99, 5
0, 78, 36, 100, 81, 87, 62, 57, 84, 51, 100, 18, 57, 0, 12, 13, 3
28, 75, 42, 100, 87, 95, 68, 61, 87, 42, 100, 10, 51, 0, 0, 12, 3
49, 100, 8, 93, 0, 60, 45, 82, 61, 57, 100, 28, 73, 0, 8, 2, 9
0, 100, 14, 99, 63, 82, 61, 40, 34, 0, 17, 19, 45, 33, 100, 39, 7
0, 65, 46, 80, 88, 100, 100, 94, 76, 69, 53, 45, 29, 20, 26, 0, 1
87, 95, 28, 76, 0, 37, 18, 0, 77, 23, 100, 64, 74, 100, 23, 75, 0
96, 73, 44, 55, 0, 74, 32, 100, 88, 91, 100, 58, 83, 24, 42, 0, 9
100, 100, 67, 86, 26, 60, 0, 31, 16, 0, 71, 7, 65, 36, 5, 48, 6
0, 100, 60, 99, 68, 68, 59, 34, 54, 0, 100, 15, 68, 35, 8, 44, 7
100, 100, 59, 81, 29, 55, 4, 26, 11, 0, 60, 12, 51, 30, 0, 21, 6
19, 74, 52, 85, 100, 100, 95, 82, 70, 60, 41, 39, 14, 17, 0, 0, 1
30, 78, 62, 100, 81, 77, 59, 46, 25, 19, 0, 11, 50, 5, 100, 0, 2
0, 65, 28, 36, 41, 0, 19, 4, 5, 40, 7, 79, 50, 97, 100, 100, 5
0, 88, 46, 100, 83, 78, 66, 39, 45, 0, 15, 15, 32, 37, 100, 38, 7
73, 86, 12, 100, 0, 66, 77, 35, 100, 0, 6, 8, 34, 48, 75, 85, 8
42, 97, 0, 75, 84, 73, 51, 100, 13, 86, 100, 73, 71, 34, 18, 0, 9
19, 48, 68, 72, 100, 100, 89, 75, 79, 46, 67, 16, 0, 2, 88, 0, 1
20, 98, 9, 55, 71, 53, 70, 0, 0, 5, 10, 60, 24, 93, 100, 100, 5
100, 100, 76, 78, 53, 57, 33, 35, 24, 12, 59, 0, 53, 19, 0, 21, 6
100, 71, 44, 70, 53, 100, 85, 86, 86, 51, 90, 16, 50, 0, 0, 19, 9
10, 63, 43, 100, 100, 85, 75, 43, 35, 6, 61, 0, 58, 35, 0, 66, 8
7, 87, 54, 100, 100, 88, 69, 66, 87, 37, 99, 6, 51, 0, 0, 8, 3
29, 100, 72, 80, 65, 52, 38, 25, 0, 0, 2, 22, 25, 47, 100, 49, 7
48, 89, 100, 100, 62, 92, 23, 66, 58, 55, 92, 36, 51, 13, 0, 0, 5
34, 82, 69, 100, 94, 77, 65, 50, 100, 42, 88, 12, 44, 0, 0, 9, 3
36, 77, 65, 100, 100, 83, 74, 52, 80, 41, 88, 14, 44, 0, 0, 10, 3
41, 78, 68, 100, 78, 83, 70, 57, 100, 34, 82, 5, 41, 0, 0, 9, 3
30, 74, 60, 100, 77, 74, 54, 43, 19, 16, 0, 12, 52, 9, 100, 0, 2
52, 95, 0, 83, 42, 41, 81, 0, 1, 2, 44, 39, 100, 75, 50, 100, 8
69, 98, 19, 75, 51, 46, 25, 0, 0, 9, 11, 62, 38, 100, 100, 98, 5
32, 63, 76, 31, 50, 0, 0, 14, 50, 44, 100, 73, 78, 100, 24, 75, 8
100, 96, 47, 92, 36, 58, 58, 20, 17, 0, 0, 33, 27, 69, 65, 100, 8
0, 78, 23, 91, 61, 97, 100, 100, 87, 75, 78, 50, 71, 24, 68, 0, 7
83, 100, 47, 77, 9, 51, 0, 43, 59, 44, 100, 58, 84, 32, 87, 0, 4
65, 100, 36, 87, 0, 59, 87, 63, 100, 82, 75, 83, 51, 41, 29, 0, 4
0, 78, 51, 100, 100, 79, 86, 44, 62, 11, 44, 0, 1, 28, 73, 34, 7
4, 92, 62, 100, 100, 81, 53, 55, 0, 32, 18, 12, 84, 7, 88, 0, 2
13, 93, 56, 60, 100, 25, 35, 0, 8, 29, 60, 63, 81, 100, 0, 98, 8
54, 71, 71, 100, 92, 77, 70, 40, 37, 10, 0, 0, 50, 7, 100, 9, 2
100, 88, 47, 100, 28, 62, 74, 27, 55, 0, 0, 19, 32, 60, 86, 88, 8
42, 100, 20, 80, 0, 47, 39, 38, 100, 37, 98, 66, 83, 31, 83, 0, 4
55, 100, 23, 73, 0, 41, 4, 7, 55, 0, 100, 19, 68, 36, 31, 15, 6
37, 100, 0, 84, 6, 56, 100, 58, 94, 82, 58, 97, 41, 48, 47, 0, 4
2, 58, 0, 22, 48, 0, 100, 24, 100, 71, 53, 100, 6, 76, 22, 31, 0
52, 100, 15, 86, 1, 53, 0, 20, 45, 0, 100, 6, 64, 18, 12, 8, 6
49, 94, 10, 70, 0, 33, 25, 0, 82, 9, 100, 44, 91, 81, 42, 100, 0
55, 100, 35, 84, 9, 58, 0, 30, 25, 4, 92, 0, 100, 25, 31, 16, 6
51, 88, 14, 74, 0, 27, 35, 0, 85, 24, 100, 69, 61, 100, 15, 76, 0
59, 88, 89, 100, 100, 70, 60, 53, 83, 44, 84, 14, 42, 0, 0, 7, 3
0, 67, 52, 79, 81, 100, 88, 87, 88, 64, 88, 41, 90, 18, 100, 0, 1
22, 97, 62, 100, 60, 62, 51, 24, 38, 0, 0, 31, 37, 42, 100, 44, 7
5, 64, 28, 100, 63, 83, 43, 43, 8, 12, 0, 0, 50, 2, 100, 4, 2
18, 72, 59, 38, 64, 0, 0, 9, 50, 41, 100, 73, 73, 100, 9, 80, 8
60, 100, 47, 71, 19, 38, 0, 32, 52, 34, 100, 43, 97, 37, 83, 0, 4
0, 57, 51, 68, 85, 92, 100, 100, 85, 73, 73, 46, 64, 18, 63, 0, 1
38, 86, 70, 69, 94, 100, 36, 84, 90, 79, 100, 43, 68, 6, 0, 0, 9
0, 38, 42, 60, 74, 100, 62, 61, 55, 17, 3, 1, 19, 0, 100, 5, 1
54, 90, 22, 65, 100, 77, 48, 100, 14, 49, 0, 0, 73, 16, 44, 66, 8
0, 65, 25, 79, 55, 100, 62, 92, 62, 68, 62, 44, 78, 22, 100, 0, 1
100, 100, 78, 96, 32, 66, 0, 33, 11, 0, 89, 11, 85, 35, 3, 24, 6
8, 87, 0, 43, 10, 0, 61, 3, 95, 38, 100, 81, 53, 100, 1, 83, 0
20, 67, 0, 27, 36, 0, 84, 17, 100, 60, 77, 100, 31, 85, 10, 44, 0
100, 100, 74, 86, 48, 73, 29, 59, 16, 44, 6, 29, 0, 15, 0, 0, 1
17, 100, 0, 71, 5, 43, 78, 40, 100, 55, 91, 59, 87, 29, 78, 0, 4
0, 66, 21, 72, 65, 88, 100, 100, 94, 75, 87, 49, 79, 23, 79, 0, 1
76, 100, 52, 60, 0, 27, 58, 27, 100, 55, 98, 85, 95, 42, 90, 0, 4
0, 83, 33, 92, 100, 100, 95, 69, 60, 35, 30, 0, 26, 31, 86, 36, 7
63, 100, 41, 72, 0, 46, 4, 39, 58, 32, 100, 52, 86, 37, 77, 0, 4
16, 100, 59, 99, 69, 80, 76, 64, 100, 42, 85, 16, 45, 2, 0, 0, 3
35, 86, 67, 100, 100, 84, 57, 66, 95, 44, 96, 12, 48, 0, 0, 11, 3
58, 91, 93, 100, 77, 73, 97, 49, 100, 20, 70, 0, 26, 7, 0, 28, 3
0, 96, 58, 100, 86, 86, 65, 44, 55, 0, 38, 11, 38, 39, 100, 42, 7
23, 49, 81, 69, 100, 100, 35, 87, 33, 53, 68, 21, 13, 0, 0, 28, 8
4, 87, 17, 67, 40, 34, 9, 0, 0, 39, 2, 84, 48, 100, 100, 97, 5
39, 86, 78, 61, 100, 100, 33, 85, 83, 74, 83, 54, 75, 6, 0, 0, 9
0, 100, 46, 96, 91, 94, 100, 82, 72, 59, 53, 33, 49, 5, 66, 0, 7
54, 95, 22, 100, 0, 61, 86, 62, 100, 75, 57, 100, 48, 49, 47, 0, 4
53, 100, 30, 82, 0, 61, 2, 39, 79, 40, 100, 44, 84, 21, 100, 0, 4
0, 17, 100, 38, 96, 69, 91, 100, 78, 94, 70, 62, 65, 31, 70, 0, 1
11, 91, 41, 100, 64, 79, 53, 50, 84, 29, 100, 8, 51, 0, 0, 2, 3
0, 96, 43, 100, 70, 70, 59, 29, 39, 0, 19, 39, 52, 45, 100, 44, 7
0, 87, 26, 100, 95, 82, 88, 41, 63, 0, 27, 11, 15, 40, 100, 43, 7
0, 56, 29, 70, 66, 87, 100, 100, 88, 75, 73, 50, 58, 25, 48, 0, 1
0, 91, 27, 100, 69, 83, 60, 42, 54, 0, 100, 22, 76, 44, 23, 49, 7
0, 78, 44, 100, 68, 85, 66, 46, 80, 8, 100, 0, 38, 2, 1, 7, 1
70, 100, 43, 82, 16, 49, 0, 16, 41, 0, 100, 21, 47, 31, 12, 4, 6
12, 62, 0, 58, 7, 11, 59, 0, 100, 29, 92, 76, 47, 100, 8, 69, 0
62, 90, 100, 100, 90, 95, 54, 84, 46, 55, 64, 24, 35, 0, 0, 4, 5
13, 65, 26, 100, 53, 72, 38, 29, 0, 0, 1, 4, 50, 6, 100, 1, 2
70, 98, 0, 99, 36, 48, 93, 0, 4, 0, 16, 46, 100, 79, 48, 100, 8
100, 80, 67, 100, 42, 73, 80, 70, 89, 64, 79, 25, 45, 1, 0, 0, 9
62, 56, 100, 83, 52, 100, 0, 77, 66, 78, 93, 57, 65, 28, 33, 0, 9
31, 87, 73, 100, 100, 80, 73, 53, 37, 30, 0, 7, 45, 1, 97, 0, 2
14, 100, 9, 91, 0, 49, 57, 40, 100, 41, 88, 86, 65, 45, 53, 0, 4
21, 98, 0, 100, 54, 100, 100, 100, 60, 81, 32, 57, 21, 29, 19, 0, 7
90, 100, 0, 86, 42, 44, 53, 0, 17, 15, 73, 56, 100, 99, 8, 99, 8
43, 100, 25, 88, 0, 58, 23, 34, 93, 53, 100, 53, 75, 24, 68, 0, 4
0, 100, 31, 67, 98, 38, 86, 0, 15, 8, 65, 45, 100, 84, 26, 86, 8
81, 100, 22, 84, 0, 41, 18, 0, 82, 18, 100, 60, 61, 96, 13, 69, 0
8, 100, 0, 83, 15, 51, 99, 53, 100, 80, 90, 68, 85, 34, 81, 0, 4
68, 89, 17, 100, 28, 63, 72, 28, 36, 0, 0, 32, 47, 64, 100, 95, 8
100, 98, 24, 100, 6, 68, 78, 41, 70, 0, 0, 9, 32, 53, 83, 93, 8
0, 41, 40, 58, 74, 80, 100, 100, 88, 75, 75, 50, 65, 25, 65, 0, 1
54, 88, 100, 100, 83, 96, 44, 74, 59, 58, 75, 29, 44, 0, 0, 3, 5
100, 100, 47, 92, 12, 61, 0, 25, 36, 0, 85, 20, 49, 38, 28, 11, 6
0, 43, 62, 61, 83, 86, 88, 100, 92, 75, 94, 50, 98, 25, 100, 0, 1
0, 86, 48, 100, 92, 75, 84, 22, 46, 0, 2, 29, 49, 49, 100, 62, 7
2, 63, 0, 92, 39, 96, 83, 100, 100, 87, 81, 59, 68, 30, 60, 0, 7
0, 100, 48, 97, 100, 84, 86, 43, 76, 2, 98, 0, 95, 30, 40, 43, 7
100, 100, 66, 98, 29, 67, 4, 31, 19, 0, 68, 12, 49, 35, 0, 21, 6
73, 83, 27, 87, 22, 41, 0, 0, 8, 36, 55, 68, 100, 100, 42, 85, 8
100, 77, 49, 66, 0, 69, 30, 97, 80, 100, 90, 65, 64, 31, 38, 0, 9
28, 83, 66, 100, 100, 86, 81, 60, 94, 43, 96, 18, 54, 0, 0, 2, 3
0, 92, 38, 100, 80, 86, 66, 44, 60, 0, 45, 4, 53, 31, 100, 29, 7
89, 76, 40, 100, 9, 61, 100, 29, 91, 0, 0, 25, 64, 63, 91, 100, 8
62, 100, 29, 92, 0, 69, 11, 45, 89, 47, 100, 44, 54, 23, 32, 0, 4
42, 81, 52, 100, 96, 76, 72, 47, 77, 37, 100, 7, 39, 0, 0, 22, 3
82, 70, 31, 56, 0, 81, 51, 100, 100, 84, 87, 51, 54, 21, 12, 0, 9
0, 79, 25, 100, 62, 98, 69, 66, 47, 37, 27, 8, 63, 1, 100, 0, 2
17, 89, 0, 49, 2, 7, 51, 0, 91, 26, 100, 66, 67, 98, 18, 100, 0
38, 94, 0, 77, 73, 53, 100, 100, 24, 92, 70, 70, 94, 60, 82, 0, 9
27, 100, 18, 65, 52, 36, 20, 0, 0, 27, 6, 77, 45, 95, 100, 96, 5
53, 64, 100, 88, 52, 100, 29, 66, 60, 27, 30, 0, 0, 24, 46, 53, 8
82, 96, 63, 62, 100, 25, 45, 0, 18, 32, 77, 65, 97, 100, 0, 98, 8
25, 94, 0, 52, 12, 7, 64, 0, 100, 36, 90, 80, 40, 100, 0, 71, 0
14, 95, 50, 100, 54, 69, 39, 39, 11, 12, 0, 1, 50, 10, 100, 0, 2
51, 77, 74, 100, 100, 78, 72, 49, 94, 33, 80, 4, 33, 0, 0, 24, 3
30, 78, 41, 100, 100, 83, 59, 62, 40, 56, 85, 30, 62, 0, 0, 9, 3
31, 100, 4, 77, 0, 53, 34, 33, 91, 37, 100, 45, 72, 24, 59, 0, 4
59, 100, 31, 75, 0, 43, 30, 45, 93, 41, 100, 59, 83, 36, 82, 0, 4
56, 84, 0, 66, 75, 70, 86, 100, 14, 84, 100, 73, 65, 37, 45, 0, 9
0, 62, 48, 80, 89, 100, 96, 78, 100, 55, 96, 33, 96, 10, 85, 0, 1
8, 69, 58, 95, 62, 100, 54, 61, 44, 23, 0, 0, 29, 3, 100, 8, 1
0, 45, 53, 36, 62, 0, 7, 6, 52, 38, 100, 70, 71, 100, 11, 84, 8
12, 99, 49, 100, 100, 93, 65, 62, 28, 32, 0, 0, 11, 35, 72, 39, 7
58, 100, 21, 85, 0, 52, 3, 17, 51, 0, 100, 17, 60, 35, 12, 19, 6
85, 100, 38, 80, 13, 48, 11, 14, 58, 0, 100, 22, 58, 43, 0, 42, 6
22, 66, 47, 100, 66, 68, 38, 28, 0, 1, 7, 2, 53, 2, 100, 0, 2
0, 30, 30, 53, 65, 76, 100, 100, 93, 79, 73, 52, 50, 26, 31, 0, 1
38, 83, 0, 58, 41, 32, 32, 0, 13, 24, 13, 64, 35, 97, 100, 100, 5
72, 70, 100, 100, 25, 94, 0, 63, 72, 74, 92, 57, 66, 23, 9, 0, 9
22, 96, 34, 66, 91, 40, 56, 0, 0, 4, 6, 58, 31, 94, 100, 100, 5
80, 100, 35, 97, 45, 76, 98, 80, 100, 53, 95, 19, 53, 0, 0, 5, 9
42, 71, 79, 100, 73, 81, 58, 34, 38, 0, 0, 11, 50, 10, 100, 10, 1
0, 95, 41, 97, 100, 100, 80, 67, 62, 23, 48, 0, 17, 38, 76, 42, 7
0, 36, 30, 58, 66, 79, 100, 100, 91, 75, 83, 50, 80, 25, 72, 0, 1
0, 79, 35, 100, 74, 91, 52, 58, 19, 30, 13, 4, 58, 0, 100, 3, 2
14, 52, 0, 56, 36, 78, 74, 100, 100, 96, 79, 64, 58, 32, 39, 0, 1
29, 88, 90, 100, 69, 95, 12, 74, 35, 58, 100, 47, 64, 17, 0, 0, 5
39, 90, 79, 100, 100, 77, 80, 52, 43, 30, 0, 11, 28, 0, 89, 5, 2
0, 90, 43, 100, 74, 81, 71, 57, 49, 35, 19, 13, 43, 0, 100, 1, 2
8, 73, 0, 61, 63, 35, 74, 0, 6, 6, 7, 51, 25, 91, 100, 100, 5
100, 100, 43, 84, 12, 58, 0, 31, 17, 5, 91, 0, 98, 15, 21, 11, 6
40, 100, 5, 67, 0, 28, 40, 0, 94, 18, 100, 57, 58, 84, 3, 67, 0
44, 100, 14, 65, 0, 25, 29, 0, 72, 17, 100, 51, 87, 89, 42, 86, 0
49, 100, 25, 78, 0, 40, 10, 2, 76, 0, 100, 30, 40, 39, 24, 11, 6
0, 98, 35, 100, 83, 99, 100, 92, 63, 75, 39, 51, 30, 24, 37, 0, 7
31, 81, 58, 100, 100, 100, 81, 76, 65, 50, 78, 22, 41, 7, 0, 0, 3
32, 68, 0, 100, 38, 71, 100, 37, 75, 0, 13, 18, 35, 59, 90, 95, 8
100, 100, 65, 94, 34, 83, 27, 50, 67, 40, 76, 12, 40, 0, 0, 7, 5
0, 95, 69, 100, 99, 71, 82, 35, 63, 0, 40, 18, 26, 47, 100, 50, 7
50, 100, 17, 78, 0, 46, 5, 15, 54, 0, 100, 17, 68, 32, 26, 10, 6
15, 100, 0, 78, 3, 46, 66, 43, 100, 58, 95, 72, 92, 36, 90, 0, 4
0, 81, 29, 100, 61, 87, 56, 49, 34, 17, 35, 0, 69, 2, 100, 5, 2
75, 100, 26, 84, 0, 42, 13, 0, 69, 7, 100, 46, 84, 89, 33, 85, 0
99, 100, 67, 85, 22, 58, 1, 27, 36, 0, 100, 18, 77, 47, 0, 59, 6
37, 100, 13, 73, 0, 45, 64, 40, 100, 50, 75, 61, 58, 30, 43, 0, 4
67, 100, 19, 90, 0, 47, 14, 4, 69, 0, 100, 38, 91, 82, 46, 99, 0
18, 90, 11, 43, 34, 0, 87, 20, 100, 67, 57, 100, 10, 73, 0, 24, 0
100, 100, 73, 95, 40, 69, 14, 39, 2, 2, 39, 0, 37, 29, 0, 14, 6
27, 73, 81, 100, 83, 91, 78, 52, 62, 14, 0, 0, 29, 1, 100, 5, 1
77, 96, 38, 100, 58, 77, 99, 86, 100, 50, 84, 12, 43, 0, 0, 0, 9
41, 84, 73, 100, 100, 82, 62, 60, 97, 38, 91, 8, 42, 0, 0, 19, 3
79, 90, 100, 93, 63, 100, 82, 84, 99, 61, 87, 22, 44, 0, 0, 19, 9
96, 66, 62, 100, 32, 69, 74, 62, 89, 56, 100, 10, 50, 0, 0, 10, 9
23, 70, 51, 100, 74, 82, 51, 46, 20, 15, 0, 4, 50, 0, 100, 2, 2
11, 45, 17, 6, 55, 0, 88, 25, 100, 61, 79, 94, 38, 100, 0, 84, 0
88, 100, 29, 100, 30, 74, 85, 83, 100, 67, 97, 27, 57, 0, 0, 5, 9
51, 54, 100, 87, 36, 100, 19, 62, 44, 22, 2, 0, 0, 37, 78, 57, 8
0, 76, 29, 95, 92, 100, 81, 77, 75, 56, 100, 35, 85, 13, 31, 0, 3
9, 88, 22, 100, 26, 65, 16, 31, 0, 5, 33, 1, 66, 0, 100, 3, 2
76, 67, 75, 100, 0, 77, 49, 40, 83, 0, 5, 12, 36, 52, 100, 87, 8
9, 49, 42, 63, 82, 85, 100, 100, 76, 74, 51, 48, 29, 22, 0, 0, 1
87, 74, 63, 100, 46, 71, 87, 82, 100, 54, 88, 17, 40, 1, 0, 0, 9
100, 100, 93, 86, 73, 72, 57, 57, 40, 44, 23, 29, 10, 15, 0, 0, 1
75, 100, 31, 92, 1, 55, 0, 10, 46, 0, 84, 31, 100, 73, 68, 99, 0
33, 100, 2, 54, 0, 5, 62, 0, 100, 42, 91, 92, 32, 95, 4, 49, 0
51, 100, 85, 98, 100, 80, 67, 67, 59, 43, 67, 17, 37, 1, 0, 0, 3
100, 93, 74, 100, 30, 74, 0, 44, 2, 10, 57, 0, 96, 23, 44, 33, 6
28, 69, 43, 100, 77, 86, 60, 45, 29, 9, 0, 1, 52, 0, 100, 6, 2
96, 100, 51, 76, 17, 50, 0, 20, 41, 0, 100, 16, 73, 39, 4, 33, 6
10, 68, 35, 100, 59, 72, 37, 30, 0, 3, 15, 14, 58, 2, 100, 0, 2
71, 98, 76, 100, 39, 75, 0, 51, 39, 36, 100, 49, 76, 26, 86, 0, 4
38, 100, 6, 73, 0, 41, 71, 37, 100, 67, 80, 63, 49, 32, 21, 0, 4
0, 53, 34, 82, 45, 100, 43, 65, 50, 30, 40, 0, 37, 2, 100, 7, 1
100, 100, 51, 81, 18, 54, 0, 24, 29, 0, 89, 11, 84, 36, 23, 28, 6
67, 100, 27, 73, 4, 41, 6, 6, 60, 0, 100, 24, 52, 37, 0, 22, 6
0, 100, 46, 98, 95, 82, 95, 41, 84, 0, 49, 9, 45, 22, 100, 28, 7
0, 56, 32, 78, 78, 98, 100, 100, 85, 75, 76, 50, 73, 24, 76, 0, 1
100, 100, 69, 83, 40, 58, 15, 31, 0, 0, 36, 1, 43, 27, 6, 20, 6
0, 61, 34, 81, 84, 100, 100, 94, 84, 71, 70, 47, 55, 24, 48, 0, 1
19, 86, 0, 47, 5, 4, 50, 0, 90, 29, 100, 70, 68, 100, 35, 75, 0
42, 97, 4, 72, 33, 33, 42, 0, 0, 22, 56, 54, 100, 89, 44, 100, 8
15, 75, 0, 34, 24, 0, 69, 10, 98, 44, 100, 86, 58, 100, 13, 86, 0
35, 79, 43, 65, 79, 27, 16, 0, 0, 34, 60, 68, 100, 100, 3, 92, 8
0, 89, 45, 100, 77, 80, 72, 45, 70, 10, 59, 0, 48, 24, 100, 28, 7
35, 100, 0, 67, 4, 19, 52, 0, 100, 18, 100, 66, 60, 97, 10, 89, 0
0, 96, 41, 100, 79, 85, 84, 43, 78, 0, 56, 8, 58, 29, 100, 28, 7
0, 100, 44, 97, 60, 58, 46, 17, 26, 0, 5, 38, 51, 49, 100, 56, 7
0, 97, 51, 100, 82, 86, 84, 65, 90, 45, 100, 25, 82, 8, 35, 0, 3
54, 100, 14, 71, 0, 38, 68, 33, 100, 47, 61, 76, 50, 38, 54, 0, 4
25, 96, 76, 100, 84, 73, 43, 51, 80, 39, 100, 13, 52, 1, 0, 0, 3
89, 100, 52, 72, 0, 46, 10, 33, 100, 35, 99, 60, 89, 31, 85, 0, 4
22, 86, 74, 100, 96, 72, 67, 42, 100, 42, 98, 12, 30, 0, 0, 19, 3
0, 73, 28, 100, 69, 100, 60, 68, 36, 38, 11, 9, 51, 0, 100, 6, 2
77, 100, 48, 75, 16, 52, 0, 26, 47, 18, 100, 36, 89, 25, 79, 0, 4
14, 83, 0, 74, 8, 94, 62, 100, 100, 97, 75, 63, 61, 26, 56, 0, 7
89, 66, 100, 100, 50, 96, 17, 64, 0, 26, 27, 0, 54, 31, 18, 33, 6
0, 98, 35, 100, 61, 76, 57, 37, 42, 0, 31, 24, 64, 39, 100, 48, 7
0, 87, 23, 100, 47, 85, 33, 53, 17, 21, 33, 0, 66, 8, 100, 18, 2
4, 71, 54, 39, 31, 0, 0, 10, 46, 46, 100, 80, 80, 100, 2, 77, 8
84, 78, 38, 100, 18, 67, 77, 33, 59, 0, 0, 23, 45, 60, 100, 95, 8
6, 93, 48, 100, 84, 70, 79, 23, 48, 0, 0, 23, 44, 35, 100, 39, 7
64, 74, 73, 52, 100, 13, 35, 0, 47, 37, 95, 72, 56, 100, 0, 76, 8
100, 100, 51, 81, 7, 61, 0, 42, 67, 51, 51, 46, 23, 23, 9, 0, 4
22, 96, 26, 53, 81, 46, 60, 0, 21, 23, 0, 73, 42, 95, 100, 100, 5
15, 82, 5, 53, 43, 23, 10, 0, 2, 41, 0, 84, 49, 98, 100, 100, 5
100, 71, 29, 72, 0, 90, 59, 100, 98, 79, 98, 51, 83, 25, 59, 0, 9
24, 95, 97, 100, 22, 92, 19, 55, 71, 70, 100, 32, 54, 0, 0, 21, 5
32, 78, 57, 100, 86, 87, 70, 60, 100, 42, 93, 16, 50, 0, 0, 7, 3
0, 64, 34, 76, 73, 94, 100, 100, 82, 75, 67, 50, 53, 25, 42, 0, 1
0, 71, 7, 96, 53, 100, 100, 94, 78, 70, 52, 47, 29, 24, 14, 0, 7
100, 100, 74, 96, 45, 68, 28, 35, 32, 0, 63, 12, 38, 37, 0, 31, 6
17, 100, 18, 55, 64, 42, 40, 0, 12, 27, 0, 75, 45, 95, 100, 99, 5
24, 83, 62, 100, 86, 81, 59, 55, 89, 39, 100, 16, 52, 0, 0, 9, 3
100, 100, 70, 89, 52, 75, 39, 61, 25, 45, 11, 31, 2, 15, 0, 0, 1
0, 63, 22, 66, 64, 87, 100, 100, 76, 75, 53, 50, 27, 25, 7, 0, 1
13, 85, 52, 100, 63, 74, 57, 55, 100, 49, 81, 18, 40, 0, 0, 7, 3
2, 100, 51, 92, 58, 61, 51, 29, 29, 0, 0, 10, 38, 27, 100, 29, 7
100, 95, 83, 100, 29, 98, 0, 66, 27, 57, 75, 46, 64, 12, 17, 0, 5
24, 100, 24, 99, 0, 64, 38, 41, 99, 39, 100, 78, 89, 39, 85, 0, 4
34, 78, 66, 100, 100, 87, 67, 59, 85, 49, 89, 19, 47, 0, 0, 5, 3
19, 64, 10, 25, 46, 0, 85, 19, 100, 64, 73, 100, 29, 99, 0, 66, 0
12, 100, 25, 89, 17, 37, 40, 0, 0, 10, 7, 54, 51, 72, 100, 81, 5
70, 62, 100, 93, 27, 100, 27, 67, 66, 33, 55, 0, 0, 15, 47, 45, 8
43, 93, 30, 62, 45, 25, 0, 0, 6, 30, 53, 61, 100, 91, 53, 100, 8
31, 87, 77, 100, 81, 69, 53, 45, 100, 39, 92, 9, 33, 0, 0, 25, 3
0, 77, 40, 96, 90, 100, 82, 73, 68, 50, 100, 24, 60, 0, 20, 15, 3
17, 94, 5, 57, 52, 30, 16, 0, 0, 28, 5, 72, 39, 98, 100, 100, 5
32, 68, 49, 100, 91, 92, 59, 47, 13, 11, 0, 23, 46, 0, 100, 5, 2
0, 91, 50, 100, 84, 73, 79, 36, 66, 0, 27, 21, 45, 37, 100, 37, 7
11, 87, 14, 61, 58, 36, 24, 0, 0, 28, 9, 77, 41, 100, 100, 94, 5
0, 100, 55, 98, 79, 67, 76, 33, 60, 0, 0, 1, 37, 17, 100, 27, 7
0, 78, 28, 100, 59, 91, 44, 58, 22, 28, 25, 1, 63, 0, 100, 2, 2
58, 100, 11, 92, 0, 62, 73, 57, 100, 81, 67, 94, 58, 47, 55, 0, 4
29, 87, 92, 100, 94, 98, 34, 81, 36, 45, 100, 37, 64, 7, 0, 0, 5
23, 95, 85, 100, 49, 95, 20, 65, 70, 64, 100, 31, 57, 0, 0, 13, 5
73, 89, 16, 89, 0, 100, 57, 99, 96, 81, 100, 53, 86, 27, 73, 0, 9
100, 93, 59, 100, 45, 82, 45, 54, 84, 45, 74, 27, 37, 13, 0, 0, 5
100, 80, 100, 100, 77, 97, 63, 77, 43, 58, 29, 38, 11, 19, 0, 0, 1
0, 71, 26, 100, 47, 69, 31, 31, 1, 0, 0, 7, 50, 7, 100, 5, 2
34, 74, 64, 45, 100, 10, 6, 0, 23, 36, 83, 70, 91, 100, 0, 82, 8
0, 85, 24, 100, 49, 90, 38, 56, 24, 24, 37, 0, 69, 4, 100, 14, 2
100, 79, 30, 100, 18, 66, 79, 27, 21, 0, 0, 35, 87, 65, 67, 92, 8
0, 85, 47, 93, 100, 100, 66, 69, 37, 35, 16, 0, 0, 17, 41, 26, 7
20, 87, 60, 100, 100, 94, 75, 68, 83, 40, 87, 12, 46, 0, 0, 1, 3
61, 100, 49, 80, 20, 56, 0, 32, 54, 23, 100, 40, 74, 26, 71, 0, 4
100, 100, 74, 78, 35, 57, 0, 37, 67, 37, 89, 45, 65, 23, 52, 0, 4
53, 86, 14, 64, 0, 29, 26, 0, 76, 18, 100, 52, 98, 87, 49, 100, 0
34, 63, 51, 100, 65, 72, 39, 33, 0, 5, 2, 8, 53, 7, 100, 0, 2
56, 83, 78, 50, 100, 11, 19, 0, 25, 37, 80, 71, 83, 100, 0, 84, 8
0, 61, 37, 90, 53, 100, 52, 64, 45, 28, 2, 0, 27, 2, 100, 3, 1
83, 100, 72, 82, 26, 59, 0, 35, 85, 39, 100, 54, 77, 27, 55, 0, 4
0, 83, 33, 100, 68, 88, 67, 65, 79, 42, 100, 21, 59, 7, 6, 0, 3
12, 87, 56, 64, 83, 27, 21, 0, 0, 29, 55, 62, 100, 95, 9, 100, 8
0, 96, 45, 100, 60, 66, 55, 31, 40, 0, 11, 30, 45, 48, 100, 56, 7
0, 93, 42, 100, 69, 72, 68, 36, 66, 0, 42, 15, 50, 33, 100, 35, 7
33, 80, 24, 99, 82, 100, 82, 77, 84, 53, 100, 30, 67, 9, 0, 0, 3
8, 69, 0, 91, 45, 100, 100, 93, 75, 70, 49, 47, 26, 23, 26, 0, 7
42, 92, 85, 75, 83, 100, 47, 86, 99, 69, 100, 31, 54, 7, 0, 0, 9
32, 58, 21, 36, 18, 0, 70, 8, 100, 41, 95, 79, 53, 100, 0, 88, 0
0, 79, 46, 100, 82, 84, 36, 59, 70, 49, 100, 21, 50, 0, 6, 15, 3
80, 100, 33, 88, 73, 91, 82, 78, 97, 52, 100, 26, 57, 8, 0, 0, 9
52, 100, 100, 99, 45, 92, 15, 56, 57, 64, 82, 38, 49, 4, 0, 0, 5
0, 70, 23, 35, 44, 0, 35, 4, 6, 37, 10, 74, 52, 95, 100, 100, 5
24, 70, 0, 74, 48, 97, 100, 100, 95, 76, 86, 50, 81, 24, 81, 0, 1
52, 89, 56, 100, 100, 96, 75, 74, 65, 50, 80, 26, 44, 8, 0, 0, 3
87, 69, 68, 100, 0, 76, 42, 38, 86, 0, 21, 7, 51, 47, 100, 85, 8
69, 100, 25, 86, 0, 55, 100, 58, 84, 86, 52, 89, 51, 39, 45, 0, 4
0, 85, 28, 100, 53, 82, 31, 50, 7, 19, 25, 0, 63, 3, 100, 4, 2
98, 100, 34, 77, 0, 37, 20, 0, 89, 0, 100, 37, 36, 51, 6, 49, 6
100, 100, 73, 90, 55, 75, 55, 60, 36, 45, 18, 30, 0, 15, 0, 0, 1
22, 100, 27, 86, 0, 58, 1, 35, 71, 40, 100, 60, 96, 30, 99, 0, 4
0, 97, 48, 97, 100, 100, 67, 68, 39, 35, 23, 0, 7, 22, 60, 33, 7
7, 80, 39, 100, 78, 92, 65, 58, 100, 48, 85, 16, 43, 0, 0, 12, 3
15, 82, 42, 100, 70, 85, 63, 63, 100, 48, 82, 17, 39, 0, 0, 13, 3
0, 93, 45, 100, 81, 71, 81, 32, 69, 0, 21, 25, 35, 31, 100, 34, 7
0, 62, 30, 95, 36, 100, 34, 64, 41, 29, 0, 2, 16, 4, 100, 0, 1
5, 96, 72, 100, 69, 74, 51, 37, 49, 0, 0, 27, 48, 36, 100, 39, 7
26, 98, 14, 82, 0, 37, 32, 0, 91, 14, 100, 59, 71, 100, 25, 99, 0
32, 88, 11, 55, 17, 9, 72, 0, 100, 40, 91, 86, 37, 100, 0, 67, 0
4, 77, 54, 100, 53, 97, 53, 56, 52, 15, 0, 0, 51, 4, 100, 9, 1
56, 73, 35, 83, 0, 91, 39, 100, 79, 91, 100, 63, 96, 31, 81, 0, 9
93, 55, 78, 100, 28, 94, 49, 67, 93, 75, 100, 29, 60, 2, 0, 0, 9
50, 100, 34, 84, 0, 57, 49, 44, 96, 52, 97, 58, 93, 23, 100, 0, 4
81, 92, 29, 100, 11, 78, 72, 82, 100, 70, 94, 31, 60, 1, 0, 0, 9
0, 100, 17, 94, 71, 87, 51, 49, 32, 11, 8, 0, 24, 22, 100, 35, 7
36, 86, 91, 100, 61, 91, 21, 65, 58, 48, 100, 27, 59, 4, 0, 0, 5
100, 100, 67, 84, 34, 62, 10, 38, 0, 11, 42, 0, 32, 24, 1, 20, 6
22, 57, 50, 98, 61, 100, 56, 50, 35, 10, 0, 2, 52, 6, 100, 0, 1
2, 78, 35, 100, 88, 85, 47, 58, 100, 50, 98, 15, 43, 0, 0, 23, 3
0, 93, 33, 100, 43, 51, 35, 0, 3, 22, 12, 48, 55, 59, 100, 64, 7
57, 100, 30, 77, 8, 53, 0, 28, 10, 4, 60, 0, 100, 16, 62, 24, 6
100, 100, 58, 92, 22, 68, 0, 39, 8, 7, 55, 0, 74, 28, 34, 48, 6
38, 100, 73, 98, 71, 69, 78, 46, 100, 20, 77, 0, 38, 0, 0, 6, 3
82, 73, 74, 100, 32, 75, 73, 38, 78, 0, 0, 2, 34, 33, 100, 60, 8
90, 100, 55, 85, 17, 58, 0, 26, 35, 0, 100, 5, 87, 33, 22, 36, 6
96, 64, 100, 100, 50, 99, 15, 68, 0, 31, 22, 0, 47, 27, 14, 25, 6
20, 87, 100, 100, 80, 83, 40, 66, 20, 49, 0, 33, 0, 15, 100, 0, 1
0, 100, 40, 96, 49, 51, 42, 5, 20, 0, 3, 36, 51, 39, 100, 42, 7
82, 94, 18, 100, 28, 65, 68, 30, 34, 0, 0, 24, 47, 56, 100, 86, 8
100, 66, 68, 45, 49, 71, 80, 100, 95, 67, 78, 30, 45, 0, 0, 3, 9
2, 66, 0, 30, 18, 0, 58, 6, 88, 32, 100, 65, 83, 95, 43, 100, 0
16, 72, 35, 100, 46, 74, 26, 42, 0, 13, 4, 3, 53, 0, 100, 4, 2
0, 87, 33, 100, 98, 97, 95, 78, 75, 53, 100, 26, 77, 5, 13, 0, 3
27, 72, 56, 100, 60, 66, 35, 26, 0, 12, 32, 16, 69, 0, 100, 10, 2
50, 100, 13, 80, 76, 54, 100, 16, 40, 0, 37, 42, 53, 84, 0, 98, 8
0, 58, 25, 69, 67, 91, 100, 100, 76, 75, 53, 50, 25, 25, 4, 0, 1
23, 80, 60, 100, 100, 88, 81, 61, 43, 40, 0, 23, 11, 5, 64, 0, 2
0, 80, 44, 100, 47, 91, 47, 58, 48, 24, 16, 0, 27, 1, 100, 3, 1
37, 82, 57, 100, 53, 65, 30, 36, 0, 16, 30, 0, 66, 2, 100, 19, 2
0, 79, 61, 54, 100, 21, 61, 0, 43, 34, 82, 69, 82, 100, 0, 92, 8
76, 91, 100, 100, 89, 75, 84, 51, 85, 23, 61, 2, 23, 0, 0, 22, 3
0, 74, 29, 100, 65, 86, 73, 44, 64, 0, 31, 8, 60, 35, 100, 40, 7
100, 100, 78, 83, 56, 57, 40, 31, 44, 3, 92, 8, 46, 14, 0, 0, 6
42, 100, 19, 71, 0, 40, 50, 25, 100, 35, 99, 60, 68, 31, 49, 0, 4
92, 69, 36, 74, 0, 87, 52, 100, 98, 86, 100, 56, 79, 28, 58, 0, 9
100, 88, 100, 100, 76, 73, 52, 44, 40, 16, 80, 0, 56, 20, 0, 1, 6
47, 82, 17, 73, 0, 34, 25, 0, 71, 9, 100, 44, 97, 85, 55, 100, 0
76, 49, 70, 92, 27, 100, 0, 66, 3, 19, 41, 0, 80, 21, 100, 57, 0
19, 80, 45, 100, 49, 64, 29, 27, 0, 0, 25, 8, 63, 14, 100, 21, 2
36, 84, 66, 100, 91, 75, 79, 46, 100, 27, 70, 4, 22, 0, 0, 25, 3
68, 98, 70, 100, 36, 79, 0, 59, 60, 49, 100, 47, 73, 23, 51, 0, 4
0, 53, 33, 71, 76, 93, 100, 100, 79, 74, 53, 49, 28, 25, 12, 0, 1
100, 100, 45, 87, 12, 59, 0, 26, 27, 0, 87, 8, 87, 37, 27, 31, 6
45, 82, 60, 100, 56, 69, 31, 43, 0, 23, 28, 3, 65, 0, 100, 16, 2
65, 87, 100, 100, 73, 87, 37, 74, 64, 58, 67, 21, 36, 0, 0, 12, 5
100, 95, 49, 100, 14, 71, 0, 34, 21, 0, 64, 16, 39, 45, 29, 13, 6
100, 100, 63, 82, 35, 63, 10, 43, 0, 21, 14, 0, 63, 2, 35, 11, 6
46, 85, 75, 100, 79, 72, 53, 56, 100, 46, 95, 15, 49, 0, 0, 15, 3
72, 100, 28, 85, 0, 61, 100, 67, 89, 84, 64, 84, 64, 41, 59, 0, 4
0, 84, 53, 100, 94, 76, 94, 38, 77, 0, 38, 3, 41, 28, 100, 36, 7
16, 82, 51, 50, 100, 17, 13, 0, 0, 32, 60, 65, 89, 100, 16, 84, 8
38, 100, 2, 73, 0, 42, 69, 34, 100, 52, 83, 62, 62, 31, 45, 0, 4
10, 76, 0, 34, 26, 0, 69, 9, 100, 42, 97, 84, 57, 100, 14, 87, 0
48, 100, 25, 78, 0, 48, 25, 30, 72, 29, 94, 55, 90, 32, 100, 0, 4
31, 100, 0, 74, 52, 36, 48, 0, 0, 18, 52, 56, 100, 94, 19, 94, 8
0, 100, 33, 93, 67, 92, 100, 94, 78, 71, 57, 49, 38, 25, 27, 0, 7
0, 96, 51, 100, 58, 78, 38, 56, 13, 35, 0, 14, 42, 1, 100, 0, 2
41, 100, 2, 77, 0, 46, 74, 42, 100, 65, 88, 62, 80, 31, 79, 0, 4
51, 100, 45, 99, 11, 65, 0, 25, 43, 0, 100, 20, 74, 48, 15, 31, 6
13, 96, 0, 58, 16, 17, 63, 0, 100, 27, 94, 68, 60, 100, 17, 89, 0
83, 100, 100, 91, 78, 76, 61, 61, 44, 45, 28, 30, 11, 15, 0, 0, 1
34, 87, 71, 100, 80, 75, 65, 52, 100, 37, 84, 11, 44, 0, 0, 1, 3
22, 69, 40, 100, 79, 87, 69, 52, 41, 22, 0, 0, 46, 2, 100, 0, 2
2, 66, 26, 100, 78, 99, 77, 64, 41, 34, 0, 7, 47, 3, 100, 0, 2
69, 95, 74, 65, 93, 100, 44, 86, 97, 75, 100, 30, 56, 0, 0, 15, 9
100, 81, 62, 100, 35, 72, 46, 35, 39, 0, 0, 14, 34, 44, 94, 57, 8
0, 81, 50, 53, 100, 25, 69, 0, 28, 24, 44, 54, 78, 84, 39, 100, 8
0, 89, 31, 100, 61, 78, 51, 35, 45, 0, 17, 37, 50, 51, 100, 54, 7
85, 91, 27, 82, 0, 48, 8, 13, 64, 0, 100, 30, 95, 66, 73, 100, 0
0, 72, 32, 100, 45, 99, 42, 68, 39, 37, 20, 7, 26, 2, 100, 0, 1
56, 100, 0, 98, 6, 72, 60, 78, 77, 72, 100, 33, 89, 1, 33, 0, 9
98, 88, 45, 100, 28, 67, 86, 66, 100, 69, 100, 31, 61, 0, 0, 11, 9
40, 100, 15, 69, 0, 44, 60, 52, 100, 66, 87, 66, 91, 30, 82, 0, 4
0, 62, 11, 17, 45, 0, 80, 14, 100, 52, 86, 92, 49, 100, 16, 83, 0
100, 100, 76, 87, 64, 72, 50, 58, 38, 44, 24, 29, 12, 14, 0, 0, 1
1, 61, 0, 92, 47, 100, 62, 70, 42, 39, 16, 9, 49, 0, 100, 7, 2
1, 96, 0, 75, 23, 98, 86, 100, 100, 90, 75, 56, 57, 19, 54, 0, 7
58, 100, 33, 73, 0, 48, 28, 38, 82, 38, 100, 60, 93, 30, 99, 0, 4
22, 98, 0, 60, 17, 19, 62, 0, 100, 25, 96, 68, 62, 100, 21, 86, 0
100, 100, 76, 91, 59, 76, 41, 61, 24, 46, 12, 30, 0, 15, 0, 0, 1
0, 68, 34, 93, 99, 100, 100, 66, 66, 35, 13, 11, 1, 0, 76, 2, 2
75, 100, 23, 96, 31, 75, 82, 82, 100, 65, 91, 27, 50, 4, 0, 0, 9
27, 70, 60, 100, 94, 88, 73, 52, 39, 20, 0, 0, 45, 18, 100, 4, 2
100, 96, 56, 100, 50, 72, 92, 90, 92, 65, 85, 24, 47, 0, 0, 4, 9
100, 99, 62, 100, 36, 78, 47, 51, 82, 44, 69, 14, 34, 0, 0, 14, 5
31, 100, 47, 91, 12, 58, 0, 24, 74, 20, 100, 45, 78, 36, 65, 0, 4
21, 96, 13, 55, 63, 35, 43, 0, 7, 23, 0, 62, 37, 94, 100, 100, 5
60, 94, 40, 72, 97, 36, 93, 0, 0, 15, 30, 52, 100, 86, 37, 100, 8
100, 93, 70, 100, 44, 82, 34, 51, 66, 43, 64, 14, 33, 0, 0, 2, 5
51, 87, 81, 100, 92, 72, 59, 45, 100, 39, 96, 10, 46, 0, 0, 11, 3
100, 100, 59, 78, 23, 53, 1, 23, 27, 0, 77, 10, 54, 34, 0, 36, 6
76, 100, 44, 86, 11, 55, 0, 19, 46, 0, 100, 14, 59, 36, 13, 26, 6
0, 68, 31, 77, 81, 100, 94, 96, 88, 71, 81, 48, 81, 24, 100, 0, 1
15, 87, 57, 100, 91, 82, 48, 61, 74, 43, 100, 16, 53, 1, 0, 0, 3
68, 84, 0, 100, 2, 65, 97, 35, 100, 0, 11, 16, 52, 58, 74, 98, 8
0, 70, 9, 100, 44, 97, 35, 60, 14, 27, 21, 0, 60, 0, 100, 3, 2
98, 100, 51, 87, 15, 59, 0, 29, 22, 0, 100, 6, 85, 34, 10, 49, 6
23, 82, 71, 100, 89, 68, 77, 33, 52, 0, 0, 21, 38, 45, 100, 51, 7
3, 70, 0, 96, 47, 100, 100, 97, 74, 73, 51, 49, 40, 23, 62, 0, 7
32, 93, 80, 100, 100, 64, 63, 26, 36, 0, 96, 29, 78, 42, 0, 38, 7
0, 67, 21, 68, 64, 86, 100, 100, 82, 75, 65, 50, 48, 25, 33, 0, 1
51, 86, 74, 100, 91, 81, 70, 61, 100, 40, 87, 14, 45, 0, 0, 12, 3
80, 100, 31, 81, 51, 67, 95, 84, 97, 55, 100, 27, 64, 5, 0, 0, 9
27, 88, 9, 62, 0, 18, 42, 0, 83, 30, 100, 73, 69, 100, 19, 81, 0
49, 100, 14, 71, 0, 24, 33, 0, 73, 8, 100, 45, 83, 89, 44, 95, 0
26, 100, 0, 58, 5, 11, 55, 0, 97, 28, 100, 75, 56, 97, 17, 68, 0
100, 86, 15, 100, 0, 70, 98, 37, 81, 0, 35, 26, 92, 65, 81, 93, 8
75, 100, 58, 75, 38, 47, 30, 18, 62, 0, 100, 13, 50, 16, 0, 10, 6
0, 83, 25, 100, 82, 79, 79, 40, 56, 0, 10, 12, 31, 36, 100, 35, 7
100, 100, 60, 83, 24, 51, 0, 17, 45, 0, 94, 17, 57, 41, 6, 30, 6
88, 100, 42, 80, 0, 48, 99, 52, 100, 76, 73, 86, 65, 39, 78, 0, 4
53, 89, 32, 62, 100, 53, 75, 13, 9, 0, 0, 43, 25, 88, 93, 100, 5
0, 92, 36, 100, 56, 70, 41, 30, 27, 0, 4, 37, 51, 43, 100, 43, 7
16, 85, 60, 100, 86, 73, 44, 52, 90, 48, 100, 14, 46, 0, 0, 13, 3
15, 67, 40, 100, 60, 86, 36, 52, 0, 23, 3, 3, 56, 0, 100, 19, 2
29, 81, 59, 100, 100, 95, 70, 68, 72, 44, 91, 21, 49, 4, 0, 0, 3
8, 78, 36, 100, 48, 72, 28, 38, 0, 9, 11, 3, 57, 0, 100, 6, 2
0, 74, 18, 100, 67, 99, 57, 66, 27, 36, 0, 5, 48, 0, 100, 5, 2
94, 97, 0, 90, 60, 56, 100, 18, 29, 0, 32, 38, 85, 74, 51, 100, 8
17, 77, 35, 100, 90, 93, 60, 68, 78, 53, 100, 28, 64, 5, 0, 0, 3
0, 58, 9, 58, 54, 79, 99, 100, 100, 84, 81, 56, 63, 28, 49, 0, 1
42, 90, 78, 100, 100, 84, 72, 63, 90, 39, 83, 15, 42, 0, 0, 12, 3
31, 83, 0, 52, 6, 10, 49, 0, 87, 23, 100, 65, 79, 100, 47, 73, 0
80, 100, 31, 87, 78, 45, 87, 0, 0, 2, 33, 45, 100, 83, 36, 79, 8
87, 100, 49, 88, 50, 46, 42, 6, 0, 0, 10, 36, 58, 51, 100, 75, 8
83, 100, 32, 99, 0, 68, 2, 30, 33, 0, 82, 12, 100, 48, 88, 86, 0
52, 100, 32, 69, 0, 35, 17, 24, 96, 26, 100, 55, 91, 37, 86, 0, 4
100, 83, 37, 83, 0, 99, 60, 100, 97, 79, 92, 51, 68, 25, 45, 0, 9
87, 100, 43, 83, 13, 55, 0, 23, 30, 0, 80, 5, 100, 28, 50, 29, 6
78, 82, 26, 100, 0, 69, 77, 36, 66, 0, 7, 24, 70, 62, 100, 95, 8
96, 77, 68, 100, 33, 73, 79, 67, 100, 73, 94, 25, 51, 1, 0, 0, 9
48, 95, 100, 100, 100, 92, 47, 85, 34, 70, 73, 35, 48, 0, 0, 19, 5
0, 92, 43, 100, 78, 76, 81, 32, 58, 0, 26, 1, 56, 31, 100, 43, 7
11, 100, 0, 60, 1, 19, 45, 0, 89, 26, 100, 65, 65, 95, 13, 82, 0
81, 100, 6, 97, 38, 62, 100, 30, 58, 0, 0, 22, 42, 61, 96, 96, 8
100, 100, 63, 77, 32, 52, 12, 24, 28, 0, 76, 19, 51, 37, 0, 22, 6
37, 100, 0, 87, 6, 57, 100, 57, 95, 85, 61, 85, 50, 42, 49, 0, 4
99, 66, 41, 58, 19, 84, 70, 100, 100, 70, 93, 34, 59, 3, 0, 0, 9
47, 87, 100, 100, 50, 85, 17, 56, 62, 60, 88, 34, 52, 7, 0, 0, 5
45, 99, 5, 77, 0, 30, 34, 0, 79, 19, 100, 62, 74, 100, 25, 100, 0
37, 94, 72, 100, 100, 93, 76, 74, 59, 51, 60, 25, 34, 8, 0, 0, 3
0, 98, 51, 100, 67, 66, 57, 26, 43, 0, 6, 29, 48, 43, 100, 43, 7
33, 87, 68, 100, 87, 79, 71, 53, 100, 31, 86, 7, 43, 0, 0, 1, 3
18, 95, 22, 59, 73, 44, 44, 0, 11, 31, 0, 85, 51, 100, 100, 99, 5
28, 81, 71, 63, 100, 26, 32, 0, 0, 28, 42, 64, 85, 100, 12, 87, 8
86, 100, 39, 79, 11, 52, 0, 23, 35, 0, 100, 9, 92, 33, 22, 34, 6
100, 100, 59, 85, 89, 80, 84, 60, 82, 36, 92, 13, 52, 1, 0, 0, 9
19, 70, 0, 86, 46, 100, 94, 92, 100, 68, 83, 44, 59, 22, 41, 0, 9
43, 100, 17, 84, 0, 62, 29, 43, 84, 47, 100, 43, 71, 22, 49, 0, 4
61, 80, 97, 90, 60, 100, 67, 80, 100, 58, 83, 24, 44, 4, 0, 0, 9
0, 86, 26, 100, 55, 96, 57, 68, 45, 41, 42, 12, 68, 1, 100, 0, 2
15, 100, 23, 62, 66, 40, 37, 0, 0, 13, 0, 56, 45, 85, 100, 99, 5
0, 81, 29, 100, 59, 78, 54, 35, 41, 0, 12, 30, 55, 41, 100, 46, 7
44, 100, 19, 82, 0, 59, 47, 48, 100, 59, 80, 46, 54, 24, 41, 0, 4
99, 98, 40, 100, 39, 68, 96, 77, 86, 83, 100, 38, 62, 6, 0, 0, 9
0, 15, 29, 40, 59, 68, 85, 97, 100, 100, 79, 67, 60, 34, 46, 0, 1
37, 98, 11, 60, 88, 52, 76, 8, 0, 0, 0, 46, 18, 88, 100, 100, 5
100, 100, 71, 80, 42, 59, 18, 38, 0, 14, 23, 0, 52, 19, 22, 32, 6
100, 85, 57, 100, 23, 65, 82, 63, 97, 78, 96, 37, 64, 0, 0, 7, 9
98, 100, 43, 83, 7, 51, 0, 15, 50, 0, 100, 26, 83, 54, 19, 46, 6
0, 65, 61, 80, 100, 100, 94, 88, 86, 65, 84, 43, 86, 20, 92, 0, 1
19, 94, 53, 100, 69, 67, 50, 31, 21, 0, 0, 29, 49, 34, 100, 37, 7
0, 66, 47, 97, 50, 100, 51, 60, 50, 20, 1, 0, 35, 4, 100, 9, 1
32, 59, 53, 100, 100, 95, 79, 46, 48, 0, 93, 19, 58, 55, 0, 63, 8
97, 100, 41, 90, 4, 58, 0, 22, 52, 0, 100, 22, 49, 38, 8, 13, 6
65, 100, 24, 84, 0, 48, 9, 10, 61, 0, 100, 24, 58, 47, 2, 46, 6
88, 99, 45, 82, 78, 75, 90, 100, 100, 68, 93, 36, 59, 9, 0, 0, 9
29, 47, 59, 71, 100, 100, 90, 81, 74, 50, 66, 18, 0, 0, 99, 7, 1
0, 100, 50, 97, 100, 91, 74, 63, 55, 29, 42, 0, 20, 31, 68, 36, 7
100, 100, 63, 94, 20, 73, 13, 44, 70, 47, 89, 19, 46, 0, 0, 7, 5
27, 100, 2, 56, 12, 8, 62, 0, 100, 33, 94, 79, 46, 94, 0, 72, 0
76, 70, 32, 100, 10, 71, 85, 41, 100, 4, 4, 0, 0, 39, 54, 73, 8
0, 54, 49, 75, 96, 100, 91, 75, 69, 45, 51, 16, 27, 0, 100, 6, 1
21, 82, 36, 60, 82, 32, 82, 0, 37, 28, 0, 58, 34, 89, 100, 100, 5
36, 84, 9, 86, 0, 38, 27, 0, 72, 9, 100, 47, 88, 94, 46, 100, 0
0, 95, 37, 99, 77, 100, 100, 74, 98, 37, 95, 0, 70, 13, 77, 31, 7
0, 53, 8, 55, 46, 79, 89, 100, 100, 85, 78, 57, 56, 29, 47, 0, 1
60, 98, 34, 56, 99, 66, 74, 100, 58, 65, 100, 58, 66, 0, 0, 8, 9
0, 48, 35, 64, 66, 82, 100, 100, 94, 75, 85, 50, 84, 24, 93, 0, 1
26, 52, 16, 8, 63, 0, 100, 34, 99, 81, 54, 100, 6, 82, 0, 38, 0
0, 92, 68, 100, 89, 81, 74, 40, 61, 0, 35, 13, 20, 42, 100, 50, 7
23, 100, 15, 75, 0, 40, 60, 29, 94, 60, 100, 70, 86, 35, 78, 0, 4
31, 83, 0, 53, 1, 8, 57, 0, 100, 30, 98, 75, 51, 100, 7, 72, 0
0, 40, 22, 53, 49, 64, 76, 79, 100, 100, 84, 73, 71, 38, 63, 0, 1
79, 89, 100, 100, 41, 96, 0, 74, 53, 66, 95, 51, 74, 24, 39, 0, 9
48, 100, 16, 79, 0, 46, 12, 12, 55, 0, 100, 10, 75, 29, 33, 16, 6
0, 63, 24, 100, 52, 79, 37, 37, 5, 3, 6, 0, 53, 2, 100, 1, 2
56, 100, 100, 98, 27, 97, 24, 66, 78, 48, 95, 11, 32, 0, 0, 26, 5
12, 78, 7, 36, 33, 2, 83, 0, 100, 38, 85, 78, 43, 100, 0, 80, 0
30, 97, 82, 100, 65, 67, 19, 87, 81, 83, 100, 39, 68, 0, 0, 16, 9
46, 87, 62, 65, 97, 100, 32, 89, 62, 66, 100, 48, 71, 4, 0, 0, 9
17, 87, 12, 65, 64, 43, 52, 0, 0, 14, 4, 61, 35, 97, 100, 100, 5
0, 94, 32, 100, 77, 98, 100, 81, 83, 60, 60, 40, 38, 20, 22, 0, 7
22, 100, 52, 98, 58, 62, 32, 33, 0, 13, 27, 9, 63, 5, 100, 0, 2
0, 94, 44, 100, 80, 86, 57, 43, 33, 0, 28, 2, 41, 38, 100, 44, 7
0, 62, 50, 81, 100, 100, 96, 87, 71, 64, 46, 43, 25, 21, 32, 0, 1
67, 86, 59, 66, 95, 26, 44, 0, 0, 30, 59, 63, 100, 98, 19, 100, 8
2, 100, 12, 84, 0, 57, 29, 37, 82, 48, 100, 52, 76, 27, 62, 0, 4
27, 85, 4, 57, 60, 58, 65, 18, 1, 0, 0, 50, 24, 95, 100, 100, 5
8, 68, 34, 37, 40, 0, 8, 0, 0, 43, 24, 72, 61, 87, 100, 100, 5
15, 100, 0, 76, 8, 50, 62, 47, 100, 62, 82, 57, 82, 28, 85, 0, 4
27, 87, 18, 44, 33, 0, 79, 0, 100, 42, 82, 85, 32, 100, 0, 66, 0
58, 81, 49, 74, 85, 95, 38, 100, 88, 73, 100, 35, 67, 0, 0, 0, 9
35, 100, 17, 68, 0, 36, 50, 37, 100, 36, 81, 58, 62, 35, 56, 0, 4
84, 100, 35, 84, 5, 55, 0, 21, 44, 0, 100, 7, 63, 18, 9, 7, 6
0, 51, 47, 70, 79, 100, 75, 82, 67, 46, 56, 11, 42, 2, 100, 0, 1
93, 100, 46, 78, 13, 51, 0, 21, 38, 0, 100, 8, 78, 28, 15, 22, 6
34, 100, 0, 70, 1, 17, 40, 0, 80, 15, 100, 61, 66, 90, 26, 81, 0
100, 91, 71, 100, 38, 83, 78, 87, 88, 70, 64, 42, 35, 18, 0, 0, 9
72, 68, 42, 100, 0, 68, 61, 34, 79, 0, 1, 16, 50, 53, 100, 88, 8
78, 100, 29, 88, 0, 52, 2, 10, 55, 0, 100, 26, 98, 67, 51, 77, 0
0, 90, 61, 100, 85, 83, 44, 64, 51, 48, 100, 32, 63, 13, 5, 0, 3
7, 89, 44, 100, 100, 80, 69, 40, 47, 0, 91, 15, 85, 35, 0, 35, 7
72, 100, 25, 79, 0, 37, 26, 0, 79, 19, 100, 62, 67, 97, 22, 73, 0
0, 41, 25, 63, 60, 81, 95, 100, 100, 83, 88, 55, 76, 27, 67, 0, 1
9, 97, 0, 48, 22, 1, 75, 0, 100, 46, 87, 97, 39, 100, 5, 58, 0
50, 100, 31, 75, 0, 50, 40, 40, 94, 49, 100, 47, 62, 25, 33, 0, 4
33, 77, 0, 60, 75, 69, 78, 26, 12, 0, 15, 46, 23, 93, 100, 100, 5
0, 71, 51, 83, 92, 100, 100, 90, 88, 67, 81, 45, 77, 22, 83, 0, 1
0, 75, 28, 100, 66, 71, 55, 34, 5, 12, 22, 11, 80, 0, 100, 32, 2
0, 87, 64, 100, 100, 81, 74, 48, 41, 16, 3, 0, 9, 27, 78, 36, 7
0, 84, 43, 100, 55, 78, 26, 51, 70, 45, 100, 20, 66, 0, 14, 1, 3
27, 100, 16, 71, 0, 36, 27, 21, 100, 25, 91, 49, 54, 34, 56, 0, 4
0, 66, 24, 96, 56, 100, 45, 63, 24, 30, 15, 0, 57, 4, 100, 7, 2
0, 100, 16, 66, 45, 34, 66, 0, 39, 28, 18, 62, 40, 94, 100, 99, 5
55, 100, 21, 73, 7, 42, 17, 10, 66, 0, 100, 24, 55, 40, 0, 32, 6
8, 100, 0, 57, 22, 9, 72, 0, 100, 43, 78, 94, 32, 95, 7, 48, 0
31, 100, 0, 69, 31, 48, 100, 52, 100, 91, 84, 79, 72, 39, 59, 0, 4
14, 100, 75, 97, 74, 99, 21, 80, 42, 52, 100, 24, 51, 0, 0, 23, 5
13, 95, 62, 100, 72, 61, 58, 19, 37, 0, 0, 31, 47, 37, 100, 35, 7
0, 69, 26, 100, 54, 67, 45, 23, 5, 0, 6, 0, 53, 0, 100, 1, 2
0, 94, 46, 100, 68, 80, 59, 60, 93, 41, 100, 15, 62, 0, 14, 2, 3
28, 97, 20, 71, 0, 26, 28, 0, 74, 21, 100, 63, 73, 100, 24, 96, 0
83, 100, 9, 87, 57, 44, 60, 0, 0, 17, 56, 56, 100, 95, 10, 100, 8
8, 65, 3, 100, 46, 99, 35, 55, 0, 24, 4, 8, 52, 0, 100, 2, 2
86, 100, 38, 93, 7, 62, 1, 28, 41, 0, 100, 12, 54, 28, 0, 7, 6
42, 100, 0, 79, 24, 56, 91, 58, 100, 83, 75, 61, 60, 31, 49, 0, 4
21, 79, 14, 100, 61, 75, 51, 35, 0, 12, 16, 10, 79, 0, 100, 30, 2
81, 82, 59, 100, 0, 64, 71, 46, 100, 60, 74, 93, 64, 46, 55, 0, 4
23, 93, 30, 64, 90, 36, 59, 0, 12, 12, 0, 54, 13, 91, 100, 100, 5
18, 76, 50, 86, 100, 100, 93, 80, 70, 60, 48, 40, 23, 20, 0, 0, 1
0, 42, 22, 57, 69, 79, 100, 100, 69, 75, 38, 51, 14, 26, 3, 0, 1
58, 84, 91, 100, 100, 84, 77, 60, 87, 35, 80, 10, 41, 1, 0, 0, 3
62, 100, 25, 91, 0, 49, 7, 2, 55, 0, 92, 30, 100, 78, 63, 100, 0
62, 83, 62, 75, 81, 100, 74, 86, 100, 53, 90, 18, 37, 0, 0, 16, 9
100, 72, 58, 100, 0, 77, 46, 39, 62, 0, 24, 21, 69, 58, 69, 91, 8
12, 79, 9, 48, 36, 18, 30, 0, 12, 31, 0, 62, 34, 88, 100, 100, 5
0, 83, 34, 100, 49, 68, 28, 30, 0, 1, 25, 0, 62, 7, 100, 7, 2
100, 100, 65, 78, 29, 57, 0, 34, 57, 39, 77, 51, 58, 26, 51, 0, 4
2, 100, 53, 99, 63, 66, 42, 33, 18, 0, 0, 22, 38, 37, 100, 41, 7
8, 95, 97, 100, 43, 94, 2, 69, 47, 64, 100, 38, 72, 0, 0, 19, 5
67, 100, 28, 75, 2, 48, 0, 19, 46, 0, 100, 15, 67, 39, 7, 41, 6
0, 89, 15, 100, 56, 97, 39, 64, 12, 33, 12, 2, 57, 0, 100, 11, 2
11, 100, 0, 82, 6, 52, 65, 57, 100, 83, 77, 60, 54, 31, 36, 0, 4
0, 92, 40, 100, 100, 86, 91, 45, 65, 6, 30, 0, 21, 30, 92, 36, 7
52, 100, 20, 71, 0, 40, 61, 39, 100, 47, 76, 68, 76, 34, 78, 0, 4
39, 90, 4, 68, 0, 20, 41, 0, 84, 24, 100, 70, 67, 100, 23, 80, 0
23, 88, 68, 100, 97, 81, 63, 60, 87, 40, 100, 16, 55, 0, 0, 1, 3
31, 100, 12, 74, 0, 46, 55, 42, 100, 51, 78, 59, 78, 29, 83, 0, 4
48, 68, 57, 100, 92, 91, 76, 54, 45, 21, 0, 0, 45, 22, 100, 4, 2
0, 89, 59, 100, 100, 74, 82, 35, 51, 0, 10, 18, 35, 42, 100, 48, 7
100, 91, 53, 100, 48, 69, 93, 88, 93, 65, 87, 24, 49, 0, 0, 14, 9
100, 96, 46, 100, 79, 89, 82, 88, 82, 57, 87, 27, 57, 5, 0, 0, 9
100, 100, 53, 79, 19, 50, 0, 18, 36, 0, 74, 25, 52, 53, 2, 38, 6
33, 100, 19, 85, 0, 68, 0, 49, 24, 34, 57, 25, 90, 18, 100, 0, 4
46, 73, 64, 100, 100, 89, 80, 57, 48, 26, 0, 0, 14, 14, 92, 11, 2
46, 78, 79, 100, 100, 77, 68, 51, 28, 35, 0, 16, 43, 6, 89, 0, 2
69, 84, 67, 100, 5, 72, 73, 61, 100, 96, 92, 48, 63, 2, 0, 0, 9
26, 92, 64, 100, 100, 94, 79, 73, 61, 50, 64, 25, 37, 7, 0, 0, 3
10, 99, 34, 69, 100, 36, 83, 0, 7, 19, 31, 56, 72, 92, 0, 100, 8
99, 100, 46, 86, 12, 59, 0, 28, 27, 0, 89, 2, 100, 29, 38, 30, 6
86, 100, 39, 77, 4, 51, 0, 25, 29, 0, 100, 11, 89, 36, 18, 51, 6
43, 100, 31, 73, 0, 45, 20, 25, 79, 24, 100, 46, 91, 31, 98, 0, 4
34, 100, 0, 71, 5, 40, 75, 32, 100, 58, 94, 64, 80, 32, 64, 0, 4
0, 82, 35, 100, 58, 85, 42, 57, 21, 29, 15, 0, 58, 2, 100, 11, 2
72, 100, 48, 88, 0, 69, 17, 57, 77, 46, 100, 44, 63, 23, 32, 0, 4
