@relation penbased-4
@attribute At1 integer [0, 100]
@attribute At2 integer [0, 100]
@attribute At3 integer [0, 100]
@attribute At4 integer [0, 100]
@attribute At5 integer [0, 100]
@attribute At6 integer [0, 100]
@attribute At7 integer [0, 100]
@attribute At8 integer [0, 100]
@attribute At9 integer [0, 100]
@attribute At10 integer [0, 100]
@attribute At11 integer [0, 100]
@attribute At12 integer [0, 100]
@attribute At13 integer [0, 100]
@attribute At14 integer [0, 100]
@attribute At15 integer [0, 100]
@attribute At16 integer [0, 100]
@attribute Class {0, 1, 2, 3, 4, 5, 6, 7, 8, 9}
@inputs At1, At2, At3, At4, At5, At6, At7, At8, At9, At10, At11, At12, At13, At14, At15, At16
@outputs Class
@data
61, 59, 58, 100, 0, 84, 44, 42, 80, 0, 8, 5, 33, 44, 100, 70, 8
29, 91, 14, 57, 66, 39, 30, 0, 0, 19, 3, 72, 39, 97, 100, 100, 5
30, 87, 16, 55, 68, 41, 52, 0, 0, 16, 15, 63, 41, 100, 100, 98, 5
100, 99, 67, 100, 24, 68, 0, 32, 27, 0, 99, 8, 77, 40, 9, 55, 6
45, 93, 0, 60, 75, 69, 89, 29, 19, 0, 15, 43, 26, 93, 100, 100, 5
47, 100, 40, 82, 18, 49, 0, 19, 53, 20, 92, 34, 94, 35, 100, 0, 4
2, 85, 31, 100, 76, 74, 62, 37, 47, 0, 100, 8, 68, 30, 0, 41, 7
0, 78, 18, 96, 59, 95, 100, 100, 86, 82, 66, 56, 52, 29, 47, 0, 7
21, 92, 85, 100, 90, 67, 67, 34, 49, 0, 0, 26, 27, 43, 100, 42, 7
58, 100, 0, 89, 44, 53, 100, 21, 63, 0, 62, 36, 87, 80, 25, 91, 8
78, 85, 65, 66, 100, 25, 49, 0, 15, 29, 58, 67, 66, 100, 0, 84, 8
69, 100, 31, 73, 39, 55, 89, 62, 100, 84, 63, 57, 31, 28, 0, 0, 4
0, 87, 55, 100, 100, 81, 74, 41, 49, 0, 20, 10, 32, 32, 99, 35, 7
73, 100, 43, 70, 0, 42, 25, 41, 100, 45, 90, 64, 63, 32, 54, 0, 4
76, 82, 34, 77, 0, 84, 55, 100, 100, 85, 77, 52, 38, 25, 3, 0, 9
0, 89, 41, 94, 87, 100, 100, 98, 80, 75, 68, 50, 59, 25, 60, 0, 7
100, 100, 50, 98, 16, 67, 0, 30, 26, 0, 80, 8, 81, 34, 29, 24, 6
0, 95, 52, 100, 100, 79, 83, 44, 67, 8, 45, 0, 3, 30, 84, 38, 7
0, 84, 34, 100, 67, 85, 60, 44, 31, 19, 26, 20, 64, 13, 100, 0, 2
0, 73, 28, 92, 73, 100, 100, 81, 85, 55, 58, 32, 36, 8, 79, 0, 2
0, 78, 40, 100, 97, 78, 69, 39, 44, 0, 100, 7, 35, 37, 22, 73, 8
0, 65, 46, 91, 50, 100, 50, 62, 52, 23, 4, 2, 12, 5, 100, 0, 1
5, 85, 50, 100, 79, 77, 54, 50, 85, 44, 100, 22, 56, 2, 0, 0, 3
93, 100, 5, 96, 42, 65, 85, 32, 58, 0, 0, 14, 36, 47, 100, 74, 8
40, 84, 61, 100, 87, 83, 53, 60, 96, 47, 100, 23, 55, 5, 0, 0, 3
19, 88, 62, 100, 100, 81, 83, 48, 47, 23, 0, 6, 18, 0, 72, 1, 2
15, 100, 8, 70, 0, 39, 19, 20, 78, 21, 100, 43, 76, 30, 72, 0, 4
54, 78, 77, 100, 64, 60, 36, 27, 0, 2, 12, 4, 56, 2, 100, 0, 2
89, 100, 56, 85, 0, 62, 44, 50, 100, 54, 82, 77, 52, 38, 20, 0, 4
12, 86, 62, 100, 92, 86, 54, 64, 81, 46, 100, 22, 62, 0, 0, 5, 3
64, 60, 76, 100, 13, 99, 39, 75, 100, 87, 98, 44, 65, 6, 0, 0, 9
72, 83, 49, 100, 61, 58, 82, 17, 0, 0, 25, 33, 100, 61, 75, 92, 8
99, 100, 61, 78, 37, 40, 41, 0, 99, 0, 100, 33, 47, 50, 0, 28, 6
0, 64, 47, 81, 100, 100, 91, 84, 65, 62, 47, 40, 42, 17, 63, 0, 1
100, 81, 55, 54, 0, 63, 23, 95, 84, 100, 94, 64, 74, 29, 35, 0, 9
100, 100, 59, 73, 26, 45, 0, 15, 33, 0, 97, 18, 81, 38, 9, 28, 6
20, 85, 0, 61, 18, 22, 50, 0, 86, 11, 100, 51, 79, 87, 45, 100, 0
100, 95, 68, 100, 34, 98, 19, 61, 53, 61, 61, 20, 31, 2, 0, 0, 5
0, 12, 50, 48, 84, 87, 24, 100, 29, 65, 100, 35, 84, 0, 9, 11, 8
32, 74, 87, 95, 100, 100, 84, 73, 79, 46, 66, 18, 0, 0, 3, 0, 1
38, 63, 74, 100, 11, 86, 34, 43, 67, 0, 0, 7, 27, 48, 100, 76, 8
5, 100, 93, 97, 100, 74, 65, 41, 37, 8, 5, 0, 0, 24, 89, 23, 7
68, 100, 23, 77, 0, 41, 7, 3, 64, 0, 100, 31, 56, 39, 14, 11, 6
0, 95, 43, 100, 100, 93, 64, 62, 33, 29, 1, 0, 1, 36, 72, 36, 7
19, 100, 3, 83, 0, 60, 8, 37, 92, 33, 81, 44, 70, 21, 100, 0, 4
0, 84, 46, 100, 96, 88, 94, 50, 83, 11, 62, 0, 45, 26, 100, 26, 7
31, 79, 55, 49, 70, 14, 32, 0, 14, 38, 0, 71, 49, 86, 100, 100, 5
100, 100, 35, 91, 0, 57, 1, 18, 67, 10, 96, 39, 27, 33, 16, 0, 6
33, 64, 36, 100, 59, 71, 44, 34, 0, 18, 32, 26, 71, 0, 100, 22, 2
26, 76, 23, 100, 52, 68, 43, 30, 0, 12, 49, 5, 97, 0, 100, 32, 2
62, 77, 76, 100, 95, 83, 56, 58, 95, 52, 100, 21, 55, 2, 0, 0, 3
27, 100, 34, 93, 0, 62, 25, 44, 100, 44, 91, 65, 68, 32, 51, 0, 4
19, 81, 53, 100, 68, 79, 49, 52, 95, 38, 100, 9, 50, 0, 0, 7, 3
19, 78, 29, 36, 13, 0, 8, 27, 58, 49, 100, 79, 55, 100, 0, 88, 8
13, 84, 66, 100, 90, 80, 52, 54, 75, 51, 100, 24, 60, 0, 0, 1, 3
82, 97, 35, 100, 0, 67, 0, 25, 45, 2, 100, 10, 61, 23, 14, 0, 6
1, 91, 11, 49, 72, 47, 53, 0, 13, 12, 0, 68, 36, 97, 100, 100, 5
20, 84, 60, 100, 93, 83, 60, 58, 73, 43, 100, 22, 54, 5, 0, 0, 3
78, 72, 81, 100, 8, 91, 0, 55, 69, 59, 100, 71, 74, 33, 58, 0, 9
62, 86, 87, 100, 100, 79, 85, 54, 85, 25, 64, 4, 29, 0, 0, 12, 3
91, 100, 48, 76, 17, 51, 0, 24, 28, 0, 100, 5, 78, 26, 0, 29, 6
100, 100, 55, 88, 20, 61, 0, 28, 19, 0, 66, 14, 62, 43, 17, 43, 6
0, 79, 32, 100, 69, 93, 54, 58, 25, 29, 4, 5, 52, 0, 100, 2, 2
55, 70, 73, 100, 62, 66, 49, 26, 30, 0, 0, 2, 50, 3, 100, 6, 1
20, 85, 3, 55, 0, 17, 38, 0, 79, 23, 100, 58, 83, 92, 35, 100, 0
28, 94, 96, 100, 83, 94, 22, 76, 50, 64, 100, 41, 66, 9, 0, 0, 5
0, 52, 56, 73, 100, 100, 91, 85, 88, 51, 89, 16, 42, 0, 93, 6, 1
100, 97, 48, 100, 12, 80, 9, 42, 51, 53, 80, 28, 49, 0, 0, 5, 5
42, 100, 7, 72, 0, 41, 54, 38, 100, 44, 73, 73, 56, 36, 39, 0, 4
10, 76, 39, 100, 88, 87, 55, 62, 100, 43, 98, 13, 43, 0, 0, 8, 3
33, 100, 21, 78, 0, 53, 4, 28, 77, 36, 90, 51, 88, 25, 100, 0, 4
82, 90, 39, 100, 25, 64, 75, 80, 100, 83, 91, 43, 58, 9, 0, 0, 9
100, 100, 53, 82, 18, 57, 0, 29, 14, 0, 69, 1, 64, 20, 12, 7, 6
32, 94, 0, 57, 56, 47, 59, 0, 17, 4, 12, 64, 42, 100, 100, 95, 5
96, 100, 0, 98, 22, 54, 87, 15, 51, 0, 25, 39, 100, 73, 38, 94, 8
31, 87, 57, 100, 55, 65, 30, 37, 0, 14, 26, 9, 62, 5, 100, 0, 2
27, 66, 53, 100, 76, 77, 49, 40, 9, 13, 0, 15, 50, 5, 100, 0, 2
90, 94, 13, 95, 26, 56, 96, 27, 52, 0, 0, 26, 45, 64, 100, 100, 8
0, 79, 27, 100, 84, 99, 82, 75, 84, 52, 100, 28, 55, 11, 2, 0, 3
0, 90, 37, 98, 89, 100, 67, 52, 50, 0, 33, 18, 48, 40, 100, 47, 7
6, 80, 45, 100, 59, 70, 37, 39, 3, 13, 0, 9, 52, 5, 100, 0, 2
62, 88, 20, 65, 0, 24, 34, 0, 78, 24, 100, 63, 77, 100, 26, 93, 0
0, 95, 31, 100, 78, 97, 54, 47, 23, 0, 17, 5, 44, 39, 100, 48, 7
22, 100, 0, 55, 40, 59, 53, 2, 19, 0, 20, 66, 41, 99, 100, 98, 5
75, 100, 46, 69, 22, 37, 12, 3, 66, 0, 100, 26, 45, 34, 0, 13, 6
93, 69, 100, 100, 44, 95, 12, 68, 68, 69, 80, 46, 50, 17, 0, 0, 9
21, 83, 55, 100, 92, 86, 73, 61, 92, 35, 100, 9, 52, 0, 0, 0, 3
34, 78, 60, 100, 100, 81, 70, 57, 94, 39, 89, 9, 39, 0, 0, 17, 3
23, 100, 17, 81, 0, 48, 43, 33, 100, 39, 58, 66, 38, 34, 27, 0, 4
0, 34, 34, 55, 70, 77, 100, 100, 95, 78, 84, 51, 73, 26, 64, 0, 1
9, 96, 1, 50, 12, 0, 69, 3, 100, 48, 82, 97, 28, 100, 0, 54, 0
15, 80, 0, 46, 20, 7, 67, 0, 100, 33, 93, 76, 53, 100, 16, 75, 0
42, 74, 67, 100, 63, 53, 36, 15, 0, 0, 24, 20, 62, 11, 100, 0, 2
51, 67, 100, 87, 56, 100, 0, 84, 48, 74, 91, 54, 65, 24, 22, 0, 9
0, 64, 17, 100, 56, 98, 53, 58, 26, 26, 15, 4, 57, 4, 100, 0, 2
100, 100, 47, 79, 14, 53, 0, 26, 24, 0, 93, 2, 95, 25, 14, 25, 6
0, 100, 38, 100, 70, 74, 55, 30, 26, 0, 19, 44, 59, 50, 100, 54, 7
16, 100, 15, 94, 6, 66, 0, 38, 69, 34, 95, 56, 92, 28, 100, 0, 4
0, 44, 24, 55, 62, 78, 100, 100, 100, 80, 95, 52, 91, 24, 81, 0, 1
0, 61, 35, 82, 90, 100, 100, 93, 69, 71, 44, 47, 23, 24, 8, 0, 1
5, 88, 50, 100, 76, 80, 44, 58, 73, 43, 100, 21, 59, 3, 0, 0, 3
40, 89, 0, 25, 46, 0, 100, 49, 70, 100, 44, 78, 95, 62, 34, 22, 0
0, 80, 39, 100, 73, 83, 38, 57, 60, 42, 100, 22, 62, 1, 9, 0, 3
17, 78, 30, 100, 55, 80, 31, 50, 0, 23, 4, 0, 52, 1, 100, 5, 2
10, 99, 36, 98, 100, 100, 91, 68, 58, 34, 24, 0, 0, 3, 36, 22, 7
100, 100, 12, 94, 0, 72, 85, 83, 94, 85, 81, 56, 65, 27, 62, 0, 9
0, 31, 52, 59, 46, 100, 11, 81, 65, 52, 100, 17, 38, 0, 9, 26, 8
53, 81, 99, 100, 97, 65, 61, 32, 22, 0, 0, 20, 36, 39, 100, 48, 7
66, 100, 21, 85, 0, 55, 4, 23, 48, 0, 100, 12, 62, 36, 6, 25, 6
44, 99, 0, 71, 48, 65, 73, 32, 12, 0, 5, 45, 19, 96, 100, 100, 5
9, 77, 18, 100, 74, 95, 66, 68, 34, 43, 0, 19, 37, 2, 100, 0, 2
0, 100, 13, 84, 13, 52, 18, 22, 60, 23, 93, 39, 88, 30, 100, 0, 4
26, 87, 63, 100, 83, 83, 57, 57, 100, 40, 90, 10, 41, 0, 0, 12, 3
0, 76, 34, 100, 70, 87, 48, 49, 16, 18, 11, 0, 55, 5, 100, 10, 2
38, 93, 100, 100, 85, 93, 24, 83, 41, 48, 95, 31, 48, 0, 0, 12, 5
78, 100, 23, 83, 59, 64, 100, 83, 76, 74, 77, 46, 55, 20, 0, 0, 9
0, 70, 31, 94, 99, 100, 100, 73, 55, 46, 8, 21, 19, 0, 88, 1, 2
24, 66, 55, 84, 100, 100, 79, 80, 52, 60, 29, 40, 12, 20, 0, 0, 1
0, 82, 33, 100, 66, 87, 58, 54, 34, 27, 19, 0, 60, 1, 100, 10, 2
21, 100, 4, 79, 0, 47, 54, 38, 100, 49, 92, 66, 91, 33, 92, 0, 4
21, 73, 8, 40, 36, 0, 77, 1, 100, 44, 82, 90, 41, 100, 0, 86, 0
62, 44, 98, 76, 65, 100, 3, 84, 0, 52, 70, 49, 100, 35, 84, 0, 9
35, 64, 58, 100, 63, 91, 57, 50, 48, 10, 0, 1, 50, 0, 100, 1, 1
82, 83, 100, 100, 54, 76, 17, 47, 0, 13, 46, 0, 50, 30, 0, 27, 6
55, 100, 36, 65, 0, 29, 55, 33, 100, 44, 77, 86, 73, 45, 78, 0, 4
26, 97, 28, 70, 59, 35, 22, 0, 0, 23, 8, 71, 40, 100, 100, 100, 5
0, 100, 44, 97, 54, 61, 41, 23, 23, 0, 9, 38, 52, 44, 100, 41, 7
52, 70, 100, 89, 50, 100, 0, 82, 55, 72, 96, 54, 77, 26, 55, 0, 9
0, 60, 36, 86, 60, 100, 59, 52, 53, 5, 16, 1, 60, 1, 100, 0, 1
27, 86, 31, 62, 41, 100, 40, 55, 46, 10, 0, 0, 45, 2, 100, 5, 1
0, 99, 36, 100, 93, 97, 100, 64, 83, 32, 61, 0, 28, 28, 76, 40, 7
32, 100, 6, 65, 0, 24, 29, 0, 70, 20, 100, 53, 93, 90, 47, 97, 0
79, 90, 68, 100, 29, 67, 0, 34, 2, 0, 95, 0, 100, 27, 5, 20, 6
46, 94, 100, 100, 64, 97, 17, 76, 22, 53, 70, 33, 56, 3, 0, 0, 5
81, 85, 10, 79, 42, 38, 56, 0, 0, 21, 45, 62, 100, 100, 29, 82, 8
29, 70, 56, 36, 43, 2, 3, 0, 0, 42, 13, 76, 56, 90, 100, 100, 5
55, 92, 17, 78, 55, 38, 50, 0, 0, 21, 56, 55, 100, 92, 25, 100, 8
0, 91, 42, 100, 63, 76, 53, 38, 54, 0, 40, 4, 48, 29, 100, 36, 7
97, 100, 43, 77, 13, 42, 7, 2, 68, 0, 100, 34, 43, 36, 0, 5, 6
8, 100, 25, 75, 84, 99, 0, 100, 20, 83, 100, 81, 60, 39, 13, 0, 9
56, 76, 73, 52, 93, 13, 0, 0, 37, 35, 100, 69, 100, 100, 17, 76, 8
65, 93, 68, 73, 92, 23, 13, 0, 0, 38, 87, 65, 100, 100, 5, 98, 8
90, 78, 43, 100, 0, 73, 63, 68, 95, 94, 100, 51, 79, 11, 16, 0, 9
100, 80, 54, 77, 25, 96, 78, 100, 99, 74, 76, 45, 42, 20, 0, 0, 9
23, 100, 0, 65, 5, 23, 52, 0, 100, 21, 95, 62, 53, 92, 12, 66, 0
7, 69, 0, 25, 36, 0, 74, 10, 100, 49, 85, 95, 45, 100, 17, 67, 0
79, 68, 100, 94, 47, 100, 0, 83, 27, 62, 84, 58, 91, 30, 80, 0, 9
36, 81, 69, 90, 100, 100, 80, 80, 60, 60, 41, 40, 20, 19, 0, 0, 1
0, 71, 47, 85, 100, 100, 92, 82, 75, 60, 62, 38, 45, 16, 40, 0, 1
37, 100, 8, 78, 0, 39, 18, 4, 59, 0, 91, 26, 100, 64, 72, 92, 0
2, 65, 29, 35, 46, 2, 12, 0, 0, 41, 18, 73, 58, 88, 100, 100, 5
61, 90, 67, 61, 99, 100, 9, 71, 17, 56, 0, 0, 100, 25, 17, 61, 8
54, 63, 45, 100, 1, 53, 11, 0, 75, 18, 100, 74, 44, 98, 0, 54, 0
22, 100, 0, 70, 28, 44, 83, 47, 100, 79, 71, 61, 45, 30, 19, 0, 4
36, 90, 34, 65, 77, 32, 40, 0, 13, 30, 0, 72, 24, 100, 100, 93, 5
42, 90, 74, 100, 100, 87, 70, 70, 46, 50, 56, 19, 35, 0, 0, 5, 3
38, 100, 27, 89, 8, 67, 0, 44, 40, 32, 100, 41, 83, 22, 81, 0, 4
60, 91, 14, 80, 50, 59, 56, 7, 0, 0, 4, 45, 41, 91, 100, 100, 5
4, 88, 0, 43, 25, 4, 70, 0, 100, 35, 94, 79, 53, 100, 8, 86, 0
39, 89, 37, 59, 65, 29, 24, 0, 6, 37, 0, 80, 38, 100, 100, 98, 5
27, 82, 58, 100, 73, 83, 68, 53, 100, 34, 76, 8, 38, 0, 0, 5, 3
0, 96, 46, 100, 64, 67, 45, 31, 12, 0, 10, 30, 50, 55, 100, 68, 7
0, 34, 43, 67, 74, 100, 68, 54, 59, 9, 5, 1, 32, 0, 100, 3, 1
14, 86, 50, 100, 73, 80, 39, 53, 0, 28, 0, 4, 58, 1, 100, 0, 2
0, 100, 72, 99, 100, 86, 62, 45, 38, 0, 5, 13, 23, 41, 97, 44, 7
0, 4, 74, 29, 100, 62, 88, 95, 74, 100, 74, 67, 74, 33, 76, 0, 1
58, 96, 17, 64, 0, 26, 29, 0, 75, 27, 100, 65, 83, 100, 33, 79, 0
97, 100, 57, 82, 24, 51, 0, 20, 32, 0, 100, 12, 91, 42, 25, 56, 6
33, 65, 68, 100, 73, 89, 56, 40, 37, 0, 0, 8, 50, 5, 100, 6, 1
52, 100, 26, 68, 0, 36, 52, 36, 100, 40, 84, 69, 62, 35, 48, 0, 4
69, 98, 89, 64, 97, 100, 62, 79, 99, 77, 100, 29, 60, 2, 0, 0, 9
100, 100, 21, 86, 45, 47, 86, 11, 3, 0, 0, 33, 65, 65, 99, 96, 8
71, 64, 55, 100, 0, 98, 19, 69, 74, 80, 100, 49, 67, 10, 13, 0, 9
0, 67, 59, 100, 79, 98, 71, 54, 71, 12, 9, 1, 2, 0, 100, 3, 1
25, 46, 100, 31, 80, 0, 0, 9, 38, 45, 89, 78, 54, 100, 20, 68, 8
100, 99, 55, 100, 22, 79, 27, 51, 74, 47, 87, 19, 47, 0, 0, 1, 5
0, 89, 4, 47, 21, 0, 73, 2, 100, 45, 78, 89, 25, 100, 14, 54, 0
27, 90, 0, 65, 55, 44, 62, 5, 19, 0, 24, 50, 29, 95, 100, 100, 5
100, 79, 64, 100, 30, 86, 63, 73, 77, 63, 72, 27, 42, 0, 0, 5, 9
95, 96, 56, 84, 0, 47, 57, 39, 100, 55, 93, 100, 86, 48, 81, 0, 4
32, 80, 71, 100, 100, 85, 62, 61, 78, 50, 83, 14, 40, 0, 0, 20, 3
0, 87, 37, 100, 59, 64, 45, 15, 27, 0, 20, 38, 60, 44, 100, 51, 7
73, 100, 35, 93, 6, 61, 0, 25, 42, 0, 100, 18, 72, 42, 19, 21, 6
37, 94, 53, 48, 41, 6, 0, 0, 4, 45, 17, 90, 57, 100, 100, 100, 5
0, 88, 44, 100, 100, 85, 88, 45, 60, 8, 25, 0, 32, 25, 98, 27, 7
56, 100, 19, 76, 0, 33, 24, 0, 74, 25, 100, 65, 70, 87, 23, 60, 0
47, 86, 87, 100, 100, 74, 67, 51, 97, 32, 96, 7, 48, 0, 0, 7, 3
38, 100, 10, 69, 0, 27, 29, 0, 71, 9, 100, 42, 88, 81, 46, 92, 0
0, 80, 22, 100, 43, 71, 36, 37, 9, 8, 7, 12, 54, 16, 100, 0, 2
100, 100, 74, 85, 34, 59, 0, 31, 7, 1, 68, 0, 60, 18, 0, 18, 6
22, 71, 55, 44, 42, 11, 0, 0, 1, 37, 13, 71, 53, 91, 100, 100, 5
48, 100, 24, 62, 0, 35, 93, 33, 100, 67, 74, 77, 63, 39, 56, 0, 4
19, 93, 66, 100, 78, 78, 41, 58, 63, 41, 100, 23, 53, 9, 0, 0, 3
43, 77, 53, 100, 95, 94, 68, 67, 80, 53, 100, 29, 57, 7, 0, 0, 3
4, 54, 55, 75, 97, 98, 100, 100, 69, 75, 40, 50, 13, 25, 0, 0, 1
16, 78, 66, 100, 100, 75, 46, 39, 0, 0, 66, 4, 24, 45, 23, 85, 8
46, 85, 36, 68, 84, 79, 42, 100, 79, 65, 100, 23, 53, 0, 0, 8, 9
22, 67, 56, 87, 100, 100, 72, 80, 44, 60, 17, 40, 0, 19, 22, 0, 1
35, 100, 32, 97, 0, 73, 4, 46, 51, 42, 100, 48, 88, 29, 72, 0, 4
0, 56, 40, 72, 79, 90, 100, 100, 86, 74, 70, 49, 55, 23, 45, 0, 1
27, 86, 70, 100, 77, 77, 50, 53, 96, 40, 100, 19, 52, 6, 0, 0, 3
29, 81, 60, 100, 90, 81, 68, 52, 34, 27, 0, 4, 47, 0, 100, 1, 2
93, 100, 59, 79, 95, 68, 100, 90, 100, 60, 88, 32, 52, 10, 0, 0, 9
56, 100, 29, 74, 0, 40, 51, 38, 100, 44, 77, 73, 58, 36, 35, 0, 4
0, 0, 51, 9, 87, 37, 100, 70, 72, 100, 14, 94, 36, 65, 99, 58, 9
91, 98, 47, 100, 49, 72, 92, 96, 100, 93, 73, 57, 43, 23, 0, 0, 9
26, 94, 75, 100, 92, 77, 45, 59, 81, 43, 100, 11, 51, 0, 0, 1, 3
55, 94, 30, 100, 84, 99, 63, 66, 77, 58, 100, 31, 60, 3, 0, 0, 3
0, 94, 60, 100, 75, 82, 65, 51, 63, 20, 62, 0, 39, 28, 100, 38, 7
16, 89, 43, 100, 86, 89, 56, 61, 79, 33, 100, 5, 49, 0, 0, 11, 3
31, 81, 49, 43, 38, 7, 0, 0, 5, 42, 25, 73, 62, 90, 100, 100, 5
32, 64, 50, 100, 52, 92, 42, 53, 38, 14, 0, 0, 50, 0, 100, 5, 1
0, 83, 63, 100, 100, 82, 84, 52, 58, 23, 23, 0, 0, 29, 76, 33, 7
79, 100, 31, 77, 0, 51, 68, 43, 100, 68, 76, 53, 41, 27, 14, 0, 4
30, 91, 0, 50, 57, 54, 62, 19, 2, 0, 2, 52, 28, 96, 100, 100, 5
0, 62, 27, 73, 66, 90, 100, 100, 80, 74, 59, 48, 42, 21, 36, 0, 1
0, 69, 26, 77, 92, 97, 100, 100, 76, 75, 55, 50, 39, 25, 29, 0, 1
90, 100, 52, 82, 22, 54, 0, 24, 24, 0, 82, 5, 100, 23, 42, 22, 6
100, 63, 71, 100, 10, 85, 24, 43, 56, 4, 0, 0, 26, 38, 88, 55, 8
0, 80, 36, 100, 81, 92, 49, 65, 86, 53, 100, 24, 57, 4, 6, 0, 3
0, 73, 26, 100, 56, 72, 40, 31, 3, 10, 19, 22, 63, 13, 100, 0, 2
0, 0, 18, 27, 48, 49, 76, 73, 100, 100, 94, 73, 82, 40, 82, 9, 1
40, 71, 60, 100, 100, 85, 78, 46, 37, 20, 0, 4, 49, 3, 99, 0, 2
37, 85, 74, 100, 73, 68, 49, 38, 19, 10, 0, 4, 51, 10, 100, 0, 2
59, 71, 62, 100, 90, 79, 67, 43, 28, 16, 0, 22, 50, 16, 100, 0, 2
0, 81, 20, 100, 64, 100, 100, 85, 72, 60, 35, 42, 46, 21, 79, 0, 3
0, 0, 34, 12, 67, 28, 89, 50, 100, 77, 84, 100, 58, 85, 85, 65, 9
4, 80, 3, 52, 47, 54, 55, 0, 10, 2, 0, 80, 43, 100, 100, 95, 5
100, 83, 66, 93, 11, 100, 3, 64, 58, 56, 91, 23, 47, 0, 0, 7, 5
38, 100, 5, 61, 66, 52, 66, 19, 0, 0, 6, 51, 24, 97, 100, 98, 5
62, 100, 84, 93, 67, 70, 82, 48, 100, 26, 77, 6, 39, 0, 0, 2, 3
0, 68, 47, 82, 89, 100, 100, 90, 81, 67, 58, 45, 34, 22, 13, 0, 1
55, 82, 53, 100, 100, 86, 81, 59, 38, 39, 78, 24, 54, 3, 0, 0, 3
0, 94, 53, 100, 94, 77, 79, 37, 53, 0, 37, 1, 50, 40, 100, 57, 7
100, 100, 56, 93, 23, 65, 0, 31, 18, 0, 65, 4, 61, 22, 17, 9, 6
49, 73, 69, 100, 100, 77, 82, 40, 47, 11, 0, 0, 43, 11, 95, 11, 2
0, 80, 7, 100, 93, 100, 98, 68, 64, 26, 41, 0, 15, 41, 100, 48, 7
65, 98, 41, 74, 100, 100, 32, 85, 10, 60, 0, 0, 73, 12, 33, 62, 8
0, 93, 45, 100, 75, 73, 73, 36, 61, 0, 34, 29, 49, 45, 100, 51, 7
68, 100, 34, 88, 0, 62, 6, 42, 70, 49, 100, 51, 62, 27, 42, 0, 4
61, 79, 90, 100, 100, 78, 76, 54, 42, 32, 7, 13, 0, 0, 49, 3, 2
0, 83, 43, 100, 72, 76, 35, 51, 69, 45, 100, 21, 59, 0, 5, 0, 3
12, 80, 40, 100, 81, 90, 64, 60, 64, 30, 100, 9, 53, 0, 0, 1, 3
40, 83, 81, 46, 79, 7, 5, 0, 51, 35, 100, 71, 72, 100, 0, 77, 8
55, 100, 21, 73, 0, 36, 16, 0, 58, 7, 91, 34, 100, 74, 65, 96, 0
13, 83, 42, 100, 59, 67, 35, 34, 0, 27, 30, 32, 65, 11, 100, 0, 2
80, 81, 34, 100, 0, 70, 45, 39, 76, 0, 28, 12, 57, 54, 100, 85, 8
37, 89, 97, 100, 60, 95, 15, 72, 72, 63, 100, 35, 60, 8, 0, 0, 5
30, 61, 67, 79, 100, 100, 91, 90, 63, 68, 37, 46, 15, 23, 0, 0, 1
0, 64, 36, 72, 73, 90, 100, 100, 89, 74, 82, 47, 78, 21, 76, 0, 1
77, 100, 25, 82, 3, 53, 0, 24, 43, 0, 100, 16, 46, 28, 6, 4, 6
15, 96, 3, 61, 57, 49, 42, 0, 10, 13, 0, 66, 44, 95, 100, 100, 5
0, 43, 35, 60, 67, 80, 99, 100, 100, 75, 100, 49, 100, 24, 99, 0, 1
100, 100, 77, 94, 47, 71, 23, 43, 14, 12, 50, 0, 42, 20, 0, 29, 6
25, 100, 0, 76, 11, 45, 79, 46, 100, 73, 86, 70, 79, 35, 70, 0, 4
15, 86, 49, 100, 100, 99, 93, 78, 57, 60, 64, 36, 42, 15, 0, 0, 3
21, 100, 22, 74, 0, 45, 34, 36, 100, 33, 97, 62, 84, 31, 77, 0, 4
2, 37, 8, 25, 42, 0, 89, 17, 100, 59, 73, 96, 23, 100, 0, 62, 0
19, 100, 42, 95, 7, 58, 0, 44, 83, 34, 86, 68, 90, 34, 100, 0, 4
71, 71, 90, 89, 36, 100, 0, 79, 71, 72, 100, 50, 79, 25, 59, 0, 9
0, 77, 28, 100, 60, 85, 62, 51, 42, 21, 26, 2, 68, 0, 100, 0, 2
0, 95, 32, 100, 78, 94, 73, 55, 61, 13, 50, 0, 53, 32, 100, 32, 7
59, 100, 41, 79, 14, 56, 0, 31, 51, 21, 100, 33, 85, 25, 79, 0, 4
95, 100, 74, 95, 27, 65, 0, 30, 32, 0, 100, 11, 73, 45, 9, 64, 6
21, 93, 64, 100, 100, 83, 71, 57, 94, 34, 95, 12, 48, 5, 0, 0, 3
74, 74, 62, 100, 10, 76, 36, 39, 62, 2, 0, 0, 24, 30, 100, 50, 8
63, 100, 43, 89, 15, 58, 10, 23, 50, 0, 100, 18, 63, 43, 0, 50, 6
100, 96, 76, 100, 43, 78, 16, 53, 0, 23, 20, 0, 51, 18, 12, 25, 6
0, 93, 57, 100, 100, 86, 71, 43, 41, 1, 22, 0, 23, 35, 82, 41, 7
10, 93, 0, 54, 21, 74, 52, 100, 65, 46, 53, 0, 26, 4, 100, 5, 1
2, 97, 14, 66, 50, 90, 14, 100, 62, 75, 100, 37, 75, 2, 0, 0, 9
19, 64, 30, 100, 36, 85, 41, 47, 42, 9, 0, 0, 50, 4, 100, 12, 1
96, 100, 49, 77, 16, 48, 0, 17, 42, 0, 100, 15, 61, 32, 1, 20, 6
100, 65, 80, 96, 33, 100, 51, 76, 94, 68, 83, 33, 48, 8, 0, 0, 9
31, 74, 88, 100, 100, 95, 98, 55, 96, 16, 25, 2, 0, 0, 100, 2, 1
50, 50, 97, 72, 87, 100, 25, 95, 0, 65, 60, 56, 100, 35, 91, 0, 9
0, 75, 61, 81, 100, 100, 96, 88, 87, 66, 85, 44, 85, 22, 87, 0, 1
0, 16, 33, 43, 69, 71, 100, 100, 97, 91, 77, 60, 57, 30, 44, 0, 1
0, 100, 51, 99, 70, 67, 57, 27, 59, 0, 100, 26, 57, 41, 5, 40, 7
32, 87, 24, 54, 81, 100, 0, 72, 18, 44, 36, 0, 100, 44, 19, 49, 8
90, 81, 46, 57, 0, 70, 27, 100, 85, 98, 100, 64, 86, 30, 55, 0, 9
0, 75, 29, 100, 74, 93, 69, 60, 41, 29, 0, 3, 37, 0, 100, 6, 2
100, 100, 59, 83, 31, 52, 20, 19, 52, 0, 91, 25, 48, 27, 0, 7, 6
22, 91, 24, 64, 80, 38, 67, 0, 0, 13, 4, 57, 26, 97, 100, 100, 5
100, 100, 49, 97, 15, 65, 0, 28, 33, 0, 85, 17, 62, 39, 20, 12, 6
86, 100, 49, 91, 0, 54, 63, 52, 100, 64, 90, 98, 76, 45, 69, 0, 4
78, 99, 77, 83, 99, 100, 75, 86, 100, 58, 100, 28, 57, 9, 0, 0, 9
19, 100, 14, 79, 5, 59, 0, 38, 27, 20, 100, 34, 81, 21, 70, 0, 4
36, 82, 45, 60, 81, 100, 0, 70, 19, 45, 25, 0, 100, 37, 4, 32, 8
0, 93, 63, 100, 100, 90, 89, 47, 77, 5, 51, 0, 27, 26, 94, 36, 7
0, 37, 25, 50, 50, 63, 74, 81, 97, 100, 100, 78, 88, 40, 79, 0, 1
8, 66, 17, 27, 49, 0, 89, 23, 100, 63, 75, 97, 25, 100, 0, 67, 0
26, 93, 70, 100, 75, 55, 44, 17, 0, 0, 6, 24, 54, 24, 100, 12, 2
48, 97, 13, 62, 0, 21, 44, 0, 89, 29, 100, 70, 60, 100, 4, 84, 0
9, 85, 0, 45, 16, 5, 63, 0, 95, 31, 100, 72, 65, 100, 19, 89, 0
48, 73, 62, 80, 100, 100, 88, 85, 60, 64, 38, 42, 15, 21, 0, 0, 1
49, 94, 1, 98, 44, 81, 59, 100, 92, 64, 100, 20, 55, 0, 0, 8, 9
43, 84, 76, 100, 100, 78, 62, 55, 83, 43, 99, 14, 53, 0, 0, 7, 3
53, 100, 0, 75, 7, 43, 100, 52, 50, 76, 16, 91, 14, 44, 28, 0, 4
38, 92, 11, 62, 0, 27, 27, 0, 75, 6, 100, 36, 88, 71, 59, 100, 0
41, 80, 61, 100, 83, 78, 65, 58, 100, 44, 84, 17, 45, 0, 0, 0, 3
32, 84, 66, 100, 100, 80, 64, 40, 30, 0, 68, 11, 36, 52, 0, 91, 8
0, 54, 47, 68, 83, 90, 100, 100, 93, 74, 86, 48, 76, 23, 79, 0, 1
100, 100, 58, 86, 23, 57, 1, 24, 30, 0, 90, 13, 64, 40, 0, 42, 6
17, 82, 1, 72, 40, 58, 81, 28, 5, 0, 0, 46, 1, 93, 100, 100, 5
58, 90, 8, 63, 37, 44, 18, 0, 0, 18, 4, 74, 41, 100, 100, 98, 5
86, 74, 21, 100, 0, 73, 66, 38, 100, 0, 12, 8, 49, 49, 100, 76, 8
15, 91, 23, 65, 92, 46, 68, 0, 10, 14, 0, 63, 7, 97, 100, 100, 5
48, 100, 39, 89, 14, 56, 12, 19, 57, 0, 100, 17, 52, 30, 0, 15, 6
36, 86, 0, 75, 35, 34, 12, 0, 11, 35, 75, 68, 100, 100, 12, 89, 8
11, 91, 57, 100, 100, 93, 66, 62, 33, 29, 5, 0, 0, 35, 60, 37, 7
12, 100, 3, 86, 0, 61, 35, 54, 72, 54, 100, 53, 90, 27, 88, 0, 4
54, 100, 20, 72, 0, 40, 56, 35, 100, 45, 72, 65, 44, 34, 31, 0, 4
100, 100, 61, 85, 61, 60, 91, 82, 92, 54, 75, 23, 42, 1, 0, 0, 9
29, 100, 18, 72, 0, 44, 54, 34, 100, 41, 59, 57, 46, 29, 38, 0, 4
100, 83, 47, 100, 0, 79, 25, 51, 78, 68, 82, 71, 77, 34, 64, 0, 9
0, 90, 37, 100, 58, 69, 55, 32, 47, 0, 25, 33, 55, 44, 100, 46, 7
56, 100, 29, 73, 0, 41, 30, 35, 100, 34, 95, 65, 78, 31, 80, 0, 4
25, 83, 12, 54, 62, 29, 37, 0, 6, 20, 0, 62, 37, 92, 100, 100, 5
0, 89, 44, 100, 100, 73, 88, 35, 46, 0, 12, 9, 11, 35, 92, 34, 7
0, 95, 54, 100, 85, 75, 61, 38, 55, 0, 28, 12, 36, 36, 100, 23, 7
64, 97, 32, 67, 19, 26, 0, 0, 30, 36, 67, 67, 100, 100, 47, 88, 8
36, 80, 71, 100, 97, 79, 70, 49, 100, 37, 88, 5, 41, 0, 0, 15, 3
0, 95, 38, 100, 78, 80, 63, 40, 49, 0, 24, 14, 46, 34, 100, 36, 7
39, 100, 10, 74, 0, 41, 60, 38, 100, 49, 85, 63, 60, 32, 43, 0, 4
34, 86, 22, 40, 39, 0, 83, 17, 100, 61, 70, 96, 22, 100, 0, 64, 0
52, 94, 100, 100, 98, 77, 72, 55, 99, 36, 92, 13, 44, 0, 0, 10, 3
0, 79, 40, 100, 78, 73, 61, 35, 31, 0, 30, 22, 31, 45, 100, 45, 7
100, 99, 72, 100, 54, 71, 44, 41, 42, 10, 69, 0, 47, 25, 0, 29, 6
75, 100, 100, 99, 83, 83, 75, 66, 50, 49, 25, 33, 8, 17, 0, 0, 1
80, 81, 42, 77, 10, 46, 0, 2, 42, 0, 82, 19, 100, 60, 77, 100, 0
84, 70, 94, 100, 48, 90, 60, 66, 100, 68, 78, 32, 47, 0, 0, 2, 9
1, 63, 3, 27, 37, 0, 79, 18, 100, 54, 89, 90, 41, 100, 0, 80, 0
73, 99, 37, 100, 62, 73, 89, 91, 99, 51, 100, 13, 52, 0, 0, 1, 9
50, 100, 20, 75, 2, 46, 0, 17, 43, 0, 100, 10, 73, 32, 16, 24, 6
39, 68, 67, 100, 74, 78, 78, 38, 86, 0, 100, 4, 39, 7, 0, 14, 1
27, 88, 2, 49, 13, 1, 70, 0, 100, 43, 93, 91, 35, 100, 0, 63, 0
100, 100, 62, 88, 26, 61, 0, 30, 14, 0, 68, 2, 63, 23, 12, 13, 6
60, 90, 94, 64, 88, 100, 56, 71, 100, 83, 100, 35, 67, 2, 0, 0, 9
18, 100, 22, 79, 0, 47, 28, 35, 94, 35, 98, 64, 100, 34, 91, 0, 4
0, 27, 23, 44, 63, 72, 100, 100, 86, 88, 50, 60, 22, 30, 9, 0, 1
36, 100, 0, 55, 7, 0, 61, 25, 100, 76, 61, 100, 37, 69, 24, 44, 0
67, 78, 54, 100, 0, 83, 36, 43, 61, 0, 15, 14, 51, 54, 100, 80, 8
96, 100, 55, 66, 0, 37, 18, 37, 100, 42, 95, 72, 64, 36, 39, 0, 4
36, 59, 56, 100, 73, 62, 49, 22, 0, 9, 34, 17, 73, 0, 100, 29, 2
0, 85, 48, 100, 84, 89, 73, 48, 65, 6, 48, 0, 37, 28, 100, 33, 7
86, 100, 36, 80, 1, 49, 0, 14, 56, 0, 100, 23, 51, 37, 2, 16, 6
0, 91, 45, 100, 87, 92, 61, 45, 30, 0, 22, 4, 40, 39, 100, 38, 7
63, 91, 66, 100, 100, 87, 65, 60, 28, 35, 0, 7, 47, 0, 88, 0, 2
40, 84, 79, 100, 100, 78, 65, 58, 87, 44, 87, 25, 42, 14, 0, 0, 3
32, 85, 67, 55, 95, 10, 4, 0, 12, 40, 95, 71, 100, 100, 0, 87, 8
32, 85, 0, 51, 2, 7, 51, 0, 93, 23, 100, 67, 67, 100, 23, 84, 0
47, 83, 84, 68, 100, 91, 35, 100, 73, 78, 93, 47, 48, 20, 0, 0, 9
44, 86, 71, 100, 100, 88, 73, 69, 61, 51, 68, 26, 36, 10, 0, 0, 3
53, 100, 7, 98, 21, 69, 56, 92, 63, 59, 100, 25, 64, 0, 0, 9, 9
95, 71, 100, 100, 39, 100, 0, 76, 55, 76, 93, 59, 76, 29, 55, 0, 9
53, 100, 5, 80, 0, 63, 60, 64, 100, 79, 79, 57, 55, 26, 31, 0, 4
56, 87, 91, 100, 81, 72, 61, 58, 100, 41, 87, 12, 38, 0, 0, 12, 3
0, 100, 16, 91, 69, 94, 100, 90, 65, 70, 45, 45, 31, 18, 20, 0, 7
0, 89, 65, 100, 85, 70, 51, 35, 19, 0, 12, 21, 29, 48, 100, 46, 7
0, 43, 32, 60, 65, 80, 99, 100, 100, 81, 88, 54, 79, 26, 84, 0, 1
44, 75, 50, 100, 100, 94, 82, 64, 92, 36, 89, 5, 38, 0, 0, 21, 3
100, 100, 53, 91, 16, 58, 0, 20, 49, 0, 99, 24, 64, 56, 5, 53, 6
79, 100, 42, 81, 10, 54, 0, 26, 24, 0, 100, 5, 88, 31, 8, 40, 6
81, 60, 96, 100, 0, 98, 49, 54, 96, 11, 13, 0, 33, 45, 100, 86, 8
0, 93, 32, 99, 81, 100, 100, 92, 84, 69, 70, 46, 60, 23, 59, 0, 7
100, 68, 56, 48, 0, 64, 14, 100, 77, 98, 90, 61, 61, 25, 10, 0, 9
0, 89, 40, 100, 64, 70, 55, 27, 38, 0, 15, 30, 57, 36, 100, 39, 7
0, 82, 27, 100, 35, 70, 18, 40, 6, 8, 41, 0, 78, 1, 100, 3, 2
25, 100, 2, 74, 5, 23, 51, 0, 100, 20, 98, 71, 55, 99, 0, 96, 0
100, 100, 67, 96, 29, 67, 0, 33, 15, 0, 70, 1, 71, 18, 19, 10, 6
38, 79, 69, 100, 76, 60, 46, 25, 3, 2, 0, 3, 50, 0, 100, 1, 2
12, 100, 2, 79, 0, 52, 63, 48, 100, 70, 86, 54, 80, 27, 74, 0, 4
50, 99, 21, 80, 0, 37, 25, 0, 76, 16, 100, 58, 79, 100, 29, 95, 0
24, 94, 40, 100, 64, 78, 36, 48, 0, 23, 13, 9, 63, 5, 100, 0, 2
16, 77, 39, 100, 49, 64, 28, 27, 0, 0, 32, 3, 68, 6, 100, 3, 2
33, 77, 64, 100, 100, 89, 68, 62, 78, 43, 86, 12, 44, 0, 0, 2, 3
100, 78, 45, 64, 0, 72, 22, 100, 54, 90, 63, 59, 61, 29, 64, 0, 9
49, 100, 31, 65, 0, 29, 50, 31, 100, 33, 87, 71, 65, 35, 43, 0, 4
0, 67, 48, 99, 71, 100, 74, 56, 75, 10, 9, 0, 19, 0, 100, 3, 1
25, 100, 95, 96, 100, 70, 72, 43, 55, 15, 45, 0, 0, 23, 43, 34, 7
44, 96, 36, 64, 84, 91, 26, 100, 72, 58, 100, 49, 67, 0, 0, 18, 9
63, 100, 28, 79, 4, 51, 0, 21, 37, 0, 100, 9, 68, 27, 7, 19, 6
82, 100, 64, 75, 16, 46, 0, 13, 73, 1, 100, 20, 27, 27, 47, 0, 6
25, 72, 59, 100, 56, 90, 52, 53, 41, 16, 0, 0, 45, 2, 100, 2, 1
0, 78, 25, 100, 66, 98, 87, 71, 62, 40, 32, 13, 58, 0, 100, 3, 2
34, 80, 65, 100, 100, 80, 80, 51, 41, 28, 0, 7, 37, 0, 95, 5, 2
86, 88, 51, 100, 44, 74, 87, 95, 100, 89, 70, 51, 38, 14, 0, 0, 9
63, 100, 32, 73, 11, 45, 0, 14, 45, 0, 100, 10, 68, 19, 13, 10, 6
55, 100, 27, 94, 5, 56, 8, 18, 59, 0, 100, 23, 45, 31, 0, 8, 6
34, 89, 64, 100, 63, 56, 37, 20, 0, 1, 18, 23, 58, 8, 100, 0, 2
59, 85, 4, 100, 49, 50, 94, 0, 0, 24, 49, 56, 100, 88, 4, 90, 8
55, 100, 13, 73, 46, 41, 50, 7, 0, 0, 16, 56, 48, 94, 100, 86, 5
0, 89, 52, 100, 94, 89, 77, 63, 49, 40, 19, 17, 40, 0, 100, 3, 2
0, 74, 26, 98, 64, 100, 76, 71, 56, 41, 30, 14, 60, 1, 100, 0, 2
0, 81, 40, 100, 95, 84, 96, 41, 69, 0, 36, 9, 38, 36, 100, 39, 7
3, 100, 2, 84, 0, 53, 29, 32, 70, 45, 100, 61, 88, 30, 95, 0, 4
72, 97, 23, 80, 0, 37, 22, 0, 76, 18, 100, 61, 79, 100, 24, 93, 0
12, 54, 58, 77, 100, 100, 83, 92, 67, 69, 42, 45, 21, 21, 0, 0, 1
60, 88, 89, 100, 93, 70, 71, 39, 40, 12, 0, 0, 48, 0, 100, 1, 2
14, 86, 52, 100, 60, 76, 41, 55, 100, 52, 98, 27, 60, 8, 0, 0, 3
64, 83, 16, 87, 11, 43, 0, 0, 5, 33, 54, 68, 100, 100, 25, 90, 8
8, 44, 0, 66, 50, 89, 100, 100, 83, 75, 61, 50, 56, 25, 61, 0, 1
0, 89, 50, 100, 85, 78, 70, 39, 56, 0, 30, 13, 43, 35, 100, 45, 7
15, 94, 57, 100, 59, 66, 33, 35, 0, 8, 7, 0, 53, 2, 100, 1, 2
0, 65, 47, 78, 80, 100, 73, 61, 71, 22, 42, 0, 46, 6, 100, 2, 1
100, 100, 55, 81, 24, 50, 9, 15, 54, 0, 87, 24, 43, 41, 0, 31, 6
100, 100, 49, 88, 41, 60, 83, 77, 81, 67, 82, 33, 55, 4, 0, 0, 9
34, 69, 23, 100, 65, 98, 58, 63, 32, 32, 0, 3, 47, 0, 100, 7, 2
10, 91, 20, 59, 83, 56, 100, 13, 40, 0, 3, 42, 0, 82, 60, 100, 5
16, 71, 20, 100, 52, 81, 36, 49, 5, 22, 0, 2, 50, 3, 100, 0, 2
49, 86, 84, 100, 100, 76, 74, 52, 99, 30, 81, 6, 38, 0, 0, 11, 3
100, 100, 72, 88, 52, 60, 34, 31, 32, 0, 75, 4, 51, 25, 0, 24, 6
0, 95, 28, 100, 50, 69, 43, 27, 33, 0, 14, 36, 57, 36, 100, 41, 7
66, 96, 100, 100, 89, 95, 51, 89, 65, 52, 72, 15, 37, 0, 0, 1, 5
0, 89, 46, 100, 100, 98, 84, 78, 51, 58, 71, 35, 50, 14, 5, 0, 3
0, 86, 7, 95, 64, 100, 100, 87, 86, 65, 66, 43, 48, 22, 51, 0, 7
68, 94, 49, 100, 78, 88, 42, 61, 0, 37, 25, 16, 79, 8, 100, 0, 2
49, 100, 18, 82, 0, 61, 5, 40, 53, 38, 100, 43, 92, 21, 93, 0, 4
50, 51, 100, 74, 70, 100, 0, 93, 4, 69, 78, 60, 90, 32, 76, 0, 9
37, 95, 33, 68, 55, 31, 18, 0, 0, 35, 2, 80, 46, 100, 100, 94, 5
31, 81, 70, 98, 100, 100, 58, 87, 42, 58, 78, 32, 42, 9, 0, 0, 5
9, 90, 46, 100, 74, 74, 62, 42, 29, 18, 0, 0, 49, 2, 100, 1, 2
97, 90, 67, 100, 26, 71, 0, 39, 4, 6, 74, 0, 100, 26, 27, 18, 6
43, 99, 21, 66, 60, 32, 32, 0, 0, 25, 10, 75, 51, 100, 100, 82, 5
27, 95, 0, 62, 59, 47, 42, 0, 1, 4, 5, 54, 31, 95, 100, 100, 5
22, 87, 25, 55, 77, 43, 53, 0, 11, 18, 0, 69, 38, 91, 100, 100, 5
16, 87, 53, 100, 82, 82, 40, 56, 75, 50, 100, 20, 56, 0, 0, 4, 3
26, 91, 19, 39, 49, 0, 92, 18, 100, 70, 62, 100, 17, 88, 0, 42, 0
24, 86, 3, 62, 49, 32, 42, 0, 0, 19, 9, 61, 37, 94, 100, 100, 5
35, 93, 2, 69, 0, 26, 36, 0, 79, 2, 100, 39, 81, 77, 42, 100, 0
7, 55, 45, 74, 86, 100, 100, 96, 71, 68, 41, 39, 14, 9, 0, 0, 1
100, 87, 96, 100, 49, 73, 11, 44, 0, 10, 60, 0, 73, 27, 16, 27, 6
70, 100, 25, 75, 0, 34, 25, 0, 73, 22, 100, 62, 75, 98, 23, 93, 0
37, 100, 30, 87, 7, 62, 0, 35, 59, 29, 100, 51, 78, 27, 74, 0, 4
15, 80, 0, 48, 45, 31, 51, 0, 30, 36, 13, 76, 46, 100, 100, 99, 5
0, 97, 41, 100, 59, 52, 45, 0, 17, 9, 5, 45, 52, 44, 100, 39, 7
33, 100, 15, 85, 0, 40, 13, 0, 46, 3, 76, 25, 100, 61, 84, 95, 0
50, 85, 3, 100, 4, 78, 63, 68, 100, 61, 80, 19, 32, 0, 0, 7, 9
85, 100, 43, 76, 11, 48, 0, 17, 44, 0, 100, 10, 59, 20, 1, 10, 6
40, 100, 3, 69, 0, 25, 44, 0, 91, 26, 100, 69, 60, 100, 8, 84, 0
98, 76, 59, 100, 16, 76, 74, 42, 77, 0, 0, 9, 31, 48, 100, 76, 8
100, 100, 68, 79, 45, 57, 28, 34, 22, 11, 72, 0, 62, 18, 0, 20, 6
16, 83, 60, 100, 100, 80, 71, 53, 72, 45, 96, 22, 49, 0, 0, 3, 3
87, 75, 53, 100, 0, 81, 40, 61, 81, 78, 100, 41, 77, 5, 16, 0, 9
57, 100, 0, 83, 48, 72, 100, 93, 89, 74, 67, 47, 48, 21, 56, 0, 9
23, 76, 39, 100, 50, 67, 29, 35, 0, 11, 29, 8, 65, 7, 100, 0, 2
14, 87, 44, 65, 71, 100, 0, 87, 44, 69, 94, 72, 100, 23, 36, 0, 9
27, 97, 0, 57, 6, 14, 58, 0, 100, 30, 100, 72, 57, 100, 11, 74, 0
0, 100, 49, 99, 83, 73, 79, 36, 67, 0, 51, 16, 47, 38, 100, 38, 7
47, 96, 100, 100, 53, 93, 15, 74, 46, 58, 77, 34, 51, 9, 0, 0, 5
46, 100, 4, 75, 7, 24, 53, 0, 100, 21, 89, 68, 44, 97, 0, 88, 0
100, 100, 49, 88, 20, 56, 7, 19, 46, 0, 95, 17, 51, 22, 0, 7, 6
13, 72, 27, 98, 93, 100, 100, 75, 58, 54, 85, 37, 56, 14, 0, 0, 3
45, 100, 4, 91, 40, 77, 51, 76, 72, 49, 100, 22, 69, 0, 0, 3, 9
0, 93, 46, 100, 94, 90, 83, 52, 69, 14, 49, 0, 49, 28, 100, 28, 7
34, 100, 22, 67, 0, 36, 34, 23, 86, 30, 100, 61, 94, 33, 91, 0, 4
50, 100, 10, 67, 100, 100, 14, 94, 19, 56, 0, 0, 89, 29, 1, 40, 8
13, 81, 24, 100, 89, 97, 100, 75, 63, 52, 97, 22, 55, 0, 0, 12, 3
77, 100, 43, 84, 18, 59, 0, 35, 48, 17, 91, 32, 82, 24, 100, 0, 4
57, 60, 61, 61, 100, 100, 37, 99, 62, 78, 93, 52, 67, 2, 0, 0, 9
100, 100, 39, 90, 1, 59, 0, 22, 46, 0, 93, 22, 54, 46, 0, 26, 6
64, 100, 19, 66, 0, 24, 64, 19, 100, 45, 98, 88, 78, 46, 69, 0, 4
36, 100, 29, 81, 0, 56, 12, 32, 67, 32, 95, 54, 94, 26, 100, 0, 4
0, 54, 24, 68, 71, 89, 100, 100, 69, 76, 43, 50, 19, 26, 5, 0, 1
0, 94, 52, 100, 100, 96, 93, 52, 85, 8, 62, 0, 36, 24, 91, 30, 7
62, 100, 38, 71, 0, 46, 6, 41, 58, 33, 100, 52, 83, 34, 72, 0, 4
66, 82, 15, 81, 25, 36, 52, 0, 0, 12, 52, 55, 100, 100, 35, 76, 8
26, 64, 0, 28, 26, 0, 72, 24, 100, 60, 97, 99, 45, 100, 7, 71, 0
4, 88, 19, 58, 59, 31, 24, 0, 6, 35, 0, 76, 44, 98, 100, 100, 5
49, 100, 57, 55, 40, 9, 0, 0, 44, 40, 100, 77, 77, 100, 14, 69, 8
13, 83, 0, 61, 4, 15, 54, 0, 98, 28, 100, 73, 55, 100, 16, 71, 0
69, 100, 35, 94, 12, 59, 9, 23, 55, 0, 100, 20, 38, 28, 0, 2, 6
5, 70, 34, 100, 85, 83, 56, 52, 75, 43, 100, 12, 41, 0, 0, 20, 3
31, 100, 12, 65, 0, 26, 28, 0, 71, 22, 100, 55, 93, 92, 44, 89, 0
27, 50, 66, 35, 46, 0, 7, 31, 46, 68, 100, 100, 41, 100, 0, 64, 8
11, 70, 0, 31, 32, 0, 89, 9, 100, 47, 78, 84, 27, 100, 2, 66, 0
4, 73, 53, 91, 100, 100, 47, 88, 20, 41, 72, 36, 52, 1, 0, 0, 5
61, 100, 16, 78, 0, 39, 15, 0, 72, 10, 100, 48, 96, 88, 44, 83, 0
53, 100, 41, 90, 15, 66, 0, 40, 46, 29, 100, 30, 92, 24, 93, 0, 4
0, 95, 36, 100, 66, 85, 48, 43, 31, 0, 16, 25, 48, 46, 100, 51, 7
0, 98, 57, 100, 100, 88, 75, 52, 61, 13, 55, 0, 30, 36, 77, 49, 7
5, 32, 36, 54, 71, 75, 100, 100, 71, 78, 43, 53, 17, 27, 0, 0, 1
0, 81, 41, 100, 76, 81, 69, 40, 55, 0, 30, 16, 51, 31, 100, 32, 7
99, 100, 66, 100, 18, 94, 30, 57, 86, 49, 100, 15, 48, 0, 0, 12, 5
100, 100, 57, 100, 29, 77, 22, 54, 65, 53, 61, 16, 22, 0, 0, 9, 5
100, 100, 42, 83, 21, 56, 18, 27, 34, 0, 100, 0, 71, 18, 0, 7, 6
15, 77, 27, 100, 90, 87, 88, 59, 52, 33, 0, 12, 23, 0, 100, 2, 2
49, 90, 33, 88, 74, 100, 69, 55, 39, 18, 0, 3, 49, 3, 100, 0, 2
4, 58, 19, 15, 66, 0, 100, 33, 99, 78, 57, 100, 15, 71, 0, 29, 0
72, 88, 13, 100, 0, 67, 28, 30, 22, 0, 3, 34, 51, 62, 100, 90, 8
35, 80, 50, 100, 63, 72, 59, 54, 100, 41, 89, 13, 46, 0, 0, 0, 3
23, 73, 0, 38, 19, 0, 60, 1, 93, 29, 100, 74, 67, 100, 32, 79, 0
0, 99, 48, 100, 67, 84, 56, 43, 56, 0, 43, 1, 52, 29, 100, 39, 7
67, 73, 40, 100, 10, 69, 34, 31, 29, 0, 0, 24, 51, 47, 100, 72, 8
35, 100, 25, 77, 0, 49, 35, 34, 98, 31, 100, 56, 82, 27, 66, 0, 4
49, 92, 58, 48, 66, 4, 0, 0, 39, 36, 100, 65, 92, 100, 25, 88, 8
0, 69, 5, 92, 62, 100, 100, 82, 80, 53, 97, 26, 97, 2, 38, 0, 3
27, 84, 27, 56, 74, 30, 42, 0, 17, 27, 0, 64, 35, 94, 100, 100, 5
92, 78, 27, 100, 0, 67, 67, 36, 100, 0, 14, 5, 40, 44, 95, 76, 8
35, 80, 69, 100, 66, 58, 39, 24, 0, 0, 9, 13, 54, 13, 100, 7, 2
0, 52, 38, 73, 72, 95, 100, 100, 94, 75, 91, 50, 87, 25, 87, 0, 1
0, 42, 38, 61, 74, 82, 100, 100, 85, 75, 69, 50, 57, 25, 55, 0, 1
17, 85, 54, 100, 90, 84, 89, 57, 100, 36, 97, 11, 49, 0, 0, 1, 3
52, 86, 27, 100, 0, 73, 56, 73, 100, 85, 87, 48, 58, 14, 5, 0, 9
0, 52, 31, 78, 60, 100, 56, 61, 56, 22, 33, 2, 55, 0, 100, 2, 1
57, 100, 20, 77, 0, 49, 2, 19, 46, 0, 100, 13, 83, 38, 35, 26, 6
15, 91, 68, 100, 81, 82, 44, 56, 59, 39, 100, 20, 54, 1, 0, 0, 3
6, 91, 0, 43, 25, 0, 78, 9, 100, 53, 82, 98, 32, 100, 13, 55, 0
63, 100, 0, 72, 5, 52, 93, 55, 100, 73, 60, 77, 34, 38, 9, 0, 4
0, 82, 8, 35, 42, 0, 88, 21, 100, 66, 67, 100, 22, 80, 15, 35, 0
45, 78, 75, 100, 100, 76, 82, 43, 48, 16, 0, 0, 33, 8, 88, 10, 2
64, 87, 0, 100, 35, 53, 78, 6, 19, 0, 61, 41, 100, 82, 44, 78, 8
64, 100, 45, 87, 6, 58, 0, 23, 49, 0, 100, 21, 55, 43, 34, 22, 6
14, 96, 67, 100, 76, 76, 53, 59, 100, 40, 88, 11, 36, 0, 0, 5, 3
0, 83, 26, 90, 100, 100, 72, 68, 38, 34, 7, 0, 3, 19, 46, 41, 7
0, 89, 10, 100, 46, 82, 11, 58, 32, 50, 94, 43, 100, 18, 52, 0, 3
30, 71, 20, 52, 40, 12, 7, 0, 0, 52, 24, 84, 61, 95, 100, 100, 5
0, 94, 59, 100, 86, 75, 72, 37, 61, 0, 37, 10, 28, 33, 100, 35, 7
5, 76, 38, 100, 100, 98, 88, 69, 48, 44, 95, 26, 61, 2, 0, 0, 3
30, 74, 70, 100, 71, 83, 59, 42, 40, 4, 0, 0, 54, 0, 100, 5, 1
43, 93, 86, 100, 100, 74, 61, 52, 55, 36, 98, 19, 56, 0, 0, 0, 3
21, 65, 80, 84, 100, 100, 80, 72, 75, 43, 66, 14, 0, 3, 29, 0, 1
34, 100, 0, 77, 11, 25, 56, 0, 100, 17, 99, 69, 52, 83, 34, 45, 0
64, 100, 57, 70, 0, 52, 55, 48, 95, 53, 100, 68, 85, 32, 71, 0, 4
25, 100, 12, 88, 0, 47, 51, 31, 89, 62, 100, 83, 85, 42, 77, 0, 4
68, 66, 100, 93, 48, 100, 0, 78, 47, 68, 90, 56, 67, 26, 29, 0, 9
0, 47, 41, 65, 76, 88, 100, 100, 74, 75, 49, 51, 31, 26, 24, 0, 1
0, 88, 39, 74, 88, 97, 13, 100, 34, 89, 100, 74, 81, 35, 51, 0, 9
0, 31, 35, 50, 69, 75, 100, 100, 91, 79, 69, 52, 49, 26, 34, 0, 1
0, 80, 37, 100, 69, 81, 66, 40, 57, 0, 33, 26, 55, 36, 100, 38, 7
0, 46, 27, 66, 61, 85, 97, 100, 100, 78, 80, 53, 59, 27, 43, 0, 1
16, 67, 0, 27, 33, 0, 77, 21, 100, 60, 91, 100, 40, 99, 0, 73, 0
1, 76, 0, 42, 16, 0, 65, 2, 100, 35, 95, 79, 50, 100, 3, 84, 0
25, 100, 13, 73, 0, 39, 50, 44, 100, 48, 64, 69, 43, 36, 40, 0, 4
57, 61, 94, 86, 52, 100, 0, 81, 43, 68, 100, 56, 87, 26, 54, 0, 9
0, 100, 58, 97, 80, 76, 52, 40, 41, 0, 4, 25, 32, 39, 100, 42, 7
39, 100, 75, 61, 100, 98, 34, 81, 9, 30, 72, 0, 83, 45, 0, 50, 8
27, 72, 42, 100, 87, 96, 69, 58, 35, 28, 0, 7, 50, 5, 100, 0, 2
77, 100, 0, 87, 36, 41, 60, 0, 6, 19, 70, 56, 100, 97, 12, 90, 8
68, 66, 100, 98, 57, 100, 27, 68, 73, 72, 78, 37, 45, 5, 0, 0, 9
22, 89, 0, 46, 9, 0, 46, 0, 79, 24, 100, 67, 75, 100, 39, 97, 0
0, 61, 14, 18, 63, 0, 100, 33, 89, 80, 45, 100, 14, 62, 18, 16, 0
0, 26, 34, 45, 68, 71, 100, 100, 86, 87, 59, 55, 32, 22, 5, 0, 1
43, 95, 12, 85, 0, 40, 29, 4, 75, 0, 100, 37, 79, 78, 38, 100, 0
0, 82, 51, 83, 86, 100, 56, 74, 42, 49, 40, 23, 16, 0, 100, 1, 1
0, 63, 56, 35, 98, 0, 41, 1, 62, 39, 100, 74, 69, 100, 10, 74, 8
45, 100, 30, 79, 0, 47, 8, 41, 68, 38, 100, 52, 96, 35, 91, 0, 4
10, 89, 21, 52, 75, 44, 60, 0, 12, 12, 0, 60, 36, 93, 100, 100, 5
68, 93, 100, 100, 97, 76, 72, 57, 43, 38, 13, 21, 0, 1, 39, 0, 2
71, 100, 31, 81, 0, 56, 62, 50, 100, 75, 75, 56, 46, 28, 31, 0, 4
100, 100, 50, 79, 13, 52, 0, 20, 44, 0, 100, 13, 61, 28, 6, 17, 6
14, 61, 12, 21, 48, 0, 85, 24, 100, 63, 83, 99, 36, 100, 0, 75, 0
29, 100, 0, 75, 53, 54, 100, 30, 78, 0, 56, 25, 66, 63, 15, 71, 8
100, 100, 57, 85, 26, 62, 2, 36, 0, 7, 44, 0, 70, 20, 24, 22, 6
0, 65, 2, 94, 58, 100, 98, 88, 72, 59, 100, 28, 69, 5, 24, 0, 3
24, 78, 59, 100, 100, 91, 71, 59, 61, 47, 88, 19, 48, 0, 0, 13, 3
100, 100, 58, 79, 30, 53, 18, 24, 42, 0, 93, 10, 52, 23, 0, 16, 6
79, 86, 27, 68, 0, 35, 11, 0, 70, 5, 100, 37, 84, 71, 43, 100, 0
0, 50, 52, 75, 100, 100, 92, 63, 80, 26, 45, 0, 12, 3, 90, 2, 1
78, 100, 33, 80, 0, 57, 69, 56, 100, 68, 70, 75, 43, 38, 16, 0, 4
15, 100, 4, 72, 0, 38, 48, 31, 100, 38, 96, 64, 81, 32, 63, 0, 4
35, 55, 46, 55, 100, 23, 60, 0, 5, 28, 32, 64, 65, 100, 0, 79, 8
0, 54, 53, 76, 98, 100, 91, 94, 84, 68, 79, 42, 70, 16, 100, 0, 1
51, 81, 86, 100, 81, 85, 81, 58, 88, 31, 56, 6, 0, 0, 100, 2, 1
59, 100, 17, 69, 0, 31, 32, 0, 86, 22, 100, 61, 78, 97, 16, 96, 0
32, 97, 34, 58, 61, 21, 0, 0, 5, 35, 55, 66, 100, 100, 39, 93, 8
61, 83, 4, 66, 29, 100, 80, 85, 100, 46, 100, 6, 43, 0, 0, 29, 9
40, 97, 0, 60, 54, 41, 43, 0, 12, 13, 20, 60, 33, 99, 100, 100, 5
71, 73, 92, 100, 18, 81, 25, 45, 45, 9, 0, 0, 18, 33, 100, 52, 8
62, 100, 15, 83, 3, 62, 0, 40, 79, 34, 100, 43, 79, 22, 88, 0, 4
81, 100, 39, 94, 69, 77, 63, 73, 86, 41, 100, 9, 52, 0, 0, 2, 9
25, 100, 45, 97, 24, 63, 0, 29, 43, 14, 91, 37, 89, 34, 100, 0, 4
0, 100, 3, 84, 5, 60, 16, 37, 60, 35, 80, 45, 80, 21, 100, 0, 4
33, 100, 100, 99, 66, 98, 7, 86, 32, 65, 81, 38, 66, 5, 0, 0, 5
38, 97, 21, 61, 38, 16, 4, 0, 0, 45, 11, 88, 55, 100, 100, 99, 5
100, 100, 60, 91, 31, 69, 12, 44, 4, 17, 34, 0, 46, 20, 0, 21, 6
0, 85, 43, 100, 92, 79, 100, 45, 82, 13, 56, 0, 34, 31, 98, 39, 7
34, 100, 18, 68, 0, 35, 35, 29, 100, 29, 81, 60, 65, 32, 75, 0, 4
0, 44, 26, 62, 62, 81, 100, 100, 97, 78, 79, 52, 64, 26, 53, 0, 1
95, 100, 33, 81, 0, 42, 2, 0, 68, 5, 100, 45, 97, 86, 36, 73, 0
19, 100, 69, 92, 68, 53, 53, 15, 67, 0, 100, 27, 54, 47, 0, 56, 7
0, 83, 28, 100, 78, 92, 85, 64, 91, 46, 100, 17, 57, 0, 5, 3, 3
15, 100, 0, 56, 13, 12, 51, 0, 88, 22, 100, 67, 73, 100, 34, 98, 0
4, 62, 61, 32, 53, 0, 0, 11, 53, 42, 100, 74, 80, 100, 12, 74, 8
0, 70, 19, 100, 65, 79, 59, 40, 12, 17, 3, 15, 59, 6, 100, 0, 2
37, 100, 8, 68, 0, 32, 48, 25, 100, 30, 96, 64, 95, 36, 82, 0, 4
27, 100, 30, 67, 95, 44, 66, 0, 11, 12, 0, 62, 22, 97, 100, 99, 5
0, 91, 41, 100, 100, 94, 74, 62, 45, 31, 15, 0, 4, 16, 47, 32, 7
53, 100, 15, 69, 0, 29, 30, 0, 78, 22, 100, 60, 68, 90, 11, 83, 0
25, 72, 34, 100, 73, 91, 60, 50, 30, 16, 0, 9, 50, 9, 100, 0, 2
100, 100, 70, 86, 32, 63, 5, 37, 0, 10, 51, 0, 62, 15, 3, 17, 6
9, 88, 10, 49, 62, 40, 30, 0, 0, 22, 0, 73, 40, 97, 100, 100, 5
38, 88, 80, 100, 100, 82, 75, 58, 99, 35, 76, 10, 33, 0, 0, 19, 3
24, 49, 98, 70, 100, 100, 49, 74, 84, 35, 69, 0, 0, 18, 69, 45, 8
18, 95, 6, 63, 16, 11, 65, 0, 100, 40, 84, 90, 31, 100, 0, 57, 0
36, 90, 77, 100, 100, 88, 66, 68, 47, 49, 73, 27, 42, 6, 0, 0, 3
44, 80, 21, 68, 74, 38, 62, 0, 0, 5, 15, 51, 33, 90, 100, 100, 5
0, 62, 42, 79, 79, 100, 100, 98, 85, 73, 69, 48, 52, 23, 27, 0, 1
100, 100, 76, 96, 42, 68, 22, 37, 30, 5, 87, 0, 67, 25, 0, 18, 6
27, 94, 55, 57, 61, 18, 15, 0, 0, 28, 5, 70, 46, 93, 100, 100, 5
32, 87, 20, 56, 58, 30, 18, 0, 0, 31, 3, 79, 46, 100, 100, 97, 5
57, 89, 100, 98, 70, 100, 33, 78, 37, 47, 77, 34, 45, 7, 0, 0, 5
46, 100, 28, 98, 7, 64, 13, 29, 55, 6, 100, 15, 46, 17, 0, 0, 6
7, 79, 36, 100, 54, 78, 30, 49, 0, 24, 9, 6, 55, 3, 100, 0, 2
90, 100, 52, 75, 26, 48, 11, 19, 49, 0, 100, 18, 38, 24, 0, 2, 6
0, 30, 38, 51, 69, 76, 100, 100, 87, 80, 66, 54, 50, 27, 41, 0, 1
42, 97, 6, 74, 100, 80, 40, 100, 0, 84, 82, 66, 57, 32, 12, 0, 9
37, 100, 16, 60, 63, 42, 31, 0, 3, 19, 0, 75, 47, 90, 100, 97, 5
77, 99, 0, 73, 100, 100, 12, 84, 6, 48, 12, 0, 99, 39, 16, 51, 8
0, 66, 21, 97, 66, 100, 66, 63, 34, 32, 6, 4, 52, 0, 100, 0, 2
0, 84, 35, 100, 69, 81, 65, 55, 100, 37, 91, 9, 48, 0, 15, 12, 3
0, 57, 14, 73, 54, 90, 100, 100, 100, 74, 80, 47, 55, 22, 49, 0, 1
12, 76, 46, 100, 67, 79, 52, 46, 26, 16, 0, 0, 55, 2, 100, 7, 2
100, 78, 70, 100, 38, 76, 83, 75, 86, 59, 83, 27, 58, 0, 0, 11, 9
0, 100, 11, 91, 2, 60, 47, 47, 100, 62, 72, 57, 46, 29, 26, 0, 4
34, 96, 46, 53, 36, 12, 0, 0, 2, 47, 28, 77, 63, 92, 100, 100, 5
19, 91, 58, 100, 100, 88, 69, 60, 51, 37, 93, 17, 53, 0, 0, 1, 3
100, 90, 60, 100, 18, 84, 70, 88, 89, 71, 66, 44, 37, 18, 0, 0, 9
29, 76, 45, 100, 100, 90, 75, 63, 43, 40, 98, 24, 63, 4, 0, 0, 3
11, 100, 17, 71, 73, 37, 100, 0, 9, 11, 27, 48, 92, 79, 0, 95, 8
25, 98, 0, 64, 83, 72, 79, 22, 12, 0, 9, 51, 8, 95, 100, 100, 5
100, 100, 63, 81, 44, 55, 39, 28, 42, 1, 68, 0, 49, 25, 0, 27, 6
100, 99, 60, 100, 34, 78, 14, 53, 0, 27, 6, 0, 37, 9, 6, 27, 6
72, 100, 44, 65, 0, 36, 39, 39, 100, 47, 83, 70, 55, 36, 35, 0, 4
66, 48, 100, 82, 52, 100, 39, 64, 79, 29, 43, 0, 0, 26, 59, 56, 8
79, 100, 51, 85, 26, 51, 15, 13, 62, 0, 100, 21, 49, 31, 0, 15, 6
45, 77, 89, 66, 96, 100, 46, 88, 90, 72, 100, 35, 62, 3, 0, 0, 9
45, 87, 84, 100, 66, 67, 79, 64, 100, 33, 80, 0, 36, 0, 0, 25, 3
26, 59, 43, 100, 55, 68, 35, 25, 0, 0, 17, 14, 59, 3, 100, 10, 2
18, 64, 37, 100, 40, 99, 39, 59, 38, 19, 0, 0, 47, 0, 100, 1, 1
83, 100, 50, 85, 18, 52, 10, 14, 59, 0, 100, 24, 51, 36, 0, 18, 6
56, 100, 39, 68, 70, 27, 29, 0, 0, 33, 62, 60, 100, 90, 30, 95, 8
27, 97, 71, 100, 77, 79, 67, 60, 100, 40, 87, 12, 45, 1, 0, 0, 3
100, 100, 62, 84, 35, 57, 19, 24, 40, 0, 72, 18, 37, 31, 0, 14, 6
0, 95, 25, 72, 100, 84, 30, 100, 23, 81, 100, 66, 78, 30, 33, 0, 9
16, 92, 11, 30, 51, 0, 94, 0, 100, 57, 63, 98, 20, 100, 0, 43, 0
70, 100, 42, 81, 6, 59, 0, 36, 90, 37, 100, 45, 69, 23, 60, 0, 4
38, 85, 69, 100, 76, 75, 55, 50, 100, 34, 77, 11, 28, 0, 0, 8, 3
1, 91, 51, 100, 100, 86, 62, 49, 33, 9, 15, 0, 0, 36, 75, 33, 7
24, 91, 14, 58, 68, 42, 59, 0, 0, 14, 11, 59, 32, 98, 100, 100, 5
61, 94, 57, 100, 15, 68, 0, 32, 28, 0, 100, 7, 65, 34, 33, 14, 6
0, 95, 48, 100, 92, 85, 55, 61, 78, 34, 100, 5, 48, 0, 3, 15, 3
0, 73, 28, 100, 68, 87, 69, 44, 63, 1, 45, 0, 54, 23, 100, 32, 7
0, 78, 23, 100, 62, 79, 68, 40, 59, 0, 31, 18, 49, 39, 100, 44, 7
80, 65, 100, 100, 86, 82, 72, 43, 53, 6, 0, 0, 41, 2, 97, 1, 1
36, 79, 61, 100, 72, 75, 55, 51, 100, 38, 96, 10, 48, 0, 0, 2, 3
0, 82, 42, 100, 77, 82, 62, 41, 47, 0, 15, 26, 50, 36, 100, 30, 7
29, 83, 61, 100, 100, 97, 79, 75, 58, 49, 61, 19, 38, 0, 0, 5, 3
100, 97, 69, 100, 34, 69, 13, 33, 31, 0, 90, 4, 55, 24, 0, 10, 6
22, 100, 0, 81, 40, 60, 100, 66, 91, 99, 64, 67, 46, 34, 34, 0, 4
100, 100, 64, 86, 28, 57, 3, 24, 29, 0, 80, 15, 50, 34, 0, 18, 6
0, 23, 27, 45, 56, 68, 83, 94, 100, 100, 87, 66, 75, 33, 66, 0, 1
35, 100, 8, 73, 0, 39, 58, 24, 100, 44, 100, 67, 79, 34, 71, 0, 4
0, 51, 20, 66, 52, 84, 85, 100, 100, 86, 85, 57, 68, 29, 58, 0, 1
53, 85, 95, 100, 100, 97, 58, 92, 19, 72, 38, 44, 39, 9, 0, 0, 5
46, 89, 63, 100, 96, 78, 59, 53, 100, 47, 100, 18, 50, 0, 0, 9, 3
81, 73, 73, 100, 0, 85, 27, 60, 100, 76, 99, 64, 94, 31, 86, 0, 9
90, 76, 42, 69, 40, 100, 81, 90, 93, 54, 100, 16, 55, 0, 0, 10, 9
0, 74, 33, 91, 92, 100, 100, 77, 71, 40, 52, 0, 37, 34, 69, 44, 7
42, 100, 19, 75, 1, 49, 0, 23, 54, 17, 100, 32, 84, 27, 86, 0, 4
23, 100, 25, 91, 0, 53, 19, 42, 92, 62, 88, 62, 97, 23, 100, 0, 4
41, 100, 58, 66, 100, 98, 34, 92, 68, 70, 75, 52, 69, 1, 0, 0, 9
93, 100, 39, 81, 10, 46, 11, 7, 71, 2, 100, 35, 37, 32, 0, 0, 6
49, 100, 0, 70, 24, 56, 100, 65, 86, 85, 44, 77, 21, 38, 6, 0, 4
0, 78, 29, 100, 94, 86, 70, 48, 42, 11, 32, 0, 25, 36, 100, 40, 7
88, 92, 2, 99, 16, 66, 94, 37, 70, 0, 0, 24, 42, 65, 100, 100, 8
80, 100, 18, 98, 60, 66, 100, 29, 42, 0, 0, 23, 42, 61, 56, 98, 8
100, 100, 79, 80, 54, 59, 32, 38, 21, 16, 50, 0, 79, 16, 0, 16, 6
69, 100, 44, 77, 5, 50, 0, 28, 67, 23, 100, 44, 95, 29, 89, 0, 4
53, 100, 30, 95, 0, 60, 100, 55, 92, 87, 77, 79, 79, 37, 79, 0, 4
0, 88, 59, 100, 89, 72, 82, 40, 63, 9, 28, 0, 25, 25, 100, 27, 7
100, 89, 34, 100, 0, 75, 76, 78, 83, 62, 90, 35, 85, 8, 5, 0, 9
34, 100, 14, 83, 2, 66, 0, 48, 23, 34, 65, 30, 91, 17, 100, 0, 4
49, 100, 7, 83, 0, 54, 100, 60, 72, 82, 51, 86, 59, 36, 68, 0, 4
32, 75, 59, 100, 88, 84, 72, 54, 100, 38, 89, 10, 39, 0, 0, 19, 3
10, 98, 0, 54, 7, 11, 51, 0, 90, 30, 100, 72, 66, 100, 18, 88, 0
29, 100, 4, 77, 0, 54, 64, 53, 100, 69, 71, 47, 46, 24, 32, 0, 4
0, 79, 27, 93, 60, 100, 77, 80, 72, 54, 64, 28, 66, 4, 100, 0, 2
0, 87, 18, 95, 89, 100, 100, 79, 64, 41, 38, 0, 1, 10, 52, 24, 7
70, 100, 54, 86, 29, 53, 23, 16, 69, 0, 100, 23, 50, 36, 0, 21, 6
28, 77, 40, 100, 49, 67, 29, 32, 0, 18, 32, 14, 66, 0, 100, 18, 2
64, 65, 100, 100, 41, 85, 67, 42, 64, 0, 0, 16, 20, 59, 81, 74, 8
0, 89, 29, 100, 66, 87, 70, 66, 84, 46, 100, 26, 75, 8, 25, 0, 3
46, 100, 38, 76, 0, 48, 47, 48, 100, 67, 91, 64, 70, 31, 44, 0, 4
97, 82, 68, 100, 42, 69, 44, 32, 23, 0, 0, 24, 42, 49, 100, 61, 8
24, 78, 56, 100, 96, 83, 77, 53, 100, 39, 97, 10, 46, 0, 0, 18, 3
100, 100, 77, 87, 57, 72, 40, 58, 26, 45, 14, 30, 3, 14, 0, 0, 1
72, 100, 1, 75, 0, 42, 100, 38, 99, 66, 65, 83, 61, 42, 64, 0, 4
39, 88, 0, 66, 68, 60, 68, 15, 8, 0, 19, 47, 31, 95, 100, 100, 5
0, 88, 45, 100, 81, 79, 80, 43, 72, 7, 58, 0, 47, 23, 100, 24, 7
41, 93, 32, 64, 32, 23, 0, 0, 0, 32, 51, 56, 100, 82, 58, 100, 8
0, 91, 25, 63, 86, 33, 75, 0, 14, 11, 53, 43, 100, 75, 75, 100, 8
24, 61, 45, 100, 90, 99, 68, 54, 29, 17, 0, 14, 51, 0, 100, 5, 2
1, 61, 11, 100, 19, 66, 2, 27, 0, 1, 33, 0, 66, 1, 100, 3, 2
67, 100, 39, 88, 10, 56, 0, 20, 44, 0, 100, 12, 92, 38, 31, 37, 6
38, 92, 96, 100, 65, 92, 30, 63, 65, 48, 100, 24, 58, 0, 0, 5, 5
28, 100, 28, 72, 0, 39, 39, 41, 100, 54, 98, 60, 96, 25, 91, 0, 4
9, 56, 6, 14, 40, 0, 78, 27, 100, 62, 90, 97, 43, 100, 0, 84, 0
100, 92, 65, 100, 46, 85, 49, 58, 77, 42, 67, 18, 35, 6, 0, 0, 5
7, 77, 33, 100, 56, 77, 34, 37, 0, 4, 4, 0, 53, 5, 100, 20, 2
67, 100, 25, 89, 0, 51, 4, 8, 49, 0, 88, 26, 100, 68, 67, 97, 0
64, 88, 84, 100, 100, 78, 76, 54, 85, 33, 86, 10, 42, 0, 0, 4, 3
39, 100, 31, 68, 0, 39, 56, 41, 100, 50, 95, 61, 92, 29, 92, 0, 4
0, 65, 39, 96, 45, 100, 48, 64, 56, 28, 20, 2, 12, 0, 100, 3, 1
72, 89, 88, 80, 71, 100, 72, 85, 100, 57, 87, 18, 41, 0, 0, 21, 9
4, 57, 39, 95, 49, 100, 51, 47, 24, 8, 0, 0, 53, 2, 100, 5, 1
0, 70, 38, 100, 100, 98, 84, 53, 53, 6, 69, 0, 98, 30, 36, 31, 7
42, 91, 73, 64, 100, 95, 48, 100, 81, 73, 100, 38, 64, 4, 0, 0, 9
27, 60, 44, 100, 42, 90, 44, 45, 47, 3, 0, 0, 50, 2, 100, 6, 1
42, 100, 19, 80, 0, 47, 46, 36, 100, 45, 100, 71, 94, 36, 87, 0, 4
80, 82, 23, 83, 0, 96, 67, 100, 100, 77, 91, 51, 67, 25, 45, 0, 9
20, 88, 1, 52, 17, 7, 69, 0, 100, 38, 85, 84, 36, 100, 0, 69, 0
100, 76, 53, 55, 15, 73, 51, 100, 91, 81, 83, 44, 52, 12, 0, 0, 9
97, 91, 0, 94, 19, 58, 68, 22, 12, 0, 20, 37, 81, 70, 100, 100, 8
58, 100, 0, 84, 75, 60, 100, 24, 35, 0, 6, 32, 45, 68, 30, 98, 8
26, 95, 0, 58, 9, 16, 58, 0, 99, 25, 100, 68, 65, 100, 20, 87, 0
71, 100, 12, 76, 0, 47, 100, 47, 97, 83, 74, 93, 68, 44, 65, 0, 4
46, 100, 18, 76, 0, 32, 29, 0, 77, 18, 100, 59, 75, 98, 23, 96, 0
0, 76, 28, 100, 66, 93, 61, 57, 35, 29, 19, 7, 60, 6, 100, 0, 2
0, 93, 59, 100, 89, 71, 72, 35, 48, 0, 22, 24, 35, 48, 100, 51, 7
0, 96, 46, 100, 73, 68, 61, 34, 34, 0, 4, 1, 28, 23, 100, 30, 7
0, 86, 47, 100, 94, 84, 87, 40, 65, 0, 39, 6, 45, 38, 100, 42, 7
73, 74, 80, 100, 23, 65, 0, 22, 57, 0, 100, 38, 91, 82, 23, 73, 0
24, 78, 43, 100, 54, 75, 30, 43, 0, 16, 27, 4, 66, 0, 100, 22, 2
8, 68, 33, 100, 52, 79, 31, 42, 0, 14, 24, 0, 64, 1, 100, 19, 2
100, 100, 61, 79, 25, 51, 0, 20, 38, 0, 91, 17, 61, 42, 5, 28, 6
15, 98, 0, 58, 13, 17, 57, 0, 96, 24, 100, 67, 70, 100, 29, 83, 0
55, 78, 81, 100, 67, 70, 51, 40, 36, 10, 0, 0, 49, 4, 100, 7, 1
100, 100, 62, 80, 34, 58, 13, 34, 0, 10, 36, 0, 57, 21, 9, 24, 6
21, 88, 24, 41, 78, 40, 53, 0, 14, 20, 0, 70, 44, 96, 100, 100, 5
29, 99, 8, 63, 0, 21, 36, 0, 79, 20, 100, 58, 76, 94, 29, 100, 0
71, 63, 88, 100, 14, 97, 0, 58, 76, 60, 100, 77, 60, 39, 23, 0, 9
25, 77, 43, 100, 82, 84, 65, 58, 97, 41, 100, 16, 53, 5, 0, 0, 3
93, 91, 40, 100, 43, 80, 79, 92, 91, 56, 100, 20, 57, 0, 0, 1, 9
100, 100, 62, 87, 21, 59, 0, 27, 30, 0, 95, 9, 73, 34, 5, 30, 6
39, 80, 72, 100, 100, 85, 71, 60, 89, 36, 84, 7, 40, 0, 0, 16, 3
19, 59, 22, 8, 60, 0, 92, 31, 100, 78, 65, 100, 27, 88, 0, 51, 0
33, 86, 62, 60, 88, 30, 64, 0, 31, 28, 0, 57, 21, 84, 100, 100, 5
23, 93, 0, 70, 15, 100, 70, 99, 100, 93, 87, 60, 76, 27, 65, 0, 7
26, 81, 9, 61, 52, 33, 25, 0, 0, 22, 13, 73, 50, 100, 100, 92, 5
0, 60, 40, 87, 57, 100, 52, 66, 55, 32, 43, 2, 24, 0, 100, 5, 1
27, 100, 19, 89, 0, 65, 43, 53, 100, 55, 78, 44, 46, 24, 30, 0, 4
0, 66, 31, 84, 71, 100, 100, 99, 92, 74, 84, 50, 82, 25, 85, 0, 1
28, 94, 63, 100, 84, 69, 66, 30, 42, 0, 0, 25, 47, 38, 100, 37, 7
26, 91, 74, 100, 74, 77, 48, 53, 19, 30, 0, 5, 47, 0, 100, 2, 2
1, 82, 32, 100, 48, 71, 38, 41, 12, 13, 0, 6, 49, 0, 100, 1, 2
100, 100, 62, 97, 39, 73, 46, 49, 84, 41, 71, 14, 34, 0, 0, 8, 5
25, 86, 0, 69, 19, 98, 69, 96, 100, 100, 81, 66, 67, 32, 54, 0, 7
40, 100, 25, 83, 3, 51, 2, 17, 49, 0, 100, 17, 60, 38, 0, 35, 6
45, 100, 4, 74, 0, 39, 19, 6, 69, 0, 100, 29, 100, 64, 79, 98, 0
36, 81, 42, 100, 100, 97, 71, 70, 84, 55, 94, 26, 60, 0, 0, 5, 3
39, 97, 64, 100, 50, 68, 26, 42, 0, 21, 34, 11, 68, 0, 100, 19, 2
99, 100, 54, 85, 17, 54, 15, 18, 71, 0, 100, 21, 37, 36, 0, 18, 6
18, 82, 6, 46, 56, 39, 36, 0, 0, 5, 11, 63, 49, 95, 100, 100, 5
56, 93, 0, 95, 60, 65, 100, 29, 49, 0, 9, 28, 39, 66, 37, 100, 8
90, 100, 51, 76, 21, 49, 11, 19, 50, 0, 100, 12, 52, 23, 0, 15, 6
60, 98, 50, 100, 20, 70, 0, 38, 7, 8, 83, 0, 100, 24, 13, 20, 6
88, 100, 39, 100, 67, 59, 77, 17, 5, 0, 0, 31, 60, 61, 100, 94, 8
21, 68, 39, 100, 49, 76, 27, 43, 0, 12, 3, 0, 53, 2, 100, 13, 2
4, 68, 19, 100, 43, 75, 35, 35, 11, 0, 0, 5, 47, 13, 100, 7, 2
86, 100, 59, 92, 19, 64, 0, 33, 21, 2, 94, 0, 100, 25, 26, 20, 6
100, 92, 61, 100, 31, 80, 20, 42, 58, 44, 73, 20, 38, 1, 0, 0, 5
72, 100, 23, 84, 64, 44, 64, 0, 0, 11, 41, 49, 100, 80, 58, 99, 8
20, 100, 42, 87, 29, 67, 13, 48, 0, 28, 13, 9, 55, 2, 100, 0, 2
68, 90, 91, 100, 56, 88, 96, 81, 100, 43, 84, 7, 40, 0, 0, 20, 9
100, 100, 60, 93, 22, 70, 0, 35, 14, 0, 60, 6, 65, 38, 21, 49, 6
4, 74, 38, 100, 55, 71, 37, 35, 6, 5, 0, 7, 50, 6, 100, 0, 2
20, 95, 10, 37, 38, 0, 78, 11, 100, 57, 73, 100, 33, 96, 0, 62, 0
100, 100, 89, 91, 68, 76, 53, 61, 32, 46, 21, 30, 11, 15, 0, 0, 1
59, 100, 34, 78, 7, 49, 0, 18, 48, 0, 100, 17, 68, 43, 11, 47, 6
23, 100, 0, 56, 8, 9, 58, 0, 98, 31, 100, 79, 55, 99, 17, 67, 0
0, 98, 35, 100, 75, 75, 63, 43, 47, 10, 28, 0, 19, 19, 100, 30, 7
20, 100, 7, 68, 34, 34, 44, 0, 0, 18, 63, 48, 100, 81, 27, 79, 8
100, 100, 53, 95, 53, 58, 67, 21, 20, 0, 0, 25, 53, 46, 94, 69, 8
0, 95, 33, 100, 50, 69, 50, 32, 40, 0, 28, 36, 60, 45, 100, 46, 7
15, 46, 48, 82, 66, 100, 59, 48, 37, 7, 0, 2, 51, 0, 100, 6, 1
12, 72, 75, 91, 100, 100, 56, 80, 19, 60, 6, 40, 0, 20, 0, 0, 1
0, 75, 20, 100, 49, 94, 42, 58, 28, 25, 38, 0, 70, 4, 100, 12, 2
56, 100, 38, 81, 0, 53, 19, 33, 81, 30, 100, 57, 85, 26, 96, 0, 4
22, 87, 0, 71, 21, 98, 100, 100, 97, 83, 76, 53, 58, 22, 36, 0, 7
23, 38, 42, 82, 54, 100, 46, 49, 33, 0, 0, 2, 49, 0, 100, 0, 1
38, 73, 53, 100, 96, 97, 75, 61, 100, 44, 83, 9, 39, 0, 0, 15, 3
100, 100, 77, 76, 49, 53, 26, 30, 20, 6, 77, 0, 51, 17, 0, 10, 6
22, 71, 44, 100, 56, 74, 32, 32, 0, 0, 18, 15, 59, 24, 100, 38, 2
100, 68, 62, 100, 2, 85, 40, 58, 88, 85, 94, 35, 62, 4, 0, 0, 9
12, 96, 49, 100, 55, 66, 35, 32, 9, 0, 0, 31, 49, 38, 100, 40, 7
100, 90, 97, 100, 68, 74, 45, 47, 35, 20, 77, 1, 61, 18, 0, 0, 6
100, 71, 80, 100, 24, 83, 40, 48, 57, 12, 0, 0, 11, 33, 78, 56, 8
100, 99, 52, 100, 42, 65, 41, 29, 11, 0, 0, 30, 40, 58, 100, 70, 8
46, 97, 40, 100, 0, 71, 63, 61, 100, 75, 64, 98, 46, 49, 34, 0, 4
21, 83, 20, 100, 0, 49, 18, 1, 82, 0, 100, 49, 66, 93, 3, 89, 0
24, 64, 42, 100, 42, 92, 42, 52, 42, 13, 0, 2, 46, 1, 100, 0, 1
24, 80, 0, 45, 16, 0, 79, 13, 100, 58, 75, 100, 16, 74, 12, 28, 0
55, 100, 5, 69, 0, 45, 91, 53, 100, 79, 57, 95, 47, 45, 22, 0, 4
100, 100, 58, 82, 26, 53, 6, 21, 38, 0, 88, 15, 57, 36, 0, 29, 6
8, 94, 71, 100, 39, 96, 6, 71, 60, 71, 100, 35, 55, 0, 0, 16, 5
77, 83, 100, 100, 61, 93, 87, 83, 93, 52, 83, 12, 40, 0, 0, 18, 9
93, 100, 47, 99, 55, 75, 100, 84, 96, 62, 86, 21, 47, 0, 0, 3, 9
100, 82, 29, 97, 14, 62, 60, 22, 0, 0, 27, 39, 99, 72, 77, 100, 8
35, 96, 42, 100, 16, 65, 7, 28, 44, 0, 100, 16, 62, 35, 0, 22, 6
14, 78, 56, 100, 88, 80, 71, 41, 36, 12, 0, 0, 49, 12, 100, 7, 2
100, 78, 64, 100, 44, 72, 52, 35, 44, 0, 0, 2, 18, 36, 67, 56, 8
24, 80, 38, 100, 90, 93, 58, 66, 64, 48, 100, 25, 56, 6, 0, 0, 3
0, 92, 52, 62, 100, 32, 79, 0, 15, 10, 42, 42, 82, 74, 61, 100, 8
100, 100, 65, 89, 35, 63, 9, 34, 0, 2, 44, 0, 55, 25, 7, 19, 6
17, 97, 89, 100, 48, 96, 21, 70, 59, 67, 100, 36, 63, 0, 0, 16, 5
100, 100, 73, 76, 37, 49, 0, 25, 51, 28, 90, 40, 85, 28, 88, 0, 4
4, 65, 14, 100, 24, 66, 16, 28, 0, 1, 34, 0, 66, 0, 100, 0, 2
11, 75, 26, 100, 46, 81, 28, 46, 0, 17, 21, 19, 59, 0, 100, 11, 2
89, 77, 57, 100, 19, 73, 0, 36, 19, 0, 67, 5, 100, 35, 83, 67, 0
92, 93, 50, 100, 41, 65, 88, 79, 100, 74, 91, 29, 53, 0, 0, 4, 9
100, 100, 55, 93, 17, 74, 0, 53, 57, 47, 84, 43, 55, 22, 29, 0, 4
100, 100, 60, 90, 26, 62, 0, 31, 12, 0, 62, 4, 60, 33, 9, 36, 6
46, 45, 0, 58, 20, 83, 69, 100, 100, 81, 91, 53, 69, 27, 48, 0, 9
100, 79, 54, 100, 21, 67, 78, 60, 98, 82, 92, 38, 60, 0, 0, 6, 9
0, 100, 76, 97, 100, 65, 75, 32, 44, 0, 1, 6, 21, 26, 100, 23, 7
52, 100, 18, 79, 0, 35, 23, 0, 72, 18, 100, 57, 72, 92, 21, 85, 0
86, 72, 35, 100, 0, 67, 68, 38, 100, 1, 22, 0, 43, 43, 92, 82, 8
0, 33, 40, 52, 73, 75, 100, 100, 100, 86, 87, 58, 76, 29, 73, 0, 1
6, 100, 51, 92, 57, 56, 45, 21, 22, 0, 0, 31, 48, 39, 100, 40, 7
23, 100, 18, 78, 36, 40, 17, 0, 0, 51, 21, 83, 61, 84, 100, 82, 5
91, 100, 28, 93, 0, 62, 0, 27, 39, 0, 89, 18, 100, 53, 91, 89, 0
84, 88, 39, 100, 3, 68, 0, 27, 41, 0, 91, 15, 100, 54, 84, 94, 0
0, 86, 39, 100, 89, 95, 73, 74, 70, 52, 100, 33, 100, 13, 50, 0, 3
100, 64, 98, 100, 51, 78, 52, 39, 48, 0, 0, 4, 31, 38, 95, 57, 8
2, 70, 0, 100, 51, 100, 65, 67, 41, 33, 6, 4, 47, 0, 100, 2, 2
33, 75, 46, 100, 78, 86, 57, 56, 100, 40, 96, 11, 46, 0, 0, 13, 3
0, 70, 22, 99, 50, 100, 45, 59, 28, 22, 39, 0, 69, 4, 100, 8, 2
100, 100, 68, 92, 35, 67, 7, 35, 0, 0, 43, 2, 50, 26, 9, 11, 6
81, 98, 26, 93, 59, 67, 95, 100, 88, 66, 100, 24, 48, 0, 0, 14, 9
12, 91, 79, 100, 45, 95, 29, 63, 88, 68, 100, 24, 52, 0, 0, 23, 5
29, 88, 71, 73, 100, 33, 43, 0, 0, 25, 39, 64, 94, 100, 35, 94, 8
0, 50, 45, 74, 84, 100, 73, 68, 63, 34, 34, 7, 32, 3, 100, 0, 1
33, 82, 53, 99, 100, 100, 73, 72, 81, 48, 89, 20, 48, 2, 0, 0, 3
0, 88, 42, 100, 68, 83, 52, 59, 29, 36, 9, 12, 48, 2, 100, 0, 2
34, 77, 79, 59, 100, 23, 28, 0, 0, 32, 38, 68, 93, 100, 31, 87, 8
33, 100, 14, 97, 0, 80, 9, 61, 39, 48, 74, 36, 92, 18, 100, 0, 4
0, 74, 51, 63, 100, 96, 34, 100, 15, 69, 88, 83, 82, 45, 65, 0, 9
63, 100, 18, 89, 0, 44, 14, 0, 62, 12, 96, 49, 100, 95, 54, 93, 0
37, 93, 2, 89, 0, 33, 42, 0, 92, 11, 100, 65, 60, 100, 9, 91, 0
100, 80, 46, 100, 25, 68, 88, 75, 86, 75, 96, 32, 57, 0, 0, 19, 9
88, 100, 38, 82, 63, 53, 100, 82, 98, 67, 95, 31, 67, 0, 0, 8, 9
52, 89, 1, 100, 0, 72, 60, 76, 68, 73, 100, 39, 88, 6, 27, 0, 9
79, 100, 47, 89, 0, 70, 24, 56, 87, 45, 100, 43, 60, 22, 28, 0, 4
90, 82, 46, 100, 38, 56, 97, 74, 92, 84, 100, 35, 62, 0, 0, 19, 9
53, 96, 98, 100, 100, 85, 67, 68, 71, 45, 78, 22, 45, 6, 0, 0, 3
16, 89, 1, 48, 23, 9, 72, 0, 100, 34, 87, 76, 45, 100, 0, 83, 0
1, 80, 50, 69, 100, 100, 1, 90, 0, 62, 97, 81, 97, 41, 86, 0, 9
37, 95, 7, 60, 65, 60, 65, 11, 0, 0, 16, 50, 30, 95, 100, 100, 5
15, 84, 0, 64, 18, 97, 78, 98, 100, 100, 79, 65, 68, 29, 65, 0, 7
15, 95, 69, 100, 75, 66, 51, 33, 22, 0, 0, 9, 30, 29, 100, 33, 7
13, 95, 71, 100, 93, 71, 54, 42, 94, 42, 100, 12, 43, 0, 0, 20, 3
37, 76, 46, 100, 99, 95, 74, 61, 100, 50, 91, 18, 42, 0, 0, 15, 3
100, 71, 72, 100, 34, 78, 84, 71, 98, 71, 91, 29, 48, 2, 0, 0, 9
14, 95, 85, 100, 45, 96, 9, 68, 44, 57, 100, 33, 59, 0, 0, 16, 5
0, 75, 4, 98, 64, 100, 100, 92, 72, 70, 46, 48, 27, 24, 25, 0, 7
60, 100, 27, 82, 0, 58, 49, 46, 86, 55, 86, 63, 87, 31, 100, 0, 4
0, 69, 24, 100, 61, 94, 38, 37, 34, 0, 38, 4, 76, 2, 100, 7, 2
100, 100, 57, 91, 28, 63, 6, 33, 9, 1, 62, 0, 59, 22, 0, 12, 6
89, 100, 46, 78, 14, 51, 0, 22, 38, 0, 100, 8, 92, 33, 30, 28, 6
15, 79, 0, 65, 17, 100, 71, 99, 100, 96, 77, 60, 58, 24, 47, 0, 7
100, 97, 74, 100, 42, 89, 31, 56, 59, 39, 67, 10, 34, 0, 0, 0, 5
75, 100, 78, 82, 87, 97, 57, 84, 100, 64, 91, 33, 53, 10, 0, 0, 9
25, 100, 0, 68, 4, 39, 75, 47, 100, 53, 51, 80, 49, 40, 47, 0, 4
1, 80, 0, 73, 22, 99, 71, 100, 100, 98, 83, 65, 67, 32, 55, 0, 7
100, 100, 63, 85, 33, 62, 8, 37, 0, 7, 39, 0, 60, 25, 25, 41, 6
100, 100, 54, 92, 19, 77, 12, 53, 58, 56, 73, 27, 43, 1, 0, 0, 5
21, 89, 36, 100, 24, 61, 0, 31, 1, 21, 32, 2, 67, 0, 100, 17, 2
100, 55, 77, 100, 0, 88, 56, 48, 90, 0, 15, 1, 49, 50, 98, 81, 8
55, 92, 95, 81, 87, 100, 57, 85, 100, 69, 85, 38, 46, 16, 0, 0, 9
89, 100, 80, 97, 44, 61, 44, 20, 99, 0, 100, 31, 40, 46, 0, 29, 6
0, 45, 35, 62, 67, 82, 100, 100, 91, 74, 74, 50, 56, 24, 38, 0, 1
0, 94, 43, 100, 62, 92, 49, 47, 48, 0, 25, 17, 53, 33, 100, 38, 7
45, 79, 73, 100, 83, 83, 89, 55, 100, 27, 76, 4, 38, 0, 0, 5, 3
83, 66, 46, 100, 0, 73, 37, 46, 81, 78, 100, 34, 64, 0, 6, 3, 9
35, 80, 0, 46, 6, 2, 57, 0, 95, 33, 100, 79, 59, 100, 30, 66, 0
100, 100, 57, 79, 27, 58, 7, 35, 0, 12, 50, 0, 97, 17, 50, 27, 6
4, 97, 0, 51, 18, 8, 68, 0, 100, 36, 91, 81, 44, 100, 11, 68, 0
65, 100, 37, 83, 13, 64, 0, 43, 24, 28, 63, 27, 100, 22, 97, 0, 4
25, 86, 59, 100, 77, 81, 54, 57, 100, 42, 89, 16, 40, 0, 0, 18, 3
100, 100, 52, 83, 17, 60, 0, 33, 10, 6, 63, 0, 65, 24, 13, 36, 6
54, 70, 54, 100, 93, 96, 75, 58, 42, 24, 0, 0, 44, 12, 100, 11, 2
47, 89, 33, 69, 100, 51, 83, 10, 14, 0, 0, 44, 9, 90, 81, 100, 5
0, 81, 38, 100, 84, 100, 81, 67, 69, 33, 63, 0, 50, 21, 100, 27, 7
38, 95, 87, 100, 82, 65, 53, 45, 100, 44, 93, 11, 38, 0, 0, 25, 3
22, 92, 17, 53, 63, 30, 27, 0, 0, 17, 14, 64, 46, 98, 100, 100, 5
100, 100, 81, 85, 65, 72, 47, 58, 33, 44, 16, 29, 9, 15, 0, 0, 1
74, 100, 100, 96, 78, 80, 52, 64, 30, 48, 13, 32, 4, 16, 0, 0, 1
41, 100, 69, 100, 54, 69, 24, 50, 0, 36, 35, 31, 68, 14, 100, 0, 2
99, 79, 59, 100, 18, 78, 0, 35, 30, 0, 77, 4, 100, 45, 94, 88, 0
100, 100, 84, 90, 60, 75, 40, 60, 20, 44, 8, 29, 0, 14, 4, 0, 1
0, 53, 38, 69, 77, 89, 100, 100, 86, 75, 73, 49, 58, 24, 60, 0, 1
0, 83, 29, 100, 63, 95, 46, 62, 25, 31, 25, 0, 63, 4, 100, 14, 2
100, 100, 77, 97, 45, 71, 17, 43, 0, 12, 32, 0, 62, 24, 24, 29, 6
25, 85, 16, 59, 43, 22, 0, 0, 22, 34, 73, 66, 100, 100, 25, 89, 8
56, 100, 32, 74, 0, 45, 27, 28, 88, 30, 100, 56, 63, 29, 36, 0, 4
97, 86, 61, 100, 54, 71, 98, 85, 100, 64, 87, 25, 48, 0, 0, 2, 9
41, 100, 0, 74, 9, 26, 49, 0, 93, 22, 100, 69, 61, 98, 10, 91, 0
74, 94, 100, 100, 68, 84, 79, 57, 95, 30, 74, 6, 37, 0, 0, 8, 5
100, 88, 100, 100, 83, 83, 65, 66, 46, 50, 28, 33, 11, 17, 0, 0, 1
0, 66, 27, 100, 100, 92, 99, 51, 55, 15, 13, 0, 20, 35, 98, 30, 7
73, 100, 16, 99, 42, 83, 96, 97, 100, 61, 99, 23, 57, 0, 0, 5, 9
26, 60, 43, 100, 60, 74, 37, 33, 0, 10, 17, 16, 59, 9, 100, 0, 2
29, 100, 0, 62, 1, 18, 50, 0, 96, 27, 100, 69, 54, 95, 2, 80, 0
19, 80, 34, 100, 53, 70, 33, 32, 0, 1, 1, 0, 51, 1, 100, 11, 2
13, 71, 38, 100, 63, 82, 38, 47, 0, 21, 8, 20, 54, 0, 100, 14, 2
62, 100, 29, 75, 0, 42, 68, 41, 100, 56, 71, 75, 62, 37, 61, 0, 4
100, 96, 74, 100, 52, 97, 47, 72, 67, 61, 49, 38, 26, 17, 0, 0, 5
29, 84, 0, 54, 15, 8, 63, 0, 100, 32, 91, 79, 48, 100, 3, 81, 0
29, 100, 15, 94, 0, 56, 66, 47, 100, 58, 59, 84, 43, 43, 36, 0, 4
23, 71, 64, 100, 68, 88, 58, 52, 59, 16, 0, 5, 28, 0, 100, 4, 1
24, 65, 42, 100, 42, 86, 43, 45, 44, 6, 0, 0, 50, 4, 100, 7, 1
29, 81, 6, 54, 22, 7, 76, 0, 100, 45, 87, 93, 34, 100, 0, 64, 0
93, 100, 49, 75, 69, 37, 62, 0, 0, 2, 38, 38, 100, 69, 67, 87, 8
0, 69, 43, 96, 59, 100, 51, 60, 46, 20, 13, 0, 42, 6, 100, 10, 1
0, 77, 58, 73, 82, 100, 15, 94, 38, 74, 100, 71, 80, 35, 67, 0, 9
19, 100, 21, 99, 0, 49, 9, 0, 72, 4, 100, 50, 73, 95, 7, 90, 0
33, 80, 0, 47, 13, 0, 74, 8, 100, 54, 79, 100, 29, 76, 25, 26, 0
13, 88, 0, 100, 49, 100, 89, 88, 100, 66, 94, 43, 79, 21, 60, 0, 9
100, 96, 38, 100, 48, 69, 85, 36, 65, 2, 0, 0, 33, 28, 86, 53, 8
0, 99, 61, 100, 67, 66, 51, 33, 32, 0, 2, 17, 27, 32, 100, 32, 7
25, 81, 45, 100, 54, 72, 33, 41, 0, 16, 15, 6, 61, 0, 100, 20, 2
7, 56, 33, 100, 46, 97, 39, 43, 5, 11, 0, 7, 49, 2, 100, 0, 1
0, 56, 7, 86, 34, 100, 84, 96, 100, 83, 74, 57, 50, 29, 38, 0, 7
49, 100, 32, 71, 0, 36, 62, 38, 100, 42, 58, 70, 55, 32, 64, 0, 4
50, 90, 33, 62, 73, 32, 55, 0, 27, 33, 0, 66, 27, 95, 100, 100, 5
83, 90, 39, 100, 29, 70, 86, 76, 100, 67, 99, 27, 59, 1, 0, 0, 9
0, 77, 26, 100, 51, 85, 36, 49, 13, 19, 26, 0, 63, 2, 100, 7, 2
0, 32, 25, 56, 59, 79, 100, 100, 74, 77, 48, 52, 25, 27, 14, 0, 1
15, 83, 6, 48, 65, 46, 45, 0, 8, 20, 0, 74, 43, 94, 100, 100, 5
48, 100, 26, 87, 0, 60, 22, 35, 100, 47, 88, 54, 53, 28, 47, 0, 4
34, 81, 6, 42, 22, 0, 70, 10, 100, 48, 92, 91, 42, 100, 0, 73, 0
40, 100, 0, 70, 5, 36, 74, 41, 100, 75, 79, 65, 48, 32, 15, 0, 4
83, 90, 0, 100, 34, 67, 100, 34, 70, 0, 4, 24, 45, 61, 74, 90, 8
32, 87, 81, 100, 85, 69, 58, 41, 97, 47, 100, 15, 46, 0, 0, 19, 3
22, 71, 0, 35, 28, 0, 72, 8, 100, 45, 96, 90, 54, 100, 16, 75, 0
0, 85, 32, 100, 64, 87, 50, 57, 28, 29, 24, 0, 63, 5, 100, 15, 2
0, 89, 42, 100, 100, 93, 88, 56, 59, 21, 42, 0, 32, 25, 94, 29, 7
0, 60, 63, 39, 57, 0, 22, 10, 54, 47, 100, 82, 91, 100, 23, 75, 8
100, 100, 84, 97, 71, 81, 57, 65, 43, 49, 29, 32, 14, 16, 0, 0, 1
100, 93, 75, 100, 47, 88, 33, 54, 68, 49, 79, 28, 43, 8, 0, 0, 5
79, 98, 100, 92, 64, 100, 55, 68, 92, 69, 91, 23, 44, 0, 0, 26, 9
30, 83, 65, 53, 91, 13, 11, 0, 0, 34, 67, 64, 100, 100, 22, 97, 8
59, 100, 5, 95, 38, 72, 62, 89, 73, 56, 100, 22, 60, 1, 0, 0, 9
0, 88, 47, 100, 96, 90, 100, 59, 80, 28, 53, 0, 37, 29, 88, 25, 7
55, 100, 15, 89, 0, 39, 23, 0, 69, 6, 100, 44, 90, 92, 47, 91, 0
17, 74, 42, 100, 100, 98, 73, 70, 86, 51, 95, 24, 53, 0, 0, 3, 3
0, 87, 47, 100, 96, 88, 100, 54, 87, 21, 61, 0, 39, 15, 96, 17, 7
6, 85, 0, 41, 24, 0, 69, 7, 100, 44, 85, 88, 40, 100, 3, 71, 0
47, 100, 20, 69, 0, 38, 53, 39, 100, 49, 59, 73, 53, 40, 53, 0, 4
100, 78, 52, 100, 17, 76, 86, 39, 72, 0, 0, 25, 60, 64, 84, 92, 8
24, 78, 51, 100, 91, 89, 70, 63, 98, 43, 100, 17, 53, 0, 0, 10, 3
0, 94, 37, 100, 65, 77, 70, 38, 61, 0, 43, 16, 62, 38, 100, 46, 7
54, 87, 14, 56, 0, 17, 40, 0, 79, 32, 100, 70, 74, 100, 28, 73, 0
71, 85, 40, 100, 43, 59, 46, 18, 4, 0, 0, 33, 56, 48, 100, 69, 8
0, 73, 58, 96, 58, 100, 56, 64, 60, 29, 39, 0, 34, 4, 100, 5, 1
15, 90, 58, 100, 100, 92, 71, 72, 53, 51, 66, 28, 48, 7, 0, 0, 3
0, 84, 37, 100, 75, 85, 75, 43, 67, 0, 47, 5, 56, 24, 100, 28, 7
53, 93, 0, 64, 51, 34, 53, 0, 18, 17, 0, 54, 16, 88, 100, 100, 5
0, 100, 34, 97, 55, 66, 57, 32, 40, 0, 15, 22, 46, 36, 100, 42, 7
0, 88, 55, 100, 85, 79, 21, 55, 22, 48, 100, 39, 73, 13, 1, 0, 3
12, 97, 83, 100, 43, 98, 7, 69, 63, 63, 100, 23, 49, 0, 0, 22, 5
0, 96, 64, 100, 96, 70, 81, 33, 52, 0, 19, 19, 35, 49, 100, 56, 7
31, 87, 80, 100, 45, 88, 27, 63, 75, 45, 100, 20, 56, 2, 0, 0, 5
45, 84, 68, 100, 77, 73, 53, 45, 100, 35, 86, 11, 37, 0, 0, 16, 3
7, 72, 0, 57, 52, 77, 100, 100, 93, 84, 67, 56, 41, 28, 22, 0, 1
10, 81, 44, 100, 57, 74, 32, 42, 0, 16, 16, 5, 58, 4, 100, 0, 2
18, 84, 6, 71, 67, 37, 38, 0, 0, 27, 51, 64, 100, 100, 17, 79, 8
0, 88, 28, 100, 71, 96, 63, 66, 36, 39, 23, 9, 64, 0, 100, 2, 2
0, 52, 44, 70, 69, 100, 69, 72, 51, 41, 20, 11, 9, 1, 100, 0, 1
5, 75, 38, 100, 58, 76, 35, 41, 4, 11, 0, 0, 49, 7, 100, 3, 2
100, 100, 79, 92, 36, 73, 4, 51, 52, 49, 54, 46, 24, 24, 0, 0, 4
0, 42, 40, 60, 74, 81, 100, 100, 90, 74, 78, 48, 66, 23, 65, 0, 1
0, 82, 40, 100, 92, 98, 100, 66, 83, 33, 65, 0, 35, 26, 81, 32, 7
100, 100, 78, 86, 60, 72, 44, 58, 33, 44, 18, 29, 7, 14, 0, 0, 1
61, 100, 0, 84, 51, 60, 100, 33, 72, 0, 16, 17, 41, 53, 87, 84, 8
1, 83, 45, 100, 100, 93, 67, 66, 66, 50, 96, 23, 62, 0, 0, 5, 3
46, 100, 20, 73, 0, 43, 46, 30, 100, 45, 93, 58, 63, 30, 52, 0, 4
58, 100, 0, 70, 9, 41, 97, 38, 100, 60, 66, 78, 55, 39, 53, 0, 4
8, 67, 51, 37, 22, 0, 9, 24, 53, 58, 100, 92, 59, 100, 0, 74, 8
49, 72, 64, 100, 100, 88, 78, 52, 43, 22, 0, 1, 40, 6, 90, 0, 2
38, 100, 37, 81, 12, 55, 0, 28, 52, 27, 100, 42, 86, 26, 65, 0, 4
41, 79, 47, 100, 84, 94, 71, 52, 42, 16, 0, 3, 49, 7, 100, 0, 2
100, 100, 62, 83, 36, 57, 23, 26, 42, 0, 81, 10, 43, 23, 0, 18, 6
89, 100, 38, 83, 0, 44, 2, 0, 61, 2, 100, 40, 100, 88, 45, 98, 0
100, 81, 83, 96, 26, 100, 0, 88, 16, 54, 69, 40, 87, 6, 34, 0, 5
31, 88, 6, 58, 14, 13, 64, 0, 100, 33, 96, 77, 49, 100, 0, 81, 0
15, 72, 47, 100, 88, 89, 52, 60, 75, 35, 100, 7, 50, 0, 0, 11, 3
22, 77, 34, 100, 90, 99, 65, 67, 72, 56, 100, 28, 58, 2, 0, 0, 3
55, 76, 70, 100, 95, 78, 72, 50, 40, 25, 0, 3, 40, 0, 100, 2, 2
17, 100, 8, 53, 61, 47, 42, 0, 3, 17, 0, 80, 44, 96, 100, 94, 5
0, 87, 46, 100, 88, 85, 73, 43, 65, 0, 36, 18, 46, 42, 100, 50, 7
0, 77, 13, 100, 57, 99, 60, 64, 38, 30, 11, 2, 57, 0, 100, 6, 2
76, 95, 23, 100, 36, 60, 68, 22, 23, 0, 0, 33, 46, 65, 100, 94, 8
6, 83, 0, 39, 24, 0, 73, 11, 100, 51, 82, 94, 35, 100, 6, 62, 0
7, 97, 15, 68, 65, 39, 31, 0, 0, 25, 4, 77, 33, 97, 100, 100, 5
0, 59, 46, 70, 86, 91, 100, 100, 95, 75, 92, 50, 89, 25, 95, 0, 1
11, 100, 0, 68, 22, 14, 66, 0, 100, 35, 78, 88, 34, 100, 13, 51, 0
0, 37, 14, 70, 27, 100, 26, 64, 24, 28, 3, 0, 18, 5, 100, 12, 1
0, 64, 42, 81, 81, 100, 100, 95, 81, 70, 57, 45, 30, 21, 33, 0, 1
36, 91, 62, 98, 100, 100, 44, 94, 1, 65, 46, 44, 51, 0, 0, 2, 5
100, 98, 75, 96, 22, 100, 0, 83, 38, 66, 80, 42, 56, 6, 5, 0, 5
45, 98, 82, 100, 72, 57, 42, 22, 0, 0, 3, 2, 52, 4, 100, 6, 2
30, 83, 8, 43, 19, 3, 71, 0, 100, 36, 87, 78, 39, 100, 0, 73, 0
32, 59, 70, 77, 98, 100, 100, 83, 87, 58, 79, 33, 57, 9, 0, 0, 1
0, 85, 43, 100, 92, 96, 100, 59, 84, 21, 58, 0, 38, 29, 87, 34, 7
0, 53, 45, 68, 80, 90, 100, 100, 98, 75, 98, 50, 95, 25, 93, 0, 1
0, 88, 37, 100, 82, 90, 70, 46, 68, 0, 100, 3, 93, 30, 46, 38, 7
0, 96, 37, 100, 100, 89, 86, 43, 55, 0, 30, 0, 10, 38, 75, 41, 7
63, 100, 31, 66, 0, 31, 28, 22, 94, 30, 100, 68, 82, 38, 81, 0, 4
23, 83, 74, 49, 100, 13, 19, 0, 24, 35, 82, 66, 73, 100, 0, 84, 8
10, 58, 26, 99, 67, 100, 59, 57, 29, 22, 0, 0, 50, 7, 100, 0, 2
15, 100, 0, 68, 39, 37, 19, 0, 1, 45, 6, 89, 53, 97, 100, 99, 5
0, 95, 30, 100, 55, 80, 34, 52, 6, 27, 21, 5, 67, 0, 100, 3, 2
100, 90, 68, 100, 38, 74, 28, 38, 68, 43, 76, 15, 39, 0, 0, 8, 5
23, 74, 42, 38, 51, 0, 0, 7, 26, 42, 81, 69, 100, 97, 25, 100, 8
100, 100, 33, 95, 0, 60, 47, 28, 48, 0, 5, 21, 40, 59, 87, 92, 8
51, 97, 10, 75, 0, 32, 34, 0, 84, 15, 100, 56, 71, 92, 18, 100, 0
0, 81, 41, 100, 60, 72, 43, 35, 20, 0, 5, 35, 48, 49, 100, 48, 7
82, 100, 49, 85, 19, 61, 0, 34, 51, 36, 100, 51, 81, 27, 69, 0, 4
12, 89, 0, 48, 64, 45, 71, 0, 26, 8, 6, 59, 30, 100, 100, 98, 5
0, 59, 59, 78, 100, 100, 96, 94, 63, 71, 37, 47, 11, 23, 0, 0, 1
51, 67, 81, 100, 0, 89, 33, 50, 83, 13, 13, 0, 41, 34, 100, 62, 8
83, 100, 0, 91, 11, 65, 89, 76, 100, 95, 83, 65, 62, 33, 46, 0, 9
0, 42, 29, 62, 66, 82, 100, 100, 77, 76, 55, 51, 38, 25, 23, 0, 1
100, 100, 51, 100, 11, 81, 9, 51, 57, 55, 73, 22, 37, 0, 0, 14, 5
100, 85, 48, 67, 0, 74, 32, 100, 77, 92, 80, 61, 77, 30, 75, 0, 9
0, 84, 48, 100, 83, 77, 80, 38, 75, 0, 37, 12, 46, 34, 100, 44, 7
30, 97, 81, 98, 43, 100, 14, 65, 58, 57, 100, 27, 48, 0, 0, 17, 5
0, 62, 47, 79, 92, 100, 100, 92, 98, 68, 96, 45, 92, 21, 92, 0, 1
23, 98, 53, 100, 57, 63, 29, 35, 0, 9, 25, 0, 62, 3, 100, 3, 2
0, 95, 25, 97, 79, 100, 100, 92, 67, 72, 46, 49, 35, 25, 37, 0, 7
32, 83, 12, 92, 5, 41, 38, 0, 100, 28, 98, 76, 36, 100, 0, 60, 0
7, 69, 17, 100, 30, 70, 20, 33, 0, 2, 25, 0, 62, 2, 100, 7, 2
22, 98, 2, 66, 0, 17, 43, 0, 85, 26, 100, 73, 61, 100, 12, 86, 0
22, 75, 58, 41, 38, 0, 0, 8, 55, 39, 100, 74, 60, 100, 7, 76, 8
0, 45, 35, 66, 74, 90, 100, 100, 78, 75, 52, 50, 30, 25, 24, 0, 1
62, 99, 0, 92, 32, 50, 100, 24, 67, 0, 1, 19, 38, 64, 48, 100, 8
34, 68, 63, 100, 65, 65, 36, 29, 0, 0, 6, 9, 52, 16, 100, 7, 2
89, 94, 56, 100, 15, 83, 34, 56, 89, 54, 100, 19, 55, 0, 0, 10, 5
51, 78, 81, 100, 86, 65, 53, 31, 10, 8, 0, 19, 50, 10, 100, 0, 2
69, 98, 22, 93, 46, 71, 57, 100, 85, 65, 100, 22, 56, 0, 0, 5, 9
47, 74, 68, 100, 65, 53, 37, 17, 0, 0, 21, 18, 60, 14, 100, 11, 2
0, 46, 45, 56, 85, 75, 100, 100, 98, 71, 93, 42, 80, 14, 80, 0, 1
62, 100, 0, 96, 40, 62, 100, 30, 43, 0, 6, 27, 38, 73, 13, 99, 8
0, 71, 1, 21, 47, 0, 93, 10, 100, 59, 66, 95, 19, 100, 10, 59, 0
46, 78, 59, 42, 51, 0, 0, 6, 47, 39, 100, 69, 90, 100, 21, 94, 8
10, 73, 0, 38, 26, 0, 75, 12, 100, 52, 89, 95, 39, 100, 3, 67, 0
25, 75, 85, 100, 49, 72, 18, 40, 0, 7, 51, 0, 100, 28, 49, 29, 6
31, 96, 18, 51, 27, 100, 26, 67, 40, 17, 0, 0, 44, 6, 100, 7, 1
9, 100, 1, 82, 0, 48, 66, 46, 100, 77, 81, 58, 59, 23, 48, 0, 4
66, 98, 24, 78, 0, 35, 24, 0, 74, 20, 100, 61, 79, 100, 29, 92, 0
32, 66, 87, 42, 73, 0, 0, 7, 37, 43, 100, 72, 92, 100, 30, 76, 8
0, 78, 33, 100, 70, 79, 53, 43, 10, 23, 10, 32, 57, 20, 100, 0, 2
80, 100, 24, 98, 28, 70, 92, 91, 94, 86, 100, 50, 70, 18, 0, 0, 9
0, 78, 35, 100, 74, 86, 42, 55, 57, 31, 100, 8, 58, 0, 8, 8, 3
25, 90, 42, 100, 15, 63, 0, 26, 42, 0, 100, 3, 80, 28, 59, 6, 6
0, 82, 34, 100, 78, 90, 49, 62, 80, 49, 100, 18, 62, 0, 18, 13, 3
0, 93, 41, 100, 57, 65, 47, 26, 21, 0, 2, 35, 51, 38, 100, 36, 7
0, 82, 46, 75, 97, 100, 27, 97, 45, 81, 100, 79, 88, 39, 78, 0, 9
75, 69, 79, 100, 14, 88, 71, 70, 92, 84, 100, 36, 58, 0, 0, 9, 9
22, 100, 1, 55, 10, 10, 60, 0, 100, 31, 97, 77, 51, 99, 0, 83, 0
85, 83, 100, 76, 81, 100, 50, 67, 93, 69, 95, 21, 47, 0, 0, 23, 9
74, 100, 38, 91, 15, 62, 0, 30, 13, 0, 69, 0, 100, 26, 46, 32, 6
31, 100, 15, 84, 2, 65, 0, 45, 20, 29, 48, 21, 79, 14, 100, 0, 4
39, 74, 65, 100, 65, 60, 38, 21, 0, 0, 23, 22, 62, 4, 100, 4, 2
0, 39, 38, 57, 69, 79, 100, 100, 90, 74, 71, 49, 53, 24, 34, 0, 1
28, 91, 49, 71, 100, 35, 55, 0, 0, 24, 32, 63, 82, 100, 45, 100, 8
11, 55, 13, 10, 51, 0, 85, 29, 100, 70, 72, 100, 30, 90, 0, 58, 0
14, 78, 7, 33, 40, 0, 84, 15, 100, 61, 72, 100, 26, 100, 0, 60, 0
0, 57, 24, 71, 64, 94, 100, 100, 92, 75, 80, 50, 76, 24, 84, 0, 1
0, 60, 45, 83, 66, 100, 56, 64, 62, 27, 44, 0, 36, 1, 100, 1, 1
13, 72, 1, 33, 27, 0, 75, 10, 100, 44, 88, 83, 43, 100, 0, 82, 0
26, 71, 48, 100, 74, 74, 46, 37, 5, 12, 0, 11, 50, 8, 100, 0, 2
0, 90, 50, 100, 100, 94, 84, 52, 62, 13, 42, 0, 40, 40, 92, 44, 7
76, 100, 0, 90, 48, 62, 93, 29, 54, 0, 13, 27, 44, 64, 100, 94, 8
0, 100, 66, 98, 55, 65, 24, 33, 14, 0, 75, 25, 100, 47, 13, 48, 7
0, 69, 22, 93, 55, 100, 65, 73, 46, 41, 33, 8, 65, 0, 100, 4, 2
59, 49, 48, 85, 100, 100, 95, 58, 55, 23, 0, 2, 21, 13, 82, 0, 2
98, 96, 52, 96, 74, 64, 97, 100, 97, 70, 100, 28, 62, 0, 0, 14, 9
0, 98, 51, 98, 100, 100, 74, 65, 50, 28, 40, 0, 44, 39, 96, 47, 7
0, 92, 57, 100, 100, 77, 77, 38, 46, 0, 25, 9, 25, 48, 92, 58, 7
64, 86, 79, 100, 100, 87, 73, 63, 93, 41, 83, 13, 43, 0, 0, 5, 3
100, 83, 62, 100, 22, 73, 0, 44, 3, 13, 70, 0, 95, 22, 8, 21, 6
89, 83, 59, 100, 41, 63, 59, 23, 20, 0, 0, 29, 49, 54, 100, 73, 8
100, 100, 51, 82, 17, 55, 0, 24, 32, 0, 83, 14, 77, 43, 25, 39, 6
0, 100, 52, 97, 70, 80, 80, 61, 95, 44, 100, 25, 66, 10, 18, 0, 3
21, 87, 0, 38, 26, 0, 67, 6, 100, 41, 92, 95, 52, 100, 21, 65, 0
63, 100, 24, 88, 0, 73, 4, 57, 41, 45, 76, 32, 92, 16, 100, 0, 4
48, 100, 13, 71, 0, 40, 49, 25, 100, 37, 87, 62, 61, 32, 64, 0, 4
0, 85, 47, 96, 100, 100, 93, 82, 72, 59, 82, 33, 68, 9, 19, 0, 3
44, 100, 28, 82, 0, 52, 40, 32, 100, 33, 91, 65, 80, 33, 77, 0, 4
100, 100, 64, 80, 36, 60, 12, 38, 0, 16, 28, 0, 74, 15, 12, 10, 6
24, 100, 0, 82, 0, 49, 65, 51, 100, 82, 81, 63, 49, 32, 21, 0, 4
100, 100, 49, 85, 16, 57, 0, 28, 23, 0, 89, 5, 94, 31, 27, 26, 6
100, 100, 69, 79, 33, 59, 0, 38, 48, 34, 90, 47, 71, 24, 71, 0, 4
5, 90, 55, 100, 78, 84, 31, 65, 71, 51, 100, 23, 52, 5, 0, 0, 3
26, 100, 0, 70, 44, 54, 100, 53, 77, 78, 46, 69, 36, 34, 28, 0, 4
