@relation penbased-4
@attribute At1 integer [0, 100]
@attribute At2 integer [0, 100]
@attribute At3 integer [0, 100]
@attribute At4 integer [0, 100]
@attribute At5 integer [0, 100]
@attribute At6 integer [0, 100]
@attribute At7 integer [0, 100]
@attribute At8 integer [0, 100]
@attribute At9 integer [0, 100]
@attribute At10 integer [0, 100]
@attribute At11 integer [0, 100]
@attribute At12 integer [0, 100]
@attribute At13 integer [0, 100]
@attribute At14 integer [0, 100]
@attribute At15 integer [0, 100]
@attribute At16 integer [0, 100]
@attribute Class {0, 1, 2, 3, 4, 5, 6, 7, 8, 9}
@inputs At1, At2, At3, At4, At5, At6, At7, At8, At9, At10, At11, At12, At13, At14, At15, At16
@outputs Class
@data
0, 89, 27, 100, 42, 75, 29, 45, 15, 15, 37, 0, 69, 2, 100, 6, 2
0, 67, 49, 83, 100, 100, 81, 80, 60, 60, 40, 40, 33, 20, 47, 0, 1
35, 76, 57, 100, 100, 92, 68, 66, 81, 38, 82, 9, 32, 0, 0, 17, 3
99, 80, 63, 100, 25, 76, 79, 68, 100, 62, 97, 23, 54, 0, 0, 16, 9
77, 97, 40, 100, 0, 59, 9, 29, 84, 33, 100, 64, 77, 44, 48, 0, 4
0, 93, 62, 100, 100, 78, 69, 43, 50, 5, 35, 0, 15, 35, 86, 37, 7
60, 100, 20, 76, 0, 39, 10, 1, 69, 0, 100, 33, 56, 40, 15, 10, 6
20, 82, 62, 100, 100, 81, 68, 54, 82, 50, 89, 19, 42, 0, 0, 13, 3
100, 79, 67, 100, 26, 76, 41, 38, 47, 0, 0, 8, 38, 38, 96, 58, 8
94, 79, 40, 100, 13, 65, 59, 30, 67, 0, 0, 17, 45, 52, 100, 83, 8
19, 81, 0, 41, 12, 0, 54, 1, 88, 29, 100, 71, 72, 100, 31, 91, 0
9, 100, 0, 66, 20, 25, 61, 0, 100, 21, 93, 64, 54, 91, 9, 76, 0
15, 73, 0, 34, 30, 0, 81, 1, 100, 38, 87, 78, 44, 100, 16, 68, 0
100, 89, 40, 83, 63, 40, 84, 0, 0, 7, 53, 53, 80, 100, 3, 78, 8
49, 83, 8, 57, 0, 17, 51, 0, 93, 28, 100, 70, 61, 100, 8, 86, 0
22, 93, 0, 95, 50, 97, 100, 100, 67, 81, 43, 56, 28, 28, 30, 0, 7
29, 73, 56, 100, 68, 71, 45, 38, 11, 12, 0, 8, 50, 6, 100, 0, 2
100, 100, 53, 81, 25, 54, 11, 25, 38, 0, 99, 8, 65, 29, 0, 25, 6
0, 42, 30, 56, 59, 72, 86, 94, 100, 100, 80, 68, 62, 35, 53, 0, 1
0, 63, 41, 77, 79, 94, 100, 100, 85, 74, 75, 48, 71, 22, 82, 0, 1
13, 80, 53, 71, 100, 100, 23, 99, 0, 71, 81, 74, 74, 40, 47, 0, 9
37, 84, 69, 100, 96, 87, 55, 61, 88, 38, 100, 9, 51, 0, 0, 3, 3
21, 75, 40, 100, 85, 94, 67, 63, 100, 43, 95, 11, 47, 0, 0, 13, 3
84, 100, 46, 98, 13, 60, 0, 19, 53, 0, 100, 32, 33, 36, 10, 4, 6
0, 91, 46, 100, 85, 80, 91, 40, 88, 0, 99, 22, 100, 52, 50, 49, 7
98, 100, 52, 77, 18, 52, 0, 25, 25, 0, 100, 5, 97, 29, 23, 22, 6
30, 100, 4, 67, 0, 24, 30, 0, 66, 11, 95, 41, 100, 82, 64, 93, 0
52, 100, 29, 73, 0, 47, 19, 42, 69, 37, 100, 54, 90, 30, 88, 0, 4
44, 80, 80, 100, 100, 85, 72, 59, 92, 38, 93, 14, 49, 3, 0, 0, 3
95, 68, 77, 100, 21, 76, 60, 38, 68, 0, 0, 15, 29, 53, 100, 81, 8
93, 91, 40, 100, 15, 79, 23, 36, 72, 53, 100, 21, 57, 0, 0, 6, 5
28, 71, 43, 100, 76, 79, 49, 47, 11, 21, 0, 0, 50, 1, 100, 4, 2
47, 100, 19, 81, 0, 58, 19, 39, 61, 38, 100, 42, 82, 23, 62, 0, 4
42, 100, 34, 73, 0, 42, 2, 42, 62, 36, 100, 59, 92, 35, 87, 0, 4
33, 78, 66, 100, 91, 86, 64, 60, 100, 42, 82, 10, 41, 0, 0, 7, 3
0, 85, 32, 100, 76, 91, 70, 65, 38, 43, 11, 20, 50, 6, 100, 0, 2
37, 100, 57, 91, 47, 50, 22, 20, 0, 17, 33, 17, 66, 4, 100, 0, 2
0, 89, 28, 100, 64, 85, 43, 61, 9, 44, 23, 21, 62, 11, 100, 0, 2
0, 76, 24, 100, 65, 97, 61, 63, 40, 31, 6, 5, 51, 2, 100, 0, 2
64, 100, 34, 73, 100, 39, 94, 3, 0, 0, 38, 38, 90, 74, 76, 95, 8
77, 60, 77, 100, 10, 90, 15, 49, 40, 8, 0, 0, 32, 34, 100, 55, 8
33, 100, 0, 66, 28, 40, 55, 12, 1, 0, 10, 46, 44, 84, 100, 92, 5
0, 95, 50, 100, 100, 86, 90, 49, 66, 15, 49, 0, 23, 32, 76, 41, 7
31, 100, 4, 70, 0, 37, 66, 36, 100, 50, 66, 68, 36, 34, 14, 0, 4
93, 100, 52, 82, 19, 52, 12, 18, 60, 0, 100, 21, 44, 32, 0, 10, 6
13, 54, 0, 16, 39, 0, 82, 17, 100, 54, 89, 93, 47, 100, 26, 65, 0
43, 97, 3, 69, 0, 20, 43, 0, 88, 23, 100, 70, 62, 100, 14, 84, 0
68, 100, 50, 79, 15, 51, 0, 47, 54, 38, 100, 49, 91, 35, 87, 0, 4
27, 90, 0, 77, 64, 52, 72, 11, 8, 0, 7, 41, 29, 84, 100, 100, 5
0, 90, 47, 100, 65, 69, 48, 31, 37, 0, 14, 34, 49, 40, 100, 39, 7
26, 80, 57, 100, 72, 75, 54, 44, 24, 18, 0, 11, 50, 8, 100, 0, 2
44, 73, 66, 100, 100, 88, 74, 57, 33, 32, 0, 21, 53, 19, 99, 0, 2
0, 58, 42, 78, 90, 99, 100, 100, 87, 75, 78, 50, 76, 25, 84, 0, 1
66, 100, 33, 78, 11, 53, 0, 25, 20, 0, 77, 1, 100, 24, 41, 26, 6
85, 87, 48, 72, 0, 73, 34, 100, 82, 96, 89, 64, 87, 31, 100, 0, 9
9, 86, 53, 100, 96, 81, 64, 55, 93, 48, 100, 18, 51, 0, 0, 11, 3
0, 67, 14, 25, 57, 0, 100, 22, 95, 75, 54, 100, 7, 87, 4, 39, 0
38, 83, 40, 53, 55, 14, 11, 0, 0, 30, 10, 71, 52, 92, 100, 100, 5
15, 72, 0, 39, 57, 42, 43, 0, 16, 15, 11, 62, 36, 93, 100, 100, 5
98, 74, 82, 100, 6, 85, 10, 60, 87, 75, 100, 47, 69, 17, 0, 0, 9
19, 86, 18, 35, 57, 0, 100, 24, 92, 72, 47, 100, 0, 77, 1, 31, 0
0, 83, 35, 100, 71, 91, 63, 46, 57, 0, 40, 17, 60, 34, 100, 34, 7
16, 78, 0, 100, 76, 92, 100, 78, 77, 35, 74, 0, 98, 32, 27, 38, 7
85, 69, 47, 100, 0, 75, 44, 38, 72, 0, 16, 16, 57, 55, 100, 87, 8
0, 100, 53, 100, 100, 88, 84, 56, 61, 24, 42, 0, 18, 31, 56, 46, 7
25, 91, 61, 100, 74, 75, 44, 55, 94, 43, 100, 16, 53, 0, 0, 6, 3
0, 73, 30, 100, 68, 87, 56, 51, 25, 22, 2, 2, 51, 4, 100, 0, 2
0, 35, 39, 53, 72, 75, 100, 100, 83, 80, 61, 54, 41, 27, 24, 0, 1
0, 23, 63, 46, 100, 87, 50, 100, 34, 57, 86, 23, 57, 0, 9, 22, 8
44, 100, 65, 100, 54, 62, 30, 32, 0, 10, 29, 7, 64, 1, 100, 0, 2
3, 87, 50, 100, 100, 100, 78, 76, 76, 52, 90, 30, 47, 13, 0, 0, 3
34, 100, 15, 78, 0, 43, 56, 37, 100, 43, 78, 70, 54, 36, 41, 0, 4
63, 98, 95, 76, 93, 100, 61, 74, 100, 81, 99, 33, 67, 0, 0, 4, 9
2, 85, 0, 58, 45, 34, 24, 0, 7, 28, 1, 69, 44, 93, 100, 100, 5
27, 82, 5, 39, 30, 0, 80, 15, 100, 59, 74, 100, 23, 95, 0, 53, 0
0, 82, 43, 100, 100, 94, 90, 65, 55, 41, 13, 18, 28, 1, 92, 0, 2
14, 66, 23, 100, 41, 74, 24, 34, 0, 0, 22, 15, 61, 9, 100, 3, 2
29, 71, 55, 100, 74, 75, 59, 39, 30, 9, 0, 8, 49, 0, 100, 2, 2
40, 78, 62, 100, 58, 67, 35, 39, 0, 32, 27, 22, 62, 7, 100, 0, 2
98, 78, 44, 76, 40, 100, 91, 98, 100, 69, 79, 42, 44, 18, 0, 0, 9
13, 96, 56, 100, 56, 75, 30, 53, 0, 32, 3, 11, 51, 5, 100, 0, 2
0, 92, 51, 100, 100, 98, 83, 57, 71, 14, 59, 0, 44, 33, 97, 42, 7
70, 69, 100, 95, 40, 100, 0, 74, 53, 75, 78, 57, 51, 28, 21, 0, 9
100, 87, 26, 100, 0, 70, 66, 68, 97, 99, 86, 66, 72, 33, 69, 0, 9
100, 100, 54, 85, 21, 60, 0, 33, 2, 5, 52, 0, 54, 22, 1, 17, 6
27, 89, 0, 64, 62, 46, 54, 0, 3, 1, 6, 52, 31, 93, 100, 100, 5
30, 84, 70, 100, 78, 69, 63, 38, 34, 10, 0, 12, 46, 14, 100, 0, 2
9, 100, 9, 77, 0, 46, 2, 22, 81, 29, 100, 35, 56, 31, 59, 0, 4
80, 100, 32, 85, 63, 72, 61, 81, 86, 48, 100, 16, 53, 0, 0, 5, 9
14, 100, 66, 86, 66, 57, 50, 28, 31, 0, 0, 9, 25, 29, 100, 30, 7
100, 100, 59, 82, 25, 57, 0, 28, 14, 0, 59, 14, 46, 39, 0, 30, 6
39, 100, 5, 79, 0, 47, 55, 42, 100, 64, 80, 60, 52, 30, 28, 0, 4
0, 99, 8, 99, 70, 100, 100, 99, 60, 78, 33, 52, 15, 25, 22, 0, 7
87, 100, 34, 81, 0, 53, 38, 32, 99, 49, 100, 53, 55, 27, 18, 0, 4
99, 100, 54, 77, 26, 52, 17, 23, 51, 0, 100, 14, 61, 35, 0, 27, 6
11, 100, 8, 93, 0, 60, 17, 33, 60, 41, 100, 57, 85, 32, 76, 0, 4
22, 100, 0, 80, 19, 55, 73, 48, 100, 68, 63, 57, 41, 29, 26, 0, 4
100, 100, 56, 100, 19, 75, 0, 43, 12, 10, 62, 0, 68, 14, 15, 12, 6
100, 100, 59, 92, 25, 65, 0, 33, 4, 0, 53, 2, 48, 30, 1, 33, 6
55, 96, 14, 68, 48, 40, 19, 0, 0, 18, 6, 73, 47, 100, 100, 96, 5
93, 93, 60, 100, 19, 71, 0, 39, 23, 8, 100, 9, 86, 26, 38, 0, 6
54, 63, 100, 76, 80, 100, 43, 75, 51, 35, 47, 0, 0, 16, 27, 46, 8
4, 11, 46, 53, 76, 100, 24, 98, 41, 53, 100, 24, 57, 0, 0, 15, 8
39, 59, 74, 78, 100, 100, 76, 77, 62, 51, 57, 24, 38, 0, 0, 2, 1
69, 100, 22, 80, 0, 34, 31, 0, 80, 28, 100, 75, 56, 99, 7, 71, 0
46, 95, 0, 94, 18, 100, 94, 92, 59, 61, 4, 32, 49, 7, 100, 0, 2
55, 79, 82, 100, 98, 81, 69, 60, 100, 42, 85, 19, 45, 5, 0, 0, 3
0, 42, 35, 71, 70, 100, 63, 74, 57, 37, 48, 0, 44, 0, 100, 2, 1
0, 100, 30, 99, 67, 97, 100, 93, 72, 75, 53, 51, 44, 23, 52, 0, 7
0, 82, 46, 100, 88, 91, 45, 68, 49, 43, 100, 25, 83, 6, 23, 0, 3
2, 96, 53, 100, 100, 91, 67, 71, 55, 49, 79, 24, 46, 6, 0, 0, 3
29, 95, 93, 67, 84, 100, 10, 68, 0, 18, 74, 0, 100, 44, 17, 44, 8
11, 100, 6, 86, 0, 47, 30, 16, 74, 33, 100, 68, 87, 39, 79, 0, 4
99, 74, 100, 100, 45, 90, 44, 65, 100, 66, 92, 35, 57, 8, 0, 0, 9
47, 73, 82, 95, 100, 100, 89, 75, 79, 49, 76, 24, 47, 0, 0, 2, 1
8, 98, 25, 100, 29, 64, 21, 29, 0, 2, 33, 2, 67, 3, 100, 0, 2
0, 78, 60, 100, 64, 97, 56, 64, 52, 30, 4, 5, 0, 0, 100, 2, 1
45, 100, 34, 79, 11, 51, 0, 23, 40, 0, 100, 16, 51, 36, 28, 23, 6
83, 95, 0, 86, 56, 49, 100, 13, 17, 0, 48, 40, 99, 79, 37, 100, 8
0, 98, 50, 100, 100, 96, 73, 63, 43, 31, 13, 0, 11, 19, 46, 32, 7
59, 100, 34, 70, 0, 38, 33, 30, 100, 34, 95, 66, 73, 35, 53, 0, 4
16, 37, 8, 82, 49, 100, 55, 56, 26, 17, 0, 0, 50, 3, 100, 3, 2
47, 100, 0, 75, 5, 29, 50, 0, 100, 18, 100, 63, 59, 96, 4, 88, 0
80, 74, 100, 100, 56, 70, 29, 35, 36, 0, 100, 13, 67, 38, 0, 24, 6
19, 93, 9, 74, 100, 94, 25, 100, 1, 49, 0, 0, 93, 16, 46, 60, 8
16, 76, 2, 44, 16, 0, 84, 12, 100, 57, 75, 100, 9, 88, 0, 44, 0
0, 60, 21, 54, 53, 77, 85, 100, 100, 88, 86, 57, 75, 27, 82, 0, 1
9, 77, 0, 30, 29, 0, 70, 4, 100, 37, 84, 82, 47, 100, 17, 72, 0
29, 96, 15, 53, 33, 12, 79, 0, 100, 38, 82, 80, 38, 100, 0, 74, 0
30, 59, 17, 78, 80, 100, 100, 98, 67, 74, 30, 50, 3, 25, 0, 0, 1
12, 58, 62, 79, 100, 100, 88, 85, 62, 64, 50, 42, 25, 21, 0, 0, 1
0, 72, 52, 84, 100, 100, 94, 96, 85, 72, 81, 48, 79, 24, 75, 0, 1
100, 100, 51, 96, 18, 67, 0, 35, 12, 4, 79, 0, 94, 25, 32, 24, 6
0, 96, 23, 46, 91, 55, 80, 100, 49, 94, 100, 59, 81, 7, 15, 0, 9
100, 100, 74, 88, 46, 69, 22, 47, 0, 24, 3, 0, 36, 11, 7, 23, 6
100, 100, 64, 87, 28, 59, 0, 30, 7, 0, 72, 3, 76, 31, 20, 49, 6
46, 99, 12, 70, 0, 31, 24, 0, 70, 4, 100, 36, 94, 76, 60, 100, 0
41, 100, 25, 97, 0, 54, 61, 46, 100, 47, 83, 87, 55, 45, 36, 0, 4
42, 95, 0, 64, 48, 42, 21, 0, 0, 18, 5, 72, 42, 100, 100, 98, 5
28, 77, 62, 100, 100, 85, 67, 58, 96, 40, 92, 9, 41, 0, 0, 18, 3
0, 85, 26, 100, 74, 89, 62, 64, 61, 39, 100, 21, 64, 4, 7, 0, 3
60, 100, 36, 75, 14, 50, 0, 23, 47, 14, 89, 30, 100, 26, 86, 0, 4
100, 100, 47, 88, 18, 55, 16, 18, 57, 0, 95, 29, 51, 38, 0, 16, 6
0, 66, 48, 100, 100, 83, 69, 41, 37, 0, 81, 26, 76, 69, 8, 93, 8
48, 96, 67, 100, 68, 57, 40, 23, 0, 15, 19, 30, 59, 12, 100, 0, 2
100, 100, 40, 88, 40, 67, 97, 79, 94, 65, 82, 40, 52, 16, 0, 0, 9
0, 53, 48, 75, 67, 100, 81, 83, 81, 57, 88, 31, 100, 6, 99, 0, 1
8, 92, 67, 100, 87, 82, 62, 40, 31, 0, 0, 14, 38, 30, 100, 27, 7
25, 57, 20, 21, 62, 0, 100, 22, 95, 68, 61, 100, 14, 99, 0, 57, 0
7, 72, 34, 100, 79, 95, 67, 61, 33, 33, 0, 5, 48, 0, 100, 1, 2
49, 97, 77, 100, 79, 60, 47, 28, 0, 11, 8, 24, 58, 14, 100, 0, 2
12, 73, 29, 100, 70, 87, 51, 53, 13, 28, 0, 4, 50, 0, 100, 0, 2
0, 59, 16, 73, 77, 95, 100, 100, 70, 75, 45, 50, 25, 25, 34, 0, 1
39, 88, 82, 100, 100, 68, 68, 34, 34, 0, 16, 10, 0, 45, 78, 50, 7
69, 98, 53, 83, 85, 98, 46, 100, 81, 65, 100, 27, 42, 11, 0, 0, 9
41, 81, 48, 100, 67, 71, 50, 36, 0, 26, 29, 19, 72, 0, 100, 31, 2
0, 79, 21, 100, 31, 68, 22, 34, 7, 2, 34, 0, 69, 8, 100, 11, 2
73, 78, 10, 73, 60, 35, 43, 0, 0, 25, 57, 62, 100, 100, 20, 96, 8
80, 100, 34, 87, 69, 69, 100, 90, 81, 74, 74, 45, 44, 20, 0, 0, 9
36, 100, 0, 76, 21, 49, 73, 39, 100, 60, 70, 64, 72, 31, 85, 0, 4
0, 90, 3, 56, 51, 31, 43, 0, 15, 22, 9, 63, 38, 93, 100, 100, 5
0, 79, 38, 100, 100, 94, 93, 66, 55, 41, 9, 19, 18, 0, 89, 2, 2
0, 91, 61, 100, 78, 69, 58, 34, 56, 0, 38, 28, 34, 48, 100, 45, 7
65, 64, 9, 63, 20, 92, 73, 100, 100, 75, 80, 46, 42, 22, 0, 0, 9
33, 78, 67, 100, 68, 67, 36, 40, 0, 17, 27, 1, 72, 0, 100, 2, 2
100, 100, 66, 80, 41, 56, 23, 29, 18, 0, 54, 0, 38, 18, 0, 12, 6
0, 90, 57, 100, 63, 71, 46, 36, 40, 0, 10, 12, 39, 32, 100, 39, 7
39, 58, 100, 79, 88, 100, 6, 80, 0, 54, 89, 68, 63, 39, 31, 0, 9
9, 83, 30, 100, 84, 95, 64, 67, 85, 50, 100, 23, 57, 3, 0, 0, 3
17, 37, 24, 0, 73, 14, 100, 50, 89, 90, 43, 100, 11, 66, 0, 25, 0
63, 48, 100, 73, 77, 100, 13, 92, 0, 65, 64, 57, 86, 31, 77, 0, 9
50, 100, 28, 70, 79, 38, 65, 0, 0, 5, 20, 45, 37, 85, 100, 96, 5
2, 97, 13, 59, 44, 34, 15, 0, 6, 43, 0, 86, 49, 98, 100, 100, 5
88, 68, 31, 56, 0, 81, 47, 100, 100, 86, 97, 55, 75, 26, 44, 0, 9
35, 87, 86, 100, 100, 76, 52, 57, 89, 53, 97, 21, 53, 0, 0, 8, 3
49, 100, 10, 79, 0, 32, 33, 0, 82, 8, 100, 51, 74, 90, 27, 97, 0
13, 83, 52, 100, 75, 78, 44, 48, 4, 22, 0, 0, 54, 1, 100, 6, 2
0, 62, 27, 64, 61, 84, 100, 100, 90, 77, 70, 51, 50, 25, 35, 0, 1
16, 100, 0, 65, 43, 57, 100, 70, 99, 87, 97, 76, 84, 38, 73, 0, 4
30, 88, 7, 77, 0, 33, 30, 0, 82, 6, 100, 45, 74, 82, 26, 100, 0
0, 85, 27, 100, 54, 85, 44, 55, 22, 29, 33, 7, 66, 2, 100, 0, 2
0, 66, 12, 98, 45, 100, 70, 79, 45, 49, 35, 15, 66, 0, 100, 1, 2
3, 90, 69, 100, 58, 98, 0, 77, 36, 58, 100, 44, 73, 9, 7, 0, 5
35, 97, 8, 76, 0, 27, 42, 0, 91, 17, 100, 65, 60, 97, 8, 100, 0
38, 90, 10, 54, 74, 39, 48, 0, 0, 8, 7, 55, 29, 94, 100, 100, 5
100, 100, 54, 92, 19, 67, 0, 35, 22, 6, 71, 0, 89, 25, 48, 46, 6
26, 80, 50, 100, 100, 95, 58, 72, 50, 47, 90, 20, 53, 0, 0, 5, 3
100, 100, 58, 100, 21, 85, 21, 62, 58, 56, 64, 23, 36, 0, 0, 7, 5
75, 100, 40, 90, 11, 59, 0, 27, 32, 0, 98, 5, 100, 28, 38, 16, 6
57, 100, 25, 75, 0, 52, 85, 53, 100, 73, 65, 85, 31, 43, 2, 0, 4
24, 83, 58, 100, 86, 83, 66, 57, 100, 35, 87, 6, 42, 0, 0, 13, 3
61, 91, 88, 100, 100, 81, 78, 61, 63, 38, 60, 14, 34, 0, 0, 1, 3
35, 73, 63, 100, 97, 87, 58, 64, 100, 44, 100, 11, 50, 0, 0, 8, 3
51, 94, 100, 100, 48, 91, 6, 66, 42, 50, 87, 28, 60, 5, 0, 0, 5
96, 98, 83, 100, 47, 68, 26, 32, 49, 0, 100, 18, 53, 39, 0, 27, 6
12, 54, 30, 100, 62, 87, 43, 39, 3, 7, 0, 1, 50, 0, 100, 4, 2
0, 100, 70, 95, 100, 71, 70, 38, 37, 4, 10, 0, 22, 28, 97, 30, 7
73, 68, 100, 100, 48, 100, 20, 71, 79, 77, 84, 46, 48, 15, 0, 0, 9
0, 100, 52, 98, 100, 88, 56, 59, 41, 19, 60, 0, 41, 30, 92, 36, 7
55, 85, 100, 100, 82, 94, 38, 74, 90, 65, 94, 36, 52, 13, 0, 0, 5
0, 85, 19, 63, 86, 31, 94, 0, 3, 15, 39, 50, 100, 83, 29, 100, 8
27, 100, 100, 93, 78, 62, 53, 31, 28, 0, 0, 13, 3, 33, 92, 35, 7
100, 100, 52, 79, 18, 54, 0, 25, 28, 0, 85, 9, 66, 34, 3, 39, 6
57, 100, 33, 94, 8, 59, 3, 22, 48, 0, 100, 15, 57, 32, 0, 19, 6
63, 100, 17, 67, 0, 29, 58, 24, 100, 35, 86, 88, 82, 53, 78, 0, 4
31, 81, 54, 46, 51, 6, 7, 0, 0, 42, 13, 84, 55, 96, 100, 100, 5
0, 56, 40, 66, 74, 85, 100, 100, 79, 76, 62, 51, 47, 25, 42, 0, 1
100, 100, 49, 86, 17, 59, 0, 28, 18, 0, 76, 6, 61, 29, 7, 17, 6
26, 25, 23, 41, 62, 71, 100, 100, 88, 93, 55, 62, 24, 31, 0, 0, 1
0, 81, 34, 100, 62, 73, 54, 36, 39, 0, 12, 16, 50, 27, 100, 30, 7
43, 100, 10, 75, 0, 45, 46, 34, 100, 35, 93, 60, 88, 29, 78, 0, 4
0, 51, 8, 20, 40, 0, 78, 11, 100, 43, 95, 81, 61, 100, 27, 85, 0
67, 100, 24, 78, 0, 49, 0, 19, 44, 0, 100, 10, 65, 28, 10, 18, 6
84, 73, 83, 100, 33, 81, 67, 57, 100, 72, 100, 31, 64, 2, 0, 0, 9
72, 100, 32, 76, 5, 47, 0, 15, 47, 0, 100, 12, 59, 24, 3, 17, 6
0, 9, 42, 38, 73, 69, 100, 100, 88, 94, 73, 63, 73, 31, 81, 0, 1
20, 70, 39, 100, 100, 88, 67, 44, 30, 1, 64, 0, 22, 41, 0, 85, 8
3, 74, 33, 100, 81, 92, 51, 64, 85, 47, 100, 16, 53, 0, 0, 9, 3
14, 78, 44, 100, 63, 79, 41, 52, 13, 29, 0, 2, 50, 0, 100, 8, 2
49, 84, 49, 62, 48, 22, 7, 0, 0, 30, 9, 72, 53, 90, 100, 100, 5
12, 87, 58, 100, 77, 74, 43, 45, 5, 20, 0, 3, 55, 1, 100, 0, 2
53, 91, 19, 73, 0, 30, 23, 0, 67, 14, 100, 46, 90, 86, 48, 100, 0
0, 87, 47, 100, 96, 94, 100, 57, 77, 22, 49, 0, 26, 29, 76, 37, 7
69, 100, 39, 63, 0, 29, 35, 35, 100, 34, 98, 65, 79, 41, 73, 0, 4
0, 68, 45, 75, 80, 95, 100, 100, 98, 75, 96, 50, 92, 25, 88, 0, 1
15, 74, 23, 100, 72, 92, 53, 60, 75, 45, 100, 18, 55, 0, 0, 1, 3
0, 28, 35, 51, 67, 75, 100, 100, 96, 81, 77, 54, 58, 27, 46, 0, 1
20, 100, 5, 78, 0, 55, 64, 63, 100, 83, 81, 55, 61, 25, 45, 0, 4
30, 88, 76, 100, 100, 77, 62, 50, 53, 36, 94, 17, 51, 0, 0, 3, 3
32, 100, 6, 77, 0, 33, 30, 0, 81, 6, 100, 44, 76, 82, 26, 88, 0
35, 98, 60, 100, 47, 63, 25, 30, 0, 4, 34, 2, 68, 0, 100, 3, 2
81, 87, 30, 73, 32, 100, 81, 88, 91, 57, 100, 26, 79, 0, 0, 9, 9
71, 99, 55, 100, 0, 72, 29, 56, 100, 70, 73, 66, 35, 33, 6, 0, 4
100, 96, 66, 100, 26, 94, 43, 70, 87, 55, 76, 19, 33, 0, 0, 16, 5
37, 98, 2, 64, 48, 38, 17, 0, 0, 26, 2, 72, 38, 99, 100, 100, 5
45, 67, 19, 31, 48, 0, 85, 26, 100, 74, 69, 100, 28, 80, 0, 43, 0
0, 88, 35, 100, 69, 85, 62, 58, 66, 32, 100, 14, 74, 1, 31, 0, 3
0, 41, 47, 58, 92, 84, 100, 100, 84, 71, 71, 42, 66, 13, 74, 0, 1
46, 96, 57, 70, 78, 30, 37, 0, 1, 25, 0, 72, 40, 100, 100, 95, 5
56, 86, 39, 69, 100, 34, 59, 0, 0, 17, 53, 54, 95, 94, 22, 100, 8
19, 89, 60, 100, 54, 69, 47, 50, 100, 48, 99, 20, 54, 2, 0, 0, 3
75, 100, 32, 76, 9, 50, 0, 22, 37, 0, 100, 15, 89, 40, 39, 22, 6
42, 94, 12, 60, 56, 33, 33, 0, 0, 20, 13, 71, 48, 100, 100, 96, 5
0, 95, 21, 65, 86, 30, 54, 0, 14, 25, 68, 62, 100, 100, 0, 90, 8
100, 89, 80, 100, 41, 91, 47, 63, 70, 38, 77, 9, 40, 0, 0, 4, 5
19, 90, 57, 61, 96, 19, 17, 0, 2, 34, 81, 64, 100, 100, 0, 99, 8
7, 96, 59, 100, 100, 89, 65, 67, 71, 52, 92, 31, 52, 12, 0, 0, 3
12, 78, 50, 100, 79, 77, 44, 46, 1, 23, 0, 13, 53, 7, 100, 0, 2
23, 58, 66, 77, 100, 100, 95, 87, 81, 59, 71, 30, 52, 3, 0, 0, 1
0, 43, 46, 66, 73, 90, 79, 100, 81, 74, 85, 49, 88, 24, 100, 0, 1
64, 99, 23, 76, 61, 60, 57, 21, 0, 0, 9, 50, 38, 94, 100, 100, 5
0, 70, 46, 81, 100, 100, 88, 88, 81, 66, 77, 43, 68, 22, 63, 0, 1
49, 97, 23, 67, 72, 36, 35, 0, 0, 20, 4, 69, 32, 96, 100, 100, 5
54, 98, 14, 71, 0, 23, 40, 0, 86, 22, 100, 69, 64, 100, 18, 86, 0
60, 100, 25, 75, 0, 48, 27, 26, 100, 28, 84, 55, 69, 28, 52, 0, 4
0, 100, 38, 100, 65, 72, 60, 36, 52, 0, 40, 17, 46, 41, 100, 45, 7
53, 100, 35, 93, 6, 61, 0, 28, 36, 0, 96, 12, 100, 42, 37, 28, 6
100, 100, 46, 87, 8, 60, 0, 26, 33, 0, 85, 8, 64, 35, 8, 30, 6
55, 100, 7, 78, 0, 47, 83, 43, 100, 77, 84, 64, 48, 32, 13, 0, 4
35, 100, 5, 67, 0, 26, 38, 0, 88, 14, 100, 53, 68, 87, 17, 84, 0
0, 43, 32, 61, 68, 82, 100, 100, 85, 75, 66, 49, 45, 24, 25, 0, 1
2, 20, 44, 53, 63, 100, 14, 98, 53, 59, 100, 25, 57, 0, 0, 13, 8
34, 100, 2, 61, 0, 15, 45, 0, 88, 25, 100, 70, 57, 92, 19, 67, 0
10, 100, 16, 77, 0, 39, 37, 18, 94, 22, 100, 50, 99, 39, 93, 0, 4
4, 94, 7, 42, 35, 0, 82, 11, 100, 58, 73, 100, 25, 93, 0, 49, 0
32, 87, 26, 62, 65, 29, 45, 0, 19, 35, 0, 75, 30, 100, 100, 100, 5
0, 82, 42, 100, 73, 100, 63, 58, 52, 16, 19, 8, 50, 3, 100, 0, 1
100, 94, 62, 100, 21, 79, 18, 44, 68, 51, 86, 21, 46, 0, 0, 10, 5
72, 100, 2, 77, 59, 36, 100, 0, 0, 7, 31, 52, 100, 92, 22, 91, 8
26, 91, 70, 100, 86, 75, 49, 52, 11, 29, 0, 3, 49, 0, 100, 3, 2
63, 85, 26, 59, 64, 42, 53, 0, 0, 1, 22, 44, 46, 87, 100, 100, 5
0, 56, 34, 68, 69, 83, 100, 100, 97, 75, 87, 50, 78, 24, 76, 0, 1
100, 100, 50, 85, 16, 58, 4, 25, 34, 0, 80, 15, 40, 27, 0, 6, 6
10, 81, 37, 100, 56, 62, 44, 21, 0, 13, 35, 25, 75, 0, 100, 30, 2
95, 100, 66, 81, 31, 52, 12, 18, 53, 0, 100, 18, 56, 35, 0, 28, 6
44, 86, 14, 77, 0, 34, 28, 1, 70, 0, 100, 33, 85, 76, 48, 100, 0
0, 96, 45, 100, 56, 68, 51, 33, 48, 0, 29, 32, 50, 50, 100, 52, 7
100, 70, 46, 94, 32, 51, 87, 9, 0, 0, 38, 46, 80, 91, 19, 100, 8
42, 100, 0, 66, 61, 57, 64, 12, 19, 0, 15, 47, 30, 90, 100, 96, 5
25, 100, 58, 96, 81, 69, 54, 34, 29, 0, 0, 34, 48, 44, 100, 48, 7
67, 100, 25, 81, 0, 49, 0, 15, 51, 0, 100, 20, 63, 40, 9, 26, 6
28, 49, 35, 93, 100, 100, 81, 54, 41, 13, 52, 0, 66, 45, 0, 63, 8
38, 100, 7, 91, 0, 62, 33, 40, 91, 48, 100, 54, 69, 28, 56, 0, 4
68, 76, 75, 100, 33, 82, 78, 74, 75, 55, 100, 23, 55, 4, 0, 0, 9
0, 85, 34, 100, 68, 86, 61, 55, 31, 31, 20, 9, 61, 4, 100, 0, 2
0, 42, 44, 55, 76, 78, 100, 100, 80, 74, 61, 47, 43, 21, 27, 0, 1
63, 100, 41, 63, 0, 36, 88, 40, 100, 63, 72, 78, 76, 39, 82, 0, 4
0, 82, 35, 100, 78, 74, 71, 36, 48, 0, 27, 16, 34, 40, 100, 42, 7
2, 90, 0, 63, 39, 52, 60, 6, 23, 0, 15, 64, 43, 99, 100, 100, 5
26, 77, 12, 100, 0, 62, 57, 45, 100, 60, 68, 77, 50, 39, 41, 0, 4
0, 21, 49, 57, 79, 100, 15, 81, 45, 44, 100, 15, 29, 0, 5, 25, 8
33, 79, 75, 100, 99, 75, 71, 45, 24, 25, 0, 29, 55, 21, 100, 0, 2
9, 89, 54, 100, 74, 74, 56, 44, 25, 18, 0, 3, 50, 5, 100, 0, 2
21, 99, 0, 60, 3, 17, 50, 0, 94, 25, 100, 68, 64, 100, 15, 90, 0
100, 69, 76, 100, 13, 91, 12, 65, 76, 76, 84, 43, 60, 9, 0, 0, 9
0, 82, 43, 100, 100, 91, 83, 65, 48, 42, 9, 18, 5, 0, 72, 4, 2
0, 38, 32, 51, 64, 75, 93, 100, 100, 97, 91, 64, 83, 32, 75, 0, 1
9, 96, 13, 59, 76, 45, 60, 0, 3, 12, 0, 63, 24, 100, 100, 100, 5
0, 97, 38, 100, 89, 75, 59, 37, 25, 0, 8, 12, 29, 41, 100, 39, 7
0, 27, 16, 50, 49, 74, 82, 98, 100, 100, 78, 67, 56, 35, 44, 0, 1
33, 57, 50, 75, 97, 98, 100, 100, 70, 75, 40, 50, 13, 25, 0, 0, 1
6, 90, 0, 52, 38, 29, 8, 0, 2, 34, 13, 78, 52, 96, 100, 100, 5
43, 92, 100, 100, 85, 97, 19, 90, 55, 66, 90, 37, 64, 8, 0, 0, 5
24, 75, 24, 100, 70, 81, 60, 48, 65, 41, 100, 16, 49, 0, 0, 20, 3
84, 100, 38, 77, 8, 50, 0, 22, 40, 0, 100, 9, 54, 25, 2, 13, 6
36, 100, 21, 66, 0, 31, 20, 24, 93, 22, 100, 45, 80, 35, 81, 0, 4
100, 91, 69, 100, 53, 63, 85, 70, 90, 63, 80, 23, 44, 0, 0, 7, 9
100, 99, 89, 100, 46, 75, 15, 48, 0, 20, 43, 0, 96, 10, 24, 22, 6
0, 89, 38, 100, 65, 85, 55, 60, 69, 37, 100, 18, 81, 0, 45, 1, 3
69, 100, 31, 77, 7, 50, 0, 23, 31, 0, 100, 2, 94, 24, 33, 21, 6
83, 100, 49, 77, 19, 49, 3, 20, 39, 0, 100, 12, 65, 31, 0, 26, 6
65, 84, 31, 100, 0, 63, 15, 16, 62, 0, 100, 30, 89, 78, 44, 94, 0
71, 72, 33, 76, 24, 98, 78, 100, 100, 73, 78, 43, 41, 19, 0, 0, 9
12, 100, 0, 62, 11, 19, 49, 0, 88, 19, 100, 60, 72, 93, 30, 92, 0
79, 90, 61, 100, 26, 73, 44, 60, 97, 50, 100, 17, 51, 0, 0, 8, 5
100, 100, 61, 91, 27, 68, 0, 39, 0, 2, 40, 0, 54, 27, 15, 20, 6
23, 71, 41, 100, 88, 93, 64, 60, 99, 43, 100, 9, 50, 0, 0, 12, 3
42, 100, 34, 75, 0, 48, 3, 42, 58, 38, 100, 53, 85, 33, 71, 0, 4
78, 100, 62, 97, 36, 63, 29, 24, 65, 0, 100, 23, 52, 37, 0, 26, 6
25, 67, 79, 49, 100, 13, 51, 0, 54, 37, 78, 73, 61, 100, 0, 79, 8
21, 85, 1, 41, 23, 1, 75, 0, 100, 39, 78, 83, 31, 100, 0, 64, 0
51, 91, 5, 86, 0, 43, 22, 0, 8, 24, 50, 61, 100, 93, 45, 100, 8
4, 89, 43, 100, 63, 79, 28, 55, 63, 41, 100, 25, 53, 9, 0, 0, 3
0, 75, 20, 97, 53, 100, 71, 77, 49, 46, 35, 14, 66, 2, 100, 0, 2
15, 72, 73, 100, 77, 98, 73, 60, 69, 22, 29, 0, 0, 5, 100, 3, 1
22, 89, 69, 100, 82, 76, 61, 49, 100, 36, 93, 10, 42, 0, 0, 8, 3
73, 95, 7, 76, 78, 40, 100, 2, 0, 0, 37, 41, 82, 82, 51, 100, 8
0, 48, 36, 63, 68, 84, 100, 100, 86, 75, 72, 50, 58, 24, 55, 0, 1
70, 77, 30, 69, 0, 81, 44, 100, 79, 82, 80, 54, 80, 26, 100, 0, 9
87, 80, 54, 100, 24, 68, 61, 34, 37, 0, 0, 19, 52, 48, 100, 80, 8
0, 61, 7, 11, 49, 0, 87, 28, 100, 78, 62, 100, 25, 72, 16, 20, 0
57, 94, 18, 85, 4, 37, 39, 0, 94, 17, 100, 65, 60, 100, 0, 99, 0
98, 100, 36, 99, 0, 69, 30, 52, 89, 49, 100, 4, 42, 0, 9, 36, 5
100, 100, 58, 89, 34, 55, 25, 18, 58, 0, 79, 32, 39, 48, 0, 27, 6
100, 81, 56, 100, 12, 79, 0, 33, 30, 0, 78, 14, 94, 58, 66, 93, 0
8, 66, 9, 100, 45, 88, 37, 49, 0, 22, 20, 22, 66, 0, 100, 25, 2
25, 100, 7, 82, 0, 46, 56, 28, 100, 55, 99, 73, 75, 37, 66, 0, 4
17, 85, 18, 100, 46, 70, 39, 35, 0, 14, 34, 8, 88, 0, 100, 23, 2
11, 78, 0, 36, 25, 0, 68, 5, 100, 37, 96, 83, 57, 100, 20, 80, 0
62, 83, 21, 69, 0, 33, 25, 1, 68, 0, 100, 29, 97, 70, 67, 100, 0
0, 91, 55, 100, 71, 69, 62, 33, 64, 0, 22, 27, 36, 40, 100, 40, 7
0, 85, 50, 100, 88, 73, 66, 35, 29, 0, 5, 5, 41, 38, 100, 52, 7
19, 100, 84, 89, 84, 59, 63, 29, 37, 0, 0, 9, 16, 32, 100, 31, 7
10, 89, 0, 45, 20, 4, 65, 0, 99, 31, 100, 75, 61, 100, 16, 85, 0
0, 98, 53, 100, 88, 82, 63, 40, 33, 0, 36, 6, 39, 43, 100, 47, 7
0, 87, 38, 100, 74, 83, 74, 40, 55, 0, 32, 34, 60, 45, 100, 55, 7
0, 82, 28, 100, 62, 87, 54, 54, 27, 28, 22, 10, 61, 4, 100, 0, 2
34, 91, 100, 100, 71, 96, 18, 75, 38, 60, 89, 46, 61, 16, 0, 0, 5
1, 98, 52, 100, 69, 65, 50, 23, 29, 0, 0, 37, 47, 42, 100, 43, 7
30, 92, 57, 71, 81, 97, 0, 100, 25, 77, 100, 69, 77, 26, 31, 0, 9
0, 80, 24, 100, 46, 69, 47, 30, 47, 0, 19, 30, 58, 36, 100, 38, 7
96, 100, 44, 85, 14, 53, 7, 18, 57, 0, 100, 19, 57, 40, 0, 28, 6
96, 100, 14, 91, 42, 75, 45, 96, 0, 67, 100, 82, 54, 43, 18, 0, 9
0, 100, 67, 98, 87, 83, 57, 43, 35, 0, 9, 25, 32, 45, 100, 45, 7
49, 83, 11, 70, 0, 24, 39, 0, 89, 20, 100, 62, 69, 100, 35, 79, 0
42, 82, 80, 100, 100, 82, 70, 58, 32, 37, 0, 14, 39, 0, 100, 1, 2
10, 64, 29, 100, 60, 90, 46, 52, 19, 18, 0, 8, 50, 5, 100, 0, 2
73, 100, 12, 90, 0, 55, 65, 61, 100, 71, 99, 32, 65, 0, 3, 6, 9
100, 86, 71, 100, 58, 70, 93, 86, 76, 70, 69, 27, 40, 0, 0, 1, 9
0, 68, 27, 100, 28, 81, 25, 40, 19, 0, 1, 0, 50, 3, 100, 6, 1
33, 89, 74, 100, 93, 81, 54, 60, 74, 38, 100, 16, 56, 0, 0, 0, 3
0, 0, 44, 16, 80, 41, 100, 70, 86, 100, 38, 95, 33, 68, 83, 59, 9
0, 64, 41, 68, 79, 87, 100, 100, 87, 75, 76, 49, 65, 24, 57, 0, 1
29, 100, 20, 62, 100, 96, 15, 96, 14, 51, 25, 0, 90, 47, 0, 44, 8
61, 100, 18, 82, 0, 41, 15, 0, 72, 8, 100, 47, 100, 90, 50, 82, 0
16, 71, 29, 100, 61, 81, 52, 44, 24, 12, 0, 2, 50, 5, 100, 0, 2
0, 96, 50, 100, 97, 86, 86, 51, 59, 18, 46, 0, 47, 32, 100, 42, 7
88, 76, 52, 100, 33, 78, 82, 79, 93, 49, 100, 12, 53, 0, 0, 0, 9
30, 82, 8, 69, 36, 30, 2, 0, 0, 36, 14, 84, 54, 100, 100, 97, 5
0, 87, 49, 100, 100, 90, 83, 46, 77, 0, 65, 4, 41, 32, 97, 40, 7
0, 97, 62, 100, 100, 81, 81, 48, 55, 17, 26, 0, 10, 27, 73, 33, 7
20, 100, 79, 93, 60, 94, 20, 73, 55, 55, 100, 29, 53, 0, 0, 14, 5
77, 97, 13, 85, 62, 41, 100, 0, 24, 11, 48, 63, 72, 100, 0, 76, 8
100, 100, 81, 99, 48, 74, 19, 47, 0, 15, 30, 0, 51, 25, 8, 29, 6
60, 100, 28, 88, 7, 59, 0, 28, 33, 2, 100, 0, 87, 15, 22, 4, 6
2, 61, 0, 8, 41, 0, 77, 31, 100, 80, 67, 100, 30, 69, 11, 20, 0
38, 100, 1, 70, 0, 27, 40, 0, 88, 17, 100, 59, 66, 90, 17, 76, 0
46, 100, 1, 69, 0, 33, 64, 29, 100, 42, 75, 84, 65, 46, 62, 0, 4
37, 100, 0, 81, 21, 53, 100, 56, 92, 89, 56, 64, 37, 32, 18, 0, 4
37, 78, 60, 100, 81, 75, 63, 46, 29, 24, 0, 1, 50, 0, 100, 4, 2
6, 27, 47, 57, 62, 100, 8, 91, 48, 56, 100, 25, 51, 0, 0, 22, 8
30, 90, 0, 53, 1, 11, 55, 0, 99, 28, 100, 70, 63, 100, 18, 75, 0
77, 97, 63, 73, 91, 32, 54, 0, 0, 24, 49, 54, 100, 86, 46, 100, 8
67, 73, 41, 100, 16, 67, 73, 34, 78, 0, 0, 10, 35, 47, 100, 77, 8
48, 100, 21, 80, 0, 50, 37, 36, 100, 37, 95, 61, 95, 30, 96, 0, 4
0, 41, 31, 62, 64, 81, 99, 100, 100, 77, 84, 50, 65, 24, 58, 0, 1
52, 76, 72, 100, 100, 81, 71, 52, 94, 35, 97, 6, 48, 0, 0, 5, 3
22, 94, 26, 62, 64, 31, 34, 0, 0, 27, 5, 72, 41, 100, 100, 97, 5
68, 82, 100, 100, 99, 91, 68, 75, 95, 48, 80, 21, 41, 7, 0, 0, 5
0, 77, 49, 100, 100, 74, 85, 37, 58, 0, 93, 13, 69, 48, 5, 74, 8
10, 79, 21, 59, 36, 16, 0, 0, 2, 46, 11, 94, 55, 100, 100, 86, 5
100, 72, 43, 78, 0, 91, 50, 100, 54, 75, 40, 50, 30, 25, 29, 0, 9
57, 82, 81, 100, 84, 78, 57, 57, 100, 51, 86, 20, 47, 2, 0, 0, 3
76, 81, 25, 100, 35, 64, 94, 31, 75, 0, 0, 22, 28, 58, 100, 88, 8
0, 54, 4, 100, 43, 98, 36, 48, 10, 6, 11, 2, 56, 9, 100, 0, 2
0, 49, 53, 74, 95, 100, 88, 94, 74, 65, 72, 37, 82, 9, 100, 0, 1
0, 33, 66, 60, 100, 100, 48, 78, 84, 37, 52, 0, 30, 32, 85, 68, 8
9, 90, 0, 100, 60, 100, 100, 85, 87, 63, 60, 42, 31, 22, 17, 0, 7
11, 100, 0, 78, 0, 56, 39, 40, 100, 50, 91, 43, 75, 22, 80, 0, 4
0, 80, 34, 100, 86, 100, 83, 73, 51, 50, 100, 37, 85, 12, 36, 0, 3
1, 97, 68, 98, 39, 100, 21, 63, 55, 50, 100, 25, 46, 0, 0, 19, 5
100, 86, 70, 100, 45, 64, 83, 64, 98, 70, 96, 30, 62, 1, 0, 0, 9
0, 69, 28, 100, 100, 97, 77, 55, 40, 15, 86, 0, 38, 33, 9, 72, 8
72, 100, 11, 75, 0, 44, 87, 50, 100, 68, 59, 96, 49, 48, 54, 0, 4
0, 41, 73, 63, 100, 87, 86, 100, 73, 75, 64, 50, 64, 25, 77, 0, 1
35, 92, 12, 47, 21, 0, 71, 8, 100, 48, 82, 94, 32, 100, 0, 66, 0
0, 69, 60, 82, 100, 100, 90, 79, 81, 58, 69, 37, 67, 16, 69, 0, 1
56, 66, 100, 94, 44, 100, 35, 64, 63, 29, 37, 0, 0, 22, 42, 54, 8
0, 93, 57, 100, 100, 84, 89, 45, 82, 5, 63, 0, 39, 26, 100, 35, 7
97, 100, 54, 83, 0, 48, 3, 10, 84, 0, 100, 39, 14, 51, 8, 18, 6
0, 92, 38, 100, 87, 93, 70, 71, 72, 47, 100, 22, 64, 3, 15, 0, 3
1, 72, 34, 100, 60, 84, 43, 46, 13, 13, 0, 0, 54, 2, 100, 4, 2
68, 87, 73, 77, 84, 100, 51, 84, 98, 58, 100, 16, 46, 0, 0, 6, 9
59, 79, 35, 73, 72, 36, 35, 0, 5, 24, 0, 70, 32, 100, 100, 97, 5
0, 82, 42, 100, 100, 90, 86, 62, 46, 39, 1, 17, 26, 1, 93, 0, 2
47, 73, 61, 100, 100, 83, 79, 52, 96, 38, 90, 6, 43, 0, 0, 17, 3
0, 97, 44, 99, 100, 100, 94, 98, 68, 75, 56, 50, 52, 25, 54, 0, 7
63, 100, 29, 83, 10, 50, 19, 16, 67, 0, 100, 19, 48, 31, 0, 19, 6
0, 65, 16, 93, 49, 100, 65, 77, 48, 45, 36, 11, 66, 0, 100, 1, 2
100, 100, 55, 79, 22, 55, 0, 27, 14, 0, 61, 13, 53, 39, 2, 37, 6
78, 86, 61, 100, 0, 100, 7, 64, 62, 51, 100, 25, 63, 0, 7, 5, 5
45, 100, 42, 79, 11, 45, 0, 7, 62, 0, 100, 23, 41, 35, 33, 11, 6
1, 92, 38, 100, 52, 72, 29, 41, 0, 14, 9, 0, 54, 3, 100, 5, 2
19, 78, 0, 40, 9, 0, 64, 6, 99, 38, 100, 80, 54, 100, 2, 86, 0
8, 86, 6, 55, 60, 35, 41, 0, 11, 27, 0, 74, 41, 89, 100, 100, 5
51, 91, 23, 71, 52, 35, 13, 0, 0, 30, 5, 81, 43, 100, 100, 95, 5
59, 99, 8, 100, 24, 58, 81, 28, 57, 0, 0, 25, 39, 64, 100, 93, 8
31, 94, 85, 100, 100, 77, 78, 49, 59, 21, 43, 0, 0, 19, 51, 25, 7
58, 86, 82, 100, 100, 80, 73, 60, 84, 36, 75, 16, 37, 9, 0, 0, 3
100, 73, 56, 100, 3, 72, 55, 37, 80, 0, 0, 3, 27, 41, 95, 70, 8
97, 98, 19, 80, 100, 57, 69, 100, 45, 50, 0, 19, 73, 0, 31, 43, 8
49, 74, 56, 100, 76, 75, 50, 37, 14, 6, 0, 8, 50, 9, 100, 0, 2
46, 92, 77, 100, 100, 97, 56, 90, 50, 55, 81, 33, 41, 12, 0, 0, 5
18, 64, 42, 100, 96, 86, 59, 56, 78, 48, 100, 14, 41, 0, 0, 20, 3
0, 51, 25, 74, 49, 100, 49, 81, 52, 54, 56, 28, 68, 2, 100, 0, 1
27, 50, 79, 68, 100, 100, 46, 85, 42, 42, 51, 1, 0, 0, 35, 33, 8
44, 89, 97, 100, 76, 93, 36, 67, 88, 60, 100, 29, 57, 6, 0, 0, 5
17, 100, 79, 92, 100, 76, 72, 44, 49, 10, 24, 0, 0, 31, 71, 33, 7
62, 100, 55, 95, 22, 70, 0, 43, 57, 37, 100, 56, 85, 29, 77, 0, 4
45, 59, 99, 66, 100, 100, 7, 94, 0, 64, 96, 66, 78, 37, 54, 0, 9
20, 82, 11, 97, 93, 100, 100, 76, 61, 52, 11, 30, 0, 7, 85, 0, 2
46, 100, 16, 86, 0, 42, 100, 52, 68, 79, 54, 98, 56, 49, 61, 0, 4
0, 38, 29, 61, 63, 80, 95, 100, 100, 87, 81, 59, 62, 29, 47, 0, 1
65, 100, 22, 75, 0, 36, 22, 0, 73, 8, 100, 45, 84, 86, 37, 99, 0
0, 95, 53, 100, 81, 67, 61, 24, 49, 0, 7, 29, 42, 42, 100, 43, 7
38, 100, 1, 75, 0, 29, 36, 0, 80, 14, 100, 56, 79, 97, 37, 94, 0
98, 100, 31, 97, 48, 60, 72, 23, 16, 0, 0, 30, 47, 62, 100, 92, 8
0, 96, 26, 100, 76, 100, 100, 99, 64, 80, 47, 54, 40, 26, 39, 0, 7
0, 39, 62, 67, 86, 100, 6, 87, 38, 54, 100, 26, 72, 0, 1, 17, 8
60, 97, 4, 83, 62, 44, 93, 1, 12, 0, 0, 46, 11, 94, 100, 100, 5
10, 82, 15, 51, 70, 36, 54, 0, 20, 28, 0, 73, 42, 91, 100, 100, 5
14, 78, 38, 100, 82, 81, 69, 46, 24, 24, 0, 30, 54, 21, 100, 0, 2
0, 92, 45, 100, 53, 68, 40, 33, 31, 0, 5, 32, 47, 43, 100, 45, 7
100, 100, 66, 86, 41, 58, 24, 29, 27, 0, 79, 2, 56, 21, 0, 26, 6
27, 99, 2, 62, 0, 21, 39, 0, 86, 17, 100, 55, 80, 93, 33, 100, 0
0, 92, 35, 100, 80, 99, 70, 53, 55, 0, 35, 13, 56, 31, 100, 32, 7
44, 83, 58, 67, 66, 100, 35, 78, 93, 79, 100, 33, 59, 0, 0, 28, 9
54, 100, 0, 78, 47, 62, 63, 20, 13, 0, 18, 49, 40, 95, 100, 95, 5
48, 100, 4, 73, 0, 42, 71, 34, 100, 60, 95, 72, 58, 36, 29, 0, 4
35, 94, 0, 66, 51, 54, 48, 13, 1, 0, 17, 47, 35, 94, 100, 100, 5
32, 88, 65, 100, 83, 76, 50, 55, 94, 38, 100, 12, 52, 0, 0, 1, 3
12, 74, 66, 73, 100, 100, 39, 96, 0, 68, 62, 70, 49, 40, 27, 0, 9
0, 37, 28, 55, 62, 79, 100, 100, 98, 84, 84, 55, 76, 26, 67, 0, 1
21, 100, 7, 51, 37, 89, 39, 87, 44, 20, 0, 0, 30, 2, 100, 7, 1
53, 100, 36, 91, 15, 55, 10, 17, 61, 0, 100, 21, 59, 50, 0, 61, 6
83, 63, 48, 100, 0, 76, 61, 40, 82, 0, 3, 9, 38, 55, 100, 91, 8
59, 55, 100, 80, 66, 100, 9, 89, 0, 63, 58, 55, 82, 33, 62, 0, 9
93, 71, 0, 76, 15, 92, 95, 100, 100, 75, 93, 50, 88, 25, 83, 0, 9
56, 100, 11, 85, 0, 39, 28, 0, 80, 4, 100, 47, 83, 90, 32, 92, 0
63, 100, 31, 82, 0, 52, 36, 29, 100, 45, 99, 59, 59, 30, 28, 0, 4
26, 100, 0, 70, 16, 41, 69, 42, 100, 70, 92, 63, 71, 31, 49, 0, 4
30, 96, 0, 64, 10, 23, 50, 0, 89, 25, 100, 65, 76, 100, 25, 96, 0
39, 83, 58, 100, 100, 90, 80, 63, 94, 37, 80, 9, 35, 0, 0, 17, 3
100, 84, 49, 78, 79, 39, 84, 0, 0, 13, 37, 50, 93, 85, 18, 100, 8
100, 100, 55, 86, 18, 60, 0, 28, 26, 0, 79, 14, 63, 42, 10, 41, 6
56, 100, 30, 57, 0, 34, 56, 40, 100, 49, 88, 86, 62, 43, 40, 0, 4
10, 100, 0, 76, 21, 48, 81, 52, 100, 73, 88, 65, 86, 32, 88, 0, 4
28, 100, 13, 76, 0, 47, 59, 38, 100, 60, 92, 58, 79, 28, 65, 0, 4
38, 100, 11, 71, 0, 30, 33, 0, 82, 5, 100, 43, 76, 79, 28, 88, 0
0, 61, 42, 78, 81, 98, 100, 100, 84, 74, 72, 49, 65, 23, 65, 0, 1
100, 84, 92, 100, 40, 74, 1, 40, 6, 0, 67, 3, 58, 39, 0, 43, 6
0, 87, 6, 97, 64, 100, 100, 93, 71, 72, 50, 49, 34, 25, 30, 0, 7
0, 71, 40, 91, 85, 100, 92, 75, 68, 48, 100, 22, 70, 3, 22, 0, 3
100, 100, 50, 100, 34, 60, 69, 25, 43, 0, 0, 18, 27, 58, 65, 92, 8
80, 100, 28, 96, 0, 20, 52, 0, 100, 65, 61, 94, 57, 68, 32, 30, 0
100, 100, 67, 90, 33, 75, 25, 60, 0, 45, 0, 30, 0, 15, 0, 0, 1
0, 44, 29, 62, 66, 80, 100, 100, 79, 78, 59, 52, 40, 26, 25, 0, 1
100, 100, 54, 80, 25, 54, 0, 29, 0, 2, 75, 0, 89, 18, 19, 31, 6
100, 97, 69, 100, 39, 86, 59, 62, 78, 36, 63, 9, 30, 2, 0, 0, 5
55, 100, 19, 75, 0, 50, 71, 58, 100, 75, 62, 82, 40, 41, 20, 0, 4
33, 89, 63, 100, 58, 50, 35, 10, 0, 9, 31, 27, 65, 4, 100, 0, 2
5, 92, 82, 100, 100, 67, 57, 32, 12, 0, 80, 11, 70, 46, 0, 66, 8
46, 100, 11, 69, 0, 24, 35, 0, 81, 14, 100, 53, 62, 80, 17, 72, 0
0, 53, 48, 77, 100, 100, 89, 83, 77, 58, 64, 33, 57, 8, 95, 0, 1
55, 100, 33, 62, 0, 26, 33, 27, 92, 39, 100, 77, 95, 39, 86, 0, 4
0, 87, 39, 100, 73, 81, 68, 38, 47, 0, 22, 35, 59, 52, 100, 64, 7
24, 100, 77, 93, 100, 72, 71, 48, 46, 23, 28, 0, 0, 24, 31, 35, 7
60, 62, 92, 72, 100, 100, 30, 82, 0, 54, 73, 68, 73, 40, 51, 0, 9
93, 77, 51, 100, 3, 77, 0, 32, 39, 0, 90, 20, 100, 63, 54, 84, 0
43, 100, 28, 75, 0, 45, 26, 26, 95, 32, 100, 60, 75, 32, 59, 0, 4
100, 100, 56, 93, 21, 63, 0, 31, 19, 0, 79, 6, 77, 37, 17, 29, 6
0, 83, 50, 100, 92, 75, 66, 38, 36, 0, 34, 6, 28, 34, 100, 36, 7
100, 100, 54, 99, 15, 80, 20, 47, 64, 56, 80, 24, 46, 0, 0, 2, 5
46, 89, 79, 100, 85, 73, 67, 61, 100, 40, 76, 12, 27, 0, 0, 22, 3
22, 100, 0, 54, 18, 10, 100, 14, 94, 56, 63, 100, 59, 50, 60, 0, 4
2, 81, 13, 51, 61, 43, 41, 0, 12, 25, 0, 72, 45, 91, 100, 100, 5
0, 85, 31, 100, 60, 91, 54, 51, 33, 18, 33, 0, 66, 3, 100, 6, 2
6, 100, 0, 68, 37, 50, 90, 51, 100, 89, 79, 84, 58, 43, 48, 0, 4
25, 79, 5, 36, 32, 0, 75, 19, 100, 60, 81, 100, 35, 94, 0, 62, 0
100, 100, 76, 97, 44, 70, 16, 40, 0, 6, 34, 0, 43, 31, 9, 32, 6
0, 100, 18, 93, 9, 56, 51, 32, 100, 53, 84, 74, 70, 37, 64, 0, 4
77, 100, 42, 79, 14, 57, 0, 33, 16, 9, 77, 0, 100, 17, 42, 21, 6
35, 90, 43, 61, 62, 25, 21, 0, 0, 19, 17, 59, 46, 93, 100, 100, 5
58, 54, 98, 85, 96, 100, 79, 64, 52, 27, 0, 0, 10, 3, 100, 5, 1
100, 100, 68, 87, 40, 61, 12, 34, 0, 5, 42, 0, 59, 20, 8, 15, 6
32, 90, 74, 100, 82, 58, 50, 23, 3, 4, 0, 18, 52, 17, 100, 0, 2
12, 96, 3, 66, 76, 40, 64, 0, 16, 17, 0, 60, 7, 98, 100, 100, 5
74, 78, 51, 100, 0, 80, 44, 62, 100, 84, 98, 62, 92, 28, 92, 0, 9
58, 58, 100, 94, 45, 100, 41, 59, 72, 20, 10, 0, 0, 31, 67, 57, 8
60, 100, 25, 76, 1, 49, 0, 21, 42, 0, 100, 7, 62, 18, 5, 6, 6
51, 75, 45, 31, 71, 0, 100, 24, 96, 71, 66, 100, 30, 91, 0, 63, 0
21, 64, 55, 29, 7, 0, 0, 32, 55, 65, 100, 100, 20, 93, 12, 57, 8
100, 80, 48, 72, 0, 81, 34, 100, 66, 83, 63, 55, 54, 27, 54, 0, 9
12, 100, 6, 77, 0, 50, 37, 37, 94, 44, 87, 53, 92, 26, 100, 0, 4
0, 95, 63, 100, 95, 85, 75, 43, 64, 0, 33, 14, 35, 43, 100, 51, 7
31, 100, 0, 64, 1, 16, 43, 0, 83, 25, 100, 71, 65, 98, 20, 84, 0
100, 100, 77, 81, 48, 56, 23, 30, 25, 3, 81, 0, 58, 22, 0, 28, 6
13, 71, 0, 35, 19, 0, 67, 8, 100, 38, 96, 78, 55, 100, 14, 82, 0
45, 81, 54, 100, 100, 90, 85, 59, 87, 31, 83, 2, 35, 0, 0, 19, 3
0, 88, 47, 100, 100, 94, 97, 62, 75, 31, 52, 0, 38, 22, 58, 43, 7
94, 72, 56, 72, 39, 95, 88, 100, 100, 73, 71, 46, 37, 22, 0, 0, 9
80, 84, 11, 100, 19, 64, 100, 35, 88, 0, 0, 15, 42, 52, 99, 88, 8
0, 98, 20, 99, 64, 100, 100, 88, 92, 64, 67, 43, 41, 22, 22, 0, 7
16, 96, 0, 59, 34, 22, 100, 30, 74, 77, 49, 100, 46, 50, 40, 0, 4
88, 100, 37, 88, 45, 60, 97, 79, 100, 78, 89, 40, 56, 8, 0, 0, 9
17, 87, 0, 65, 46, 54, 63, 11, 18, 0, 19, 55, 33, 99, 100, 100, 5
76, 76, 39, 100, 0, 76, 41, 39, 73, 0, 17, 7, 35, 47, 100, 69, 8
29, 100, 18, 97, 9, 62, 0, 31, 71, 35, 100, 54, 94, 35, 89, 0, 4
55, 65, 100, 86, 57, 100, 0, 83, 40, 68, 91, 54, 62, 26, 29, 0, 9
4, 66, 27, 100, 47, 73, 29, 30, 0, 3, 31, 5, 65, 3, 100, 0, 2
86, 98, 19, 85, 47, 41, 74, 0, 0, 10, 42, 49, 100, 84, 51, 100, 8
70, 100, 51, 76, 18, 49, 0, 36, 53, 41, 100, 44, 90, 34, 84, 0, 4
41, 90, 0, 68, 9, 9, 57, 0, 100, 30, 91, 84, 45, 100, 5, 73, 0
23, 90, 43, 48, 38, 0, 5, 3, 0, 56, 23, 86, 60, 98, 100, 100, 5
0, 100, 24, 100, 63, 99, 100, 93, 81, 69, 57, 44, 39, 18, 32, 0, 7
0, 40, 15, 64, 51, 87, 83, 100, 75, 75, 74, 50, 81, 25, 100, 0, 1
13, 57, 3, 18, 40, 0, 81, 28, 100, 66, 81, 100, 31, 85, 0, 54, 0
7, 72, 1, 38, 31, 0, 82, 11, 100, 56, 76, 99, 26, 100, 0, 58, 0
0, 74, 16, 100, 35, 79, 20, 48, 1, 18, 19, 0, 60, 2, 100, 11, 2
6, 99, 77, 100, 88, 68, 62, 35, 52, 0, 0, 22, 26, 31, 100, 25, 7
0, 80, 35, 100, 50, 61, 33, 16, 10, 0, 18, 28, 59, 39, 100, 53, 7
0, 51, 37, 61, 71, 79, 100, 100, 97, 80, 87, 53, 76, 25, 71, 0, 1
100, 100, 52, 80, 16, 50, 0, 17, 48, 0, 97, 18, 69, 45, 16, 37, 6
0, 88, 48, 100, 78, 77, 43, 51, 55, 41, 100, 22, 67, 0, 16, 7, 3
16, 87, 45, 100, 93, 94, 64, 71, 85, 49, 100, 25, 53, 10, 0, 0, 3
35, 92, 21, 64, 66, 36, 37, 0, 0, 15, 10, 69, 46, 100, 100, 100, 5
0, 82, 32, 100, 69, 84, 47, 58, 82, 46, 100, 21, 66, 0, 13, 1, 3
0, 82, 36, 100, 83, 88, 64, 62, 83, 48, 100, 16, 57, 0, 14, 13, 3
18, 76, 37, 100, 77, 79, 61, 39, 22, 10, 0, 24, 53, 19, 100, 0, 2
88, 100, 26, 93, 38, 69, 100, 88, 93, 83, 91, 51, 57, 22, 0, 0, 9
63, 98, 8, 83, 73, 43, 100, 0, 0, 5, 35, 49, 97, 90, 13, 100, 8
34, 100, 0, 76, 0, 35, 32, 1, 85, 0, 100, 38, 85, 77, 36, 84, 0
12, 82, 34, 45, 49, 0, 18, 2, 0, 48, 4, 89, 51, 100, 100, 99, 5
31, 100, 0, 78, 7, 28, 51, 0, 96, 14, 100, 64, 58, 89, 29, 55, 0
61, 100, 29, 76, 4, 52, 0, 28, 46, 8, 100, 29, 71, 23, 82, 0, 4
67, 100, 58, 96, 29, 69, 0, 42, 29, 25, 92, 35, 100, 26, 79, 0, 4
47, 100, 36, 69, 0, 34, 50, 28, 100, 43, 98, 81, 89, 41, 84, 0, 4
0, 92, 31, 97, 96, 100, 100, 74, 72, 37, 57, 0, 18, 33, 73, 37, 7
100, 100, 82, 92, 46, 70, 16, 44, 0, 15, 36, 0, 60, 20, 12, 32, 6
69, 67, 100, 100, 42, 94, 31, 57, 86, 69, 90, 43, 58, 7, 0, 0, 9
0, 54, 35, 63, 68, 80, 98, 100, 100, 85, 81, 57, 64, 29, 50, 0, 1
0, 44, 33, 65, 73, 87, 100, 100, 79, 75, 56, 50, 39, 24, 59, 0, 1
76, 76, 47, 100, 0, 84, 48, 66, 83, 68, 100, 33, 87, 0, 26, 0, 9
0, 100, 6, 81, 7, 48, 97, 48, 100, 84, 74, 71, 55, 36, 39, 0, 4
23, 73, 30, 100, 80, 93, 60, 61, 90, 44, 100, 10, 50, 0, 0, 15, 3
100, 88, 20, 100, 43, 54, 78, 10, 0, 0, 12, 42, 83, 74, 50, 93, 8
13, 100, 18, 72, 100, 85, 18, 95, 12, 75, 98, 67, 64, 30, 0, 0, 9
24, 100, 5, 57, 0, 13, 41, 0, 84, 25, 100, 65, 57, 86, 7, 87, 0
100, 65, 72, 100, 0, 85, 20, 52, 79, 78, 99, 48, 83, 5, 14, 0, 9
15, 100, 20, 55, 76, 48, 69, 0, 20, 10, 0, 61, 38, 95, 100, 99, 5
13, 99, 0, 59, 10, 17, 62, 0, 100, 30, 87, 72, 41, 100, 0, 75, 0
59, 86, 87, 100, 100, 75, 68, 52, 76, 36, 97, 13, 51, 0, 0, 5, 3
0, 95, 36, 100, 77, 83, 76, 40, 54, 0, 26, 24, 54, 34, 100, 39, 7
0, 37, 31, 56, 60, 79, 90, 100, 100, 89, 89, 59, 78, 30, 67, 0, 1
33, 66, 50, 100, 58, 57, 36, 18, 0, 0, 21, 17, 61, 13, 100, 4, 2
61, 56, 45, 100, 0, 69, 58, 38, 100, 0, 38, 3, 46, 54, 79, 99, 8
93, 100, 48, 89, 12, 59, 0, 25, 43, 0, 100, 18, 61, 43, 0, 29, 6
26, 100, 11, 78, 0, 51, 16, 28, 59, 36, 100, 51, 85, 26, 69, 0, 4
7, 59, 0, 25, 35, 0, 76, 0, 100, 35, 80, 76, 44, 100, 5, 88, 0
77, 90, 8, 100, 1, 64, 55, 31, 60, 0, 0, 27, 29, 65, 100, 89, 8
68, 92, 22, 71, 0, 27, 36, 0, 84, 22, 100, 66, 67, 100, 17, 83, 0
0, 41, 30, 60, 43, 85, 67, 100, 74, 75, 76, 49, 78, 24, 100, 0, 1
0, 60, 40, 79, 100, 100, 90, 86, 60, 64, 30, 42, 10, 21, 30, 0, 1
65, 100, 44, 76, 15, 53, 0, 28, 64, 19, 100, 42, 82, 25, 65, 0, 4
48, 94, 0, 73, 49, 67, 79, 33, 26, 0, 19, 40, 21, 83, 100, 100, 5
42, 87, 3, 64, 0, 16, 55, 0, 100, 34, 88, 80, 29, 100, 4, 65, 0
66, 59, 100, 85, 54, 100, 0, 84, 24, 61, 88, 54, 93, 30, 80, 0, 9
0, 64, 56, 81, 100, 100, 96, 85, 80, 64, 68, 42, 44, 21, 36, 0, 1
35, 95, 51, 60, 72, 15, 22, 0, 0, 36, 53, 66, 100, 99, 33, 100, 8
32, 89, 19, 53, 73, 37, 53, 0, 0, 17, 7, 65, 39, 100, 100, 98, 5
41, 100, 36, 64, 0, 30, 45, 34, 96, 46, 87, 77, 89, 38, 100, 0, 4
42, 81, 69, 100, 93, 85, 66, 60, 73, 41, 100, 20, 58, 0, 0, 4, 3
50, 100, 36, 64, 0, 32, 30, 26, 100, 31, 87, 66, 68, 35, 55, 0, 4
24, 70, 38, 100, 79, 88, 67, 50, 34, 20, 0, 11, 50, 6, 100, 0, 2
32, 95, 89, 100, 100, 80, 64, 41, 47, 1, 31, 0, 0, 36, 91, 37, 7
77, 100, 37, 88, 61, 68, 100, 85, 84, 69, 72, 41, 39, 18, 0, 0, 9
40, 100, 15, 68, 85, 73, 24, 89, 77, 59, 100, 32, 52, 0, 0, 29, 9
0, 41, 23, 65, 63, 87, 100, 100, 90, 75, 73, 51, 67, 25, 67, 0, 1
32, 100, 23, 90, 0, 46, 57, 28, 100, 35, 75, 80, 46, 45, 22, 0, 4
65, 94, 23, 100, 25, 67, 74, 75, 74, 50, 100, 15, 58, 0, 0, 14, 9
37, 69, 100, 83, 61, 100, 0, 91, 64, 78, 62, 55, 26, 28, 2, 0, 9
85, 100, 49, 81, 17, 60, 0, 38, 60, 32, 100, 43, 70, 22, 55, 0, 4
4, 55, 60, 77, 100, 100, 80, 92, 56, 70, 40, 46, 32, 23, 0, 0, 1
43, 100, 22, 60, 38, 63, 31, 64, 41, 19, 0, 0, 45, 2, 100, 7, 1
22, 99, 32, 74, 100, 93, 15, 100, 42, 83, 100, 69, 55, 33, 0, 0, 9
25, 80, 0, 76, 35, 44, 76, 15, 10, 0, 4, 41, 30, 88, 100, 100, 5
56, 63, 71, 100, 1, 81, 48, 42, 76, 0, 0, 13, 27, 56, 100, 86, 8
0, 95, 43, 100, 89, 91, 59, 68, 82, 45, 100, 22, 55, 7, 1, 0, 3
17, 74, 20, 40, 39, 0, 84, 5, 100, 46, 83, 86, 35, 100, 0, 71, 0
89, 71, 35, 68, 20, 90, 80, 100, 100, 73, 82, 45, 48, 20, 0, 0, 9
11, 88, 74, 100, 100, 77, 69, 40, 37, 5, 6, 0, 0, 34, 72, 41, 7
27, 75, 64, 100, 100, 99, 79, 70, 45, 44, 6, 20, 0, 0, 64, 6, 2
10, 71, 44, 100, 67, 76, 52, 37, 24, 4, 0, 5, 49, 9, 100, 0, 2
0, 100, 11, 93, 7, 62, 32, 44, 68, 52, 100, 58, 86, 29, 71, 0, 4
0, 48, 42, 71, 64, 100, 56, 56, 54, 13, 33, 0, 42, 3, 100, 3, 1
26, 100, 0, 75, 2, 47, 61, 41, 100, 63, 93, 56, 84, 27, 75, 0, 4
0, 96, 42, 100, 66, 73, 55, 36, 44, 0, 20, 31, 50, 44, 100, 46, 7
26, 93, 0, 54, 16, 2, 62, 0, 100, 34, 85, 86, 40, 100, 6, 65, 0
0, 84, 36, 100, 65, 78, 53, 46, 22, 19, 15, 17, 62, 19, 100, 0, 2
98, 86, 69, 100, 34, 75, 76, 68, 90, 50, 100, 16, 53, 2, 0, 0, 9
100, 100, 38, 98, 49, 62, 97, 86, 98, 77, 97, 36, 70, 2, 0, 0, 9
67, 75, 79, 100, 94, 74, 72, 42, 38, 15, 0, 0, 47, 5, 100, 1, 2
8, 99, 48, 100, 75, 68, 66, 25, 63, 0, 100, 25, 51, 37, 0, 41, 7
25, 100, 22, 71, 0, 51, 52, 52, 77, 65, 95, 70, 100, 32, 90, 0, 4
37, 81, 61, 100, 91, 84, 63, 63, 100, 46, 85, 14, 37, 0, 0, 16, 3
0, 91, 44, 100, 58, 77, 48, 39, 47, 0, 25, 19, 53, 39, 100, 47, 7
20, 96, 18, 65, 53, 30, 27, 0, 0, 32, 0, 75, 44, 100, 100, 96, 5
33, 100, 0, 71, 86, 75, 38, 96, 38, 73, 100, 71, 62, 32, 6, 0, 9
0, 83, 31, 100, 48, 74, 28, 42, 3, 14, 27, 0, 66, 1, 100, 4, 2
53, 70, 71, 100, 68, 58, 38, 23, 0, 7, 22, 30, 63, 21, 100, 0, 2
24, 82, 53, 100, 53, 42, 29, 0, 0, 7, 32, 21, 65, 1, 100, 1, 2
59, 100, 6, 57, 100, 72, 26, 86, 64, 46, 0, 0, 91, 10, 35, 34, 8
0, 52, 3, 57, 47, 79, 90, 100, 100, 88, 79, 59, 60, 30, 60, 0, 1
51, 100, 11, 91, 0, 59, 34, 34, 96, 49, 100, 57, 62, 29, 34, 0, 4
24, 77, 0, 46, 22, 8, 70, 0, 100, 32, 90, 74, 51, 100, 5, 90, 0
0, 81, 42, 99, 92, 100, 100, 68, 78, 32, 60, 0, 47, 38, 89, 40, 7
0, 77, 23, 100, 67, 73, 64, 36, 41, 0, 6, 24, 33, 44, 100, 45, 7
100, 100, 55, 78, 21, 52, 0, 22, 27, 0, 79, 14, 53, 27, 1, 10, 6
14, 89, 52, 100, 64, 61, 38, 21, 4, 0, 0, 39, 50, 46, 100, 44, 7
35, 84, 63, 100, 92, 81, 65, 54, 32, 30, 0, 6, 48, 1, 100, 0, 2
5, 62, 21, 83, 46, 100, 43, 57, 43, 14, 0, 9, 50, 0, 100, 0, 1
88, 63, 87, 100, 7, 94, 0, 59, 73, 76, 100, 77, 85, 39, 80, 0, 9
33, 63, 67, 82, 100, 100, 84, 85, 59, 64, 37, 43, 16, 21, 0, 0, 1
33, 100, 0, 78, 1, 36, 30, 0, 82, 6, 100, 46, 80, 85, 28, 96, 0
85, 100, 49, 87, 12, 57, 0, 22, 45, 0, 100, 15, 78, 47, 18, 59, 6
0, 79, 40, 100, 87, 89, 66, 60, 82, 46, 100, 19, 56, 0, 4, 3, 3
32, 58, 26, 89, 73, 100, 80, 56, 42, 21, 0, 0, 50, 5, 100, 4, 2
4, 70, 0, 27, 34, 0, 70, 1, 100, 34, 90, 86, 55, 100, 20, 83, 0
15, 87, 55, 100, 100, 99, 84, 77, 52, 57, 63, 33, 41, 10, 0, 0, 3
10, 81, 61, 100, 100, 76, 64, 38, 35, 0, 83, 10, 51, 48, 0, 76, 8
0, 49, 40, 59, 72, 79, 100, 100, 85, 74, 69, 48, 53, 21, 51, 0, 1
95, 82, 71, 100, 27, 77, 77, 73, 100, 80, 93, 42, 56, 13, 0, 0, 9
92, 95, 30, 100, 34, 68, 87, 89, 84, 78, 100, 35, 64, 0, 0, 19, 9
0, 90, 46, 100, 88, 92, 79, 69, 60, 48, 39, 27, 47, 6, 100, 0, 2
100, 100, 67, 98, 41, 80, 44, 50, 78, 42, 68, 16, 35, 2, 0, 0, 5
21, 87, 33, 52, 62, 13, 5, 0, 0, 36, 74, 66, 100, 100, 5, 89, 8
0, 94, 68, 100, 89, 68, 72, 33, 43, 0, 3, 21, 25, 50, 100, 58, 7
38, 65, 36, 98, 100, 100, 99, 69, 62, 55, 96, 26, 55, 0, 0, 15, 3
0, 95, 39, 100, 67, 73, 53, 30, 40, 0, 21, 40, 53, 45, 100, 40, 7
45, 69, 74, 100, 68, 94, 57, 50, 39, 9, 0, 3, 50, 3, 100, 0, 1
23, 89, 59, 100, 75, 68, 58, 33, 36, 0, 0, 18, 48, 27, 100, 32, 7
98, 89, 53, 100, 12, 72, 0, 27, 37, 0, 86, 21, 100, 63, 92, 90, 0
14, 100, 14, 92, 0, 65, 55, 55, 100, 72, 72, 53, 49, 27, 29, 0, 4
70, 100, 72, 97, 45, 57, 39, 13, 91, 0, 100, 39, 41, 44, 0, 11, 6
57, 87, 41, 78, 74, 38, 84, 0, 0, 7, 37, 48, 100, 81, 90, 100, 8
87, 100, 49, 77, 19, 52, 0, 24, 25, 0, 83, 2, 100, 25, 45, 31, 6
0, 73, 40, 98, 58, 100, 55, 64, 58, 27, 24, 3, 43, 0, 100, 4, 1
86, 70, 51, 100, 0, 76, 78, 41, 100, 0, 0, 13, 40, 54, 98, 80, 8
0, 92, 44, 100, 71, 83, 56, 59, 100, 47, 89, 19, 50, 0, 3, 1, 3
19, 78, 40, 100, 54, 75, 31, 45, 0, 19, 26, 9, 62, 0, 100, 13, 2
100, 95, 78, 100, 28, 72, 0, 39, 1, 4, 71, 0, 88, 32, 11, 41, 6
1, 77, 80, 74, 75, 100, 0, 84, 38, 66, 100, 76, 87, 38, 88, 0, 9
100, 93, 38, 100, 21, 67, 85, 34, 62, 0, 0, 20, 50, 57, 88, 93, 8
100, 100, 83, 96, 67, 80, 50, 64, 37, 48, 20, 32, 7, 16, 0, 0, 1
95, 75, 42, 100, 14, 74, 80, 39, 73, 0, 0, 20, 47, 59, 100, 84, 8
0, 62, 47, 88, 67, 100, 63, 65, 59, 29, 46, 2, 34, 0, 100, 0, 1
11, 64, 23, 100, 52, 84, 34, 45, 5, 10, 0, 0, 50, 3, 100, 5, 2
0, 50, 32, 76, 60, 100, 63, 64, 62, 29, 30, 6, 40, 1, 100, 0, 1
0, 75, 15, 100, 47, 99, 42, 69, 31, 39, 30, 9, 63, 0, 100, 1, 2
28, 86, 38, 57, 91, 37, 57, 1, 0, 0, 8, 62, 42, 98, 100, 100, 5
30, 73, 81, 71, 82, 100, 33, 91, 81, 68, 100, 35, 55, 9, 0, 0, 9
14, 85, 54, 100, 100, 96, 72, 72, 87, 41, 92, 10, 47, 0, 0, 3, 3
41, 100, 58, 60, 70, 19, 1, 0, 0, 35, 60, 65, 100, 95, 25, 84, 8
12, 98, 56, 100, 54, 67, 33, 33, 10, 0, 0, 34, 39, 44, 100, 44, 7
0, 88, 35, 100, 55, 68, 49, 27, 38, 0, 19, 32, 59, 40, 100, 45, 7
62, 100, 13, 81, 0, 50, 100, 56, 77, 78, 57, 88, 62, 35, 65, 0, 4
70, 96, 26, 100, 3, 64, 0, 24, 40, 0, 88, 14, 100, 52, 86, 92, 0
6, 76, 44, 71, 89, 100, 0, 95, 27, 79, 100, 81, 91, 40, 97, 0, 9
23, 68, 46, 100, 46, 85, 47, 48, 43, 12, 0, 0, 54, 4, 100, 2, 1
0, 96, 51, 100, 100, 96, 70, 63, 49, 27, 32, 0, 16, 36, 69, 51, 7
30, 91, 72, 60, 91, 96, 47, 100, 95, 75, 100, 19, 52, 0, 0, 1, 9
51, 82, 100, 100, 54, 76, 0, 54, 8, 32, 84, 45, 49, 25, 27, 0, 4
93, 84, 52, 100, 6, 83, 0, 35, 28, 0, 77, 6, 100, 47, 89, 79, 0
0, 94, 59, 100, 90, 99, 100, 76, 31, 51, 85, 46, 73, 23, 3, 0, 3
0, 98, 70, 100, 97, 84, 87, 65, 83, 46, 100, 27, 97, 9, 30, 0, 3
71, 100, 35, 82, 0, 62, 45, 51, 100, 49, 82, 43, 52, 21, 25, 0, 4
0, 89, 53, 100, 91, 77, 77, 36, 49, 0, 23, 19, 43, 43, 100, 44, 7
35, 93, 23, 80, 0, 41, 2, 0, 55, 3, 92, 34, 100, 75, 61, 100, 0
21, 98, 27, 71, 57, 35, 27, 0, 6, 22, 0, 60, 21, 95, 100, 100, 5
69, 100, 37, 70, 0, 41, 21, 32, 91, 30, 100, 56, 93, 33, 84, 0, 4
44, 95, 23, 49, 22, 0, 68, 4, 100, 45, 100, 94, 47, 100, 0, 75, 0
13, 66, 24, 100, 54, 86, 33, 45, 0, 17, 17, 17, 58, 6, 100, 0, 2
12, 90, 0, 83, 42, 94, 100, 100, 83, 77, 61, 51, 41, 26, 35, 0, 7
14, 55, 43, 100, 46, 92, 41, 36, 9, 0, 0, 2, 50, 0, 100, 1, 1
0, 97, 43, 96, 87, 100, 100, 93, 70, 73, 42, 51, 19, 26, 17, 0, 7
64, 59, 62, 97, 5, 80, 0, 37, 36, 0, 95, 15, 100, 58, 82, 100, 0
67, 100, 22, 81, 0, 46, 12, 11, 64, 0, 100, 27, 94, 63, 77, 99, 0
82, 100, 0, 89, 51, 60, 100, 28, 43, 0, 3, 26, 36, 63, 43, 97, 8
13, 68, 69, 100, 72, 97, 70, 50, 67, 3, 0, 0, 24, 3, 100, 6, 1
94, 88, 77, 100, 31, 73, 0, 44, 6, 13, 69, 0, 100, 23, 20, 30, 6
100, 100, 63, 94, 30, 68, 7, 38, 7, 6, 52, 0, 45, 23, 0, 16, 6
74, 98, 10, 96, 44, 61, 100, 29, 48, 0, 0, 28, 39, 67, 40, 100, 8
23, 72, 44, 100, 73, 86, 51, 50, 19, 20, 0, 8, 50, 0, 100, 11, 2
3, 100, 59, 100, 79, 68, 71, 33, 52, 0, 0, 13, 41, 36, 100, 46, 7
56, 94, 97, 100, 49, 85, 35, 54, 83, 42, 100, 21, 53, 2, 0, 0, 5
0, 83, 22, 100, 38, 70, 27, 30, 14, 0, 42, 1, 71, 2, 100, 5, 2
100, 91, 58, 100, 20, 75, 0, 38, 11, 0, 56, 3, 61, 37, 20, 33, 6
0, 86, 47, 100, 83, 86, 48, 64, 62, 49, 100, 31, 71, 7, 16, 0, 3
0, 70, 62, 70, 95, 100, 21, 88, 45, 72, 100, 76, 80, 39, 67, 0, 9
77, 100, 37, 95, 63, 78, 98, 95, 100, 56, 86, 19, 46, 0, 0, 1, 9
0, 59, 18, 94, 52, 100, 52, 61, 32, 26, 24, 0, 62, 7, 100, 14, 2
88, 90, 14, 100, 35, 70, 100, 38, 79, 0, 0, 11, 40, 51, 88, 89, 8
66, 100, 32, 71, 0, 43, 59, 45, 100, 70, 100, 65, 76, 32, 50, 0, 4
14, 67, 29, 100, 54, 72, 35, 32, 0, 4, 17, 10, 59, 0, 100, 3, 2
71, 92, 70, 100, 93, 86, 70, 60, 100, 38, 87, 12, 41, 0, 0, 5, 3
24, 76, 0, 48, 25, 2, 83, 0, 100, 50, 82, 100, 28, 84, 8, 34, 0
63, 100, 6, 82, 83, 55, 100, 20, 24, 0, 0, 34, 22, 70, 13, 95, 8
100, 94, 76, 100, 36, 67, 3, 30, 31, 0, 90, 15, 59, 46, 0, 34, 6
13, 90, 64, 100, 90, 74, 39, 58, 97, 53, 100, 20, 51, 0, 0, 12, 3
37, 87, 100, 100, 56, 91, 19, 67, 22, 54, 79, 42, 59, 16, 0, 0, 5
78, 69, 87, 100, 0, 90, 16, 63, 100, 80, 87, 63, 50, 31, 28, 0, 9
100, 100, 48, 88, 14, 59, 0, 28, 27, 0, 92, 8, 69, 29, 2, 18, 6
100, 66, 66, 100, 0, 77, 32, 38, 60, 0, 9, 21, 51, 59, 87, 94, 8
100, 100, 45, 83, 14, 61, 0, 38, 3, 14, 66, 0, 97, 15, 21, 7, 6
0, 68, 40, 100, 64, 96, 61, 59, 57, 23, 9, 0, 33, 3, 100, 2, 1
32, 86, 49, 100, 100, 96, 73, 72, 67, 48, 89, 22, 52, 2, 0, 0, 3
24, 73, 0, 38, 13, 0, 66, 10, 96, 44, 100, 83, 55, 100, 9, 78, 0
99, 100, 46, 97, 19, 76, 33, 55, 84, 50, 100, 12, 49, 0, 0, 7, 5
0, 69, 51, 82, 100, 100, 95, 84, 78, 63, 62, 42, 51, 21, 46, 0, 1
13, 85, 21, 100, 57, 83, 44, 58, 71, 38, 100, 17, 57, 2, 0, 0, 3
12, 83, 89, 77, 80, 100, 0, 84, 62, 74, 100, 73, 83, 36, 75, 0, 9
34, 91, 8, 49, 26, 2, 72, 0, 100, 42, 86, 93, 42, 100, 0, 75, 0
64, 100, 15, 93, 0, 56, 10, 19, 51, 0, 94, 20, 100, 57, 86, 94, 0
100, 93, 73, 100, 43, 98, 34, 66, 50, 50, 61, 34, 31, 17, 0, 0, 5
8, 93, 96, 100, 52, 95, 12, 73, 35, 61, 100, 39, 83, 0, 0, 5, 5
51, 87, 78, 100, 95, 79, 99, 50, 100, 22, 71, 6, 35, 1, 0, 0, 3
100, 89, 36, 100, 19, 78, 87, 80, 74, 71, 100, 35, 69, 8, 0, 0, 9
6, 81, 40, 100, 57, 78, 38, 50, 11, 24, 0, 5, 51, 8, 100, 0, 2
31, 76, 52, 64, 76, 26, 13, 0, 0, 35, 53, 69, 100, 100, 16, 88, 8
19, 84, 63, 100, 100, 93, 60, 73, 74, 51, 96, 30, 50, 13, 0, 0, 3
3, 68, 21, 100, 52, 87, 32, 51, 0, 22, 15, 4, 61, 0, 100, 14, 2
14, 70, 50, 100, 49, 86, 47, 41, 32, 2, 0, 0, 73, 4, 100, 6, 1
0, 63, 24, 100, 62, 81, 42, 37, 3, 6, 1, 9, 51, 2, 100, 0, 2
16, 68, 37, 100, 63, 90, 45, 48, 16, 11, 0, 1, 50, 0, 100, 8, 2
23, 81, 65, 100, 92, 74, 67, 45, 97, 35, 100, 4, 38, 0, 0, 17, 3
44, 83, 76, 100, 82, 75, 58, 58, 100, 45, 90, 15, 45, 0, 0, 11, 3
0, 88, 44, 100, 80, 83, 40, 62, 58, 44, 100, 25, 70, 5, 21, 0, 3
21, 100, 48, 66, 83, 32, 48, 0, 36, 29, 86, 62, 100, 95, 0, 95, 8
16, 89, 0, 68, 28, 92, 95, 100, 100, 89, 83, 58, 68, 27, 65, 0, 7
100, 100, 47, 97, 43, 75, 91, 90, 92, 67, 92, 24, 51, 0, 0, 9, 9
11, 65, 34, 100, 66, 77, 42, 38, 4, 8, 0, 2, 50, 7, 100, 0, 2
0, 93, 61, 100, 100, 81, 86, 50, 72, 19, 55, 0, 34, 22, 99, 23, 7
100, 94, 44, 100, 41, 64, 89, 78, 90, 73, 90, 31, 52, 0, 0, 7, 9
0, 81, 31, 100, 60, 80, 61, 31, 50, 0, 29, 37, 64, 45, 100, 48, 7
0, 89, 39, 95, 100, 100, 100, 78, 74, 40, 57, 0, 28, 4, 69, 17, 7
100, 87, 19, 100, 17, 67, 92, 39, 75, 0, 0, 20, 29, 60, 94, 92, 8
100, 100, 59, 81, 25, 53, 6, 22, 38, 0, 88, 17, 42, 24, 0, 9, 6
15, 100, 39, 92, 0, 61, 1, 36, 72, 36, 100, 54, 85, 36, 80, 0, 4
46, 85, 80, 100, 83, 70, 52, 48, 100, 39, 91, 10, 43, 0, 0, 6, 3
25, 100, 0, 73, 16, 49, 72, 51, 100, 68, 89, 58, 79, 29, 74, 0, 4
100, 95, 75, 100, 52, 80, 54, 47, 83, 33, 63, 9, 32, 0, 0, 0, 5
13, 73, 46, 100, 56, 67, 40, 32, 13, 0, 0, 7, 49, 8, 100, 6, 2
13, 79, 35, 100, 58, 77, 37, 41, 0, 12, 4, 13, 55, 0, 100, 12, 2
0, 84, 28, 100, 43, 75, 29, 45, 12, 15, 28, 0, 64, 2, 100, 7, 2
100, 97, 47, 100, 35, 69, 67, 37, 57, 4, 0, 0, 22, 30, 66, 56, 8
82, 93, 59, 100, 20, 70, 0, 43, 67, 35, 92, 65, 86, 29, 100, 0, 4
0, 75, 46, 58, 67, 22, 21, 0, 29, 36, 74, 67, 100, 100, 36, 86, 8
13, 69, 37, 100, 52, 73, 32, 37, 0, 9, 15, 12, 59, 0, 100, 5, 2
35, 87, 75, 100, 88, 85, 69, 62, 100, 40, 88, 17, 45, 6, 0, 0, 3
61, 79, 57, 100, 100, 93, 65, 68, 94, 46, 77, 18, 27, 0, 0, 16, 3
6, 67, 31, 100, 66, 91, 48, 52, 17, 19, 0, 0, 50, 3, 100, 3, 2
0, 86, 46, 100, 88, 77, 78, 36, 51, 0, 11, 26, 45, 37, 100, 42, 7
18, 82, 22, 100, 39, 68, 27, 30, 0, 1, 23, 8, 67, 0, 100, 20, 2
0, 95, 44, 100, 66, 70, 48, 35, 24, 0, 2, 22, 42, 35, 100, 38, 7
93, 77, 49, 100, 19, 73, 72, 68, 90, 63, 100, 20, 58, 0, 0, 10, 9
91, 100, 48, 99, 60, 83, 100, 84, 99, 47, 87, 13, 44, 0, 0, 2, 9
58, 81, 90, 100, 100, 96, 58, 86, 38, 67, 67, 36, 39, 0, 0, 10, 5
40, 97, 2, 65, 0, 9, 51, 0, 94, 46, 100, 100, 38, 95, 14, 44, 0
22, 91, 3, 65, 65, 51, 54, 0, 0, 2, 9, 55, 28, 100, 100, 99, 5
65, 97, 70, 100, 39, 66, 24, 28, 55, 0, 100, 19, 53, 34, 0, 21, 6
100, 100, 100, 92, 67, 77, 33, 62, 33, 46, 33, 30, 0, 15, 0, 0, 1
32, 100, 0, 77, 11, 54, 100, 59, 46, 86, 41, 79, 45, 33, 41, 0, 4
99, 83, 58, 100, 27, 67, 78, 65, 100, 84, 86, 41, 55, 4, 0, 0, 9
100, 81, 67, 100, 22, 81, 0, 47, 7, 13, 52, 0, 67, 30, 22, 45, 6
19, 72, 42, 99, 100, 100, 88, 71, 57, 53, 79, 23, 42, 0, 0, 15, 3
5, 63, 21, 100, 49, 76, 33, 34, 0, 0, 5, 6, 53, 2, 100, 8, 2
63, 67, 74, 100, 99, 80, 73, 39, 35, 7, 0, 3, 51, 4, 100, 0, 2
80, 98, 100, 92, 64, 100, 76, 76, 93, 65, 85, 18, 44, 0, 0, 15, 9
30, 100, 0, 65, 0, 20, 41, 0, 85, 12, 100, 54, 77, 93, 33, 99, 0
11, 65, 7, 91, 53, 100, 100, 98, 72, 75, 44, 50, 19, 25, 0, 0, 7
23, 100, 16, 73, 0, 42, 73, 48, 98, 75, 89, 62, 91, 28, 100, 0, 4
100, 100, 55, 80, 21, 54, 0, 26, 28, 0, 98, 5, 79, 26, 7, 19, 6
0, 73, 52, 81, 100, 100, 100, 84, 88, 63, 76, 42, 60, 20, 72, 0, 1
47, 100, 9, 76, 0, 45, 59, 48, 100, 73, 67, 58, 36, 30, 15, 0, 4
0, 69, 37, 96, 100, 100, 100, 65, 68, 34, 20, 9, 32, 0, 97, 1, 2
43, 89, 15, 49, 22, 0, 72, 3, 100, 46, 83, 92, 30, 100, 0, 66, 0
0, 57, 50, 74, 82, 97, 100, 100, 89, 75, 75, 50, 64, 25, 61, 0, 1
49, 100, 5, 84, 0, 48, 100, 45, 80, 79, 43, 89, 38, 45, 37, 0, 4
0, 91, 51, 96, 88, 100, 67, 55, 64, 7, 47, 0, 48, 19, 100, 24, 7
0, 92, 58, 100, 74, 68, 57, 34, 36, 0, 71, 20, 100, 47, 36, 42, 7
60, 100, 36, 85, 7, 54, 4, 20, 52, 0, 100, 18, 54, 38, 0, 23, 6
75, 94, 95, 90, 62, 100, 84, 86, 100, 52, 91, 16, 44, 0, 0, 18, 9
36, 100, 65, 90, 66, 59, 48, 28, 25, 0, 0, 28, 47, 36, 100, 37, 7
50, 100, 27, 82, 0, 58, 38, 42, 100, 55, 86, 48, 55, 24, 34, 0, 4
0, 67, 35, 78, 71, 95, 100, 100, 83, 75, 67, 51, 50, 26, 42, 0, 1
7, 80, 0, 80, 29, 100, 99, 99, 100, 90, 78, 59, 61, 28, 46, 0, 7
32, 100, 8, 74, 0, 46, 51, 37, 100, 48, 96, 55, 86, 27, 81, 0, 4
74, 100, 82, 86, 37, 63, 0, 39, 76, 41, 100, 47, 61, 24, 21, 0, 4
0, 98, 76, 100, 100, 68, 88, 34, 67, 0, 16, 1, 13, 16, 95, 11, 7
0, 93, 2, 43, 21, 0, 67, 8, 100, 45, 100, 92, 54, 100, 21, 68, 0
0, 92, 48, 100, 68, 67, 64, 33, 48, 0, 9, 24, 39, 49, 100, 58, 7
100, 89, 55, 100, 17, 72, 0, 31, 26, 0, 67, 22, 40, 48, 13, 21, 6
9, 100, 0, 62, 52, 48, 45, 0, 2, 13, 3, 68, 37, 99, 100, 100, 5
40, 100, 23, 89, 0, 59, 26, 34, 95, 45, 100, 60, 68, 31, 56, 0, 4
100, 100, 55, 86, 93, 81, 97, 76, 97, 51, 93, 26, 55, 7, 0, 0, 9
0, 46, 3, 4, 43, 0, 78, 24, 100, 57, 92, 96, 51, 100, 17, 78, 0
23, 81, 61, 100, 92, 91, 58, 62, 81, 39, 100, 17, 51, 4, 0, 0, 3
26, 82, 76, 100, 81, 76, 35, 51, 55, 49, 100, 28, 64, 0, 0, 2, 3
100, 94, 55, 100, 21, 84, 0, 55, 45, 62, 71, 40, 51, 11, 8, 0, 5
45, 96, 0, 68, 48, 62, 52, 12, 6, 0, 20, 54, 45, 100, 100, 99, 5
24, 96, 19, 69, 58, 30, 16, 0, 2, 42, 0, 90, 52, 100, 100, 94, 5
78, 100, 17, 99, 24, 73, 83, 80, 100, 68, 98, 30, 61, 2, 0, 0, 9
50, 67, 75, 100, 67, 81, 56, 40, 43, 2, 0, 0, 57, 2, 100, 4, 1
8, 92, 37, 100, 66, 67, 59, 24, 27, 0, 0, 32, 50, 28, 100, 24, 7
0, 78, 50, 86, 100, 100, 85, 80, 73, 60, 58, 40, 50, 19, 31, 0, 1
19, 86, 17, 47, 59, 32, 21, 0, 1, 38, 0, 90, 49, 98, 100, 100, 5
91, 98, 43, 100, 45, 75, 95, 100, 100, 76, 95, 43, 61, 14, 0, 0, 9
29, 100, 12, 82, 0, 62, 1, 41, 31, 32, 64, 29, 93, 20, 100, 0, 4
100, 100, 57, 98, 18, 90, 0, 62, 22, 55, 57, 40, 42, 12, 4, 0, 5
0, 91, 15, 56, 44, 22, 15, 0, 36, 34, 82, 67, 100, 100, 5, 95, 8
76, 100, 53, 91, 0, 71, 33, 56, 100, 47, 97, 48, 47, 26, 17, 0, 4
91, 100, 77, 80, 11, 58, 0, 37, 97, 45, 100, 50, 51, 26, 29, 0, 4
0, 98, 53, 100, 84, 72, 62, 34, 43, 0, 1, 26, 44, 37, 100, 38, 7
26, 100, 6, 58, 59, 94, 100, 50, 61, 0, 0, 0, 30, 60, 16, 98, 9
75, 100, 25, 84, 55, 49, 63, 14, 0, 0, 3, 21, 58, 46, 100, 77, 8
35, 93, 78, 100, 89, 85, 69, 65, 100, 42, 88, 16, 46, 4, 0, 0, 3
100, 53, 95, 92, 46, 100, 11, 69, 0, 26, 34, 0, 76, 25, 88, 62, 0
0, 100, 41, 98, 56, 69, 50, 34, 43, 0, 28, 26, 57, 44, 100, 48, 7
54, 100, 0, 92, 10, 62, 64, 69, 73, 71, 100, 36, 79, 7, 23, 0, 9
47, 84, 94, 100, 100, 93, 41, 80, 25, 61, 82, 41, 53, 0, 0, 10, 5
24, 87, 31, 38, 61, 0, 100, 25, 96, 72, 57, 100, 10, 87, 0, 42, 0
57, 100, 23, 74, 2, 45, 0, 16, 47, 0, 100, 13, 72, 34, 16, 23, 6
0, 100, 34, 81, 48, 42, 44, 0, 15, 8, 14, 31, 57, 32, 100, 30, 7
0, 72, 49, 84, 98, 100, 100, 80, 93, 60, 88, 39, 76, 20, 59, 0, 1
93, 100, 50, 87, 100, 91, 93, 70, 91, 44, 89, 18, 57, 1, 0, 0, 9
100, 100, 93, 85, 67, 72, 47, 58, 27, 42, 7, 28, 0, 14, 13, 0, 1
0, 61, 29, 92, 46, 100, 48, 62, 43, 24, 4, 0, 45, 6, 100, 8, 1
56, 85, 95, 100, 100, 97, 47, 95, 7, 71, 57, 52, 48, 0, 0, 11, 5
0, 75, 24, 100, 50, 84, 41, 44, 19, 14, 35, 0, 67, 0, 100, 0, 2
1, 84, 49, 100, 89, 80, 58, 51, 97, 49, 100, 19, 49, 0, 0, 4, 3
7, 79, 40, 100, 47, 66, 34, 30, 6, 0, 0, 8, 49, 9, 100, 9, 2
0, 100, 60, 100, 100, 92, 62, 58, 42, 16, 41, 0, 22, 41, 84, 45, 7
63, 79, 67, 100, 100, 100, 84, 73, 69, 50, 73, 23, 41, 4, 0, 0, 3
30, 86, 20, 58, 68, 35, 32, 0, 0, 18, 16, 64, 39, 100, 100, 100, 5
82, 100, 49, 75, 26, 47, 17, 18, 56, 0, 100, 18, 55, 31, 0, 20, 6
16, 70, 39, 75, 80, 100, 62, 68, 53, 36, 50, 6, 0, 0, 100, 3, 1
50, 80, 76, 100, 93, 83, 78, 62, 100, 38, 82, 12, 42, 0, 0, 9, 3
36, 70, 68, 100, 67, 89, 57, 49, 36, 13, 0, 0, 50, 5, 100, 8, 1
0, 66, 3, 93, 49, 100, 100, 98, 74, 74, 47, 50, 24, 26, 13, 0, 7
100, 100, 74, 99, 46, 98, 45, 72, 65, 51, 53, 26, 29, 9, 0, 0, 5
95, 77, 46, 100, 5, 71, 54, 55, 95, 75, 100, 28, 62, 0, 0, 6, 9
15, 75, 33, 100, 58, 79, 35, 46, 0, 19, 7, 20, 52, 0, 100, 7, 2
11, 77, 39, 100, 52, 68, 33, 32, 0, 5, 7, 12, 54, 9, 100, 0, 2
24, 63, 8, 43, 36, 0, 86, 11, 100, 61, 68, 100, 14, 91, 0, 42, 0
48, 100, 35, 83, 7, 51, 0, 18, 47, 0, 100, 19, 67, 42, 9, 26, 6
0, 66, 19, 75, 62, 99, 100, 100, 88, 75, 69, 50, 58, 25, 58, 0, 1
45, 84, 75, 100, 100, 79, 79, 54, 79, 40, 90, 17, 49, 0, 0, 8, 3
0, 46, 33, 63, 66, 82, 100, 100, 84, 75, 64, 51, 46, 25, 29, 0, 1
0, 68, 26, 100, 69, 94, 62, 52, 31, 19, 18, 18, 60, 0, 100, 8, 2
49, 100, 15, 80, 0, 37, 22, 1, 67, 0, 100, 31, 100, 75, 62, 92, 0
38, 97, 30, 100, 0, 76, 14, 52, 88, 51, 100, 51, 76, 26, 78, 0, 4
31, 100, 0, 85, 0, 52, 31, 29, 100, 35, 74, 65, 60, 33, 52, 0, 4
100, 99, 60, 100, 22, 65, 0, 27, 31, 0, 87, 23, 62, 54, 7, 37, 6
27, 95, 0, 62, 9, 20, 57, 0, 100, 27, 98, 70, 61, 100, 8, 85, 0
91, 100, 36, 74, 52, 38, 52, 0, 0, 9, 55, 43, 100, 78, 91, 75, 8
100, 100, 59, 80, 22, 53, 8, 18, 39, 0, 80, 24, 47, 45, 0, 37, 6
47, 100, 88, 93, 100, 74, 63, 61, 46, 43, 59, 21, 42, 4, 0, 0, 3
80, 86, 30, 100, 36, 60, 95, 73, 93, 78, 100, 35, 62, 0, 0, 19, 9
16, 100, 75, 98, 60, 62, 33, 53, 100, 45, 84, 10, 18, 0, 0, 23, 3
0, 89, 56, 100, 77, 77, 29, 54, 50, 48, 100, 27, 60, 5, 0, 0, 3
93, 100, 53, 92, 60, 49, 56, 8, 0, 0, 11, 35, 62, 57, 100, 84, 8
14, 91, 56, 100, 68, 67, 53, 33, 35, 0, 0, 12, 41, 29, 100, 35, 7
4, 61, 26, 97, 38, 100, 28, 60, 16, 21, 0, 2, 49, 2, 100, 0, 1
46, 100, 28, 68, 0, 35, 63, 40, 96, 58, 93, 63, 93, 27, 100, 0, 4
3, 67, 43, 91, 57, 100, 49, 63, 36, 27, 0, 0, 43, 4, 100, 5, 1
94, 100, 100, 100, 94, 84, 82, 66, 65, 49, 41, 33, 18, 16, 0, 0, 1
88, 68, 59, 100, 14, 83, 58, 66, 88, 63, 100, 23, 58, 0, 0, 6, 9
0, 97, 67, 100, 76, 73, 62, 40, 51, 7, 38, 0, 24, 25, 100, 34, 7
80, 100, 32, 95, 70, 84, 73, 73, 88, 48, 100, 23, 62, 4, 0, 0, 9
76, 100, 37, 78, 0, 49, 32, 29, 100, 28, 85, 59, 59, 32, 40, 0, 4
39, 76, 61, 100, 57, 57, 33, 21, 0, 1, 27, 16, 64, 11, 100, 0, 2
21, 80, 8, 35, 35, 0, 77, 7, 100, 45, 77, 88, 37, 100, 0, 76, 0
39, 94, 26, 62, 93, 41, 67, 0, 7, 6, 0, 51, 18, 90, 100, 100, 5
100, 100, 56, 92, 22, 69, 0, 42, 3, 13, 47, 0, 73, 23, 33, 42, 6
13, 82, 53, 90, 100, 100, 85, 79, 66, 59, 47, 39, 25, 19, 0, 0, 1
40, 100, 6, 71, 0, 39, 62, 36, 100, 65, 94, 63, 66, 31, 38, 0, 4
0, 76, 31, 100, 67, 82, 47, 44, 13, 13, 5, 1, 52, 4, 100, 0, 2
83, 100, 14, 75, 0, 42, 97, 44, 100, 67, 64, 81, 60, 40, 58, 0, 4
9, 91, 45, 100, 58, 61, 49, 18, 31, 0, 0, 35, 46, 47, 100, 46, 7
19, 100, 10, 46, 29, 0, 75, 15, 100, 58, 65, 92, 19, 85, 0, 40, 0
0, 67, 42, 81, 94, 100, 100, 86, 77, 64, 61, 42, 45, 21, 52, 0, 1
54, 84, 81, 100, 91, 79, 66, 55, 100, 39, 86, 12, 42, 0, 0, 14, 3
33, 76, 100, 100, 46, 72, 3, 40, 0, 5, 81, 0, 93, 26, 6, 19, 6
100, 100, 77, 90, 29, 69, 0, 45, 69, 36, 92, 50, 73, 24, 48, 0, 4
9, 95, 45, 100, 100, 99, 71, 66, 46, 31, 28, 0, 0, 29, 56, 32, 7
29, 82, 70, 100, 90, 78, 53, 52, 100, 47, 92, 13, 44, 0, 0, 11, 3
47, 63, 1, 67, 0, 88, 45, 100, 90, 90, 100, 59, 81, 28, 55, 0, 9
0, 70, 60, 69, 82, 100, 3, 83, 48, 70, 100, 78, 76, 39, 64, 0, 9
61, 100, 19, 87, 0, 51, 94, 47, 100, 75, 61, 94, 52, 47, 58, 0, 4
78, 64, 54, 53, 23, 76, 66, 100, 100, 72, 87, 31, 49, 0, 0, 6, 9
86, 92, 30, 100, 1, 69, 0, 30, 32, 0, 85, 15, 100, 51, 86, 89, 0
0, 95, 38, 100, 62, 70, 56, 32, 46, 0, 32, 37, 57, 48, 100, 51, 7
34, 71, 63, 100, 100, 80, 57, 53, 91, 36, 91, 5, 33, 0, 0, 15, 3
43, 78, 3, 49, 0, 9, 57, 0, 98, 30, 100, 70, 60, 100, 39, 69, 0
44, 84, 33, 59, 88, 39, 56, 0, 6, 12, 0, 65, 40, 97, 100, 100, 5
72, 57, 100, 85, 41, 100, 11, 68, 78, 69, 85, 52, 69, 15, 0, 0, 9
100, 75, 55, 100, 20, 72, 65, 60, 84, 65, 98, 21, 53, 0, 0, 2, 9
11, 100, 49, 67, 100, 35, 93, 0, 49, 16, 69, 53, 78, 90, 0, 89, 8
100, 100, 39, 84, 0, 63, 37, 46, 90, 62, 68, 45, 46, 23, 41, 0, 4
0, 68, 57, 96, 82, 100, 70, 59, 65, 18, 18, 3, 19, 0, 100, 2, 1
95, 72, 46, 68, 46, 100, 91, 99, 100, 66, 85, 32, 49, 6, 0, 0, 9
0, 83, 46, 100, 100, 85, 84, 42, 58, 0, 29, 8, 27, 48, 94, 54, 7
100, 100, 63, 81, 33, 60, 11, 40, 0, 16, 33, 0, 83, 12, 65, 32, 6
36, 100, 8, 70, 0, 27, 28, 0, 68, 10, 96, 44, 100, 84, 61, 86, 0
8, 82, 47, 100, 70, 76, 56, 48, 100, 49, 84, 16, 42, 0, 0, 13, 3
36, 81, 31, 54, 88, 38, 58, 0, 0, 8, 8, 54, 38, 92, 100, 100, 5
26, 100, 8, 84, 0, 66, 15, 50, 45, 40, 79, 32, 100, 17, 100, 0, 4
100, 100, 54, 94, 17, 68, 0, 32, 21, 0, 65, 9, 52, 40, 14, 22, 6
49, 100, 24, 82, 0, 54, 20, 37, 82, 40, 82, 54, 80, 25, 100, 0, 4
89, 73, 78, 100, 25, 72, 71, 36, 69, 0, 0, 19, 54, 53, 100, 86, 8
27, 81, 67, 100, 95, 91, 68, 61, 100, 50, 92, 17, 50, 0, 0, 5, 3
0, 62, 33, 90, 46, 100, 48, 64, 55, 27, 30, 5, 44, 0, 100, 5, 1
0, 43, 36, 59, 70, 78, 100, 100, 79, 76, 56, 51, 32, 26, 10, 0, 1
19, 79, 53, 100, 91, 92, 83, 65, 93, 45, 100, 22, 54, 6, 0, 0, 3
0, 90, 40, 100, 80, 85, 53, 59, 20, 35, 4, 9, 56, 0, 100, 4, 2
77, 94, 31, 100, 52, 86, 92, 96, 94, 62, 100, 28, 71, 0, 0, 0, 9
86, 82, 46, 100, 43, 66, 86, 32, 63, 0, 0, 12, 46, 45, 100, 75, 8
88, 100, 39, 88, 11, 58, 0, 26, 35, 0, 100, 9, 84, 34, 12, 36, 6
75, 89, 29, 97, 0, 63, 2, 24, 45, 0, 89, 23, 100, 62, 85, 100, 0
100, 99, 68, 100, 32, 67, 8, 31, 24, 0, 69, 21, 34, 46, 0, 22, 6
0, 26, 31, 43, 61, 67, 91, 94, 100, 100, 84, 67, 68, 34, 56, 0, 1
0, 84, 34, 100, 100, 98, 88, 75, 80, 52, 100, 30, 80, 9, 20, 0, 3
14, 71, 72, 93, 100, 100, 77, 71, 53, 43, 28, 16, 0, 0, 91, 2, 1
30, 81, 2, 67, 0, 25, 33, 0, 74, 26, 100, 63, 88, 100, 37, 89, 0
19, 100, 0, 61, 10, 20, 53, 0, 93, 25, 100, 66, 67, 98, 19, 87, 0
37, 100, 10, 92, 0, 56, 79, 50, 100, 71, 74, 86, 56, 42, 47, 0, 4
0, 86, 37, 98, 79, 100, 60, 82, 81, 57, 100, 31, 70, 9, 30, 0, 3
100, 100, 89, 85, 74, 71, 59, 57, 41, 43, 24, 29, 9, 14, 0, 0, 1
14, 96, 0, 62, 53, 40, 65, 0, 26, 3, 17, 54, 33, 97, 100, 100, 5
2, 85, 43, 100, 66, 79, 54, 52, 100, 39, 97, 13, 51, 2, 0, 0, 3
0, 89, 44, 66, 63, 30, 36, 0, 34, 34, 68, 67, 100, 100, 53, 95, 8
93, 84, 41, 100, 36, 65, 90, 33, 71, 0, 0, 7, 53, 39, 100, 74, 8
54, 88, 80, 100, 81, 68, 68, 41, 100, 23, 76, 1, 36, 0, 0, 13, 3
11, 90, 0, 41, 31, 0, 82, 0, 100, 46, 77, 92, 30, 100, 3, 58, 0
15, 65, 44, 92, 55, 100, 54, 62, 45, 25, 0, 0, 36, 1, 100, 5, 1
16, 75, 0, 30, 27, 0, 71, 13, 100, 49, 96, 95, 52, 100, 24, 65, 0
0, 91, 40, 58, 62, 22, 22, 0, 22, 35, 69, 67, 100, 100, 18, 91, 8
29, 100, 0, 68, 9, 23, 47, 0, 90, 10, 100, 54, 73, 91, 30, 97, 0
52, 86, 60, 50, 50, 14, 0, 0, 27, 32, 73, 61, 100, 94, 40, 100, 8
0, 85, 39, 100, 83, 99, 87, 71, 60, 44, 32, 17, 55, 0, 100, 1, 2
0, 84, 44, 100, 95, 94, 74, 55, 57, 16, 54, 0, 45, 40, 100, 45, 7
94, 93, 6, 100, 17, 69, 100, 43, 79, 0, 0, 17, 17, 63, 88, 95, 8
100, 77, 98, 100, 41, 83, 5, 55, 0, 23, 42, 0, 66, 24, 11, 35, 6
73, 83, 18, 100, 0, 67, 72, 34, 100, 0, 6, 16, 37, 54, 70, 88, 8
100, 72, 77, 100, 20, 74, 71, 56, 94, 81, 95, 39, 65, 0, 0, 0, 9
69, 100, 34, 75, 0, 44, 46, 30, 100, 44, 90, 68, 67, 35, 55, 0, 4
50, 83, 74, 47, 90, 0, 41, 4, 59, 49, 100, 85, 47, 100, 0, 71, 8
6, 83, 99, 86, 80, 100, 0, 80, 100, 81, 91, 57, 71, 28, 54, 0, 9
100, 81, 22, 100, 0, 67, 59, 33, 47, 0, 28, 29, 87, 64, 66, 89, 8
95, 100, 54, 94, 67, 54, 61, 14, 15, 0, 0, 38, 46, 58, 100, 72, 8
41, 69, 76, 100, 73, 81, 57, 39, 46, 0, 0, 10, 50, 9, 100, 10, 1
4, 63, 12, 15, 52, 0, 92, 15, 100, 63, 72, 100, 28, 97, 0, 62, 0
65, 100, 25, 93, 0, 56, 11, 16, 60, 0, 100, 20, 50, 28, 9, 1, 6
0, 86, 37, 100, 95, 92, 87, 67, 55, 44, 18, 23, 32, 2, 100, 0, 2
0, 89, 61, 100, 90, 74, 69, 37, 42, 2, 27, 0, 35, 30, 100, 38, 7
30, 100, 19, 80, 0, 53, 11, 32, 74, 40, 100, 56, 89, 28, 85, 0, 4
32, 99, 35, 63, 56, 21, 17, 0, 0, 36, 12, 82, 54, 100, 100, 83, 5
32, 75, 6, 48, 0, 16, 34, 0, 79, 11, 100, 39, 99, 70, 82, 100, 0
0, 40, 26, 65, 60, 85, 97, 100, 100, 82, 74, 56, 48, 29, 30, 0, 1
52, 100, 21, 75, 5, 49, 0, 22, 34, 1, 100, 0, 95, 22, 35, 16, 6
0, 81, 54, 58, 100, 82, 33, 100, 37, 81, 82, 55, 72, 20, 12, 0, 9
87, 62, 61, 100, 0, 87, 18, 48, 78, 73, 100, 63, 71, 20, 10, 0, 9
16, 88, 58, 100, 96, 82, 72, 55, 100, 34, 98, 7, 48, 0, 0, 10, 3
1, 91, 50, 100, 58, 67, 32, 32, 16, 0, 0, 38, 40, 49, 100, 49, 7
51, 78, 0, 68, 47, 34, 100, 0, 19, 7, 63, 43, 85, 82, 9, 100, 8
100, 100, 56, 78, 24, 53, 0, 27, 11, 0, 74, 3, 56, 23, 6, 14, 6
100, 100, 62, 89, 23, 61, 0, 29, 20, 0, 91, 7, 84, 33, 11, 31, 6
68, 90, 100, 100, 100, 80, 79, 59, 71, 35, 73, 11, 39, 0, 0, 3, 3
54, 85, 94, 100, 96, 61, 79, 22, 84, 0, 100, 32, 53, 52, 0, 58, 8
0, 89, 14, 72, 35, 59, 53, 12, 14, 0, 11, 64, 42, 97, 100, 100, 5
80, 80, 31, 75, 43, 100, 75, 75, 89, 39, 100, 4, 53, 0, 0, 3, 9
0, 20, 38, 56, 46, 100, 6, 81, 58, 56, 100, 24, 50, 0, 7, 15, 8
51, 100, 29, 82, 10, 60, 0, 35, 27, 20, 69, 22, 100, 25, 100, 0, 4
0, 22, 21, 46, 61, 73, 100, 100, 91, 88, 61, 59, 39, 30, 24, 0, 1
100, 100, 57, 97, 19, 74, 0, 44, 9, 13, 56, 0, 63, 20, 10, 20, 6
49, 78, 34, 60, 30, 18, 0, 0, 19, 39, 57, 73, 100, 100, 44, 82, 8
59, 54, 100, 82, 84, 100, 68, 62, 57, 24, 0, 0, 2, 0, 84, 4, 1
38, 72, 59, 100, 74, 99, 61, 57, 48, 16, 0, 3, 44, 0, 100, 2, 1
0, 47, 20, 61, 50, 80, 80, 100, 100, 96, 87, 64, 73, 32, 62, 0, 1
22, 70, 64, 98, 59, 100, 52, 62, 39, 25, 0, 0, 23, 4, 100, 5, 1
100, 100, 58, 81, 24, 56, 0, 28, 11, 0, 64, 3, 62, 25, 7, 25, 6
100, 100, 60, 85, 72, 61, 96, 91, 95, 59, 79, 24, 43, 1, 0, 0, 9
19, 94, 78, 100, 100, 82, 67, 50, 34, 20, 0, 0, 13, 31, 74, 33, 7
38, 68, 56, 100, 54, 50, 32, 8, 0, 0, 28, 16, 63, 2, 100, 8, 2
19, 92, 86, 100, 75, 99, 2, 84, 37, 68, 100, 50, 72, 16, 0, 0, 5
17, 56, 0, 27, 35, 0, 74, 5, 100, 47, 76, 95, 37, 100, 2, 76, 0
26, 82, 68, 100, 100, 82, 72, 52, 70, 46, 90, 20, 48, 0, 0, 9, 3
0, 91, 35, 100, 67, 72, 61, 35, 45, 0, 21, 13, 40, 27, 100, 29, 7
51, 91, 46, 56, 29, 15, 0, 0, 36, 33, 72, 64, 100, 100, 48, 92, 8
0, 80, 57, 100, 100, 83, 78, 45, 47, 9, 16, 0, 19, 32, 86, 39, 7
0, 95, 46, 100, 87, 84, 78, 44, 63, 6, 42, 0, 41, 37, 100, 44, 7
0, 100, 55, 100, 100, 89, 72, 57, 46, 25, 33, 0, 10, 32, 69, 32, 7
19, 100, 0, 73, 18, 53, 100, 63, 100, 78, 62, 53, 25, 27, 0, 0, 4
30, 96, 0, 66, 11, 8, 66, 0, 100, 47, 79, 100, 28, 81, 31, 30, 0
0, 38, 29, 60, 60, 80, 96, 100, 100, 78, 96, 52, 93, 26, 93, 0, 1
22, 91, 10, 52, 63, 40, 53, 0, 0, 15, 11, 62, 42, 98, 100, 100, 5
100, 100, 62, 98, 28, 83, 48, 57, 78, 35, 67, 11, 29, 4, 0, 0, 5
13, 100, 17, 79, 0, 52, 56, 55, 100, 65, 93, 53, 77, 27, 73, 0, 4
38, 100, 0, 76, 0, 47, 77, 47, 100, 71, 79, 64, 64, 32, 56, 0, 4
0, 71, 71, 94, 89, 100, 76, 74, 73, 49, 78, 23, 84, 3, 100, 0, 1
0, 67, 45, 80, 100, 100, 50, 85, 32, 64, 23, 42, 18, 21, 14, 0, 1
40, 100, 7, 58, 51, 41, 13, 0, 0, 25, 5, 75, 35, 98, 100, 98, 5
13, 96, 55, 100, 100, 74, 65, 37, 27, 0, 0, 23, 4, 51, 96, 55, 7
15, 52, 29, 87, 31, 100, 31, 64, 29, 27, 0, 1, 40, 0, 100, 1, 1
26, 75, 59, 41, 65, 3, 0, 0, 14, 36, 63, 66, 100, 100, 36, 90, 8
8, 44, 30, 84, 100, 100, 97, 59, 66, 19, 67, 0, 61, 38, 0, 69, 8
30, 97, 93, 100, 100, 99, 34, 93, 1, 59, 62, 43, 53, 0, 0, 13, 5
52, 80, 82, 100, 89, 72, 52, 47, 98, 33, 100, 9, 50, 1, 0, 0, 3
12, 80, 48, 100, 83, 73, 22, 55, 71, 45, 100, 15, 40, 0, 0, 17, 3
11, 75, 33, 84, 89, 100, 100, 90, 76, 68, 49, 45, 24, 22, 0, 0, 1
100, 97, 58, 100, 18, 76, 0, 47, 12, 16, 62, 0, 85, 18, 28, 24, 6
19, 86, 63, 100, 89, 80, 51, 57, 72, 37, 100, 14, 49, 0, 0, 2, 3
68, 100, 41, 94, 13, 61, 0, 27, 32, 0, 100, 20, 60, 32, 9, 7, 6
29, 79, 80, 70, 75, 100, 16, 79, 91, 78, 100, 46, 81, 10, 0, 0, 9
89, 100, 43, 90, 64, 73, 67, 77, 82, 44, 100, 12, 54, 0, 0, 4, 9
17, 77, 38, 100, 54, 73, 32, 39, 0, 11, 6, 10, 53, 0, 100, 3, 2
23, 89, 68, 100, 100, 88, 68, 67, 63, 45, 90, 25, 50, 8, 0, 0, 3
15, 70, 20, 32, 54, 0, 96, 24, 100, 66, 68, 100, 16, 92, 0, 52, 0
100, 100, 55, 91, 21, 65, 0, 34, 17, 3, 66, 0, 69, 25, 19, 25, 6
87, 100, 54, 64, 0, 31, 9, 25, 96, 33, 100, 65, 70, 38, 41, 0, 4
27, 100, 8, 73, 0, 45, 11, 17, 51, 0, 100, 3, 82, 20, 37, 9, 6
80, 100, 52, 63, 7, 35, 0, 32, 67, 34, 100, 53, 77, 36, 53, 0, 4
0, 63, 37, 44, 42, 6, 1, 0, 25, 36, 65, 67, 100, 100, 46, 80, 8
100, 94, 72, 100, 49, 93, 44, 64, 68, 53, 55, 29, 29, 13, 0, 0, 5
100, 100, 64, 98, 36, 99, 34, 68, 59, 60, 62, 36, 32, 17, 0, 0, 5
81, 85, 34, 100, 40, 66, 60, 30, 26, 0, 0, 22, 47, 51, 100, 78, 8
18, 75, 51, 100, 65, 72, 41, 35, 8, 3, 0, 0, 50, 6, 100, 15, 2
54, 89, 75, 100, 90, 75, 69, 48, 100, 30, 83, 8, 40, 0, 0, 8, 3
100, 100, 53, 89, 19, 63, 0, 31, 13, 0, 63, 1, 75, 29, 29, 43, 6
100, 81, 23, 100, 0, 65, 56, 30, 45, 0, 25, 34, 89, 68, 94, 98, 8
32, 100, 18, 63, 52, 30, 23, 0, 0, 37, 8, 79, 52, 94, 100, 99, 5
15, 81, 0, 68, 14, 97, 77, 100, 100, 95, 80, 62, 68, 28, 63, 0, 7
87, 100, 36, 82, 3, 52, 0, 17, 50, 0, 100, 13, 55, 31, 0, 20, 6
29, 74, 53, 100, 100, 99, 75, 71, 81, 51, 81, 20, 38, 0, 0, 15, 3
52, 89, 15, 63, 0, 21, 33, 0, 73, 16, 100, 54, 88, 96, 48, 100, 0
100, 86, 43, 100, 0, 74, 45, 38, 66, 0, 36, 25, 63, 64, 90, 94, 8
0, 81, 26, 100, 62, 100, 67, 74, 59, 50, 47, 24, 61, 3, 100, 0, 2
0, 30, 24, 54, 52, 77, 78, 100, 100, 99, 88, 66, 74, 33, 64, 0, 1
26, 88, 0, 58, 4, 17, 54, 0, 96, 28, 100, 69, 63, 100, 12, 86, 0
0, 86, 51, 100, 81, 83, 47, 58, 80, 45, 100, 20, 58, 0, 1, 1, 3
78, 94, 3, 100, 22, 66, 100, 35, 62, 0, 0, 25, 44, 66, 41, 96, 8
25, 64, 54, 100, 53, 90, 49, 45, 32, 3, 0, 0, 51, 1, 100, 2, 1
46, 81, 15, 59, 51, 32, 31, 0, 0, 8, 14, 56, 50, 90, 100, 100, 5
51, 82, 84, 100, 99, 79, 80, 55, 100, 29, 79, 4, 36, 0, 0, 19, 3
0, 79, 34, 100, 64, 87, 57, 59, 100, 48, 92, 16, 50, 0, 9, 11, 3
29, 100, 19, 44, 27, 0, 5, 9, 0, 62, 30, 88, 65, 95, 100, 97, 5
14, 56, 27, 100, 42, 69, 26, 27, 0, 5, 33, 0, 67, 0, 100, 1, 2
52, 100, 17, 74, 0, 45, 52, 33, 100, 47, 99, 60, 79, 30, 65, 0, 4
100, 100, 60, 87, 30, 59, 0, 38, 51, 31, 84, 54, 71, 32, 74, 0, 4
17, 94, 97, 100, 45, 94, 20, 67, 47, 73, 100, 42, 68, 0, 0, 16, 5
60, 100, 31, 87, 12, 70, 0, 53, 12, 36, 47, 26, 83, 16, 100, 0, 4
1, 89, 62, 100, 100, 76, 77, 38, 58, 0, 24, 4, 0, 36, 77, 41, 7
100, 100, 61, 83, 25, 58, 5, 29, 20, 1, 75, 0, 57, 20, 0, 14, 6
100, 100, 62, 96, 27, 75, 5, 49, 0, 20, 30, 0, 66, 17, 30, 34, 6
59, 82, 92, 100, 72, 93, 32, 71, 58, 42, 100, 22, 58, 0, 0, 2, 5
100, 100, 100, 87, 55, 68, 5, 50, 45, 38, 68, 41, 29, 21, 0, 0, 4
86, 100, 49, 77, 28, 51, 26, 24, 51, 0, 100, 13, 63, 34, 0, 31, 6
0, 82, 26, 98, 59, 100, 67, 78, 55, 53, 49, 27, 65, 6, 100, 0, 2
0, 94, 63, 100, 100, 96, 81, 49, 82, 0, 44, 14, 11, 44, 89, 47, 7
