@relation penbased-4
@attribute At1 integer [0, 100]
@attribute At2 integer [0, 100]
@attribute At3 integer [0, 100]
@attribute At4 integer [0, 100]
@attribute At5 integer [0, 100]
@attribute At6 integer [0, 100]
@attribute At7 integer [0, 100]
@attribute At8 integer [0, 100]
@attribute At9 integer [0, 100]
@attribute At10 integer [0, 100]
@attribute At11 integer [0, 100]
@attribute At12 integer [0, 100]
@attribute At13 integer [0, 100]
@attribute At14 integer [0, 100]
@attribute At15 integer [0, 100]
@attribute At16 integer [0, 100]
@attribute Class {0, 1, 2, 3, 4, 5, 6, 7, 8, 9}
@inputs At1, At2, At3, At4, At5, At6, At7, At8, At9, At10, At11, At12, At13, At14, At15, At16
@outputs Class
@data
47, 100, 27, 81, 57, 37, 26, 0, 0, 23, 56, 53, 100, 90, 40, 98, 8
0, 100, 7, 92, 5, 68, 19, 45, 86, 34, 100, 45, 74, 23, 67, 0, 4
24, 66, 43, 100, 59, 65, 34, 28, 0, 1, 16, 11, 58, 0, 100, 1, 2
0, 73, 19, 99, 72, 100, 70, 73, 32, 48, 5, 18, 46, 0, 100, 0, 2
40, 99, 51, 66, 79, 26, 39, 0, 0, 27, 8, 77, 46, 100, 100, 94, 5
0, 98, 36, 100, 80, 85, 68, 42, 56, 0, 25, 23, 50, 37, 100, 32, 7
30, 86, 67, 100, 77, 77, 53, 50, 78, 40, 100, 17, 56, 0, 0, 5, 3
1, 88, 0, 54, 59, 31, 36, 0, 11, 28, 4, 68, 28, 97, 100, 100, 5
56, 99, 18, 72, 0, 24, 36, 0, 85, 23, 100, 69, 58, 100, 19, 74, 0
12, 78, 40, 100, 74, 77, 52, 41, 13, 14, 0, 17, 50, 8, 100, 0, 2
38, 94, 4, 63, 0, 20, 41, 0, 84, 19, 100, 60, 77, 98, 32, 100, 0
72, 100, 38, 88, 2, 57, 0, 19, 51, 0, 100, 20, 55, 34, 12, 7, 6
21, 88, 0, 57, 88, 58, 88, 18, 15, 0, 8, 42, 12, 83, 100, 100, 5
0, 65, 38, 79, 62, 100, 72, 86, 77, 65, 79, 43, 83, 21, 100, 0, 1
43, 94, 15, 66, 52, 38, 20, 0, 5, 35, 0, 83, 42, 100, 100, 98, 5
0, 88, 24, 68, 76, 33, 43, 0, 29, 32, 84, 66, 100, 100, 8, 89, 8
44, 66, 67, 100, 80, 62, 47, 25, 5, 0, 0, 3, 50, 4, 100, 7, 2
100, 100, 59, 79, 26, 54, 2, 28, 1, 0, 58, 0, 58, 21, 0, 19, 6
83, 86, 44, 100, 0, 74, 58, 67, 100, 94, 89, 63, 77, 31, 75, 0, 9
0, 97, 43, 100, 58, 62, 41, 17, 26, 0, 8, 36, 54, 34, 100, 33, 7
47, 100, 19, 67, 0, 30, 20, 0, 68, 5, 100, 33, 91, 72, 50, 88, 0
27, 100, 0, 74, 40, 54, 100, 59, 84, 91, 57, 64, 43, 32, 33, 0, 4
48, 95, 94, 100, 100, 73, 75, 47, 41, 25, 0, 5, 41, 1, 94, 0, 2
36, 90, 86, 100, 87, 73, 47, 49, 92, 44, 100, 16, 53, 0, 0, 1, 3
0, 89, 47, 100, 89, 87, 74, 61, 45, 37, 15, 14, 43, 0, 100, 1, 2
34, 76, 0, 41, 7, 0, 62, 0, 100, 33, 95, 74, 49, 100, 0, 83, 0
52, 80, 84, 100, 100, 75, 58, 53, 91, 48, 89, 10, 44, 0, 0, 16, 3
77, 100, 53, 90, 0, 43, 13, 0, 86, 34, 100, 84, 73, 51, 10, 9, 0
49, 54, 100, 78, 65, 100, 0, 82, 12, 60, 90, 64, 95, 33, 86, 0, 9
100, 100, 14, 90, 74, 55, 79, 97, 37, 62, 0, 39, 36, 0, 39, 44, 8
34, 79, 66, 100, 83, 72, 52, 51, 100, 49, 91, 13, 43, 0, 0, 14, 3
36, 63, 0, 67, 53, 84, 100, 100, 83, 74, 66, 47, 53, 21, 51, 0, 1
43, 99, 8, 68, 73, 74, 62, 25, 0, 0, 7, 49, 20, 96, 100, 100, 5
100, 100, 57, 78, 25, 53, 12, 26, 30, 0, 88, 7, 65, 28, 0, 21, 6
100, 100, 51, 85, 18, 58, 0, 28, 17, 0, 78, 1, 68, 20, 8, 12, 6
21, 85, 8, 46, 61, 47, 39, 0, 0, 13, 11, 66, 35, 98, 100, 100, 5
0, 36, 35, 56, 68, 78, 100, 100, 94, 76, 80, 51, 70, 25, 70, 0, 1
51, 100, 21, 77, 2, 49, 0, 20, 45, 0, 100, 17, 51, 27, 4, 7, 6
100, 100, 62, 86, 30, 66, 7, 41, 0, 12, 36, 0, 59, 18, 17, 25, 6
0, 72, 62, 95, 74, 100, 69, 74, 72, 49, 79, 23, 51, 0, 100, 0, 1
0, 92, 39, 100, 67, 79, 50, 37, 24, 0, 17, 22, 52, 41, 100, 46, 7
0, 79, 31, 94, 68, 100, 100, 88, 94, 62, 74, 39, 51, 18, 64, 0, 2
15, 90, 57, 100, 82, 85, 60, 62, 100, 47, 86, 23, 44, 8, 0, 0, 3
35, 96, 100, 100, 44, 93, 0, 73, 27, 60, 85, 46, 76, 17, 21, 0, 5
100, 82, 76, 100, 57, 78, 99, 87, 92, 68, 67, 40, 38, 14, 0, 0, 9
100, 77, 58, 100, 16, 69, 0, 27, 40, 0, 93, 15, 95, 58, 53, 89, 0
27, 100, 0, 64, 4, 8, 63, 0, 100, 46, 73, 96, 12, 79, 0, 25, 0
100, 100, 50, 76, 0, 36, 76, 35, 99, 62, 89, 96, 80, 45, 72, 0, 4
0, 75, 8, 100, 40, 91, 28, 59, 7, 31, 13, 8, 56, 5, 100, 0, 2
0, 90, 46, 100, 100, 98, 87, 76, 56, 56, 74, 34, 56, 12, 8, 0, 3
45, 70, 77, 35, 58, 0, 0, 10, 48, 42, 100, 71, 84, 100, 26, 81, 8
29, 75, 29, 85, 100, 100, 85, 81, 59, 61, 38, 41, 15, 20, 0, 0, 1
6, 100, 0, 80, 32, 54, 100, 59, 99, 99, 72, 77, 60, 38, 43, 0, 4
13, 95, 17, 66, 83, 35, 77, 0, 0, 14, 42, 49, 100, 81, 34, 100, 8
15, 73, 42, 100, 32, 72, 27, 39, 44, 7, 100, 0, 52, 5, 0, 3, 1
0, 96, 10, 100, 59, 99, 100, 87, 93, 64, 69, 43, 44, 22, 25, 0, 7
0, 98, 20, 100, 19, 70, 11, 40, 43, 27, 89, 42, 94, 29, 100, 0, 4
43, 75, 61, 100, 94, 86, 75, 47, 43, 14, 0, 2, 49, 0, 100, 1, 2
14, 70, 46, 100, 48, 78, 41, 36, 21, 0, 0, 3, 50, 1, 100, 1, 1
0, 84, 39, 100, 79, 78, 39, 55, 67, 48, 100, 21, 62, 0, 15, 10, 3
19, 100, 61, 98, 62, 56, 50, 14, 29, 0, 0, 35, 50, 40, 100, 39, 7
73, 64, 54, 100, 0, 75, 60, 40, 91, 0, 13, 13, 46, 55, 100, 87, 8
56, 97, 42, 100, 0, 74, 52, 60, 100, 81, 74, 60, 50, 30, 33, 0, 4
35, 100, 1, 77, 0, 57, 86, 62, 100, 77, 48, 81, 22, 41, 6, 0, 4
94, 100, 56, 74, 27, 46, 15, 13, 61, 0, 100, 20, 49, 31, 0, 19, 6
6, 43, 16, 2, 68, 0, 100, 35, 81, 75, 38, 100, 7, 63, 0, 22, 0
0, 81, 7, 96, 58, 100, 100, 100, 89, 75, 77, 50, 67, 25, 56, 0, 7
56, 60, 65, 100, 100, 83, 81, 39, 51, 0, 85, 16, 56, 50, 0, 55, 8
42, 100, 93, 98, 79, 64, 51, 31, 15, 0, 0, 30, 25, 53, 100, 52, 7
0, 42, 10, 60, 68, 83, 100, 100, 77, 75, 61, 50, 48, 25, 35, 0, 1
31, 93, 7, 59, 8, 20, 54, 0, 98, 27, 100, 65, 60, 94, 0, 100, 0
30, 100, 0, 78, 56, 82, 44, 78, 75, 51, 100, 22, 72, 0, 15, 7, 9
50, 100, 5, 82, 71, 42, 91, 0, 7, 18, 78, 56, 100, 92, 0, 90, 8
9, 100, 19, 75, 0, 35, 46, 35, 100, 34, 74, 67, 77, 27, 83, 0, 4
9, 78, 39, 100, 86, 87, 51, 58, 79, 50, 100, 19, 54, 0, 0, 11, 3
50, 60, 47, 100, 92, 95, 88, 47, 48, 15, 0, 0, 49, 5, 100, 3, 2
0, 55, 41, 82, 72, 100, 66, 65, 63, 29, 31, 0, 33, 4, 100, 5, 1
73, 100, 35, 81, 10, 51, 11, 19, 59, 0, 100, 19, 62, 44, 0, 47, 6
0, 93, 53, 100, 83, 84, 68, 43, 55, 0, 30, 22, 45, 46, 100, 51, 7
0, 66, 54, 79, 78, 100, 100, 86, 98, 63, 92, 42, 80, 20, 90, 0, 1
0, 92, 42, 100, 90, 100, 100, 83, 71, 63, 57, 40, 44, 17, 14, 0, 3
53, 81, 86, 100, 98, 69, 83, 37, 52, 9, 0, 3, 47, 0, 100, 2, 2
71, 92, 48, 62, 100, 82, 59, 100, 87, 75, 87, 47, 55, 0, 0, 5, 9
46, 88, 78, 100, 79, 67, 65, 47, 100, 32, 75, 7, 37, 0, 0, 5, 3
0, 77, 26, 100, 49, 87, 39, 54, 15, 26, 24, 11, 62, 4, 100, 0, 2
29, 100, 16, 77, 0, 41, 70, 34, 100, 64, 89, 67, 57, 34, 26, 0, 4
0, 96, 51, 100, 98, 88, 87, 61, 53, 42, 100, 27, 68, 7, 17, 0, 3
0, 94, 22, 100, 71, 94, 70, 51, 61, 0, 42, 9, 52, 32, 100, 20, 7
11, 85, 31, 100, 92, 95, 75, 63, 46, 36, 100, 16, 62, 0, 0, 9, 3
31, 91, 0, 85, 8, 45, 85, 44, 100, 82, 66, 100, 68, 50, 76, 0, 4
34, 29, 0, 51, 37, 76, 92, 100, 100, 80, 84, 53, 74, 26, 74, 0, 1
25, 89, 62, 100, 65, 78, 66, 52, 100, 33, 81, 7, 41, 0, 0, 3, 3
22, 100, 9, 68, 0, 35, 22, 16, 100, 18, 88, 37, 50, 33, 57, 0, 4
52, 100, 19, 73, 0, 44, 6, 14, 58, 0, 100, 17, 60, 36, 19, 20, 6
15, 100, 4, 75, 0, 50, 55, 41, 100, 57, 85, 49, 83, 24, 77, 0, 4
19, 83, 12, 55, 57, 31, 28, 0, 7, 35, 0, 73, 41, 97, 100, 100, 5
100, 94, 40, 100, 0, 68, 43, 35, 92, 5, 23, 0, 3, 34, 46, 68, 8
7, 100, 0, 73, 57, 81, 49, 80, 76, 52, 100, 23, 65, 0, 1, 2, 9
86, 86, 37, 100, 0, 74, 53, 62, 100, 86, 83, 66, 61, 32, 41, 0, 9
0, 80, 33, 100, 65, 77, 63, 39, 58, 0, 35, 25, 55, 39, 100, 41, 7
18, 26, 43, 0, 77, 5, 100, 43, 88, 86, 55, 100, 21, 88, 0, 52, 0
0, 90, 67, 100, 85, 68, 65, 34, 40, 0, 4, 16, 14, 40, 100, 44, 7
3, 92, 12, 64, 60, 28, 18, 0, 0, 32, 67, 55, 100, 91, 33, 100, 8
44, 68, 58, 44, 100, 7, 0, 0, 7, 36, 78, 68, 93, 100, 11, 74, 8
79, 100, 35, 80, 6, 52, 0, 22, 43, 0, 100, 6, 75, 31, 17, 31, 6
70, 100, 49, 82, 26, 52, 19, 20, 62, 3, 100, 19, 43, 20, 0, 0, 6
100, 100, 31, 89, 36, 55, 70, 22, 23, 0, 0, 28, 43, 58, 86, 89, 8
73, 100, 45, 79, 18, 49, 7, 16, 49, 0, 100, 14, 55, 21, 0, 12, 6
0, 89, 26, 100, 35, 51, 32, 0, 13, 13, 22, 32, 60, 40, 100, 46, 7
0, 84, 34, 100, 63, 75, 51, 39, 15, 16, 14, 27, 58, 14, 100, 0, 2
0, 57, 21, 69, 62, 83, 100, 100, 87, 87, 67, 59, 50, 30, 38, 0, 1
85, 100, 40, 99, 51, 71, 100, 96, 71, 91, 91, 57, 62, 24, 0, 0, 9
0, 39, 33, 59, 67, 79, 100, 100, 100, 88, 81, 59, 65, 30, 53, 0, 1
100, 100, 78, 91, 45, 70, 18, 47, 0, 22, 21, 0, 64, 11, 16, 15, 6
4, 86, 54, 100, 85, 72, 80, 32, 76, 0, 100, 37, 48, 40, 0, 38, 7
23, 100, 9, 78, 0, 45, 57, 28, 100, 38, 58, 62, 42, 32, 43, 0, 4
0, 100, 7, 88, 0, 58, 18, 34, 57, 30, 95, 39, 87, 24, 100, 0, 4
0, 93, 46, 100, 100, 80, 85, 47, 47, 18, 26, 0, 19, 33, 90, 30, 7
56, 100, 17, 77, 0, 46, 45, 27, 100, 42, 83, 53, 38, 28, 6, 0, 4
100, 94, 53, 80, 68, 39, 68, 0, 0, 0, 17, 36, 62, 69, 88, 100, 8
31, 99, 1, 59, 0, 2, 62, 0, 100, 47, 76, 100, 20, 83, 12, 28, 0
38, 100, 16, 80, 3, 50, 0, 20, 48, 5, 100, 20, 47, 24, 22, 0, 6
22, 98, 0, 57, 42, 35, 7, 0, 3, 36, 7, 86, 49, 100, 100, 98, 5
0, 94, 69, 100, 97, 69, 72, 34, 49, 0, 90, 32, 100, 50, 19, 49, 7
29, 83, 60, 100, 78, 64, 56, 27, 13, 2, 0, 19, 52, 18, 100, 0, 2
24, 68, 51, 60, 96, 97, 32, 100, 60, 75, 100, 49, 70, 0, 0, 3, 9
37, 80, 81, 100, 95, 70, 68, 39, 32, 11, 0, 10, 48, 17, 100, 0, 2
25, 77, 15, 82, 0, 40, 21, 0, 73, 0, 100, 38, 85, 79, 37, 100, 0
62, 57, 100, 85, 52, 100, 0, 76, 39, 64, 79, 57, 52, 24, 5, 0, 9
23, 96, 5, 56, 0, 15, 41, 0, 83, 25, 100, 63, 81, 100, 34, 98, 0
51, 95, 7, 60, 52, 40, 19, 0, 0, 26, 4, 77, 38, 99, 100, 100, 5
48, 100, 89, 100, 76, 77, 69, 56, 100, 35, 89, 11, 45, 0, 0, 8, 3
56, 100, 31, 83, 6, 59, 0, 33, 53, 32, 100, 47, 89, 26, 80, 0, 4
0, 70, 11, 100, 34, 88, 26, 55, 15, 23, 28, 0, 66, 7, 100, 19, 2
26, 100, 21, 65, 91, 32, 66, 0, 38, 25, 91, 61, 100, 99, 0, 98, 8
32, 84, 0, 55, 18, 1, 76, 0, 100, 52, 71, 100, 34, 61, 43, 5, 0
25, 84, 56, 54, 47, 17, 5, 0, 0, 35, 10, 72, 52, 90, 100, 100, 5
82, 100, 39, 78, 17, 48, 19, 17, 66, 0, 100, 21, 44, 31, 0, 13, 6
0, 97, 10, 100, 55, 93, 100, 89, 72, 67, 46, 45, 37, 18, 41, 0, 7
23, 88, 0, 55, 25, 50, 64, 20, 17, 0, 21, 54, 35, 97, 100, 100, 5
55, 82, 95, 100, 98, 83, 64, 62, 91, 38, 100, 13, 49, 0, 0, 8, 3
6, 100, 0, 93, 0, 67, 18, 43, 65, 46, 92, 50, 83, 24, 100, 0, 4
39, 96, 79, 100, 71, 71, 68, 55, 100, 34, 86, 4, 43, 0, 0, 11, 3
38, 100, 43, 85, 0, 60, 28, 51, 100, 61, 98, 54, 73, 25, 46, 0, 4
20, 100, 34, 63, 57, 25, 23, 0, 6, 39, 0, 81, 48, 95, 100, 95, 5
70, 100, 27, 75, 0, 39, 6, 0, 63, 2, 100, 33, 93, 71, 38, 74, 0
13, 100, 0, 54, 25, 13, 70, 0, 100, 35, 86, 81, 41, 94, 6, 62, 0
18, 100, 23, 69, 57, 39, 29, 0, 0, 27, 0, 75, 40, 94, 100, 99, 5
0, 54, 27, 64, 63, 83, 100, 100, 97, 78, 81, 53, 68, 26, 63, 0, 1
59, 100, 37, 69, 0, 34, 46, 33, 100, 38, 81, 51, 63, 43, 46, 0, 4
53, 100, 25, 70, 0, 39, 50, 34, 100, 42, 85, 64, 77, 32, 80, 0, 4
100, 93, 62, 77, 0, 61, 13, 88, 76, 100, 94, 67, 72, 33, 46, 0, 9
11, 80, 10, 25, 46, 0, 87, 11, 100, 61, 69, 97, 26, 100, 0, 61, 0
40, 88, 78, 100, 71, 66, 68, 61, 100, 39, 70, 7, 19, 0, 0, 27, 3
0, 85, 21, 100, 72, 84, 65, 43, 56, 0, 37, 1, 42, 28, 100, 28, 7
100, 100, 54, 80, 21, 50, 14, 13, 61, 0, 100, 19, 48, 22, 0, 8, 6
62, 86, 97, 100, 94, 71, 69, 46, 37, 22, 0, 2, 47, 0, 100, 1, 2
55, 77, 3, 100, 39, 57, 100, 16, 0, 0, 26, 38, 97, 77, 23, 78, 8
88, 59, 100, 100, 16, 85, 42, 45, 82, 8, 0, 0, 32, 40, 89, 77, 8
93, 87, 50, 73, 27, 81, 75, 100, 100, 80, 67, 52, 27, 27, 0, 0, 9
0, 89, 36, 100, 56, 72, 38, 40, 8, 13, 1, 0, 51, 1, 100, 0, 2
16, 68, 0, 40, 26, 0, 73, 10, 100, 50, 82, 93, 32, 100, 1, 73, 0
100, 100, 46, 91, 14, 64, 0, 32, 8, 0, 62, 0, 55, 27, 6, 27, 6
100, 100, 38, 87, 25, 72, 19, 58, 12, 43, 6, 28, 0, 14, 6, 0, 1
0, 95, 44, 100, 76, 78, 72, 39, 63, 0, 52, 12, 54, 40, 100, 46, 7
38, 99, 6, 52, 14, 0, 75, 3, 100, 51, 73, 100, 14, 83, 0, 33, 0
75, 100, 35, 82, 2, 53, 0, 21, 44, 0, 100, 8, 68, 31, 16, 21, 6
0, 91, 41, 100, 67, 76, 53, 61, 99, 48, 100, 15, 54, 0, 6, 7, 3
9, 98, 29, 65, 81, 99, 10, 100, 58, 75, 100, 62, 87, 17, 0, 0, 9
0, 89, 78, 100, 100, 82, 66, 45, 58, 5, 33, 0, 12, 26, 98, 36, 7
49, 100, 17, 82, 0, 61, 0, 40, 49, 38, 100, 42, 88, 21, 84, 0, 4
15, 77, 75, 100, 100, 100, 91, 58, 91, 16, 49, 0, 0, 6, 78, 4, 1
97, 89, 68, 100, 32, 68, 13, 32, 39, 0, 100, 10, 46, 26, 0, 10, 6
13, 85, 76, 100, 100, 69, 74, 35, 40, 1, 12, 0, 0, 33, 81, 37, 7
47, 100, 38, 94, 12, 68, 0, 42, 48, 39, 100, 52, 80, 26, 83, 0, 4
13, 92, 6, 38, 34, 0, 79, 8, 100, 55, 79, 100, 34, 100, 0, 66, 0
0, 93, 64, 100, 100, 80, 76, 44, 52, 8, 27, 0, 30, 24, 96, 31, 7
88, 81, 51, 100, 11, 79, 60, 69, 100, 69, 95, 24, 53, 0, 0, 1, 9
55, 99, 55, 68, 77, 26, 38, 0, 0, 13, 20, 56, 49, 92, 100, 100, 5
32, 90, 65, 100, 100, 90, 75, 71, 59, 50, 68, 27, 39, 10, 0, 0, 3
55, 95, 0, 73, 5, 37, 90, 36, 100, 75, 84, 100, 76, 50, 65, 0, 4
35, 100, 0, 80, 45, 41, 96, 3, 44, 0, 34, 38, 100, 67, 78, 93, 8
30, 100, 11, 73, 0, 44, 75, 44, 100, 63, 97, 61, 84, 30, 79, 0, 4
57, 72, 100, 93, 47, 100, 0, 78, 52, 71, 94, 57, 69, 28, 39, 0, 9
25, 81, 35, 52, 74, 23, 28, 0, 12, 35, 0, 71, 25, 96, 100, 100, 5
19, 100, 0, 71, 10, 43, 53, 34, 93, 43, 100, 55, 80, 27, 59, 0, 4
14, 83, 51, 100, 100, 84, 54, 50, 16, 15, 0, 0, 11, 34, 92, 38, 7
100, 80, 60, 71, 45, 94, 88, 100, 88, 70, 67, 42, 34, 18, 0, 0, 9
0, 51, 56, 74, 100, 100, 85, 91, 75, 63, 75, 36, 80, 8, 85, 0, 1
78, 88, 4, 100, 0, 73, 86, 85, 100, 91, 76, 61, 58, 30, 64, 0, 9
8, 72, 41, 100, 70, 72, 47, 35, 9, 7, 0, 6, 50, 9, 100, 0, 2
19, 78, 0, 36, 25, 0, 71, 4, 100, 39, 90, 84, 49, 100, 10, 76, 0
100, 100, 58, 93, 25, 70, 6, 43, 0, 16, 37, 0, 60, 23, 18, 37, 6
100, 100, 44, 81, 11, 53, 0, 22, 42, 0, 95, 21, 56, 40, 2, 18, 6
17, 83, 57, 100, 87, 83, 61, 58, 27, 36, 0, 13, 51, 8, 100, 0, 2
16, 100, 9, 74, 0, 33, 23, 0, 77, 13, 100, 50, 70, 80, 15, 74, 0
0, 86, 35, 100, 66, 81, 66, 55, 51, 30, 26, 8, 49, 0, 100, 1, 2
100, 100, 54, 87, 20, 60, 4, 27, 27, 0, 71, 16, 53, 44, 0, 45, 6
15, 67, 0, 24, 32, 0, 76, 24, 100, 62, 86, 100, 37, 90, 3, 57, 0
100, 100, 44, 80, 11, 47, 0, 11, 56, 0, 100, 30, 55, 44, 0, 19, 6
100, 86, 47, 100, 0, 73, 42, 43, 85, 15, 28, 0, 37, 36, 84, 66, 8
31, 100, 34, 63, 75, 30, 36, 0, 0, 25, 7, 69, 37, 97, 100, 96, 5
38, 80, 91, 100, 82, 97, 73, 56, 75, 15, 9, 0, 0, 0, 100, 8, 1
28, 81, 59, 100, 100, 94, 78, 68, 51, 44, 83, 25, 44, 8, 0, 0, 3
46, 99, 7, 100, 37, 80, 56, 97, 90, 64, 100, 24, 57, 0, 0, 6, 9
47, 72, 69, 100, 100, 83, 83, 46, 47, 17, 0, 0, 40, 7, 94, 4, 2
6, 90, 0, 45, 21, 0, 72, 0, 100, 41, 86, 88, 37, 100, 9, 59, 0
0, 83, 37, 99, 81, 100, 100, 74, 84, 36, 65, 0, 33, 8, 55, 27, 7
18, 100, 13, 78, 0, 46, 57, 37, 100, 50, 85, 66, 83, 33, 84, 0, 4
38, 100, 23, 84, 6, 59, 0, 35, 45, 21, 100, 35, 85, 24, 98, 0, 4
45, 85, 75, 100, 70, 63, 43, 29, 5, 4, 0, 1, 50, 0, 100, 0, 2
24, 91, 49, 100, 68, 84, 51, 59, 78, 37, 100, 15, 56, 1, 0, 0, 3
44, 75, 90, 100, 83, 86, 67, 46, 51, 6, 0, 0, 27, 3, 100, 2, 1
40, 100, 16, 70, 0, 33, 20, 0, 70, 13, 100, 45, 88, 82, 37, 85, 0
80, 100, 27, 78, 0, 42, 21, 6, 99, 8, 100, 37, 19, 30, 10, 0, 6
48, 100, 31, 64, 3, 31, 0, 21, 62, 16, 100, 35, 93, 37, 89, 0, 4
79, 100, 35, 86, 60, 67, 100, 85, 89, 71, 70, 43, 40, 19, 0, 0, 9
0, 56, 76, 49, 100, 11, 31, 0, 45, 39, 95, 73, 71, 100, 11, 74, 8
36, 100, 84, 94, 51, 53, 28, 92, 81, 80, 100, 29, 51, 0, 0, 31, 9
2, 100, 58, 99, 63, 67, 38, 34, 19, 0, 0, 32, 42, 44, 100, 44, 7
0, 92, 49, 100, 100, 83, 80, 45, 71, 6, 64, 0, 36, 31, 100, 42, 7
0, 44, 28, 59, 67, 78, 100, 100, 89, 83, 75, 56, 65, 28, 67, 0, 1
0, 56, 15, 73, 65, 94, 100, 100, 91, 75, 82, 50, 79, 25, 94, 0, 1
4, 100, 36, 99, 44, 59, 39, 20, 29, 0, 0, 31, 49, 39, 100, 42, 7
64, 89, 66, 58, 74, 8, 0, 0, 20, 41, 92, 64, 100, 100, 24, 95, 8
44, 56, 99, 74, 100, 100, 30, 80, 0, 49, 74, 64, 62, 39, 36, 0, 9
34, 100, 0, 62, 71, 54, 76, 11, 16, 0, 10, 48, 22, 88, 100, 95, 5
12, 87, 0, 44, 20, 4, 66, 0, 100, 30, 89, 75, 49, 100, 13, 77, 0
10, 77, 37, 100, 90, 88, 72, 57, 99, 52, 100, 18, 48, 0, 0, 17, 3
0, 63, 38, 79, 75, 99, 100, 100, 88, 75, 78, 48, 70, 22, 58, 0, 1
8, 85, 67, 100, 74, 68, 44, 34, 12, 0, 0, 31, 34, 46, 100, 46, 7
0, 52, 23, 0, 79, 5, 100, 58, 59, 60, 74, 64, 79, 100, 27, 74, 0
0, 70, 14, 97, 66, 100, 100, 79, 66, 55, 94, 27, 90, 0, 41, 2, 3
27, 100, 28, 96, 0, 64, 3, 37, 88, 43, 100, 68, 94, 33, 100, 0, 4
100, 77, 53, 73, 18, 92, 60, 100, 84, 74, 71, 42, 41, 16, 0, 0, 9
30, 87, 65, 100, 83, 80, 73, 61, 100, 39, 81, 14, 41, 0, 0, 4, 3
44, 73, 77, 100, 100, 68, 78, 28, 68, 0, 100, 33, 56, 51, 0, 53, 8
17, 83, 2, 54, 0, 13, 47, 0, 90, 26, 100, 68, 71, 100, 26, 79, 0
62, 100, 36, 92, 12, 57, 12, 19, 61, 0, 100, 22, 51, 41, 0, 27, 6
0, 28, 22, 49, 58, 74, 92, 100, 100, 90, 78, 59, 55, 29, 46, 0, 1
100, 94, 53, 100, 21, 84, 14, 52, 62, 44, 81, 14, 43, 0, 0, 17, 5
20, 100, 17, 60, 51, 27, 17, 0, 6, 40, 0, 82, 42, 96, 100, 96, 5
13, 100, 10, 79, 0, 48, 4, 19, 75, 22, 87, 49, 89, 29, 100, 0, 4
16, 89, 54, 100, 94, 88, 61, 65, 100, 43, 96, 12, 50, 1, 0, 0, 3
24, 91, 10, 69, 65, 40, 46, 0, 0, 11, 8, 57, 29, 98, 100, 100, 5
2, 98, 80, 100, 100, 75, 56, 39, 26, 0, 5, 1, 0, 28, 80, 29, 7
72, 77, 97, 100, 100, 73, 74, 42, 40, 16, 0, 0, 36, 6, 82, 4, 2
21, 93, 0, 65, 56, 35, 48, 0, 17, 26, 61, 60, 100, 95, 32, 100, 8
0, 93, 43, 100, 78, 77, 60, 39, 52, 0, 34, 12, 43, 38, 100, 32, 7
23, 100, 46, 57, 100, 79, 49, 89, 0, 48, 20, 0, 79, 22, 24, 53, 8
100, 100, 89, 94, 89, 79, 78, 63, 56, 47, 33, 31, 22, 16, 0, 0, 1
100, 100, 56, 65, 0, 36, 3, 34, 80, 33, 99, 54, 68, 38, 36, 0, 4
74, 100, 46, 72, 8, 49, 0, 38, 52, 34, 100, 41, 96, 32, 96, 0, 4
47, 93, 92, 100, 100, 96, 55, 84, 60, 57, 83, 25, 45, 5, 0, 0, 5
24, 77, 18, 34, 46, 0, 89, 20, 100, 62, 78, 100, 31, 90, 0, 55, 0
15, 73, 23, 44, 41, 6, 1, 0, 0, 44, 18, 90, 59, 100, 100, 90, 5
24, 82, 62, 100, 76, 71, 52, 40, 13, 16, 0, 13, 52, 13, 100, 0, 2
56, 88, 10, 61, 0, 15, 50, 0, 91, 35, 100, 81, 52, 100, 9, 67, 0
21, 100, 1, 76, 0, 47, 65, 41, 100, 58, 83, 61, 75, 30, 75, 0, 4
0, 96, 41, 100, 100, 88, 59, 49, 34, 0, 53, 4, 64, 33, 8, 34, 7
100, 100, 53, 87, 24, 59, 2, 31, 0, 0, 50, 4, 62, 30, 12, 32, 6
37, 82, 18, 81, 58, 46, 56, 2, 0, 0, 12, 47, 37, 90, 100, 100, 5
18, 82, 53, 100, 76, 79, 45, 64, 90, 45, 100, 14, 52, 0, 0, 5, 3
0, 57, 33, 76, 70, 96, 100, 100, 92, 75, 86, 50, 83, 25, 83, 0, 1
0, 55, 35, 84, 60, 100, 50, 65, 47, 29, 15, 0, 31, 4, 100, 6, 1
49, 73, 83, 100, 76, 91, 59, 57, 37, 24, 0, 0, 38, 7, 100, 6, 1
0, 78, 31, 100, 66, 77, 58, 34, 20, 12, 15, 21, 58, 13, 100, 0, 2
0, 91, 53, 100, 97, 88, 79, 65, 47, 45, 15, 23, 39, 5, 100, 0, 2
38, 69, 43, 95, 100, 100, 96, 73, 53, 51, 76, 26, 52, 0, 0, 2, 3
0, 55, 50, 77, 100, 100, 86, 88, 71, 63, 67, 37, 69, 12, 86, 0, 1
0, 88, 43, 100, 78, 81, 78, 43, 79, 5, 60, 0, 50, 24, 100, 31, 7
92, 100, 45, 88, 19, 53, 20, 14, 69, 0, 100, 31, 48, 37, 0, 13, 6
14, 100, 10, 84, 0, 55, 52, 43, 100, 57, 98, 59, 85, 29, 72, 0, 4
0, 71, 29, 100, 70, 88, 65, 38, 28, 10, 11, 16, 56, 11, 100, 0, 2
100, 100, 48, 84, 15, 53, 1, 19, 47, 0, 100, 24, 60, 39, 0, 19, 6
82, 86, 0, 67, 38, 29, 96, 0, 25, 20, 65, 61, 100, 100, 18, 73, 8
0, 30, 41, 53, 82, 77, 100, 100, 71, 76, 59, 50, 59, 25, 65, 0, 1
67, 100, 35, 79, 17, 48, 24, 15, 70, 0, 100, 21, 45, 21, 0, 3, 6
0, 94, 41, 100, 71, 77, 53, 39, 42, 0, 15, 32, 47, 42, 100, 40, 7
99, 82, 66, 100, 0, 85, 13, 56, 84, 67, 100, 68, 85, 33, 70, 0, 9
100, 86, 49, 100, 3, 79, 37, 43, 59, 5, 9, 0, 0, 40, 43, 70, 8
64, 86, 47, 96, 100, 100, 90, 63, 50, 35, 0, 14, 32, 15, 86, 0, 2
1, 13, 46, 53, 72, 100, 13, 97, 39, 54, 100, 23, 56, 0, 0, 19, 8
13, 90, 44, 100, 91, 99, 80, 71, 100, 43, 92, 17, 47, 5, 0, 0, 3
85, 98, 39, 100, 7, 60, 0, 16, 54, 0, 100, 28, 40, 38, 5, 9, 6
12, 97, 0, 100, 58, 98, 100, 84, 93, 62, 71, 41, 46, 21, 32, 0, 7
52, 82, 3, 50, 100, 72, 64, 100, 0, 62, 84, 76, 86, 50, 77, 0, 9
46, 100, 2, 72, 0, 47, 76, 48, 100, 77, 78, 64, 45, 32, 19, 0, 4
69, 94, 0, 81, 73, 55, 100, 21, 32, 0, 20, 33, 58, 67, 51, 100, 8
0, 29, 4, 45, 41, 71, 78, 96, 100, 100, 75, 67, 50, 33, 25, 0, 1
52, 84, 79, 100, 100, 84, 77, 63, 72, 34, 67, 8, 33, 0, 0, 2, 3
28, 100, 21, 67, 63, 34, 39, 0, 7, 29, 0, 68, 25, 95, 100, 96, 5
21, 100, 0, 79, 0, 54, 42, 37, 83, 52, 79, 49, 81, 24, 100, 0, 4
45, 78, 6, 48, 0, 2, 46, 0, 83, 34, 100, 80, 63, 100, 19, 78, 0
81, 72, 58, 100, 0, 81, 43, 57, 82, 76, 100, 37, 87, 0, 17, 1, 9
35, 100, 22, 64, 0, 38, 100, 42, 94, 61, 68, 78, 63, 39, 45, 0, 4
82, 100, 30, 90, 0, 59, 0, 25, 45, 0, 100, 15, 71, 40, 10, 33, 6
48, 74, 88, 95, 100, 100, 78, 75, 66, 49, 64, 23, 32, 0, 0, 1, 1
46, 78, 26, 54, 84, 100, 0, 75, 24, 42, 29, 0, 100, 44, 20, 39, 8
0, 0, 42, 11, 83, 34, 100, 68, 77, 100, 29, 99, 41, 69, 90, 61, 9
86, 83, 40, 100, 0, 72, 49, 37, 63, 0, 10, 20, 52, 55, 100, 82, 8
100, 96, 56, 69, 0, 63, 35, 98, 98, 100, 94, 57, 59, 20, 40, 0, 9
40, 100, 9, 66, 0, 26, 43, 0, 100, 17, 100, 56, 61, 88, 0, 89, 0
55, 90, 44, 56, 29, 13, 0, 0, 28, 38, 64, 69, 100, 100, 63, 99, 8
100, 100, 47, 82, 13, 57, 0, 31, 8, 6, 92, 0, 97, 20, 5, 27, 6
33, 76, 51, 100, 77, 77, 41, 42, 0, 15, 2, 0, 51, 5, 100, 12, 2
100, 100, 57, 83, 24, 57, 3, 27, 25, 0, 78, 6, 54, 23, 0, 17, 6
95, 100, 64, 81, 36, 49, 27, 12, 75, 0, 100, 27, 51, 41, 0, 28, 6
100, 75, 41, 68, 0, 79, 44, 100, 89, 91, 91, 61, 85, 30, 86, 0, 9
8, 92, 52, 100, 91, 88, 76, 61, 92, 37, 100, 14, 51, 3, 0, 0, 3
14, 77, 53, 100, 79, 77, 43, 46, 83, 36, 100, 9, 50, 0, 0, 1, 3
0, 91, 34, 100, 62, 78, 58, 38, 46, 0, 31, 34, 57, 55, 100, 59, 7
26, 89, 0, 74, 1, 30, 35, 0, 80, 10, 100, 50, 86, 92, 46, 100, 0
51, 100, 0, 69, 16, 52, 84, 58, 100, 74, 61, 83, 40, 41, 16, 0, 4
11, 69, 42, 100, 73, 71, 56, 29, 19, 0, 0, 11, 50, 13, 100, 7, 2
80, 100, 59, 97, 26, 71, 0, 43, 28, 23, 94, 38, 100, 28, 81, 0, 4
54, 97, 20, 73, 48, 34, 35, 0, 0, 22, 50, 50, 100, 78, 71, 100, 8
0, 58, 40, 72, 74, 90, 100, 100, 89, 74, 78, 47, 69, 19, 68, 0, 1
100, 87, 9, 100, 0, 67, 74, 37, 94, 0, 21, 15, 60, 56, 93, 94, 8
51, 62, 56, 100, 1, 82, 33, 42, 65, 1, 0, 0, 32, 40, 100, 65, 8
0, 64, 26, 81, 74, 100, 100, 98, 80, 74, 67, 49, 62, 24, 70, 0, 1
36, 52, 0, 50, 6, 6, 56, 0, 97, 30, 100, 76, 58, 100, 24, 68, 0
0, 59, 46, 76, 100, 100, 100, 100, 79, 76, 57, 50, 46, 24, 50, 0, 1
20, 100, 34, 93, 0, 53, 4, 38, 88, 50, 100, 72, 99, 30, 96, 0, 4
13, 78, 35, 100, 83, 96, 63, 66, 27, 42, 0, 13, 43, 0, 100, 1, 2
34, 86, 6, 50, 0, 9, 49, 0, 89, 29, 100, 70, 66, 100, 21, 76, 0
0, 95, 27, 100, 32, 63, 15, 31, 11, 10, 41, 7, 70, 3, 100, 0, 2
24, 100, 12, 89, 0, 55, 28, 39, 73, 53, 100, 61, 74, 32, 58, 0, 4
100, 92, 60, 100, 57, 80, 94, 97, 81, 72, 64, 43, 34, 20, 0, 0, 9
16, 100, 24, 89, 9, 55, 0, 21, 63, 19, 97, 42, 95, 27, 100, 0, 4
0, 55, 41, 73, 70, 95, 94, 100, 93, 75, 89, 50, 91, 24, 100, 0, 1
18, 68, 0, 21, 44, 0, 89, 22, 100, 75, 58, 100, 11, 81, 1, 31, 0
0, 79, 28, 100, 54, 90, 46, 62, 28, 36, 18, 9, 52, 0, 100, 5, 2
13, 88, 60, 100, 100, 86, 64, 59, 72, 42, 98, 17, 50, 3, 0, 0, 3
10, 95, 64, 100, 82, 67, 70, 30, 73, 0, 100, 33, 52, 38, 0, 42, 7
19, 100, 16, 55, 10, 96, 16, 48, 24, 2, 0, 0, 50, 11, 100, 16, 1
41, 100, 0, 84, 16, 56, 95, 55, 100, 86, 70, 64, 51, 32, 42, 0, 4
100, 100, 48, 100, 9, 68, 0, 31, 35, 0, 100, 1, 76, 29, 19, 15, 6
0, 40, 30, 61, 67, 82, 100, 100, 88, 75, 72, 49, 56, 25, 40, 0, 1
0, 62, 35, 70, 68, 85, 100, 100, 99, 80, 90, 53, 85, 27, 87, 0, 1
28, 77, 10, 76, 61, 41, 66, 0, 0, 6, 3, 53, 27, 95, 100, 100, 5
0, 39, 22, 58, 61, 79, 99, 100, 100, 81, 88, 54, 86, 26, 97, 0, 1
45, 100, 68, 64, 100, 24, 39, 0, 5, 33, 68, 65, 85, 97, 0, 97, 8
16, 83, 0, 47, 66, 62, 86, 23, 19, 0, 8, 48, 12, 94, 100, 100, 5
27, 85, 68, 100, 100, 86, 54, 69, 84, 49, 98, 23, 54, 5, 0, 0, 3
0, 73, 45, 86, 90, 100, 100, 90, 86, 68, 73, 45, 66, 23, 62, 0, 1
100, 100, 72, 90, 41, 62, 12, 31, 9, 0, 57, 10, 47, 33, 0, 23, 6
42, 59, 53, 100, 87, 81, 61, 41, 22, 12, 0, 1, 50, 1, 100, 0, 2
0, 57, 31, 69, 66, 85, 100, 100, 88, 75, 73, 50, 61, 23, 53, 0, 1
100, 66, 61, 100, 0, 51, 8, 0, 82, 32, 92, 89, 64, 61, 8, 8, 0
11, 58, 85, 41, 87, 0, 0, 9, 23, 50, 100, 78, 71, 100, 10, 77, 8
73, 100, 28, 85, 0, 62, 5, 37, 60, 32, 100, 42, 82, 25, 66, 0, 4
0, 59, 41, 80, 94, 100, 100, 91, 68, 68, 35, 45, 6, 22, 0, 0, 1
36, 78, 66, 100, 83, 82, 81, 59, 100, 30, 82, 3, 38, 0, 0, 16, 3
0, 57, 12, 100, 47, 86, 40, 39, 10, 6, 16, 3, 58, 6, 100, 0, 2
3, 85, 42, 100, 88, 89, 65, 60, 26, 36, 0, 11, 51, 0, 100, 2, 2
37, 90, 31, 68, 100, 85, 49, 100, 0, 81, 75, 67, 67, 33, 34, 0, 9
69, 48, 100, 74, 76, 100, 26, 86, 0, 56, 46, 44, 81, 34, 77, 0, 9
66, 100, 30, 87, 8, 56, 0, 21, 31, 0, 75, 17, 100, 47, 89, 79, 0
49, 91, 14, 65, 0, 31, 18, 0, 81, 6, 100, 38, 86, 72, 49, 100, 0
62, 80, 5, 65, 2, 100, 64, 94, 90, 58, 100, 19, 57, 0, 0, 24, 9
16, 89, 50, 100, 71, 67, 45, 35, 0, 19, 10, 30, 57, 19, 100, 0, 2
6, 88, 8, 57, 48, 28, 23, 0, 5, 32, 0, 73, 41, 97, 100, 100, 5
0, 71, 24, 100, 60, 100, 61, 63, 41, 29, 16, 0, 58, 3, 100, 2, 2
0, 0, 36, 9, 69, 28, 91, 51, 100, 78, 81, 100, 47, 86, 64, 63, 9
97, 95, 25, 82, 100, 81, 67, 100, 0, 84, 83, 67, 40, 34, 13, 0, 9
50, 100, 22, 84, 0, 54, 45, 34, 100, 41, 100, 64, 88, 32, 84, 0, 4
100, 100, 53, 89, 17, 60, 4, 28, 33, 0, 90, 18, 60, 42, 0, 22, 6
26, 93, 61, 100, 69, 74, 79, 55, 100, 32, 81, 8, 41, 0, 0, 4, 3
43, 67, 83, 33, 78, 0, 9, 9, 57, 41, 100, 73, 57, 100, 0, 78, 8
49, 75, 44, 100, 23, 73, 43, 37, 47, 0, 0, 16, 40, 45, 100, 68, 8
69, 84, 31, 100, 29, 65, 76, 86, 81, 76, 100, 31, 58, 4, 0, 0, 9
0, 75, 28, 100, 65, 93, 43, 59, 12, 29, 12, 3, 56, 0, 100, 3, 2
53, 61, 100, 73, 92, 100, 55, 72, 58, 36, 51, 1, 0, 0, 29, 31, 8
0, 99, 37, 100, 72, 81, 73, 37, 49, 0, 33, 24, 62, 40, 100, 44, 7
60, 100, 35, 75, 8, 47, 0, 17, 46, 0, 100, 12, 70, 26, 25, 6, 6
80, 86, 46, 100, 0, 78, 42, 57, 100, 75, 98, 62, 88, 29, 75, 0, 9
59, 78, 60, 100, 7, 94, 0, 65, 53, 57, 100, 42, 80, 14, 32, 0, 9
86, 59, 56, 100, 0, 81, 48, 42, 71, 0, 11, 8, 45, 52, 100, 88, 8
100, 100, 69, 91, 43, 72, 18, 49, 0, 22, 16, 0, 34, 11, 3, 10, 6
17, 97, 3, 55, 14, 10, 66, 0, 100, 37, 90, 83, 39, 100, 0, 66, 0
0, 64, 31, 79, 72, 100, 100, 98, 87, 74, 74, 49, 72, 24, 82, 0, 1
39, 84, 17, 56, 31, 11, 74, 0, 100, 38, 87, 81, 44, 100, 0, 87, 0
53, 100, 26, 69, 9, 34, 18, 0, 79, 2, 100, 32, 38, 28, 0, 1, 6
0, 93, 8, 100, 64, 98, 100, 83, 88, 62, 64, 42, 42, 21, 35, 0, 7
70, 100, 27, 95, 49, 70, 93, 87, 90, 50, 100, 9, 52, 0, 0, 4, 9
48, 87, 13, 59, 0, 10, 43, 0, 84, 29, 100, 77, 64, 100, 26, 68, 0
90, 68, 41, 64, 15, 88, 68, 100, 100, 78, 75, 49, 40, 23, 0, 0, 9
24, 90, 46, 70, 100, 91, 45, 100, 0, 77, 66, 73, 69, 38, 45, 0, 9
95, 69, 60, 100, 35, 66, 63, 28, 24, 0, 0, 23, 41, 56, 100, 82, 8
100, 100, 54, 84, 18, 58, 0, 27, 24, 0, 78, 1, 62, 29, 6, 34, 6
55, 100, 9, 78, 0, 36, 29, 0, 83, 17, 100, 58, 79, 97, 21, 89, 0
0, 37, 34, 55, 68, 77, 100, 100, 72, 77, 50, 52, 30, 26, 22, 0, 1
0, 97, 49, 100, 100, 95, 89, 60, 60, 28, 30, 0, 24, 36, 77, 39, 7
36, 74, 77, 100, 69, 68, 50, 24, 35, 0, 0, 9, 50, 12, 100, 18, 1
13, 74, 0, 44, 31, 0, 86, 4, 100, 55, 67, 100, 18, 84, 23, 30, 0
0, 97, 55, 100, 100, 82, 87, 48, 64, 15, 41, 0, 15, 32, 69, 43, 7
21, 97, 0, 61, 11, 14, 60, 0, 100, 30, 92, 78, 49, 100, 23, 76, 0
38, 84, 23, 100, 68, 93, 41, 64, 78, 52, 100, 24, 60, 0, 0, 1, 3
26, 88, 9, 63, 0, 20, 36, 0, 80, 18, 100, 57, 76, 94, 31, 100, 0
53, 80, 78, 100, 14, 80, 55, 65, 92, 64, 100, 24, 50, 0, 0, 20, 9
39, 100, 16, 74, 40, 57, 14, 80, 32, 35, 0, 7, 18, 0, 100, 8, 1
29, 87, 100, 100, 83, 97, 10, 84, 31, 63, 93, 46, 66, 17, 0, 0, 5
2, 91, 80, 100, 82, 67, 57, 33, 28, 0, 0, 17, 13, 40, 100, 44, 7
30, 100, 15, 76, 0, 48, 55, 39, 96, 56, 100, 55, 76, 28, 58, 0, 4
100, 100, 55, 81, 22, 56, 0, 25, 25, 0, 74, 12, 58, 39, 8, 40, 6
34, 90, 35, 62, 51, 24, 8, 0, 0, 40, 1, 82, 46, 100, 100, 99, 5
57, 70, 81, 100, 72, 71, 60, 35, 50, 0, 0, 4, 49, 6, 100, 9, 1
100, 100, 61, 84, 24, 57, 0, 26, 25, 0, 80, 13, 62, 40, 13, 33, 6
60, 100, 45, 92, 21, 63, 0, 33, 38, 26, 86, 40, 100, 30, 91, 0, 4
0, 92, 40, 100, 100, 99, 84, 65, 48, 33, 13, 0, 12, 26, 74, 28, 7
25, 100, 82, 99, 81, 65, 51, 32, 14, 0, 0, 1, 14, 35, 100, 42, 7
63, 81, 92, 100, 100, 70, 76, 38, 43, 10, 0, 0, 46, 4, 97, 7, 2
0, 34, 16, 54, 51, 77, 89, 100, 86, 75, 73, 50, 70, 24, 100, 0, 1
36, 97, 0, 59, 9, 14, 61, 0, 99, 34, 100, 81, 53, 100, 5, 73, 0
100, 84, 56, 96, 2, 100, 3, 58, 37, 52, 78, 31, 46, 0, 0, 10, 5
78, 100, 30, 74, 5, 44, 0, 13, 60, 0, 100, 26, 48, 39, 2, 15, 6
85, 100, 37, 79, 13, 47, 14, 14, 67, 0, 100, 26, 51, 40, 0, 21, 6
0, 61, 42, 81, 100, 100, 67, 80, 50, 60, 25, 40, 17, 20, 50, 0, 1
0, 90, 22, 62, 79, 45, 56, 0, 22, 40, 4, 93, 25, 99, 100, 100, 5
26, 100, 3, 75, 0, 35, 25, 3, 70, 0, 100, 29, 86, 66, 48, 88, 0
5, 28, 50, 60, 69, 100, 17, 90, 60, 58, 100, 24, 49, 0, 0, 22, 8
62, 100, 30, 75, 0, 49, 52, 44, 100, 49, 87, 58, 66, 29, 50, 0, 4
5, 100, 10, 71, 33, 71, 33, 80, 48, 37, 40, 0, 0, 4, 100, 6, 1
26, 90, 75, 74, 70, 100, 0, 85, 83, 80, 100, 52, 61, 20, 9, 0, 9
29, 76, 52, 100, 100, 96, 86, 70, 58, 46, 55, 29, 51, 5, 0, 0, 3
53, 57, 100, 80, 67, 100, 0, 87, 15, 66, 84, 58, 77, 29, 49, 0, 9
100, 100, 70, 81, 38, 56, 14, 27, 32, 0, 86, 7, 53, 22, 0, 16, 6
25, 88, 39, 61, 92, 24, 27, 0, 15, 33, 77, 68, 100, 100, 0, 88, 8
0, 61, 35, 82, 95, 100, 100, 90, 70, 68, 45, 46, 22, 23, 12, 0, 1
0, 90, 47, 100, 86, 83, 66, 43, 55, 0, 41, 3, 40, 39, 100, 36, 7
84, 54, 26, 47, 0, 75, 40, 100, 93, 90, 100, 55, 70, 24, 25, 0, 9
43, 84, 36, 63, 100, 38, 75, 0, 33, 24, 61, 66, 61, 100, 0, 73, 8
0, 82, 30, 100, 64, 78, 50, 38, 55, 0, 25, 35, 46, 46, 100, 44, 7
15, 55, 0, 35, 15, 1, 54, 0, 88, 19, 100, 53, 80, 85, 45, 100, 0
23, 87, 57, 100, 66, 72, 56, 60, 98, 40, 100, 8, 46, 0, 0, 15, 3
52, 100, 0, 83, 16, 60, 85, 55, 100, 72, 66, 54, 43, 27, 20, 0, 4
100, 100, 39, 93, 43, 59, 70, 25, 32, 0, 0, 24, 34, 56, 79, 84, 8
0, 86, 40, 100, 85, 89, 53, 63, 53, 41, 100, 26, 74, 4, 22, 0, 3
100, 89, 71, 100, 48, 79, 84, 96, 85, 70, 62, 39, 33, 11, 0, 0, 9
15, 85, 0, 40, 18, 0, 64, 8, 93, 44, 100, 89, 58, 100, 16, 79, 0
0, 91, 44, 100, 74, 78, 71, 51, 48, 26, 12, 5, 42, 0, 100, 1, 2
100, 98, 58, 100, 23, 90, 32, 60, 72, 57, 69, 19, 33, 0, 0, 14, 5
48, 68, 59, 95, 100, 100, 78, 62, 43, 31, 0, 9, 40, 11, 88, 0, 2
100, 100, 85, 97, 65, 65, 49, 33, 46, 0, 86, 10, 47, 24, 0, 19, 6
0, 94, 39, 100, 54, 63, 55, 20, 47, 0, 19, 32, 58, 35, 100, 36, 7
22, 100, 1, 52, 63, 67, 62, 21, 0, 0, 4, 59, 28, 96, 100, 97, 5
11, 100, 0, 86, 2, 66, 26, 47, 81, 44, 100, 40, 83, 20, 79, 0, 4
35, 93, 94, 100, 100, 94, 44, 82, 47, 48, 98, 31, 58, 6, 0, 0, 5
87, 78, 50, 94, 16, 59, 0, 19, 45, 0, 99, 24, 100, 63, 67, 100, 0
77, 100, 28, 80, 4, 52, 2, 23, 44, 0, 100, 11, 51, 28, 0, 14, 6
43, 84, 0, 77, 48, 37, 28, 0, 1, 25, 68, 57, 100, 97, 21, 100, 8
4, 25, 68, 64, 33, 97, 0, 36, 38, 0, 100, 43, 96, 100, 22, 85, 0
100, 100, 48, 80, 0, 45, 74, 36, 99, 57, 70, 86, 65, 43, 66, 0, 4
29, 91, 100, 100, 79, 100, 4, 95, 21, 68, 68, 42, 68, 14, 0, 0, 5
0, 100, 14, 81, 5, 58, 28, 39, 88, 47, 97, 44, 91, 21, 100, 0, 4
0, 92, 44, 100, 91, 93, 100, 56, 85, 18, 61, 0, 40, 27, 86, 35, 7
61, 100, 28, 73, 11, 44, 19, 12, 70, 0, 100, 22, 49, 36, 0, 21, 6
80, 80, 18, 66, 0, 84, 51, 100, 78, 77, 78, 50, 78, 24, 100, 0, 9
66, 100, 26, 74, 0, 49, 80, 60, 100, 75, 59, 78, 37, 38, 3, 0, 4
38, 100, 10, 67, 0, 28, 26, 0, 73, 13, 100, 45, 76, 77, 29, 88, 0
0, 82, 37, 100, 75, 87, 61, 55, 34, 27, 9, 5, 56, 5, 100, 0, 2
74, 100, 40, 77, 0, 53, 44, 45, 100, 51, 76, 54, 51, 27, 35, 0, 4
16, 65, 27, 100, 50, 70, 33, 33, 0, 3, 1, 0, 50, 5, 100, 4, 2
20, 65, 43, 94, 76, 100, 58, 64, 44, 27, 0, 1, 18, 4, 100, 0, 1
4, 82, 47, 100, 84, 85, 77, 50, 44, 21, 0, 13, 53, 16, 100, 0, 2
60, 86, 55, 71, 0, 71, 42, 97, 100, 100, 96, 64, 62, 31, 38, 0, 9
70, 98, 100, 100, 49, 96, 25, 62, 63, 53, 78, 24, 39, 0, 0, 5, 5
100, 100, 58, 95, 20, 71, 0, 43, 7, 13, 58, 0, 97, 21, 54, 33, 6
42, 90, 91, 100, 100, 76, 56, 57, 86, 49, 89, 17, 46, 0, 0, 12, 3
33, 92, 72, 100, 100, 88, 80, 69, 61, 49, 67, 27, 35, 12, 0, 0, 3
20, 73, 57, 44, 76, 2, 0, 0, 40, 40, 100, 76, 77, 100, 22, 65, 8
11, 84, 0, 66, 58, 67, 99, 41, 41, 0, 6, 33, 8, 84, 100, 100, 5
5, 91, 0, 52, 14, 13, 61, 0, 97, 30, 100, 70, 66, 100, 14, 98, 0
14, 93, 47, 100, 56, 70, 35, 41, 1, 18, 0, 0, 50, 1, 100, 1, 2
29, 100, 14, 81, 0, 50, 64, 44, 100, 62, 92, 64, 84, 32, 83, 0, 4
53, 73, 69, 100, 100, 84, 78, 53, 73, 44, 90, 16, 46, 0, 0, 12, 3
0, 85, 38, 100, 60, 85, 34, 59, 76, 50, 100, 26, 68, 5, 24, 0, 3
85, 84, 39, 95, 0, 57, 10, 9, 62, 0, 100, 38, 92, 88, 43, 100, 0
13, 79, 31, 100, 73, 82, 59, 45, 17, 19, 0, 23, 53, 17, 100, 0, 2
100, 100, 70, 87, 50, 73, 33, 58, 23, 43, 10, 29, 0, 15, 0, 0, 1
42, 96, 17, 70, 0, 30, 24, 0, 69, 11, 100, 44, 92, 84, 49, 100, 0
0, 94, 59, 100, 99, 76, 86, 37, 62, 0, 29, 14, 39, 35, 100, 35, 7
35, 100, 73, 100, 19, 87, 10, 53, 73, 47, 100, 16, 46, 0, 0, 19, 5
53, 67, 40, 56, 100, 71, 61, 100, 42, 50, 89, 74, 68, 19, 0, 0, 9
70, 91, 100, 100, 61, 86, 35, 60, 60, 50, 64, 21, 34, 0, 0, 15, 5
46, 95, 87, 100, 92, 56, 59, 20, 15, 0, 0, 12, 50, 14, 100, 11, 2
7, 100, 0, 78, 5, 38, 63, 44, 100, 78, 91, 81, 87, 40, 86, 0, 4
0, 55, 20, 77, 53, 100, 73, 91, 93, 68, 100, 45, 93, 22, 47, 0, 1
100, 100, 46, 93, 11, 62, 0, 26, 42, 0, 96, 18, 55, 31, 35, 2, 6
34, 84, 9, 64, 0, 25, 41, 0, 88, 27, 100, 67, 68, 100, 12, 85, 0
0, 85, 22, 100, 50, 88, 43, 52, 20, 21, 27, 2, 65, 0, 100, 2, 2
11, 77, 84, 63, 79, 100, 0, 83, 56, 67, 100, 56, 87, 7, 1, 0, 9
95, 88, 23, 100, 57, 62, 100, 24, 42, 0, 0, 31, 44, 69, 87, 97, 8
21, 85, 92, 100, 100, 99, 71, 79, 46, 59, 21, 39, 0, 19, 4, 0, 1
0, 80, 35, 84, 84, 100, 100, 89, 82, 67, 63, 44, 41, 22, 22, 0, 1
68, 90, 62, 80, 100, 34, 54, 0, 0, 21, 55, 58, 97, 100, 29, 96, 8
0, 74, 29, 100, 37, 94, 30, 62, 23, 30, 12, 0, 47, 10, 100, 12, 1
0, 59, 55, 87, 100, 100, 88, 56, 89, 12, 32, 3, 5, 2, 88, 0, 1
8, 87, 0, 41, 21, 0, 70, 16, 100, 55, 97, 100, 45, 97, 9, 63, 0
2, 64, 31, 33, 47, 3, 0, 0, 3, 39, 8, 74, 54, 89, 100, 100, 5
100, 100, 6, 98, 0, 81, 0, 65, 6, 48, 6, 32, 12, 16, 44, 0, 1
17, 83, 62, 73, 100, 99, 14, 100, 47, 79, 98, 56, 56, 26, 0, 0, 9
0, 96, 50, 100, 100, 94, 95, 60, 70, 27, 55, 0, 30, 25, 82, 23, 7
32, 84, 66, 100, 70, 57, 40, 25, 0, 15, 23, 33, 63, 22, 100, 0, 2
78, 100, 34, 79, 9, 52, 0, 24, 29, 0, 100, 7, 76, 23, 13, 9, 6
30, 83, 64, 100, 100, 85, 64, 63, 98, 41, 98, 14, 48, 0, 0, 10, 3
53, 100, 23, 75, 3, 48, 0, 20, 41, 0, 100, 6, 67, 25, 8, 16, 6
69, 100, 71, 86, 12, 57, 0, 24, 69, 0, 100, 30, 12, 39, 31, 12, 6
52, 100, 0, 36, 36, 0, 100, 52, 40, 73, 15, 45, 65, 60, 5, 2, 0
0, 100, 2, 83, 4, 53, 43, 41, 86, 55, 100, 57, 79, 29, 77, 0, 4
2, 100, 11, 94, 0, 57, 51, 41, 94, 64, 100, 72, 77, 36, 60, 0, 4
0, 67, 30, 79, 83, 98, 100, 100, 85, 75, 70, 50, 55, 25, 40, 0, 1
0, 55, 37, 75, 80, 94, 100, 100, 80, 76, 63, 51, 47, 25, 39, 0, 1
9, 100, 0, 59, 7, 18, 39, 0, 75, 7, 100, 34, 99, 74, 69, 95, 0
88, 100, 42, 84, 69, 66, 100, 92, 92, 62, 83, 26, 49, 0, 0, 1, 9
0, 86, 42, 100, 82, 78, 64, 36, 34, 0, 11, 22, 47, 36, 100, 41, 7
48, 91, 91, 99, 100, 100, 55, 93, 25, 63, 57, 34, 44, 2, 0, 0, 5
50, 92, 100, 100, 51, 96, 22, 60, 43, 42, 86, 31, 49, 0, 0, 0, 5
100, 81, 40, 100, 0, 66, 68, 63, 95, 91, 99, 49, 85, 8, 5, 0, 9
68, 100, 43, 58, 0, 20, 61, 16, 100, 43, 95, 86, 93, 44, 94, 0, 4
1, 74, 23, 100, 83, 87, 75, 42, 49, 0, 100, 2, 55, 34, 0, 64, 8
15, 91, 2, 47, 67, 53, 53, 4, 5, 0, 0, 56, 31, 91, 100, 100, 5
29, 100, 23, 80, 0, 51, 28, 41, 100, 43, 77, 62, 71, 31, 66, 0, 4
38, 99, 77, 100, 100, 78, 66, 59, 98, 35, 80, 9, 37, 0, 0, 9, 3
37, 75, 68, 100, 100, 83, 72, 54, 68, 45, 86, 18, 45, 0, 0, 9, 3
95, 83, 17, 87, 51, 48, 92, 10, 0, 0, 25, 37, 100, 69, 94, 100, 8
0, 60, 31, 75, 65, 88, 100, 100, 82, 75, 63, 51, 48, 25, 57, 0, 1
74, 100, 28, 89, 2, 59, 1, 26, 41, 0, 100, 10, 52, 26, 0, 6, 6
100, 100, 38, 87, 2, 62, 48, 51, 94, 28, 70, 0, 0, 4, 2, 28, 5
80, 96, 24, 100, 33, 61, 49, 21, 11, 0, 0, 36, 48, 63, 100, 89, 8
7, 67, 22, 100, 46, 70, 35, 32, 0, 5, 2, 0, 51, 5, 100, 9, 2
0, 75, 24, 100, 47, 75, 37, 41, 8, 15, 28, 26, 66, 20, 100, 0, 2
46, 99, 0, 59, 77, 45, 84, 1, 24, 0, 10, 48, 16, 93, 100, 100, 5
55, 100, 33, 72, 18, 44, 19, 15, 70, 0, 100, 20, 40, 23, 0, 1, 6
54, 96, 23, 63, 0, 30, 15, 0, 74, 19, 99, 51, 100, 87, 47, 100, 0
0, 71, 46, 84, 100, 100, 92, 83, 70, 62, 46, 41, 22, 21, 11, 0, 1
0, 77, 44, 85, 100, 100, 88, 84, 71, 63, 60, 41, 58, 20, 77, 0, 1
12, 67, 14, 25, 50, 0, 93, 17, 100, 57, 72, 91, 28, 100, 0, 67, 0
67, 100, 29, 73, 0, 38, 9, 0, 78, 10, 100, 47, 41, 37, 10, 2, 6
37, 96, 80, 100, 100, 79, 58, 64, 100, 45, 99, 17, 55, 0, 0, 1, 3
88, 87, 0, 82, 3, 95, 97, 100, 100, 75, 91, 50, 91, 25, 100, 0, 9
0, 93, 44, 100, 78, 72, 68, 33, 39, 0, 20, 24, 52, 44, 100, 46, 7
32, 100, 0, 74, 0, 41, 58, 30, 95, 57, 100, 67, 81, 34, 80, 0, 4
46, 100, 26, 94, 0, 59, 19, 43, 80, 45, 100, 69, 98, 36, 98, 0, 4
55, 100, 20, 69, 3, 36, 4, 3, 72, 0, 100, 31, 68, 57, 0, 45, 6
85, 52, 85, 98, 0, 79, 65, 39, 100, 0, 9, 13, 62, 56, 100, 100, 8
37, 93, 94, 100, 73, 95, 30, 75, 39, 41, 100, 29, 63, 4, 0, 0, 5
0, 89, 32, 100, 70, 97, 73, 70, 67, 43, 100, 27, 90, 5, 52, 0, 3
34, 93, 7, 61, 0, 25, 34, 0, 81, 12, 100, 46, 98, 83, 62, 100, 0
3, 77, 2, 39, 39, 0, 90, 20, 100, 71, 53, 100, 0, 78, 10, 43, 0
53, 100, 34, 59, 0, 22, 62, 24, 100, 43, 75, 82, 75, 42, 75, 0, 4
67, 100, 10, 92, 29, 53, 50, 14, 1, 0, 0, 37, 45, 67, 100, 87, 8
0, 47, 21, 68, 59, 90, 100, 100, 87, 75, 70, 50, 52, 25, 43, 0, 1
55, 50, 100, 74, 76, 100, 7, 90, 0, 64, 72, 55, 97, 32, 83, 0, 9
0, 87, 43, 100, 68, 58, 63, 8, 34, 0, 2, 29, 51, 34, 100, 41, 7
52, 100, 48, 66, 91, 45, 48, 10, 0, 0, 20, 49, 39, 98, 100, 100, 5
28, 89, 63, 100, 84, 71, 69, 38, 32, 14, 0, 17, 52, 13, 100, 0, 2
100, 100, 48, 100, 9, 75, 8, 52, 61, 56, 85, 25, 49, 0, 0, 5, 5
79, 93, 20, 100, 30, 81, 92, 80, 100, 52, 94, 16, 43, 0, 0, 19, 9
81, 100, 52, 87, 19, 65, 0, 44, 89, 40, 100, 43, 78, 21, 78, 0, 4
0, 75, 19, 99, 57, 100, 66, 73, 56, 46, 38, 20, 55, 2, 100, 0, 2
26, 100, 11, 80, 0, 46, 69, 33, 100, 52, 88, 66, 55, 33, 20, 0, 4
61, 73, 52, 100, 14, 72, 54, 36, 58, 0, 0, 17, 45, 49, 100, 79, 8
54, 81, 46, 98, 86, 100, 75, 58, 43, 24, 0, 0, 48, 2, 100, 8, 2
64, 94, 50, 74, 90, 36, 55, 0, 0, 15, 48, 51, 100, 86, 24, 100, 8
2, 94, 51, 100, 100, 95, 69, 71, 100, 46, 97, 17, 51, 5, 0, 0, 3
41, 100, 0, 82, 18, 50, 81, 39, 100, 58, 68, 65, 37, 33, 13, 0, 4
0, 93, 40, 100, 57, 56, 44, 5, 20, 0, 18, 34, 59, 44, 100, 54, 7
72, 91, 21, 75, 13, 30, 53, 0, 100, 24, 100, 69, 55, 100, 0, 88, 0
0, 56, 56, 69, 82, 92, 92, 100, 85, 75, 85, 50, 86, 24, 100, 0, 1
59, 43, 100, 79, 64, 100, 22, 66, 55, 28, 12, 0, 0, 27, 67, 56, 8
42, 100, 15, 73, 0, 45, 4, 17, 51, 0, 100, 16, 92, 43, 34, 39, 6
0, 94, 48, 100, 85, 80, 78, 41, 75, 0, 96, 1, 100, 32, 45, 37, 7
78, 91, 11, 100, 6, 67, 38, 34, 51, 0, 0, 20, 35, 51, 100, 72, 8
65, 100, 28, 74, 0, 45, 0, 13, 50, 0, 100, 12, 58, 24, 5, 13, 6
100, 100, 44, 89, 11, 61, 0, 30, 23, 0, 84, 1, 88, 28, 28, 29, 6
91, 90, 31, 100, 0, 65, 57, 32, 84, 0, 15, 14, 44, 57, 100, 83, 8
0, 43, 13, 66, 45, 88, 77, 100, 68, 74, 68, 48, 70, 22, 100, 0, 1
41, 91, 75, 100, 72, 71, 69, 56, 100, 41, 74, 15, 28, 0, 0, 12, 3
100, 97, 54, 100, 40, 72, 87, 88, 94, 80, 61, 40, 26, 0, 0, 9, 9
11, 93, 65, 100, 98, 81, 58, 56, 62, 40, 100, 16, 53, 0, 0, 10, 3
0, 98, 72, 100, 97, 82, 55, 43, 31, 0, 24, 2, 16, 39, 100, 41, 7
50, 100, 17, 76, 0, 49, 0, 22, 37, 0, 100, 6, 93, 29, 31, 20, 6
16, 90, 0, 57, 13, 12, 62, 0, 100, 30, 90, 76, 45, 100, 3, 77, 0
18, 100, 0, 80, 11, 56, 53, 45, 99, 57, 100, 47, 85, 24, 78, 0, 4
0, 88, 49, 100, 85, 75, 71, 36, 48, 0, 13, 28, 44, 42, 100, 46, 7
10, 85, 53, 100, 87, 78, 41, 55, 64, 47, 100, 21, 56, 0, 0, 9, 3
100, 100, 46, 90, 13, 60, 0, 28, 30, 0, 83, 16, 85, 49, 30, 43, 6
69, 76, 77, 100, 100, 83, 74, 58, 93, 35, 86, 7, 43, 0, 0, 6, 3
75, 77, 65, 100, 0, 83, 30, 62, 99, 78, 100, 47, 74, 17, 10, 0, 9
41, 100, 11, 70, 0, 26, 33, 0, 76, 17, 100, 55, 88, 97, 43, 91, 0
39, 84, 0, 86, 40, 42, 76, 0, 20, 9, 57, 54, 100, 96, 44, 100, 8
6, 87, 50, 100, 62, 81, 22, 57, 70, 46, 100, 20, 59, 0, 0, 4, 3
26, 66, 13, 37, 32, 0, 80, 5, 100, 42, 82, 81, 38, 100, 0, 76, 0
14, 100, 83, 100, 100, 84, 67, 48, 47, 9, 27, 0, 0, 33, 75, 32, 7
0, 76, 45, 100, 88, 76, 71, 37, 45, 0, 35, 3, 29, 33, 100, 36, 7
100, 100, 53, 77, 20, 40, 13, 0, 65, 15, 94, 51, 56, 78, 0, 78, 0
60, 73, 59, 100, 19, 73, 53, 36, 51, 0, 0, 20, 50, 52, 100, 80, 8
84, 100, 58, 83, 35, 55, 24, 26, 48, 0, 100, 15, 65, 35, 0, 24, 6
12, 83, 50, 100, 85, 67, 63, 23, 16, 0, 0, 18, 52, 18, 100, 1, 2
43, 82, 21, 51, 35, 15, 0, 0, 8, 32, 30, 66, 64, 85, 100, 100, 5
31, 100, 17, 75, 0, 44, 2, 15, 60, 20, 100, 43, 80, 31, 80, 0, 4
100, 100, 60, 92, 20, 63, 0, 30, 24, 0, 83, 11, 69, 41, 5, 49, 6
20, 73, 0, 43, 22, 0, 73, 12, 100, 54, 94, 100, 43, 96, 11, 58, 0
1, 84, 0, 69, 72, 41, 94, 3, 11, 0, 4, 45, 13, 91, 100, 100, 5
97, 94, 61, 100, 28, 77, 67, 71, 100, 47, 86, 8, 43, 0, 0, 12, 5
13, 76, 35, 100, 57, 74, 40, 42, 10, 14, 0, 13, 51, 11, 100, 0, 2
0, 78, 0, 97, 50, 99, 100, 100, 90, 81, 64, 56, 42, 29, 27, 0, 7
0, 0, 54, 27, 80, 57, 100, 89, 95, 100, 85, 68, 80, 36, 78, 4, 1
83, 73, 74, 100, 4, 82, 0, 59, 74, 73, 100, 54, 65, 21, 2, 0, 9
9, 97, 56, 100, 91, 72, 74, 36, 58, 0, 100, 22, 63, 34, 0, 34, 7
18, 75, 51, 100, 100, 96, 79, 65, 41, 40, 0, 17, 9, 0, 63, 2, 2
40, 88, 99, 100, 78, 94, 25, 75, 74, 69, 100, 42, 62, 13, 0, 0, 5
0, 100, 73, 99, 100, 83, 83, 51, 67, 20, 43, 0, 2, 27, 70, 28, 7
28, 82, 74, 100, 87, 77, 46, 51, 88, 48, 100, 18, 52, 0, 0, 0, 3
54, 93, 100, 90, 38, 70, 63, 100, 100, 63, 96, 21, 35, 0, 0, 34, 9
56, 86, 99, 100, 100, 96, 54, 87, 20, 73, 45, 46, 42, 16, 0, 0, 5
36, 100, 60, 100, 57, 68, 33, 41, 0, 20, 12, 8, 56, 6, 100, 0, 2
40, 88, 100, 100, 38, 91, 0, 64, 41, 52, 96, 38, 62, 11, 0, 0, 5
0, 97, 77, 100, 86, 70, 74, 40, 56, 10, 30, 0, 14, 25, 100, 30, 7
21, 100, 9, 96, 0, 68, 39, 51, 100, 59, 99, 57, 91, 29, 89, 0, 4
81, 100, 49, 81, 76, 38, 50, 0, 0, 17, 58, 51, 100, 91, 30, 98, 8
100, 100, 60, 82, 33, 58, 14, 31, 11, 3, 50, 0, 46, 19, 0, 8, 6
40, 100, 12, 76, 0, 33, 30, 0, 82, 1, 100, 39, 75, 78, 30, 100, 0
22, 99, 0, 50, 25, 3, 76, 0, 100, 47, 83, 100, 34, 99, 10, 52, 0
11, 100, 28, 85, 15, 53, 0, 22, 53, 22, 100, 42, 91, 32, 92, 0, 4
16, 78, 41, 100, 89, 84, 38, 61, 29, 41, 100, 25, 84, 2, 0, 0, 3
48, 100, 0, 43, 39, 0, 100, 52, 54, 87, 18, 48, 74, 78, 19, 19, 0
86, 100, 47, 81, 14, 55, 0, 27, 22, 0, 88, 0, 100, 26, 34, 28, 6
42, 66, 54, 100, 81, 83, 57, 48, 24, 19, 0, 12, 50, 9, 100, 0, 2
0, 100, 13, 96, 4, 69, 11, 42, 61, 43, 93, 53, 87, 26, 100, 0, 4
0, 53, 40, 68, 75, 91, 100, 100, 94, 72, 88, 45, 87, 17, 87, 0, 1
0, 53, 35, 76, 78, 98, 100, 100, 84, 75, 68, 50, 54, 25, 54, 0, 1
0, 86, 30, 100, 65, 89, 50, 60, 74, 37, 100, 14, 55, 0, 9, 0, 3
4, 97, 81, 100, 100, 67, 66, 33, 30, 0, 0, 9, 0, 36, 82, 35, 7
0, 100, 73, 94, 95, 71, 74, 36, 62, 0, 41, 5, 24, 30, 100, 35, 7
10, 97, 0, 46, 20, 0, 70, 12, 100, 55, 87, 100, 37, 86, 10, 43, 0
0, 95, 5, 58, 87, 60, 85, 16, 19, 0, 12, 48, 13, 93, 100, 100, 5
100, 91, 58, 100, 32, 75, 77, 87, 77, 76, 52, 43, 28, 10, 0, 0, 9
0, 90, 42, 99, 94, 100, 96, 63, 84, 22, 68, 0, 47, 27, 100, 25, 7
100, 100, 83, 85, 63, 60, 44, 34, 32, 6, 50, 0, 36, 21, 0, 15, 6
25, 92, 30, 43, 50, 1, 88, 0, 100, 45, 78, 87, 39, 100, 0, 87, 0
0, 80, 23, 100, 94, 83, 100, 50, 68, 19, 34, 0, 32, 34, 89, 50, 7
61, 92, 100, 100, 100, 94, 62, 83, 30, 60, 49, 27, 36, 0, 0, 6, 5
100, 88, 54, 76, 12, 80, 46, 100, 79, 84, 53, 54, 20, 28, 0, 0, 9
10, 87, 17, 58, 88, 50, 86, 0, 17, 6, 0, 58, 21, 92, 100, 100, 5
100, 69, 70, 100, 0, 95, 20, 71, 87, 84, 87, 48, 71, 8, 11, 0, 9
0, 95, 52, 100, 59, 75, 50, 37, 54, 0, 19, 5, 43, 27, 100, 37, 7
12, 75, 46, 100, 66, 74, 41, 42, 6, 14, 0, 15, 51, 11, 100, 0, 2
0, 0, 36, 14, 65, 34, 89, 57, 100, 83, 73, 100, 37, 89, 68, 73, 9
0, 100, 45, 95, 100, 89, 87, 48, 62, 9, 38, 0, 29, 37, 87, 40, 7
15, 89, 0, 68, 87, 69, 86, 25, 21, 0, 4, 45, 8, 86, 100, 100, 5
0, 72, 41, 84, 80, 100, 100, 100, 84, 74, 66, 49, 48, 24, 37, 0, 1
19, 91, 0, 52, 10, 10, 63, 0, 99, 32, 100, 75, 56, 100, 7, 80, 0
0, 89, 44, 100, 92, 93, 100, 61, 93, 29, 82, 0, 38, 18, 71, 32, 7
51, 100, 14, 84, 0, 53, 60, 47, 100, 69, 78, 61, 50, 31, 37, 0, 4
0, 93, 33, 100, 74, 83, 84, 43, 79, 1, 59, 0, 51, 24, 100, 29, 7
98, 64, 52, 70, 12, 89, 68, 100, 100, 76, 86, 45, 48, 20, 0, 0, 9
0, 87, 40, 100, 100, 98, 89, 60, 78, 21, 62, 0, 25, 31, 61, 45, 7
20, 91, 25, 67, 54, 32, 19, 0, 0, 32, 0, 80, 49, 92, 100, 100, 5
49, 90, 81, 100, 96, 69, 74, 38, 24, 20, 0, 32, 58, 21, 100, 0, 2
0, 93, 49, 100, 100, 95, 99, 60, 79, 25, 58, 0, 44, 36, 90, 40, 7
0, 93, 64, 100, 100, 82, 78, 51, 52, 20, 27, 0, 1, 29, 63, 32, 7
4, 77, 42, 100, 97, 95, 77, 62, 90, 49, 100, 15, 49, 0, 0, 12, 3
20, 77, 61, 100, 100, 80, 48, 46, 9, 7, 68, 0, 25, 39, 0, 82, 8
0, 52, 71, 71, 100, 100, 80, 64, 77, 26, 60, 5, 3, 3, 89, 0, 1
47, 85, 18, 62, 5, 20, 47, 0, 100, 24, 99, 66, 59, 98, 0, 100, 0
4, 81, 35, 100, 45, 75, 25, 56, 82, 53, 100, 25, 57, 6, 0, 0, 3
1, 85, 48, 100, 100, 100, 70, 76, 91, 51, 100, 18, 52, 3, 0, 0, 3
0, 94, 9, 57, 20, 19, 7, 0, 20, 36, 70, 68, 100, 100, 18, 92, 8
20, 71, 0, 29, 31, 0, 78, 12, 100, 51, 84, 93, 37, 100, 8, 66, 0
91, 69, 48, 57, 9, 79, 60, 100, 100, 75, 95, 40, 64, 8, 0, 0, 9
32, 92, 24, 47, 71, 36, 38, 0, 0, 0, 21, 48, 49, 92, 100, 100, 5
59, 89, 42, 23, 29, 42, 25, 100, 100, 82, 75, 46, 98, 0, 0, 3, 3
15, 84, 0, 57, 5, 17, 52, 0, 95, 28, 100, 67, 70, 100, 20, 87, 0
99, 88, 74, 100, 56, 75, 100, 85, 99, 57, 89, 17, 46, 0, 0, 4, 9
100, 100, 55, 82, 23, 54, 0, 23, 33, 0, 87, 15, 66, 44, 11, 40, 6
15, 70, 48, 100, 63, 89, 57, 56, 67, 24, 15, 1, 0, 0, 100, 0, 1
80, 100, 28, 81, 44, 70, 89, 82, 89, 54, 100, 25, 69, 4, 0, 0, 9
100, 100, 58, 96, 20, 95, 0, 62, 28, 58, 66, 45, 55, 11, 17, 0, 5
52, 87, 79, 100, 79, 75, 72, 49, 100, 29, 76, 8, 36, 0, 0, 7, 3
83, 74, 74, 100, 42, 73, 51, 36, 46, 0, 0, 12, 35, 41, 100, 54, 8
57, 94, 100, 100, 48, 82, 24, 48, 71, 64, 85, 31, 54, 0, 0, 1, 5
0, 87, 27, 100, 55, 87, 68, 68, 82, 50, 100, 32, 100, 13, 73, 0, 3
87, 100, 56, 95, 71, 86, 87, 81, 94, 50, 100, 19, 53, 6, 0, 0, 9
9, 74, 38, 100, 53, 78, 30, 43, 0, 17, 27, 8, 63, 6, 100, 0, 2
77, 100, 28, 90, 0, 50, 15, 10, 72, 0, 100, 33, 48, 45, 21, 11, 6
73, 100, 23, 90, 70, 82, 77, 95, 91, 60, 100, 24, 60, 0, 0, 2, 9
100, 100, 74, 90, 28, 68, 0, 44, 77, 46, 72, 48, 37, 23, 9, 0, 4
24, 100, 31, 56, 45, 16, 16, 0, 0, 43, 15, 81, 57, 87, 100, 88, 5
94, 100, 50, 77, 17, 49, 5, 16, 50, 0, 100, 14, 57, 31, 0, 24, 6
0, 84, 54, 100, 100, 79, 95, 42, 69, 8, 29, 0, 28, 26, 90, 30, 7
0, 95, 54, 100, 66, 90, 55, 46, 51, 0, 18, 16, 45, 27, 100, 29, 7
26, 83, 72, 100, 84, 69, 56, 45, 100, 47, 87, 15, 36, 0, 0, 24, 3
36, 84, 81, 100, 97, 70, 52, 46, 96, 33, 100, 5, 45, 0, 0, 18, 3
21, 90, 68, 100, 69, 67, 56, 47, 100, 37, 80, 3, 31, 0, 0, 28, 3
29, 94, 91, 100, 60, 92, 34, 70, 72, 65, 100, 31, 60, 0, 0, 13, 5
35, 100, 27, 68, 0, 37, 65, 42, 100, 60, 100, 66, 96, 32, 96, 0, 4
6, 75, 36, 97, 92, 100, 69, 75, 66, 51, 100, 30, 54, 12, 0, 0, 3
0, 86, 42, 100, 84, 84, 83, 42, 78, 0, 45, 15, 49, 41, 100, 48, 7
31, 100, 2, 56, 12, 3, 60, 0, 100, 35, 91, 85, 42, 90, 0, 60, 0
14, 90, 65, 100, 100, 84, 57, 65, 71, 53, 91, 26, 56, 3, 0, 0, 3
74, 100, 47, 84, 0, 66, 23, 53, 84, 42, 100, 44, 60, 23, 33, 0, 4
31, 94, 0, 62, 2, 17, 40, 0, 78, 20, 100, 60, 80, 98, 37, 100, 0
24, 84, 2, 39, 26, 0, 77, 10, 100, 53, 84, 97, 33, 100, 0, 63, 0
90, 100, 58, 88, 23, 56, 16, 17, 66, 0, 100, 27, 58, 54, 0, 43, 6
0, 44, 11, 72, 48, 93, 98, 100, 100, 74, 70, 50, 64, 27, 82, 0, 3
51, 90, 100, 100, 73, 93, 42, 67, 81, 46, 96, 14, 49, 0, 0, 6, 5
100, 100, 61, 90, 13, 72, 0, 54, 52, 38, 93, 43, 52, 23, 24, 0, 4
72, 65, 53, 100, 0, 88, 39, 64, 75, 83, 100, 42, 84, 4, 27, 0, 9
46, 100, 28, 86, 6, 42, 23, 0, 82, 13, 100, 56, 62, 92, 0, 88, 0
91, 92, 26, 100, 14, 61, 79, 63, 91, 77, 100, 35, 69, 0, 0, 18, 9
84, 68, 73, 100, 9, 84, 37, 60, 100, 81, 90, 46, 59, 9, 0, 0, 9
100, 100, 71, 93, 38, 65, 16, 33, 29, 0, 76, 7, 35, 19, 0, 14, 6
0, 75, 60, 100, 69, 89, 66, 51, 73, 13, 13, 2, 35, 0, 100, 3, 1
41, 100, 45, 99, 10, 77, 0, 58, 59, 49, 100, 49, 71, 25, 58, 0, 4
0, 97, 49, 100, 100, 97, 99, 66, 69, 33, 42, 0, 22, 33, 74, 34, 7
44, 86, 90, 86, 60, 100, 61, 82, 100, 58, 94, 20, 49, 4, 0, 0, 9
0, 54, 35, 72, 69, 92, 100, 100, 83, 75, 64, 50, 42, 25, 25, 0, 1
67, 96, 100, 100, 43, 86, 17, 51, 67, 69, 91, 37, 52, 7, 0, 0, 5
100, 100, 54, 77, 20, 49, 0, 19, 41, 0, 100, 11, 76, 38, 11, 35, 6
65, 80, 59, 100, 2, 75, 73, 45, 100, 10, 0, 0, 8, 33, 78, 63, 8
0, 83, 52, 100, 100, 82, 80, 41, 53, 0, 30, 3, 33, 40, 99, 45, 7
42, 100, 34, 62, 55, 29, 40, 0, 0, 23, 5, 55, 51, 71, 100, 83, 5
32, 90, 21, 41, 46, 0, 91, 17, 100, 66, 64, 100, 15, 88, 0, 42, 0
91, 93, 80, 100, 43, 77, 0, 55, 54, 47, 100, 50, 69, 25, 38, 0, 4
29, 100, 15, 81, 4, 62, 0, 43, 20, 27, 59, 24, 95, 18, 100, 0, 4
100, 100, 48, 81, 14, 53, 0, 24, 35, 0, 97, 12, 43, 29, 4, 16, 6
92, 93, 38, 100, 44, 62, 100, 84, 91, 75, 94, 29, 53, 0, 0, 23, 9
28, 98, 77, 100, 89, 65, 67, 27, 35, 0, 0, 17, 48, 29, 100, 30, 7
87, 100, 11, 90, 62, 63, 100, 28, 53, 0, 0, 23, 45, 57, 94, 89, 8
0, 93, 70, 100, 100, 88, 95, 70, 75, 52, 70, 34, 55, 17, 45, 0, 1
2, 75, 28, 100, 66, 95, 48, 65, 22, 37, 0, 7, 47, 0, 100, 1, 2
21, 100, 8, 82, 0, 63, 11, 46, 39, 36, 73, 30, 100, 18, 100, 0, 4
76, 82, 72, 42, 93, 0, 7, 5, 33, 42, 100, 74, 72, 100, 0, 74, 8
41, 89, 29, 61, 76, 47, 49, 7, 0, 0, 21, 46, 51, 89, 100, 100, 5
74, 100, 47, 82, 54, 43, 54, 4, 0, 0, 28, 31, 78, 55, 100, 89, 8
0, 80, 22, 100, 57, 95, 46, 59, 25, 27, 31, 0, 67, 9, 100, 21, 2
12, 100, 49, 100, 65, 68, 49, 33, 27, 0, 0, 19, 44, 29, 100, 31, 7
100, 100, 58, 99, 28, 91, 12, 57, 52, 58, 64, 26, 36, 0, 0, 9, 5
27, 69, 56, 100, 64, 87, 58, 47, 37, 12, 0, 0, 50, 2, 100, 5, 1
50, 70, 60, 100, 100, 97, 91, 61, 88, 47, 83, 15, 43, 0, 0, 7, 3
0, 51, 35, 69, 78, 91, 100, 100, 81, 75, 62, 50, 40, 25, 24, 0, 1
0, 62, 20, 90, 58, 100, 58, 71, 37, 41, 23, 9, 58, 0, 100, 4, 2
0, 90, 57, 100, 100, 81, 83, 40, 58, 0, 29, 3, 28, 37, 89, 43, 7
44, 99, 11, 71, 0, 30, 30, 0, 74, 11, 100, 47, 88, 86, 46, 100, 0
0, 84, 48, 100, 83, 79, 69, 38, 47, 0, 14, 19, 46, 40, 100, 46, 7
64, 100, 53, 87, 20, 59, 0, 28, 24, 0, 85, 0, 100, 26, 41, 33, 6
21, 86, 72, 100, 85, 72, 70, 43, 79, 41, 100, 15, 47, 0, 0, 18, 3
100, 97, 64, 100, 35, 79, 29, 42, 74, 44, 82, 17, 43, 0, 0, 3, 5
0, 100, 56, 100, 70, 68, 51, 34, 32, 0, 6, 14, 30, 34, 100, 40, 7
43, 100, 33, 87, 0, 61, 2, 40, 69, 39, 85, 56, 76, 27, 100, 0, 4
0, 75, 31, 99, 81, 100, 100, 69, 90, 34, 76, 0, 53, 8, 88, 23, 7
19, 100, 0, 65, 49, 36, 33, 0, 1, 14, 4, 67, 41, 94, 100, 97, 5
28, 76, 80, 85, 44, 100, 48, 85, 100, 71, 96, 37, 51, 15, 0, 0, 9
31, 96, 100, 100, 56, 96, 30, 72, 61, 60, 99, 33, 56, 0, 0, 15, 5
13, 78, 40, 100, 53, 71, 32, 34, 0, 13, 25, 7, 62, 0, 100, 1, 2
100, 93, 66, 100, 27, 93, 0, 65, 31, 55, 66, 40, 47, 10, 7, 0, 5
45, 72, 73, 100, 85, 83, 51, 58, 10, 36, 0, 18, 48, 6, 100, 0, 2
0, 85, 41, 100, 70, 82, 54, 53, 100, 49, 90, 21, 51, 2, 5, 0, 3
0, 65, 40, 83, 100, 100, 96, 80, 80, 60, 56, 40, 28, 20, 12, 0, 1
67, 100, 26, 92, 0, 56, 9, 12, 49, 0, 88, 15, 100, 60, 70, 90, 0
100, 100, 60, 82, 32, 56, 13, 28, 22, 0, 70, 8, 40, 24, 0, 19, 6
90, 100, 44, 77, 13, 49, 0, 21, 38, 0, 100, 13, 90, 37, 18, 39, 6
19, 74, 73, 100, 44, 79, 0, 47, 53, 32, 100, 53, 53, 38, 41, 0, 4
100, 100, 74, 78, 40, 50, 0, 28, 54, 26, 93, 39, 88, 28, 94, 0, 4
22, 88, 15, 37, 37, 0, 77, 12, 100, 51, 77, 92, 37, 100, 0, 78, 0
34, 94, 26, 63, 62, 29, 51, 0, 68, 35, 100, 69, 83, 100, 0, 86, 8
29, 100, 22, 63, 68, 33, 24, 0, 0, 24, 1, 72, 40, 92, 100, 94, 5
100, 88, 12, 95, 25, 62, 81, 29, 25, 0, 0, 30, 42, 65, 94, 100, 8
0, 72, 33, 92, 73, 100, 69, 72, 48, 46, 30, 19, 55, 0, 100, 0, 2
70, 63, 93, 98, 0, 100, 3, 62, 99, 68, 100, 70, 53, 31, 26, 0, 9
31, 89, 51, 100, 52, 67, 31, 39, 0, 19, 27, 9, 63, 0, 100, 14, 2
0, 81, 25, 100, 69, 85, 70, 42, 59, 0, 22, 18, 49, 38, 100, 42, 7
53, 70, 77, 38, 67, 0, 0, 5, 45, 42, 100, 75, 86, 100, 26, 72, 8
90, 100, 33, 98, 44, 58, 99, 72, 95, 80, 100, 32, 61, 0, 0, 16, 9
100, 84, 19, 100, 0, 67, 64, 34, 67, 0, 5, 19, 58, 55, 77, 89, 8
47, 100, 5, 78, 0, 46, 74, 47, 100, 79, 74, 64, 38, 32, 3, 0, 4
0, 98, 54, 100, 70, 84, 67, 65, 80, 45, 100, 27, 94, 9, 44, 0, 3
39, 97, 17, 63, 65, 49, 45, 0, 0, 5, 14, 60, 42, 100, 100, 98, 5
61, 100, 32, 73, 0, 44, 28, 36, 81, 54, 100, 63, 90, 31, 80, 0, 4
0, 52, 21, 71, 53, 94, 88, 100, 85, 75, 79, 49, 76, 24, 100, 0, 1
79, 100, 33, 72, 0, 41, 34, 20, 100, 32, 92, 63, 60, 32, 31, 0, 4
58, 100, 23, 77, 0, 47, 52, 34, 100, 50, 97, 62, 76, 31, 70, 0, 4
38, 100, 7, 83, 0, 35, 32, 0, 81, 10, 100, 54, 70, 92, 21, 90, 0
0, 62, 54, 76, 87, 98, 100, 100, 98, 75, 98, 50, 98, 24, 96, 0, 1
45, 100, 10, 66, 0, 26, 31, 0, 75, 29, 100, 66, 72, 95, 24, 74, 0
100, 98, 71, 100, 49, 99, 47, 70, 75, 55, 56, 32, 28, 15, 0, 0, 5
4, 84, 38, 100, 51, 76, 38, 50, 17, 25, 0, 0, 49, 3, 100, 4, 2
100, 100, 91, 90, 76, 75, 62, 60, 44, 45, 29, 30, 15, 15, 0, 0, 1
100, 100, 0, 91, 32, 54, 92, 20, 17, 0, 19, 36, 75, 71, 47, 92, 8
19, 69, 14, 18, 45, 0, 83, 27, 100, 73, 67, 100, 24, 86, 0, 47, 0
20, 79, 58, 100, 80, 76, 46, 50, 0, 33, 4, 21, 50, 5, 100, 0, 2
100, 88, 57, 100, 19, 79, 0, 44, 16, 9, 62, 0, 59, 29, 15, 33, 6
100, 68, 75, 100, 28, 83, 44, 42, 49, 0, 0, 4, 31, 40, 90, 59, 8
23, 75, 77, 98, 100, 100, 42, 88, 23, 50, 84, 46, 62, 10, 0, 0, 5
100, 100, 55, 100, 22, 89, 0, 59, 35, 61, 69, 44, 54, 12, 13, 0, 5
66, 100, 18, 75, 36, 35, 27, 0, 0, 28, 48, 60, 100, 91, 39, 98, 8
100, 100, 63, 81, 33, 61, 9, 40, 0, 17, 23, 0, 44, 20, 5, 16, 6
27, 100, 0, 66, 6, 28, 45, 0, 100, 20, 100, 57, 76, 92, 21, 90, 0
74, 62, 100, 100, 32, 99, 23, 62, 88, 84, 90, 54, 68, 11, 0, 0, 9
48, 88, 82, 100, 100, 77, 67, 55, 99, 35, 93, 11, 47, 1, 0, 0, 3
59, 79, 92, 70, 76, 100, 66, 82, 100, 59, 82, 19, 44, 0, 0, 1, 9
33, 76, 41, 100, 57, 71, 34, 37, 0, 14, 25, 16, 65, 0, 100, 17, 2
100, 95, 52, 100, 58, 58, 59, 14, 1, 0, 0, 29, 52, 55, 98, 75, 8
66, 100, 26, 99, 42, 77, 86, 95, 87, 64, 100, 25, 60, 0, 0, 1, 9
100, 99, 53, 100, 21, 90, 0, 62, 42, 62, 70, 39, 55, 10, 14, 0, 5
18, 72, 68, 49, 65, 13, 0, 0, 21, 35, 63, 67, 100, 100, 37, 84, 8
18, 100, 80, 95, 90, 61, 52, 26, 26, 0, 100, 16, 79, 32, 0, 36, 7
10, 81, 51, 100, 92, 73, 80, 31, 51, 0, 0, 24, 38, 39, 100, 38, 7
31, 100, 0, 69, 0, 27, 37, 0, 87, 11, 100, 51, 71, 85, 23, 85, 0
12, 100, 0, 71, 25, 43, 86, 44, 100, 75, 90, 52, 90, 20, 90, 0, 4
38, 96, 40, 57, 61, 16, 5, 0, 0, 36, 50, 68, 100, 100, 56, 96, 8
35, 90, 100, 100, 39, 88, 11, 55, 62, 64, 89, 36, 57, 4, 0, 0, 5
4, 64, 32, 98, 38, 100, 40, 62, 40, 23, 0, 0, 32, 4, 100, 4, 1
5, 94, 0, 76, 17, 100, 78, 98, 100, 91, 84, 57, 72, 23, 65, 0, 7
0, 40, 35, 58, 67, 80, 100, 100, 86, 78, 68, 52, 49, 27, 38, 0, 1
0, 98, 45, 100, 70, 95, 57, 48, 55, 0, 23, 25, 50, 34, 100, 38, 7
28, 81, 44, 54, 92, 34, 54, 1, 0, 0, 18, 45, 45, 86, 100, 100, 5
0, 78, 19, 95, 58, 100, 92, 89, 100, 67, 92, 44, 81, 21, 67, 0, 9
95, 100, 50, 78, 0, 57, 12, 37, 90, 43, 100, 48, 68, 25, 55, 0, 4
100, 100, 52, 83, 16, 58, 0, 31, 16, 5, 84, 0, 66, 23, 7, 24, 6
84, 100, 52, 90, 13, 57, 2, 19, 58, 0, 100, 25, 46, 44, 0, 19, 6
30, 85, 0, 47, 9, 5, 66, 0, 100, 36, 100, 79, 56, 100, 39, 60, 0
67, 92, 0, 93, 16, 57, 100, 29, 78, 0, 14, 25, 43, 64, 67, 100, 8
37, 100, 0, 81, 17, 50, 100, 51, 76, 74, 51, 96, 47, 46, 48, 0, 4
64, 86, 100, 100, 47, 100, 71, 71, 96, 66, 96, 19, 45, 0, 0, 19, 9
0, 72, 23, 81, 67, 100, 100, 99, 94, 75, 87, 49, 83, 25, 75, 0, 1
18, 93, 10, 55, 55, 27, 13, 0, 0, 34, 5, 81, 45, 100, 100, 98, 5
100, 100, 62, 84, 26, 56, 0, 25, 28, 0, 83, 16, 64, 44, 13, 26, 6
0, 85, 51, 100, 81, 71, 76, 35, 58, 0, 31, 25, 35, 55, 100, 61, 7
100, 100, 66, 89, 48, 75, 34, 60, 17, 45, 10, 30, 3, 15, 0, 0, 1
19, 92, 0, 51, 17, 7, 64, 0, 100, 29, 91, 77, 50, 100, 4, 87, 0
100, 98, 66, 100, 38, 98, 32, 73, 59, 60, 48, 37, 24, 19, 0, 0, 5
83, 31, 100, 71, 67, 100, 24, 87, 0, 46, 8, 0, 51, 0, 82, 36, 0
18, 98, 72, 100, 26, 89, 34, 61, 82, 45, 100, 19, 53, 4, 0, 0, 5
33, 64, 58, 100, 94, 90, 67, 51, 28, 19, 0, 15, 49, 16, 100, 0, 2
82, 95, 0, 83, 62, 54, 100, 20, 37, 0, 49, 35, 89, 70, 88, 100, 8
0, 4, 29, 27, 55, 56, 79, 85, 100, 100, 84, 67, 69, 34, 62, 0, 1
0, 86, 41, 100, 77, 86, 58, 58, 98, 42, 100, 16, 58, 1, 8, 0, 3
41, 94, 82, 100, 97, 79, 81, 54, 100, 30, 86, 6, 42, 0, 0, 1, 3
62, 100, 12, 72, 0, 43, 100, 45, 89, 69, 53, 88, 54, 43, 52, 0, 4
16, 100, 6, 51, 58, 34, 24, 0, 3, 29, 0, 81, 46, 99, 100, 99, 5
19, 99, 90, 100, 57, 94, 12, 73, 52, 60, 100, 35, 66, 0, 0, 5, 5
0, 82, 30, 100, 74, 97, 76, 72, 63, 47, 44, 24, 50, 0, 100, 0, 2
0, 80, 31, 100, 70, 90, 53, 62, 27, 37, 7, 10, 48, 0, 100, 1, 2
31, 95, 24, 52, 49, 23, 14, 0, 0, 40, 19, 78, 56, 99, 100, 100, 5
100, 91, 33, 100, 7, 73, 76, 39, 67, 0, 0, 25, 48, 68, 91, 94, 8
14, 73, 41, 100, 87, 95, 64, 65, 100, 45, 100, 15, 49, 0, 0, 16, 3
63, 96, 3, 100, 26, 61, 54, 21, 9, 0, 0, 28, 50, 56, 100, 84, 8
42, 100, 44, 88, 11, 57, 0, 33, 77, 40, 100, 64, 91, 34, 93, 0, 4
36, 92, 7, 77, 0, 30, 35, 0, 81, 15, 100, 58, 76, 99, 27, 100, 0
100, 100, 50, 90, 20, 61, 0, 29, 18, 0, 76, 6, 62, 31, 5, 33, 6
0, 91, 43, 100, 89, 95, 100, 59, 84, 23, 66, 0, 38, 32, 84, 33, 7
88, 82, 39, 100, 4, 68, 100, 35, 84, 0, 0, 22, 49, 62, 84, 93, 8
37, 100, 0, 77, 13, 53, 74, 60, 100, 82, 68, 55, 40, 28, 18, 0, 4
0, 67, 27, 77, 67, 93, 100, 100, 92, 75, 85, 50, 79, 25, 75, 0, 1
38, 85, 75, 100, 92, 84, 71, 58, 100, 37, 82, 11, 41, 0, 0, 6, 3
60, 100, 20, 91, 32, 52, 45, 12, 0, 0, 5, 35, 53, 54, 100, 73, 8
44, 100, 8, 78, 0, 41, 14, 6, 66, 0, 99, 30, 100, 67, 56, 78, 0
0, 90, 41, 100, 69, 86, 59, 64, 45, 43, 33, 22, 49, 3, 100, 0, 2
35, 100, 0, 73, 11, 42, 76, 37, 100, 67, 82, 61, 54, 30, 27, 0, 4
16, 100, 12, 92, 0, 69, 38, 52, 100, 57, 96, 46, 82, 24, 75, 0, 4
14, 77, 34, 100, 52, 74, 30, 41, 0, 13, 25, 5, 66, 0, 100, 23, 2
72, 91, 29, 94, 52, 47, 61, 0, 0, 17, 45, 56, 100, 93, 45, 100, 8
14, 67, 44, 47, 44, 9, 0, 0, 23, 36, 63, 68, 100, 100, 44, 88, 8
100, 100, 56, 95, 78, 84, 95, 83, 97, 54, 89, 26, 49, 8, 0, 0, 9
47, 68, 59, 100, 100, 94, 81, 56, 47, 23, 0, 3, 45, 9, 99, 0, 2
56, 100, 0, 98, 10, 73, 64, 82, 81, 70, 100, 33, 64, 7, 8, 0, 9
65, 90, 73, 100, 86, 75, 72, 50, 100, 29, 79, 8, 38, 0, 0, 6, 3
44, 100, 15, 79, 0, 47, 68, 42, 100, 71, 82, 60, 52, 30, 25, 0, 4
10, 66, 30, 100, 39, 90, 45, 54, 41, 17, 0, 0, 43, 4, 100, 3, 1
82, 90, 50, 66, 100, 30, 40, 0, 18, 27, 72, 62, 100, 100, 0, 99, 8
36, 80, 67, 100, 100, 92, 75, 63, 99, 41, 94, 16, 49, 3, 0, 0, 3
0, 84, 45, 100, 100, 95, 99, 65, 65, 38, 24, 15, 29, 1, 86, 0, 2
6, 92, 45, 100, 54, 59, 47, 16, 32, 0, 0, 36, 43, 52, 100, 56, 7
45, 75, 44, 100, 68, 75, 40, 34, 0, 8, 13, 15, 57, 0, 100, 12, 2
100, 76, 52, 100, 0, 71, 53, 37, 64, 0, 37, 23, 75, 59, 88, 85, 8
33, 63, 52, 100, 46, 80, 41, 39, 29, 0, 0, 1, 49, 2, 100, 0, 1
16, 100, 0, 56, 21, 15, 62, 0, 100, 22, 97, 69, 62, 98, 25, 82, 0
11, 85, 0, 70, 26, 96, 92, 100, 100, 87, 81, 55, 65, 21, 60, 0, 7
73, 97, 43, 100, 49, 55, 42, 10, 0, 0, 6, 42, 56, 60, 100, 79, 8
34, 87, 66, 100, 80, 78, 77, 53, 100, 29, 72, 6, 34, 0, 0, 13, 3
100, 100, 73, 78, 38, 59, 0, 41, 33, 36, 67, 43, 40, 22, 27, 0, 4
46, 100, 0, 100, 7, 61, 63, 30, 48, 0, 8, 28, 50, 64, 100, 98, 8
20, 85, 23, 62, 55, 30, 18, 0, 0, 22, 0, 57, 29, 88, 100, 100, 5
0, 92, 27, 100, 77, 97, 70, 70, 37, 46, 12, 20, 49, 2, 100, 0, 2
6, 73, 36, 100, 45, 66, 31, 30, 0, 0, 5, 10, 52, 7, 100, 9, 2
60, 83, 100, 100, 93, 91, 60, 73, 40, 55, 20, 36, 7, 18, 0, 0, 1
7, 100, 2, 76, 0, 46, 52, 30, 100, 40, 100, 58, 94, 29, 93, 0, 4
0, 61, 28, 82, 48, 100, 50, 62, 46, 25, 9, 0, 48, 2, 100, 4, 1
71, 100, 50, 95, 16, 66, 0, 34, 16, 5, 92, 0, 100, 26, 21, 32, 6
98, 100, 50, 84, 12, 55, 0, 21, 48, 0, 100, 22, 43, 32, 14, 15, 6
0, 93, 42, 100, 58, 73, 35, 43, 2, 20, 12, 7, 55, 1, 100, 0, 2
100, 100, 67, 93, 47, 77, 27, 62, 13, 46, 0, 30, 0, 14, 0, 0, 1
20, 76, 50, 100, 100, 95, 75, 69, 90, 51, 88, 23, 49, 0, 0, 7, 3
44, 100, 13, 80, 0, 59, 49, 49, 100, 59, 69, 39, 38, 20, 18, 0, 4
33, 81, 56, 52, 74, 15, 0, 0, 10, 34, 64, 66, 100, 100, 24, 89, 8
16, 67, 32, 100, 52, 78, 35, 38, 0, 11, 14, 19, 56, 0, 100, 8, 2
16, 88, 0, 68, 63, 38, 84, 0, 22, 15, 57, 58, 100, 99, 58, 100, 8
28, 82, 19, 54, 81, 45, 55, 9, 0, 0, 11, 49, 37, 91, 100, 100, 5
0, 89, 43, 100, 74, 76, 70, 37, 54, 0, 27, 20, 53, 48, 100, 56, 7
78, 100, 31, 86, 57, 71, 88, 89, 100, 53, 94, 17, 50, 1, 0, 0, 9
15, 82, 55, 100, 94, 82, 67, 45, 28, 17, 0, 6, 51, 13, 100, 0, 2
33, 82, 0, 48, 2, 5, 52, 0, 92, 31, 100, 74, 60, 100, 9, 83, 0
0, 75, 25, 99, 84, 100, 88, 73, 66, 46, 37, 21, 37, 0, 100, 1, 2
32, 100, 6, 72, 0, 38, 57, 30, 92, 60, 100, 70, 76, 35, 52, 0, 4
0, 89, 34, 100, 59, 81, 42, 53, 22, 26, 24, 0, 70, 7, 100, 14, 2
23, 64, 39, 100, 42, 93, 41, 54, 41, 15, 0, 0, 49, 2, 100, 1, 1
5, 89, 18, 57, 56, 28, 24, 0, 13, 36, 0, 72, 34, 97, 100, 100, 5
15, 100, 10, 62, 39, 34, 22, 0, 0, 16, 7, 53, 50, 69, 100, 74, 5
1, 92, 71, 100, 100, 72, 66, 35, 27, 0, 76, 28, 72, 52, 0, 56, 7
100, 100, 68, 82, 32, 56, 0, 36, 55, 29, 85, 56, 72, 32, 83, 0, 4
18, 93, 0, 67, 8, 24, 54, 0, 100, 25, 98, 69, 59, 100, 5, 86, 0
62, 100, 26, 73, 0, 45, 80, 46, 100, 58, 73, 64, 63, 32, 63, 0, 4
100, 100, 64, 77, 38, 52, 23, 26, 36, 0, 87, 13, 64, 37, 0, 46, 6
80, 64, 51, 54, 24, 77, 69, 100, 100, 73, 90, 35, 56, 4, 0, 0, 9
100, 100, 73, 86, 58, 72, 42, 58, 23, 43, 12, 29, 4, 14, 0, 0, 1
70, 100, 34, 72, 0, 44, 58, 42, 100, 64, 91, 61, 68, 30, 43, 0, 4
100, 47, 85, 86, 43, 100, 7, 73, 0, 28, 31, 0, 70, 22, 78, 61, 0
0, 90, 1, 77, 32, 100, 88, 99, 100, 91, 77, 59, 65, 24, 62, 0, 7
0, 65, 20, 81, 65, 100, 100, 98, 89, 74, 76, 50, 65, 24, 63, 0, 1
100, 78, 67, 100, 25, 78, 64, 67, 94, 66, 93, 26, 54, 0, 0, 1, 9
2, 84, 48, 100, 100, 96, 67, 70, 60, 49, 95, 29, 61, 4, 0, 0, 3
1, 69, 26, 100, 59, 85, 37, 46, 2, 14, 0, 16, 55, 0, 100, 17, 2
40, 99, 0, 99, 23, 73, 53, 100, 77, 68, 100, 30, 59, 5, 3, 0, 9
91, 60, 70, 100, 16, 88, 32, 50, 87, 76, 100, 27, 58, 0, 0, 6, 9
31, 60, 62, 88, 92, 100, 85, 70, 88, 40, 88, 10, 0, 0, 100, 4, 1
85, 81, 44, 100, 28, 68, 68, 34, 68, 0, 0, 9, 50, 40, 100, 72, 8
0, 63, 22, 89, 83, 100, 84, 67, 57, 35, 14, 8, 33, 0, 100, 7, 2
4, 69, 57, 50, 46, 6, 0, 0, 46, 40, 100, 77, 82, 100, 5, 72, 8
86, 70, 70, 100, 28, 79, 42, 39, 30, 0, 0, 16, 41, 46, 100, 62, 8
30, 91, 1, 68, 54, 50, 44, 0, 0, 9, 11, 64, 41, 100, 100, 99, 5
72, 94, 14, 85, 53, 44, 63, 1, 0, 0, 47, 38, 100, 75, 39, 100, 8
97, 86, 61, 100, 25, 69, 79, 87, 89, 79, 100, 34, 58, 3, 0, 0, 9
56, 100, 15, 71, 0, 29, 34, 0, 79, 21, 100, 62, 75, 97, 26, 83, 0
18, 92, 51, 100, 44, 64, 26, 30, 0, 0, 12, 20, 57, 14, 100, 12, 2
7, 64, 39, 98, 47, 100, 47, 59, 44, 18, 0, 0, 37, 4, 100, 4, 1
69, 99, 25, 100, 34, 72, 84, 91, 84, 68, 100, 22, 57, 0, 0, 12, 9
49, 79, 58, 100, 91, 85, 80, 58, 100, 44, 85, 20, 44, 7, 0, 0, 3
80, 100, 35, 84, 10, 53, 0, 20, 41, 0, 100, 14, 91, 40, 28, 33, 6
0, 36, 39, 49, 72, 74, 100, 100, 97, 87, 84, 58, 71, 28, 73, 0, 1
0, 59, 33, 67, 67, 92, 88, 100, 71, 75, 67, 50, 67, 23, 100, 0, 1
0, 81, 33, 100, 68, 91, 38, 65, 11, 36, 20, 5, 60, 1, 100, 0, 2
21, 100, 62, 95, 57, 54, 53, 13, 38, 0, 0, 19, 49, 17, 100, 16, 7
100, 100, 58, 88, 22, 62, 0, 33, 0, 1, 49, 0, 70, 28, 26, 42, 6
81, 85, 52, 100, 38, 61, 87, 54, 100, 75, 87, 32, 50, 0, 0, 2, 9
15, 73, 46, 100, 72, 65, 44, 25, 0, 3, 13, 10, 62, 0, 100, 16, 2
41, 84, 89, 100, 100, 97, 44, 93, 26, 73, 72, 43, 46, 0, 0, 22, 5
0, 94, 63, 100, 85, 71, 72, 35, 57, 0, 24, 26, 43, 40, 100, 37, 7
0, 88, 10, 98, 50, 100, 44, 66, 27, 34, 19, 0, 59, 3, 100, 13, 2
0, 89, 25, 100, 77, 80, 81, 40, 71, 0, 33, 15, 36, 41, 100, 50, 7
32, 98, 12, 54, 24, 5, 71, 0, 100, 41, 91, 89, 43, 100, 0, 77, 0
45, 74, 45, 96, 90, 100, 76, 62, 46, 28, 0, 0, 38, 18, 100, 2, 2
7, 95, 47, 100, 68, 69, 50, 34, 27, 0, 0, 19, 44, 31, 100, 35, 7
100, 100, 66, 81, 23, 62, 0, 40, 66, 34, 93, 44, 68, 22, 59, 0, 4
100, 100, 59, 84, 28, 56, 13, 26, 41, 0, 100, 9, 54, 22, 0, 6, 6
24, 92, 61, 100, 100, 99, 81, 79, 59, 57, 56, 31, 35, 9, 0, 0, 3
0, 56, 43, 77, 75, 99, 100, 100, 98, 75, 94, 50, 92, 25, 100, 0, 1
42, 86, 71, 100, 69, 72, 98, 54, 100, 26, 76, 3, 32, 0, 0, 18, 3
0, 73, 21, 92, 57, 100, 79, 84, 74, 61, 68, 38, 71, 15, 100, 0, 2
16, 86, 46, 100, 48, 64, 32, 31, 0, 3, 1, 6, 51, 5, 100, 0, 2
16, 59, 30, 100, 55, 87, 34, 45, 0, 12, 2, 0, 51, 4, 100, 7, 2
23, 96, 79, 100, 100, 86, 74, 66, 72, 44, 88, 23, 53, 6, 0, 0, 3
32, 82, 4, 56, 43, 25, 36, 0, 18, 37, 0, 73, 32, 99, 100, 100, 5
17, 90, 29, 100, 62, 82, 45, 35, 9, 0, 0, 3, 50, 4, 100, 10, 2
0, 93, 60, 100, 99, 88, 73, 47, 55, 5, 39, 0, 38, 34, 100, 36, 7
3, 77, 40, 100, 70, 80, 52, 45, 20, 18, 0, 0, 50, 7, 100, 1, 2
0, 87, 47, 100, 97, 87, 94, 69, 92, 50, 100, 31, 81, 13, 22, 0, 3
0, 73, 25, 100, 69, 95, 55, 58, 100, 56, 90, 21, 47, 0, 2, 8, 3
86, 95, 9, 96, 27, 61, 100, 31, 64, 0, 0, 24, 55, 61, 93, 100, 8
10, 81, 42, 100, 48, 67, 35, 34, 7, 4, 0, 7, 49, 0, 100, 0, 2
49, 81, 50, 50, 85, 25, 42, 0, 0, 16, 15, 58, 44, 91, 100, 100, 5
30, 84, 63, 100, 90, 86, 67, 58, 100, 39, 75, 13, 36, 0, 0, 13, 3
50, 100, 35, 71, 17, 42, 12, 12, 56, 0, 100, 20, 54, 31, 0, 19, 6
11, 75, 4, 45, 21, 1, 81, 0, 100, 43, 88, 87, 29, 100, 0, 67, 0
100, 69, 54, 61, 13, 77, 56, 100, 96, 77, 90, 44, 58, 14, 0, 0, 9
16, 75, 41, 100, 52, 64, 32, 27, 0, 0, 21, 9, 62, 2, 100, 14, 2
30, 81, 87, 100, 100, 98, 37, 86, 46, 54, 99, 32, 59, 2, 0, 0, 5
0, 100, 73, 97, 95, 80, 100, 64, 95, 48, 82, 31, 64, 15, 23, 0, 1
89, 87, 38, 100, 17, 78, 80, 77, 100, 76, 92, 34, 61, 0, 0, 4, 9
100, 92, 64, 100, 37, 77, 20, 50, 11, 21, 22, 0, 35, 26, 0, 40, 6
100, 100, 59, 78, 25, 52, 0, 24, 16, 0, 79, 8, 70, 29, 7, 27, 6
100, 74, 46, 65, 0, 78, 36, 100, 78, 88, 80, 58, 78, 28, 88, 0, 9
18, 78, 53, 100, 90, 81, 43, 57, 90, 55, 100, 22, 52, 0, 0, 16, 3
41, 82, 77, 98, 100, 100, 59, 90, 28, 69, 54, 42, 39, 13, 0, 0, 5
0, 95, 54, 100, 93, 79, 81, 42, 60, 7, 36, 0, 44, 27, 100, 31, 7
0, 99, 50, 100, 77, 77, 59, 50, 29, 26, 0, 2, 48, 0, 100, 4, 2
62, 76, 23, 100, 0, 67, 67, 35, 89, 0, 22, 22, 56, 60, 100, 96, 8
81, 100, 50, 79, 23, 52, 17, 22, 70, 15, 100, 31, 44, 19, 0, 0, 6
22, 72, 34, 100, 62, 73, 38, 35, 0, 8, 5, 0, 53, 3, 100, 8, 2
100, 100, 49, 91, 13, 62, 0, 28, 33, 0, 90, 15, 75, 45, 8, 49, 6
93, 93, 44, 100, 26, 73, 53, 51, 100, 46, 86, 12, 38, 0, 0, 13, 5
39, 83, 63, 100, 78, 78, 71, 61, 100, 39, 78, 11, 36, 0, 0, 17, 3
7, 90, 55, 100, 93, 82, 79, 54, 41, 31, 0, 10, 40, 0, 100, 0, 3
100, 100, 69, 96, 38, 66, 14, 33, 19, 0, 68, 3, 52, 32, 0, 25, 6
0, 62, 48, 81, 100, 100, 87, 86, 58, 65, 39, 44, 16, 21, 10, 0, 1
32, 88, 21, 100, 66, 94, 45, 65, 69, 54, 100, 29, 64, 3, 0, 0, 3
51, 100, 16, 73, 0, 27, 28, 0, 70, 15, 100, 51, 83, 89, 40, 95, 0
0, 99, 42, 100, 23, 75, 2, 50, 23, 27, 93, 43, 81, 25, 100, 0, 4
0, 88, 37, 100, 78, 81, 76, 41, 78, 0, 31, 17, 47, 37, 100, 43, 7
23, 97, 20, 61, 66, 44, 41, 0, 8, 24, 0, 82, 44, 98, 100, 100, 5
31, 92, 0, 52, 18, 0, 69, 6, 100, 53, 72, 100, 21, 100, 4, 49, 0
9, 78, 48, 100, 100, 94, 78, 63, 85, 36, 73, 6, 19, 0, 0, 29, 3
100, 92, 50, 75, 0, 77, 38, 100, 90, 95, 88, 60, 54, 31, 34, 0, 9
81, 76, 15, 100, 0, 65, 100, 33, 65, 0, 10, 28, 90, 64, 73, 94, 8
21, 74, 30, 100, 72, 77, 66, 36, 31, 2, 0, 14, 52, 24, 100, 0, 2
7, 100, 40, 89, 37, 48, 21, 9, 0, 0, 3, 40, 48, 58, 100, 65, 7
100, 90, 95, 100, 59, 70, 27, 38, 6, 5, 54, 0, 65, 27, 0, 18, 6
95, 68, 76, 100, 34, 78, 50, 39, 52, 0, 0, 6, 40, 39, 100, 60, 8
7, 32, 37, 53, 73, 75, 100, 100, 73, 78, 48, 52, 23, 26, 0, 0, 1
31, 92, 5, 50, 59, 42, 43, 0, 1, 3, 0, 63, 45, 92, 100, 100, 5
45, 86, 32, 66, 93, 87, 12, 100, 80, 79, 100, 46, 88, 13, 0, 0, 9
22, 73, 0, 49, 15, 0, 74, 10, 100, 56, 68, 100, 14, 87, 1, 36, 0
95, 59, 74, 100, 6, 96, 0, 52, 64, 59, 100, 70, 73, 26, 15, 0, 9
63, 100, 36, 65, 0, 30, 84, 36, 100, 63, 81, 79, 79, 39, 75, 0, 4
34, 100, 24, 100, 0, 53, 8, 4, 59, 0, 100, 34, 69, 68, 14, 69, 0
100, 100, 75, 90, 44, 67, 19, 41, 0, 13, 26, 0, 49, 18, 2, 18, 6
81, 100, 39, 77, 17, 42, 22, 5, 78, 0, 100, 31, 45, 46, 0, 27, 6
4, 58, 0, 22, 46, 0, 99, 17, 100, 54, 72, 88, 20, 100, 7, 66, 0
0, 81, 30, 100, 100, 94, 85, 68, 49, 33, 30, 0, 20, 40, 80, 49, 7
68, 89, 20, 86, 0, 49, 22, 11, 70, 0, 100, 32, 94, 73, 57, 100, 0
77, 99, 43, 77, 34, 36, 0, 0, 23, 34, 66, 68, 100, 100, 39, 78, 8
0, 70, 19, 100, 43, 77, 36, 44, 13, 15, 11, 15, 57, 14, 100, 0, 2
44, 81, 72, 100, 100, 84, 74, 59, 37, 38, 0, 17, 7, 0, 65, 3, 2
0, 76, 28, 100, 48, 75, 34, 43, 11, 13, 16, 0, 57, 3, 100, 3, 2
59, 100, 20, 79, 0, 50, 2, 20, 43, 0, 100, 7, 69, 22, 12, 12, 6
19, 56, 16, 68, 61, 86, 100, 100, 71, 75, 42, 51, 16, 26, 0, 0, 1
9, 70, 41, 100, 100, 85, 68, 42, 27, 2, 75, 0, 45, 42, 0, 80, 8
91, 73, 55, 100, 0, 73, 49, 37, 83, 0, 17, 7, 56, 44, 100, 77, 8
13, 69, 78, 100, 100, 73, 59, 36, 11, 0, 87, 11, 87, 45, 0, 69, 8
22, 99, 0, 54, 50, 55, 56, 0, 14, 2, 22, 66, 48, 100, 100, 96, 5
86, 78, 53, 100, 32, 69, 56, 32, 36, 0, 0, 18, 49, 48, 100, 77, 8
37, 100, 28, 83, 10, 47, 16, 11, 66, 0, 100, 23, 51, 35, 0, 23, 6
0, 100, 3, 44, 33, 0, 75, 2, 100, 48, 74, 95, 32, 98, 12, 48, 0
43, 89, 79, 64, 79, 100, 32, 77, 88, 78, 100, 36, 69, 0, 0, 3, 9
0, 94, 30, 100, 66, 78, 33, 52, 88, 46, 100, 17, 52, 0, 8, 11, 3
73, 100, 23, 83, 3, 53, 0, 22, 42, 0, 100, 14, 53, 32, 9, 13, 6
0, 87, 46, 100, 100, 98, 76, 77, 45, 58, 67, 37, 55, 15, 12, 0, 3
5, 87, 50, 100, 100, 98, 73, 75, 36, 56, 65, 36, 44, 15, 0, 0, 3
39, 88, 47, 100, 82, 81, 59, 54, 24, 32, 0, 7, 48, 0, 100, 1, 2
0, 92, 46, 100, 100, 92, 78, 51, 59, 9, 38, 0, 30, 28, 95, 30, 7
0, 53, 30, 82, 62, 100, 52, 61, 50, 21, 20, 3, 45, 0, 100, 3, 1
0, 65, 51, 79, 84, 100, 100, 94, 92, 70, 83, 46, 73, 22, 78, 0, 1
20, 100, 24, 85, 0, 52, 20, 39, 79, 34, 94, 53, 91, 18, 100, 0, 4
32, 84, 79, 64, 85, 100, 35, 78, 74, 68, 100, 37, 82, 0, 0, 0, 9
12, 93, 48, 62, 95, 96, 21, 100, 46, 70, 100, 64, 77, 7, 0, 0, 9
0, 45, 26, 66, 62, 84, 100, 100, 80, 75, 57, 50, 36, 25, 18, 0, 1
14, 81, 0, 56, 48, 60, 100, 30, 50, 0, 18, 52, 18, 97, 97, 100, 5
0, 89, 36, 100, 58, 72, 54, 36, 56, 0, 28, 11, 48, 27, 100, 30, 7
41, 80, 60, 100, 100, 97, 98, 73, 94, 48, 75, 26, 42, 9, 0, 0, 3
0, 83, 21, 100, 62, 93, 57, 46, 51, 0, 29, 10, 56, 21, 100, 28, 7
6, 79, 49, 100, 100, 97, 79, 67, 40, 43, 0, 18, 32, 1, 91, 0, 2
79, 87, 98, 81, 71, 100, 72, 73, 100, 66, 91, 21, 48, 0, 0, 13, 9
78, 99, 21, 85, 0, 50, 5, 14, 59, 0, 100, 27, 100, 65, 79, 100, 0
0, 100, 52, 94, 74, 60, 71, 23, 55, 0, 9, 21, 43, 31, 100, 31, 7
36, 100, 3, 88, 0, 64, 54, 55, 100, 67, 73, 45, 46, 23, 29, 0, 4
0, 82, 33, 100, 77, 89, 87, 57, 72, 25, 53, 0, 51, 27, 100, 24, 7
100, 100, 50, 91, 19, 66, 0, 40, 0, 13, 48, 0, 94, 15, 44, 21, 6
100, 100, 83, 93, 67, 78, 54, 62, 38, 47, 29, 31, 12, 15, 0, 0, 1
6, 91, 55, 100, 58, 90, 49, 64, 88, 42, 100, 12, 51, 0, 0, 4, 3
100, 100, 46, 89, 13, 64, 0, 34, 25, 7, 80, 0, 80, 24, 26, 26, 6
100, 100, 82, 91, 65, 75, 50, 59, 35, 43, 18, 28, 9, 12, 0, 0, 1
27, 70, 59, 100, 27, 66, 14, 26, 48, 0, 100, 19, 59, 40, 0, 30, 6
35, 78, 62, 100, 92, 78, 69, 49, 77, 49, 100, 20, 56, 0, 0, 14, 3
97, 87, 56, 74, 34, 95, 83, 100, 100, 68, 88, 36, 53, 8, 0, 0, 9
8, 98, 53, 100, 69, 63, 50, 24, 46, 0, 100, 19, 58, 37, 0, 46, 7
0, 75, 36, 100, 81, 93, 97, 51, 96, 5, 73, 0, 53, 21, 100, 25, 7
0, 98, 55, 98, 100, 100, 72, 63, 52, 23, 40, 0, 31, 35, 86, 40, 7
65, 89, 26, 100, 0, 70, 51, 63, 84, 70, 100, 31, 70, 3, 17, 0, 9
47, 79, 16, 68, 0, 30, 27, 0, 74, 12, 100, 46, 94, 86, 51, 100, 0
28, 89, 64, 100, 100, 92, 79, 71, 59, 51, 68, 27, 39, 9, 0, 0, 3
0, 49, 37, 66, 71, 87, 100, 100, 87, 75, 75, 50, 61, 25, 51, 0, 1
41, 96, 19, 61, 66, 43, 42, 2, 0, 0, 18, 51, 49, 89, 100, 100, 5
38, 85, 73, 100, 100, 86, 68, 65, 87, 42, 81, 15, 42, 0, 0, 12, 3
82, 100, 100, 86, 88, 71, 59, 57, 35, 44, 24, 29, 6, 14, 0, 0, 1
0, 100, 100, 91, 0, 76, 0, 60, 0, 45, 0, 30, 0, 15, 100, 0, 1
41, 96, 6, 63, 0, 11, 48, 0, 92, 31, 100, 82, 51, 100, 18, 62, 0
0, 73, 43, 100, 44, 95, 38, 62, 37, 29, 16, 0, 22, 2, 100, 3, 1
82, 100, 64, 89, 31, 67, 0, 45, 62, 37, 100, 46, 78, 23, 71, 0, 4
90, 88, 43, 100, 15, 69, 67, 66, 86, 66, 100, 27, 59, 3, 0, 0, 9
29, 76, 50, 100, 70, 74, 50, 42, 18, 16, 0, 0, 50, 7, 100, 7, 2
100, 100, 57, 85, 21, 58, 0, 29, 13, 0, 66, 8, 57, 33, 6, 26, 6
0, 70, 33, 100, 83, 97, 78, 59, 44, 26, 2, 0, 42, 1, 100, 2, 2
69, 99, 13, 100, 0, 65, 54, 68, 70, 74, 100, 37, 74, 5, 17, 0, 9
0, 92, 31, 100, 60, 88, 47, 54, 24, 25, 33, 0, 66, 2, 100, 8, 2
21, 100, 15, 75, 0, 45, 58, 42, 92, 50, 88, 61, 89, 30, 100, 0, 4
22, 100, 16, 99, 0, 70, 11, 40, 78, 38, 100, 61, 97, 30, 94, 0, 4
0, 67, 28, 94, 91, 100, 90, 73, 69, 53, 100, 25, 61, 0, 11, 5, 3
39, 100, 17, 84, 0, 63, 8, 42, 42, 33, 79, 30, 100, 18, 78, 0, 4
10, 60, 0, 85, 41, 95, 100, 100, 95, 78, 67, 52, 43, 27, 37, 0, 7
39, 100, 17, 79, 0, 56, 6, 32, 42, 28, 79, 35, 100, 24, 90, 0, 4
100, 100, 65, 100, 40, 89, 40, 62, 74, 51, 63, 30, 30, 17, 0, 0, 5
21, 73, 45, 100, 85, 99, 69, 67, 100, 47, 90, 16, 46, 0, 0, 6, 3
0, 75, 29, 100, 68, 97, 70, 61, 43, 29, 18, 2, 59, 0, 100, 3, 2
29, 100, 9, 82, 0, 63, 6, 44, 39, 35, 77, 33, 100, 19, 96, 0, 4
0, 92, 48, 100, 76, 74, 70, 41, 57, 9, 38, 0, 46, 20, 100, 20, 7
64, 100, 38, 98, 0, 75, 23, 61, 85, 46, 100, 48, 69, 24, 43, 0, 4
