@relation penbased-4
@attribute At1 integer [0, 100]
@attribute At2 integer [0, 100]
@attribute At3 integer [0, 100]
@attribute At4 integer [0, 100]
@attribute At5 integer [0, 100]
@attribute At6 integer [0, 100]
@attribute At7 integer [0, 100]
@attribute At8 integer [0, 100]
@attribute At9 integer [0, 100]
@attribute At10 integer [0, 100]
@attribute At11 integer [0, 100]
@attribute At12 integer [0, 100]
@attribute At13 integer [0, 100]
@attribute At14 integer [0, 100]
@attribute At15 integer [0, 100]
@attribute At16 integer [0, 100]
@attribute Class {0, 1, 2, 3, 4, 5, 6, 7, 8, 9}
@inputs At1, At2, At3, At4, At5, At6, At7, At8, At9, At10, At11, At12, At13, At14, At15, At16
@outputs Class
@data
0, 100, 3, 72, 26, 35, 85, 35, 100, 71, 73, 97, 65, 49, 66, 0, 4
13, 89, 12, 50, 72, 38, 56, 0, 4, 17, 0, 61, 32, 94, 100, 100, 5
100, 100, 72, 99, 36, 78, 34, 54, 79, 47, 64, 13, 19, 0, 0, 2, 5
91, 74, 54, 100, 0, 87, 23, 59, 81, 67, 100, 39, 79, 4, 21, 0, 9
73, 62, 53, 100, 0, 72, 82, 39, 100, 0, 15, 14, 52, 57, 90, 94, 8
5, 90, 46, 98, 89, 100, 100, 81, 77, 59, 62, 34, 37, 14, 0, 0, 3
47, 86, 73, 100, 89, 75, 68, 49, 100, 28, 82, 4, 38, 0, 0, 13, 3
0, 100, 61, 100, 100, 93, 63, 64, 36, 33, 14, 0, 9, 29, 47, 42, 7
0, 87, 37, 100, 19, 70, 5, 42, 88, 49, 100, 58, 84, 28, 88, 0, 4
73, 98, 35, 100, 0, 59, 0, 13, 71, 8, 100, 45, 29, 41, 9, 0, 6
7, 100, 0, 56, 51, 37, 39, 0, 9, 15, 5, 62, 42, 92, 100, 96, 5
52, 91, 72, 100, 87, 70, 57, 43, 100, 45, 90, 15, 43, 0, 0, 12, 3
100, 98, 60, 100, 29, 73, 10, 41, 6, 6, 46, 0, 46, 27, 0, 30, 6
0, 42, 34, 57, 64, 79, 95, 100, 100, 85, 81, 57, 62, 28, 45, 0, 1
19, 100, 4, 77, 0, 51, 46, 36, 100, 47, 96, 49, 87, 23, 77, 0, 4
29, 38, 61, 60, 92, 83, 100, 100, 73, 76, 49, 50, 25, 25, 0, 0, 1
54, 93, 0, 88, 54, 46, 70, 0, 5, 9, 54, 52, 100, 96, 7, 100, 8
80, 100, 60, 76, 26, 52, 0, 28, 46, 11, 97, 29, 100, 24, 100, 0, 4
91, 100, 66, 88, 31, 58, 15, 26, 50, 0, 100, 17, 67, 45, 0, 47, 6
34, 64, 52, 100, 58, 57, 37, 16, 0, 0, 24, 20, 61, 1, 100, 5, 2
27, 92, 22, 53, 58, 28, 18, 0, 0, 32, 13, 85, 50, 98, 100, 100, 5
22, 98, 0, 75, 4, 18, 55, 0, 100, 36, 84, 89, 34, 100, 21, 46, 0
3, 100, 4, 83, 0, 56, 15, 31, 60, 28, 100, 42, 91, 26, 88, 0, 4
92, 100, 61, 85, 31, 57, 10, 29, 21, 0, 100, 7, 69, 27, 0, 13, 6
10, 86, 0, 44, 33, 0, 80, 9, 100, 65, 64, 100, 22, 74, 32, 20, 0
22, 83, 62, 100, 92, 78, 51, 53, 55, 37, 100, 17, 55, 0, 0, 7, 3
38, 96, 49, 68, 74, 100, 24, 87, 91, 80, 100, 30, 54, 0, 0, 32, 9
73, 100, 49, 62, 0, 38, 56, 43, 100, 57, 88, 78, 65, 39, 49, 0, 4
13, 71, 40, 100, 65, 69, 41, 34, 0, 12, 2, 8, 51, 6, 100, 0, 2
80, 100, 32, 81, 7, 52, 0, 21, 40, 0, 100, 9, 88, 30, 28, 22, 6
97, 66, 77, 100, 8, 96, 0, 67, 69, 72, 100, 73, 92, 36, 86, 0, 9
44, 83, 70, 100, 93, 77, 59, 50, 93, 44, 100, 16, 53, 0, 0, 3, 3
86, 71, 72, 100, 32, 75, 55, 35, 42, 0, 0, 17, 48, 45, 100, 70, 8
100, 64, 45, 45, 0, 65, 22, 100, 80, 99, 99, 62, 85, 23, 40, 0, 9
0, 100, 82, 95, 100, 79, 100, 64, 91, 48, 82, 32, 55, 15, 55, 0, 1
84, 52, 98, 96, 64, 100, 73, 62, 100, 55, 83, 9, 42, 0, 0, 4, 9
27, 84, 65, 77, 71, 100, 0, 88, 78, 80, 100, 53, 60, 24, 5, 0, 9
38, 85, 13, 55, 31, 8, 75, 0, 100, 40, 85, 87, 42, 100, 0, 79, 0
100, 100, 65, 85, 33, 64, 10, 39, 0, 11, 35, 0, 54, 22, 10, 24, 6
42, 100, 22, 76, 0, 52, 26, 34, 82, 41, 100, 47, 74, 24, 57, 0, 4
19, 100, 55, 99, 58, 67, 30, 39, 0, 15, 21, 0, 60, 1, 100, 0, 2
44, 93, 9, 64, 82, 45, 63, 8, 0, 0, 13, 44, 28, 88, 100, 100, 5
16, 38, 67, 29, 43, 0, 22, 25, 66, 57, 100, 94, 50, 100, 0, 74, 8
35, 85, 22, 38, 45, 0, 87, 12, 100, 57, 81, 100, 37, 97, 0, 72, 0
18, 97, 35, 100, 0, 76, 0, 53, 64, 54, 100, 53, 75, 27, 66, 0, 4
13, 87, 0, 57, 60, 37, 42, 0, 12, 16, 14, 59, 30, 98, 100, 100, 5
100, 100, 24, 77, 0, 56, 96, 57, 100, 86, 79, 70, 37, 35, 4, 0, 4
16, 81, 40, 59, 100, 90, 30, 100, 48, 69, 95, 59, 75, 9, 0, 0, 9
55, 40, 100, 64, 92, 100, 48, 81, 45, 40, 55, 0, 0, 4, 11, 38, 8
28, 95, 100, 100, 51, 97, 0, 74, 16, 54, 86, 42, 71, 13, 1, 0, 5
100, 94, 63, 100, 30, 71, 8, 39, 6, 6, 57, 0, 54, 19, 0, 10, 6
0, 81, 11, 100, 55, 97, 100, 96, 86, 76, 66, 51, 48, 26, 38, 0, 7
38, 99, 90, 95, 29, 100, 10, 58, 60, 53, 100, 23, 49, 0, 0, 18, 5
64, 100, 21, 74, 0, 38, 17, 3, 72, 0, 100, 31, 59, 51, 6, 39, 6
70, 91, 25, 69, 0, 35, 6, 0, 58, 0, 97, 25, 100, 63, 85, 100, 0
64, 92, 3, 100, 25, 62, 44, 23, 0, 0, 1, 30, 55, 58, 100, 90, 8
19, 66, 3, 28, 34, 0, 77, 13, 100, 51, 78, 89, 34, 100, 0, 76, 0
29, 84, 65, 100, 87, 74, 69, 45, 38, 19, 0, 0, 49, 6, 100, 12, 2
48, 97, 9, 67, 100, 64, 66, 100, 24, 57, 0, 0, 87, 8, 15, 41, 8
0, 81, 15, 100, 20, 76, 19, 52, 24, 28, 71, 21, 88, 23, 100, 0, 4
32, 89, 67, 100, 100, 93, 79, 71, 66, 47, 68, 22, 40, 6, 0, 0, 3
99, 97, 47, 100, 8, 74, 0, 41, 28, 11, 85, 0, 100, 22, 38, 24, 6
34, 76, 0, 41, 8, 0, 65, 11, 100, 47, 99, 90, 42, 100, 7, 67, 0
0, 91, 26, 57, 52, 22, 8, 0, 4, 39, 4, 81, 41, 100, 100, 98, 5
77, 72, 51, 100, 0, 77, 61, 42, 94, 0, 22, 2, 33, 45, 100, 76, 8
0, 66, 44, 83, 92, 100, 100, 85, 81, 64, 61, 42, 40, 21, 22, 0, 1
18, 92, 66, 100, 93, 81, 49, 56, 0, 35, 14, 16, 75, 10, 100, 0, 2
38, 70, 51, 100, 37, 72, 38, 38, 28, 5, 0, 0, 50, 4, 100, 10, 1
0, 55, 53, 77, 100, 100, 87, 95, 87, 71, 87, 47, 87, 23, 80, 0, 1
9, 98, 16, 100, 0, 55, 65, 40, 100, 58, 80, 89, 52, 46, 33, 0, 4
25, 100, 0, 69, 1, 20, 43, 0, 87, 16, 100, 61, 72, 100, 29, 96, 0
0, 100, 51, 85, 100, 74, 63, 37, 26, 0, 15, 12, 38, 31, 100, 37, 7
62, 100, 37, 81, 14, 55, 0, 28, 55, 24, 100, 45, 66, 27, 58, 0, 4
0, 95, 62, 100, 100, 82, 88, 50, 79, 19, 66, 0, 35, 27, 99, 37, 7
43, 80, 28, 100, 60, 73, 40, 38, 0, 14, 0, 3, 50, 0, 100, 0, 2
0, 64, 37, 82, 85, 99, 100, 100, 85, 75, 76, 50, 70, 24, 67, 0, 1
96, 85, 31, 100, 44, 64, 96, 27, 37, 0, 0, 31, 72, 62, 100, 91, 8
36, 100, 19, 61, 0, 27, 80, 28, 100, 52, 73, 90, 70, 45, 69, 0, 4
0, 68, 27, 100, 73, 93, 73, 52, 54, 12, 50, 0, 49, 34, 100, 38, 7
0, 88, 26, 100, 56, 86, 45, 51, 26, 19, 34, 0, 69, 2, 100, 10, 2
31, 85, 63, 100, 75, 71, 39, 43, 0, 17, 11, 4, 58, 1, 100, 0, 2
34, 96, 43, 63, 89, 37, 65, 0, 0, 14, 12, 54, 26, 93, 100, 100, 5
69, 97, 0, 90, 24, 45, 81, 3, 0, 0, 46, 45, 100, 89, 20, 100, 8
27, 84, 58, 100, 76, 68, 57, 34, 16, 13, 0, 9, 50, 5, 100, 0, 2
25, 75, 37, 98, 92, 100, 100, 75, 68, 51, 97, 27, 51, 9, 0, 0, 3
24, 86, 36, 55, 98, 77, 27, 100, 45, 81, 100, 49, 84, 10, 0, 0, 9
44, 100, 16, 79, 0, 53, 20, 33, 61, 32, 100, 37, 85, 28, 81, 0, 4
90, 85, 100, 100, 64, 97, 59, 68, 80, 38, 72, 8, 36, 1, 0, 0, 5
94, 95, 56, 100, 23, 67, 0, 29, 19, 0, 69, 16, 100, 50, 89, 90, 0
100, 100, 60, 89, 26, 65, 3, 36, 0, 4, 43, 0, 51, 26, 12, 31, 6
31, 78, 0, 57, 14, 13, 59, 0, 100, 23, 98, 69, 62, 100, 19, 91, 0
0, 92, 44, 100, 80, 88, 43, 67, 71, 45, 100, 23, 54, 7, 2, 0, 3
0, 73, 46, 84, 87, 100, 100, 92, 86, 69, 76, 46, 69, 22, 67, 0, 1
41, 100, 0, 80, 52, 71, 68, 77, 83, 49, 100, 19, 65, 0, 6, 2, 9
16, 100, 18, 77, 0, 47, 26, 29, 88, 35, 100, 58, 74, 30, 59, 0, 4
100, 81, 52, 62, 17, 77, 57, 100, 79, 68, 75, 31, 52, 0, 0, 12, 9
100, 100, 67, 76, 39, 51, 15, 23, 29, 0, 73, 10, 46, 26, 0, 22, 6
49, 93, 0, 55, 28, 74, 63, 100, 62, 50, 59, 3, 24, 1, 100, 0, 1
27, 70, 37, 100, 72, 87, 63, 48, 35, 16, 0, 10, 50, 10, 100, 0, 2
100, 91, 67, 100, 27, 71, 0, 35, 17, 0, 68, 4, 58, 34, 23, 15, 6
22, 57, 0, 63, 46, 82, 94, 100, 100, 80, 78, 53, 56, 27, 44, 0, 1
0, 54, 50, 76, 80, 100, 60, 82, 52, 57, 60, 33, 88, 9, 100, 0, 1
81, 69, 63, 100, 0, 82, 41, 41, 81, 0, 19, 3, 41, 44, 100, 74, 8
46, 99, 82, 100, 82, 72, 77, 56, 100, 31, 75, 7, 38, 0, 0, 6, 3
100, 100, 40, 83, 2, 51, 0, 16, 67, 9, 89, 38, 18, 32, 11, 0, 6
72, 100, 30, 84, 7, 61, 0, 37, 49, 30, 100, 42, 74, 23, 70, 0, 4
0, 53, 84, 42, 100, 6, 10, 0, 2, 34, 66, 66, 86, 100, 5, 84, 8
34, 100, 34, 76, 0, 49, 58, 47, 100, 57, 100, 56, 90, 26, 82, 0, 4
57, 53, 100, 85, 62, 100, 51, 61, 79, 24, 29, 0, 0, 30, 61, 56, 8
72, 100, 5, 97, 53, 52, 93, 6, 0, 0, 11, 43, 100, 77, 58, 99, 8
0, 90, 41, 100, 72, 84, 54, 55, 26, 30, 13, 3, 56, 0, 100, 4, 2
44, 87, 21, 78, 68, 41, 70, 0, 0, 13, 45, 47, 100, 80, 41, 100, 8
24, 85, 59, 100, 73, 63, 46, 29, 0, 16, 5, 29, 54, 19, 100, 0, 2
18, 76, 55, 100, 65, 62, 38, 23, 0, 0, 13, 18, 57, 20, 100, 16, 2
0, 73, 4, 100, 70, 100, 93, 70, 61, 38, 15, 12, 31, 0, 100, 6, 2
10, 80, 12, 37, 38, 0, 90, 4, 100, 44, 72, 82, 24, 100, 0, 62, 0
65, 60, 100, 100, 5, 100, 19, 57, 65, 15, 0, 0, 13, 43, 97, 75, 8
10, 77, 0, 52, 30, 100, 31, 100, 44, 44, 18, 0, 21, 8, 100, 12, 1
11, 100, 0, 87, 11, 48, 69, 38, 100, 50, 75, 94, 53, 49, 37, 0, 4
31, 67, 40, 100, 81, 97, 69, 53, 39, 15, 0, 1, 49, 5, 100, 0, 2
100, 77, 61, 100, 21, 79, 71, 70, 81, 73, 78, 33, 53, 0, 0, 2, 9
43, 87, 100, 100, 77, 98, 29, 77, 60, 59, 95, 32, 54, 4, 0, 0, 5
0, 85, 48, 100, 100, 82, 87, 39, 56, 0, 30, 1, 25, 28, 88, 33, 7
28, 73, 81, 60, 73, 100, 39, 72, 91, 85, 100, 42, 88, 0, 0, 1, 9
93, 95, 47, 100, 54, 66, 100, 80, 95, 64, 93, 20, 50, 0, 0, 9, 9
0, 65, 51, 74, 87, 96, 100, 100, 78, 75, 54, 50, 32, 25, 12, 0, 1
19, 100, 76, 92, 16, 92, 0, 55, 46, 50, 100, 28, 57, 0, 1, 17, 5
0, 95, 70, 100, 100, 77, 69, 41, 38, 4, 0, 0, 10, 22, 92, 26, 7
46, 79, 37, 60, 59, 22, 0, 0, 19, 35, 78, 64, 100, 97, 29, 100, 8
63, 78, 83, 100, 100, 80, 78, 53, 42, 30, 0, 8, 30, 0, 93, 3, 2
85, 69, 81, 100, 100, 66, 76, 30, 36, 5, 0, 0, 50, 7, 99, 5, 2
55, 100, 15, 77, 0, 47, 42, 28, 86, 43, 100, 62, 84, 31, 80, 0, 4
98, 100, 56, 80, 23, 48, 10, 9, 58, 0, 100, 18, 49, 22, 0, 8, 6
0, 88, 39, 100, 77, 83, 77, 42, 72, 0, 42, 11, 54, 27, 100, 26, 7
40, 100, 27, 71, 65, 89, 13, 90, 60, 62, 100, 30, 62, 0, 0, 1, 9
0, 85, 31, 100, 59, 73, 55, 36, 46, 0, 27, 26, 47, 40, 100, 39, 7
0, 100, 50, 91, 68, 60, 58, 29, 26, 0, 9, 18, 23, 45, 100, 49, 7
11, 80, 0, 54, 47, 32, 36, 0, 11, 24, 3, 62, 46, 87, 100, 100, 5
0, 80, 43, 93, 91, 100, 96, 80, 75, 57, 100, 36, 90, 14, 48, 0, 3
55, 73, 57, 100, 92, 89, 75, 50, 43, 16, 0, 0, 44, 19, 100, 12, 2
0, 83, 42, 100, 100, 86, 75, 43, 50, 0, 11, 15, 2, 27, 69, 29, 7
8, 64, 65, 74, 100, 100, 43, 93, 0, 66, 57, 72, 48, 42, 27, 0, 9
0, 90, 38, 100, 68, 70, 59, 33, 32, 0, 2, 27, 35, 42, 100, 41, 7
100, 83, 64, 100, 50, 65, 75, 26, 35, 0, 0, 22, 46, 53, 100, 78, 8
11, 100, 7, 95, 0, 73, 11, 51, 71, 50, 100, 44, 85, 22, 78, 0, 4
1, 68, 4, 100, 55, 77, 55, 31, 7, 2, 0, 6, 60, 0, 100, 19, 2
14, 86, 0, 75, 1, 29, 40, 0, 94, 10, 100, 53, 62, 86, 9, 100, 0
22, 100, 66, 50, 100, 94, 45, 95, 5, 41, 58, 0, 78, 42, 0, 46, 8
35, 78, 48, 100, 76, 78, 57, 41, 24, 11, 0, 8, 50, 7, 100, 0, 2
36, 60, 40, 100, 57, 68, 36, 29, 0, 3, 15, 8, 59, 0, 100, 10, 2
11, 60, 0, 55, 22, 1, 77, 0, 100, 56, 62, 100, 8, 95, 5, 36, 0
0, 56, 13, 100, 50, 89, 40, 40, 10, 2, 12, 4, 58, 0, 100, 17, 2
0, 48, 36, 61, 69, 78, 100, 100, 95, 94, 70, 64, 48, 34, 33, 0, 1
84, 100, 42, 72, 2, 45, 0, 39, 59, 35, 100, 49, 84, 36, 75, 0, 4
0, 66, 20, 100, 51, 93, 50, 51, 33, 13, 25, 0, 62, 8, 100, 7, 2
5, 55, 79, 87, 5, 100, 38, 53, 67, 6, 0, 0, 27, 47, 100, 84, 8
76, 91, 85, 67, 100, 100, 32, 83, 94, 70, 94, 53, 73, 4, 0, 0, 9
7, 85, 29, 100, 28, 70, 26, 55, 83, 58, 100, 31, 55, 11, 0, 0, 3
77, 94, 35, 100, 53, 74, 74, 90, 99, 52, 100, 10, 51, 0, 0, 6, 9
27, 100, 0, 74, 60, 43, 100, 3, 34, 0, 29, 44, 74, 81, 10, 58, 8
24, 77, 73, 100, 100, 77, 62, 37, 21, 0, 0, 9, 25, 39, 84, 31, 7
49, 91, 98, 100, 96, 66, 59, 32, 17, 0, 0, 16, 38, 40, 100, 48, 7
43, 100, 10, 80, 0, 51, 43, 29, 95, 40, 100, 53, 61, 28, 39, 0, 4
59, 73, 48, 100, 99, 95, 81, 63, 93, 44, 100, 13, 50, 0, 0, 11, 3
65, 64, 86, 80, 75, 100, 0, 79, 18, 54, 100, 68, 78, 41, 49, 0, 9
35, 86, 56, 65, 100, 27, 23, 0, 6, 28, 65, 64, 98, 100, 0, 85, 8
98, 98, 34, 96, 8, 59, 63, 27, 34, 0, 0, 32, 42, 70, 100, 100, 8
0, 98, 52, 100, 100, 85, 90, 57, 73, 29, 73, 0, 100, 18, 79, 35, 7
38, 100, 6, 62, 44, 35, 7, 0, 0, 23, 9, 72, 45, 98, 100, 96, 5
45, 98, 13, 71, 13, 21, 59, 0, 100, 34, 81, 79, 28, 100, 0, 67, 0
74, 90, 50, 100, 56, 72, 100, 82, 93, 54, 90, 12, 47, 0, 0, 7, 9
35, 100, 0, 88, 58, 44, 55, 0, 30, 39, 100, 73, 94, 97, 28, 84, 8
70, 99, 42, 69, 35, 30, 0, 0, 19, 29, 60, 58, 100, 88, 54, 100, 8
100, 89, 41, 100, 23, 69, 54, 35, 38, 0, 0, 11, 25, 47, 60, 81, 8
46, 71, 84, 96, 7, 100, 28, 76, 100, 86, 90, 49, 69, 13, 0, 0, 9
23, 100, 19, 64, 51, 32, 16, 0, 0, 33, 8, 84, 54, 90, 100, 92, 5
27, 51, 0, 22, 43, 0, 90, 13, 100, 54, 75, 93, 27, 100, 12, 61, 0
100, 97, 49, 100, 11, 82, 10, 51, 54, 52, 76, 29, 47, 5, 0, 0, 5
0, 39, 35, 58, 69, 76, 100, 100, 86, 88, 69, 60, 52, 30, 45, 0, 1
5, 56, 5, 16, 56, 0, 100, 29, 97, 68, 59, 100, 8, 93, 0, 55, 0
0, 66, 47, 100, 81, 98, 79, 50, 85, 0, 27, 0, 23, 8, 100, 0, 1
41, 100, 20, 80, 0, 57, 39, 42, 100, 55, 98, 45, 72, 23, 57, 0, 4
53, 100, 27, 90, 6, 55, 0, 20, 46, 0, 100, 16, 53, 34, 6, 19, 6
40, 100, 6, 66, 0, 11, 41, 0, 81, 19, 100, 65, 60, 87, 19, 77, 0
100, 100, 22, 97, 23, 62, 94, 33, 69, 0, 0, 18, 25, 59, 78, 95, 8
8, 83, 32, 100, 54, 73, 32, 43, 0, 21, 18, 6, 59, 4, 100, 0, 2
52, 100, 33, 80, 0, 57, 32, 42, 82, 43, 100, 50, 69, 26, 43, 0, 4
0, 67, 53, 82, 100, 100, 86, 84, 75, 63, 67, 42, 63, 21, 55, 0, 1
11, 71, 16, 100, 53, 79, 44, 41, 9, 14, 0, 6, 50, 3, 100, 0, 2
13, 100, 59, 98, 64, 58, 37, 21, 15, 0, 0, 41, 49, 49, 100, 55, 7
0, 93, 54, 100, 80, 69, 70, 35, 66, 0, 28, 27, 19, 47, 100, 52, 7
10, 73, 33, 100, 60, 82, 59, 63, 100, 41, 92, 6, 43, 0, 0, 18, 3
0, 86, 38, 100, 84, 95, 82, 69, 75, 43, 100, 19, 68, 0, 22, 2, 3
12, 78, 0, 31, 30, 0, 67, 1, 100, 27, 96, 76, 63, 100, 39, 73, 0
50, 100, 4, 93, 22, 66, 42, 84, 66, 49, 100, 15, 56, 0, 0, 10, 9
0, 93, 43, 100, 66, 77, 59, 39, 59, 0, 40, 22, 54, 42, 100, 50, 7
44, 68, 79, 100, 26, 93, 59, 67, 100, 71, 95, 25, 56, 0, 0, 12, 9
5, 68, 23, 100, 63, 78, 55, 32, 14, 4, 0, 15, 50, 10, 100, 0, 2
25, 72, 15, 31, 47, 0, 93, 8, 100, 50, 73, 87, 28, 100, 0, 68, 0
65, 89, 61, 100, 16, 73, 0, 47, 65, 40, 100, 59, 61, 30, 28, 0, 4
50, 100, 7, 82, 0, 54, 57, 42, 100, 57, 74, 55, 48, 28, 39, 0, 4
0, 92, 39, 100, 100, 99, 78, 65, 44, 32, 9, 0, 4, 24, 56, 34, 7
16, 72, 40, 100, 94, 95, 84, 64, 47, 37, 0, 14, 31, 1, 100, 0, 2
46, 100, 9, 78, 0, 51, 4, 24, 37, 0, 100, 7, 67, 24, 22, 6, 6
14, 73, 60, 100, 100, 93, 74, 55, 38, 20, 0, 0, 2, 35, 63, 28, 7
7, 78, 33, 96, 89, 100, 100, 80, 64, 60, 74, 36, 46, 14, 0, 0, 3
0, 88, 34, 100, 92, 97, 74, 72, 62, 46, 100, 24, 89, 3, 31, 0, 3
0, 61, 34, 68, 68, 82, 100, 100, 100, 87, 81, 58, 63, 30, 50, 0, 1
75, 100, 41, 69, 0, 39, 45, 30, 100, 37, 92, 65, 55, 33, 23, 0, 4
16, 98, 75, 100, 48, 94, 0, 72, 55, 58, 100, 33, 77, 4, 18, 0, 5
0, 92, 42, 97, 86, 100, 72, 54, 60, 0, 40, 0, 56, 22, 100, 21, 7
14, 91, 0, 96, 56, 100, 100, 90, 87, 66, 62, 44, 35, 22, 10, 0, 7
15, 87, 46, 100, 87, 83, 49, 59, 87, 47, 100, 19, 54, 0, 0, 1, 3
23, 82, 58, 100, 87, 86, 62, 57, 100, 49, 85, 19, 45, 2, 0, 0, 3
100, 91, 96, 100, 50, 70, 9, 40, 0, 6, 76, 0, 93, 26, 28, 21, 6
46, 94, 16, 98, 0, 48, 30, 1, 87, 0, 100, 51, 80, 100, 27, 85, 0
21, 77, 54, 100, 57, 70, 31, 37, 0, 11, 17, 3, 58, 1, 100, 0, 2
32, 42, 26, 0, 71, 1, 100, 36, 87, 79, 45, 100, 0, 81, 0, 41, 0
100, 100, 61, 93, 33, 65, 15, 33, 25, 0, 64, 6, 44, 33, 0, 37, 6
55, 93, 100, 100, 73, 100, 34, 78, 44, 56, 77, 36, 45, 9, 0, 0, 5
92, 100, 37, 100, 1, 68, 0, 29, 41, 0, 100, 5, 67, 32, 8, 23, 6
0, 43, 26, 65, 57, 84, 94, 100, 100, 79, 87, 52, 75, 26, 66, 0, 1
52, 95, 8, 73, 10, 22, 55, 0, 100, 24, 96, 74, 51, 100, 0, 91, 0
81, 100, 30, 80, 2, 52, 0, 21, 45, 0, 100, 11, 72, 35, 21, 19, 6
27, 92, 0, 66, 15, 21, 60, 0, 100, 28, 96, 73, 53, 100, 2, 92, 0
36, 100, 39, 66, 100, 97, 34, 100, 29, 47, 0, 0, 73, 10, 32, 66, 8
0, 62, 31, 82, 100, 100, 100, 80, 81, 60, 38, 40, 6, 20, 12, 0, 1
30, 84, 36, 100, 79, 90, 56, 63, 86, 51, 100, 26, 61, 4, 0, 0, 3
95, 76, 100, 94, 47, 100, 0, 81, 34, 69, 80, 53, 65, 23, 25, 0, 9
33, 75, 68, 100, 100, 98, 52, 92, 37, 51, 79, 35, 47, 6, 0, 0, 5
100, 100, 56, 66, 0, 37, 8, 34, 83, 43, 86, 71, 57, 35, 24, 0, 4
45, 93, 24, 62, 100, 89, 24, 100, 25, 51, 97, 91, 77, 32, 0, 0, 9
0, 40, 29, 56, 67, 77, 100, 100, 100, 82, 82, 53, 64, 25, 45, 0, 1
29, 74, 9, 33, 39, 0, 85, 11, 100, 54, 74, 94, 29, 100, 0, 66, 0
100, 100, 74, 97, 50, 66, 34, 30, 49, 0, 75, 18, 37, 24, 0, 15, 6
38, 100, 4, 85, 0, 53, 58, 46, 100, 52, 88, 64, 78, 32, 73, 0, 4
0, 93, 43, 100, 78, 83, 66, 55, 36, 31, 11, 6, 53, 0, 100, 1, 2
18, 92, 11, 56, 43, 23, 21, 0, 4, 37, 0, 74, 47, 92, 100, 100, 5
100, 83, 20, 100, 0, 68, 71, 36, 89, 0, 17, 15, 42, 55, 98, 91, 8
25, 92, 67, 100, 100, 87, 62, 69, 70, 47, 88, 23, 46, 8, 0, 0, 3
19, 75, 0, 37, 31, 0, 79, 26, 100, 71, 57, 100, 7, 75, 7, 32, 0
100, 85, 59, 100, 17, 76, 0, 39, 20, 2, 68, 0, 49, 29, 1, 21, 6
29, 100, 92, 94, 100, 68, 78, 41, 55, 13, 29, 0, 0, 26, 63, 32, 7
0, 83, 42, 100, 98, 97, 93, 71, 81, 44, 100, 15, 58, 0, 4, 7, 3
100, 100, 46, 88, 13, 61, 0, 32, 16, 4, 90, 0, 81, 20, 20, 3, 6
14, 64, 18, 100, 100, 95, 84, 67, 50, 28, 30, 0, 0, 39, 72, 42, 7
70, 100, 37, 79, 11, 56, 0, 32, 51, 19, 92, 36, 80, 23, 100, 0, 4
16, 100, 0, 82, 6, 47, 70, 47, 100, 71, 94, 73, 92, 36, 95, 0, 4
100, 94, 52, 77, 4, 77, 47, 100, 97, 88, 76, 55, 35, 28, 0, 0, 9
63, 81, 95, 100, 95, 62, 66, 26, 21, 0, 0, 15, 48, 35, 100, 15, 2
87, 74, 74, 100, 22, 87, 70, 68, 100, 72, 88, 33, 55, 0, 0, 8, 9
0, 75, 26, 100, 61, 87, 55, 48, 24, 22, 26, 3, 65, 1, 100, 0, 2
27, 83, 50, 100, 77, 84, 36, 62, 69, 42, 100, 17, 55, 0, 0, 3, 3
0, 59, 5, 73, 61, 91, 100, 100, 75, 75, 52, 51, 33, 25, 25, 0, 1
48, 100, 70, 64, 94, 98, 42, 79, 96, 79, 100, 40, 68, 2, 0, 0, 9
58, 100, 17, 77, 0, 47, 8, 16, 57, 0, 100, 21, 68, 42, 9, 37, 6
1, 85, 46, 100, 70, 88, 55, 58, 97, 39, 100, 10, 51, 0, 0, 2, 3
0, 85, 35, 100, 77, 91, 65, 65, 68, 40, 100, 19, 73, 1, 24, 0, 3
25, 94, 6, 58, 87, 30, 85, 0, 0, 17, 49, 53, 100, 89, 35, 100, 8
61, 96, 46, 68, 71, 22, 11, 0, 0, 34, 67, 63, 100, 100, 25, 93, 8
23, 100, 9, 68, 0, 36, 49, 25, 100, 36, 99, 65, 93, 32, 83, 0, 4
39, 96, 24, 64, 43, 28, 0, 0, 7, 45, 15, 93, 46, 100, 100, 100, 5
63, 100, 36, 83, 9, 49, 0, 13, 57, 0, 100, 27, 51, 42, 14, 14, 6
78, 83, 20, 58, 27, 0, 100, 50, 61, 100, 0, 38, 68, 69, 3, 8, 0
52, 93, 95, 100, 100, 98, 54, 92, 28, 61, 58, 36, 42, 2, 0, 0, 5
78, 100, 43, 92, 0, 73, 14, 54, 83, 55, 100, 43, 63, 22, 29, 0, 4
15, 100, 99, 97, 100, 78, 68, 41, 40, 2, 29, 0, 0, 36, 81, 45, 7
56, 100, 15, 70, 42, 33, 2, 0, 0, 30, 13, 76, 41, 99, 100, 97, 5
36, 53, 44, 100, 60, 67, 38, 22, 0, 0, 14, 16, 57, 10, 100, 5, 2
58, 89, 15, 70, 0, 30, 33, 0, 79, 32, 100, 72, 67, 100, 18, 70, 0
76, 90, 29, 69, 33, 100, 76, 94, 88, 57, 100, 20, 62, 0, 0, 4, 9
0, 83, 38, 100, 93, 97, 100, 71, 70, 48, 34, 26, 27, 2, 84, 0, 2
40, 93, 100, 100, 62, 94, 7, 79, 42, 64, 90, 39, 61, 10, 0, 0, 5
100, 100, 56, 88, 22, 60, 0, 25, 28, 0, 73, 13, 48, 40, 2, 41, 6
20, 92, 58, 100, 100, 87, 72, 60, 71, 38, 95, 15, 49, 4, 0, 0, 3
94, 100, 52, 78, 24, 50, 13, 21, 47, 0, 100, 15, 53, 30, 0, 18, 6
44, 87, 25, 100, 22, 68, 68, 85, 91, 59, 100, 18, 53, 0, 0, 3, 9
100, 99, 65, 100, 33, 77, 11, 51, 0, 22, 21, 0, 52, 19, 11, 20, 6
6, 98, 50, 100, 76, 67, 64, 24, 67, 0, 100, 25, 52, 46, 0, 58, 7
90, 100, 50, 82, 0, 45, 70, 46, 100, 65, 83, 91, 77, 43, 75, 0, 4
100, 100, 54, 83, 20, 55, 0, 24, 34, 0, 92, 12, 79, 38, 16, 46, 6
0, 92, 33, 100, 95, 80, 83, 40, 56, 0, 35, 9, 20, 36, 100, 43, 7
0, 75, 38, 100, 90, 90, 90, 48, 76, 6, 55, 0, 48, 43, 100, 55, 7
68, 100, 29, 90, 0, 59, 1, 17, 38, 0, 77, 13, 100, 48, 78, 82, 0
46, 93, 9, 63, 0, 15, 45, 0, 90, 24, 100, 70, 60, 100, 19, 83, 0
67, 92, 32, 87, 0, 44, 72, 50, 100, 62, 63, 100, 62, 48, 59, 0, 4
0, 0, 46, 16, 85, 41, 100, 72, 73, 100, 18, 95, 19, 66, 76, 55, 9
35, 89, 3, 61, 8, 8, 62, 0, 100, 40, 82, 89, 27, 100, 0, 54, 0
0, 97, 68, 100, 66, 69, 55, 35, 54, 0, 31, 1, 32, 25, 100, 33, 7
0, 83, 36, 100, 66, 78, 53, 39, 41, 0, 24, 34, 56, 50, 100, 55, 7
78, 100, 33, 82, 12, 49, 14, 12, 60, 0, 100, 26, 50, 32, 0, 13, 6
0, 92, 52, 100, 81, 74, 53, 40, 25, 6, 12, 0, 5, 30, 100, 38, 7
40, 85, 1, 60, 43, 46, 26, 2, 0, 0, 9, 53, 42, 89, 100, 100, 5
0, 78, 34, 100, 80, 91, 63, 57, 57, 43, 100, 25, 72, 0, 24, 1, 3
74, 100, 38, 79, 0, 49, 53, 53, 100, 62, 73, 84, 56, 42, 42, 0, 4
40, 100, 7, 86, 0, 63, 14, 41, 81, 37, 91, 45, 84, 22, 100, 0, 4
0, 94, 60, 100, 100, 79, 86, 44, 66, 10, 43, 0, 16, 32, 74, 43, 7
55, 89, 23, 90, 0, 49, 18, 8, 73, 0, 100, 37, 83, 80, 32, 100, 0
9, 45, 0, 65, 45, 89, 100, 100, 88, 75, 79, 50, 61, 25, 52, 0, 1
29, 82, 0, 49, 10, 1, 57, 0, 95, 34, 100, 83, 55, 100, 9, 81, 0
0, 81, 34, 100, 77, 92, 73, 61, 46, 34, 17, 8, 52, 0, 100, 3, 2
65, 100, 0, 79, 67, 41, 99, 0, 10, 3, 41, 42, 100, 80, 6, 90, 8
0, 73, 26, 100, 66, 97, 62, 63, 37, 33, 12, 6, 58, 0, 100, 2, 2
7, 83, 46, 100, 59, 70, 39, 39, 5, 13, 0, 16, 53, 15, 100, 0, 2
28, 100, 22, 73, 0, 41, 16, 22, 78, 25, 98, 50, 93, 24, 100, 0, 4
92, 100, 36, 87, 0, 51, 8, 11, 82, 7, 100, 40, 27, 36, 10, 0, 6
57, 100, 34, 71, 0, 45, 7, 41, 61, 41, 100, 56, 80, 32, 70, 0, 4
2, 79, 48, 100, 81, 75, 59, 33, 22, 0, 0, 3, 49, 13, 100, 6, 2
100, 95, 71, 100, 36, 84, 34, 48, 83, 48, 91, 17, 49, 0, 0, 4, 5
42, 94, 89, 100, 71, 76, 68, 56, 100, 34, 84, 8, 37, 0, 0, 15, 3
74, 100, 28, 78, 0, 52, 0, 24, 37, 0, 100, 6, 76, 26, 13, 19, 6
72, 69, 82, 97, 4, 100, 0, 74, 91, 78, 100, 53, 60, 27, 24, 0, 9
31, 84, 60, 100, 83, 85, 66, 64, 100, 45, 82, 17, 42, 0, 0, 0, 3
13, 76, 1, 44, 15, 0, 67, 1, 100, 38, 93, 85, 45, 100, 0, 74, 0
52, 100, 22, 69, 0, 36, 49, 27, 100, 30, 89, 56, 62, 35, 43, 0, 4
98, 89, 72, 100, 54, 77, 100, 83, 85, 69, 70, 41, 45, 15, 0, 0, 9
100, 100, 72, 79, 38, 51, 0, 26, 44, 32, 90, 39, 88, 37, 82, 0, 4
0, 43, 35, 61, 67, 81, 100, 100, 93, 75, 86, 50, 82, 25, 81, 0, 1
0, 70, 50, 84, 100, 100, 94, 82, 81, 56, 65, 29, 50, 3, 54, 0, 1
68, 73, 63, 100, 15, 86, 68, 68, 100, 66, 98, 25, 51, 4, 0, 0, 9
21, 77, 58, 100, 95, 81, 67, 52, 96, 48, 100, 17, 52, 0, 0, 11, 3
87, 100, 45, 83, 14, 54, 0, 21, 42, 0, 100, 8, 77, 31, 18, 29, 6
53, 100, 33, 77, 0, 55, 19, 35, 87, 41, 100, 46, 65, 24, 47, 0, 4
51, 100, 18, 73, 0, 34, 20, 0, 63, 2, 95, 31, 100, 72, 66, 90, 0
44, 93, 0, 100, 32, 60, 85, 27, 61, 0, 41, 36, 100, 65, 72, 88, 8
0, 90, 43, 100, 100, 90, 91, 57, 72, 25, 50, 0, 14, 26, 74, 38, 7
23, 100, 13, 70, 66, 36, 33, 0, 0, 25, 59, 58, 100, 96, 28, 97, 8
0, 98, 60, 100, 94, 82, 69, 42, 50, 0, 26, 5, 18, 31, 100, 28, 7
70, 87, 96, 100, 100, 77, 78, 57, 76, 33, 72, 9, 37, 0, 0, 5, 3
27, 100, 75, 100, 76, 75, 52, 52, 92, 34, 100, 9, 51, 0, 0, 4, 3
36, 100, 6, 81, 0, 52, 36, 28, 84, 38, 100, 55, 72, 29, 62, 0, 4
0, 51, 29, 68, 57, 85, 87, 100, 100, 84, 87, 56, 70, 28, 58, 0, 1
31, 100, 0, 82, 47, 46, 97, 12, 44, 0, 31, 33, 95, 61, 100, 91, 8
100, 76, 73, 100, 18, 95, 11, 66, 66, 65, 74, 48, 49, 16, 0, 0, 9
67, 100, 39, 82, 0, 53, 63, 55, 100, 66, 67, 77, 53, 39, 40, 0, 4
44, 94, 6, 65, 0, 18, 46, 0, 92, 22, 100, 66, 64, 100, 21, 88, 0
0, 79, 24, 100, 62, 84, 66, 53, 56, 22, 43, 0, 49, 24, 100, 22, 7
0, 94, 8, 99, 55, 100, 95, 89, 100, 65, 82, 41, 55, 20, 26, 0, 7
29, 80, 62, 100, 74, 63, 52, 26, 4, 8, 0, 30, 56, 25, 100, 0, 2
60, 84, 94, 100, 100, 75, 72, 51, 39, 30, 0, 12, 46, 7, 94, 0, 2
59, 100, 0, 79, 31, 64, 100, 75, 93, 76, 63, 51, 37, 26, 11, 0, 4
100, 96, 54, 84, 0, 74, 33, 100, 85, 98, 67, 62, 36, 29, 37, 0, 9
0, 79, 28, 100, 48, 75, 38, 54, 92, 54, 100, 28, 61, 8, 9, 0, 3
0, 77, 30, 100, 84, 98, 76, 65, 44, 36, 5, 10, 46, 2, 100, 0, 2
16, 69, 8, 28, 43, 0, 87, 23, 100, 64, 75, 100, 25, 94, 0, 57, 0
0, 93, 51, 97, 100, 100, 77, 61, 56, 22, 38, 0, 23, 30, 76, 31, 7
7, 94, 0, 100, 57, 100, 100, 98, 58, 79, 33, 52, 19, 25, 22, 0, 7
19, 68, 44, 100, 81, 82, 67, 44, 30, 18, 0, 7, 50, 5, 100, 0, 2
0, 57, 15, 62, 59, 80, 100, 100, 100, 83, 78, 55, 57, 28, 37, 0, 1
62, 99, 100, 100, 62, 96, 29, 85, 33, 57, 55, 32, 38, 8, 0, 0, 5
49, 74, 14, 40, 28, 0, 78, 14, 100, 56, 71, 93, 18, 100, 0, 64, 0
14, 100, 2, 73, 0, 48, 50, 44, 92, 48, 100, 58, 76, 29, 53, 0, 4
89, 100, 43, 76, 0, 75, 49, 99, 100, 90, 84, 56, 53, 24, 38, 0, 9
100, 100, 59, 90, 20, 62, 0, 31, 15, 0, 78, 1, 78, 29, 12, 21, 6
55, 80, 68, 100, 85, 77, 68, 49, 100, 28, 80, 2, 34, 0, 0, 21, 3
69, 91, 10, 95, 34, 46, 50, 0, 0, 23, 62, 50, 100, 87, 36, 100, 8
46, 100, 55, 65, 100, 90, 42, 91, 75, 65, 82, 53, 63, 13, 0, 0, 9
2, 81, 28, 100, 68, 83, 67, 49, 37, 23, 0, 1, 48, 0, 100, 1, 2
26, 91, 0, 59, 33, 44, 53, 10, 15, 0, 22, 51, 39, 95, 100, 100, 5
23, 66, 82, 89, 100, 100, 85, 63, 79, 25, 45, 0, 0, 2, 77, 4, 1
0, 69, 43, 84, 89, 100, 100, 95, 74, 71, 51, 47, 34, 21, 16, 0, 1
89, 100, 52, 90, 21, 62, 0, 30, 19, 2, 77, 0, 100, 19, 42, 19, 6
1, 66, 0, 25, 39, 0, 84, 8, 100, 53, 75, 95, 32, 100, 12, 59, 0
41, 80, 54, 100, 92, 83, 76, 49, 43, 19, 0, 0, 43, 17, 100, 2, 2
0, 54, 59, 54, 100, 23, 45, 0, 41, 34, 79, 69, 65, 100, 13, 75, 8
95, 31, 44, 2, 0, 26, 11, 69, 60, 100, 100, 73, 84, 30, 40, 0, 0
50, 85, 84, 100, 76, 60, 48, 24, 7, 0, 0, 2, 50, 4, 100, 4, 2
84, 88, 42, 100, 47, 69, 100, 82, 100, 58, 95, 22, 54, 0, 0, 13, 9
93, 97, 65, 100, 65, 67, 95, 98, 100, 62, 82, 21, 41, 0, 0, 15, 9
65, 90, 97, 100, 95, 73, 72, 48, 39, 25, 0, 5, 43, 0, 100, 0, 2
9, 100, 0, 80, 37, 67, 100, 72, 100, 85, 77, 57, 53, 28, 36, 0, 4
100, 100, 61, 85, 25, 58, 0, 28, 23, 0, 77, 9, 85, 39, 30, 50, 6
50, 89, 66, 100, 82, 73, 50, 54, 100, 48, 93, 17, 47, 0, 0, 3, 3
0, 20, 23, 43, 50, 65, 76, 87, 100, 100, 88, 66, 77, 34, 79, 0, 1
100, 100, 62, 92, 58, 59, 84, 89, 93, 70, 79, 30, 46, 0, 0, 3, 9
74, 76, 31, 60, 0, 76, 37, 100, 85, 94, 100, 60, 86, 27, 54, 0, 9
100, 100, 0, 86, 0, 72, 0, 57, 0, 43, 0, 28, 50, 14, 50, 0, 1
0, 83, 35, 100, 73, 89, 70, 45, 67, 0, 46, 10, 57, 32, 100, 33, 7
32, 100, 0, 58, 5, 7, 60, 0, 100, 38, 85, 85, 27, 86, 5, 42, 0
18, 100, 8, 81, 0, 51, 56, 40, 100, 60, 87, 61, 85, 30, 88, 0, 4
80, 100, 29, 84, 0, 47, 7, 8, 79, 7, 100, 41, 30, 35, 20, 0, 6
28, 87, 70, 100, 68, 68, 40, 39, 5, 13, 0, 9, 51, 8, 100, 0, 2
19, 68, 32, 100, 68, 79, 59, 39, 25, 10, 0, 4, 50, 4, 100, 0, 2
100, 94, 66, 100, 24, 86, 19, 51, 65, 40, 90, 14, 48, 0, 0, 3, 5
66, 100, 38, 69, 0, 40, 43, 34, 100, 37, 94, 63, 60, 35, 41, 0, 4
73, 100, 26, 78, 5, 43, 13, 8, 69, 0, 100, 31, 44, 36, 0, 9, 6
68, 94, 67, 75, 100, 100, 39, 70, 0, 42, 20, 0, 97, 25, 33, 65, 8
5, 86, 77, 100, 80, 99, 0, 86, 20, 63, 100, 48, 81, 13, 1, 0, 5
77, 83, 42, 100, 13, 69, 62, 57, 100, 74, 91, 27, 53, 0, 0, 9, 9
40, 94, 0, 65, 51, 39, 51, 0, 11, 15, 5, 63, 35, 93, 100, 100, 5
16, 94, 56, 100, 76, 76, 43, 52, 6, 30, 0, 6, 49, 1, 100, 0, 2
0, 88, 33, 100, 64, 87, 47, 56, 22, 31, 28, 6, 64, 1, 100, 0, 2
72, 100, 27, 81, 0, 47, 6, 9, 56, 0, 100, 19, 63, 30, 16, 14, 6
34, 55, 100, 75, 86, 100, 0, 90, 2, 68, 86, 56, 75, 27, 27, 0, 9
20, 90, 15, 66, 37, 18, 7, 0, 0, 45, 15, 95, 58, 100, 100, 87, 5
41, 100, 30, 78, 0, 45, 0, 29, 82, 31, 100, 59, 87, 34, 73, 0, 4
0, 61, 26, 75, 59, 86, 90, 100, 100, 91, 83, 61, 67, 33, 62, 0, 1
0, 88, 25, 100, 100, 81, 89, 48, 55, 15, 26, 0, 0, 31, 98, 37, 7
5, 66, 16, 100, 100, 98, 69, 58, 29, 20, 75, 0, 21, 32, 0, 71, 8
7, 64, 57, 80, 100, 100, 87, 85, 74, 59, 67, 34, 52, 9, 0, 0, 1
37, 99, 0, 57, 26, 28, 96, 29, 100, 62, 69, 100, 60, 50, 59, 0, 4
0, 56, 34, 75, 88, 100, 77, 66, 71, 31, 39, 1, 24, 0, 100, 1, 1
67, 100, 67, 85, 100, 71, 67, 57, 33, 42, 0, 28, 0, 14, 0, 0, 1
39, 91, 66, 100, 55, 67, 31, 39, 0, 19, 32, 15, 66, 0, 100, 1, 2
84, 93, 26, 100, 0, 71, 64, 64, 100, 90, 89, 64, 79, 31, 78, 0, 9
99, 81, 53, 100, 0, 83, 50, 67, 100, 78, 99, 34, 69, 0, 8, 2, 9
45, 85, 80, 100, 76, 72, 58, 58, 100, 44, 87, 13, 39, 0, 0, 16, 3
15, 100, 6, 83, 0, 63, 15, 44, 58, 44, 72, 37, 74, 17, 100, 0, 4
0, 43, 33, 61, 69, 79, 100, 100, 93, 79, 83, 53, 78, 26, 74, 0, 1
78, 62, 60, 100, 12, 65, 94, 32, 100, 0, 0, 14, 60, 53, 72, 83, 8
66, 86, 30, 100, 45, 78, 70, 88, 97, 50, 100, 8, 50, 0, 0, 16, 9
100, 89, 63, 94, 14, 100, 13, 65, 61, 60, 78, 20, 35, 0, 0, 12, 5
59, 100, 27, 80, 0, 56, 11, 35, 70, 35, 100, 45, 88, 23, 87, 0, 4
25, 72, 0, 36, 21, 0, 65, 6, 99, 35, 100, 80, 62, 100, 25, 81, 0
82, 95, 26, 90, 90, 75, 52, 100, 27, 81, 100, 63, 67, 25, 0, 0, 9
75, 100, 31, 90, 3, 59, 0, 25, 39, 0, 100, 14, 75, 39, 11, 29, 6
90, 82, 4, 94, 44, 49, 62, 0, 0, 7, 49, 50, 100, 92, 21, 100, 8
36, 100, 0, 61, 28, 34, 98, 35, 100, 71, 71, 90, 66, 45, 60, 0, 4
32, 74, 61, 100, 59, 82, 53, 36, 35, 1, 0, 0, 50, 3, 100, 1, 1
10, 86, 0, 97, 50, 99, 100, 100, 79, 78, 63, 53, 50, 26, 47, 0, 7
61, 100, 21, 76, 0, 44, 10, 10, 60, 0, 98, 23, 100, 58, 79, 90, 0
100, 98, 66, 100, 30, 90, 17, 60, 48, 48, 64, 17, 34, 0, 0, 6, 5
0, 50, 45, 70, 80, 92, 100, 100, 80, 75, 59, 50, 52, 25, 52, 0, 1
51, 100, 17, 70, 0, 32, 19, 0, 69, 10, 100, 42, 90, 79, 45, 97, 0
33, 100, 11, 75, 0, 43, 44, 24, 91, 30, 100, 62, 76, 33, 64, 0, 4
0, 42, 21, 66, 33, 91, 64, 100, 70, 74, 73, 49, 73, 23, 100, 0, 1
0, 95, 41, 100, 66, 67, 59, 22, 47, 0, 20, 37, 55, 48, 100, 51, 7
0, 91, 38, 100, 81, 91, 67, 62, 100, 40, 98, 16, 51, 5, 0, 0, 3
35, 77, 44, 100, 100, 99, 71, 69, 80, 39, 90, 7, 33, 0, 0, 24, 3
0, 94, 50, 100, 68, 71, 59, 35, 45, 0, 18, 27, 47, 40, 100, 39, 7
41, 69, 78, 60, 100, 100, 37, 97, 57, 69, 89, 54, 66, 7, 0, 0, 9
36, 79, 20, 100, 67, 81, 53, 43, 0, 20, 8, 25, 59, 0, 100, 17, 2
63, 93, 69, 100, 38, 67, 16, 31, 43, 4, 100, 22, 48, 25, 0, 0, 6
89, 100, 38, 85, 8, 54, 0, 20, 45, 0, 100, 12, 88, 40, 29, 39, 6
0, 90, 38, 100, 77, 95, 68, 69, 87, 50, 100, 19, 70, 0, 32, 6, 3
31, 94, 100, 100, 66, 96, 5, 79, 0, 50, 69, 37, 92, 10, 22, 0, 5
100, 89, 58, 100, 29, 72, 70, 75, 79, 49, 87, 8, 43, 0, 0, 8, 9
54, 94, 100, 100, 60, 99, 25, 75, 41, 58, 73, 39, 44, 10, 0, 0, 5
8, 97, 14, 72, 0, 35, 10, 0, 69, 18, 100, 53, 90, 90, 25, 100, 0
17, 100, 0, 81, 2, 62, 42, 46, 100, 52, 79, 39, 77, 19, 89, 0, 4
4, 73, 44, 100, 83, 81, 55, 43, 12, 15, 0, 22, 52, 20, 100, 0, 2
79, 98, 0, 87, 39, 48, 95, 13, 28, 0, 46, 40, 100, 77, 58, 100, 8
35, 100, 0, 71, 32, 50, 95, 54, 100, 78, 85, 70, 76, 35, 71, 0, 4
47, 100, 0, 72, 0, 38, 82, 30, 100, 65, 87, 95, 77, 47, 62, 0, 4
100, 100, 64, 81, 39, 55, 24, 26, 37, 0, 76, 11, 41, 24, 0, 10, 6
2, 100, 74, 100, 100, 76, 65, 46, 35, 15, 17, 0, 0, 33, 74, 37, 7
16, 100, 0, 57, 55, 55, 44, 0, 12, 17, 6, 77, 45, 98, 100, 100, 6
46, 100, 19, 77, 0, 49, 0, 20, 42, 0, 100, 7, 77, 28, 27, 17, 6
0, 71, 39, 94, 100, 100, 100, 73, 54, 48, 11, 23, 33, 1, 95, 0, 2
81, 100, 56, 78, 22, 54, 0, 30, 46, 14, 100, 27, 100, 25, 87, 0, 4
12, 84, 36, 100, 0, 65, 46, 44, 100, 57, 83, 75, 53, 38, 28, 0, 4
100, 100, 55, 96, 20, 66, 0, 32, 16, 0, 79, 2, 68, 27, 9, 13, 6
100, 90, 75, 100, 64, 79, 94, 96, 81, 66, 64, 37, 35, 15, 0, 0, 9
50, 100, 18, 76, 2, 48, 0, 20, 40, 0, 100, 7, 68, 28, 0, 27, 6
0, 73, 30, 100, 62, 86, 46, 48, 13, 22, 21, 21, 58, 4, 100, 0, 2
21, 100, 9, 73, 0, 45, 39, 30, 95, 39, 100, 55, 95, 28, 97, 0, 4
26, 100, 7, 77, 0, 44, 43, 35, 86, 46, 100, 67, 91, 33, 79, 0, 4
0, 0, 39, 9, 74, 28, 95, 52, 100, 79, 73, 100, 42, 85, 77, 67, 9
0, 65, 51, 62, 69, 100, 60, 66, 58, 25, 100, 9, 51, 2, 10, 0, 1
37, 78, 8, 60, 56, 34, 44, 0, 0, 10, 10, 55, 43, 86, 100, 100, 5
42, 79, 53, 100, 68, 75, 48, 48, 17, 24, 0, 10, 50, 7, 100, 0, 2
46, 65, 81, 100, 70, 82, 60, 28, 24, 0, 0, 0, 50, 3, 100, 9, 1
100, 100, 63, 99, 29, 74, 3, 43, 0, 6, 41, 0, 66, 22, 25, 31, 6
30, 100, 25, 82, 0, 48, 11, 38, 64, 45, 100, 54, 91, 37, 85, 0, 4
0, 87, 56, 100, 80, 70, 62, 35, 56, 0, 11, 28, 11, 43, 100, 49, 7
13, 74, 40, 100, 70, 77, 46, 42, 9, 15, 0, 3, 50, 1, 100, 0, 2
79, 84, 17, 62, 100, 80, 67, 100, 0, 75, 88, 79, 70, 38, 36, 0, 9
0, 53, 5, 65, 54, 85, 100, 100, 81, 75, 59, 50, 41, 25, 30, 0, 1
0, 100, 73, 98, 100, 80, 77, 44, 61, 8, 36, 0, 3, 27, 78, 30, 7
26, 87, 67, 52, 100, 18, 34, 0, 24, 33, 70, 67, 80, 100, 0, 82, 8
100, 81, 52, 100, 6, 75, 0, 39, 31, 6, 90, 0, 68, 30, 10, 19, 6
0, 99, 40, 100, 66, 66, 58, 24, 38, 0, 11, 37, 42, 51, 100, 53, 7
32, 80, 72, 100, 82, 76, 55, 47, 24, 20, 0, 0, 50, 7, 100, 3, 2
57, 86, 100, 100, 100, 94, 56, 78, 59, 45, 88, 22, 47, 2, 0, 0, 5
25, 100, 71, 93, 77, 57, 59, 20, 30, 0, 0, 28, 50, 25, 100, 14, 7
97, 100, 48, 92, 15, 56, 4, 17, 63, 4, 100, 34, 30, 34, 0, 0, 6
82, 83, 39, 100, 10, 64, 71, 33, 72, 0, 0, 10, 42, 48, 100, 82, 8
19, 76, 34, 100, 41, 66, 27, 32, 0, 7, 25, 3, 63, 0, 100, 6, 2
39, 90, 0, 69, 72, 55, 69, 12, 2, 0, 7, 47, 22, 91, 100, 100, 5
62, 57, 100, 81, 75, 100, 23, 85, 0, 58, 55, 50, 90, 32, 84, 0, 9
20, 100, 10, 69, 0, 38, 38, 23, 94, 30, 100, 60, 81, 30, 72, 0, 4
0, 52, 52, 75, 87, 100, 65, 84, 63, 58, 72, 32, 98, 7, 100, 0, 1
99, 81, 62, 100, 27, 81, 68, 59, 100, 63, 91, 21, 50, 0, 0, 7, 9
97, 94, 58, 100, 30, 76, 67, 58, 100, 35, 84, 4, 37, 0, 0, 15, 5
42, 87, 100, 100, 80, 96, 30, 77, 52, 62, 94, 45, 57, 15, 0, 0, 5
18, 73, 100, 80, 95, 100, 10, 80, 0, 54, 92, 68, 92, 40, 58, 0, 9
25, 81, 43, 100, 46, 61, 29, 27, 0, 5, 34, 2, 68, 0, 100, 7, 2
0, 79, 28, 58, 99, 80, 48, 100, 12, 79, 100, 68, 87, 34, 84, 0, 9
40, 92, 100, 100, 97, 94, 43, 77, 57, 54, 89, 27, 55, 0, 0, 8, 5
35, 80, 73, 100, 95, 84, 55, 62, 100, 44, 97, 14, 49, 0, 0, 9, 3
100, 100, 54, 79, 19, 52, 1, 22, 35, 0, 92, 9, 46, 26, 0, 12, 6
35, 77, 53, 100, 66, 74, 42, 45, 8, 19, 0, 15, 51, 11, 100, 0, 2
31, 81, 51, 100, 83, 85, 50, 62, 88, 41, 100, 14, 53, 0, 0, 5, 3
47, 80, 80, 97, 100, 100, 59, 89, 29, 63, 54, 33, 40, 4, 0, 0, 5
56, 100, 17, 72, 0, 29, 34, 0, 79, 20, 100, 60, 74, 96, 31, 83, 0
65, 100, 46, 91, 2, 58, 0, 31, 66, 31, 100, 60, 49, 39, 20, 0, 4
22, 76, 54, 100, 62, 58, 39, 20, 0, 0, 13, 24, 57, 27, 100, 23, 2
0, 96, 43, 100, 100, 86, 75, 51, 48, 16, 33, 0, 17, 33, 88, 36, 7
84, 100, 45, 76, 0, 53, 0, 32, 86, 36, 100, 51, 66, 26, 52, 0, 4
100, 90, 40, 100, 0, 73, 75, 76, 94, 95, 87, 63, 75, 31, 77, 0, 9
0, 94, 39, 100, 86, 100, 100, 88, 70, 69, 46, 47, 32, 24, 40, 0, 7
70, 100, 2, 50, 15, 1, 100, 36, 70, 79, 36, 56, 67, 51, 0, 0, 0
0, 57, 10, 60, 49, 80, 88, 100, 100, 90, 81, 61, 67, 30, 58, 0, 1
19, 91, 0, 60, 10, 17, 55, 0, 94, 26, 100, 70, 67, 100, 23, 81, 0
0, 91, 30, 100, 48, 70, 52, 33, 42, 0, 27, 26, 64, 28, 100, 31, 7
100, 93, 47, 100, 7, 70, 43, 32, 27, 0, 0, 32, 36, 70, 83, 100, 8
100, 82, 39, 100, 16, 71, 56, 38, 68, 2, 0, 0, 21, 34, 93, 55, 8
27, 76, 74, 75, 100, 100, 30, 97, 0, 75, 56, 55, 81, 28, 68, 0, 9
12, 89, 27, 100, 16, 72, 0, 44, 36, 24, 97, 41, 100, 28, 95, 0, 4
0, 72, 29, 100, 61, 82, 59, 34, 47, 0, 24, 40, 62, 49, 100, 64, 7
23, 65, 43, 91, 59, 100, 47, 50, 36, 1, 0, 0, 50, 2, 100, 2, 1
0, 94, 62, 100, 83, 71, 66, 35, 47, 0, 10, 20, 25, 38, 100, 39, 7
51, 86, 45, 100, 9, 51, 13, 0, 69, 22, 100, 71, 54, 95, 0, 68, 0
49, 82, 6, 100, 0, 65, 19, 27, 15, 0, 8, 38, 48, 62, 100, 68, 8
0, 96, 59, 100, 100, 74, 95, 36, 75, 0, 97, 7, 97, 28, 34, 30, 7
100, 100, 42, 100, 1, 71, 18, 33, 14, 0, 0, 32, 36, 64, 83, 92, 8
0, 55, 48, 76, 78, 100, 76, 85, 69, 60, 66, 36, 74, 11, 100, 0, 1
55, 100, 26, 83, 0, 59, 37, 39, 96, 44, 100, 53, 87, 26, 71, 0, 4
0, 97, 32, 99, 67, 99, 100, 100, 78, 77, 58, 51, 43, 22, 45, 0, 7
78, 81, 41, 91, 41, 44, 56, 0, 0, 18, 48, 60, 100, 100, 33, 91, 8
0, 91, 25, 100, 95, 87, 100, 56, 71, 27, 39, 0, 8, 29, 72, 38, 7
0, 57, 57, 79, 83, 100, 60, 76, 62, 52, 68, 27, 66, 2, 100, 0, 1
0, 12, 25, 38, 48, 65, 77, 90, 100, 100, 97, 66, 91, 32, 88, 0, 1
8, 81, 48, 100, 98, 90, 77, 63, 100, 28, 86, 0, 35, 9, 0, 35, 3
60, 100, 13, 73, 0, 34, 28, 0, 81, 21, 100, 60, 83, 97, 28, 81, 0
9, 80, 24, 98, 88, 100, 78, 72, 65, 52, 100, 30, 64, 5, 0, 0, 3
46, 100, 31, 86, 5, 56, 0, 24, 35, 0, 91, 1, 100, 28, 47, 32, 6
0, 96, 33, 100, 79, 92, 57, 45, 26, 0, 13, 48, 53, 64, 100, 60, 7
40, 83, 76, 100, 86, 75, 56, 50, 20, 29, 0, 6, 49, 1, 100, 0, 2
22, 95, 0, 53, 14, 5, 70, 0, 100, 41, 91, 89, 41, 100, 10, 59, 0
27, 86, 0, 50, 13, 2, 70, 0, 100, 44, 91, 94, 41, 100, 13, 56, 0
15, 100, 28, 93, 0, 62, 13, 37, 82, 33, 100, 64, 91, 31, 89, 0, 4
15, 76, 5, 33, 34, 0, 89, 9, 100, 50, 79, 91, 29, 100, 0, 64, 0
0, 83, 13, 100, 43, 80, 29, 51, 2, 25, 3, 1, 51, 0, 100, 4, 2
29, 81, 20, 63, 50, 27, 15, 0, 0, 33, 8, 75, 46, 100, 100, 91, 5
0, 95, 39, 100, 74, 76, 82, 33, 76, 0, 100, 37, 59, 47, 16, 48, 7
16, 99, 26, 100, 0, 58, 45, 39, 100, 34, 86, 77, 57, 47, 45, 0, 4
0, 12, 24, 39, 52, 65, 81, 90, 100, 100, 78, 68, 56, 36, 45, 0, 1
39, 96, 24, 66, 100, 94, 19, 100, 30, 76, 95, 69, 70, 28, 0, 0, 9
17, 81, 43, 100, 100, 91, 75, 63, 49, 37, 98, 16, 62, 0, 0, 1, 3
24, 100, 12, 72, 0, 40, 36, 25, 82, 28, 100, 58, 83, 33, 75, 0, 4
0, 93, 11, 57, 69, 38, 42, 0, 4, 14, 5, 61, 35, 94, 100, 100, 5
6, 97, 63, 100, 95, 79, 48, 60, 67, 52, 100, 28, 56, 8, 0, 0, 3
0, 82, 44, 100, 69, 81, 38, 54, 68, 46, 100, 20, 61, 0, 6, 6, 3
23, 70, 44, 60, 90, 36, 58, 0, 0, 13, 9, 56, 27, 94, 100, 100, 5
67, 99, 18, 97, 32, 47, 69, 0, 0, 4, 45, 49, 100, 91, 42, 100, 8
0, 98, 76, 100, 84, 77, 58, 39, 37, 0, 15, 17, 23, 43, 100, 43, 7
0, 75, 21, 55, 42, 22, 18, 0, 4, 35, 4, 72, 42, 96, 100, 100, 5
49, 100, 0, 30, 39, 0, 100, 59, 49, 79, 19, 44, 85, 80, 23, 21, 0
42, 100, 10, 77, 0, 47, 68, 43, 100, 68, 83, 60, 66, 30, 68, 0, 4
13, 77, 21, 58, 46, 25, 11, 0, 0, 42, 2, 88, 49, 98, 100, 100, 5
35, 79, 66, 100, 87, 72, 69, 38, 36, 10, 0, 0, 50, 4, 100, 5, 2
0, 100, 19, 90, 8, 60, 1, 29, 53, 24, 95, 43, 96, 30, 100, 0, 4
27, 86, 50, 100, 100, 95, 64, 72, 50, 47, 80, 21, 53, 0, 0, 3, 3
0, 53, 40, 72, 82, 95, 100, 100, 68, 75, 38, 51, 18, 25, 10, 0, 1
38, 77, 86, 97, 100, 100, 41, 92, 23, 56, 80, 44, 56, 12, 0, 0, 5
25, 100, 0, 66, 14, 33, 76, 29, 100, 47, 74, 82, 48, 42, 29, 0, 4
42, 100, 8, 77, 0, 32, 30, 0, 72, 7, 100, 42, 81, 80, 40, 81, 0
74, 100, 25, 92, 0, 63, 3, 32, 39, 6, 100, 9, 74, 25, 38, 0, 6
56, 92, 100, 100, 87, 99, 44, 87, 28, 54, 68, 36, 45, 6, 0, 0, 5
80, 50, 77, 96, 21, 100, 58, 55, 77, 9, 0, 0, 24, 46, 100, 82, 8
40, 79, 45, 55, 69, 19, 15, 0, 13, 36, 67, 68, 100, 100, 0, 99, 8
0, 40, 30, 55, 56, 77, 82, 100, 100, 91, 89, 60, 76, 30, 74, 0, 1
8, 83, 0, 96, 50, 99, 100, 100, 85, 79, 67, 53, 52, 26, 45, 0, 7
91, 70, 83, 100, 15, 98, 40, 70, 100, 72, 100, 37, 70, 7, 0, 0, 9
68, 100, 28, 85, 4, 63, 0, 38, 51, 34, 100, 42, 88, 25, 91, 0, 4
84, 100, 51, 69, 10, 33, 0, 14, 83, 11, 100, 47, 76, 42, 71, 0, 4
17, 88, 56, 100, 100, 99, 92, 75, 61, 55, 70, 29, 42, 9, 0, 0, 3
0, 32, 24, 56, 62, 77, 100, 100, 100, 91, 77, 62, 62, 32, 54, 0, 1
100, 100, 47, 91, 11, 59, 0, 22, 49, 4, 97, 25, 38, 29, 17, 0, 6
45, 100, 23, 55, 27, 4, 73, 0, 100, 45, 85, 93, 30, 95, 0, 53, 0
100, 100, 57, 84, 24, 58, 0, 29, 12, 0, 69, 5, 64, 32, 4, 35, 6
0, 79, 26, 54, 70, 25, 26, 0, 10, 33, 0, 70, 30, 100, 100, 95, 5
29, 94, 54, 100, 54, 64, 31, 32, 0, 10, 26, 7, 62, 3, 100, 0, 2
0, 82, 41, 100, 75, 72, 68, 22, 42, 0, 11, 37, 54, 47, 100, 46, 7
22, 62, 16, 24, 47, 0, 89, 14, 100, 52, 76, 86, 34, 100, 0, 78, 0
23, 75, 20, 52, 49, 17, 17, 0, 0, 43, 9, 78, 53, 92, 100, 100, 5
7, 68, 22, 100, 54, 84, 42, 48, 15, 16, 0, 9, 50, 9, 100, 0, 2
0, 62, 53, 80, 100, 100, 83, 91, 63, 68, 47, 46, 33, 22, 33, 0, 1
34, 80, 61, 100, 56, 60, 28, 28, 0, 0, 33, 5, 67, 7, 100, 7, 2
0, 92, 55, 100, 68, 67, 55, 32, 42, 0, 2, 28, 35, 44, 100, 50, 7
0, 98, 54, 100, 79, 67, 56, 31, 20, 0, 6, 33, 40, 49, 100, 44, 7
73, 91, 21, 85, 50, 37, 46, 0, 0, 24, 54, 63, 100, 100, 30, 78, 8
96, 100, 70, 100, 35, 80, 57, 60, 100, 46, 90, 13, 46, 0, 0, 8, 5
59, 100, 25, 75, 0, 42, 6, 6, 61, 0, 100, 25, 54, 33, 25, 6, 6
65, 99, 27, 100, 45, 68, 74, 96, 91, 75, 100, 26, 59, 0, 0, 5, 9
0, 87, 3, 97, 52, 100, 100, 96, 100, 70, 71, 47, 40, 24, 15, 0, 7
59, 100, 12, 74, 0, 32, 31, 0, 84, 21, 100, 60, 69, 96, 16, 86, 0
78, 71, 36, 71, 20, 95, 75, 100, 100, 74, 78, 46, 40, 21, 0, 0, 9
40, 100, 21, 86, 0, 49, 2, 10, 53, 0, 100, 19, 61, 33, 14, 16, 6
67, 100, 44, 80, 18, 50, 0, 35, 65, 34, 100, 48, 91, 32, 89, 0, 4
0, 93, 59, 100, 100, 80, 76, 46, 58, 12, 42, 0, 9, 32, 69, 42, 7
39, 86, 6, 89, 39, 47, 53, 0, 0, 6, 10, 59, 42, 96, 100, 100, 5
44, 93, 4, 83, 43, 42, 40, 0, 0, 16, 48, 52, 100, 86, 49, 100, 8
0, 5, 53, 33, 90, 65, 100, 98, 83, 100, 73, 67, 73, 33, 77, 0, 1
0, 68, 48, 81, 86, 100, 100, 97, 87, 73, 81, 49, 80, 24, 71, 0, 1
100, 100, 57, 87, 26, 58, 14, 26, 43, 0, 87, 13, 45, 28, 0, 10, 6
32, 100, 39, 76, 0, 48, 11, 38, 91, 39, 100, 64, 86, 31, 71, 0, 4
25, 100, 9, 78, 0, 34, 29, 0, 81, 6, 100, 47, 77, 85, 24, 96, 0
25, 100, 6, 70, 0, 38, 56, 34, 97, 53, 100, 70, 90, 35, 84, 0, 4
100, 100, 54, 92, 39, 76, 29, 61, 18, 46, 7, 30, 4, 15, 0, 0, 1
28, 88, 58, 100, 61, 74, 46, 54, 95, 45, 100, 20, 54, 5, 0, 0, 3
100, 87, 70, 100, 50, 66, 69, 28, 35, 0, 0, 17, 44, 46, 92, 72, 8
100, 100, 82, 90, 51, 62, 26, 32, 12, 0, 56, 6, 46, 26, 0, 12, 6
53, 97, 0, 72, 66, 38, 95, 0, 29, 15, 71, 55, 100, 98, 15, 100, 8
0, 93, 51, 100, 100, 89, 99, 59, 80, 28, 54, 0, 26, 27, 51, 45, 7
2, 73, 10, 98, 73, 100, 60, 73, 70, 44, 100, 15, 47, 2, 0, 0, 3
34, 79, 69, 100, 60, 75, 41, 26, 13, 0, 0, 8, 50, 7, 100, 5, 1
47, 88, 72, 100, 65, 44, 36, 8, 0, 0, 27, 20, 63, 5, 100, 3, 2
70, 89, 34, 67, 71, 37, 51, 2, 0, 0, 23, 45, 49, 88, 100, 100, 5
36, 100, 7, 79, 0, 45, 37, 20, 83, 32, 100, 66, 83, 34, 77, 0, 4
76, 100, 33, 83, 0, 55, 43, 39, 100, 52, 87, 55, 48, 28, 15, 0, 4
40, 99, 100, 87, 43, 100, 30, 56, 73, 44, 98, 9, 38, 0, 0, 31, 5
0, 82, 31, 100, 47, 68, 36, 34, 8, 5, 12, 20, 60, 18, 100, 0, 2
0, 80, 28, 100, 53, 82, 31, 53, 4, 27, 14, 3, 58, 4, 100, 0, 2
25, 71, 44, 100, 65, 81, 37, 52, 0, 30, 9, 18, 54, 10, 100, 0, 2
100, 100, 58, 86, 27, 66, 7, 43, 0, 18, 34, 0, 72, 14, 43, 29, 6
100, 93, 51, 100, 21, 60, 75, 61, 94, 95, 91, 46, 56, 6, 0, 0, 9
47, 100, 15, 78, 0, 50, 40, 29, 100, 35, 91, 54, 74, 26, 64, 0, 4
4, 71, 32, 100, 37, 95, 33, 57, 29, 19, 0, 0, 49, 1, 100, 4, 1
31, 100, 0, 58, 74, 45, 57, 2, 10, 0, 6, 46, 17, 90, 100, 97, 5
40, 100, 0, 58, 20, 16, 92, 10, 100, 49, 77, 100, 66, 54, 62, 0, 4
8, 70, 36, 100, 55, 69, 40, 31, 9, 0, 0, 17, 49, 10, 100, 0, 2
64, 75, 43, 100, 40, 60, 100, 28, 81, 0, 0, 6, 38, 44, 72, 75, 8
33, 100, 84, 95, 81, 73, 58, 56, 100, 38, 99, 13, 51, 0, 0, 2, 3
0, 56, 23, 63, 61, 81, 100, 100, 88, 77, 69, 52, 53, 26, 44, 0, 1
30, 95, 0, 62, 13, 20, 57, 0, 100, 21, 99, 64, 63, 95, 15, 100, 0
0, 75, 34, 100, 65, 66, 57, 10, 29, 0, 13, 41, 57, 51, 100, 62, 7
0, 54, 0, 72, 42, 90, 91, 100, 100, 76, 74, 51, 48, 26, 26, 0, 1
28, 90, 58, 100, 97, 80, 69, 52, 86, 36, 100, 9, 51, 0, 0, 5, 3
0, 87, 38, 100, 88, 88, 68, 58, 47, 39, 100, 28, 96, 0, 41, 1, 3
72, 97, 64, 54, 69, 0, 0, 13, 28, 50, 100, 73, 96, 100, 19, 90, 8
20, 100, 7, 84, 0, 50, 65, 50, 100, 67, 84, 68, 77, 34, 72, 0, 4
0, 69, 49, 35, 63, 0, 1, 6, 41, 41, 100, 72, 99, 100, 19, 76, 8
13, 100, 0, 72, 13, 41, 69, 42, 100, 55, 68, 77, 43, 39, 23, 0, 4
45, 71, 63, 100, 20, 78, 44, 39, 51, 0, 0, 11, 40, 40, 100, 52, 8
0, 81, 30, 100, 78, 93, 62, 65, 28, 42, 7, 14, 48, 1, 100, 0, 2
59, 100, 10, 71, 99, 78, 31, 96, 0, 45, 41, 0, 100, 35, 23, 61, 8
100, 100, 53, 77, 18, 50, 0, 19, 42, 0, 97, 16, 68, 40, 11, 35, 6
15, 89, 34, 53, 50, 13, 4, 0, 0, 43, 0, 87, 48, 98, 100, 100, 5
16, 100, 1, 84, 0, 58, 29, 39, 74, 46, 100, 51, 88, 25, 78, 0, 4
0, 82, 33, 100, 61, 87, 49, 50, 24, 18, 24, 0, 68, 0, 100, 8, 2
0, 90, 43, 100, 90, 99, 85, 58, 78, 11, 55, 0, 53, 25, 100, 32, 7
3, 94, 0, 100, 76, 100, 100, 92, 64, 70, 39, 46, 26, 21, 33, 0, 7
28, 63, 25, 25, 51, 0, 85, 27, 100, 69, 72, 99, 30, 100, 0, 71, 0
23, 78, 51, 100, 100, 78, 70, 40, 40, 0, 78, 2, 37, 37, 0, 74, 8
40, 74, 87, 93, 100, 100, 81, 73, 79, 47, 64, 20, 15, 0, 0, 6, 1
100, 100, 69, 83, 36, 62, 11, 38, 0, 12, 39, 0, 70, 18, 26, 26, 6
7, 100, 0, 96, 1, 72, 7, 48, 38, 38, 66, 36, 70, 14, 100, 0, 4
57, 89, 0, 100, 1, 68, 43, 34, 30, 0, 1, 31, 41, 65, 100, 86, 8
0, 17, 24, 44, 64, 73, 100, 100, 68, 84, 32, 57, 24, 28, 16, 0, 1
96, 98, 44, 100, 5, 72, 0, 36, 38, 8, 100, 6, 61, 21, 11, 0, 6
62, 100, 20, 96, 0, 60, 9, 22, 59, 0, 100, 25, 48, 35, 5, 8, 6
34, 65, 42, 37, 39, 5, 0, 0, 6, 35, 27, 67, 61, 88, 100, 100, 5
0, 84, 31, 100, 43, 60, 39, 16, 27, 0, 14, 27, 57, 30, 100, 33, 7
68, 100, 6, 88, 47, 75, 87, 82, 85, 56, 100, 29, 75, 6, 0, 0, 9
33, 86, 0, 55, 1, 12, 52, 0, 90, 34, 100, 76, 56, 100, 6, 77, 0
2, 75, 37, 100, 56, 99, 58, 61, 46, 25, 0, 0, 34, 5, 100, 8, 1
10, 100, 0, 60, 14, 18, 60, 0, 100, 24, 96, 66, 58, 95, 19, 73, 0
13, 67, 40, 100, 65, 78, 37, 42, 0, 11, 6, 4, 60, 0, 100, 19, 2
26, 94, 0, 61, 6, 16, 47, 0, 91, 17, 100, 60, 71, 95, 27, 100, 0
100, 100, 82, 91, 64, 75, 50, 59, 27, 43, 14, 27, 0, 11, 0, 0, 1
21, 85, 57, 100, 63, 71, 30, 55, 85, 47, 100, 15, 48, 0, 0, 11, 3
100, 91, 49, 100, 28, 66, 55, 30, 26, 0, 0, 30, 50, 61, 95, 90, 8
19, 76, 53, 100, 92, 81, 73, 40, 33, 13, 0, 0, 49, 5, 100, 6, 2
0, 94, 33, 100, 52, 83, 64, 65, 77, 47, 100, 30, 89, 13, 52, 0, 3
79, 98, 30, 90, 2, 53, 0, 10, 46, 0, 88, 27, 100, 70, 73, 100, 0
0, 73, 27, 86, 73, 100, 100, 98, 89, 72, 83, 46, 82, 20, 85, 0, 1
44, 100, 20, 63, 22, 22, 63, 0, 100, 29, 95, 69, 47, 89, 0, 74, 0
21, 65, 9, 25, 40, 0, 79, 25, 100, 61, 87, 98, 40, 100, 0, 80, 0
0, 100, 59, 97, 81, 66, 63, 32, 44, 0, 3, 25, 37, 34, 100, 39, 7
19, 90, 2, 64, 15, 24, 62, 0, 100, 30, 97, 71, 55, 100, 0, 92, 0
100, 100, 70, 89, 57, 74, 43, 59, 35, 45, 17, 29, 9, 14, 0, 0, 1
100, 100, 56, 89, 22, 59, 0, 26, 24, 0, 77, 11, 77, 39, 22, 36, 6
13, 91, 18, 54, 66, 40, 37, 0, 5, 29, 0, 81, 44, 99, 100, 100, 5
82, 88, 35, 100, 0, 69, 48, 36, 79, 0, 24, 15, 50, 54, 100, 86, 8
0, 100, 81, 100, 68, 62, 34, 26, 24, 0, 92, 28, 100, 50, 5, 46, 7
86, 100, 38, 76, 8, 48, 0, 20, 50, 0, 100, 18, 74, 45, 8, 57, 6
65, 100, 33, 80, 12, 57, 0, 35, 6, 12, 52, 0, 100, 13, 58, 19, 6
16, 86, 44, 100, 35, 59, 12, 25, 0, 4, 33, 3, 66, 1, 100, 0, 2
16, 86, 0, 43, 25, 1, 68, 0, 100, 35, 90, 85, 50, 100, 13, 75, 0
88, 83, 71, 100, 44, 78, 86, 77, 100, 64, 87, 21, 46, 1, 0, 0, 9
9, 74, 32, 100, 63, 84, 48, 48, 12, 19, 0, 13, 49, 4, 100, 0, 2
62, 81, 22, 80, 0, 38, 23, 0, 71, 4, 100, 43, 84, 88, 40, 100, 0
17, 86, 68, 100, 71, 70, 57, 60, 100, 41, 91, 7, 35, 0, 0, 19, 3
0, 70, 18, 97, 76, 100, 92, 74, 66, 36, 54, 0, 100, 26, 58, 33, 7
7, 67, 62, 39, 100, 8, 38, 0, 24, 33, 57, 67, 74, 100, 0, 91, 8
30, 100, 21, 86, 0, 58, 32, 36, 80, 43, 100, 61, 91, 30, 89, 0, 4
47, 100, 31, 76, 0, 45, 63, 50, 100, 64, 92, 61, 94, 28, 96, 0, 4
0, 67, 44, 80, 88, 100, 100, 88, 88, 66, 69, 44, 50, 22, 50, 0, 1
72, 74, 63, 100, 0, 78, 67, 42, 100, 0, 15, 4, 38, 47, 95, 80, 8
0, 95, 27, 100, 57, 71, 45, 31, 33, 0, 3, 36, 36, 51, 100, 53, 7
19, 92, 38, 100, 59, 68, 44, 31, 18, 0, 0, 35, 50, 39, 100, 45, 7
63, 100, 33, 90, 5, 56, 10, 18, 61, 0, 100, 22, 46, 36, 0, 16, 6
62, 100, 0, 77, 68, 43, 100, 4, 7, 0, 21, 39, 88, 73, 15, 90, 8
27, 76, 41, 100, 100, 94, 79, 66, 86, 45, 94, 16, 39, 0, 0, 10, 3
16, 96, 94, 100, 28, 96, 4, 68, 35, 51, 100, 35, 65, 0, 0, 14, 5
72, 87, 29, 100, 0, 67, 50, 56, 92, 79, 100, 45, 98, 6, 45, 0, 9
79, 80, 39, 100, 45, 57, 60, 15, 8, 0, 0, 34, 55, 56, 100, 75, 8
0, 98, 42, 100, 73, 70, 60, 31, 35, 0, 5, 27, 52, 32, 100, 24, 7
100, 100, 72, 86, 52, 71, 34, 57, 17, 43, 7, 29, 0, 14, 0, 0, 1
30, 68, 63, 99, 76, 100, 65, 60, 44, 23, 0, 0, 46, 2, 100, 10, 1
0, 54, 30, 84, 54, 100, 53, 64, 46, 27, 5, 0, 41, 0, 100, 4, 1
44, 86, 76, 100, 74, 73, 55, 45, 100, 32, 100, 9, 49, 0, 0, 4, 3
0, 93, 64, 100, 100, 79, 54, 55, 23, 43, 86, 34, 74, 5, 10, 0, 3
67, 86, 100, 84, 66, 100, 56, 79, 96, 66, 96, 23, 52, 0, 0, 15, 9
0, 46, 37, 65, 74, 85, 100, 100, 82, 74, 63, 49, 40, 24, 15, 0, 1
15, 85, 53, 100, 78, 79, 47, 53, 4, 34, 0, 20, 49, 9, 100, 0, 2
35, 100, 2, 66, 0, 21, 41, 0, 87, 9, 100, 51, 69, 85, 23, 89, 0
34, 92, 16, 51, 39, 9, 84, 0, 100, 43, 79, 85, 35, 100, 0, 70, 0
0, 29, 21, 0, 63, 25, 100, 59, 100, 100, 52, 86, 13, 55, 2, 12, 0
32, 76, 51, 100, 70, 73, 39, 41, 0, 17, 10, 18, 54, 0, 100, 6, 2
8, 75, 15, 56, 100, 33, 75, 0, 30, 9, 12, 44, 0, 79, 88, 100, 5
34, 95, 78, 100, 100, 83, 65, 63, 91, 37, 91, 11, 46, 0, 0, 5, 3
26, 100, 0, 60, 5, 16, 50, 0, 93, 25, 100, 67, 52, 75, 13, 48, 0
36, 83, 61, 100, 23, 68, 0, 33, 23, 0, 100, 5, 80, 29, 0, 23, 6
0, 75, 45, 100, 45, 95, 44, 61, 45, 27, 15, 0, 34, 1, 100, 5, 1
0, 66, 26, 97, 85, 100, 100, 63, 71, 25, 41, 0, 19, 39, 80, 36, 7
57, 100, 10, 87, 0, 53, 52, 39, 95, 58, 100, 68, 87, 35, 84, 0, 4
80, 95, 0, 84, 43, 48, 100, 16, 58, 0, 37, 36, 75, 73, 82, 100, 8
100, 77, 77, 100, 29, 86, 0, 57, 3, 24, 39, 0, 56, 21, 11, 39, 6
98, 87, 44, 100, 20, 70, 26, 31, 0, 0, 0, 32, 44, 58, 100, 70, 8
48, 92, 89, 100, 100, 83, 81, 63, 81, 42, 77, 21, 42, 6, 0, 0, 3
0, 64, 19, 92, 100, 100, 87, 73, 61, 37, 39, 0, 31, 24, 96, 42, 7
0, 100, 34, 96, 56, 64, 56, 23, 40, 0, 29, 32, 64, 35, 100, 34, 7
26, 84, 38, 100, 52, 74, 30, 42, 0, 15, 20, 9, 62, 0, 100, 18, 2
20, 89, 57, 60, 100, 30, 82, 0, 0, 8, 5, 41, 45, 71, 85, 100, 8
100, 100, 53, 91, 20, 64, 0, 32, 9, 1, 59, 0, 64, 23, 16, 23, 6
100, 100, 63, 87, 35, 68, 16, 47, 2, 25, 0, 2, 32, 0, 30, 21, 6
34, 71, 46, 100, 54, 66, 32, 25, 0, 0, 21, 7, 61, 9, 100, 20, 2
84, 66, 82, 100, 26, 78, 72, 56, 99, 86, 100, 44, 72, 6, 0, 0, 9
70, 100, 14, 87, 66, 79, 87, 81, 98, 52, 100, 21, 58, 0, 0, 6, 9
28, 79, 55, 100, 52, 68, 29, 39, 0, 15, 31, 1, 68, 0, 100, 23, 2
49, 92, 37, 76, 62, 35, 30, 0, 0, 28, 52, 59, 100, 91, 42, 100, 8
96, 86, 33, 100, 31, 66, 100, 32, 66, 0, 0, 27, 72, 60, 78, 98, 8
36, 83, 66, 100, 94, 81, 60, 54, 100, 44, 92, 12, 44, 0, 0, 17, 3
81, 100, 79, 99, 34, 67, 3, 33, 25, 0, 100, 9, 76, 37, 0, 26, 6
0, 84, 46, 57, 89, 28, 68, 0, 41, 24, 70, 54, 100, 85, 41, 100, 8
6, 100, 54, 96, 81, 56, 64, 6, 36, 0, 0, 38, 51, 35, 100, 32, 7
31, 81, 1, 43, 13, 1, 68, 0, 100, 36, 96, 79, 48, 100, 0, 80, 0
100, 100, 70, 87, 29, 60, 0, 30, 3, 0, 71, 5, 73, 30, 2, 25, 6
97, 85, 53, 100, 12, 78, 74, 74, 97, 86, 100, 44, 61, 12, 0, 0, 9
100, 100, 87, 85, 56, 64, 30, 41, 13, 17, 41, 0, 44, 15, 0, 14, 6
44, 81, 80, 100, 97, 76, 48, 55, 100, 40, 99, 10, 42, 0, 0, 9, 3
0, 51, 21, 68, 63, 88, 100, 100, 79, 75, 58, 50, 37, 25, 30, 0, 1
14, 90, 51, 100, 68, 78, 71, 53, 100, 34, 79, 11, 41, 1, 0, 0, 3
9, 65, 43, 98, 52, 100, 49, 60, 60, 21, 0, 0, 12, 4, 100, 6, 1
26, 88, 0, 49, 9, 5, 61, 0, 100, 30, 94, 73, 52, 100, 4, 83, 0
9, 84, 14, 73, 50, 37, 44, 0, 10, 24, 0, 69, 39, 96, 100, 100, 5
72, 100, 37, 86, 12, 55, 0, 23, 43, 0, 100, 14, 57, 34, 8, 20, 6
56, 100, 28, 72, 0, 44, 54, 50, 100, 69, 84, 59, 59, 30, 42, 0, 4
0, 87, 39, 100, 73, 74, 69, 31, 51, 0, 12, 28, 50, 47, 100, 54, 7
17, 78, 53, 100, 68, 73, 37, 41, 0, 14, 25, 25, 62, 0, 100, 15, 2
0, 84, 18, 85, 71, 100, 100, 91, 93, 68, 87, 45, 81, 23, 84, 0, 1
8, 95, 26, 71, 82, 45, 55, 0, 0, 12, 0, 65, 28, 100, 100, 98, 5
59, 100, 20, 82, 0, 49, 59, 35, 100, 58, 91, 64, 60, 32, 35, 0, 4
0, 53, 31, 81, 51, 100, 50, 62, 46, 25, 15, 0, 59, 1, 100, 3, 1
100, 100, 52, 98, 19, 69, 0, 34, 10, 0, 58, 8, 54, 41, 16, 29, 6
75, 97, 0, 100, 47, 68, 100, 35, 63, 0, 5, 23, 39, 63, 86, 97, 8
0, 66, 15, 91, 64, 100, 70, 76, 49, 51, 32, 24, 45, 1, 100, 0, 2
38, 85, 36, 100, 49, 70, 32, 39, 0, 17, 23, 1, 64, 0, 100, 16, 2
11, 90, 1, 57, 0, 19, 41, 0, 84, 27, 100, 64, 87, 100, 35, 97, 0
100, 100, 86, 98, 72, 81, 55, 64, 41, 47, 24, 30, 14, 13, 0, 0, 1
0, 52, 44, 69, 79, 91, 100, 100, 88, 74, 72, 49, 57, 23, 51, 0, 1
100, 100, 52, 92, 20, 65, 0, 36, 12, 6, 71, 0, 90, 24, 34, 25, 6
0, 100, 57, 100, 68, 81, 72, 62, 91, 43, 100, 24, 62, 8, 9, 0, 3
50, 100, 0, 89, 16, 62, 66, 73, 82, 60, 100, 23, 56, 2, 2, 0, 9
37, 97, 84, 100, 92, 69, 51, 48, 4, 35, 0, 18, 49, 7, 100, 0, 2
2, 85, 40, 100, 81, 72, 64, 26, 38, 0, 0, 35, 46, 38, 100, 39, 7
0, 90, 41, 96, 99, 100, 67, 57, 54, 0, 32, 5, 42, 25, 100, 31, 7
61, 98, 20, 75, 0, 32, 26, 0, 73, 14, 100, 53, 84, 96, 36, 100, 0
55, 75, 33, 100, 0, 77, 46, 69, 85, 74, 100, 40, 85, 10, 35, 0, 9
0, 71, 41, 83, 100, 100, 94, 82, 75, 61, 62, 41, 53, 20, 44, 0, 1
11, 87, 46, 100, 74, 88, 55, 61, 100, 49, 89, 21, 50, 2, 0, 0, 3
0, 67, 17, 100, 56, 99, 49, 55, 25, 16, 14, 0, 56, 13, 100, 13, 2
33, 75, 69, 100, 90, 94, 79, 55, 55, 19, 0, 0, 34, 3, 100, 7, 1
100, 100, 63, 99, 28, 85, 27, 49, 67, 40, 88, 16, 46, 0, 0, 1, 5
21, 97, 27, 57, 82, 40, 50, 0, 0, 0, 0, 60, 41, 96, 100, 100, 5
8, 90, 39, 61, 44, 20, 0, 0, 11, 37, 55, 67, 100, 96, 57, 100, 8
100, 92, 65, 100, 39, 79, 37, 49, 73, 45, 69, 16, 36, 0, 0, 4, 5
23, 73, 45, 100, 46, 89, 40, 57, 28, 26, 0, 0, 49, 6, 100, 7, 1
37, 100, 0, 83, 11, 58, 100, 58, 39, 91, 32, 90, 32, 39, 29, 0, 4
3, 96, 0, 45, 16, 0, 67, 8, 100, 46, 98, 93, 48, 100, 14, 67, 0
0, 60, 5, 56, 52, 79, 100, 100, 81, 75, 67, 50, 57, 24, 71, 0, 1
12, 96, 12, 52, 62, 32, 20, 0, 0, 32, 4, 78, 36, 99, 100, 100, 5
0, 100, 10, 68, 55, 32, 18, 0, 4, 30, 57, 63, 100, 98, 10, 98, 8
0, 68, 16, 100, 51, 90, 35, 53, 7, 19, 8, 1, 58, 0, 100, 17, 2
50, 100, 17, 86, 0, 58, 53, 46, 100, 70, 79, 55, 53, 27, 36, 0, 4
35, 75, 58, 100, 82, 83, 64, 51, 100, 37, 74, 8, 33, 0, 0, 11, 3
100, 100, 4, 85, 92, 59, 99, 21, 11, 0, 0, 32, 73, 62, 49, 86, 8
81, 87, 37, 100, 9, 73, 74, 74, 78, 71, 100, 32, 68, 3, 0, 0, 9
61, 79, 98, 79, 73, 100, 53, 78, 100, 67, 84, 37, 44, 16, 0, 0, 9
26, 88, 49, 100, 56, 74, 32, 45, 0, 21, 24, 5, 67, 0, 100, 23, 2
72, 92, 19, 100, 32, 58, 89, 78, 91, 83, 100, 39, 72, 0, 0, 8, 9
0, 99, 58, 100, 66, 68, 49, 34, 31, 0, 14, 18, 39, 36, 100, 41, 7
44, 78, 73, 100, 100, 86, 81, 60, 98, 38, 94, 12, 48, 0, 0, 3, 3
100, 100, 55, 78, 26, 52, 9, 25, 25, 0, 86, 15, 64, 35, 0, 21, 6
16, 74, 0, 50, 25, 0, 76, 3, 100, 52, 74, 99, 21, 100, 0, 51, 0
54, 83, 100, 100, 89, 94, 38, 87, 38, 70, 77, 34, 42, 0, 0, 19, 5
20, 63, 40, 98, 44, 100, 40, 63, 40, 25, 0, 1, 20, 1, 100, 0, 1
94, 100, 73, 92, 59, 66, 99, 93, 100, 82, 89, 44, 50, 16, 0, 0, 9
0, 63, 34, 43, 58, 12, 59, 0, 34, 30, 21, 62, 51, 88, 100, 100, 5
3, 62, 28, 94, 39, 100, 41, 60, 36, 22, 0, 0, 50, 7, 100, 13, 1
96, 75, 82, 100, 55, 79, 96, 86, 100, 56, 89, 18, 48, 0, 0, 2, 9
78, 100, 21, 80, 49, 44, 95, 76, 91, 80, 100, 34, 62, 0, 0, 13, 9
97, 63, 77, 100, 32, 79, 72, 63, 96, 67, 100, 23, 56, 0, 0, 4, 9
100, 100, 57, 92, 24, 87, 0, 58, 33, 57, 66, 42, 48, 13, 8, 0, 5
0, 65, 42, 81, 88, 100, 100, 91, 85, 68, 67, 46, 50, 23, 42, 0, 1
80, 100, 37, 76, 10, 50, 0, 22, 39, 0, 100, 13, 68, 37, 2, 46, 6
77, 96, 0, 100, 21, 61, 90, 30, 62, 0, 12, 24, 56, 62, 100, 100, 8
30, 70, 57, 100, 57, 80, 62, 45, 54, 12, 0, 2, 43, 2, 100, 0, 1
46, 69, 93, 73, 81, 100, 55, 81, 100, 62, 93, 22, 48, 7, 0, 0, 9
22, 80, 0, 35, 32, 0, 87, 22, 100, 69, 61, 100, 18, 65, 9, 19, 0
100, 99, 68, 100, 32, 70, 10, 35, 20, 0, 76, 4, 59, 31, 0, 23, 6
11, 100, 16, 66, 27, 32, 0, 0, 14, 28, 64, 59, 100, 92, 39, 97, 8
0, 96, 52, 100, 72, 90, 57, 46, 63, 0, 23, 24, 49, 37, 100, 43, 7
100, 60, 82, 100, 22, 89, 33, 44, 47, 0, 0, 1, 26, 42, 93, 62, 8
20, 80, 46, 95, 100, 100, 80, 76, 86, 50, 99, 23, 53, 7, 0, 0, 3
0, 81, 33, 100, 52, 79, 36, 49, 12, 22, 7, 0, 53, 4, 100, 7, 2
46, 100, 19, 78, 0, 43, 85, 40, 100, 58, 68, 75, 58, 38, 60, 0, 4
19, 65, 68, 37, 56, 0, 0, 5, 36, 40, 85, 71, 100, 100, 36, 80, 8
100, 100, 62, 83, 34, 64, 14, 43, 0, 22, 4, 0, 44, 12, 36, 30, 6
3, 94, 51, 100, 100, 100, 72, 79, 51, 56, 68, 30, 46, 9, 0, 0, 3
28, 100, 5, 77, 0, 53, 39, 40, 87, 44, 100, 46, 80, 23, 63, 0, 4
80, 98, 0, 95, 55, 68, 100, 34, 52, 0, 0, 24, 31, 64, 29, 100, 8
55, 100, 22, 88, 0, 72, 1, 53, 32, 41, 67, 32, 95, 19, 100, 0, 4
26, 80, 42, 100, 57, 69, 34, 30, 0, 0, 9, 20, 54, 27, 100, 26, 2
40, 87, 23, 57, 44, 22, 9, 0, 0, 40, 5, 78, 46, 100, 100, 99, 5
100, 100, 60, 100, 36, 91, 34, 62, 68, 56, 70, 33, 38, 14, 0, 0, 5
38, 100, 15, 59, 18, 13, 63, 0, 100, 33, 96, 77, 48, 90, 0, 72, 0
0, 55, 43, 71, 90, 91, 100, 100, 94, 75, 87, 50, 76, 25, 69, 0, 1
0, 75, 33, 89, 77, 100, 79, 72, 61, 37, 55, 0, 55, 20, 100, 27, 7
0, 82, 33, 100, 77, 93, 50, 66, 71, 47, 100, 24, 58, 7, 11, 0, 3
34, 85, 62, 100, 79, 76, 51, 49, 90, 36, 100, 13, 48, 0, 0, 7, 3
73, 90, 0, 100, 2, 65, 57, 30, 20, 0, 2, 34, 59, 69, 100, 98, 8
14, 96, 77, 100, 30, 99, 20, 60, 66, 61, 100, 32, 54, 0, 0, 17, 5
99, 69, 77, 100, 51, 72, 88, 79, 100, 59, 84, 15, 38, 0, 0, 7, 9
100, 98, 56, 100, 20, 77, 0, 48, 3, 17, 44, 0, 53, 22, 11, 40, 6
34, 100, 17, 85, 0, 38, 27, 0, 82, 9, 100, 53, 60, 87, 5, 89, 0
100, 100, 70, 100, 27, 97, 5, 62, 34, 58, 61, 36, 41, 1, 0, 0, 5
46, 90, 70, 87, 16, 80, 0, 94, 54, 100, 100, 82, 94, 39, 70, 0, 9
100, 100, 65, 80, 38, 56, 15, 29, 8, 0, 48, 8, 36, 27, 0, 13, 6
25, 100, 0, 63, 2, 17, 43, 0, 86, 10, 100, 52, 74, 90, 32, 97, 0
0, 80, 28, 100, 55, 82, 37, 48, 11, 20, 24, 3, 62, 1, 100, 0, 2
100, 100, 50, 80, 19, 59, 0, 36, 0, 13, 53, 0, 78, 19, 3, 19, 6
0, 96, 9, 97, 50, 100, 47, 64, 22, 32, 19, 0, 60, 5, 100, 19, 2
100, 100, 78, 98, 34, 69, 6, 36, 15, 1, 77, 0, 68, 32, 0, 28, 6
53, 100, 27, 65, 97, 33, 82, 0, 27, 20, 70, 58, 100, 97, 0, 91, 8
48, 94, 40, 69, 79, 37, 53, 0, 3, 19, 0, 64, 34, 95, 100, 100, 5
0, 32, 33, 41, 62, 64, 85, 94, 100, 100, 85, 66, 70, 34, 57, 0, 1
38, 85, 73, 100, 90, 77, 52, 56, 100, 49, 95, 18, 50, 0, 0, 11, 3
14, 71, 40, 100, 49, 70, 27, 36, 0, 5, 25, 0, 66, 2, 100, 19, 2
22, 86, 62, 100, 82, 74, 59, 60, 100, 42, 93, 11, 40, 0, 0, 17, 3
92, 90, 51, 100, 34, 76, 87, 79, 100, 67, 92, 29, 53, 4, 0, 0, 9
100, 100, 51, 96, 10, 82, 7, 63, 57, 61, 71, 35, 44, 9, 0, 0, 5
2, 79, 32, 100, 52, 70, 39, 36, 12, 6, 0, 7, 50, 7, 100, 0, 2
61, 100, 34, 75, 0, 44, 55, 37, 100, 49, 76, 70, 66, 35, 70, 0, 4
96, 91, 37, 100, 56, 59, 93, 91, 94, 71, 100, 26, 56, 0, 0, 20, 9
38, 85, 60, 100, 58, 72, 33, 45, 0, 24, 15, 10, 58, 0, 100, 10, 2
92, 75, 51, 67, 51, 98, 94, 100, 100, 63, 84, 28, 49, 0, 0, 2, 9
52, 100, 20, 70, 0, 29, 34, 0, 82, 18, 100, 60, 69, 94, 16, 86, 0
100, 88, 69, 100, 34, 82, 8, 56, 0, 23, 26, 0, 50, 22, 22, 42, 6
42, 100, 4, 70, 0, 34, 60, 32, 100, 57, 98, 71, 70, 35, 47, 0, 4
81, 100, 27, 92, 0, 59, 2, 22, 47, 0, 95, 23, 100, 61, 88, 97, 0
0, 86, 47, 100, 100, 91, 68, 72, 58, 51, 74, 31, 76, 10, 11, 0, 3
4, 62, 25, 76, 76, 97, 100, 100, 75, 74, 47, 49, 18, 23, 0, 0, 1
0, 80, 37, 100, 82, 95, 68, 63, 79, 47, 100, 17, 67, 0, 22, 9, 3
0, 53, 39, 81, 46, 100, 48, 66, 47, 31, 24, 0, 36, 5, 100, 7, 1
95, 86, 64, 100, 61, 78, 95, 99, 100, 60, 83, 21, 44, 2, 0, 0, 9
100, 92, 57, 100, 48, 66, 53, 30, 28, 0, 0, 20, 34, 48, 85, 61, 8
100, 100, 55, 94, 17, 64, 0, 32, 17, 0, 88, 2, 64, 22, 24, 13, 6
15, 80, 46, 100, 65, 77, 57, 47, 100, 37, 90, 10, 46, 0, 0, 3, 3
14, 93, 1, 80, 0, 37, 31, 0, 86, 21, 100, 62, 69, 99, 6, 100, 0
49, 85, 78, 100, 92, 85, 74, 55, 100, 35, 80, 11, 41, 0, 0, 0, 3
100, 72, 74, 100, 35, 73, 65, 53, 84, 65, 90, 25, 55, 0, 0, 2, 9
0, 76, 44, 84, 100, 100, 81, 80, 64, 60, 42, 40, 28, 20, 8, 0, 1
17, 86, 8, 46, 58, 33, 24, 0, 0, 32, 0, 88, 51, 99, 100, 100, 5
28, 81, 59, 100, 72, 73, 43, 55, 96, 48, 100, 16, 50, 0, 0, 10, 3
0, 100, 36, 95, 42, 47, 38, 0, 2, 19, 1, 47, 50, 57, 100, 63, 7
16, 56, 30, 100, 54, 79, 36, 31, 0, 3, 19, 9, 60, 7, 100, 0, 2
9, 80, 56, 100, 100, 87, 88, 51, 51, 23, 0, 4, 29, 4, 88, 0, 2
71, 84, 25, 100, 0, 69, 56, 66, 76, 74, 100, 36, 66, 5, 7, 0, 9
38, 85, 69, 100, 93, 81, 77, 54, 100, 34, 93, 9, 45, 0, 0, 13, 3
100, 100, 57, 98, 23, 72, 0, 41, 1, 7, 47, 0, 52, 28, 2, 32, 6
75, 88, 100, 100, 61, 88, 97, 80, 100, 40, 87, 4, 39, 0, 0, 22, 9
0, 82, 0, 42, 17, 6, 68, 0, 100, 31, 96, 69, 64, 100, 17, 93, 0
28, 100, 24, 57, 49, 24, 31, 0, 0, 25, 24, 60, 59, 83, 100, 90, 5
0, 88, 35, 100, 73, 97, 98, 69, 91, 26, 68, 0, 62, 14, 100, 12, 7
100, 100, 58, 90, 25, 68, 4, 44, 0, 20, 35, 0, 60, 18, 7, 34, 6
58, 100, 30, 90, 0, 63, 37, 46, 90, 38, 100, 56, 80, 27, 70, 0, 4
28, 100, 69, 99, 65, 65, 47, 32, 22, 0, 0, 27, 39, 38, 100, 38, 7
52, 83, 80, 100, 100, 80, 71, 55, 94, 45, 91, 17, 49, 0, 0, 8, 3
100, 100, 47, 84, 14, 51, 0, 13, 44, 0, 79, 31, 43, 51, 10, 19, 6
0, 85, 60, 100, 100, 74, 85, 36, 67, 0, 35, 6, 16, 35, 96, 42, 7
27, 71, 17, 60, 0, 21, 35, 0, 77, 23, 100, 60, 88, 100, 44, 91, 0
21, 84, 41, 100, 77, 79, 34, 53, 80, 54, 100, 21, 52, 0, 0, 14, 3
0, 91, 70, 100, 100, 83, 76, 43, 66, 0, 53, 5, 21, 43, 92, 46, 7
100, 100, 40, 84, 0, 45, 0, 0, 57, 17, 38, 50, 14, 52, 57, 27, 6
58, 58, 100, 91, 25, 100, 0, 67, 86, 63, 88, 70, 47, 35, 8, 0, 9
31, 81, 60, 100, 78, 78, 51, 56, 100, 48, 94, 13, 46, 0, 0, 15, 3
100, 99, 60, 100, 25, 85, 29, 69, 65, 55, 64, 25, 39, 1, 0, 0, 5
23, 79, 0, 46, 6, 5, 53, 0, 89, 29, 100, 71, 67, 100, 25, 83, 0
0, 38, 32, 56, 66, 78, 99, 100, 100, 91, 81, 60, 62, 31, 46, 0, 1
100, 100, 54, 83, 22, 57, 5, 26, 28, 0, 77, 11, 52, 31, 0, 22, 6
7, 81, 0, 58, 14, 8, 67, 0, 100, 42, 91, 94, 39, 100, 16, 55, 0
98, 56, 83, 100, 33, 97, 0, 56, 1, 9, 54, 0, 100, 25, 100, 67, 0
45, 80, 0, 64, 66, 49, 70, 9, 2, 0, 4, 45, 29, 91, 100, 100, 5
0, 76, 26, 100, 52, 87, 42, 47, 19, 17, 37, 3, 69, 5, 100, 0, 2
12, 68, 25, 100, 48, 79, 32, 46, 0, 22, 20, 16, 57, 0, 100, 5, 2
32, 84, 65, 100, 76, 75, 66, 46, 100, 30, 79, 7, 40, 0, 0, 3, 3
46, 76, 55, 100, 100, 98, 75, 69, 95, 46, 97, 20, 50, 6, 0, 0, 3
17, 74, 2, 33, 25, 0, 75, 22, 100, 59, 96, 99, 40, 100, 0, 71, 0
100, 93, 90, 100, 70, 83, 60, 67, 40, 50, 30, 33, 10, 17, 0, 0, 1
0, 82, 49, 100, 98, 82, 91, 46, 73, 11, 46, 0, 38, 21, 100, 19, 7
33, 100, 0, 80, 19, 52, 100, 58, 99, 79, 63, 79, 55, 39, 54, 0, 4
100, 100, 67, 99, 37, 69, 14, 35, 8, 0, 50, 9, 36, 31, 0, 6, 6
0, 79, 32, 100, 54, 77, 42, 43, 19, 14, 15, 0, 56, 10, 100, 11, 2
44, 100, 21, 73, 0, 35, 12, 0, 68, 6, 100, 39, 93, 77, 44, 90, 0
52, 100, 15, 72, 0, 32, 24, 0, 69, 8, 100, 40, 92, 81, 49, 89, 0
86, 53, 90, 92, 36, 100, 0, 62, 0, 16, 52, 0, 100, 27, 100, 66, 0
20, 95, 27, 64, 54, 30, 34, 0, 14, 33, 0, 71, 41, 95, 100, 100, 5
93, 100, 63, 99, 43, 85, 53, 54, 100, 48, 89, 23, 45, 8, 0, 0, 5
5, 91, 0, 49, 50, 37, 17, 0, 2, 35, 5, 85, 40, 100, 100, 100, 5
65, 83, 24, 100, 18, 71, 79, 37, 78, 0, 0, 22, 44, 59, 100, 92, 8
100, 100, 68, 97, 16, 90, 8, 56, 53, 57, 83, 36, 52, 8, 0, 0, 5
90, 62, 52, 42, 30, 69, 68, 100, 100, 73, 86, 33, 52, 0, 0, 4, 9
31, 100, 17, 68, 64, 37, 43, 0, 10, 21, 0, 74, 39, 100, 100, 98, 5
10, 67, 30, 37, 16, 3, 0, 0, 12, 36, 22, 73, 55, 94, 100, 100, 5
100, 78, 64, 100, 0, 75, 57, 37, 46, 0, 24, 31, 82, 68, 100, 98, 8
83, 91, 2, 100, 21, 67, 77, 36, 62, 0, 0, 17, 42, 54, 100, 87, 8
100, 100, 58, 78, 23, 55, 0, 30, 5, 3, 60, 0, 95, 22, 47, 32, 6
13, 97, 54, 100, 82, 64, 65, 18, 41, 0, 0, 27, 48, 38, 100, 40, 7
26, 85, 59, 100, 81, 78, 72, 54, 100, 34, 82, 9, 42, 0, 0, 1, 3
0, 49, 52, 62, 95, 82, 100, 100, 84, 75, 71, 50, 59, 25, 57, 0, 1
18, 75, 49, 100, 96, 93, 72, 62, 100, 49, 95, 15, 46, 0, 0, 15, 3
44, 91, 20, 83, 94, 48, 100, 4, 0, 0, 11, 45, 67, 87, 7, 100, 8
0, 67, 41, 40, 48, 0, 9, 0, 40, 38, 83, 72, 100, 100, 35, 79, 8
40, 100, 7, 73, 0, 34, 23, 0, 74, 6, 100, 40, 89, 77, 46, 95, 0
33, 75, 42, 100, 82, 91, 71, 62, 97, 41, 100, 15, 53, 0, 0, 9, 3
5, 68, 45, 100, 87, 83, 55, 45, 10, 13, 0, 12, 57, 0, 100, 9, 2
49, 80, 88, 75, 65, 100, 55, 85, 99, 62, 100, 28, 56, 6, 0, 0, 9
35, 60, 76, 44, 56, 0, 0, 3, 40, 44, 100, 80, 91, 100, 25, 68, 8
47, 81, 68, 100, 100, 93, 81, 69, 93, 42, 78, 18, 41, 6, 0, 0, 3
17, 61, 43, 100, 47, 92, 51, 48, 57, 3, 0, 2, 42, 3, 100, 0, 1
44, 100, 0, 72, 0, 42, 100, 43, 99, 60, 59, 70, 53, 35, 65, 0, 4
95, 63, 55, 48, 31, 74, 72, 100, 100, 72, 84, 33, 50, 0, 0, 1, 9
100, 99, 32, 100, 23, 64, 93, 33, 75, 0, 0, 21, 39, 58, 79, 94, 8
0, 94, 51, 100, 73, 73, 51, 36, 24, 0, 10, 9, 38, 34, 100, 40, 7
100, 99, 69, 100, 39, 78, 45, 54, 87, 45, 78, 18, 41, 0, 0, 1, 5
12, 82, 55, 100, 81, 88, 51, 61, 99, 51, 100, 21, 56, 2, 0, 0, 3
0, 93, 44, 100, 100, 98, 68, 66, 38, 32, 21, 0, 6, 38, 61, 34, 7
70, 100, 17, 99, 0, 74, 53, 72, 78, 70, 100, 38, 84, 8, 32, 0, 9
34, 76, 59, 100, 66, 73, 37, 46, 0, 23, 19, 13, 61, 0, 100, 20, 2
84, 100, 54, 77, 58, 40, 48, 5, 0, 0, 12, 28, 60, 44, 100, 65, 8
0, 77, 35, 100, 47, 95, 44, 61, 38, 27, 0, 0, 36, 3, 100, 5, 1
52, 100, 14, 74, 14, 37, 0, 0, 11, 30, 57, 61, 100, 94, 41, 100, 8
36, 100, 0, 73, 1, 28, 41, 0, 89, 17, 100, 61, 74, 98, 21, 94, 0
30, 91, 51, 64, 61, 25, 6, 0, 0, 34, 49, 67, 100, 100, 43, 95, 8
0, 83, 47, 97, 100, 100, 96, 68, 72, 35, 56, 0, 52, 27, 86, 43, 7
47, 85, 12, 75, 0, 34, 26, 0, 74, 8, 100, 44, 92, 85, 47, 100, 0
10, 67, 42, 100, 43, 97, 45, 58, 48, 19, 0, 0, 42, 3, 100, 2, 1
0, 43, 32, 58, 67, 79, 100, 100, 89, 76, 76, 51, 63, 25, 59, 0, 1
40, 81, 77, 100, 100, 86, 78, 59, 97, 36, 93, 10, 47, 0, 0, 10, 3
0, 86, 47, 100, 91, 88, 56, 62, 58, 40, 100, 19, 59, 4, 8, 0, 3
0, 58, 40, 79, 83, 100, 100, 92, 87, 69, 73, 46, 63, 22, 80, 0, 1
21, 95, 58, 100, 68, 68, 48, 33, 23, 0, 0, 31, 42, 41, 100, 44, 7
0, 59, 9, 64, 57, 86, 100, 100, 72, 75, 47, 51, 21, 25, 6, 0, 1
32, 78, 59, 100, 91, 88, 68, 58, 100, 41, 94, 12, 43, 0, 0, 10, 3
92, 72, 72, 100, 34, 72, 76, 57, 100, 71, 96, 29, 56, 0, 0, 6, 9
24, 87, 0, 82, 30, 72, 59, 23, 4, 0, 4, 45, 36, 98, 100, 100, 5
22, 100, 65, 96, 82, 55, 65, 14, 38, 0, 0, 29, 48, 33, 100, 33, 7
0, 45, 42, 70, 66, 100, 60, 62, 47, 25, 1, 5, 43, 0, 100, 4, 1
16, 95, 100, 100, 22, 92, 2, 65, 24, 47, 96, 39, 75, 0, 0, 2, 5
43, 75, 62, 100, 91, 87, 77, 57, 100, 38, 87, 11, 42, 0, 0, 15, 3
31, 68, 46, 100, 81, 88, 63, 49, 29, 16, 0, 5, 50, 0, 100, 12, 2
0, 69, 32, 74, 70, 96, 100, 100, 91, 75, 81, 50, 70, 25, 64, 0, 1
26, 65, 56, 100, 58, 88, 46, 44, 15, 11, 0, 0, 50, 1, 100, 4, 1
63, 88, 87, 80, 71, 100, 71, 78, 100, 61, 99, 21, 52, 0, 0, 12, 9
100, 100, 64, 90, 33, 69, 10, 45, 0, 17, 30, 0, 50, 20, 13, 36, 6
8, 87, 0, 83, 38, 96, 95, 100, 100, 82, 81, 50, 68, 16, 62, 0, 7
17, 88, 3, 64, 6, 21, 60, 0, 100, 34, 100, 76, 48, 100, 0, 78, 0
2, 72, 33, 100, 58, 79, 34, 46, 3, 15, 0, 2, 53, 0, 100, 10, 2
6, 86, 49, 100, 100, 76, 61, 40, 20, 4, 41, 0, 74, 23, 0, 27, 7
26, 93, 63, 100, 77, 78, 56, 54, 100, 41, 98, 17, 52, 6, 0, 0, 3
100, 70, 49, 55, 15, 73, 53, 100, 93, 85, 80, 46, 48, 14, 0, 0, 9
41, 72, 7, 50, 0, 7, 46, 0, 82, 34, 100, 76, 59, 100, 15, 76, 0
36, 100, 24, 70, 0, 38, 49, 33, 95, 47, 87, 55, 96, 21, 100, 0, 4
51, 91, 86, 100, 70, 66, 43, 34, 8, 6, 0, 11, 49, 10, 100, 0, 2
39, 94, 100, 100, 99, 98, 36, 92, 50, 69, 93, 39, 61, 7, 0, 0, 5
30, 100, 90, 99, 81, 100, 32, 78, 52, 57, 100, 31, 58, 0, 0, 17, 5
0, 32, 34, 50, 63, 76, 94, 100, 100, 84, 86, 55, 73, 27, 70, 0, 1
32, 90, 0, 60, 2, 17, 51, 0, 95, 27, 100, 69, 66, 100, 25, 72, 0
59, 90, 16, 88, 0, 41, 25, 0, 77, 10, 100, 55, 82, 100, 35, 94, 0
0, 66, 1, 64, 26, 53, 63, 26, 12, 0, 12, 52, 33, 91, 100, 100, 5
100, 80, 54, 100, 42, 64, 92, 80, 96, 76, 94, 35, 62, 0, 0, 8, 9
41, 85, 77, 100, 92, 73, 66, 49, 100, 31, 78, 5, 37, 0, 0, 15, 3
100, 100, 67, 90, 39, 70, 14, 47, 0, 19, 22, 0, 37, 21, 3, 30, 6
0, 78, 23, 100, 77, 99, 100, 75, 70, 50, 30, 28, 29, 6, 84, 0, 2
0, 77, 36, 100, 94, 98, 100, 69, 58, 44, 14, 21, 29, 2, 90, 0, 2
0, 43, 35, 61, 70, 79, 100, 100, 86, 76, 70, 51, 55, 26, 49, 0, 1
0, 35, 39, 52, 71, 75, 100, 100, 82, 76, 59, 51, 36, 25, 9, 0, 1
87, 90, 38, 100, 0, 82, 46, 71, 100, 71, 73, 47, 38, 24, 27, 0, 9
42, 85, 85, 100, 100, 68, 76, 32, 45, 0, 50, 1, 38, 40, 0, 65, 8
46, 88, 24, 61, 19, 11, 63, 0, 100, 29, 86, 78, 45, 100, 0, 86, 0
100, 62, 47, 55, 0, 73, 21, 100, 73, 91, 79, 57, 55, 25, 16, 0, 9
0, 91, 28, 100, 73, 91, 55, 46, 40, 0, 28, 8, 44, 38, 100, 45, 7
100, 93, 78, 95, 29, 100, 0, 82, 33, 70, 73, 45, 61, 0, 18, 1, 5
9, 95, 3, 60, 65, 67, 66, 8, 11, 0, 0, 61, 32, 91, 100, 100, 5
29, 66, 53, 100, 92, 91, 81, 52, 50, 18, 0, 0, 42, 6, 100, 6, 2
32, 92, 21, 49, 32, 4, 79, 0, 100, 41, 81, 82, 33, 100, 0, 66, 0
45, 65, 76, 96, 2, 100, 0, 72, 82, 79, 100, 49, 79, 11, 3, 0, 9
48, 100, 24, 75, 5, 40, 2, 5, 59, 0, 100, 26, 43, 30, 0, 5, 6
0, 92, 44, 100, 88, 91, 82, 66, 55, 44, 26, 23, 51, 6, 100, 0, 2
62, 76, 0, 100, 22, 68, 90, 37, 100, 0, 13, 8, 13, 47, 68, 81, 8
17, 84, 64, 100, 97, 82, 66, 55, 60, 40, 100, 23, 60, 0, 0, 6, 3
14, 81, 0, 41, 34, 0, 87, 3, 100, 56, 70, 100, 20, 99, 7, 49, 0
81, 75, 62, 100, 0, 86, 16, 59, 78, 74, 100, 66, 92, 32, 69, 0, 9
0, 100, 3, 100, 52, 99, 100, 100, 73, 86, 50, 57, 32, 27, 34, 0, 7
36, 88, 100, 100, 83, 93, 25, 76, 39, 53, 97, 45, 60, 17, 0, 0, 5
0, 100, 75, 94, 72, 59, 56, 22, 45, 0, 8, 32, 20, 43, 100, 41, 7
86, 95, 39, 100, 51, 75, 69, 85, 84, 51, 100, 17, 59, 0, 0, 9, 9
0, 39, 28, 50, 55, 65, 81, 85, 100, 100, 82, 69, 67, 35, 56, 0, 1
0, 25, 52, 58, 76, 98, 15, 100, 54, 64, 100, 29, 49, 0, 9, 28, 8
0, 76, 22, 100, 64, 91, 54, 58, 24, 32, 2, 6, 51, 2, 100, 0, 2
0, 82, 38, 100, 67, 79, 59, 39, 41, 0, 34, 16, 58, 40, 100, 51, 7
0, 71, 34, 80, 88, 100, 100, 93, 78, 69, 66, 46, 53, 23, 41, 0, 1
0, 49, 16, 59, 52, 80, 90, 100, 100, 84, 82, 56, 64, 28, 50, 0, 1
31, 87, 0, 59, 9, 13, 51, 0, 91, 25, 100, 68, 64, 100, 21, 94, 0
72, 64, 54, 100, 24, 73, 54, 36, 45, 0, 0, 19, 41, 53, 100, 80, 8
16, 68, 0, 37, 28, 0, 80, 23, 100, 67, 69, 100, 16, 78, 3, 35, 0
0, 79, 26, 100, 55, 76, 37, 31, 16, 0, 11, 40, 55, 52, 100, 62, 7
0, 89, 34, 100, 61, 85, 52, 60, 66, 37, 100, 21, 86, 4, 44, 0, 3
85, 100, 19, 76, 100, 62, 47, 97, 26, 50, 0, 18, 81, 0, 48, 43, 8
72, 100, 22, 84, 0, 54, 5, 21, 50, 0, 100, 15, 75, 42, 21, 34, 6
34, 84, 42, 100, 19, 65, 0, 31, 56, 40, 100, 55, 87, 38, 85, 0, 4
31, 100, 32, 94, 1, 56, 0, 13, 53, 0, 100, 21, 56, 37, 5, 18, 6
26, 100, 85, 99, 89, 65, 59, 31, 37, 0, 0, 31, 23, 48, 100, 49, 7
55, 100, 22, 90, 0, 54, 12, 16, 58, 4, 100, 20, 56, 25, 18, 0, 6
4, 100, 18, 98, 0, 58, 43, 38, 100, 48, 97, 79, 80, 41, 77, 0, 4
100, 100, 55, 79, 19, 53, 0, 25, 26, 0, 89, 8, 75, 34, 7, 37, 6
54, 89, 100, 100, 71, 91, 42, 64, 63, 50, 83, 27, 49, 2, 0, 0, 5
25, 93, 0, 55, 22, 0, 76, 5, 100, 59, 61, 100, 15, 67, 11, 7, 0
55, 95, 0, 100, 26, 67, 64, 33, 50, 0, 16, 29, 47, 63, 100, 90, 8
48, 98, 16, 69, 0, 32, 29, 0, 84, 22, 100, 60, 86, 98, 24, 100, 0
18, 88, 47, 100, 47, 71, 21, 47, 0, 21, 22, 1, 61, 0, 100, 3, 2
40, 80, 61, 100, 77, 76, 65, 54, 100, 40, 86, 13, 46, 0, 0, 1, 3
23, 100, 3, 93, 0, 61, 59, 43, 100, 57, 76, 61, 41, 32, 20, 0, 4
0, 55, 35, 67, 71, 82, 100, 100, 91, 76, 81, 50, 68, 24, 56, 0, 1
100, 98, 54, 100, 13, 83, 11, 49, 53, 55, 73, 27, 46, 0, 0, 5, 5
2, 73, 26, 98, 100, 100, 98, 76, 43, 55, 64, 39, 64, 15, 0, 0, 3
55, 88, 83, 100, 71, 70, 89, 68, 100, 31, 74, 1, 33, 0, 0, 24, 3
87, 100, 36, 71, 85, 35, 52, 0, 0, 13, 51, 49, 100, 85, 44, 97, 8
45, 84, 73, 100, 100, 98, 82, 72, 69, 43, 61, 14, 31, 0, 0, 2, 3
5, 85, 44, 100, 72, 71, 52, 33, 21, 0, 0, 34, 50, 41, 100, 45, 7
100, 100, 54, 83, 23, 56, 5, 24, 32, 0, 77, 11, 46, 34, 0, 28, 6
10, 77, 54, 100, 100, 78, 75, 37, 36, 2, 0, 0, 21, 26, 89, 30, 7
0, 96, 47, 100, 71, 70, 67, 35, 58, 0, 100, 1, 74, 17, 19, 18, 7
83, 61, 96, 97, 50, 100, 54, 66, 100, 62, 92, 21, 49, 0, 0, 3, 9
6, 78, 0, 37, 19, 0, 76, 3, 100, 40, 99, 80, 51, 100, 7, 73, 0
60, 100, 0, 73, 11, 49, 100, 53, 88, 76, 64, 83, 59, 41, 58, 0, 4
43, 95, 20, 65, 45, 25, 9, 0, 0, 27, 20, 71, 55, 91, 100, 100, 5
28, 74, 68, 100, 97, 87, 61, 57, 100, 38, 96, 8, 44, 0, 0, 13, 3
0, 82, 9, 59, 56, 34, 41, 0, 10, 30, 3, 67, 42, 96, 100, 100, 5
4, 64, 27, 100, 31, 83, 26, 39, 0, 8, 5, 3, 52, 2, 100, 0, 1
32, 100, 19, 78, 0, 48, 49, 35, 100, 47, 98, 60, 75, 30, 59, 0, 4
0, 94, 35, 100, 60, 71, 55, 29, 49, 0, 29, 39, 50, 57, 100, 57, 7
2, 90, 60, 100, 100, 72, 72, 36, 40, 0, 88, 12, 79, 29, 0, 31, 7
14, 91, 38, 75, 69, 39, 35, 0, 0, 18, 8, 66, 35, 100, 100, 96, 5
100, 100, 76, 79, 49, 58, 29, 34, 20, 10, 58, 0, 49, 17, 0, 5, 6
58, 100, 49, 99, 23, 74, 0, 51, 55, 46, 100, 46, 82, 26, 62, 0, 4
100, 67, 70, 100, 24, 88, 0, 46, 9, 0, 57, 2, 92, 34, 91, 75, 0
59, 100, 0, 78, 33, 53, 100, 56, 67, 89, 46, 73, 37, 36, 29, 0, 4
26, 94, 67, 100, 100, 89, 66, 68, 92, 39, 84, 14, 41, 7, 0, 0, 3
100, 81, 60, 100, 33, 68, 82, 62, 94, 80, 87, 36, 52, 0, 0, 2, 9
0, 87, 52, 100, 96, 82, 45, 58, 39, 42, 100, 28, 73, 4, 8, 0, 3
0, 95, 39, 100, 58, 70, 45, 30, 35, 0, 18, 38, 58, 47, 100, 49, 7
58, 100, 15, 81, 0, 34, 32, 0, 81, 6, 100, 49, 77, 92, 29, 94, 0
23, 97, 0, 52, 11, 4, 61, 0, 100, 36, 99, 84, 50, 100, 5, 77, 0
0, 81, 39, 97, 96, 100, 91, 78, 95, 52, 100, 25, 54, 9, 0, 0, 3
100, 100, 68, 89, 50, 67, 32, 46, 23, 23, 25, 0, 48, 2, 0, 2, 6
37, 90, 19, 57, 66, 43, 40, 5, 0, 0, 21, 50, 52, 90, 100, 100, 5
31, 100, 1, 70, 0, 29, 35, 0, 82, 23, 100, 62, 85, 99, 31, 93, 0
0, 72, 29, 100, 71, 82, 74, 43, 57, 5, 23, 0, 45, 28, 100, 35, 7
59, 94, 8, 100, 17, 65, 90, 36, 76, 0, 0, 10, 48, 46, 100, 83, 8
100, 100, 66, 80, 35, 60, 11, 39, 0, 17, 29, 0, 74, 16, 35, 20, 6
0, 33, 35, 52, 67, 75, 97, 100, 100, 90, 83, 61, 68, 31, 56, 0, 1
7, 70, 36, 100, 55, 98, 48, 61, 44, 24, 0, 0, 35, 6, 100, 5, 1
24, 92, 81, 100, 26, 79, 19, 54, 83, 66, 100, 34, 62, 4, 0, 0, 5
0, 67, 42, 98, 63, 100, 53, 63, 48, 27, 10, 1, 15, 0, 100, 0, 1
0, 74, 16, 80, 57, 96, 100, 100, 86, 75, 66, 50, 47, 25, 39, 0, 1
17, 92, 50, 100, 63, 68, 46, 34, 21, 0, 0, 22, 40, 35, 100, 40, 7
38, 100, 12, 86, 0, 69, 6, 51, 35, 40, 68, 31, 91, 17, 100, 0, 4
100, 100, 29, 98, 39, 65, 88, 34, 81, 1, 0, 0, 27, 34, 84, 62, 8
16, 89, 13, 41, 65, 35, 26, 0, 0, 29, 2, 83, 53, 100, 100, 96, 5
73, 100, 26, 72, 0, 43, 84, 37, 100, 56, 76, 65, 65, 33, 66, 0, 4
15, 100, 1, 82, 0, 63, 18, 47, 45, 37, 75, 31, 99, 18, 100, 0, 4
82, 100, 49, 65, 0, 36, 10, 27, 85, 24, 100, 45, 88, 27, 91, 0, 4
0, 74, 32, 100, 72, 88, 49, 56, 7, 34, 0, 21, 49, 11, 100, 0, 2
36, 100, 22, 80, 0, 50, 49, 39, 100, 54, 75, 62, 58, 31, 59, 0, 4
