@relation penbased-4
@attribute At1 integer [0, 100]
@attribute At2 integer [0, 100]
@attribute At3 integer [0, 100]
@attribute At4 integer [0, 100]
@attribute At5 integer [0, 100]
@attribute At6 integer [0, 100]
@attribute At7 integer [0, 100]
@attribute At8 integer [0, 100]
@attribute At9 integer [0, 100]
@attribute At10 integer [0, 100]
@attribute At11 integer [0, 100]
@attribute At12 integer [0, 100]
@attribute At13 integer [0, 100]
@attribute At14 integer [0, 100]
@attribute At15 integer [0, 100]
@attribute At16 integer [0, 100]
@attribute Class {0, 1, 2, 3, 4, 5, 6, 7, 8, 9}
@inputs At1, At2, At3, At4, At5, At6, At7, At8, At9, At10, At11, At12, At13, At14, At15, At16
@outputs Class
@data
100, 100, 88, 99, 49, 74, 17, 47, 0, 16, 37, 0, 73, 16, 20, 20, 6
74, 87, 31, 100, 0, 69, 62, 64, 100, 79, 100, 38, 84, 0, 18, 1, 9
0, 85, 38, 100, 81, 88, 87, 50, 84, 12, 58, 0, 53, 22, 100, 24, 7
10, 86, 34, 66, 68, 34, 34, 0, 4, 26, 0, 69, 34, 95, 100, 100, 5
54, 100, 34, 75, 6, 43, 0, 11, 70, 0, 100, 28, 44, 46, 36, 21, 6
37, 91, 84, 100, 100, 96, 52, 87, 32, 57, 74, 38, 41, 1, 0, 0, 5
0, 97, 42, 100, 67, 71, 53, 35, 34, 0, 16, 23, 40, 42, 100, 42, 7
26, 79, 69, 100, 92, 85, 56, 56, 90, 42, 100, 15, 51, 0, 0, 2, 3
47, 93, 1, 67, 0, 16, 53, 0, 100, 32, 95, 81, 42, 100, 7, 62, 0
40, 72, 16, 50, 96, 69, 70, 100, 0, 73, 65, 57, 100, 47, 94, 0, 9
33, 58, 19, 90, 78, 100, 91, 62, 51, 28, 0, 2, 37, 1, 100, 0, 2
38, 94, 90, 100, 94, 79, 59, 57, 68, 33, 100, 12, 54, 0, 0, 1, 3
27, 100, 0, 58, 12, 5, 62, 0, 100, 39, 97, 91, 48, 97, 18, 53, 0
13, 68, 15, 30, 42, 0, 86, 19, 100, 56, 84, 90, 33, 100, 0, 73, 0
96, 100, 52, 95, 48, 76, 96, 98, 100, 85, 71, 54, 39, 25, 0, 0, 9
14, 94, 4, 63, 43, 36, 36, 0, 10, 27, 0, 72, 47, 92, 100, 100, 5
40, 79, 61, 100, 78, 72, 46, 41, 0, 16, 1, 5, 61, 1, 100, 0, 2
88, 80, 12, 80, 100, 100, 100, 91, 65, 68, 29, 46, 6, 23, 0, 0, 1
14, 100, 1, 54, 51, 47, 36, 0, 0, 14, 6, 71, 42, 93, 100, 97, 5
0, 65, 43, 76, 93, 96, 100, 100, 71, 75, 48, 50, 26, 25, 5, 0, 1
24, 100, 14, 55, 72, 52, 54, 0, 8, 2, 0, 58, 35, 95, 100, 99, 5
31, 95, 5, 61, 0, 23, 32, 0, 77, 18, 100, 51, 82, 85, 37, 100, 0
100, 100, 68, 96, 38, 70, 14, 44, 0, 14, 36, 0, 51, 23, 3, 28, 6
0, 96, 45, 100, 100, 99, 79, 83, 60, 63, 45, 42, 36, 21, 33, 0, 7
39, 80, 21, 60, 35, 19, 12, 0, 0, 31, 16, 72, 51, 98, 100, 100, 5
0, 48, 30, 67, 65, 85, 100, 100, 84, 75, 65, 51, 47, 25, 34, 0, 1
0, 82, 40, 100, 80, 80, 43, 53, 54, 45, 100, 25, 63, 0, 3, 4, 3
86, 100, 0, 95, 32, 56, 100, 22, 30, 0, 5, 36, 80, 68, 52, 99, 8
62, 45, 95, 75, 69, 100, 4, 86, 0, 59, 74, 57, 100, 32, 94, 0, 9
56, 83, 28, 61, 90, 23, 24, 0, 22, 40, 100, 72, 72, 100, 0, 72, 8
74, 100, 30, 76, 0, 50, 55, 49, 100, 72, 77, 56, 52, 28, 35, 0, 4
5, 79, 19, 100, 25, 66, 14, 32, 0, 3, 34, 0, 66, 5, 100, 7, 2
86, 79, 47, 100, 18, 62, 65, 27, 66, 0, 0, 3, 46, 39, 100, 71, 8
0, 69, 10, 54, 67, 37, 47, 0, 14, 13, 17, 54, 34, 92, 100, 100, 5
25, 76, 45, 100, 77, 66, 57, 25, 9, 3, 0, 7, 53, 6, 100, 0, 2
17, 96, 0, 45, 26, 0, 73, 1, 100, 48, 88, 100, 44, 99, 23, 52, 0
23, 83, 0, 48, 10, 9, 53, 0, 91, 23, 100, 63, 75, 97, 31, 100, 0
84, 100, 37, 82, 7, 55, 0, 25, 35, 0, 100, 7, 85, 30, 23, 19, 6
9, 100, 0, 72, 7, 44, 62, 28, 100, 45, 86, 55, 68, 27, 55, 0, 4
29, 74, 97, 77, 100, 100, 0, 84, 2, 59, 100, 71, 44, 35, 7, 0, 9
7, 89, 0, 45, 16, 5, 51, 0, 84, 20, 100, 61, 84, 100, 50, 98, 0
0, 84, 25, 100, 58, 74, 51, 37, 38, 0, 15, 20, 43, 33, 100, 32, 7
0, 100, 17, 94, 8, 64, 24, 37, 70, 41, 100, 57, 87, 28, 100, 0, 4
100, 69, 78, 100, 37, 85, 83, 77, 91, 52, 97, 15, 51, 0, 0, 0, 9
35, 44, 41, 2, 81, 14, 100, 60, 81, 100, 40, 85, 9, 49, 0, 0, 0
45, 82, 39, 100, 82, 99, 64, 43, 25, 5, 0, 0, 50, 4, 100, 0, 2
100, 100, 66, 94, 38, 70, 15, 45, 0, 18, 26, 0, 55, 16, 11, 24, 6
0, 87, 9, 47, 80, 54, 80, 7, 24, 0, 2, 50, 25, 91, 100, 100, 5
0, 89, 54, 100, 100, 80, 82, 37, 48, 0, 11, 5, 19, 32, 76, 38, 7
14, 86, 0, 58, 58, 63, 77, 21, 27, 0, 14, 55, 36, 93, 100, 100, 5
0, 62, 21, 100, 27, 80, 26, 35, 4, 4, 12, 0, 55, 2, 100, 5, 1
52, 96, 84, 100, 100, 79, 73, 58, 84, 35, 90, 11, 47, 0, 0, 5, 3
65, 100, 20, 85, 0, 52, 59, 42, 100, 64, 79, 62, 38, 32, 7, 0, 4
50, 89, 52, 100, 0, 67, 23, 45, 96, 48, 100, 76, 60, 39, 38, 0, 4
57, 68, 52, 100, 4, 71, 48, 37, 63, 0, 0, 13, 27, 49, 100, 78, 8
29, 89, 84, 100, 80, 73, 36, 50, 94, 38, 100, 9, 41, 0, 0, 17, 3
0, 66, 37, 73, 73, 90, 100, 100, 98, 74, 96, 48, 90, 22, 87, 0, 1
31, 100, 0, 62, 37, 38, 100, 43, 88, 80, 66, 85, 62, 42, 51, 0, 4
100, 100, 61, 87, 70, 65, 93, 92, 89, 64, 74, 28, 41, 6, 0, 0, 9
0, 69, 29, 100, 77, 97, 39, 64, 61, 38, 100, 10, 47, 0, 2, 15, 3
22, 98, 71, 100, 100, 80, 59, 61, 99, 39, 95, 10, 47, 0, 0, 10, 3
42, 49, 34, 94, 81, 100, 85, 53, 48, 16, 0, 0, 45, 3, 100, 3, 2
10, 89, 30, 100, 49, 73, 29, 42, 0, 16, 20, 19, 64, 20, 100, 0, 2
0, 83, 32, 100, 75, 89, 39, 69, 49, 49, 100, 35, 70, 15, 21, 0, 3
0, 99, 71, 100, 100, 77, 72, 48, 53, 18, 40, 0, 0, 27, 66, 33, 7
30, 76, 53, 100, 82, 74, 66, 39, 31, 12, 0, 3, 50, 3, 100, 0, 2
0, 34, 25, 52, 62, 76, 100, 100, 81, 79, 57, 53, 37, 27, 25, 0, 1
73, 96, 50, 70, 38, 24, 0, 0, 29, 41, 70, 77, 100, 100, 46, 78, 8
33, 69, 57, 100, 87, 75, 66, 39, 24, 15, 0, 15, 51, 14, 100, 0, 2
46, 94, 13, 69, 0, 28, 32, 0, 77, 7, 100, 44, 85, 83, 43, 100, 0
100, 100, 56, 81, 33, 51, 26, 18, 63, 0, 93, 25, 47, 38, 0, 20, 6
75, 86, 100, 100, 95, 78, 65, 57, 90, 36, 81, 10, 42, 0, 0, 0, 3
91, 98, 48, 100, 12, 60, 0, 15, 55, 0, 100, 27, 39, 38, 5, 5, 6
28, 6, 64, 48, 100, 91, 53, 100, 22, 59, 80, 31, 66, 0, 0, 2, 8
38, 96, 6, 60, 0, 19, 47, 0, 99, 25, 100, 65, 71, 100, 17, 85, 0
54, 92, 5, 69, 51, 52, 50, 3, 0, 0, 12, 43, 45, 86, 100, 100, 5
43, 82, 85, 44, 100, 3, 17, 0, 0, 34, 62, 64, 90, 100, 7, 95, 8
0, 61, 33, 71, 66, 86, 100, 100, 94, 77, 79, 52, 66, 26, 62, 0, 1
53, 91, 100, 100, 86, 100, 28, 86, 58, 64, 98, 32, 60, 0, 0, 1, 5
32, 94, 23, 68, 60, 34, 33, 0, 0, 26, 17, 69, 41, 98, 100, 100, 5
7, 94, 17, 51, 94, 47, 66, 0, 9, 3, 0, 56, 18, 97, 100, 100, 5
38, 100, 14, 74, 0, 46, 39, 35, 93, 35, 100, 53, 86, 27, 70, 0, 4
0, 94, 50, 100, 94, 100, 73, 58, 60, 14, 43, 0, 50, 27, 100, 19, 7
100, 89, 52, 100, 25, 71, 45, 34, 38, 0, 0, 17, 34, 47, 76, 71, 8
0, 77, 33, 100, 55, 71, 45, 35, 14, 8, 9, 19, 56, 17, 100, 0, 2
0, 51, 24, 64, 66, 85, 100, 100, 72, 75, 47, 51, 26, 25, 11, 0, 1
81, 97, 2, 90, 0, 61, 81, 72, 100, 100, 81, 67, 69, 33, 59, 0, 9
32, 52, 22, 0, 100, 2, 78, 63, 35, 37, 14, 100, 71, 92, 0, 73, 8
0, 51, 10, 59, 57, 79, 100, 100, 92, 78, 70, 52, 52, 25, 32, 0, 1
54, 96, 60, 67, 87, 34, 48, 0, 14, 26, 0, 72, 40, 100, 100, 99, 5
9, 100, 18, 82, 0, 49, 10, 24, 71, 26, 100, 51, 92, 31, 90, 0, 4
0, 99, 91, 100, 79, 69, 60, 35, 50, 0, 17, 3, 9, 28, 100, 37, 7
55, 89, 52, 100, 0, 71, 16, 53, 100, 60, 100, 65, 57, 33, 27, 0, 4
75, 100, 30, 73, 0, 44, 62, 44, 100, 51, 70, 78, 55, 38, 38, 0, 4
0, 79, 65, 71, 100, 100, 27, 90, 3, 62, 78, 68, 70, 41, 35, 0, 9
19, 100, 0, 52, 75, 73, 100, 28, 27, 0, 3, 46, 1, 94, 92, 99, 5
100, 100, 57, 84, 24, 58, 0, 27, 18, 0, 69, 10, 57, 38, 4, 42, 6
47, 74, 68, 100, 100, 88, 74, 60, 62, 34, 96, 18, 52, 0, 0, 4, 3
34, 100, 32, 100, 8, 64, 0, 27, 41, 0, 100, 10, 76, 42, 19, 60, 6
82, 100, 51, 89, 0, 62, 23, 43, 100, 43, 99, 66, 70, 33, 47, 0, 4
41, 91, 100, 100, 99, 99, 45, 86, 40, 57, 89, 39, 57, 9, 0, 0, 5
40, 100, 7, 84, 72, 47, 100, 5, 22, 0, 52, 45, 84, 90, 0, 94, 8
81, 82, 0, 95, 19, 62, 84, 29, 45, 0, 24, 33, 83, 68, 100, 100, 8
60, 100, 40, 81, 0, 54, 2, 43, 60, 34, 100, 57, 82, 36, 71, 0, 4
12, 63, 37, 100, 61, 76, 37, 36, 5, 1, 0, 1, 49, 3, 100, 0, 2
59, 99, 16, 72, 89, 38, 91, 0, 28, 18, 73, 58, 100, 100, 0, 95, 8
0, 100, 14, 96, 75, 97, 100, 89, 61, 71, 40, 48, 36, 23, 47, 0, 7
0, 82, 38, 100, 74, 76, 49, 36, 15, 0, 6, 11, 35, 38, 100, 43, 7
100, 100, 62, 81, 35, 58, 18, 33, 31, 7, 76, 0, 49, 18, 0, 17, 6
60, 59, 98, 26, 48, 0, 25, 19, 77, 49, 100, 85, 43, 100, 0, 70, 8
5, 77, 0, 64, 21, 5, 71, 0, 100, 49, 67, 100, 19, 93, 13, 28, 0
61, 74, 78, 100, 100, 79, 73, 52, 87, 40, 87, 12, 41, 0, 0, 14, 3
20, 80, 61, 100, 68, 73, 38, 44, 0, 20, 16, 19, 58, 0, 100, 15, 2
39, 73, 76, 100, 22, 79, 50, 43, 69, 6, 0, 0, 26, 30, 100, 52, 8
0, 100, 73, 100, 100, 88, 71, 50, 60, 10, 46, 0, 20, 35, 97, 38, 7
100, 100, 56, 83, 22, 57, 0, 29, 11, 0, 68, 0, 62, 24, 6, 11, 6
0, 67, 35, 98, 88, 100, 64, 65, 49, 39, 100, 22, 63, 0, 8, 1, 3
30, 49, 24, 9, 60, 0, 90, 31, 100, 71, 75, 100, 32, 90, 0, 63, 0
30, 83, 60, 100, 100, 86, 67, 60, 94, 43, 75, 14, 27, 0, 0, 16, 3
56, 92, 15, 68, 0, 24, 39, 0, 86, 16, 100, 60, 76, 100, 30, 93, 0
78, 100, 36, 78, 6, 40, 13, 0, 71, 1, 100, 35, 43, 28, 0, 3, 6
63, 66, 58, 100, 11, 76, 36, 38, 63, 0, 0, 3, 36, 36, 100, 62, 8
17, 100, 36, 93, 0, 59, 50, 48, 98, 63, 100, 63, 84, 25, 76, 0, 4
33, 94, 60, 64, 99, 100, 38, 99, 79, 85, 100, 55, 73, 11, 0, 0, 9
0, 56, 34, 77, 69, 100, 100, 95, 84, 72, 62, 47, 41, 24, 25, 0, 1
0, 66, 38, 82, 80, 100, 100, 98, 80, 73, 58, 48, 38, 22, 29, 0, 1
86, 100, 41, 79, 10, 50, 0, 18, 45, 0, 100, 11, 78, 36, 22, 29, 6
19, 87, 61, 100, 96, 77, 72, 50, 64, 39, 100, 15, 51, 0, 0, 14, 3
0, 43, 19, 64, 56, 82, 93, 100, 100, 86, 75, 58, 49, 30, 31, 0, 1
0, 75, 32, 100, 80, 99, 66, 69, 68, 44, 100, 20, 60, 0, 6, 1, 3
83, 100, 36, 82, 11, 61, 0, 39, 78, 35, 100, 41, 67, 21, 53, 0, 4
94, 95, 44, 100, 12, 77, 29, 53, 80, 45, 100, 11, 52, 0, 0, 8, 5
0, 80, 32, 100, 64, 76, 58, 36, 46, 0, 11, 30, 47, 39, 100, 41, 7
0, 92, 50, 96, 100, 100, 79, 70, 54, 36, 36, 0, 29, 26, 79, 31, 7
0, 63, 61, 38, 67, 0, 20, 14, 56, 50, 100, 85, 50, 100, 2, 71, 8
25, 100, 29, 78, 14, 49, 0, 20, 56, 19, 90, 39, 90, 24, 100, 0, 4
17, 100, 0, 56, 12, 10, 63, 0, 100, 36, 100, 81, 51, 100, 1, 79, 0
70, 100, 35, 59, 96, 65, 56, 93, 67, 71, 100, 53, 66, 3, 0, 0, 9
25, 100, 0, 63, 8, 30, 82, 39, 100, 70, 79, 90, 89, 44, 100, 0, 4
27, 82, 3, 47, 13, 6, 67, 0, 100, 34, 96, 76, 51, 100, 0, 82, 0
100, 90, 78, 100, 31, 88, 22, 57, 61, 52, 83, 28, 51, 4, 0, 0, 5
87, 93, 59, 100, 21, 86, 6, 53, 69, 56, 100, 31, 59, 4, 0, 0, 5
100, 100, 44, 84, 17, 56, 8, 27, 34, 0, 84, 17, 53, 35, 0, 15, 6
25, 86, 19, 83, 0, 41, 14, 0, 71, 16, 100, 55, 78, 95, 12, 100, 0
52, 92, 91, 100, 100, 74, 77, 48, 41, 27, 0, 9, 35, 1, 89, 0, 2
61, 100, 33, 86, 0, 58, 55, 44, 100, 66, 89, 63, 61, 32, 34, 0, 4
33, 61, 41, 100, 41, 95, 39, 55, 37, 16, 0, 0, 50, 3, 100, 8, 1
58, 62, 8, 46, 12, 0, 67, 15, 100, 56, 90, 100, 34, 81, 0, 41, 0
0, 62, 30, 90, 70, 100, 57, 61, 48, 22, 7, 0, 36, 2, 100, 3, 1
65, 84, 40, 100, 7, 68, 0, 31, 34, 0, 100, 8, 64, 24, 11, 3, 6
49, 85, 84, 100, 89, 81, 48, 61, 90, 49, 100, 30, 51, 14, 0, 0, 3
4, 84, 50, 100, 57, 79, 39, 52, 90, 41, 100, 15, 52, 0, 0, 5, 3
93, 100, 58, 79, 28, 50, 8, 18, 47, 0, 100, 14, 58, 25, 0, 19, 6
100, 100, 66, 95, 27, 65, 0, 29, 25, 0, 77, 12, 70, 43, 16, 44, 6
0, 64, 21, 100, 27, 86, 24, 43, 8, 4, 6, 0, 53, 2, 100, 6, 1
11, 82, 6, 41, 28, 0, 78, 7, 100, 48, 80, 90, 32, 100, 0, 65, 0
40, 90, 87, 100, 81, 93, 39, 71, 70, 46, 100, 23, 52, 6, 0, 0, 5
37, 78, 79, 100, 89, 68, 60, 36, 16, 13, 0, 22, 56, 22, 100, 0, 2
59, 63, 97, 88, 100, 100, 89, 66, 78, 30, 55, 0, 0, 3, 80, 2, 1
30, 85, 20, 66, 74, 38, 46, 0, 0, 17, 0, 65, 31, 100, 100, 98, 5
80, 78, 32, 100, 16, 68, 81, 71, 100, 71, 100, 35, 68, 4, 0, 0, 9
32, 86, 0, 61, 10, 4, 57, 0, 100, 30, 97, 87, 50, 100, 4, 87, 0
36, 53, 100, 82, 55, 100, 2, 69, 36, 34, 74, 0, 0, 14, 62, 44, 8
23, 96, 27, 54, 64, 35, 33, 0, 12, 42, 0, 93, 50, 96, 100, 100, 5
0, 68, 34, 100, 74, 88, 56, 40, 17, 10, 10, 23, 55, 12, 100, 0, 2
17, 65, 71, 80, 100, 100, 81, 74, 74, 47, 69, 20, 31, 0, 0, 2, 1
46, 90, 14, 79, 9, 19, 61, 0, 100, 47, 76, 100, 18, 85, 0, 28, 0
100, 100, 64, 79, 27, 59, 0, 38, 71, 45, 98, 41, 60, 21, 44, 0, 4
3, 85, 38, 100, 59, 78, 45, 48, 22, 21, 0, 0, 52, 0, 100, 1, 2
59, 94, 20, 66, 58, 46, 50, 2, 0, 0, 21, 49, 49, 96, 100, 100, 5
9, 68, 29, 100, 65, 91, 45, 58, 13, 31, 0, 6, 51, 6, 100, 0, 2
28, 87, 1, 56, 76, 75, 67, 28, 1, 0, 0, 46, 18, 94, 100, 100, 5
73, 100, 31, 79, 4, 48, 0, 15, 49, 0, 100, 14, 66, 33, 10, 28, 6
7, 90, 57, 100, 86, 81, 46, 62, 92, 45, 100, 18, 58, 0, 0, 0, 3
39, 76, 68, 100, 49, 61, 40, 21, 19, 0, 0, 4, 50, 6, 100, 5, 1
0, 91, 32, 100, 65, 97, 92, 76, 100, 38, 95, 0, 68, 25, 91, 35, 7
46, 83, 41, 52, 38, 15, 0, 0, 18, 32, 36, 65, 59, 87, 100, 100, 5
48, 99, 8, 92, 50, 73, 63, 100, 100, 67, 99, 23, 53, 0, 0, 3, 9
56, 100, 9, 63, 0, 45, 76, 50, 100, 73, 59, 97, 35, 48, 10, 0, 4
81, 100, 33, 88, 0, 50, 11, 9, 77, 6, 100, 42, 37, 33, 10, 0, 6
49, 97, 56, 77, 68, 100, 40, 82, 78, 55, 100, 23, 52, 5, 0, 0, 9
100, 100, 61, 90, 71, 68, 95, 88, 94, 54, 79, 22, 41, 0, 0, 13, 9
29, 100, 11, 85, 0, 65, 3, 45, 46, 39, 83, 39, 84, 19, 100, 0, 4
18, 86, 0, 62, 22, 9, 71, 0, 100, 49, 78, 100, 29, 94, 17, 41, 0
32, 92, 12, 66, 42, 29, 18, 0, 0, 24, 17, 78, 56, 100, 100, 97, 5
100, 100, 68, 95, 26, 98, 27, 55, 70, 53, 73, 15, 35, 0, 0, 16, 5
59, 100, 24, 68, 24, 19, 69, 0, 100, 42, 74, 85, 21, 63, 0, 19, 0
0, 82, 23, 98, 65, 100, 75, 72, 53, 43, 28, 16, 58, 2, 100, 0, 2
16, 67, 30, 100, 76, 97, 71, 57, 41, 23, 0, 0, 50, 3, 100, 1, 2
39, 83, 17, 65, 37, 26, 17, 0, 0, 36, 44, 70, 100, 100, 32, 93, 8
84, 76, 76, 100, 19, 88, 55, 83, 100, 82, 73, 53, 38, 26, 0, 0, 9
100, 100, 54, 88, 22, 64, 0, 35, 6, 7, 57, 0, 65, 21, 14, 21, 6
92, 100, 57, 80, 21, 53, 0, 22, 37, 0, 100, 14, 76, 37, 7, 32, 6
92, 100, 49, 88, 8, 59, 56, 45, 100, 69, 82, 56, 39, 29, 0, 0, 4
5, 39, 0, 61, 55, 84, 100, 100, 73, 75, 55, 50, 45, 25, 59, 0, 1
80, 89, 54, 100, 40, 68, 81, 78, 100, 46, 92, 10, 46, 0, 0, 6, 9
1, 92, 0, 49, 26, 0, 80, 1, 100, 51, 74, 100, 24, 83, 27, 29, 0
40, 83, 71, 100, 99, 79, 66, 54, 84, 44, 100, 18, 56, 0, 0, 3, 3
0, 58, 39, 38, 56, 5, 27, 0, 6, 35, 18, 64, 59, 83, 100, 100, 5
20, 84, 58, 100, 59, 74, 53, 53, 100, 42, 98, 15, 53, 0, 0, 1, 3
1, 72, 39, 100, 90, 92, 50, 64, 52, 53, 100, 35, 60, 8, 0, 0, 3
32, 89, 0, 68, 16, 24, 57, 0, 97, 27, 100, 72, 61, 99, 10, 100, 0
0, 44, 36, 58, 70, 79, 100, 100, 82, 74, 69, 47, 59, 20, 54, 0, 1
7, 66, 74, 94, 100, 100, 89, 58, 83, 16, 15, 0, 0, 3, 94, 4, 1
23, 72, 0, 35, 16, 0, 69, 8, 100, 40, 93, 78, 49, 100, 14, 75, 0
75, 72, 25, 76, 0, 37, 16, 0, 70, 23, 100, 61, 88, 100, 31, 83, 0
100, 100, 53, 92, 20, 64, 11, 29, 38, 0, 85, 8, 55, 32, 0, 29, 6
5, 100, 31, 93, 0, 63, 52, 50, 100, 72, 62, 61, 31, 31, 1, 0, 4
25, 85, 48, 100, 100, 97, 92, 76, 65, 57, 70, 33, 44, 13, 0, 0, 3
100, 87, 37, 100, 0, 74, 90, 82, 90, 92, 67, 61, 43, 30, 49, 0, 9
30, 63, 61, 100, 100, 82, 76, 39, 42, 0, 74, 9, 53, 49, 0, 63, 8
42, 96, 10, 64, 0, 22, 44, 0, 92, 23, 100, 65, 64, 99, 8, 100, 0
40, 85, 92, 100, 100, 98, 45, 85, 79, 65, 99, 33, 55, 7, 0, 0, 5
0, 89, 34, 100, 57, 72, 51, 34, 44, 0, 12, 28, 55, 36, 100, 37, 7
27, 94, 1, 63, 56, 67, 64, 19, 0, 0, 0, 55, 21, 100, 100, 100, 5
0, 20, 47, 42, 78, 70, 100, 100, 88, 86, 66, 56, 40, 27, 7, 0, 1
98, 70, 66, 100, 0, 78, 40, 51, 90, 81, 98, 48, 100, 9, 28, 0, 9
63, 99, 25, 77, 0, 35, 22, 0, 73, 17, 100, 58, 79, 100, 33, 91, 0
10, 55, 33, 86, 95, 100, 88, 70, 48, 43, 0, 18, 28, 0, 100, 2, 2
97, 100, 65, 82, 33, 53, 15, 20, 54, 0, 100, 19, 58, 39, 0, 35, 6
35, 90, 24, 61, 100, 100, 12, 84, 0, 29, 49, 0, 96, 57, 7, 28, 8
100, 89, 60, 100, 53, 63, 92, 81, 100, 54, 92, 11, 44, 0, 0, 13, 9
10, 60, 31, 100, 61, 82, 37, 36, 2, 0, 0, 0, 50, 2, 100, 3, 2
100, 100, 62, 89, 28, 64, 1, 34, 0, 0, 43, 2, 45, 32, 5, 23, 6
100, 100, 96, 97, 93, 80, 82, 63, 71, 46, 46, 30, 25, 14, 0, 0, 1
57, 56, 37, 92, 88, 100, 94, 63, 51, 34, 0, 12, 41, 4, 100, 0, 2
0, 52, 38, 60, 72, 78, 100, 100, 96, 81, 84, 54, 74, 27, 73, 0, 1
22, 79, 30, 53, 54, 24, 32, 0, 13, 42, 0, 86, 49, 96, 100, 100, 5
83, 85, 17, 98, 37, 57, 94, 19, 38, 0, 0, 38, 65, 71, 100, 100, 8
0, 78, 54, 100, 100, 81, 78, 43, 49, 8, 35, 0, 32, 38, 95, 49, 7
0, 86, 27, 100, 46, 77, 43, 45, 31, 16, 34, 0, 66, 1, 100, 2, 2
53, 100, 30, 67, 59, 35, 24, 0, 6, 30, 0, 75, 41, 99, 100, 98, 5
5, 64, 30, 83, 100, 100, 75, 80, 50, 60, 25, 40, 0, 20, 5, 0, 1
100, 100, 21, 86, 64, 41, 71, 0, 13, 23, 73, 66, 74, 100, 0, 70, 8
12, 96, 75, 100, 100, 69, 74, 35, 47, 0, 23, 13, 0, 43, 98, 44, 7
34, 100, 90, 97, 100, 73, 64, 45, 34, 15, 15, 0, 0, 32, 57, 30, 7
18, 100, 16, 90, 0, 63, 28, 44, 88, 52, 100, 53, 89, 27, 88, 0, 4
100, 91, 41, 100, 0, 74, 48, 57, 93, 81, 88, 65, 74, 32, 57, 0, 9
1, 92, 0, 63, 36, 33, 14, 0, 3, 37, 5, 81, 50, 96, 100, 100, 5
0, 82, 36, 100, 77, 84, 78, 43, 73, 3, 50, 0, 48, 26, 100, 32, 7
55, 77, 45, 66, 100, 88, 49, 100, 0, 78, 69, 63, 70, 32, 59, 0, 9
44, 85, 76, 100, 79, 70, 54, 41, 23, 16, 0, 0, 50, 5, 100, 1, 2
0, 81, 23, 100, 73, 96, 52, 46, 26, 0, 12, 19, 46, 42, 100, 48, 7
52, 69, 82, 100, 75, 76, 61, 35, 47, 0, 0, 8, 50, 7, 100, 8, 1
0, 90, 45, 100, 85, 88, 57, 64, 69, 40, 100, 17, 67, 1, 17, 0, 3
7, 100, 28, 96, 18, 61, 0, 27, 50, 24, 85, 35, 85, 33, 100, 0, 4
61, 60, 88, 97, 10, 100, 16, 66, 91, 82, 100, 46, 82, 5, 0, 0, 9
75, 100, 13, 74, 6, 52, 100, 50, 93, 82, 68, 72, 37, 36, 0, 0, 4
0, 100, 7, 100, 89, 100, 100, 98, 55, 76, 29, 50, 12, 24, 14, 0, 7
0, 88, 5, 100, 67, 98, 50, 67, 63, 60, 100, 36, 70, 7, 5, 0, 3
30, 69, 38, 100, 82, 88, 76, 53, 43, 24, 0, 0, 43, 6, 100, 6, 2
35, 72, 26, 94, 91, 100, 82, 67, 64, 51, 100, 26, 53, 0, 0, 3, 3
0, 67, 46, 91, 100, 100, 83, 56, 52, 15, 22, 0, 29, 28, 85, 29, 7
18, 59, 41, 100, 76, 81, 54, 35, 15, 0, 0, 14, 49, 14, 100, 1, 2
17, 59, 32, 100, 57, 82, 32, 39, 0, 5, 19, 0, 59, 7, 100, 14, 2
0, 93, 41, 100, 61, 77, 34, 52, 0, 30, 4, 10, 51, 3, 100, 0, 2
28, 100, 15, 65, 0, 29, 40, 20, 100, 17, 99, 36, 67, 36, 59, 0, 4
64, 100, 26, 75, 0, 51, 68, 52, 100, 72, 74, 56, 48, 28, 23, 0, 4
50, 83, 26, 62, 58, 100, 14, 60, 2, 30, 50, 0, 100, 51, 0, 34, 8
30, 94, 73, 100, 29, 91, 6, 52, 51, 46, 100, 24, 45, 0, 0, 14, 5
100, 100, 66, 90, 25, 59, 0, 24, 36, 0, 98, 12, 62, 34, 0, 26, 6
29, 82, 44, 100, 93, 92, 68, 63, 77, 40, 100, 13, 53, 0, 0, 4, 3
35, 95, 96, 100, 100, 97, 27, 87, 28, 66, 96, 48, 72, 13, 0, 0, 5
0, 36, 30, 59, 66, 79, 100, 100, 76, 75, 50, 51, 26, 26, 17, 0, 1
8, 97, 63, 100, 67, 65, 56, 30, 45, 0, 0, 27, 29, 40, 100, 40, 7
92, 70, 34, 59, 0, 75, 39, 100, 89, 97, 98, 65, 93, 32, 100, 0, 9
0, 65, 64, 81, 100, 100, 91, 81, 79, 61, 73, 39, 67, 19, 97, 0, 1
32, 53, 41, 90, 100, 100, 94, 60, 56, 25, 0, 0, 30, 9, 99, 11, 2
51, 99, 17, 86, 0, 42, 24, 2, 73, 0, 100, 38, 87, 82, 42, 100, 0
30, 78, 64, 100, 90, 82, 62, 57, 95, 42, 100, 17, 52, 4, 0, 0, 3
36, 93, 98, 100, 43, 98, 8, 72, 65, 55, 100, 26, 63, 1, 0, 0, 5
36, 70, 42, 100, 69, 70, 55, 32, 19, 3, 0, 8, 50, 9, 100, 0, 2
0, 58, 38, 78, 73, 98, 100, 100, 92, 74, 84, 49, 77, 23, 80, 0, 1
19, 60, 52, 87, 71, 100, 57, 58, 46, 16, 0, 0, 49, 7, 100, 8, 1
79, 100, 28, 87, 0, 52, 7, 13, 57, 0, 99, 26, 100, 65, 71, 100, 0
97, 95, 48, 100, 13, 67, 0, 25, 41, 0, 91, 16, 100, 56, 68, 91, 0
44, 80, 74, 100, 100, 79, 74, 50, 84, 39, 86, 12, 42, 0, 0, 9, 3
36, 73, 12, 51, 25, 0, 76, 15, 100, 62, 63, 100, 15, 75, 0, 25, 0
17, 60, 36, 95, 44, 100, 42, 59, 37, 18, 0, 0, 51, 1, 100, 5, 1
2, 77, 54, 100, 100, 79, 86, 47, 59, 16, 63, 0, 73, 27, 0, 43, 8
100, 85, 64, 76, 38, 97, 84, 100, 90, 72, 67, 45, 36, 22, 0, 0, 9
35, 100, 19, 85, 0, 52, 50, 32, 100, 35, 96, 64, 62, 34, 39, 0, 4
39, 95, 9, 72, 63, 48, 57, 9, 0, 0, 19, 47, 38, 92, 100, 100, 5
20, 90, 0, 58, 37, 52, 44, 3, 0, 0, 12, 64, 44, 99, 100, 100, 5
0, 95, 49, 100, 83, 77, 72, 38, 60, 0, 42, 4, 49, 28, 100, 29, 7
54, 100, 29, 71, 0, 41, 46, 42, 100, 46, 71, 67, 55, 36, 48, 0, 4
95, 100, 46, 79, 14, 50, 0, 18, 42, 0, 88, 20, 100, 53, 83, 85, 0
0, 82, 41, 100, 90, 88, 69, 59, 73, 48, 100, 19, 56, 0, 3, 5, 3
0, 93, 36, 100, 79, 98, 94, 79, 72, 57, 100, 33, 79, 11, 38, 0, 3
14, 75, 39, 100, 99, 94, 81, 64, 45, 41, 100, 27, 57, 4, 0, 0, 3
0, 79, 39, 85, 100, 100, 95, 92, 80, 69, 73, 46, 63, 23, 59, 0, 1
100, 98, 59, 100, 19, 86, 8, 54, 42, 54, 67, 28, 42, 3, 0, 0, 5
0, 72, 19, 100, 27, 60, 10, 21, 2, 1, 35, 0, 68, 1, 100, 8, 2
100, 88, 72, 100, 27, 88, 6, 58, 34, 51, 68, 37, 43, 8, 0, 0, 5
0, 98, 41, 100, 79, 81, 65, 41, 57, 0, 40, 18, 50, 40, 100, 39, 7
42, 96, 100, 100, 80, 98, 32, 76, 58, 60, 86, 28, 48, 0, 0, 14, 5
48, 92, 29, 62, 92, 100, 16, 67, 0, 38, 36, 0, 100, 43, 10, 41, 8
32, 78, 92, 100, 100, 72, 68, 38, 29, 6, 0, 0, 0, 32, 81, 35, 7
17, 99, 39, 72, 94, 42, 65, 0, 16, 25, 0, 74, 27, 100, 100, 99, 5
20, 60, 0, 83, 15, 39, 100, 9, 30, 0, 47, 54, 67, 100, 2, 59, 8
33, 85, 69, 100, 78, 78, 53, 56, 100, 44, 93, 16, 48, 1, 0, 0, 3
39, 100, 10, 72, 0, 39, 68, 25, 100, 48, 96, 65, 72, 33, 68, 0, 4
45, 91, 88, 100, 100, 77, 69, 54, 100, 39, 99, 12, 51, 0, 0, 1, 3
16, 84, 56, 100, 72, 65, 46, 29, 8, 0, 0, 16, 50, 17, 100, 5, 2
32, 68, 20, 36, 42, 0, 83, 15, 100, 56, 80, 95, 36, 100, 0, 73, 0
74, 88, 25, 100, 0, 50, 22, 1, 78, 0, 100, 47, 63, 88, 8, 91, 0
100, 100, 47, 99, 10, 70, 0, 32, 32, 0, 88, 1, 75, 32, 16, 32, 6
0, 24, 43, 59, 64, 100, 18, 94, 67, 61, 100, 23, 43, 0, 7, 29, 8
41, 94, 5, 74, 62, 66, 51, 100, 56, 68, 100, 34, 60, 2, 0, 0, 9
36, 100, 13, 75, 57, 65, 100, 78, 63, 85, 41, 57, 18, 29, 0, 0, 4
26, 100, 1, 96, 0, 57, 68, 43, 100, 61, 73, 78, 45, 40, 29, 0, 4
57, 100, 34, 80, 0, 59, 11, 40, 85, 43, 100, 44, 72, 22, 57, 0, 4
100, 100, 65, 90, 32, 67, 5, 40, 0, 8, 40, 0, 36, 27, 0, 20, 6
4, 90, 53, 100, 100, 91, 66, 68, 78, 39, 97, 9, 51, 0, 0, 4, 3
25, 76, 66, 100, 64, 78, 48, 34, 29, 0, 0, 7, 50, 10, 100, 15, 1
0, 100, 15, 95, 1, 63, 33, 40, 100, 48, 94, 65, 93, 32, 90, 0, 4
0, 26, 15, 47, 60, 73, 100, 100, 87, 87, 64, 58, 43, 29, 25, 0, 1
55, 100, 28, 75, 1, 50, 0, 25, 61, 30, 100, 48, 65, 26, 54, 0, 4
52, 90, 100, 100, 60, 92, 32, 60, 79, 57, 86, 22, 44, 0, 0, 14, 5
0, 46, 47, 71, 66, 100, 59, 98, 59, 68, 68, 38, 87, 8, 100, 0, 1
56, 71, 31, 100, 16, 66, 24, 23, 0, 0, 17, 34, 57, 57, 100, 76, 8
17, 64, 38, 100, 98, 94, 63, 62, 67, 49, 100, 15, 42, 0, 0, 17, 3
0, 64, 43, 81, 100, 100, 74, 83, 43, 62, 13, 42, 4, 20, 9, 0, 1
71, 100, 40, 85, 0, 63, 19, 42, 88, 45, 100, 52, 80, 26, 69, 0, 4
0, 70, 8, 100, 56, 91, 69, 50, 38, 15, 10, 10, 58, 0, 100, 15, 2
54, 77, 30, 37, 0, 0, 13, 25, 55, 54, 100, 80, 89, 100, 37, 86, 8
34, 100, 0, 51, 18, 87, 12, 97, 36, 44, 16, 0, 34, 8, 100, 14, 1
0, 83, 26, 100, 53, 84, 42, 50, 16, 24, 27, 5, 66, 0, 100, 7, 2
36, 100, 5, 66, 0, 22, 40, 0, 85, 19, 100, 59, 65, 89, 15, 94, 0
85, 92, 52, 100, 56, 76, 83, 85, 100, 44, 88, 6, 42, 0, 0, 10, 9
100, 100, 55, 82, 22, 55, 0, 27, 11, 0, 95, 11, 85, 35, 9, 21, 6
0, 80, 34, 100, 60, 80, 34, 53, 1, 29, 0, 4, 49, 0, 100, 1, 2
73, 97, 35, 54, 100, 84, 44, 100, 75, 71, 92, 60, 62, 0, 0, 9, 9
61, 100, 22, 71, 9, 34, 33, 0, 88, 4, 100, 37, 50, 50, 0, 30, 6
20, 91, 61, 100, 71, 78, 59, 51, 100, 34, 86, 11, 37, 0, 0, 1, 3
14, 79, 0, 46, 18, 7, 58, 0, 92, 25, 100, 69, 71, 100, 32, 96, 0
55, 95, 100, 100, 54, 91, 28, 55, 54, 53, 76, 30, 43, 0, 0, 1, 5
0, 90, 22, 100, 93, 85, 76, 42, 53, 0, 32, 1, 17, 34, 100, 39, 7
100, 100, 53, 79, 19, 54, 11, 24, 45, 0, 98, 8, 51, 21, 0, 7, 6
4, 93, 50, 100, 82, 79, 49, 50, 70, 45, 100, 19, 56, 0, 0, 10, 3
0, 88, 45, 100, 66, 72, 27, 48, 59, 43, 100, 21, 60, 0, 7, 4, 3
0, 79, 25, 100, 51, 80, 53, 46, 37, 15, 30, 0, 65, 3, 100, 1, 2
26, 99, 0, 61, 6, 16, 53, 0, 95, 28, 100, 73, 58, 100, 6, 90, 0
73, 100, 27, 84, 1, 51, 0, 15, 47, 0, 100, 4, 82, 19, 34, 10, 6
0, 96, 41, 100, 76, 87, 55, 44, 36, 0, 34, 16, 55, 42, 100, 47, 7
51, 100, 21, 73, 0, 43, 48, 40, 93, 52, 100, 59, 76, 30, 56, 0, 4
23, 72, 77, 94, 77, 100, 64, 63, 48, 26, 0, 0, 5, 6, 100, 8, 1
0, 71, 59, 78, 96, 100, 100, 84, 94, 60, 88, 35, 80, 11, 84, 0, 1
0, 75, 28, 92, 64, 100, 93, 91, 93, 62, 100, 35, 78, 13, 46, 0, 3
0, 83, 32, 100, 84, 74, 68, 36, 37, 0, 7, 23, 18, 45, 100, 52, 7
48, 88, 28, 58, 34, 9, 0, 0, 25, 42, 66, 77, 100, 100, 49, 78, 8
3, 86, 34, 100, 85, 89, 51, 64, 100, 45, 96, 13, 42, 0, 0, 11, 3
35, 97, 68, 100, 100, 69, 75, 34, 44, 0, 91, 15, 75, 34, 0, 33, 7
7, 57, 15, 93, 65, 100, 67, 63, 44, 27, 0, 0, 36, 11, 100, 11, 2
0, 93, 68, 100, 78, 79, 65, 43, 60, 8, 40, 0, 30, 28, 100, 37, 7
18, 60, 39, 100, 45, 82, 46, 32, 20, 0, 0, 1, 50, 4, 100, 11, 1
61, 91, 29, 100, 47, 74, 74, 85, 100, 51, 97, 12, 50, 0, 0, 11, 9
14, 100, 6, 77, 0, 47, 79, 50, 100, 63, 73, 62, 76, 31, 77, 0, 4
36, 87, 73, 100, 100, 85, 76, 63, 87, 33, 86, 3, 43, 0, 0, 4, 3
43, 97, 0, 74, 74, 79, 57, 100, 47, 85, 100, 54, 88, 16, 16, 0, 9
0, 75, 22, 100, 58, 86, 56, 50, 29, 22, 14, 1, 58, 0, 100, 4, 2
4, 77, 0, 35, 28, 0, 74, 2, 100, 37, 89, 80, 48, 100, 12, 73, 0
89, 81, 55, 100, 44, 76, 92, 77, 100, 46, 94, 4, 46, 0, 0, 13, 9
50, 96, 89, 100, 92, 71, 66, 48, 100, 29, 80, 4, 36, 0, 0, 10, 3
0, 91, 44, 97, 96, 100, 84, 54, 65, 9, 44, 0, 46, 27, 100, 26, 7
0, 42, 40, 63, 78, 86, 100, 100, 71, 75, 43, 50, 16, 24, 0, 0, 1
49, 100, 16, 79, 0, 49, 5, 18, 49, 0, 100, 4, 59, 24, 24, 19, 6
45, 100, 20, 79, 0, 55, 23, 35, 100, 36, 92, 48, 77, 24, 70, 0, 4
100, 100, 62, 76, 34, 49, 19, 20, 55, 0, 100, 16, 58, 34, 0, 32, 6
0, 83, 37, 100, 84, 98, 76, 76, 80, 44, 100, 13, 62, 0, 15, 4, 3
94, 100, 35, 94, 3, 58, 0, 21, 74, 14, 100, 43, 21, 34, 19, 0, 6
100, 83, 29, 100, 27, 65, 86, 32, 59, 0, 0, 21, 45, 58, 99, 89, 8
0, 91, 52, 100, 100, 85, 96, 48, 79, 12, 50, 0, 28, 25, 83, 22, 7
69, 100, 27, 87, 1, 57, 0, 25, 35, 1, 91, 0, 100, 21, 45, 27, 6
11, 47, 58, 70, 100, 100, 73, 70, 50, 34, 28, 0, 0, 12, 70, 10, 1
0, 33, 34, 52, 64, 76, 93, 100, 100, 90, 88, 60, 75, 30, 64, 0, 1
100, 82, 61, 100, 50, 68, 72, 31, 38, 0, 0, 16, 31, 49, 78, 76, 8
100, 93, 79, 92, 24, 100, 0, 67, 42, 44, 92, 28, 67, 0, 25, 2, 5
0, 58, 34, 75, 76, 96, 100, 100, 95, 75, 85, 49, 76, 24, 88, 0, 1
0, 89, 44, 100, 72, 73, 71, 36, 70, 0, 56, 11, 49, 32, 100, 29, 7
26, 100, 0, 83, 23, 51, 83, 42, 100, 55, 79, 84, 56, 42, 37, 0, 4
0, 58, 0, 14, 38, 0, 77, 16, 100, 55, 82, 95, 42, 100, 9, 74, 0
1, 87, 38, 100, 49, 63, 34, 22, 16, 0, 0, 29, 49, 24, 100, 22, 7
0, 45, 46, 68, 77, 93, 100, 100, 92, 74, 92, 48, 95, 23, 74, 0, 1
1, 78, 16, 100, 61, 93, 50, 64, 21, 39, 0, 11, 46, 0, 100, 0, 2
36, 80, 0, 64, 37, 41, 25, 0, 1, 8, 7, 54, 43, 88, 100, 100, 5
37, 100, 11, 72, 0, 33, 26, 0, 74, 7, 100, 42, 81, 79, 36, 99, 0
0, 80, 53, 100, 100, 77, 70, 38, 32, 2, 9, 0, 19, 27, 89, 34, 7
83, 100, 18, 88, 37, 43, 61, 0, 0, 20, 53, 56, 100, 91, 22, 97, 8
48, 89, 8, 67, 48, 33, 43, 0, 0, 12, 6, 66, 41, 100, 100, 88, 5
84, 78, 27, 54, 6, 82, 65, 100, 89, 65, 100, 28, 69, 0, 0, 10, 9
0, 90, 49, 100, 60, 67, 55, 32, 65, 0, 21, 28, 28, 48, 100, 53, 7
37, 100, 1, 66, 9, 10, 58, 0, 100, 31, 97, 85, 48, 99, 0, 81, 0
0, 88, 48, 100, 100, 91, 73, 51, 51, 9, 41, 0, 21, 27, 78, 33, 7
0, 100, 45, 92, 100, 78, 67, 39, 31, 1, 10, 0, 27, 28, 93, 34, 7
7, 89, 52, 100, 81, 82, 46, 59, 55, 37, 100, 18, 56, 3, 0, 0, 3
89, 100, 34, 81, 9, 54, 0, 25, 26, 0, 98, 6, 100, 26, 32, 25, 6
0, 67, 43, 74, 78, 91, 100, 100, 95, 74, 87, 49, 84, 23, 96, 0, 1
0, 97, 63, 100, 87, 75, 73, 32, 63, 0, 8, 26, 29, 39, 100, 39, 7
69, 100, 42, 83, 0, 61, 9, 39, 77, 41, 100, 47, 62, 24, 33, 0, 4
17, 98, 0, 47, 31, 3, 84, 0, 100, 50, 71, 98, 23, 100, 3, 52, 0
100, 80, 60, 62, 0, 48, 26, 79, 81, 100, 90, 67, 59, 32, 30, 0, 9
0, 78, 30, 100, 62, 91, 48, 59, 24, 31, 14, 3, 57, 1, 100, 0, 2
41, 79, 56, 100, 89, 82, 65, 55, 84, 38, 100, 9, 51, 0, 0, 5, 3
100, 100, 69, 89, 46, 60, 27, 30, 32, 0, 68, 18, 40, 35, 0, 18, 6
17, 100, 0, 72, 8, 46, 67, 46, 100, 54, 74, 68, 64, 34, 55, 0, 4
51, 100, 17, 77, 17, 21, 63, 0, 100, 42, 83, 93, 29, 99, 0, 52, 0
44, 82, 79, 100, 100, 81, 73, 56, 82, 45, 80, 17, 42, 0, 0, 13, 3
15, 75, 38, 100, 55, 68, 37, 33, 3, 6, 0, 3, 50, 5, 100, 0, 2
20, 97, 9, 89, 0, 49, 66, 47, 100, 70, 75, 100, 71, 50, 73, 0, 4
0, 55, 40, 63, 77, 79, 100, 100, 91, 76, 88, 50, 88, 24, 94, 0, 1
100, 94, 51, 83, 0, 76, 40, 100, 80, 96, 58, 61, 29, 30, 8, 0, 9
17, 100, 5, 91, 0, 59, 58, 51, 100, 77, 60, 60, 30, 30, 6, 0, 4
49, 73, 61, 100, 0, 84, 42, 42, 81, 0, 26, 10, 43, 56, 100, 86, 8
49, 91, 31, 63, 71, 29, 11, 0, 0, 32, 49, 67, 100, 100, 0, 83, 8
18, 100, 18, 87, 0, 54, 43, 32, 100, 46, 98, 55, 49, 32, 25, 0, 4
48, 100, 28, 94, 14, 62, 10, 29, 35, 0, 100, 18, 53, 31, 0, 8, 6
74, 100, 32, 78, 13, 39, 15, 0, 71, 6, 100, 41, 47, 42, 0, 16, 6
68, 100, 55, 83, 27, 56, 0, 27, 14, 0, 100, 2, 73, 27, 52, 11, 6
10, 87, 55, 100, 71, 71, 40, 38, 2, 9, 0, 0, 50, 8, 100, 0, 2
33, 80, 67, 100, 100, 76, 80, 38, 42, 12, 0, 6, 42, 19, 87, 0, 2
19, 97, 39, 96, 0, 49, 29, 35, 100, 48, 98, 100, 86, 52, 92, 0, 4
24, 78, 37, 100, 54, 62, 31, 27, 0, 18, 45, 10, 88, 0, 100, 31, 2
15, 73, 48, 100, 64, 77, 38, 43, 8, 11, 0, 21, 48, 15, 100, 0, 2
34, 91, 0, 98, 42, 100, 83, 94, 100, 71, 86, 46, 62, 23, 46, 0, 7
30, 59, 46, 100, 49, 47, 27, 5, 0, 7, 33, 16, 66, 0, 100, 4, 2
20, 93, 74, 100, 100, 83, 78, 64, 41, 46, 0, 29, 11, 11, 78, 0, 2
30, 86, 46, 59, 52, 18, 9, 0, 0, 30, 11, 74, 52, 94, 100, 100, 5
0, 94, 73, 100, 81, 64, 56, 27, 47, 0, 5, 34, 19, 45, 100, 45, 7
58, 56, 55, 100, 0, 74, 68, 42, 100, 0, 19, 1, 29, 45, 87, 83, 8
0, 97, 76, 100, 100, 74, 62, 40, 33, 6, 4, 0, 11, 22, 91, 24, 7
0, 95, 57, 100, 100, 74, 73, 35, 32, 0, 5, 25, 34, 46, 100, 47, 7
49, 100, 79, 95, 61, 63, 67, 47, 100, 27, 73, 4, 31, 0, 0, 13, 3
0, 64, 2, 26, 35, 0, 77, 12, 100, 46, 96, 85, 58, 100, 19, 80, 0
31, 100, 12, 87, 0, 55, 22, 26, 72, 31, 100, 60, 74, 31, 60, 0, 4
31, 87, 59, 100, 59, 69, 74, 64, 100, 42, 84, 11, 44, 0, 0, 0, 3
0, 90, 15, 100, 24, 67, 11, 34, 2, 11, 35, 5, 67, 2, 100, 0, 2
0, 91, 44, 100, 80, 78, 75, 38, 58, 0, 48, 9, 52, 40, 100, 40, 7
48, 100, 32, 65, 0, 26, 50, 24, 100, 41, 85, 86, 81, 46, 76, 0, 4
25, 87, 53, 100, 65, 64, 38, 33, 0, 19, 46, 19, 87, 0, 100, 31, 2
0, 87, 44, 100, 90, 89, 73, 64, 83, 37, 100, 9, 56, 0, 6, 1, 3
49, 76, 47, 93, 100, 100, 88, 57, 48, 24, 0, 0, 43, 11, 97, 0, 2
35, 64, 64, 100, 66, 85, 59, 38, 100, 6, 86, 6, 23, 4, 0, 0, 1
0, 71, 42, 81, 85, 100, 100, 92, 92, 67, 80, 43, 74, 17, 77, 0, 1
39, 93, 0, 64, 4, 15, 46, 0, 86, 27, 100, 73, 62, 100, 18, 86, 0
31, 76, 62, 100, 89, 82, 61, 52, 24, 26, 0, 10, 50, 7, 100, 0, 2
0, 76, 24, 100, 58, 95, 53, 58, 31, 26, 9, 1, 54, 1, 100, 0, 2
29, 100, 21, 76, 0, 47, 6, 32, 79, 35, 100, 58, 99, 28, 93, 0, 4
0, 100, 68, 94, 95, 77, 67, 47, 41, 15, 29, 0, 28, 30, 100, 33, 7
79, 79, 66, 100, 0, 91, 23, 64, 91, 73, 100, 62, 84, 29, 85, 0, 9
23, 100, 17, 69, 0, 35, 34, 22, 100, 22, 99, 39, 56, 34, 43, 0, 4
89, 93, 31, 100, 40, 50, 53, 0, 0, 0, 46, 41, 100, 79, 36, 85, 8
100, 100, 56, 92, 22, 66, 0, 34, 8, 0, 56, 0, 71, 29, 25, 40, 6
100, 82, 60, 78, 31, 99, 82, 100, 100, 73, 77, 44, 41, 20, 0, 0, 9
29, 71, 45, 100, 83, 78, 68, 38, 33, 7, 0, 9, 52, 20, 100, 0, 2
86, 100, 33, 81, 66, 67, 100, 91, 99, 65, 95, 33, 62, 6, 0, 0, 9
22, 100, 8, 72, 0, 41, 5, 10, 57, 0, 100, 21, 51, 33, 6, 13, 6
53, 90, 90, 71, 87, 100, 40, 75, 100, 80, 95, 39, 67, 0, 0, 0, 9
39, 91, 81, 100, 70, 59, 25, 81, 82, 85, 100, 37, 57, 0, 0, 24, 9
12, 100, 0, 74, 4, 42, 74, 44, 100, 58, 77, 65, 74, 32, 65, 0, 4
0, 86, 49, 96, 65, 100, 53, 56, 53, 11, 100, 2, 53, 0, 8, 9, 1
95, 100, 57, 92, 83, 76, 100, 88, 88, 64, 68, 39, 39, 18, 0, 0, 9
18, 89, 30, 62, 82, 47, 73, 0, 20, 11, 0, 65, 43, 96, 100, 100, 5
0, 64, 16, 100, 57, 89, 40, 48, 2, 17, 1, 18, 49, 0, 100, 0, 2
0, 97, 26, 100, 68, 86, 51, 40, 20, 0, 15, 18, 43, 42, 100, 47, 7
50, 100, 9, 73, 0, 34, 24, 0, 78, 19, 100, 55, 77, 89, 21, 78, 0
59, 84, 83, 100, 91, 70, 74, 41, 38, 19, 0, 0, 49, 0, 100, 4, 2
15, 83, 50, 100, 100, 94, 79, 71, 76, 48, 91, 20, 50, 2, 0, 0, 3
57, 63, 100, 91, 48, 100, 0, 73, 55, 65, 96, 60, 60, 28, 13, 0, 9
15, 92, 0, 94, 56, 98, 100, 100, 66, 79, 46, 53, 37, 27, 43, 0, 7
100, 63, 46, 61, 0, 71, 23, 100, 66, 99, 73, 65, 72, 32, 80, 0, 9
36, 65, 49, 100, 73, 71, 58, 33, 27, 1, 0, 1, 50, 6, 100, 0, 2
32, 100, 12, 93, 0, 46, 22, 4, 72, 0, 100, 38, 85, 82, 34, 92, 0
24, 91, 82, 100, 88, 95, 33, 82, 51, 51, 100, 32, 53, 4, 0, 0, 5
8, 70, 43, 50, 44, 15, 10, 0, 0, 37, 12, 68, 55, 86, 100, 100, 5
20, 100, 4, 86, 0, 66, 2, 46, 37, 29, 100, 38, 72, 20, 70, 0, 4
50, 74, 65, 100, 70, 62, 40, 25, 0, 0, 4, 3, 52, 5, 100, 8, 2
27, 95, 39, 62, 75, 32, 39, 0, 0, 19, 12, 65, 45, 97, 100, 100, 5
100, 94, 90, 100, 45, 89, 24, 59, 66, 47, 85, 20, 47, 3, 0, 0, 5
62, 83, 27, 69, 70, 26, 47, 0, 0, 34, 63, 66, 100, 98, 19, 100, 8
42, 70, 54, 100, 85, 91, 63, 60, 32, 33, 0, 7, 47, 0, 100, 2, 2
31, 84, 67, 50, 68, 2, 0, 0, 37, 40, 100, 70, 70, 100, 2, 82, 8
91, 95, 43, 100, 25, 65, 72, 59, 100, 64, 92, 23, 52, 0, 0, 8, 9
64, 100, 22, 69, 55, 35, 16, 0, 0, 16, 12, 63, 42, 97, 100, 96, 5
73, 90, 24, 77, 0, 39, 20, 0, 73, 2, 100, 40, 97, 81, 52, 100, 0
76, 81, 0, 82, 57, 42, 91, 0, 19, 17, 78, 57, 100, 100, 20, 84, 8
0, 86, 31, 100, 65, 78, 59, 36, 44, 0, 21, 37, 54, 46, 100, 55, 7
54, 82, 26, 63, 100, 76, 28, 100, 61, 50, 0, 36, 49, 0, 55, 54, 8
100, 100, 65, 75, 36, 47, 20, 17, 51, 0, 96, 21, 54, 34, 0, 22, 6
21, 80, 29, 47, 85, 44, 62, 0, 20, 19, 0, 67, 37, 100, 100, 98, 5
0, 66, 46, 84, 100, 100, 83, 80, 71, 60, 62, 40, 54, 20, 62, 0, 1
0, 66, 63, 77, 100, 100, 80, 93, 60, 69, 43, 45, 37, 21, 50, 0, 1
0, 100, 60, 97, 100, 73, 82, 36, 64, 0, 88, 15, 89, 38, 23, 40, 7
14, 84, 24, 100, 81, 89, 42, 65, 27, 47, 100, 37, 71, 12, 0, 0, 3
84, 97, 40, 79, 0, 39, 9, 0, 62, 26, 100, 67, 71, 100, 15, 80, 0
0, 100, 10, 86, 14, 67, 32, 50, 71, 51, 82, 37, 89, 18, 100, 0, 4
59, 100, 38, 81, 14, 54, 0, 26, 51, 13, 100, 32, 84, 28, 70, 0, 4
56, 100, 24, 73, 0, 37, 8, 2, 74, 5, 100, 36, 41, 34, 27, 0, 6
84, 100, 53, 78, 18, 50, 0, 20, 39, 0, 100, 14, 70, 37, 3, 34, 6
37, 85, 73, 100, 100, 77, 72, 50, 99, 39, 84, 9, 40, 0, 0, 14, 3
20, 98, 49, 100, 51, 65, 31, 36, 0, 16, 28, 10, 64, 5, 100, 0, 2
26, 77, 49, 100, 100, 94, 76, 67, 73, 43, 94, 16, 51, 0, 0, 13, 3
56, 100, 66, 64, 100, 92, 42, 95, 65, 61, 74, 52, 62, 3, 0, 0, 9
0, 53, 29, 73, 67, 94, 79, 100, 71, 71, 71, 41, 73, 13, 100, 0, 1
39, 100, 0, 61, 20, 14, 71, 0, 100, 37, 78, 88, 29, 100, 16, 49, 0
51, 82, 27, 57, 99, 75, 55, 100, 47, 64, 100, 52, 77, 4, 0, 0, 9
0, 46, 42, 66, 79, 88, 100, 100, 84, 75, 72, 49, 63, 23, 60, 0, 1
15, 73, 41, 100, 87, 93, 60, 64, 99, 43, 100, 8, 50, 0, 0, 11, 3
44, 100, 8, 62, 0, 14, 50, 0, 99, 31, 100, 78, 45, 90, 11, 49, 0
24, 61, 63, 80, 100, 100, 100, 90, 79, 67, 55, 44, 26, 22, 0, 0, 1
34, 87, 70, 100, 100, 92, 83, 67, 73, 40, 77, 14, 41, 1, 0, 0, 3
57, 96, 0, 87, 46, 65, 63, 15, 7, 0, 3, 39, 43, 84, 100, 100, 5
59, 60, 99, 88, 38, 100, 0, 73, 80, 74, 100, 58, 52, 29, 6, 0, 9
0, 97, 30, 96, 71, 98, 100, 100, 67, 83, 47, 56, 32, 28, 24, 0, 7
73, 100, 22, 62, 0, 0, 65, 14, 100, 73, 42, 82, 51, 65, 41, 37, 0
59, 86, 26, 92, 0, 49, 21, 5, 68, 0, 100, 35, 82, 81, 39, 100, 0
0, 91, 40, 100, 94, 94, 60, 75, 84, 52, 100, 27, 53, 12, 1, 0, 3
43, 100, 47, 68, 0, 33, 29, 36, 100, 45, 88, 63, 61, 25, 55, 0, 4
20, 63, 42, 100, 36, 88, 30, 46, 23, 4, 0, 2, 50, 0, 100, 4, 1
65, 82, 14, 100, 33, 49, 100, 5, 8, 0, 0, 41, 90, 72, 12, 98, 8
0, 74, 82, 79, 100, 100, 19, 92, 7, 73, 88, 77, 54, 39, 18, 0, 9
66, 98, 55, 70, 98, 68, 100, 100, 57, 92, 33, 62, 16, 31, 0, 0, 0
36, 82, 0, 68, 4, 21, 48, 0, 92, 24, 100, 70, 61, 100, 23, 76, 0
3, 100, 0, 58, 40, 98, 20, 85, 28, 35, 2, 3, 2, 0, 100, 4, 1
0, 65, 32, 69, 66, 84, 100, 100, 89, 75, 77, 49, 66, 23, 62, 0, 1
26, 95, 58, 100, 73, 74, 55, 47, 27, 23, 0, 0, 49, 2, 100, 2, 2
64, 100, 41, 71, 5, 43, 0, 36, 57, 36, 100, 49, 88, 36, 87, 0, 4
30, 71, 43, 100, 44, 90, 38, 37, 56, 0, 100, 10, 42, 6, 0, 5, 1
5, 100, 52, 100, 96, 79, 84, 38, 60, 0, 100, 13, 53, 34, 0, 49, 7
0, 80, 47, 100, 100, 99, 82, 60, 50, 25, 23, 0, 33, 36, 89, 44, 7
0, 99, 84, 100, 100, 74, 70, 44, 41, 15, 16, 0, 4, 27, 90, 27, 7
36, 100, 30, 100, 5, 57, 0, 38, 78, 30, 100, 54, 95, 38, 94, 0, 4
68, 100, 23, 78, 2, 51, 0, 24, 32, 0, 100, 8, 85, 30, 15, 24, 6
13, 65, 0, 94, 38, 98, 78, 100, 100, 93, 83, 63, 67, 32, 57, 0, 7
70, 67, 100, 86, 55, 100, 0, 82, 26, 62, 92, 58, 80, 29, 75, 0, 9
100, 85, 67, 100, 56, 66, 96, 79, 90, 65, 86, 28, 54, 0, 0, 11, 9
9, 67, 16, 23, 52, 0, 91, 21, 100, 65, 74, 100, 30, 97, 0, 65, 0
2, 78, 35, 100, 56, 78, 35, 40, 0, 11, 5, 4, 53, 2, 100, 0, 2
100, 100, 74, 92, 44, 63, 19, 32, 22, 0, 67, 6, 38, 24, 0, 5, 6
40, 87, 87, 100, 100, 75, 59, 53, 88, 50, 91, 19, 48, 0, 0, 11, 3
85, 100, 71, 100, 25, 68, 0, 32, 31, 0, 100, 16, 78, 49, 7, 67, 6
2, 87, 35, 100, 49, 76, 39, 53, 93, 44, 100, 19, 57, 1, 0, 0, 3
51, 100, 23, 74, 7, 34, 35, 0, 99, 6, 100, 34, 34, 31, 0, 1, 6
25, 85, 24, 62, 55, 100, 42, 55, 49, 8, 0, 0, 46, 3, 100, 5, 1
47, 100, 30, 73, 0, 40, 22, 21, 89, 23, 100, 55, 71, 34, 49, 0, 4
0, 88, 39, 100, 97, 87, 84, 47, 67, 7, 38, 0, 33, 26, 100, 35, 7
26, 93, 15, 77, 97, 45, 95, 1, 0, 0, 42, 45, 100, 88, 23, 100, 8
0, 57, 35, 95, 100, 100, 95, 57, 53, 19, 43, 0, 60, 38, 0, 63, 8
89, 74, 70, 100, 0, 98, 10, 72, 80, 77, 100, 68, 85, 33, 55, 0, 9
20, 78, 75, 75, 100, 100, 0, 93, 35, 77, 97, 64, 82, 32, 65, 0, 9
83, 100, 35, 80, 9, 50, 4, 17, 53, 0, 100, 21, 55, 31, 0, 15, 6
0, 93, 40, 100, 60, 64, 61, 20, 55, 0, 25, 30, 57, 40, 100, 42, 7
24, 86, 21, 63, 66, 32, 27, 0, 1, 25, 0, 72, 37, 100, 100, 99, 5
54, 83, 11, 68, 44, 32, 30, 0, 0, 27, 49, 59, 100, 90, 21, 100, 8
0, 78, 28, 100, 58, 88, 45, 56, 24, 28, 12, 1, 55, 0, 100, 2, 2
100, 100, 58, 83, 30, 56, 19, 25, 46, 0, 84, 16, 52, 40, 0, 46, 6
71, 100, 40, 70, 19, 35, 21, 0, 79, 4, 100, 35, 42, 43, 0, 21, 6
20, 67, 45, 100, 17, 73, 0, 38, 62, 24, 100, 42, 78, 32, 50, 0, 4
32, 100, 57, 90, 46, 51, 25, 15, 6, 0, 0, 38, 48, 46, 100, 48, 7
35, 78, 50, 100, 100, 91, 78, 61, 88, 47, 95, 16, 47, 0, 0, 7, 3
11, 58, 65, 35, 67, 0, 4, 19, 41, 53, 100, 81, 57, 100, 0, 79, 8
0, 73, 63, 78, 100, 100, 97, 97, 88, 73, 77, 47, 65, 23, 55, 0, 1
36, 72, 47, 100, 78, 76, 55, 38, 17, 8, 0, 5, 50, 13, 100, 0, 2
26, 100, 15, 94, 0, 62, 19, 37, 67, 49, 100, 59, 83, 30, 81, 0, 4
0, 59, 3, 18, 39, 0, 78, 18, 100, 54, 90, 92, 49, 100, 17, 75, 0
58, 94, 14, 82, 31, 32, 11, 0, 0, 36, 58, 65, 100, 97, 30, 100, 8
88, 100, 38, 85, 18, 49, 19, 12, 65, 0, 100, 28, 53, 46, 0, 31, 6
0, 47, 19, 67, 54, 88, 79, 100, 79, 75, 86, 50, 93, 25, 100, 0, 1
91, 100, 52, 89, 24, 57, 13, 22, 57, 0, 100, 23, 60, 49, 0, 43, 6
85, 100, 68, 99, 19, 70, 0, 33, 27, 0, 100, 8, 87, 42, 19, 59, 6
87, 86, 45, 100, 26, 71, 71, 60, 100, 57, 90, 17, 49, 0, 0, 5, 9
0, 49, 30, 69, 69, 88, 100, 100, 80, 76, 62, 51, 45, 25, 32, 0, 1
100, 100, 54, 99, 16, 79, 0, 51, 48, 51, 76, 27, 47, 1, 1, 0, 5
90, 100, 100, 94, 50, 79, 40, 63, 20, 47, 10, 32, 0, 16, 0, 0, 1
43, 100, 27, 92, 0, 62, 53, 53, 100, 73, 80, 60, 50, 30, 19, 0, 4
0, 99, 63, 100, 76, 68, 60, 34, 46, 0, 19, 16, 27, 34, 100, 32, 7
29, 100, 21, 58, 65, 40, 61, 0, 7, 12, 0, 58, 29, 94, 100, 97, 5
20, 89, 59, 100, 88, 75, 55, 50, 64, 31, 100, 8, 53, 0, 0, 2, 3
43, 93, 22, 71, 43, 33, 9, 0, 0, 36, 9, 81, 51, 100, 100, 99, 5
53, 89, 59, 68, 77, 100, 38, 89, 100, 74, 93, 42, 57, 0, 0, 20, 9
77, 100, 41, 79, 56, 38, 34, 0, 0, 19, 53, 50, 100, 82, 39, 94, 8
69, 100, 21, 76, 0, 36, 25, 0, 76, 21, 100, 60, 78, 97, 26, 80, 0
52, 85, 10, 62, 0, 20, 41, 0, 87, 22, 100, 62, 70, 96, 20, 100, 0
49, 79, 69, 100, 90, 72, 67, 43, 29, 21, 0, 3, 50, 6, 100, 0, 2
8, 73, 25, 100, 53, 71, 40, 35, 2, 11, 0, 1, 50, 1, 100, 0, 2
40, 100, 70, 60, 90, 100, 31, 94, 84, 63, 100, 31, 52, 0, 0, 28, 9
28, 100, 11, 66, 0, 33, 50, 38, 100, 42, 75, 71, 57, 39, 50, 0, 4
26, 100, 0, 76, 25, 52, 89, 48, 100, 84, 70, 68, 42, 34, 15, 0, 4
64, 81, 7, 82, 54, 74, 100, 100, 4, 87, 82, 61, 55, 29, 0, 0, 9
18, 78, 53, 100, 85, 85, 48, 61, 71, 46, 100, 20, 56, 0, 0, 5, 3
0, 81, 53, 71, 100, 100, 47, 100, 14, 69, 77, 76, 78, 42, 61, 0, 9
14, 73, 0, 51, 9, 12, 54, 0, 92, 27, 100, 67, 74, 100, 27, 95, 0
53, 100, 26, 80, 0, 59, 4, 37, 60, 35, 100, 41, 65, 22, 43, 0, 4
0, 41, 34, 54, 68, 76, 100, 100, 87, 79, 68, 50, 51, 20, 43, 0, 1
89, 75, 77, 100, 0, 83, 38, 56, 100, 81, 91, 50, 74, 12, 2, 0, 9
11, 75, 49, 47, 83, 10, 0, 0, 34, 37, 100, 70, 95, 100, 5, 79, 8
77, 100, 31, 84, 0, 44, 1, 0, 60, 5, 100, 40, 83, 81, 32, 72, 0
86, 85, 47, 64, 0, 76, 34, 100, 78, 88, 81, 58, 81, 28, 100, 0, 9
51, 99, 28, 60, 40, 9, 79, 0, 100, 44, 81, 90, 40, 100, 0, 87, 0
17, 94, 0, 57, 16, 10, 64, 0, 100, 32, 98, 80, 55, 100, 14, 73, 0
73, 78, 30, 100, 0, 70, 75, 39, 92, 0, 21, 21, 75, 60, 100, 88, 8
0, 65, 33, 84, 78, 100, 100, 94, 75, 71, 48, 48, 23, 24, 4, 0, 1
31, 93, 0, 56, 9, 10, 61, 0, 100, 32, 95, 79, 50, 100, 10, 68, 0
83, 100, 72, 85, 28, 56, 0, 22, 51, 0, 100, 16, 46, 37, 29, 11, 6
43, 99, 84, 100, 80, 77, 70, 59, 100, 37, 80, 11, 39, 0, 0, 3, 3
10, 46, 0, 71, 38, 94, 79, 100, 76, 75, 72, 50, 76, 24, 100, 0, 1
37, 75, 46, 100, 69, 80, 40, 44, 1, 15, 0, 16, 50, 7, 100, 0, 2
40, 56, 100, 92, 26, 100, 15, 51, 77, 9, 0, 0, 16, 46, 100, 80, 8
0, 45, 36, 69, 68, 93, 88, 100, 84, 75, 84, 50, 84, 24, 100, 0, 1
2, 64, 21, 100, 47, 81, 30, 44, 0, 12, 7, 24, 53, 14, 100, 0, 2
56, 68, 100, 95, 46, 100, 0, 74, 48, 70, 99, 62, 74, 30, 40, 0, 9
1, 80, 33, 100, 84, 93, 54, 64, 84, 44, 100, 15, 52, 0, 0, 1, 3
39, 96, 2, 70, 53, 38, 63, 0, 0, 10, 6, 55, 31, 94, 100, 100, 5
100, 100, 61, 99, 24, 66, 0, 31, 22, 0, 93, 13, 70, 33, 3, 18, 6
92, 78, 42, 100, 0, 70, 41, 36, 86, 2, 19, 0, 28, 34, 100, 63, 8
0, 44, 41, 62, 78, 85, 100, 100, 87, 75, 70, 50, 55, 25, 41, 0, 1
87, 100, 48, 100, 17, 67, 6, 31, 38, 0, 100, 12, 52, 29, 0, 4, 6
85, 100, 67, 82, 32, 50, 0, 30, 51, 35, 100, 39, 82, 35, 55, 0, 4
53, 100, 52, 83, 18, 52, 0, 19, 45, 0, 100, 17, 52, 37, 28, 13, 6
100, 100, 90, 96, 45, 71, 14, 43, 16, 12, 78, 0, 72, 16, 0, 18, 6
63, 80, 88, 100, 97, 67, 72, 33, 32, 6, 0, 7, 51, 21, 100, 0, 2
18, 85, 41, 46, 37, 1, 3, 0, 0, 47, 7, 91, 53, 97, 100, 100, 5
100, 100, 55, 87, 23, 65, 0, 39, 0, 10, 44, 0, 85, 14, 59, 28, 6
50, 100, 5, 73, 0, 22, 49, 0, 100, 33, 98, 82, 41, 99, 8, 57, 0
49, 90, 32, 57, 61, 23, 5, 0, 0, 35, 9, 79, 34, 100, 100, 99, 5
41, 73, 60, 100, 72, 73, 61, 40, 37, 10, 0, 0, 49, 1, 100, 2, 2
74, 100, 50, 65, 0, 37, 3, 36, 74, 39, 100, 61, 70, 39, 51, 0, 4
26, 80, 23, 56, 60, 24, 28, 0, 0, 24, 13, 68, 47, 97, 100, 100, 5
61, 85, 47, 100, 8, 70, 0, 34, 41, 7, 100, 11, 55, 24, 9, 0, 6
22, 67, 30, 100, 65, 72, 54, 31, 12, 5, 0, 12, 54, 0, 100, 13, 2
100, 98, 67, 100, 48, 84, 38, 68, 27, 51, 19, 33, 9, 16, 0, 0, 1
0, 85, 33, 100, 82, 80, 51, 56, 67, 45, 100, 17, 53, 0, 11, 20, 3
50, 77, 73, 100, 81, 61, 51, 26, 6, 0, 0, 24, 51, 29, 100, 6, 2
60, 78, 100, 100, 38, 100, 0, 76, 70, 79, 96, 56, 75, 27, 44, 0, 9
88, 79, 80, 100, 15, 88, 59, 85, 100, 75, 76, 46, 38, 19, 0, 0, 9
25, 100, 11, 86, 0, 60, 51, 57, 100, 71, 92, 51, 72, 26, 57, 0, 4
0, 77, 29, 100, 78, 87, 55, 59, 67, 50, 100, 23, 66, 0, 12, 7, 3
96, 100, 52, 84, 18, 49, 0, 13, 46, 0, 95, 28, 100, 66, 52, 95, 0
58, 88, 96, 100, 100, 82, 81, 57, 88, 30, 85, 7, 42, 0, 0, 5, 3
0, 57, 17, 77, 73, 97, 100, 100, 73, 75, 57, 50, 43, 25, 43, 0, 1
20, 85, 89, 100, 100, 68, 62, 34, 22, 0, 0, 12, 20, 32, 100, 40, 7
100, 100, 70, 96, 42, 72, 16, 46, 0, 19, 27, 0, 54, 19, 7, 27, 6
19, 76, 67, 68, 86, 100, 7, 83, 61, 61, 100, 57, 81, 16, 0, 0, 9
45, 100, 0, 93, 33, 74, 53, 80, 70, 45, 100, 15, 63, 0, 10, 2, 9
0, 56, 31, 74, 60, 94, 80, 100, 86, 75, 90, 49, 95, 25, 100, 0, 1
100, 95, 55, 100, 13, 88, 4, 62, 46, 47, 70, 20, 39, 0, 0, 10, 5
5, 70, 8, 20, 49, 0, 93, 18, 100, 65, 67, 100, 20, 97, 0, 57, 0
49, 100, 95, 93, 83, 52, 47, 21, 0, 6, 5, 28, 54, 20, 100, 0, 2
76, 93, 28, 69, 100, 75, 34, 100, 38, 41, 0, 0, 72, 12, 21, 52, 8
80, 100, 30, 86, 5, 55, 1, 21, 49, 0, 100, 22, 55, 35, 0, 15, 6
18, 74, 29, 100, 100, 88, 73, 47, 31, 9, 0, 0, 14, 29, 96, 34, 7
77, 95, 33, 100, 0, 64, 0, 20, 50, 0, 100, 21, 57, 35, 19, 3, 6
100, 100, 68, 89, 36, 70, 12, 46, 4, 18, 33, 0, 40, 9, 0, 13, 6
52, 100, 16, 70, 0, 35, 3, 0, 66, 10, 100, 41, 98, 77, 51, 93, 0
28, 100, 5, 80, 0, 53, 17, 29, 62, 31, 100, 46, 92, 27, 87, 0, 4
25, 80, 52, 100, 57, 67, 30, 36, 0, 11, 27, 6, 63, 4, 100, 0, 2
16, 93, 35, 70, 100, 86, 26, 100, 46, 86, 86, 72, 52, 32, 0, 0, 9
32, 86, 65, 100, 99, 85, 78, 59, 94, 40, 100, 14, 52, 0, 0, 0, 3
59, 77, 0, 77, 49, 38, 93, 0, 10, 6, 38, 45, 100, 79, 52, 100, 8
0, 84, 37, 100, 82, 96, 85, 67, 59, 41, 31, 15, 51, 0, 100, 2, 2
0, 86, 35, 67, 98, 33, 81, 0, 24, 22, 74, 60, 100, 100, 15, 99, 8
82, 100, 40, 81, 6, 52, 0, 18, 51, 0, 100, 16, 58, 35, 8, 20, 6
25, 88, 8, 68, 0, 27, 39, 0, 87, 15, 100, 56, 73, 89, 20, 100, 0
0, 94, 45, 100, 100, 93, 85, 47, 73, 0, 44, 3, 29, 31, 92, 35, 7
17, 100, 0, 65, 8, 23, 53, 0, 100, 22, 96, 63, 56, 94, 8, 80, 0
10, 81, 41, 59, 100, 46, 89, 0, 31, 3, 0, 49, 10, 93, 75, 100, 5
31, 71, 57, 88, 100, 100, 71, 80, 46, 60, 20, 41, 3, 20, 0, 0, 1
25, 81, 47, 100, 48, 55, 27, 17, 0, 3, 32, 21, 65, 2, 100, 0, 2
39, 84, 83, 100, 84, 62, 55, 25, 9, 6, 0, 4, 50, 7, 100, 0, 2
0, 97, 56, 100, 93, 74, 92, 36, 74, 0, 100, 21, 88, 42, 30, 43, 7
32, 82, 69, 100, 74, 70, 57, 49, 100, 33, 94, 5, 47, 0, 0, 7, 3
1, 67, 44, 100, 100, 75, 64, 36, 17, 0, 100, 18, 42, 52, 0, 88, 8
0, 60, 24, 82, 84, 100, 100, 90, 73, 68, 43, 44, 18, 22, 14, 0, 1
88, 95, 60, 69, 74, 18, 10, 0, 0, 35, 67, 59, 100, 100, 36, 100, 8
84, 100, 44, 91, 59, 76, 100, 87, 89, 62, 70, 37, 38, 17, 0, 0, 9
100, 89, 41, 100, 0, 77, 59, 71, 84, 87, 57, 57, 30, 29, 7, 0, 9
38, 87, 11, 47, 18, 2, 66, 0, 100, 35, 91, 80, 45, 100, 0, 83, 0
100, 100, 48, 80, 13, 53, 0, 23, 36, 0, 94, 15, 64, 30, 10, 11, 6
0, 80, 35, 100, 69, 78, 49, 41, 10, 15, 5, 27, 53, 15, 100, 0, 2
66, 83, 100, 100, 98, 98, 59, 88, 29, 67, 49, 38, 38, 10, 0, 0, 5
24, 99, 77, 100, 95, 70, 44, 51, 73, 47, 100, 18, 55, 0, 0, 8, 3
50, 100, 15, 65, 1, 23, 46, 0, 97, 27, 100, 69, 54, 100, 0, 84, 0
0, 55, 34, 74, 74, 91, 100, 100, 80, 75, 62, 49, 42, 25, 24, 0, 1
2, 93, 0, 97, 50, 98, 100, 100, 72, 78, 47, 53, 31, 26, 27, 0, 7
69, 70, 61, 100, 2, 84, 23, 41, 48, 0, 0, 23, 43, 59, 100, 84, 8
100, 76, 55, 100, 6, 70, 70, 68, 80, 82, 93, 38, 71, 0, 0, 12, 9
85, 96, 38, 77, 100, 40, 68, 0, 0, 20, 51, 59, 98, 100, 32, 86, 8
51, 46, 46, 76, 72, 100, 62, 69, 51, 37, 21, 7, 0, 0, 100, 6, 1
0, 84, 50, 100, 100, 86, 70, 44, 49, 0, 21, 8, 20, 28, 84, 30, 7
40, 80, 60, 100, 100, 89, 59, 64, 60, 48, 100, 27, 60, 2, 0, 0, 3
71, 64, 100, 79, 63, 100, 0, 85, 29, 61, 100, 66, 94, 33, 95, 0, 9
30, 58, 79, 91, 100, 100, 88, 60, 79, 20, 16, 0, 0, 1, 86, 2, 1
25, 92, 71, 100, 75, 62, 57, 25, 30, 0, 0, 32, 47, 39, 100, 40, 7
0, 91, 47, 100, 100, 81, 88, 44, 60, 10, 37, 0, 24, 32, 96, 40, 7
21, 100, 19, 81, 11, 50, 0, 23, 65, 30, 100, 43, 65, 30, 68, 0, 4
40, 99, 0, 74, 1, 20, 44, 0, 88, 24, 100, 76, 60, 100, 21, 70, 0
41, 86, 80, 100, 93, 78, 50, 58, 94, 44, 100, 14, 53, 0, 0, 4, 3
43, 100, 30, 82, 5, 53, 0, 27, 52, 39, 100, 57, 83, 29, 72, 0, 4
34, 85, 64, 100, 90, 82, 60, 56, 100, 38, 92, 11, 44, 0, 0, 13, 3
57, 76, 47, 100, 89, 95, 62, 64, 71, 49, 100, 23, 57, 1, 0, 0, 3
81, 100, 32, 82, 6, 55, 0, 27, 23, 0, 100, 0, 97, 25, 16, 18, 6
17, 63, 6, 20, 51, 0, 95, 28, 100, 72, 55, 100, 0, 91, 0, 52, 0
59, 65, 91, 100, 84, 96, 72, 50, 51, 8, 0, 0, 45, 1, 100, 0, 1
40, 100, 0, 81, 15, 58, 100, 57, 47, 87, 50, 88, 40, 42, 36, 0, 4
34, 89, 3, 70, 1, 25, 49, 0, 100, 23, 100, 67, 56, 99, 0, 100, 0
42, 93, 19, 88, 0, 42, 24, 0, 83, 11, 100, 56, 75, 100, 17, 97, 0
4, 100, 0, 72, 15, 44, 79, 50, 100, 76, 90, 51, 83, 22, 85, 0, 4
29, 80, 0, 41, 14, 0, 70, 14, 100, 53, 100, 96, 49, 100, 19, 62, 0
76, 93, 24, 100, 0, 72, 58, 73, 74, 74, 100, 42, 92, 12, 37, 0, 9
100, 100, 79, 86, 62, 71, 50, 57, 33, 43, 21, 28, 8, 14, 0, 0, 1
27, 50, 56, 89, 64, 100, 55, 52, 35, 9, 0, 2, 52, 2, 100, 0, 1
56, 97, 15, 77, 0, 35, 23, 0, 70, 3, 100, 36, 95, 78, 54, 100, 0
8, 100, 67, 99, 72, 65, 55, 31, 32, 0, 0, 26, 36, 47, 100, 52, 7
100, 100, 70, 86, 53, 72, 37, 58, 20, 43, 10, 29, 0, 14, 13, 0, 1
8, 96, 55, 100, 62, 67, 42, 30, 25, 0, 0, 36, 41, 49, 100, 50, 7
100, 96, 2, 100, 0, 65, 61, 32, 37, 0, 19, 32, 68, 68, 64, 96, 8
14, 72, 5, 25, 39, 0, 81, 20, 100, 63, 75, 100, 30, 98, 0, 65, 0
11, 98, 0, 55, 52, 36, 45, 0, 17, 22, 11, 72, 42, 100, 100, 99, 5
64, 100, 10, 99, 0, 71, 56, 77, 72, 71, 100, 37, 75, 8, 19, 0, 9
100, 99, 52, 100, 17, 70, 0, 32, 24, 0, 68, 16, 40, 45, 3, 28, 6
100, 100, 63, 100, 32, 78, 8, 53, 0, 23, 23, 0, 63, 8, 44, 32, 6
18, 72, 25, 100, 24, 70, 22, 34, 17, 0, 0, 2, 51, 2, 100, 2, 1
100, 75, 62, 62, 54, 95, 93, 100, 98, 63, 81, 28, 46, 0, 0, 1, 9
0, 74, 19, 98, 60, 100, 46, 66, 22, 34, 15, 0, 59, 0, 100, 11, 2
41, 93, 88, 100, 86, 75, 47, 53, 0, 38, 5, 25, 50, 10, 100, 0, 2
2, 88, 37, 76, 87, 100, 0, 93, 48, 81, 95, 70, 87, 34, 100, 0, 9
57, 93, 18, 71, 0, 34, 19, 0, 64, 4, 96, 34, 100, 73, 69, 100, 0
10, 100, 0, 77, 30, 60, 73, 55, 100, 71, 77, 53, 64, 27, 57, 0, 4
79, 89, 100, 100, 79, 83, 57, 67, 36, 50, 18, 34, 7, 17, 0, 0, 1
2, 76, 35, 100, 76, 86, 57, 52, 18, 26, 0, 14, 51, 11, 100, 0, 2
100, 100, 64, 81, 35, 60, 13, 37, 0, 14, 31, 0, 53, 21, 5, 24, 6
43, 100, 0, 73, 6, 44, 90, 41, 100, 54, 56, 68, 52, 34, 62, 0, 4
0, 96, 43, 100, 76, 92, 54, 48, 36, 0, 21, 13, 56, 32, 100, 36, 7
84, 100, 55, 81, 32, 58, 20, 33, 30, 9, 100, 6, 52, 13, 0, 0, 6
0, 89, 33, 100, 49, 54, 39, 6, 16, 0, 10, 36, 55, 35, 100, 31, 7
0, 97, 51, 100, 65, 88, 46, 44, 42, 0, 9, 29, 40, 34, 100, 40, 7
0, 95, 41, 100, 59, 67, 51, 27, 40, 0, 12, 32, 52, 47, 100, 55, 7
53, 92, 100, 100, 66, 94, 40, 66, 49, 39, 87, 18, 48, 0, 0, 4, 5
57, 100, 84, 99, 79, 71, 68, 47, 100, 30, 77, 9, 38, 0, 0, 3, 3
78, 75, 51, 100, 8, 75, 47, 58, 85, 60, 100, 20, 64, 0, 0, 1, 9
6, 97, 62, 100, 89, 70, 62, 34, 42, 0, 100, 25, 76, 40, 0, 36, 7
0, 54, 53, 37, 52, 0, 22, 6, 57, 39, 92, 72, 100, 100, 48, 77, 8
0, 91, 59, 100, 85, 94, 54, 53, 37, 7, 21, 0, 34, 35, 100, 42, 7
27, 69, 0, 35, 8, 0, 60, 12, 90, 44, 100, 81, 57, 100, 13, 80, 0
97, 88, 41, 100, 31, 59, 98, 67, 100, 91, 97, 46, 75, 2, 0, 0, 9
70, 100, 33, 89, 0, 56, 2, 18, 62, 0, 100, 27, 40, 43, 0, 17, 6
100, 100, 61, 83, 35, 63, 12, 43, 0, 22, 4, 0, 41, 6, 27, 25, 6
95, 100, 46, 78, 11, 44, 7, 6, 66, 0, 100, 29, 48, 46, 0, 28, 6
0, 89, 59, 100, 100, 74, 68, 36, 27, 0, 53, 1, 95, 28, 15, 34, 7
100, 100, 65, 88, 26, 61, 0, 30, 13, 0, 71, 6, 61, 34, 2, 34, 6
0, 78, 38, 98, 86, 100, 76, 66, 79, 52, 100, 28, 65, 0, 24, 9, 3
72, 100, 28, 80, 53, 47, 84, 15, 30, 0, 0, 23, 49, 50, 100, 76, 8
22, 100, 0, 75, 5, 49, 61, 47, 100, 68, 86, 52, 70, 26, 69, 0, 4
58, 100, 3, 99, 0, 64, 57, 65, 71, 70, 100, 30, 70, 0, 13, 3, 9
73, 100, 35, 86, 3, 53, 0, 16, 54, 0, 100, 22, 53, 42, 4, 30, 6
46, 100, 30, 79, 0, 51, 43, 38, 86, 47, 100, 64, 81, 32, 71, 0, 4
28, 88, 55, 100, 56, 69, 30, 41, 0, 16, 33, 7, 72, 0, 100, 26, 2
80, 100, 22, 76, 58, 36, 100, 0, 0, 7, 12, 38, 96, 65, 44, 91, 8
100, 100, 86, 89, 42, 71, 0, 52, 23, 39, 62, 46, 35, 23, 9, 0, 4
51, 100, 7, 78, 57, 64, 87, 92, 86, 70, 100, 31, 61, 4, 0, 0, 9
3, 51, 38, 84, 99, 100, 100, 63, 57, 33, 0, 10, 12, 0, 82, 1, 2
67, 72, 24, 71, 0, 86, 41, 100, 84, 97, 100, 65, 88, 32, 68, 0, 9
76, 97, 38, 71, 44, 34, 36, 0, 0, 24, 54, 52, 100, 82, 62, 100, 8
85, 98, 17, 99, 21, 61, 66, 23, 15, 0, 0, 35, 61, 68, 100, 100, 8
35, 84, 24, 28, 54, 0, 87, 28, 100, 81, 66, 100, 30, 83, 0, 48, 0
31, 93, 5, 82, 0, 43, 73, 40, 100, 58, 60, 100, 43, 51, 48, 0, 4
0, 61, 0, 85, 39, 99, 100, 100, 79, 76, 57, 51, 38, 25, 33, 0, 7
8, 73, 22, 100, 34, 65, 26, 29, 0, 2, 16, 0, 58, 3, 100, 6, 2
100, 100, 59, 98, 24, 83, 7, 57, 46, 66, 60, 36, 38, 5, 0, 0, 5
100, 100, 62, 85, 32, 57, 11, 26, 25, 0, 58, 21, 35, 45, 0, 35, 6
100, 100, 37, 77, 61, 40, 67, 2, 0, 0, 34, 38, 83, 72, 70, 88, 8
0, 82, 22, 100, 50, 91, 48, 66, 38, 42, 33, 18, 55, 1, 100, 0, 2
100, 100, 43, 95, 56, 56, 59, 17, 0, 0, 17, 34, 65, 65, 72, 95, 8
0, 24, 30, 48, 61, 75, 91, 100, 100, 93, 83, 62, 68, 31, 59, 0, 1
36, 93, 12, 61, 87, 55, 79, 16, 11, 0, 0, 48, 25, 92, 100, 100, 5
6, 100, 0, 67, 56, 36, 70, 0, 58, 22, 100, 57, 100, 91, 0, 95, 8
0, 59, 46, 76, 91, 100, 82, 66, 71, 34, 65, 0, 33, 8, 100, 10, 1
13, 77, 44, 100, 51, 68, 40, 36, 15, 7, 0, 1, 50, 3, 100, 0, 2
40, 100, 0, 86, 7, 63, 100, 63, 68, 90, 46, 80, 52, 39, 40, 0, 4
78, 100, 37, 74, 0, 45, 58, 39, 100, 53, 81, 69, 70, 35, 65, 0, 4
33, 93, 16, 53, 69, 34, 24, 0, 0, 19, 10, 66, 34, 100, 100, 99, 5
48, 87, 100, 100, 91, 93, 42, 76, 64, 54, 92, 28, 55, 1, 0, 0, 5
90, 100, 54, 100, 55, 76, 94, 97, 97, 61, 100, 23, 57, 0, 0, 2, 9
62, 91, 79, 64, 90, 100, 56, 78, 97, 64, 100, 21, 51, 0, 0, 16, 9
20, 98, 1, 64, 46, 35, 30, 0, 1, 24, 0, 71, 43, 95, 100, 100, 5
0, 87, 31, 100, 66, 71, 61, 35, 51, 0, 1, 13, 21, 28, 100, 34, 7
0, 82, 58, 99, 70, 100, 61, 62, 59, 24, 24, 2, 14, 0, 100, 3, 1
50, 92, 100, 100, 53, 92, 22, 60, 48, 65, 80, 40, 51, 8, 0, 0, 5
19, 85, 20, 39, 44, 0, 86, 18, 100, 62, 73, 100, 26, 97, 0, 60, 0
89, 73, 61, 100, 22, 71, 68, 37, 76, 0, 0, 0, 40, 34, 100, 64, 8
41, 77, 70, 100, 100, 78, 67, 50, 76, 38, 93, 11, 44, 0, 0, 5, 3
22, 77, 62, 100, 90, 74, 55, 43, 93, 49, 100, 18, 42, 0, 0, 22, 3
34, 69, 54, 100, 62, 68, 36, 34, 0, 8, 6, 10, 52, 3, 100, 0, 2
77, 100, 22, 84, 63, 60, 92, 94, 100, 63, 100, 24, 45, 0, 0, 29, 9
0, 56, 25, 64, 60, 89, 65, 100, 45, 75, 35, 49, 45, 23, 100, 0, 1
59, 100, 24, 90, 0, 58, 97, 49, 100, 78, 82, 78, 65, 38, 53, 0, 4
45, 100, 10, 75, 0, 47, 60, 38, 100, 54, 97, 59, 79, 29, 69, 0, 4
79, 100, 44, 95, 53, 51, 54, 8, 6, 0, 0, 36, 60, 54, 100, 83, 8
38, 68, 68, 100, 66, 82, 62, 44, 55, 7, 0, 0, 57, 3, 100, 7, 1
15, 72, 38, 100, 49, 67, 29, 29, 0, 16, 33, 22, 66, 8, 100, 0, 2
67, 93, 26, 70, 0, 35, 15, 0, 63, 12, 92, 46, 100, 86, 62, 100, 0
36, 88, 23, 59, 100, 55, 92, 16, 20, 0, 0, 35, 8, 76, 73, 100, 5
0, 84, 36, 100, 53, 79, 28, 50, 7, 22, 27, 0, 76, 5, 100, 14, 2
0, 80, 38, 100, 50, 70, 30, 37, 0, 8, 3, 3, 52, 5, 100, 0, 2
81, 100, 50, 80, 23, 60, 4, 40, 0, 19, 31, 0, 100, 13, 42, 23, 6
11, 82, 0, 40, 15, 0, 71, 11, 100, 47, 96, 88, 42, 100, 7, 67, 0
58, 100, 19, 75, 0, 36, 14, 0, 61, 10, 93, 42, 100, 83, 58, 96, 0
0, 75, 29, 90, 67, 100, 83, 80, 94, 58, 100, 36, 88, 14, 56, 0, 3
74, 92, 30, 100, 0, 65, 2, 25, 44, 0, 94, 20, 100, 60, 79, 98, 0
100, 100, 46, 80, 14, 53, 0, 25, 27, 0, 100, 7, 78, 28, 3, 21, 6
63, 100, 45, 97, 0, 78, 0, 61, 49, 44, 100, 47, 63, 24, 37, 0, 4
0, 95, 51, 100, 73, 92, 64, 47, 62, 0, 39, 17, 52, 33, 100, 36, 7
54, 73, 94, 82, 73, 100, 73, 79, 100, 53, 81, 19, 42, 2, 0, 0, 9
66, 100, 38, 100, 0, 71, 2, 44, 64, 36, 98, 61, 94, 34, 100, 0, 4
18, 80, 62, 65, 61, 100, 36, 92, 84, 69, 100, 28, 53, 7, 0, 0, 9
86, 86, 69, 100, 27, 69, 82, 33, 46, 0, 0, 31, 66, 65, 100, 94, 8
100, 100, 63, 81, 34, 57, 10, 30, 10, 0, 48, 10, 38, 37, 0, 24, 6
0, 89, 56, 100, 95, 76, 72, 37, 47, 0, 10, 3, 32, 16, 100, 22, 7
0, 88, 34, 99, 70, 100, 68, 71, 46, 43, 33, 11, 64, 0, 100, 5, 2
44, 79, 69, 100, 99, 88, 69, 62, 100, 41, 97, 12, 47, 0, 0, 15, 3
11, 72, 38, 100, 53, 72, 34, 35, 5, 3, 0, 1, 52, 0, 100, 1, 2
10, 79, 14, 68, 85, 47, 64, 2, 0, 0, 0, 49, 12, 93, 100, 100, 5
32, 100, 2, 74, 0, 45, 55, 43, 100, 64, 75, 53, 47, 27, 43, 0, 4
60, 100, 16, 74, 0, 43, 67, 33, 100, 62, 88, 61, 55, 30, 24, 0, 4
21, 98, 6, 52, 55, 37, 22, 0, 1, 33, 0, 81, 41, 100, 100, 99, 5
6, 66, 32, 98, 55, 100, 44, 62, 30, 26, 0, 0, 50, 5, 100, 7, 1
100, 99, 40, 91, 66, 49, 58, 8, 0, 0, 22, 41, 66, 76, 72, 100, 8
68, 100, 23, 80, 0, 40, 19, 0, 70, 5, 100, 42, 100, 86, 57, 93, 0
100, 100, 58, 88, 22, 63, 0, 31, 8, 0, 56, 9, 59, 39, 7, 47, 6
58, 94, 80, 100, 81, 71, 73, 44, 100, 21, 75, 1, 31, 0, 0, 13, 3
67, 96, 7, 83, 66, 56, 100, 23, 34, 0, 0, 30, 24, 68, 24, 100, 8
100, 93, 76, 100, 41, 98, 39, 77, 67, 61, 56, 35, 29, 16, 0, 0, 5
0, 75, 39, 97, 95, 100, 100, 70, 65, 42, 23, 18, 12, 0, 69, 1, 2
41, 83, 28, 54, 100, 50, 76, 12, 7, 0, 0, 41, 14, 84, 87, 100, 5
78, 88, 28, 100, 0, 75, 58, 74, 72, 73, 100, 36, 66, 6, 8, 0, 9
5, 99, 85, 100, 82, 62, 40, 26, 24, 0, 100, 25, 96, 46, 0, 47, 7
24, 100, 0, 79, 59, 42, 98, 0, 74, 0, 91, 45, 100, 91, 13, 93, 8
100, 100, 57, 85, 27, 63, 5, 39, 0, 14, 35, 0, 66, 20, 27, 29, 6
56, 99, 18, 67, 0, 27, 33, 0, 84, 22, 100, 61, 82, 99, 32, 100, 0
27, 70, 36, 100, 66, 81, 57, 44, 30, 10, 0, 4, 48, 5, 100, 0, 2
39, 78, 45, 44, 44, 2, 0, 0, 39, 37, 95, 70, 100, 100, 29, 78, 8
16, 75, 0, 41, 27, 5, 77, 0, 100, 37, 85, 78, 43, 100, 7, 71, 0
99, 88, 48, 100, 32, 70, 85, 86, 88, 68, 100, 27, 60, 0, 0, 4, 9
60, 100, 8, 78, 0, 45, 80, 42, 100, 65, 72, 78, 66, 39, 70, 0, 4
22, 100, 2, 84, 0, 67, 31, 55, 67, 47, 97, 35, 100, 17, 93, 0, 4
0, 73, 27, 97, 90, 100, 86, 73, 66, 49, 100, 25, 68, 0, 31, 9, 3
11, 95, 46, 96, 100, 100, 67, 71, 35, 39, 18, 0, 0, 29, 39, 30, 7
13, 68, 27, 100, 56, 86, 34, 44, 0, 9, 0, 0, 50, 0, 100, 8, 2
100, 55, 42, 50, 29, 81, 75, 100, 96, 69, 82, 33, 51, 3, 0, 0, 9
96, 70, 76, 100, 46, 73, 98, 69, 100, 64, 98, 24, 52, 0, 0, 2, 9
0, 97, 60, 100, 42, 99, 5, 69, 44, 59, 100, 43, 69, 0, 0, 13, 5
76, 100, 40, 87, 0, 68, 8, 56, 68, 45, 100, 42, 68, 21, 44, 0, 4
100, 100, 63, 98, 38, 91, 42, 66, 77, 56, 60, 34, 30, 16, 0, 0, 5
46, 85, 42, 100, 52, 73, 32, 41, 0, 16, 21, 7, 62, 0, 100, 17, 2
38, 50, 49, 98, 59, 100, 56, 50, 34, 7, 0, 9, 52, 4, 100, 0, 1
16, 100, 0, 55, 64, 39, 46, 0, 12, 15, 0, 63, 29, 96, 100, 98, 5
40, 89, 28, 61, 58, 28, 23, 0, 0, 24, 6, 63, 45, 92, 100, 100, 5
19, 97, 72, 100, 68, 73, 30, 51, 81, 42, 100, 17, 54, 2, 0, 0, 3
0, 93, 42, 100, 67, 55, 52, 0, 10, 2, 11, 27, 55, 36, 100, 39, 7
4, 89, 0, 73, 23, 99, 87, 100, 100, 88, 79, 59, 59, 29, 44, 0, 7
100, 98, 100, 100, 71, 83, 50, 66, 36, 50, 21, 33, 0, 16, 7, 0, 1
29, 88, 77, 100, 81, 74, 47, 51, 100, 49, 98, 20, 56, 0, 0, 4, 3
0, 68, 54, 81, 92, 100, 100, 85, 95, 63, 90, 42, 87, 21, 85, 0, 1
34, 81, 30, 59, 100, 51, 90, 14, 22, 0, 0, 43, 20, 92, 90, 100, 5
31, 49, 91, 77, 59, 100, 0, 73, 25, 41, 100, 57, 71, 36, 37, 0, 9
0, 64, 25, 90, 77, 100, 76, 69, 51, 39, 18, 12, 43, 0, 100, 4, 2
19, 100, 14, 84, 0, 56, 72, 45, 100, 69, 100, 58, 86, 29, 77, 0, 4
0, 64, 43, 78, 81, 100, 100, 98, 95, 73, 88, 49, 81, 24, 83, 0, 1
43, 93, 23, 65, 55, 27, 21, 0, 0, 33, 48, 64, 100, 93, 45, 100, 8
50, 71, 74, 100, 100, 81, 75, 47, 42, 17, 0, 1, 39, 11, 91, 0, 2
80, 100, 100, 97, 75, 82, 55, 66, 35, 50, 20, 34, 5, 16, 0, 0, 1
83, 100, 38, 82, 81, 87, 94, 85, 100, 53, 100, 20, 53, 6, 0, 0, 9
0, 90, 43, 100, 87, 86, 69, 46, 47, 7, 66, 0, 100, 30, 45, 28, 7
0, 53, 29, 81, 49, 100, 44, 66, 40, 31, 25, 0, 54, 5, 100, 6, 1
8, 65, 0, 92, 47, 97, 100, 100, 75, 77, 53, 52, 37, 25, 41, 0, 7
0, 91, 51, 100, 84, 82, 51, 43, 25, 0, 1, 16, 39, 40, 100, 41, 7
66, 100, 41, 77, 0, 49, 18, 29, 77, 30, 100, 63, 90, 30, 95, 0, 4
45, 96, 23, 78, 0, 35, 29, 0, 83, 21, 100, 65, 63, 100, 3, 91, 0
0, 61, 34, 91, 51, 100, 48, 60, 45, 19, 4, 0, 48, 1, 100, 3, 1
0, 44, 37, 59, 71, 78, 100, 100, 88, 82, 70, 55, 55, 28, 43, 0, 1
100, 100, 52, 82, 15, 54, 0, 21, 44, 0, 96, 17, 66, 43, 7, 30, 6
0, 98, 38, 100, 61, 62, 61, 16, 39, 0, 18, 37, 58, 41, 100, 37, 7
16, 71, 44, 100, 64, 71, 40, 31, 0, 11, 23, 12, 66, 0, 100, 15, 2
100, 91, 0, 91, 41, 60, 92, 25, 20, 0, 0, 29, 55, 64, 88, 100, 8
38, 78, 73, 100, 92, 70, 58, 48, 100, 39, 85, 6, 33, 0, 0, 28, 3
0, 62, 19, 71, 69, 91, 100, 100, 71, 75, 50, 50, 29, 25, 12, 0, 1
0, 95, 52, 100, 71, 86, 63, 42, 62, 0, 27, 33, 48, 50, 100, 53, 7
28, 75, 49, 100, 57, 63, 34, 26, 0, 3, 26, 11, 66, 0, 100, 5, 2
10, 84, 64, 100, 98, 70, 71, 34, 36, 0, 0, 30, 30, 55, 100, 49, 7
41, 91, 53, 62, 95, 30, 52, 0, 14, 16, 0, 53, 17, 87, 100, 100, 5
100, 100, 45, 91, 7, 63, 0, 30, 33, 1, 89, 0, 63, 28, 7, 31, 6
100, 79, 59, 100, 17, 73, 0, 35, 22, 0, 76, 5, 59, 34, 19, 16, 6
100, 81, 37, 100, 0, 71, 49, 36, 71, 0, 18, 22, 51, 59, 90, 93, 8
87, 71, 85, 100, 46, 81, 89, 71, 100, 74, 91, 30, 51, 4, 0, 0, 9
43, 100, 16, 86, 0, 41, 24, 0, 75, 11, 100, 53, 85, 97, 34, 97, 0
21, 87, 24, 55, 60, 29, 24, 0, 0, 17, 10, 68, 52, 90, 100, 100, 5
0, 54, 26, 89, 36, 100, 32, 61, 40, 22, 4, 0, 40, 3, 100, 4, 1
35, 100, 8, 68, 0, 31, 24, 0, 73, 10, 100, 43, 98, 80, 55, 94, 0
100, 100, 62, 87, 34, 64, 13, 37, 0, 9, 29, 0, 40, 25, 1, 22, 6
24, 91, 22, 61, 38, 25, 1, 0, 0, 39, 0, 78, 46, 95, 100, 100, 5
100, 100, 60, 98, 23, 69, 0, 32, 24, 0, 77, 8, 70, 39, 17, 37, 6
0, 78, 57, 74, 91, 100, 10, 94, 23, 74, 100, 80, 86, 40, 85, 0, 9
46, 100, 6, 79, 0, 48, 67, 43, 100, 73, 77, 61, 45, 31, 19, 0, 4
19, 75, 64, 99, 100, 100, 48, 90, 5, 63, 53, 51, 47, 2, 0, 0, 5
55, 92, 100, 100, 73, 86, 43, 59, 72, 40, 89, 12, 46, 0, 0, 0, 5
0, 95, 56, 100, 61, 80, 51, 40, 44, 0, 17, 27, 41, 39, 100, 47, 7
86, 93, 100, 100, 64, 84, 39, 67, 22, 51, 8, 34, 0, 17, 0, 0, 1
77, 100, 37, 78, 0, 53, 48, 37, 100, 40, 92, 60, 87, 28, 97, 0, 4
81, 80, 28, 87, 0, 53, 8, 16, 61, 0, 100, 25, 100, 62, 84, 100, 0
85, 100, 44, 87, 11, 54, 0, 16, 50, 0, 100, 20, 68, 46, 8, 41, 6
93, 100, 42, 95, 60, 70, 99, 100, 97, 77, 100, 37, 58, 9, 0, 0, 9
55, 85, 67, 100, 86, 75, 67, 47, 100, 31, 83, 9, 38, 0, 0, 8, 3
51, 93, 86, 100, 80, 69, 54, 44, 100, 37, 94, 10, 48, 1, 0, 0, 3
21, 67, 27, 49, 39, 21, 0, 0, 12, 28, 26, 59, 48, 88, 100, 100, 5
10, 94, 84, 100, 37, 97, 21, 67, 63, 60, 100, 32, 60, 0, 0, 18, 5
76, 66, 82, 100, 0, 88, 49, 53, 97, 15, 32, 0, 38, 39, 100, 72, 8
11, 100, 0, 48, 17, 0, 68, 4, 100, 46, 89, 94, 40, 92, 13, 50, 0
12, 84, 0, 63, 8, 16, 46, 0, 88, 15, 100, 59, 71, 94, 29, 100, 0
43, 100, 18, 71, 0, 39, 35, 22, 100, 32, 98, 63, 76, 31, 58, 0, 4
25, 95, 18, 52, 59, 29, 22, 0, 0, 16, 18, 66, 52, 99, 100, 100, 5
0, 98, 52, 100, 61, 75, 49, 32, 48, 0, 17, 37, 48, 42, 100, 50, 7
17, 97, 87, 100, 100, 66, 72, 31, 43, 0, 0, 32, 32, 45, 73, 45, 7
0, 89, 25, 100, 31, 68, 17, 37, 11, 9, 40, 4, 70, 3, 100, 0, 2
6, 90, 63, 100, 98, 91, 63, 72, 84, 50, 100, 27, 57, 10, 0, 0, 3
8, 72, 0, 99, 47, 99, 100, 100, 77, 77, 53, 53, 35, 27, 31, 0, 7
29, 95, 0, 63, 4, 19, 52, 0, 96, 23, 100, 68, 66, 100, 16, 87, 0
88, 100, 53, 80, 22, 54, 0, 27, 9, 0, 100, 7, 44, 18, 6, 4, 6
94, 100, 47, 78, 14, 50, 0, 22, 39, 0, 100, 19, 81, 46, 8, 53, 6
100, 100, 75, 79, 40, 60, 0, 43, 17, 31, 60, 41, 31, 21, 17, 0, 4
98, 68, 72, 100, 25, 83, 0, 39, 27, 0, 77, 4, 100, 47, 95, 83, 0
2, 97, 8, 66, 45, 31, 12, 0, 0, 37, 2, 91, 50, 100, 100, 100, 5
25, 98, 64, 100, 72, 67, 53, 33, 30, 0, 0, 16, 37, 30, 100, 33, 7
58, 100, 19, 74, 0, 32, 27, 0, 76, 25, 100, 65, 74, 99, 18, 85, 0
32, 84, 68, 100, 100, 89, 73, 61, 95, 42, 88, 11, 44, 0, 0, 15, 3
45, 100, 7, 61, 0, 10, 60, 0, 100, 43, 96, 93, 38, 96, 15, 48, 0
51, 96, 20, 54, 78, 53, 65, 12, 0, 0, 11, 43, 40, 90, 100, 100, 5
22, 83, 62, 100, 73, 69, 43, 41, 0, 26, 6, 12, 52, 1, 100, 0, 2
100, 100, 88, 93, 45, 71, 0, 48, 78, 45, 75, 48, 45, 24, 32, 0, 4
0, 64, 23, 100, 74, 84, 75, 42, 61, 0, 6, 1, 36, 30, 100, 37, 7
45, 87, 56, 67, 51, 25, 0, 0, 5, 35, 53, 68, 100, 100, 47, 98, 8
86, 85, 40, 100, 33, 67, 100, 34, 98, 0, 0, 18, 29, 53, 98, 86, 8
50, 85, 100, 100, 96, 90, 67, 73, 46, 55, 21, 36, 0, 18, 0, 0, 1
44, 80, 68, 100, 94, 84, 72, 55, 100, 29, 79, 5, 35, 0, 0, 17, 3
57, 93, 0, 71, 61, 42, 100, 6, 31, 0, 40, 42, 71, 82, 21, 100, 8
36, 83, 76, 100, 100, 76, 62, 49, 61, 43, 93, 17, 43, 0, 0, 17, 3
0, 91, 30, 60, 100, 30, 100, 0, 22, 23, 43, 54, 96, 85, 26, 100, 8
93, 96, 37, 100, 45, 62, 100, 83, 90, 81, 90, 38, 63, 0, 0, 10, 9
100, 80, 66, 100, 34, 71, 29, 35, 15, 0, 0, 19, 41, 45, 97, 58, 8
53, 100, 2, 77, 66, 46, 100, 10, 17, 0, 0, 33, 68, 62, 66, 98, 8
0, 89, 38, 100, 54, 60, 50, 13, 36, 0, 20, 30, 60, 39, 100, 45, 7
22, 76, 43, 69, 95, 100, 0, 96, 20, 71, 100, 81, 82, 41, 69, 0, 9
0, 97, 50, 99, 100, 100, 88, 71, 56, 37, 38, 0, 46, 38, 96, 35, 7
100, 100, 57, 97, 22, 68, 0, 37, 11, 5, 92, 0, 92, 28, 3, 25, 6
30, 96, 5, 58, 0, 16, 38, 0, 80, 17, 100, 56, 80, 93, 36, 100, 0
95, 93, 56, 100, 28, 68, 18, 34, 38, 2, 100, 0, 74, 27, 0, 21, 6
0, 77, 42, 100, 75, 79, 34, 53, 60, 47, 100, 25, 57, 4, 6, 0, 3
23, 79, 57, 100, 78, 79, 51, 50, 10, 31, 0, 17, 49, 7, 100, 0, 2
71, 81, 2, 86, 65, 45, 100, 0, 0, 2, 20, 50, 87, 91, 38, 100, 8
49, 83, 99, 100, 94, 92, 49, 67, 61, 44, 100, 23, 55, 0, 0, 0, 5
65, 100, 4, 79, 73, 52, 100, 17, 31, 0, 0, 35, 49, 68, 69, 97, 8
0, 96, 66, 100, 78, 85, 63, 42, 62, 0, 31, 19, 34, 42, 100, 44, 7
25, 85, 54, 100, 78, 77, 61, 48, 100, 35, 80, 10, 36, 0, 0, 16, 3
37, 84, 0, 53, 7, 11, 64, 0, 100, 35, 100, 78, 50, 100, 7, 69, 0
66, 89, 93, 100, 80, 69, 68, 48, 100, 23, 80, 0, 40, 1, 0, 6, 3
8, 87, 0, 71, 24, 96, 88, 100, 100, 90, 84, 56, 68, 22, 53, 0, 7
93, 81, 43, 100, 22, 69, 63, 36, 60, 0, 0, 2, 33, 31, 100, 47, 8
15, 100, 11, 84, 0, 48, 61, 43, 100, 59, 71, 72, 49, 36, 35, 0, 4
0, 94, 62, 100, 92, 71, 80, 34, 52, 0, 21, 23, 34, 48, 100, 51, 7
100, 100, 86, 86, 72, 71, 58, 57, 42, 43, 25, 28, 8, 14, 0, 0, 1
100, 77, 70, 100, 33, 75, 31, 36, 17, 0, 0, 17, 39, 45, 93, 62, 8
100, 85, 57, 100, 44, 74, 90, 76, 93, 54, 82, 15, 41, 0, 0, 20, 9
78, 72, 60, 100, 0, 72, 56, 37, 100, 0, 31, 3, 57, 43, 95, 83, 8
46, 100, 7, 83, 0, 51, 66, 52, 100, 82, 76, 63, 47, 32, 22, 0, 4
3, 71, 38, 100, 45, 92, 42, 56, 38, 20, 0, 1, 32, 0, 100, 3, 1
0, 61, 38, 73, 77, 90, 100, 100, 78, 76, 58, 51, 41, 25, 26, 0, 1
72, 100, 49, 96, 0, 73, 4, 56, 86, 48, 100, 48, 53, 25, 23, 0, 4
21, 100, 21, 83, 0, 55, 29, 41, 85, 45, 100, 55, 86, 28, 86, 0, 4
9, 98, 61, 100, 69, 65, 54, 30, 33, 0, 0, 32, 19, 37, 100, 43, 7
89, 91, 34, 100, 39, 66, 74, 31, 49, 0, 0, 19, 46, 49, 100, 76, 8
9, 100, 7, 97, 0, 66, 100, 58, 78, 84, 46, 74, 39, 37, 39, 0, 4
100, 96, 98, 100, 82, 83, 68, 66, 52, 49, 32, 33, 20, 16, 0, 0, 1
0, 99, 75, 100, 83, 71, 52, 36, 27, 0, 6, 3, 22, 30, 100, 34, 7
86, 100, 35, 77, 8, 51, 0, 23, 35, 0, 100, 15, 84, 42, 22, 58, 6
0, 3, 29, 24, 57, 50, 83, 77, 100, 100, 80, 69, 64, 35, 51, 0, 1
30, 84, 61, 100, 85, 79, 67, 54, 95, 39, 100, 14, 54, 0, 0, 10, 3
49, 89, 71, 59, 98, 23, 38, 0, 18, 33, 60, 67, 100, 100, 0, 94, 8
0, 88, 45, 100, 100, 99, 96, 76, 69, 54, 69, 29, 69, 5, 18, 0, 3
23, 71, 52, 100, 40, 91, 40, 57, 40, 24, 0, 0, 29, 4, 100, 4, 1
47, 100, 12, 76, 0, 50, 47, 39, 100, 58, 81, 51, 59, 26, 55, 0, 4
35, 70, 75, 47, 75, 10, 0, 0, 18, 36, 68, 68, 100, 100, 23, 79, 8
0, 100, 59, 100, 81, 88, 60, 45, 52, 0, 31, 7, 24, 32, 100, 33, 7
1, 63, 14, 100, 56, 87, 38, 42, 0, 9, 2, 2, 51, 5, 100, 0, 2
57, 100, 22, 72, 0, 31, 25, 0, 75, 13, 100, 50, 75, 87, 26, 85, 0
20, 85, 62, 100, 71, 72, 45, 52, 98, 47, 100, 17, 53, 0, 0, 0, 3
0, 56, 5, 14, 47, 0, 86, 25, 100, 66, 76, 100, 34, 80, 6, 45, 0
0, 82, 26, 100, 51, 80, 43, 50, 24, 22, 12, 2, 57, 1, 100, 0, 2
35, 98, 76, 100, 80, 72, 67, 54, 100, 34, 77, 9, 35, 0, 0, 7, 3
0, 89, 31, 100, 100, 80, 94, 39, 63, 0, 22, 15, 8, 37, 95, 44, 7
43, 83, 42, 76, 52, 100, 46, 44, 36, 0, 0, 13, 50, 12, 100, 13, 1
36, 100, 3, 76, 0, 32, 27, 0, 70, 6, 100, 37, 91, 76, 49, 70, 0
75, 100, 0, 89, 70, 61, 100, 26, 32, 0, 7, 31, 63, 63, 95, 99, 8
100, 95, 38, 99, 35, 65, 70, 29, 32, 0, 0, 27, 36, 64, 65, 100, 8
0, 61, 24, 71, 62, 90, 100, 100, 86, 74, 68, 49, 51, 23, 41, 0, 1
66, 90, 6, 55, 100, 73, 45, 100, 33, 46, 0, 0, 89, 11, 13, 23, 8
100, 100, 56, 82, 19, 56, 0, 25, 30, 0, 87, 2, 84, 16, 30, 9, 6
100, 81, 55, 100, 0, 83, 33, 65, 85, 85, 83, 64, 64, 32, 62, 0, 9
61, 59, 100, 80, 66, 100, 15, 85, 0, 55, 55, 48, 87, 32, 71, 0, 9
26, 64, 39, 100, 44, 92, 43, 52, 39, 12, 0, 0, 47, 2, 100, 8, 1
17, 71, 38, 100, 90, 85, 68, 51, 66, 44, 100, 15, 53, 0, 0, 18, 3
0, 59, 31, 70, 65, 87, 100, 100, 87, 75, 75, 51, 68, 25, 60, 0, 1
90, 100, 55, 76, 28, 46, 12, 14, 51, 0, 100, 19, 49, 20, 0, 2, 6
14, 78, 45, 100, 62, 71, 34, 39, 0, 14, 15, 8, 58, 8, 100, 0, 2
97, 82, 62, 100, 13, 69, 63, 59, 100, 88, 96, 41, 64, 1, 0, 0, 9
23, 97, 0, 53, 20, 6, 66, 0, 100, 35, 98, 84, 53, 100, 9, 81, 0
100, 100, 64, 96, 55, 68, 88, 92, 86, 66, 76, 28, 42, 1, 0, 0, 9
7, 60, 100, 79, 76, 100, 24, 71, 80, 36, 84, 0, 0, 14, 47, 50, 8
68, 55, 98, 94, 35, 100, 0, 65, 75, 80, 100, 61, 76, 20, 6, 0, 9
0, 94, 48, 98, 96, 100, 98, 68, 84, 32, 68, 0, 52, 30, 100, 30, 7
36, 100, 23, 78, 57, 38, 31, 0, 0, 16, 11, 71, 51, 94, 100, 82, 5
6, 100, 4, 95, 0, 71, 2, 47, 45, 30, 100, 44, 78, 24, 82, 0, 4
77, 100, 48, 90, 24, 30, 56, 0, 100, 43, 90, 94, 34, 72, 0, 21, 0
98, 76, 67, 100, 0, 92, 23, 66, 90, 74, 100, 53, 72, 22, 19, 0, 9
46, 92, 0, 75, 48, 39, 44, 0, 7, 19, 52, 57, 100, 92, 37, 100, 8
46, 75, 44, 100, 79, 90, 56, 44, 19, 6, 0, 6, 50, 10, 100, 0, 2
0, 69, 52, 60, 100, 77, 74, 100, 23, 89, 47, 69, 55, 36, 51, 0, 9
54, 100, 35, 79, 0, 49, 19, 40, 89, 38, 100, 65, 81, 32, 65, 0, 4
0, 100, 67, 100, 100, 80, 70, 43, 42, 4, 12, 0, 23, 30, 92, 35, 7
47, 87, 75, 100, 80, 73, 85, 54, 100, 31, 74, 8, 38, 0, 0, 5, 3
57, 100, 0, 75, 62, 40, 62, 0, 2, 15, 56, 53, 100, 93, 23, 95, 8
0, 100, 17, 100, 10, 74, 4, 48, 42, 29, 100, 44, 81, 25, 98, 0, 4
0, 94, 45, 100, 54, 68, 47, 34, 40, 0, 13, 29, 47, 41, 100, 46, 7
88, 100, 9, 93, 8, 45, 55, 0, 0, 6, 37, 50, 100, 84, 44, 99, 8
38, 82, 80, 100, 88, 72, 39, 50, 84, 47, 100, 14, 47, 0, 0, 13, 3
79, 89, 57, 100, 65, 89, 100, 91, 83, 62, 59, 36, 32, 13, 0, 0, 9
34, 93, 92, 100, 53, 92, 0, 73, 49, 61, 100, 40, 86, 10, 26, 0, 5
87, 87, 44, 100, 24, 74, 70, 67, 100, 57, 89, 12, 46, 0, 0, 11, 9
26, 86, 20, 43, 37, 0, 87, 12, 100, 56, 74, 95, 22, 100, 0, 60, 0
30, 68, 63, 39, 77, 0, 0, 6, 44, 41, 100, 75, 63, 100, 9, 69, 8
0, 81, 38, 100, 71, 82, 54, 41, 33, 0, 26, 14, 43, 46, 100, 55, 7
0, 50, 42, 71, 81, 95, 100, 100, 74, 75, 52, 50, 39, 25, 39, 0, 1
31, 96, 0, 55, 57, 54, 64, 6, 20, 0, 22, 61, 39, 99, 100, 100, 5
100, 100, 52, 87, 17, 60, 0, 29, 17, 0, 71, 4, 58, 29, 0, 30, 6
19, 82, 2, 66, 0, 23, 33, 0, 78, 14, 100, 50, 77, 86, 33, 100, 0
0, 81, 28, 100, 44, 64, 43, 24, 37, 0, 5, 29, 51, 40, 100, 47, 7
12, 78, 43, 100, 100, 97, 78, 66, 38, 40, 0, 13, 38, 0, 100, 3, 2
44, 100, 29, 67, 0, 31, 32, 15, 100, 16, 99, 52, 89, 40, 82, 0, 4
36, 63, 52, 100, 52, 48, 29, 6, 0, 0, 30, 15, 65, 3, 100, 1, 2
0, 100, 13, 72, 87, 78, 58, 97, 49, 80, 100, 58, 70, 29, 47, 0, 9
31, 74, 71, 100, 74, 79, 62, 35, 44, 0, 0, 4, 50, 4, 100, 7, 1
26, 82, 39, 100, 73, 76, 63, 45, 29, 20, 0, 13, 53, 17, 100, 0, 2
38, 76, 0, 91, 39, 45, 75, 0, 24, 12, 58, 58, 100, 100, 37, 94, 8
100, 98, 61, 100, 20, 89, 0, 58, 36, 54, 65, 37, 44, 2, 6, 0, 5
51, 58, 83, 100, 0, 92, 3, 49, 68, 10, 13, 0, 15, 43, 100, 77, 8
6, 97, 58, 100, 100, 85, 76, 56, 44, 29, 25, 0, 0, 29, 53, 37, 7
96, 43, 63, 0, 1, 7, 0, 57, 38, 100, 100, 94, 81, 45, 36, 7, 0
43, 92, 70, 100, 68, 66, 39, 37, 0, 18, 17, 34, 56, 13, 100, 0, 2
24, 100, 7, 72, 0, 42, 6, 13, 60, 9, 100, 29, 43, 23, 9, 0, 6
12, 100, 0, 70, 64, 68, 100, 87, 82, 90, 67, 60, 54, 30, 50, 0, 4
0, 79, 47, 96, 100, 100, 80, 74, 39, 51, 5, 26, 25, 4, 82, 0, 2
0, 98, 22, 65, 100, 89, 17, 100, 18, 74, 85, 70, 58, 30, 1, 0, 9
58, 67, 24, 85, 86, 100, 92, 70, 48, 42, 0, 14, 29, 0, 100, 7, 2
82, 85, 100, 100, 49, 68, 0, 36, 20, 0, 94, 3, 53, 27, 35, 8, 6
86, 100, 32, 92, 1, 55, 0, 16, 60, 0, 100, 31, 31, 34, 7, 1, 6
40, 81, 69, 100, 97, 80, 66, 55, 100, 41, 100, 15, 53, 0, 0, 0, 3
100, 100, 49, 93, 21, 62, 0, 32, 12, 0, 88, 8, 93, 34, 16, 22, 6
15, 62, 56, 100, 100, 88, 74, 43, 41, 0, 88, 8, 65, 50, 0, 60, 8
0, 82, 44, 98, 100, 100, 93, 75, 53, 55, 78, 35, 58, 13, 7, 0, 3
51, 85, 83, 100, 100, 90, 81, 66, 73, 40, 73, 16, 39, 2, 0, 0, 3
3, 71, 0, 95, 45, 100, 100, 99, 79, 78, 48, 53, 31, 24, 54, 0, 7
0, 76, 30, 48, 53, 9, 11, 0, 47, 34, 97, 66, 100, 100, 38, 85, 8
18, 74, 49, 100, 53, 67, 31, 31, 0, 0, 13, 11, 59, 2, 100, 8, 2
73, 100, 24, 85, 0, 39, 22, 0, 70, 20, 100, 62, 78, 99, 31, 76, 0
14, 96, 87, 100, 21, 96, 22, 58, 70, 65, 100, 28, 54, 0, 0, 17, 5
48, 100, 20, 88, 0, 72, 4, 54, 21, 39, 52, 28, 79, 15, 100, 0, 4
18, 89, 100, 100, 53, 93, 10, 64, 53, 77, 96, 52, 68, 21, 0, 0, 5
41, 100, 38, 84, 16, 52, 11, 17, 54, 0, 100, 19, 55, 32, 0, 23, 6
100, 100, 48, 81, 19, 54, 7, 25, 39, 0, 92, 10, 64, 34, 0, 33, 6
53, 100, 0, 77, 10, 45, 100, 43, 87, 66, 47, 77, 35, 39, 31, 0, 4
42, 85, 24, 51, 75, 38, 52, 4, 0, 0, 17, 49, 50, 85, 100, 100, 5
26, 93, 17, 75, 65, 46, 44, 0, 0, 18, 21, 70, 42, 98, 100, 100, 5
6, 100, 60, 98, 62, 56, 35, 15, 45, 0, 100, 26, 69, 40, 0, 38, 7
39, 100, 10, 76, 0, 41, 52, 25, 89, 45, 100, 67, 78, 33, 57, 0, 4
46, 100, 22, 66, 0, 32, 69, 38, 100, 45, 56, 65, 53, 28, 51, 0, 4
100, 100, 55, 93, 12, 66, 0, 29, 30, 0, 84, 15, 72, 48, 10, 46, 6
0, 93, 64, 100, 100, 80, 91, 50, 80, 20, 68, 0, 22, 20, 87, 28, 7
13, 52, 35, 92, 40, 100, 43, 57, 45, 13, 0, 0, 51, 1, 100, 0, 1
26, 70, 19, 25, 57, 0, 95, 21, 100, 68, 69, 100, 24, 88, 0, 48, 0
34, 87, 63, 100, 100, 93, 69, 64, 69, 37, 86, 13, 44, 0, 0, 0, 3
17, 70, 0, 32, 24, 0, 67, 14, 97, 48, 100, 90, 59, 100, 28, 71, 0
0, 69, 20, 100, 56, 86, 41, 49, 10, 19, 10, 5, 57, 0, 100, 16, 2
100, 83, 57, 100, 40, 67, 88, 75, 98, 54, 97, 11, 48, 0, 0, 12, 9
6, 100, 0, 99, 0, 56, 65, 51, 100, 65, 60, 94, 52, 47, 53, 0, 4
12, 77, 40, 100, 74, 85, 58, 55, 100, 40, 94, 14, 49, 2, 0, 0, 3
28, 83, 6, 56, 73, 48, 83, 10, 15, 0, 0, 42, 32, 90, 100, 100, 5
3, 91, 61, 100, 47, 97, 5, 74, 48, 52, 100, 32, 56, 12, 0, 0, 5
37, 100, 0, 80, 16, 52, 100, 55, 82, 82, 52, 80, 53, 39, 58, 0, 4
86, 100, 38, 80, 6, 51, 0, 18, 47, 0, 100, 13, 62, 30, 7, 18, 6
55, 100, 48, 93, 0, 72, 34, 58, 100, 52, 97, 48, 58, 25, 32, 0, 4
0, 74, 35, 100, 100, 96, 94, 63, 52, 35, 0, 11, 5, 0, 77, 6, 2
