@relation penbased-3
@attribute At1 integer [0, 100]
@attribute At2 integer [0, 100]
@attribute At3 integer [0, 100]
@attribute At4 integer [0, 100]
@attribute At5 integer [0, 100]
@attribute At6 integer [0, 100]
@attribute At7 integer [0, 100]
@attribute At8 integer [0, 100]
@attribute At9 integer [0, 100]
@attribute At10 integer [0, 100]
@attribute At11 integer [0, 100]
@attribute At12 integer [0, 100]
@attribute At13 integer [0, 100]
@attribute At14 integer [0, 100]
@attribute At15 integer [0, 100]
@attribute At16 integer [0, 100]
@attribute Class {0, 1, 2, 3, 4, 5, 6, 7, 8, 9}
@inputs At1, At2, At3, At4, At5, At6, At7, At8, At9, At10, At11, At12, At13, At14, At15, At16
@outputs Class
@data
47, 100, 27, 81, 57, 37, 26, 0, 0, 23, 56, 53, 100, 90, 40, 98, 8
91, 74, 54, 100, 0, 87, 23, 59, 81, 67, 100, 39, 79, 4, 21, 0, 9
0, 83, 29, 100, 88, 95, 64, 69, 73, 43, 100, 13, 50, 1, 10, 0, 3
100, 99, 67, 100, 24, 68, 0, 32, 27, 0, 99, 8, 77, 40, 9, 55, 6
29, 72, 45, 100, 78, 78, 60, 41, 25, 12, 0, 4, 50, 6, 100, 0, 2
51, 76, 68, 91, 100, 100, 83, 80, 59, 60, 34, 40, 10, 20, 0, 0, 1
41, 96, 17, 76, 50, 37, 31, 0, 0, 34, 1, 86, 49, 98, 100, 100, 5
38, 94, 4, 63, 0, 20, 41, 0, 84, 19, 100, 60, 77, 98, 32, 100, 0
16, 90, 9, 61, 50, 35, 23, 0, 5, 35, 0, 81, 48, 97, 100, 100, 5
15, 73, 0, 34, 30, 0, 81, 1, 100, 38, 87, 78, 44, 100, 16, 68, 0
100, 88, 69, 100, 20, 84, 70, 86, 93, 71, 70, 44, 38, 19, 0, 0, 9
0, 52, 52, 83, 97, 100, 91, 55, 84, 10, 21, 0, 21, 7, 100, 7, 1
30, 100, 16, 84, 0, 51, 28, 26, 80, 33, 100, 65, 79, 34, 68, 0, 4
78, 85, 65, 66, 100, 25, 49, 0, 15, 29, 58, 67, 66, 100, 0, 84, 8
39, 80, 21, 60, 35, 19, 12, 0, 0, 31, 16, 72, 51, 98, 100, 100, 5
0, 48, 30, 67, 65, 85, 100, 100, 84, 75, 65, 51, 47, 25, 34, 0, 1
14, 55, 40, 61, 59, 100, 58, 62, 59, 21, 100, 14, 48, 5, 0, 0, 1
92, 73, 32, 63, 0, 86, 51, 100, 100, 82, 96, 51, 64, 23, 21, 0, 9
0, 74, 28, 100, 69, 99, 79, 63, 59, 28, 28, 0, 57, 0, 100, 2, 2
0, 80, 30, 100, 74, 81, 82, 43, 75, 4, 39, 0, 44, 16, 100, 20, 7
100, 100, 54, 90, 17, 66, 0, 35, 16, 5, 66, 0, 66, 29, 22, 47, 6
100, 97, 66, 100, 30, 88, 24, 55, 54, 59, 61, 27, 38, 0, 0, 1, 5
0, 84, 40, 100, 76, 71, 65, 33, 32, 0, 5, 28, 42, 44, 100, 46, 7
45, 92, 19, 94, 42, 68, 58, 100, 89, 69, 100, 24, 55, 0, 0, 3, 9
24, 66, 100, 89, 30, 66, 88, 32, 34, 0, 0, 34, 61, 72, 77, 100, 8
50, 86, 17, 60, 0, 27, 21, 0, 70, 9, 100, 37, 91, 70, 63, 100, 0
24, 87, 0, 62, 7, 0, 61, 0, 100, 44, 80, 100, 29, 93, 7, 36, 0
25, 76, 45, 100, 77, 66, 57, 25, 9, 3, 0, 7, 53, 6, 100, 0, 2
21, 85, 8, 46, 61, 47, 39, 0, 0, 13, 11, 66, 35, 98, 100, 100, 5
17, 96, 0, 45, 26, 0, 73, 1, 100, 48, 88, 100, 44, 99, 23, 52, 0
89, 100, 56, 85, 0, 62, 44, 50, 100, 54, 82, 77, 52, 38, 20, 0, 4
100, 66, 56, 100, 23, 73, 77, 34, 65, 0, 0, 24, 55, 58, 73, 77, 8
100, 100, 62, 86, 30, 66, 7, 41, 0, 12, 36, 0, 59, 18, 17, 25, 6
37, 79, 78, 100, 94, 68, 60, 37, 10, 19, 0, 31, 55, 24, 100, 0, 2
22, 77, 89, 62, 98, 100, 32, 87, 68, 63, 100, 55, 81, 11, 0, 0, 9
29, 72, 52, 100, 63, 58, 39, 17, 0, 0, 18, 17, 59, 10, 100, 3, 2
15, 97, 0, 76, 33, 46, 95, 59, 100, 100, 83, 83, 87, 41, 97, 0, 4
0, 65, 37, 82, 82, 100, 100, 90, 86, 65, 70, 39, 55, 14, 49, 0, 1
100, 81, 55, 54, 0, 63, 23, 95, 84, 100, 94, 64, 74, 29, 35, 0, 9
27, 90, 0, 77, 64, 52, 72, 11, 8, 0, 7, 41, 29, 84, 100, 100, 5
8, 100, 0, 77, 0, 55, 29, 38, 71, 55, 71, 42, 71, 20, 100, 0, 4
0, 78, 39, 100, 82, 75, 68, 37, 54, 0, 6, 25, 35, 37, 100, 37, 7
0, 96, 10, 100, 59, 99, 100, 87, 93, 64, 69, 43, 44, 22, 25, 0, 7
9, 61, 16, 100, 58, 96, 41, 53, 7, 18, 0, 8, 49, 2, 100, 0, 2
78, 99, 0, 100, 17, 63, 57, 28, 47, 0, 7, 31, 45, 65, 100, 95, 8
100, 100, 65, 85, 33, 64, 10, 39, 0, 11, 35, 0, 54, 22, 10, 24, 6
100, 100, 63, 84, 32, 55, 13, 22, 43, 0, 81, 17, 36, 28, 0, 8, 6
45, 100, 14, 69, 61, 42, 46, 0, 0, 3, 15, 50, 42, 91, 100, 96, 5
26, 76, 23, 100, 52, 68, 43, 30, 0, 12, 49, 5, 97, 0, 100, 32, 2
31, 100, 0, 62, 37, 38, 100, 43, 88, 80, 66, 85, 62, 42, 51, 0, 4
20, 73, 47, 100, 62, 70, 41, 35, 11, 3, 0, 15, 49, 9, 100, 0, 2
0, 84, 39, 100, 79, 78, 39, 55, 67, 48, 100, 21, 62, 0, 15, 10, 3
20, 82, 35, 100, 73, 87, 42, 60, 72, 49, 100, 26, 57, 4, 0, 0, 3
0, 62, 34, 82, 84, 100, 100, 88, 89, 66, 79, 44, 76, 22, 84, 0, 1
28, 95, 100, 100, 51, 97, 0, 74, 16, 54, 86, 42, 71, 13, 1, 0, 5
0, 83, 35, 100, 71, 91, 63, 46, 57, 0, 40, 17, 60, 34, 100, 34, 7
38, 99, 90, 95, 29, 100, 10, 58, 60, 53, 100, 23, 49, 0, 0, 18, 5
89, 100, 48, 76, 18, 46, 8, 12, 55, 0, 100, 14, 51, 23, 0, 12, 6
0, 78, 36, 100, 79, 99, 85, 67, 70, 41, 100, 16, 63, 0, 24, 16, 3
15, 59, 57, 81, 100, 100, 79, 72, 65, 44, 53, 15, 0, 1, 21, 0, 1
25, 97, 37, 70, 100, 88, 27, 100, 0, 80, 76, 65, 75, 31, 29, 0, 9
0, 83, 32, 100, 75, 89, 39, 69, 49, 49, 100, 35, 70, 15, 21, 0, 3
91, 100, 48, 76, 17, 51, 0, 24, 28, 0, 100, 5, 78, 26, 0, 29, 6
0, 79, 32, 100, 69, 93, 54, 58, 25, 29, 4, 5, 52, 0, 100, 2, 2
0, 100, 53, 100, 100, 88, 84, 56, 61, 24, 42, 0, 18, 31, 56, 46, 7
25, 91, 61, 100, 74, 75, 44, 55, 94, 43, 100, 16, 53, 0, 0, 6, 3
99, 97, 47, 100, 8, 74, 0, 41, 28, 11, 85, 0, 100, 22, 38, 24, 6
0, 87, 32, 100, 67, 84, 48, 50, 16, 23, 16, 2, 58, 3, 100, 0, 2
38, 73, 84, 41, 100, 0, 53, 7, 73, 49, 98, 90, 54, 100, 0, 75, 8
0, 23, 63, 46, 100, 87, 50, 100, 34, 57, 86, 23, 57, 0, 9, 22, 8
100, 91, 63, 100, 18, 89, 5, 53, 42, 50, 77, 32, 47, 4, 0, 0, 5
0, 61, 36, 82, 78, 100, 100, 95, 76, 71, 49, 47, 24, 23, 22, 0, 1
63, 93, 36, 100, 30, 74, 58, 85, 80, 53, 100, 20, 60, 0, 0, 8, 9
48, 80, 50, 100, 100, 99, 78, 69, 76, 49, 91, 18, 45, 0, 0, 9, 3
82, 90, 39, 100, 25, 64, 75, 80, 100, 83, 91, 43, 58, 9, 0, 0, 9
7, 94, 17, 51, 94, 47, 66, 0, 9, 3, 0, 56, 18, 97, 100, 100, 5
0, 71, 20, 100, 54, 91, 51, 55, 29, 22, 3, 0, 54, 3, 100, 9, 2
0, 91, 36, 100, 62, 83, 57, 60, 70, 39, 100, 22, 78, 4, 39, 0, 3
0, 100, 28, 65, 100, 79, 38, 96, 58, 55, 96, 44, 72, 0, 11, 23, 9
0, 64, 37, 82, 85, 99, 100, 100, 85, 75, 76, 50, 70, 24, 67, 0, 1
38, 100, 20, 75, 0, 47, 56, 35, 100, 50, 80, 56, 61, 28, 43, 0, 4
27, 82, 5, 39, 30, 0, 80, 15, 100, 59, 74, 100, 23, 95, 0, 53, 0
0, 82, 43, 100, 100, 94, 90, 65, 55, 41, 13, 18, 28, 1, 92, 0, 2
29, 100, 16, 77, 0, 41, 70, 34, 100, 64, 89, 67, 57, 34, 26, 0, 4
0, 51, 10, 59, 57, 79, 100, 100, 92, 78, 70, 52, 52, 25, 32, 0, 1
100, 100, 55, 100, 13, 76, 0, 46, 12, 15, 64, 0, 78, 27, 26, 46, 6
34, 29, 0, 51, 37, 76, 92, 100, 100, 80, 84, 53, 74, 26, 74, 0, 1
4, 92, 45, 100, 100, 91, 59, 52, 32, 5, 15, 0, 0, 38, 65, 38, 7
30, 84, 70, 100, 78, 69, 63, 38, 34, 10, 0, 12, 46, 14, 100, 0, 2
55, 89, 52, 100, 0, 71, 16, 53, 100, 60, 100, 65, 57, 33, 27, 0, 4
75, 100, 30, 73, 0, 44, 62, 44, 100, 51, 70, 78, 55, 38, 38, 0, 4
27, 99, 50, 100, 40, 57, 19, 21, 0, 14, 33, 15, 65, 0, 100, 12, 2
7, 91, 57, 100, 8, 96, 0, 54, 57, 50, 100, 21, 46, 0, 1, 14, 5
100, 94, 40, 100, 0, 68, 43, 35, 92, 5, 23, 0, 3, 34, 46, 68, 8
47, 74, 68, 100, 100, 88, 74, 60, 62, 34, 96, 18, 52, 0, 0, 4, 3
0, 96, 59, 100, 86, 72, 68, 36, 48, 0, 16, 13, 38, 34, 100, 37, 7
41, 91, 100, 100, 99, 99, 45, 86, 40, 57, 89, 39, 57, 9, 0, 0, 5
11, 100, 8, 93, 0, 60, 17, 33, 60, 41, 100, 57, 85, 32, 76, 0, 4
17, 85, 51, 100, 83, 82, 55, 53, 59, 39, 100, 20, 55, 0, 0, 3, 3
16, 100, 10, 59, 57, 35, 27, 0, 0, 29, 2, 86, 45, 96, 100, 96, 5
40, 100, 7, 84, 72, 47, 100, 5, 22, 0, 52, 45, 84, 90, 0, 94, 8
9, 100, 4, 64, 0, 24, 28, 0, 69, 18, 100, 49, 92, 84, 46, 90, 0
49, 93, 0, 55, 28, 74, 63, 100, 62, 50, 59, 3, 24, 1, 100, 0, 1
12, 63, 37, 100, 61, 76, 37, 36, 5, 1, 0, 1, 49, 3, 100, 0, 2
16, 100, 15, 94, 6, 66, 0, 38, 69, 34, 95, 56, 92, 28, 100, 0, 4
93, 93, 60, 100, 19, 71, 0, 39, 23, 8, 100, 9, 86, 26, 38, 0, 6
32, 70, 45, 100, 77, 84, 49, 49, 14, 20, 0, 0, 51, 9, 100, 22, 2
0, 53, 45, 75, 79, 100, 93, 99, 93, 73, 97, 46, 100, 19, 93, 0, 1
100, 90, 27, 100, 0, 66, 56, 33, 81, 0, 10, 16, 33, 57, 98, 84, 8
0, 100, 30, 99, 67, 97, 100, 93, 72, 75, 53, 51, 44, 23, 52, 0, 7
0, 82, 46, 100, 88, 91, 45, 68, 49, 43, 100, 25, 83, 6, 23, 0, 3
85, 100, 40, 99, 51, 71, 100, 96, 71, 91, 91, 57, 62, 24, 0, 0, 9
100, 98, 60, 100, 35, 76, 39, 56, 75, 52, 73, 21, 39, 5, 0, 0, 5
23, 100, 9, 78, 0, 45, 57, 28, 100, 38, 58, 62, 42, 32, 43, 0, 4
29, 95, 93, 67, 84, 100, 10, 68, 0, 18, 74, 0, 100, 44, 17, 44, 8
0, 31, 52, 59, 46, 100, 11, 81, 65, 52, 100, 17, 38, 0, 9, 26, 8
0, 93, 46, 100, 100, 80, 85, 47, 47, 18, 26, 0, 19, 33, 90, 30, 7
0, 74, 13, 100, 55, 100, 100, 98, 79, 80, 59, 55, 45, 28, 42, 0, 7
56, 100, 17, 77, 0, 46, 45, 27, 100, 42, 83, 53, 38, 28, 6, 0, 4
0, 100, 27, 97, 63, 94, 100, 93, 86, 76, 59, 54, 45, 24, 49, 0, 7
30, 49, 24, 9, 60, 0, 90, 31, 100, 71, 75, 100, 32, 90, 0, 63, 0
30, 83, 60, 100, 100, 86, 67, 60, 94, 43, 75, 14, 27, 0, 0, 16, 3
100, 100, 64, 78, 36, 50, 22, 17, 55, 0, 90, 17, 45, 24, 0, 17, 6
0, 76, 34, 100, 70, 87, 48, 49, 16, 18, 11, 0, 55, 5, 100, 10, 2
0, 43, 19, 64, 56, 82, 93, 100, 100, 86, 75, 58, 49, 30, 31, 0, 1
19, 93, 9, 74, 100, 94, 25, 100, 1, 49, 0, 0, 93, 16, 46, 60, 8
42, 87, 77, 100, 75, 76, 70, 52, 100, 34, 88, 10, 44, 0, 0, 5, 3
88, 100, 30, 79, 5, 54, 0, 28, 25, 3, 100, 0, 92, 25, 15, 26, 6
0, 80, 32, 100, 64, 76, 58, 36, 46, 0, 11, 30, 47, 39, 100, 41, 7
82, 100, 16, 90, 0, 58, 60, 58, 93, 89, 100, 60, 85, 26, 41, 0, 9
31, 85, 51, 100, 78, 80, 64, 63, 100, 41, 84, 11, 41, 0, 0, 10, 3
79, 100, 46, 75, 22, 48, 22, 18, 65, 0, 100, 17, 51, 32, 0, 20, 6
30, 100, 28, 83, 0, 52, 17, 36, 98, 35, 100, 65, 80, 33, 66, 0, 4
0, 0, 40, 9, 74, 26, 95, 52, 100, 80, 73, 100, 46, 81, 74, 63, 9
4, 71, 29, 40, 44, 0, 17, 1, 0, 42, 9, 80, 50, 99, 100, 100, 5
25, 86, 19, 83, 0, 41, 14, 0, 71, 16, 100, 55, 78, 95, 12, 100, 0
43, 95, 8, 69, 0, 31, 29, 0, 83, 20, 100, 56, 71, 90, 11, 100, 0
51, 60, 47, 100, 16, 68, 75, 35, 83, 0, 0, 2, 31, 39, 100, 68, 8
48, 100, 89, 100, 76, 77, 69, 56, 100, 35, 89, 11, 45, 0, 0, 8, 3
100, 100, 64, 87, 28, 59, 0, 30, 7, 0, 72, 3, 76, 31, 20, 49, 6
42, 79, 93, 100, 89, 96, 39, 78, 51, 43, 100, 33, 56, 3, 0, 0, 5
61, 100, 33, 86, 0, 58, 55, 44, 100, 66, 89, 63, 61, 32, 34, 0, 4
0, 73, 12, 26, 49, 0, 92, 13, 100, 60, 73, 98, 29, 100, 8, 60, 0
22, 99, 7, 64, 0, 25, 36, 0, 83, 27, 100, 64, 76, 100, 19, 95, 0
40, 100, 27, 71, 65, 89, 13, 90, 60, 62, 100, 30, 62, 0, 0, 1, 9
0, 90, 41, 100, 83, 88, 65, 65, 69, 43, 100, 22, 66, 5, 14, 0, 3
0, 85, 31, 100, 59, 73, 55, 36, 46, 0, 27, 26, 47, 40, 100, 39, 7
70, 92, 12, 52, 26, 0, 100, 43, 88, 100, 13, 58, 61, 68, 0, 11, 0
1, 30, 35, 0, 78, 14, 100, 56, 85, 100, 42, 98, 8, 65, 0, 20, 0
0, 71, 24, 100, 64, 99, 69, 63, 53, 29, 28, 0, 57, 5, 100, 10, 2
47, 80, 71, 100, 100, 89, 38, 72, 44, 48, 91, 23, 45, 0, 0, 10, 3
0, 45, 27, 61, 63, 81, 100, 100, 84, 74, 63, 49, 41, 24, 20, 0, 1
13, 100, 0, 54, 25, 13, 70, 0, 100, 35, 86, 81, 41, 94, 6, 62, 0
47, 100, 17, 68, 0, 34, 9, 0, 71, 18, 97, 51, 100, 86, 48, 95, 0
29, 100, 0, 77, 0, 53, 75, 44, 100, 63, 72, 51, 73, 25, 67, 0, 4
0, 88, 65, 55, 100, 16, 45, 0, 43, 40, 90, 77, 68, 100, 8, 69, 8
39, 88, 82, 100, 100, 68, 68, 34, 34, 0, 16, 10, 0, 45, 78, 50, 7
100, 96, 44, 75, 22, 100, 77, 99, 91, 65, 93, 29, 67, 0, 0, 12, 9
26, 81, 67, 100, 82, 80, 53, 54, 77, 40, 100, 18, 56, 0, 0, 1, 3
36, 100, 0, 76, 21, 49, 73, 39, 100, 60, 70, 64, 72, 31, 85, 0, 4
100, 100, 54, 80, 21, 50, 14, 13, 61, 0, 100, 19, 48, 22, 0, 8, 6
0, 90, 3, 41, 31, 0, 76, 16, 100, 61, 70, 100, 25, 87, 14, 38, 0
100, 100, 64, 79, 27, 59, 0, 38, 71, 45, 98, 41, 60, 21, 44, 0, 4
100, 100, 66, 80, 41, 56, 23, 29, 18, 0, 54, 0, 38, 18, 0, 12, 6
93, 87, 50, 73, 27, 81, 75, 100, 100, 80, 67, 52, 27, 27, 0, 0, 9
44, 94, 6, 74, 0, 28, 35, 0, 78, 13, 100, 53, 76, 91, 32, 100, 0
0, 89, 36, 100, 56, 72, 38, 40, 8, 13, 1, 0, 51, 1, 100, 0, 2
14, 86, 50, 100, 73, 80, 39, 53, 0, 28, 0, 4, 58, 1, 100, 0, 2
10, 87, 58, 100, 92, 84, 64, 58, 62, 36, 100, 17, 55, 0, 0, 1, 3
39, 94, 0, 63, 66, 44, 70, 1, 10, 0, 15, 52, 29, 99, 100, 100, 5
100, 100, 46, 91, 14, 64, 0, 32, 8, 0, 62, 0, 55, 27, 6, 27, 6
29, 78, 52, 100, 72, 80, 65, 61, 100, 43, 81, 14, 33, 0, 0, 20, 3
33, 65, 81, 88, 100, 100, 88, 70, 74, 41, 52, 13, 0, 0, 81, 1, 1
1, 90, 47, 100, 74, 83, 53, 57, 67, 32, 100, 12, 51, 1, 0, 0, 3
35, 86, 56, 65, 100, 27, 23, 0, 6, 28, 65, 64, 98, 100, 0, 85, 8
0, 62, 27, 64, 61, 84, 100, 100, 90, 77, 70, 51, 50, 25, 35, 0, 1
54, 96, 83, 63, 100, 100, 29, 80, 87, 63, 96, 54, 78, 4, 0, 0, 9
46, 83, 41, 52, 38, 15, 0, 0, 18, 32, 36, 65, 59, 87, 100, 100, 5
0, 98, 52, 100, 100, 85, 90, 57, 73, 29, 73, 0, 100, 18, 79, 35, 7
37, 92, 6, 59, 0, 13, 39, 0, 78, 25, 100, 65, 75, 100, 30, 100, 0
41, 84, 93, 52, 100, 12, 33, 0, 47, 39, 93, 74, 72, 100, 0, 81, 8
66, 93, 50, 56, 80, 100, 0, 55, 17, 35, 59, 0, 100, 52, 0, 29, 8
70, 99, 42, 69, 35, 30, 0, 0, 19, 29, 60, 58, 100, 88, 54, 100, 8
0, 87, 37, 100, 59, 64, 45, 15, 27, 0, 20, 38, 60, 44, 100, 51, 7
73, 100, 35, 93, 6, 61, 0, 25, 42, 0, 100, 18, 72, 42, 19, 21, 6
37, 94, 53, 48, 41, 6, 0, 0, 4, 45, 17, 90, 57, 100, 100, 100, 5
0, 88, 44, 100, 100, 85, 88, 45, 60, 8, 25, 0, 32, 25, 98, 27, 7
36, 100, 2, 70, 0, 43, 53, 42, 100, 43, 68, 70, 45, 35, 22, 0, 4
32, 71, 54, 100, 82, 77, 62, 43, 24, 17, 0, 8, 50, 6, 100, 0, 2
19, 93, 66, 100, 78, 78, 41, 58, 63, 41, 100, 23, 53, 9, 0, 0, 3
16, 88, 47, 100, 50, 69, 28, 38, 0, 13, 23, 1, 62, 1, 100, 0, 2
13, 85, 76, 100, 100, 69, 74, 35, 40, 1, 12, 0, 0, 33, 81, 37, 7
5, 56, 5, 16, 56, 0, 100, 29, 97, 68, 59, 100, 8, 93, 0, 55, 0
7, 84, 45, 100, 79, 83, 53, 66, 100, 52, 93, 19, 50, 0, 0, 5, 3
36, 96, 23, 54, 42, 5, 86, 0, 100, 49, 76, 95, 31, 100, 0, 62, 0
0, 87, 35, 100, 71, 87, 61, 53, 33, 28, 21, 3, 60, 0, 100, 0, 2
80, 89, 54, 100, 40, 68, 81, 78, 100, 46, 92, 10, 46, 0, 0, 6, 9
0, 58, 39, 38, 56, 5, 27, 0, 6, 35, 18, 64, 59, 83, 100, 100, 5
100, 92, 62, 100, 44, 70, 84, 79, 79, 75, 72, 33, 45, 0, 0, 0, 9
0, 100, 57, 95, 62, 63, 46, 31, 25, 0, 4, 22, 39, 43, 100, 43, 7
55, 65, 100, 87, 61, 100, 53, 66, 71, 29, 40, 0, 0, 21, 39, 47, 8
0, 100, 1, 77, 25, 58, 66, 56, 100, 69, 92, 48, 90, 24, 94, 0, 4
0, 82, 30, 100, 75, 86, 50, 55, 58, 40, 100, 21, 62, 0, 8, 2, 3
17, 83, 57, 100, 87, 83, 61, 58, 27, 36, 0, 13, 51, 8, 100, 0, 2
100, 100, 54, 87, 20, 60, 4, 27, 27, 0, 71, 16, 53, 44, 0, 45, 6
2, 100, 5, 75, 0, 47, 22, 27, 98, 30, 100, 47, 71, 27, 78, 0, 4
0, 51, 8, 20, 40, 0, 78, 11, 100, 43, 95, 81, 61, 100, 27, 85, 0
9, 100, 0, 81, 0, 58, 14, 35, 62, 33, 79, 44, 81, 21, 100, 0, 4
74, 69, 100, 100, 84, 86, 70, 51, 47, 19, 0, 0, 36, 7, 98, 10, 1
63, 99, 25, 77, 0, 35, 22, 0, 73, 17, 100, 58, 79, 100, 33, 91, 0
38, 80, 91, 100, 82, 97, 73, 56, 75, 15, 9, 0, 0, 0, 100, 8, 1
52, 100, 0, 98, 27, 78, 41, 82, 67, 48, 100, 16, 63, 0, 3, 10, 9
28, 81, 59, 100, 100, 94, 78, 68, 51, 44, 83, 25, 44, 8, 0, 0, 3
35, 90, 24, 61, 100, 100, 12, 84, 0, 29, 49, 0, 96, 57, 7, 28, 8
92, 100, 46, 82, 8, 48, 0, 11, 70, 0, 100, 32, 26, 32, 14, 2, 6
16, 89, 43, 100, 86, 89, 56, 61, 79, 33, 100, 5, 49, 0, 0, 11, 3
47, 72, 69, 100, 100, 83, 83, 46, 47, 17, 0, 0, 40, 7, 94, 4, 2
34, 62, 51, 96, 55, 56, 50, 13, 0, 0, 6, 56, 38, 100, 100, 90, 5
6, 90, 0, 45, 21, 0, 72, 0, 100, 41, 86, 88, 37, 100, 9, 59, 0
53, 100, 30, 67, 59, 35, 24, 0, 6, 30, 0, 75, 41, 99, 100, 98, 5
5, 64, 30, 83, 100, 100, 75, 80, 50, 60, 25, 40, 0, 20, 5, 0, 1
32, 64, 50, 100, 52, 92, 42, 53, 38, 14, 0, 0, 50, 0, 100, 5, 1
31, 90, 63, 100, 100, 76, 75, 36, 56, 0, 96, 34, 61, 43, 0, 45, 7
18, 100, 13, 78, 0, 46, 57, 37, 100, 50, 85, 66, 83, 33, 84, 0, 4
15, 74, 23, 100, 72, 92, 53, 60, 75, 45, 100, 18, 55, 0, 0, 1, 3
0, 61, 39, 79, 74, 99, 100, 100, 85, 75, 65, 49, 44, 24, 24, 0, 1
100, 100, 56, 80, 26, 55, 1, 27, 11, 0, 69, 4, 50, 19, 0, 14, 6
0, 88, 34, 100, 92, 97, 74, 72, 62, 46, 100, 24, 89, 3, 31, 0, 3
16, 98, 75, 100, 48, 94, 0, 72, 55, 58, 100, 33, 77, 4, 18, 0, 5
31, 65, 0, 88, 40, 100, 68, 72, 56, 32, 28, 0, 57, 1, 100, 6, 2
63, 78, 59, 100, 100, 94, 70, 68, 91, 48, 94, 27, 48, 12, 0, 0, 3
0, 30, 46, 60, 59, 100, 21, 81, 67, 50, 100, 16, 38, 0, 7, 28, 8
71, 99, 55, 100, 0, 72, 29, 56, 100, 70, 73, 66, 35, 33, 6, 0, 4
0, 65, 24, 98, 63, 100, 55, 61, 26, 29, 19, 0, 59, 1, 100, 6, 2
40, 71, 60, 100, 100, 85, 78, 46, 37, 20, 0, 4, 49, 3, 99, 0, 2
35, 72, 26, 94, 91, 100, 82, 67, 64, 51, 100, 26, 53, 0, 0, 3, 3
33, 83, 4, 65, 73, 52, 61, 7, 0, 0, 6, 51, 26, 95, 100, 100, 5
56, 86, 39, 69, 100, 34, 59, 0, 0, 17, 53, 54, 95, 94, 22, 100, 8
69, 89, 6, 100, 10, 64, 35, 26, 10, 0, 0, 36, 47, 64, 100, 91, 8
34, 100, 0, 62, 71, 54, 76, 11, 16, 0, 10, 48, 22, 88, 100, 95, 5
0, 93, 46, 100, 76, 80, 70, 40, 66, 0, 44, 15, 51, 41, 100, 39, 7
0, 81, 20, 100, 64, 100, 100, 85, 72, 60, 35, 42, 46, 21, 79, 0, 3
0, 0, 41, 16, 77, 37, 100, 65, 100, 96, 60, 100, 54, 71, 87, 48, 9
64, 100, 26, 75, 0, 51, 68, 52, 100, 72, 74, 56, 48, 28, 23, 0, 4
0, 0, 34, 12, 67, 28, 89, 50, 100, 77, 84, 100, 58, 85, 85, 65, 9
0, 47, 7, 58, 48, 79, 90, 100, 100, 81, 85, 54, 67, 27, 51, 0, 1
100, 100, 66, 90, 25, 59, 0, 24, 36, 0, 98, 12, 62, 34, 0, 26, 6
64, 100, 36, 67, 0, 37, 30, 32, 91, 37, 100, 54, 80, 36, 70, 0, 4
27, 100, 28, 96, 0, 64, 3, 37, 88, 43, 100, 68, 94, 33, 100, 0, 4
32, 42, 26, 0, 71, 1, 100, 36, 87, 79, 45, 100, 0, 81, 0, 41, 0
7, 96, 59, 100, 100, 89, 65, 67, 71, 52, 92, 31, 52, 12, 0, 0, 3
100, 94, 53, 100, 21, 84, 14, 52, 62, 44, 81, 14, 43, 0, 0, 17, 5
92, 100, 37, 100, 1, 68, 0, 29, 41, 0, 100, 5, 67, 32, 8, 23, 6
8, 97, 63, 100, 67, 65, 56, 30, 45, 0, 0, 27, 29, 40, 100, 40, 7
64, 99, 24, 99, 62, 80, 74, 100, 100, 62, 92, 18, 48, 0, 0, 9, 9
24, 100, 0, 81, 19, 52, 82, 49, 100, 77, 80, 66, 67, 33, 59, 0, 4
7, 80, 21, 100, 34, 72, 18, 41, 0, 12, 30, 1, 65, 0, 100, 2, 2
28, 100, 0, 73, 16, 49, 75, 47, 100, 63, 94, 59, 93, 29, 83, 0, 4
5, 75, 0, 46, 16, 5, 67, 0, 100, 34, 92, 75, 47, 100, 6, 77, 0
36, 100, 39, 66, 100, 97, 34, 100, 29, 47, 0, 0, 73, 10, 32, 66, 8
0, 86, 35, 97, 100, 100, 73, 67, 48, 34, 21, 0, 18, 5, 56, 24, 7
26, 92, 0, 54, 13, 12, 63, 0, 99, 30, 100, 74, 61, 100, 13, 80, 0
61, 79, 90, 100, 100, 78, 76, 54, 42, 32, 7, 13, 0, 0, 49, 3, 2
20, 100, 0, 79, 0, 45, 61, 41, 98, 62, 100, 74, 90, 37, 82, 0, 4
45, 93, 24, 62, 100, 89, 24, 100, 25, 51, 97, 91, 77, 32, 0, 0, 9
53, 60, 85, 83, 48, 100, 0, 79, 46, 70, 100, 57, 81, 28, 54, 0, 9
82, 77, 45, 100, 0, 78, 47, 58, 100, 81, 94, 56, 87, 22, 88, 0, 9
22, 84, 41, 100, 49, 69, 26, 40, 0, 11, 21, 0, 60, 6, 100, 12, 2
15, 73, 23, 44, 41, 6, 1, 0, 0, 44, 18, 90, 59, 100, 100, 90, 5
56, 71, 40, 98, 93, 100, 85, 65, 72, 50, 100, 21, 54, 0, 0, 12, 3
70, 81, 25, 100, 0, 74, 42, 40, 77, 5, 40, 0, 53, 40, 100, 70, 8
0, 88, 53, 96, 100, 100, 73, 66, 50, 31, 26, 0, 4, 34, 48, 33, 7
48, 51, 100, 74, 72, 100, 0, 85, 6, 62, 88, 60, 99, 31, 82, 0, 9
49, 100, 14, 73, 0, 39, 10, 5, 64, 0, 100, 25, 57, 44, 1, 38, 6
36, 73, 12, 51, 25, 0, 76, 15, 100, 62, 63, 100, 15, 75, 0, 25, 0
25, 100, 0, 76, 11, 45, 79, 46, 100, 73, 86, 70, 79, 35, 70, 0, 4
2, 77, 54, 100, 100, 79, 86, 47, 59, 16, 63, 0, 73, 27, 0, 43, 8
0, 62, 52, 63, 78, 98, 23, 100, 32, 70, 99, 77, 100, 39, 94, 0, 9
100, 100, 46, 88, 13, 61, 0, 32, 16, 4, 90, 0, 81, 20, 20, 3, 6
95, 100, 46, 79, 14, 50, 0, 18, 42, 0, 88, 20, 100, 53, 83, 85, 0
55, 97, 40, 61, 55, 24, 8, 0, 0, 33, 10, 80, 43, 100, 100, 96, 5
48, 99, 17, 66, 0, 26, 35, 0, 82, 24, 100, 64, 78, 100, 25, 86, 0
9, 100, 0, 75, 78, 72, 100, 92, 74, 93, 56, 62, 38, 31, 21, 0, 4
32, 78, 92, 100, 100, 72, 68, 38, 29, 6, 0, 0, 0, 32, 81, 35, 7
65, 78, 77, 100, 100, 76, 66, 53, 99, 32, 83, 7, 35, 0, 0, 11, 3
63, 100, 31, 80, 0, 49, 70, 50, 100, 67, 68, 90, 45, 45, 29, 0, 4
10, 93, 0, 54, 21, 74, 52, 100, 65, 46, 53, 0, 26, 4, 100, 5, 1
94, 96, 47, 100, 6, 75, 16, 48, 80, 41, 100, 7, 44, 0, 0, 26, 5
64, 86, 47, 96, 100, 100, 90, 63, 50, 35, 0, 14, 32, 15, 86, 0, 2
48, 100, 70, 64, 94, 98, 42, 79, 96, 79, 100, 40, 68, 2, 0, 0, 9
19, 64, 30, 100, 36, 85, 41, 47, 42, 9, 0, 0, 50, 4, 100, 12, 1
58, 100, 17, 77, 0, 47, 8, 16, 57, 0, 100, 21, 68, 42, 9, 37, 6
20, 100, 21, 84, 0, 52, 37, 42, 100, 46, 97, 63, 81, 31, 71, 0, 4
52, 82, 3, 50, 100, 72, 64, 100, 0, 62, 84, 76, 86, 50, 77, 0, 9
62, 100, 39, 79, 0, 52, 13, 39, 80, 44, 100, 63, 86, 32, 71, 0, 4
41, 97, 12, 58, 65, 58, 62, 14, 0, 0, 4, 54, 24, 97, 100, 100, 5
100, 100, 65, 90, 32, 67, 5, 40, 0, 8, 40, 0, 36, 27, 0, 20, 6
75, 100, 44, 70, 23, 34, 47, 4, 100, 6, 89, 29, 36, 26, 0, 0, 6
0, 42, 44, 55, 76, 78, 100, 100, 80, 74, 61, 47, 43, 21, 27, 0, 1
19, 100, 14, 79, 5, 59, 0, 38, 27, 20, 100, 34, 81, 21, 70, 0, 4
31, 88, 68, 100, 60, 86, 76, 68, 100, 44, 78, 18, 39, 6, 0, 0, 3
38, 89, 84, 100, 79, 73, 46, 49, 91, 42, 100, 16, 52, 0, 0, 7, 3
55, 100, 28, 75, 1, 50, 0, 25, 61, 30, 100, 48, 65, 26, 54, 0, 4
89, 98, 57, 76, 63, 34, 19, 0, 0, 25, 55, 56, 100, 91, 36, 100, 8
39, 76, 83, 94, 100, 100, 65, 80, 30, 60, 9, 41, 0, 20, 22, 0, 1
18, 98, 64, 100, 93, 80, 68, 58, 100, 36, 92, 8, 47, 0, 0, 2, 3
9, 89, 54, 100, 74, 74, 56, 44, 25, 18, 0, 3, 50, 5, 100, 0, 2
0, 78, 26, 94, 95, 100, 100, 82, 57, 61, 62, 37, 57, 14, 0, 0, 3
23, 77, 0, 46, 0, 2, 51, 0, 87, 34, 100, 78, 60, 100, 12, 77, 0
71, 100, 40, 85, 0, 63, 19, 42, 88, 45, 100, 52, 80, 26, 69, 0, 4
26, 73, 0, 48, 18, 7, 67, 0, 100, 30, 87, 73, 48, 100, 13, 75, 0
9, 96, 13, 59, 76, 45, 60, 0, 3, 12, 0, 63, 24, 100, 100, 100, 5
49, 94, 1, 98, 44, 81, 59, 100, 92, 64, 100, 20, 55, 0, 0, 8, 9
0, 83, 26, 100, 53, 84, 42, 50, 16, 24, 27, 5, 66, 0, 100, 7, 2
40, 100, 0, 58, 93, 90, 6, 92, 11, 52, 9, 0, 100, 34, 0, 38, 8
51, 100, 0, 69, 16, 52, 84, 58, 100, 74, 61, 83, 40, 41, 16, 0, 4
0, 75, 38, 100, 90, 90, 90, 48, 76, 6, 55, 0, 48, 43, 100, 55, 7
33, 57, 50, 75, 97, 98, 100, 100, 70, 75, 40, 50, 13, 25, 0, 0, 1
12, 92, 1, 58, 62, 38, 50, 0, 0, 15, 2, 59, 30, 96, 100, 100, 5
61, 100, 22, 71, 9, 34, 33, 0, 88, 4, 100, 37, 50, 50, 0, 30, 6
0, 90, 36, 100, 64, 89, 53, 64, 67, 41, 100, 25, 88, 7, 48, 0, 3
11, 69, 42, 100, 73, 71, 56, 29, 19, 0, 0, 11, 50, 13, 100, 7, 2
100, 91, 44, 100, 0, 76, 10, 37, 30, 0, 3, 25, 25, 61, 72, 86, 8
90, 71, 87, 100, 5, 86, 0, 54, 85, 65, 100, 72, 96, 34, 96, 0, 9
40, 99, 100, 100, 43, 99, 6, 69, 42, 50, 89, 26, 60, 1, 0, 0, 5
30, 86, 0, 42, 23, 0, 70, 3, 100, 41, 82, 90, 37, 100, 22, 54, 0
100, 87, 9, 100, 0, 67, 74, 37, 94, 0, 21, 15, 60, 56, 93, 94, 8
15, 91, 23, 65, 92, 46, 68, 0, 10, 14, 0, 63, 7, 97, 100, 100, 5
14, 57, 56, 78, 100, 100, 98, 90, 82, 62, 75, 35, 63, 8, 0, 0, 1
11, 91, 57, 100, 100, 93, 66, 62, 33, 29, 5, 0, 0, 35, 60, 37, 7
0, 45, 32, 65, 67, 82, 100, 100, 75, 76, 51, 51, 28, 26, 9, 0, 1
20, 100, 34, 93, 0, 53, 4, 38, 88, 50, 100, 72, 99, 30, 96, 0, 4
86, 80, 28, 73, 34, 100, 77, 82, 91, 49, 100, 16, 60, 0, 0, 11, 9
0, 79, 25, 100, 51, 80, 53, 46, 37, 15, 30, 0, 65, 3, 100, 1, 2
34, 100, 18, 63, 63, 34, 34, 0, 0, 15, 14, 58, 40, 93, 100, 89, 5
100, 92, 58, 100, 39, 84, 24, 67, 15, 50, 9, 33, 0, 16, 0, 0, 1
0, 48, 35, 57, 67, 78, 99, 100, 100, 88, 79, 58, 63, 27, 75, 0, 1
0, 98, 72, 100, 73, 70, 57, 36, 50, 0, 18, 2, 26, 27, 100, 36, 7
12, 100, 0, 62, 11, 19, 49, 0, 88, 19, 100, 60, 72, 93, 30, 92, 0
94, 97, 56, 96, 0, 100, 5, 67, 58, 53, 100, 27, 63, 0, 11, 1, 5
0, 90, 37, 100, 58, 69, 55, 32, 47, 0, 25, 33, 55, 44, 100, 46, 7
0, 79, 28, 100, 54, 90, 46, 62, 28, 36, 18, 9, 52, 0, 100, 5, 2
32, 87, 76, 51, 98, 14, 16, 0, 46, 32, 100, 66, 76, 100, 0, 82, 8
10, 95, 64, 100, 82, 67, 70, 30, 73, 0, 100, 33, 52, 38, 0, 42, 7
3, 86, 34, 100, 85, 89, 51, 64, 100, 45, 96, 13, 42, 0, 0, 11, 3
35, 97, 68, 100, 100, 69, 75, 34, 44, 0, 91, 15, 75, 34, 0, 33, 7
0, 88, 20, 100, 80, 92, 88, 52, 73, 9, 54, 0, 38, 28, 100, 28, 7
0, 93, 68, 100, 78, 79, 65, 43, 60, 8, 40, 0, 30, 28, 100, 37, 7
6, 88, 29, 51, 82, 40, 56, 0, 15, 19, 0, 67, 40, 95, 100, 100, 5
14, 100, 6, 77, 0, 47, 79, 50, 100, 63, 73, 62, 76, 31, 77, 0, 4
57, 100, 34, 71, 0, 45, 7, 41, 61, 41, 100, 56, 80, 32, 70, 0, 4
0, 75, 20, 97, 53, 100, 71, 77, 49, 46, 35, 14, 66, 2, 100, 0, 2
22, 89, 69, 100, 82, 76, 61, 49, 100, 36, 93, 10, 42, 0, 0, 8, 3
0, 91, 47, 70, 62, 100, 43, 78, 91, 70, 100, 30, 68, 0, 29, 12, 9
0, 80, 22, 100, 24, 66, 7, 34, 0, 14, 34, 9, 69, 4, 100, 0, 2
100, 100, 85, 86, 60, 62, 41, 36, 29, 9, 58, 0, 46, 21, 0, 21, 6
28, 77, 10, 76, 61, 41, 66, 0, 0, 6, 3, 53, 27, 95, 100, 100, 5
0, 45, 19, 64, 59, 83, 100, 100, 89, 77, 67, 51, 46, 25, 26, 0, 1
91, 64, 90, 100, 40, 93, 51, 71, 100, 67, 91, 28, 53, 1, 0, 0, 9
58, 95, 60, 64, 100, 32, 83, 0, 17, 20, 62, 51, 69, 85, 0, 100, 8
26, 84, 66, 100, 100, 83, 79, 55, 85, 35, 90, 9, 44, 0, 0, 10, 3
34, 82, 0, 40, 30, 0, 83, 10, 100, 60, 65, 100, 15, 80, 7, 28, 0
100, 100, 62, 76, 34, 49, 19, 20, 55, 0, 100, 16, 58, 34, 0, 32, 6
32, 100, 0, 70, 77, 67, 60, 95, 60, 86, 97, 52, 100, 13, 19, 0, 9
100, 83, 29, 100, 27, 65, 86, 32, 59, 0, 0, 21, 45, 58, 99, 89, 8
85, 100, 23, 83, 0, 42, 13, 0, 78, 5, 100, 47, 84, 88, 16, 81, 0
36, 85, 71, 100, 100, 82, 72, 56, 36, 35, 0, 13, 33, 0, 88, 0, 2
64, 100, 41, 78, 18, 57, 0, 36, 36, 22, 100, 32, 92, 20, 69, 0, 4
100, 66, 61, 100, 0, 51, 8, 0, 82, 32, 92, 89, 64, 61, 8, 8, 0
51, 77, 68, 100, 100, 86, 75, 60, 82, 37, 84, 8, 42, 0, 0, 8, 3
69, 82, 0, 100, 22, 64, 96, 36, 96, 0, 33, 20, 93, 53, 100, 79, 8
100, 100, 58, 78, 25, 53, 8, 24, 31, 0, 82, 13, 45, 31, 0, 14, 6
0, 98, 60, 100, 94, 82, 69, 42, 50, 0, 26, 5, 18, 31, 100, 28, 7
69, 100, 38, 82, 13, 54, 7, 24, 41, 0, 100, 4, 57, 16, 0, 8, 6
1, 78, 16, 100, 61, 93, 50, 64, 21, 39, 0, 11, 46, 0, 100, 0, 2
13, 93, 79, 100, 87, 72, 50, 36, 21, 0, 10, 14, 0, 46, 100, 49, 7
10, 89, 56, 100, 76, 61, 65, 16, 37, 0, 0, 31, 50, 30, 100, 30, 7
70, 100, 37, 75, 0, 49, 40, 39, 100, 46, 87, 57, 57, 29, 31, 0, 4
20, 71, 6, 34, 44, 0, 95, 19, 100, 62, 69, 100, 15, 92, 0, 51, 0
62, 80, 5, 65, 2, 100, 64, 94, 90, 58, 100, 19, 57, 0, 0, 24, 9
0, 79, 24, 100, 62, 84, 66, 53, 56, 22, 43, 0, 49, 24, 100, 22, 7
43, 100, 15, 71, 0, 35, 13, 0, 71, 20, 100, 54, 100, 91, 39, 97, 0
59, 100, 0, 79, 31, 64, 100, 75, 93, 76, 63, 51, 37, 26, 11, 0, 4
30, 81, 62, 43, 64, 0, 29, 15, 62, 52, 100, 87, 58, 100, 0, 87, 8
0, 100, 67, 98, 87, 83, 57, 43, 35, 0, 9, 25, 32, 45, 100, 45, 7
100, 100, 53, 89, 17, 60, 4, 28, 33, 0, 90, 18, 60, 42, 0, 22, 6
100, 86, 71, 100, 58, 70, 93, 86, 76, 70, 69, 27, 40, 0, 0, 1, 9
0, 88, 48, 100, 100, 91, 73, 51, 51, 9, 41, 0, 21, 27, 78, 33, 7
0, 100, 16, 91, 69, 94, 100, 90, 65, 70, 45, 45, 31, 18, 20, 0, 7
0, 77, 30, 100, 84, 98, 76, 65, 44, 36, 5, 10, 46, 2, 100, 0, 2
0, 79, 35, 100, 71, 83, 45, 55, 84, 47, 100, 20, 57, 0, 3, 0, 3
17, 60, 46, 80, 100, 100, 89, 89, 60, 67, 34, 45, 17, 22, 0, 0, 1
5, 73, 0, 27, 38, 0, 81, 12, 100, 58, 78, 100, 31, 99, 10, 57, 0
61, 100, 18, 82, 0, 41, 15, 0, 72, 8, 100, 47, 100, 90, 50, 82, 0
0, 37, 35, 57, 67, 80, 100, 100, 87, 76, 69, 50, 56, 25, 46, 0, 1
65, 86, 79, 100, 35, 69, 0, 39, 72, 34, 100, 66, 61, 35, 32, 0, 4
53, 61, 100, 73, 92, 100, 55, 72, 58, 36, 51, 1, 0, 0, 29, 31, 8
0, 57, 15, 62, 59, 80, 100, 100, 100, 83, 78, 55, 57, 28, 37, 0, 1
0, 98, 46, 100, 87, 84, 74, 42, 68, 0, 100, 22, 93, 50, 44, 57, 7
12, 77, 36, 90, 44, 100, 37, 63, 46, 27, 100, 21, 47, 8, 0, 0, 1
100, 100, 60, 86, 26, 58, 0, 28, 16, 0, 73, 9, 56, 31, 3, 16, 6
58, 100, 24, 89, 0, 50, 100, 55, 97, 70, 55, 94, 52, 47, 53, 0, 4
0, 82, 35, 100, 74, 97, 68, 64, 40, 37, 18, 15, 58, 6, 100, 0, 2
25, 100, 11, 78, 0, 51, 3, 26, 89, 27, 100, 44, 57, 26, 36, 0, 4
0, 92, 49, 100, 100, 95, 93, 70, 93, 44, 99, 18, 51, 7, 0, 0, 3
27, 60, 73, 91, 85, 100, 80, 62, 76, 25, 0, 9, 4, 0, 100, 8, 1
70, 94, 98, 100, 100, 79, 70, 61, 75, 35, 62, 12, 26, 0, 0, 0, 3
20, 100, 79, 93, 60, 94, 20, 73, 55, 55, 100, 29, 53, 0, 0, 14, 5
12, 100, 0, 79, 2, 48, 52, 47, 100, 58, 82, 67, 73, 34, 66, 0, 4
49, 49, 100, 79, 54, 100, 8, 68, 35, 27, 0, 0, 6, 35, 71, 63, 8
100, 100, 67, 96, 29, 67, 0, 33, 15, 0, 70, 1, 71, 18, 19, 10, 6
0, 83, 26, 100, 45, 80, 27, 52, 6, 27, 29, 10, 65, 5, 100, 0, 2
12, 100, 2, 79, 0, 52, 63, 48, 100, 70, 86, 54, 80, 27, 74, 0, 4
36, 77, 77, 100, 71, 76, 55, 33, 43, 0, 0, 14, 50, 16, 100, 17, 1
10, 87, 55, 100, 71, 71, 40, 38, 2, 9, 0, 0, 50, 8, 100, 0, 2
21, 52, 0, 48, 39, 50, 100, 51, 68, 0, 26, 29, 8, 83, 85, 100, 5
24, 78, 37, 100, 54, 62, 31, 27, 0, 18, 45, 10, 88, 0, 100, 31, 2
6, 59, 0, 24, 33, 0, 74, 14, 100, 46, 94, 85, 53, 100, 16, 79, 0
44, 96, 36, 64, 84, 91, 26, 100, 72, 58, 100, 49, 67, 0, 0, 18, 9
30, 86, 46, 59, 52, 18, 9, 0, 0, 30, 11, 74, 52, 94, 100, 100, 5
0, 95, 43, 100, 89, 94, 73, 51, 62, 6, 47, 0, 51, 35, 100, 38, 7
25, 72, 59, 100, 56, 90, 52, 53, 41, 16, 0, 0, 45, 2, 100, 2, 1
43, 80, 65, 100, 98, 88, 69, 50, 29, 20, 0, 12, 52, 19, 100, 0, 2
43, 100, 12, 76, 0, 47, 57, 36, 100, 48, 93, 64, 89, 31, 88, 0, 4
0, 93, 57, 100, 97, 75, 91, 37, 82, 0, 53, 16, 32, 41, 100, 45, 7
1, 55, 7, 100, 30, 92, 20, 45, 0, 4, 23, 0, 61, 10, 100, 12, 2
35, 74, 71, 42, 100, 9, 62, 0, 76, 38, 89, 76, 48, 100, 0, 82, 8
19, 100, 95, 100, 100, 72, 73, 43, 49, 13, 33, 0, 0, 25, 75, 32, 7
0, 90, 15, 100, 24, 67, 11, 34, 2, 11, 35, 5, 67, 2, 100, 0, 2
36, 66, 71, 100, 62, 70, 48, 23, 21, 0, 0, 5, 50, 8, 100, 10, 1
0, 96, 50, 100, 72, 69, 67, 34, 64, 0, 33, 25, 36, 40, 100, 45, 7
10, 23, 56, 59, 67, 100, 0, 93, 44, 57, 100, 25, 50, 0, 16, 26, 8
48, 100, 32, 65, 0, 26, 50, 24, 100, 41, 85, 86, 81, 46, 76, 0, 4
100, 100, 62, 92, 58, 59, 84, 89, 93, 70, 79, 30, 46, 0, 0, 3, 9
8, 70, 25, 100, 50, 72, 42, 34, 10, 5, 0, 9, 50, 5, 100, 0, 2
7, 61, 75, 35, 72, 0, 0, 7, 42, 41, 100, 72, 79, 100, 14, 75, 8
0, 77, 38, 58, 75, 30, 72, 0, 45, 28, 21, 60, 36, 91, 100, 100, 5
29, 83, 45, 100, 88, 78, 41, 53, 86, 44, 100, 12, 36, 0, 0, 24, 3
79, 79, 66, 100, 0, 91, 23, 64, 91, 73, 100, 62, 84, 29, 85, 0, 9
31, 74, 62, 37, 55, 0, 0, 17, 46, 49, 100, 78, 83, 100, 34, 72, 8
73, 100, 26, 78, 5, 43, 13, 8, 69, 0, 100, 31, 44, 36, 0, 9, 6
0, 34, 16, 54, 51, 77, 89, 100, 86, 75, 73, 50, 70, 24, 100, 0, 1
36, 97, 0, 59, 9, 14, 61, 0, 99, 34, 100, 81, 53, 100, 5, 73, 0
30, 79, 72, 100, 95, 71, 59, 40, 100, 31, 84, 0, 27, 4, 0, 27, 3
22, 100, 8, 72, 0, 41, 5, 10, 57, 0, 100, 21, 51, 33, 6, 13, 6
34, 87, 51, 100, 99, 84, 51, 54, 100, 54, 100, 18, 35, 0, 0, 16, 3
32, 74, 8, 39, 27, 0, 73, 11, 100, 48, 82, 89, 37, 100, 0, 74, 0
63, 67, 13, 77, 39, 100, 96, 93, 100, 67, 75, 43, 40, 20, 0, 0, 9
0, 92, 45, 100, 95, 92, 88, 48, 77, 4, 57, 0, 48, 35, 100, 32, 7
0, 80, 44, 100, 74, 70, 52, 33, 20, 0, 5, 30, 45, 41, 100, 41, 7
27, 82, 52, 100, 62, 72, 32, 45, 0, 20, 11, 0, 55, 2, 100, 6, 2
31, 72, 56, 100, 70, 76, 47, 45, 15, 17, 0, 4, 50, 0, 100, 0, 2
31, 94, 85, 100, 100, 77, 78, 49, 59, 21, 43, 0, 0, 19, 51, 25, 7
68, 94, 49, 100, 78, 88, 42, 61, 0, 37, 25, 16, 79, 8, 100, 0, 2
100, 100, 62, 86, 35, 55, 22, 19, 55, 0, 85, 27, 47, 48, 0, 40, 6
7, 58, 31, 100, 59, 71, 41, 22, 0, 0, 7, 22, 54, 12, 100, 0, 2
17, 100, 0, 75, 1, 49, 67, 46, 100, 61, 88, 54, 89, 27, 94, 0, 4
27, 95, 0, 62, 59, 47, 42, 0, 1, 4, 5, 54, 31, 95, 100, 100, 5
68, 100, 11, 89, 59, 45, 61, 0, 0, 17, 65, 55, 100, 100, 18, 98, 8
45, 85, 80, 100, 76, 72, 58, 58, 100, 44, 87, 13, 39, 0, 0, 16, 3
8, 70, 43, 50, 44, 15, 10, 0, 0, 37, 12, 68, 55, 86, 100, 100, 5
27, 50, 79, 68, 100, 100, 46, 85, 42, 42, 51, 1, 0, 0, 35, 33, 8
29, 76, 52, 100, 100, 96, 86, 70, 58, 46, 55, 29, 51, 5, 0, 0, 3
0, 92, 50, 100, 78, 74, 61, 37, 43, 0, 24, 26, 44, 37, 100, 37, 7
100, 87, 96, 100, 49, 73, 11, 44, 0, 10, 60, 0, 73, 27, 16, 27, 6
62, 83, 27, 69, 70, 26, 47, 0, 0, 34, 63, 66, 100, 98, 19, 100, 8
100, 100, 73, 94, 48, 66, 30, 35, 35, 2, 74, 0, 44, 15, 0, 14, 6
15, 55, 0, 35, 15, 1, 54, 0, 88, 19, 100, 53, 80, 85, 45, 100, 0
10, 86, 0, 97, 50, 99, 100, 100, 79, 78, 63, 53, 50, 26, 47, 0, 7
98, 100, 31, 97, 48, 60, 72, 23, 16, 0, 0, 30, 47, 62, 100, 92, 8
0, 96, 26, 100, 76, 100, 100, 99, 64, 80, 47, 54, 40, 26, 39, 0, 7
42, 81, 7, 65, 0, 20, 45, 0, 89, 32, 100, 76, 55, 100, 7, 73, 0
7, 91, 34, 60, 77, 100, 0, 69, 8, 39, 32, 0, 100, 43, 8, 39, 8
0, 67, 39, 83, 80, 100, 100, 93, 96, 70, 93, 46, 91, 23, 89, 0, 1
66, 100, 73, 96, 34, 72, 0, 48, 39, 31, 100, 46, 75, 26, 64, 0, 4
0, 88, 48, 98, 100, 100, 80, 67, 46, 34, 13, 0, 24, 32, 77, 41, 7
8, 97, 14, 72, 0, 35, 10, 0, 69, 18, 100, 53, 90, 90, 25, 100, 0
77, 100, 28, 80, 4, 52, 2, 23, 44, 0, 100, 11, 51, 28, 0, 14, 6
16, 95, 39, 100, 67, 82, 48, 57, 87, 36, 100, 12, 49, 0, 0, 3, 3
47, 100, 0, 72, 0, 38, 82, 30, 100, 65, 87, 95, 77, 47, 62, 0, 4
26, 77, 49, 100, 100, 94, 76, 67, 73, 43, 94, 16, 51, 0, 0, 13, 3
20, 79, 30, 100, 100, 99, 66, 71, 45, 59, 97, 40, 70, 11, 0, 0, 3
0, 69, 35, 100, 100, 94, 69, 49, 26, 8, 71, 0, 36, 40, 15, 83, 8
0, 92, 44, 100, 91, 93, 100, 56, 85, 18, 61, 0, 40, 27, 86, 35, 7
61, 100, 28, 73, 11, 44, 19, 12, 70, 0, 100, 22, 49, 36, 0, 21, 6
80, 80, 18, 66, 0, 84, 51, 100, 78, 77, 78, 50, 78, 24, 100, 0, 9
26, 97, 97, 100, 63, 99, 0, 82, 34, 59, 100, 43, 79, 9, 9, 0, 5
73, 69, 100, 100, 0, 95, 39, 54, 85, 13, 7, 0, 13, 40, 89, 73, 8
26, 100, 0, 70, 16, 41, 69, 42, 100, 70, 92, 63, 71, 31, 49, 0, 4
9, 63, 66, 39, 77, 0, 0, 4, 41, 41, 100, 75, 77, 100, 0, 77, 8
100, 100, 71, 87, 45, 65, 21, 41, 4, 16, 34, 0, 53, 16, 0, 22, 6
39, 83, 58, 100, 100, 90, 80, 63, 94, 37, 80, 9, 35, 0, 0, 17, 3
26, 96, 92, 100, 72, 100, 9, 81, 41, 64, 100, 40, 67, 5, 0, 0, 5
15, 67, 44, 100, 51, 91, 44, 44, 29, 0, 0, 1, 50, 4, 100, 2, 1
20, 69, 35, 100, 68, 82, 59, 44, 30, 12, 0, 0, 50, 6, 100, 6, 2
28, 100, 13, 76, 0, 47, 59, 38, 100, 60, 92, 58, 79, 28, 65, 0, 4
38, 100, 11, 71, 0, 30, 33, 0, 82, 5, 100, 43, 76, 79, 28, 88, 0
70, 98, 100, 100, 49, 96, 25, 62, 63, 53, 78, 24, 39, 0, 0, 5, 5
42, 90, 91, 100, 100, 76, 56, 57, 86, 49, 89, 17, 46, 0, 0, 12, 3
46, 65, 81, 100, 70, 82, 60, 28, 24, 0, 0, 0, 50, 3, 100, 9, 1
0, 87, 6, 97, 64, 100, 100, 93, 71, 72, 50, 49, 34, 25, 30, 0, 7
20, 73, 57, 44, 76, 2, 0, 0, 40, 40, 100, 76, 77, 100, 22, 65, 8
53, 73, 69, 100, 100, 84, 78, 53, 73, 44, 90, 16, 46, 0, 0, 12, 3
13, 83, 0, 61, 4, 15, 54, 0, 98, 28, 100, 73, 55, 100, 16, 71, 0
0, 74, 82, 79, 100, 100, 19, 92, 7, 73, 88, 77, 54, 39, 18, 0, 9
0, 53, 5, 65, 54, 85, 100, 100, 81, 75, 59, 50, 41, 25, 30, 0, 1
0, 100, 73, 98, 100, 80, 77, 44, 61, 8, 36, 0, 3, 27, 78, 30, 7
20, 98, 97, 100, 100, 99, 31, 88, 41, 57, 97, 30, 57, 0, 0, 13, 5
26, 87, 67, 52, 100, 18, 34, 0, 24, 33, 70, 67, 80, 100, 0, 82, 8
100, 100, 48, 88, 14, 60, 0, 28, 26, 0, 75, 11, 58, 42, 5, 49, 6
63, 100, 25, 80, 0, 48, 0, 12, 54, 0, 100, 24, 70, 43, 21, 20, 6
64, 100, 41, 71, 5, 43, 0, 36, 57, 36, 100, 49, 88, 36, 87, 0, 4
61, 100, 16, 78, 0, 39, 15, 0, 72, 10, 100, 48, 96, 88, 44, 83, 0
21, 98, 97, 100, 60, 98, 7, 71, 26, 50, 100, 37, 78, 8, 0, 0, 5
46, 95, 87, 100, 92, 56, 59, 20, 15, 0, 0, 12, 50, 14, 100, 11, 2
0, 83, 38, 100, 70, 76, 65, 37, 50, 0, 33, 14, 56, 37, 100, 49, 7
100, 100, 46, 93, 11, 62, 0, 26, 42, 0, 96, 18, 55, 31, 35, 2, 6
25, 100, 71, 93, 77, 57, 59, 20, 30, 0, 0, 28, 50, 25, 100, 14, 7
0, 87, 39, 100, 73, 81, 68, 38, 47, 0, 22, 35, 59, 52, 100, 64, 7
11, 77, 84, 63, 79, 100, 0, 83, 56, 67, 100, 56, 87, 7, 1, 0, 9
0, 39, 39, 59, 80, 82, 100, 100, 74, 76, 52, 51, 37, 25, 33, 0, 1
100, 92, 79, 100, 47, 89, 46, 61, 68, 37, 66, 9, 34, 0, 0, 1, 5
42, 87, 100, 100, 80, 96, 30, 77, 52, 62, 94, 45, 57, 15, 0, 0, 5
100, 85, 67, 100, 56, 66, 96, 79, 90, 65, 86, 28, 54, 0, 0, 11, 9
47, 80, 80, 97, 100, 100, 59, 89, 29, 63, 54, 33, 40, 4, 0, 0, 5
64, 100, 26, 89, 0, 62, 50, 52, 100, 71, 76, 56, 47, 28, 27, 0, 4
35, 100, 25, 77, 0, 49, 35, 34, 98, 31, 100, 56, 82, 27, 66, 0, 4
85, 100, 71, 100, 25, 68, 0, 32, 31, 0, 100, 16, 78, 49, 7, 67, 6
100, 100, 76, 97, 44, 70, 16, 40, 0, 6, 34, 0, 43, 31, 9, 32, 6
0, 69, 5, 92, 62, 100, 100, 82, 80, 53, 97, 26, 97, 2, 38, 0, 3
25, 85, 24, 62, 55, 100, 42, 55, 49, 8, 0, 0, 46, 3, 100, 5, 1
100, 100, 59, 81, 29, 55, 4, 26, 11, 0, 60, 12, 51, 30, 0, 21, 6
19, 74, 52, 85, 100, 100, 95, 82, 70, 60, 41, 39, 14, 17, 0, 0, 1
94, 75, 55, 100, 0, 78, 17, 45, 76, 62, 100, 78, 92, 36, 84, 0, 9
32, 90, 74, 100, 82, 58, 50, 23, 3, 4, 0, 18, 52, 17, 100, 0, 2
63, 100, 0, 72, 5, 52, 93, 55, 100, 73, 60, 77, 34, 38, 9, 0, 4
0, 82, 8, 35, 42, 0, 88, 21, 100, 66, 67, 100, 22, 80, 15, 35, 0
53, 100, 21, 79, 0, 39, 9, 0, 73, 11, 100, 49, 75, 87, 9, 92, 0
100, 100, 21, 84, 41, 44, 79, 6, 0, 0, 33, 39, 80, 76, 49, 97, 8
0, 78, 28, 100, 58, 88, 45, 56, 24, 28, 12, 1, 55, 0, 100, 2, 2
100, 100, 58, 83, 30, 56, 19, 25, 46, 0, 84, 16, 52, 40, 0, 46, 6
74, 100, 40, 85, 0, 62, 36, 40, 88, 49, 100, 57, 70, 30, 51, 0, 4
64, 100, 45, 87, 6, 58, 0, 23, 49, 0, 100, 21, 55, 43, 34, 22, 6
100, 100, 77, 81, 48, 56, 23, 30, 25, 3, 81, 0, 58, 22, 0, 28, 6
23, 73, 60, 100, 54, 76, 40, 34, 22, 0, 0, 15, 50, 14, 100, 14, 1
80, 84, 11, 100, 19, 64, 100, 35, 88, 0, 0, 15, 42, 52, 99, 88, 8
1, 74, 23, 100, 83, 87, 75, 42, 49, 0, 100, 2, 55, 34, 0, 64, 8
33, 89, 19, 50, 35, 8, 78, 0, 100, 38, 85, 80, 45, 100, 0, 88, 0
0, 72, 29, 100, 61, 82, 59, 34, 47, 0, 24, 40, 62, 49, 100, 64, 7
95, 83, 17, 87, 51, 48, 92, 10, 0, 0, 25, 37, 100, 69, 94, 100, 8
64, 93, 25, 56, 0, 9, 37, 0, 78, 35, 100, 81, 61, 100, 18, 70, 0
6, 50, 41, 50, 100, 19, 44, 0, 20, 37, 63, 73, 65, 100, 0, 73, 8
74, 100, 28, 89, 2, 59, 1, 26, 41, 0, 100, 10, 52, 26, 0, 6, 6
50, 98, 10, 61, 0, 10, 49, 0, 95, 27, 100, 76, 52, 100, 2, 86, 0
36, 77, 65, 100, 100, 83, 74, 52, 80, 41, 88, 14, 44, 0, 0, 10, 3
0, 82, 38, 100, 62, 95, 31, 75, 23, 57, 23, 37, 46, 18, 100, 0, 1
16, 100, 0, 63, 61, 63, 100, 25, 46, 0, 19, 44, 29, 90, 98, 100, 5
97, 100, 61, 95, 34, 60, 25, 23, 65, 0, 100, 25, 53, 44, 0, 31, 6
85, 100, 68, 99, 19, 70, 0, 33, 27, 0, 100, 8, 87, 42, 19, 59, 6
87, 86, 45, 100, 26, 71, 71, 60, 100, 57, 90, 17, 49, 0, 0, 5, 9
52, 77, 22, 60, 62, 30, 38, 0, 0, 16, 8, 70, 52, 86, 100, 100, 5
0, 31, 35, 50, 69, 75, 100, 100, 91, 79, 69, 52, 49, 26, 34, 0, 1
8, 90, 4, 58, 66, 36, 44, 0, 2, 19, 0, 63, 25, 99, 100, 100, 5
41, 90, 0, 68, 9, 9, 57, 0, 100, 30, 91, 84, 45, 100, 5, 73, 0
0, 46, 27, 66, 61, 85, 97, 100, 100, 78, 80, 53, 59, 27, 43, 0, 1
1, 76, 0, 42, 16, 0, 65, 2, 100, 35, 95, 79, 50, 100, 3, 84, 0
7, 72, 1, 38, 31, 0, 82, 11, 100, 56, 76, 99, 26, 100, 0, 58, 0
0, 83, 26, 100, 71, 93, 77, 67, 77, 40, 100, 16, 67, 0, 18, 0, 3
40, 92, 74, 99, 100, 100, 66, 92, 33, 80, 30, 39, 32, 0, 0, 0, 5
0, 52, 20, 83, 56, 100, 79, 84, 58, 52, 36, 20, 59, 1, 100, 0, 2
0, 83, 13, 100, 43, 80, 29, 51, 2, 25, 3, 1, 51, 0, 100, 4, 2
19, 100, 0, 71, 0, 40, 51, 29, 100, 40, 90, 62, 82, 31, 82, 0, 4
49, 79, 69, 100, 90, 72, 67, 43, 29, 21, 0, 3, 50, 6, 100, 0, 2
23, 74, 29, 26, 66, 0, 100, 27, 99, 74, 64, 100, 26, 73, 0, 33, 0
0, 88, 48, 100, 78, 77, 43, 51, 55, 41, 100, 22, 67, 0, 16, 7, 3
16, 87, 45, 100, 93, 94, 64, 71, 85, 49, 100, 25, 53, 10, 0, 0, 3
16, 99, 26, 100, 0, 58, 45, 39, 100, 34, 86, 77, 57, 47, 45, 0, 4
0, 12, 24, 39, 52, 65, 81, 90, 100, 100, 78, 68, 56, 36, 45, 0, 1
23, 97, 6, 54, 65, 45, 43, 0, 0, 12, 0, 65, 33, 95, 100, 100, 5
88, 100, 26, 93, 38, 69, 100, 88, 93, 83, 91, 51, 57, 22, 0, 0, 9
37, 100, 10, 81, 0, 56, 21, 35, 73, 41, 100, 44, 65, 24, 52, 0, 4
0, 47, 21, 68, 59, 90, 100, 100, 87, 75, 70, 50, 52, 25, 43, 0, 1
55, 50, 100, 74, 76, 100, 7, 90, 0, 64, 72, 55, 97, 32, 83, 0, 9
83, 100, 72, 85, 28, 56, 0, 22, 51, 0, 100, 16, 46, 37, 29, 11, 6
43, 99, 84, 100, 80, 77, 70, 59, 100, 37, 80, 11, 39, 0, 0, 3, 3
38, 86, 70, 69, 94, 100, 36, 84, 90, 79, 100, 43, 68, 6, 0, 0, 9
28, 89, 63, 100, 84, 71, 69, 38, 32, 14, 0, 17, 52, 13, 100, 0, 2
100, 100, 57, 85, 26, 62, 2, 36, 0, 7, 44, 0, 70, 20, 24, 22, 6
54, 90, 22, 65, 100, 77, 48, 100, 14, 49, 0, 0, 73, 16, 44, 66, 8
48, 88, 91, 69, 76, 100, 16, 75, 93, 75, 100, 56, 84, 11, 0, 0, 9
28, 64, 39, 100, 78, 98, 62, 61, 30, 31, 0, 13, 51, 10, 100, 0, 2
35, 79, 66, 100, 87, 72, 69, 38, 36, 10, 0, 0, 50, 4, 100, 5, 2
0, 60, 34, 83, 57, 100, 51, 64, 48, 29, 13, 0, 20, 2, 100, 4, 1
0, 69, 56, 76, 85, 99, 98, 100, 100, 75, 97, 50, 92, 25, 92, 0, 1
27, 86, 50, 100, 100, 95, 64, 72, 50, 47, 80, 21, 53, 0, 0, 3, 3
72, 100, 19, 78, 26, 62, 100, 66, 81, 89, 53, 68, 33, 33, 0, 0, 4
0, 81, 43, 80, 100, 100, 86, 86, 57, 65, 36, 43, 21, 21, 18, 0, 1
16, 100, 8, 83, 0, 52, 40, 40, 88, 55, 100, 57, 75, 29, 60, 0, 4
100, 100, 66, 92, 26, 63, 0, 27, 27, 0, 76, 16, 56, 50, 5, 46, 6
18, 85, 41, 46, 37, 1, 3, 0, 0, 47, 7, 91, 53, 97, 100, 100, 5
16, 78, 44, 100, 95, 95, 75, 66, 51, 43, 100, 31, 59, 9, 0, 0, 3
0, 85, 43, 100, 92, 79, 100, 45, 82, 13, 56, 0, 34, 31, 98, 39, 7
0, 43, 13, 66, 45, 88, 77, 100, 68, 74, 68, 48, 70, 22, 100, 0, 1
0, 94, 56, 100, 100, 83, 88, 52, 64, 23, 43, 0, 19, 29, 63, 43, 7
88, 100, 49, 85, 12, 52, 0, 13, 55, 0, 100, 26, 42, 35, 12, 5, 6
77, 90, 8, 100, 1, 64, 55, 31, 60, 0, 0, 27, 29, 65, 100, 89, 8
62, 90, 100, 100, 90, 95, 54, 84, 46, 55, 64, 24, 35, 0, 0, 4, 5
19, 100, 69, 92, 68, 53, 53, 15, 67, 0, 100, 27, 54, 47, 0, 56, 7
47, 65, 63, 100, 77, 72, 49, 31, 11, 1, 0, 0, 50, 1, 100, 3, 2
0, 92, 53, 100, 78, 70, 61, 34, 39, 0, 6, 29, 43, 39, 100, 30, 7
100, 100, 46, 90, 13, 60, 0, 28, 30, 0, 83, 16, 85, 49, 30, 43, 6
39, 84, 0, 86, 40, 42, 76, 0, 20, 9, 57, 54, 100, 96, 44, 100, 8
43, 100, 25, 88, 0, 58, 23, 34, 93, 53, 100, 53, 75, 24, 68, 0, 4
73, 91, 21, 85, 50, 37, 46, 0, 0, 24, 54, 63, 100, 100, 30, 78, 8
37, 83, 77, 100, 14, 95, 2, 68, 52, 46, 100, 23, 58, 0, 0, 0, 5
0, 76, 45, 100, 88, 76, 71, 37, 45, 0, 35, 3, 29, 33, 100, 36, 7
66, 59, 100, 85, 54, 100, 0, 84, 24, 61, 88, 54, 93, 30, 80, 0, 9
60, 73, 59, 100, 19, 73, 53, 36, 51, 0, 0, 20, 50, 52, 100, 80, 8
68, 89, 17, 100, 28, 63, 72, 28, 36, 0, 0, 32, 47, 64, 100, 95, 8
42, 88, 49, 100, 60, 58, 37, 20, 0, 28, 46, 15, 89, 0, 100, 40, 2
43, 82, 21, 51, 35, 15, 0, 0, 8, 32, 30, 66, 64, 85, 100, 100, 5
36, 90, 77, 100, 100, 88, 66, 68, 47, 49, 73, 27, 42, 6, 0, 0, 3
0, 43, 62, 61, 83, 86, 88, 100, 92, 75, 94, 50, 98, 25, 100, 0, 1
100, 74, 51, 62, 0, 73, 25, 100, 76, 96, 78, 63, 68, 31, 59, 0, 9
0, 57, 17, 77, 73, 97, 100, 100, 73, 75, 57, 50, 43, 25, 43, 0, 1
20, 85, 89, 100, 100, 68, 62, 34, 22, 0, 0, 12, 20, 32, 100, 40, 7
33, 100, 21, 70, 0, 37, 29, 27, 83, 35, 100, 62, 88, 35, 80, 0, 4
100, 100, 61, 93, 29, 71, 3, 43, 0, 8, 38, 0, 66, 18, 29, 29, 6
0, 100, 57, 94, 100, 78, 100, 63, 100, 47, 86, 31, 71, 15, 100, 0, 1
0, 100, 48, 97, 100, 84, 86, 43, 76, 2, 98, 0, 95, 30, 40, 43, 7
0, 88, 31, 100, 65, 90, 62, 68, 45, 48, 38, 26, 62, 9, 100, 0, 2
35, 100, 9, 71, 0, 26, 41, 0, 93, 11, 100, 53, 63, 87, 11, 100, 0
0, 79, 25, 100, 62, 98, 69, 66, 47, 37, 27, 8, 63, 1, 100, 0, 2
0, 89, 50, 100, 100, 89, 77, 53, 53, 16, 55, 0, 20, 29, 82, 39, 7
0, 83, 38, 100, 79, 90, 77, 47, 74, 4, 62, 0, 54, 32, 100, 39, 7
9, 91, 56, 100, 100, 87, 80, 43, 57, 0, 0, 22, 24, 34, 95, 36, 7
24, 100, 0, 78, 2, 45, 80, 45, 100, 75, 72, 71, 37, 36, 8, 0, 4
77, 99, 0, 73, 100, 100, 12, 84, 6, 48, 12, 0, 99, 39, 16, 51, 8
30, 83, 61, 100, 93, 81, 53, 59, 89, 48, 100, 19, 56, 0, 0, 0, 3
10, 100, 26, 94, 18, 72, 0, 50, 41, 36, 100, 43, 72, 22, 77, 0, 4
66, 72, 27, 100, 0, 75, 45, 39, 63, 0, 11, 24, 50, 61, 100, 87, 8
0, 57, 14, 73, 54, 90, 100, 100, 100, 74, 80, 47, 55, 22, 49, 0, 1
100, 100, 54, 97, 14, 67, 0, 32, 28, 0, 91, 4, 84, 35, 15, 47, 6
51, 77, 74, 100, 100, 78, 72, 49, 94, 33, 80, 4, 33, 0, 0, 24, 3
0, 71, 35, 74, 75, 94, 100, 100, 89, 73, 77, 46, 72, 18, 57, 0, 1
32, 87, 12, 69, 0, 30, 31, 0, 82, 8, 100, 46, 76, 81, 29, 100, 0
74, 100, 39, 73, 0, 48, 52, 46, 100, 48, 77, 83, 63, 41, 47, 0, 4
21, 81, 52, 100, 100, 100, 85, 76, 64, 53, 83, 29, 44, 13, 0, 0, 3
100, 100, 50, 81, 16, 54, 5, 25, 34, 0, 89, 14, 70, 41, 0, 49, 6
56, 84, 0, 66, 75, 70, 86, 100, 14, 84, 100, 73, 65, 37, 45, 0, 9
10, 71, 44, 100, 67, 76, 52, 37, 24, 4, 0, 5, 49, 9, 100, 0, 2
48, 100, 0, 43, 39, 0, 100, 52, 54, 87, 18, 48, 74, 78, 19, 19, 0
68, 96, 20, 84, 0, 42, 17, 0, 74, 1, 100, 40, 88, 84, 36, 100, 0
100, 100, 51, 81, 16, 56, 3, 27, 24, 0, 79, 3, 58, 29, 0, 38, 6
17, 100, 0, 65, 8, 23, 53, 0, 100, 22, 96, 63, 56, 94, 8, 80, 0
85, 100, 38, 80, 13, 48, 11, 14, 58, 0, 100, 22, 58, 43, 0, 42, 6
21, 91, 59, 100, 62, 66, 34, 36, 0, 11, 19, 13, 59, 0, 100, 9, 2
37, 81, 61, 100, 91, 84, 63, 63, 100, 46, 85, 14, 37, 0, 0, 16, 3
83, 100, 41, 98, 7, 63, 0, 23, 47, 0, 100, 18, 58, 39, 11, 15, 6
0, 80, 28, 100, 53, 82, 31, 53, 4, 27, 14, 3, 58, 4, 100, 0, 2
100, 91, 58, 100, 32, 75, 77, 87, 77, 76, 52, 43, 28, 10, 0, 0, 9
53, 70, 71, 100, 68, 58, 38, 23, 0, 7, 22, 30, 63, 21, 100, 0, 2
0, 95, 41, 97, 100, 100, 80, 67, 62, 23, 48, 0, 17, 38, 76, 42, 7
14, 52, 0, 56, 36, 78, 74, 100, 100, 96, 79, 64, 58, 32, 39, 0, 1
25, 92, 30, 43, 50, 1, 88, 0, 100, 45, 78, 87, 39, 100, 0, 87, 0
100, 100, 62, 84, 35, 57, 19, 24, 40, 0, 72, 18, 37, 31, 0, 14, 6
21, 69, 0, 48, 19, 7, 61, 0, 94, 30, 100, 74, 67, 100, 29, 83, 0
0, 72, 59, 43, 90, 7, 27, 0, 20, 37, 67, 70, 100, 100, 22, 86, 8
30, 95, 0, 62, 13, 20, 57, 0, 100, 21, 99, 64, 63, 95, 15, 100, 0
0, 100, 45, 95, 100, 89, 87, 48, 62, 9, 38, 0, 29, 37, 87, 40, 7
0, 87, 38, 100, 88, 88, 68, 58, 47, 39, 100, 28, 96, 0, 41, 1, 3
61, 94, 57, 100, 15, 68, 0, 32, 28, 0, 100, 7, 65, 34, 33, 14, 6
0, 95, 48, 100, 92, 85, 55, 61, 78, 34, 100, 5, 48, 0, 3, 15, 3
0, 72, 41, 84, 80, 100, 100, 100, 84, 74, 66, 49, 48, 24, 37, 0, 1
0, 55, 34, 74, 74, 91, 100, 100, 80, 75, 62, 49, 42, 25, 24, 0, 1
2, 93, 0, 97, 50, 98, 100, 100, 72, 78, 47, 53, 31, 26, 27, 0, 7
19, 91, 0, 52, 10, 10, 63, 0, 99, 32, 100, 75, 56, 100, 7, 80, 0
45, 71, 63, 100, 20, 78, 44, 39, 51, 0, 0, 11, 40, 40, 100, 52, 8
0, 89, 44, 100, 92, 93, 100, 61, 93, 29, 82, 0, 38, 18, 71, 32, 7
68, 82, 38, 65, 74, 27, 34, 0, 0, 33, 53, 66, 100, 100, 16, 95, 8
100, 100, 53, 77, 18, 50, 0, 19, 42, 0, 97, 16, 68, 40, 11, 35, 6
9, 100, 0, 78, 1, 48, 67, 45, 100, 65, 88, 59, 90, 29, 97, 0, 4
35, 90, 88, 100, 81, 79, 44, 62, 94, 44, 100, 18, 54, 0, 0, 8, 3
0, 90, 43, 100, 90, 99, 85, 58, 78, 11, 55, 0, 53, 25, 100, 32, 7
100, 100, 65, 94, 34, 83, 27, 50, 67, 40, 76, 12, 40, 0, 0, 7, 5
20, 91, 25, 67, 54, 32, 19, 0, 0, 32, 0, 80, 49, 92, 100, 100, 5
49, 90, 81, 100, 96, 69, 74, 38, 24, 20, 0, 32, 58, 21, 100, 0, 2
51, 46, 46, 76, 72, 100, 62, 69, 51, 37, 21, 7, 0, 0, 100, 6, 1
100, 89, 49, 73, 0, 65, 41, 93, 94, 100, 78, 64, 45, 33, 23, 0, 9
57, 89, 0, 100, 1, 68, 43, 34, 30, 0, 1, 31, 41, 65, 100, 86, 8
0, 52, 71, 71, 100, 100, 80, 64, 77, 26, 60, 5, 3, 3, 89, 0, 1
22, 100, 25, 63, 54, 26, 22, 0, 0, 37, 2, 82, 49, 96, 100, 95, 5
67, 100, 19, 90, 0, 47, 14, 4, 69, 0, 100, 38, 91, 82, 46, 99, 0
43, 100, 30, 82, 5, 53, 0, 27, 52, 39, 100, 57, 83, 29, 72, 0, 4
18, 90, 11, 43, 34, 0, 87, 20, 100, 67, 57, 100, 10, 73, 0, 24, 0
0, 49, 40, 59, 72, 79, 100, 100, 85, 74, 69, 48, 53, 21, 51, 0, 1
41, 100, 58, 66, 100, 98, 34, 92, 68, 70, 75, 52, 69, 1, 0, 0, 9
0, 78, 29, 100, 94, 86, 70, 48, 42, 11, 32, 0, 25, 36, 100, 40, 7
34, 89, 3, 70, 1, 25, 49, 0, 100, 23, 100, 67, 56, 99, 0, 100, 0
69, 100, 44, 77, 5, 50, 0, 28, 67, 23, 100, 44, 95, 29, 89, 0, 4
19, 100, 35, 93, 0, 63, 12, 36, 89, 37, 100, 66, 94, 33, 89, 0, 4
32, 92, 24, 47, 71, 36, 38, 0, 0, 0, 21, 48, 49, 92, 100, 100, 5
5, 97, 9, 61, 37, 25, 0, 0, 7, 32, 56, 64, 100, 96, 37, 100, 8
88, 100, 29, 100, 30, 74, 85, 83, 100, 67, 97, 27, 57, 0, 0, 5, 9
76, 93, 24, 100, 0, 72, 58, 73, 74, 74, 100, 42, 92, 12, 37, 0, 9
99, 88, 74, 100, 56, 75, 100, 85, 99, 57, 89, 17, 46, 0, 0, 4, 9
45, 69, 74, 100, 68, 94, 57, 50, 39, 9, 0, 3, 50, 3, 100, 0, 1
86, 100, 46, 83, 17, 56, 0, 28, 17, 1, 92, 0, 100, 21, 22, 16, 6
61, 100, 0, 72, 1, 42, 79, 43, 100, 67, 67, 90, 56, 45, 57, 0, 4
10, 98, 0, 54, 7, 11, 51, 0, 90, 30, 100, 72, 66, 100, 18, 88, 0
28, 96, 98, 97, 87, 95, 13, 100, 34, 64, 100, 45, 63, 0, 0, 18, 5
24, 96, 0, 61, 7, 16, 43, 0, 82, 11, 100, 48, 78, 86, 39, 100, 0
0, 79, 27, 93, 60, 100, 77, 80, 72, 54, 64, 28, 66, 4, 100, 0, 2
31, 97, 100, 100, 25, 94, 12, 62, 48, 62, 94, 33, 60, 0, 0, 5, 5
79, 100, 27, 86, 0, 53, 9, 15, 53, 0, 95, 25, 100, 63, 76, 99, 0
9, 74, 38, 100, 53, 78, 30, 43, 0, 17, 27, 8, 63, 6, 100, 0, 2
0, 73, 40, 98, 58, 100, 55, 64, 58, 27, 24, 3, 43, 0, 100, 4, 1
41, 93, 88, 100, 86, 75, 47, 53, 0, 38, 5, 25, 50, 10, 100, 0, 2
2, 88, 37, 76, 87, 100, 0, 93, 48, 81, 95, 70, 87, 34, 100, 0, 9
28, 69, 43, 100, 77, 86, 60, 45, 29, 9, 0, 1, 52, 0, 100, 6, 2
94, 100, 50, 77, 17, 49, 5, 16, 50, 0, 100, 14, 57, 31, 0, 24, 6
24, 78, 56, 100, 96, 83, 77, 53, 100, 39, 97, 10, 46, 0, 0, 18, 3
100, 100, 57, 85, 20, 57, 0, 27, 26, 0, 90, 8, 81, 34, 14, 36, 6
17, 86, 68, 100, 71, 70, 57, 60, 100, 41, 91, 7, 35, 0, 0, 19, 3
0, 70, 18, 97, 76, 100, 92, 74, 66, 36, 54, 0, 100, 26, 58, 33, 7
7, 67, 62, 39, 100, 8, 38, 0, 24, 33, 57, 67, 74, 100, 0, 91, 8
72, 100, 1, 75, 0, 42, 100, 38, 99, 66, 65, 83, 61, 42, 64, 0, 4
6, 75, 36, 97, 92, 100, 69, 75, 66, 51, 100, 30, 54, 12, 0, 0, 3
31, 100, 2, 56, 12, 3, 60, 0, 100, 35, 91, 85, 42, 90, 0, 60, 0
20, 82, 71, 100, 100, 96, 41, 87, 10, 71, 62, 48, 54, 0, 0, 0, 5
100, 91, 75, 100, 47, 79, 39, 45, 73, 40, 78, 13, 41, 0, 0, 0, 5
48, 81, 5, 96, 53, 100, 55, 68, 24, 38, 0, 7, 48, 0, 100, 2, 2
100, 100, 72, 81, 55, 55, 45, 27, 48, 0, 72, 5, 36, 18, 0, 12, 6
38, 92, 96, 100, 65, 92, 30, 63, 65, 48, 100, 24, 58, 0, 0, 5, 5
35, 83, 0, 45, 0, 0, 51, 0, 91, 35, 100, 82, 56, 100, 14, 74, 0
30, 91, 72, 60, 91, 96, 47, 100, 95, 75, 100, 19, 52, 0, 0, 1, 9
72, 65, 53, 100, 0, 88, 39, 64, 75, 83, 100, 42, 84, 4, 27, 0, 9
9, 56, 6, 14, 40, 0, 78, 27, 100, 62, 90, 97, 43, 100, 0, 84, 0
16, 96, 94, 100, 28, 96, 4, 68, 35, 51, 100, 35, 65, 0, 0, 14, 5
0, 78, 54, 69, 100, 92, 55, 100, 34, 69, 90, 75, 93, 41, 91, 0, 9
48, 91, 63, 100, 32, 78, 0, 56, 51, 46, 100, 48, 78, 24, 65, 0, 4
48, 86, 92, 100, 100, 79, 58, 62, 80, 48, 75, 17, 33, 0, 0, 15, 3
0, 97, 49, 100, 100, 97, 99, 66, 69, 33, 42, 0, 22, 33, 74, 34, 7
0, 93, 64, 100, 100, 79, 54, 55, 23, 43, 86, 34, 74, 5, 10, 0, 3
72, 89, 88, 80, 71, 100, 72, 85, 100, 57, 87, 18, 41, 0, 0, 21, 9
100, 64, 91, 100, 40, 82, 80, 61, 97, 76, 99, 31, 61, 0, 0, 2, 9
22, 86, 74, 100, 96, 72, 67, 42, 100, 42, 98, 12, 30, 0, 0, 19, 3
42, 75, 70, 100, 75, 66, 51, 29, 14, 0, 0, 6, 49, 13, 100, 15, 2
100, 76, 53, 55, 15, 73, 51, 100, 91, 81, 83, 44, 52, 12, 0, 0, 9
36, 83, 61, 100, 23, 68, 0, 33, 23, 0, 100, 5, 80, 29, 0, 23, 6
100, 100, 67, 81, 41, 62, 20, 41, 8, 20, 18, 0, 47, 10, 0, 20, 6
67, 72, 24, 71, 0, 86, 41, 100, 84, 97, 100, 65, 88, 32, 68, 0, 9
84, 78, 38, 100, 18, 67, 77, 33, 59, 0, 0, 23, 45, 60, 100, 95, 8
31, 93, 5, 82, 0, 43, 73, 40, 100, 58, 60, 100, 43, 51, 48, 0, 4
0, 75, 45, 100, 45, 95, 44, 61, 45, 27, 15, 0, 34, 1, 100, 5, 1
13, 65, 58, 82, 100, 100, 77, 80, 52, 60, 32, 40, 10, 20, 0, 0, 1
100, 100, 43, 95, 56, 56, 59, 17, 0, 0, 17, 34, 65, 65, 72, 95, 8
14, 55, 43, 100, 46, 92, 41, 36, 9, 0, 0, 2, 50, 0, 100, 1, 1
0, 51, 35, 69, 78, 91, 100, 100, 81, 75, 62, 50, 40, 25, 24, 0, 1
74, 100, 0, 96, 2, 68, 74, 81, 60, 70, 86, 37, 100, 6, 21, 0, 9
0, 100, 34, 96, 56, 64, 56, 23, 40, 0, 29, 32, 64, 35, 100, 34, 7
16, 100, 0, 83, 0, 65, 18, 50, 50, 41, 82, 34, 99, 18, 100, 0, 4
98, 75, 34, 100, 0, 75, 70, 41, 99, 0, 16, 13, 61, 53, 100, 85, 8
47, 85, 67, 100, 82, 78, 61, 51, 100, 38, 90, 12, 45, 0, 0, 7, 3
93, 91, 40, 100, 43, 80, 79, 92, 91, 56, 100, 20, 57, 0, 0, 1, 9
20, 98, 1, 64, 46, 35, 30, 0, 1, 24, 0, 71, 43, 95, 100, 100, 5
0, 79, 25, 100, 35, 66, 22, 30, 3, 0, 35, 1, 67, 4, 100, 11, 2
100, 91, 58, 100, 20, 75, 0, 38, 11, 0, 56, 3, 61, 37, 20, 33, 6
13, 78, 40, 100, 53, 71, 32, 34, 0, 13, 25, 7, 62, 0, 100, 1, 2
77, 100, 37, 95, 63, 78, 98, 95, 100, 56, 86, 19, 46, 0, 0, 1, 9
13, 84, 0, 67, 21, 100, 85, 100, 100, 88, 75, 52, 60, 14, 56, 0, 7
81, 100, 79, 99, 34, 67, 3, 33, 25, 0, 100, 9, 76, 37, 0, 26, 6
13, 90, 64, 100, 90, 74, 39, 58, 97, 53, 100, 20, 51, 0, 0, 12, 3
100, 93, 86, 100, 70, 84, 54, 67, 41, 50, 27, 33, 14, 17, 0, 0, 1
0, 84, 46, 57, 89, 28, 68, 0, 41, 24, 70, 54, 100, 85, 41, 100, 8
45, 100, 10, 75, 0, 47, 60, 38, 100, 54, 97, 59, 79, 29, 69, 0, 4
0, 66, 31, 84, 71, 100, 100, 99, 92, 74, 84, 50, 82, 25, 85, 0, 1
42, 79, 53, 42, 42, 0, 0, 2, 38, 38, 89, 70, 100, 100, 39, 75, 8
100, 100, 48, 88, 14, 59, 0, 28, 27, 0, 92, 8, 69, 29, 2, 18, 6
79, 100, 44, 95, 53, 51, 54, 8, 6, 0, 0, 36, 60, 54, 100, 83, 8
44, 64, 60, 100, 97, 83, 77, 43, 39, 11, 0, 13, 51, 23, 100, 0, 2
100, 100, 62, 97, 39, 73, 46, 49, 84, 41, 71, 14, 34, 0, 0, 8, 5
0, 68, 40, 100, 64, 96, 61, 59, 57, 23, 9, 0, 33, 3, 100, 2, 1
97, 85, 53, 100, 12, 78, 74, 74, 97, 86, 100, 44, 61, 12, 0, 0, 9
0, 51, 21, 68, 63, 88, 100, 100, 79, 75, 58, 50, 37, 25, 30, 0, 1
9, 84, 14, 73, 50, 37, 44, 0, 10, 24, 0, 69, 39, 96, 100, 100, 5
14, 78, 52, 100, 75, 75, 55, 40, 22, 10, 0, 6, 52, 7, 100, 0, 2
25, 86, 0, 69, 19, 98, 69, 96, 100, 100, 81, 66, 67, 32, 54, 0, 7
0, 100, 55, 98, 79, 67, 76, 33, 60, 0, 0, 1, 37, 17, 100, 27, 7
72, 100, 37, 86, 12, 55, 0, 23, 43, 0, 100, 14, 57, 34, 8, 20, 6
0, 68, 20, 98, 72, 100, 68, 68, 38, 38, 7, 10, 45, 0, 100, 3, 2
0, 75, 29, 90, 67, 100, 83, 80, 94, 58, 100, 36, 88, 14, 56, 0, 3
90, 100, 33, 98, 44, 58, 99, 72, 95, 80, 100, 32, 61, 0, 0, 16, 9
100, 100, 86, 98, 72, 81, 55, 64, 41, 47, 24, 30, 14, 13, 0, 0, 1
100, 89, 36, 100, 19, 78, 87, 80, 74, 71, 100, 35, 69, 8, 0, 0, 9
20, 87, 60, 100, 100, 94, 75, 68, 83, 40, 87, 12, 46, 0, 0, 1, 3
100, 100, 56, 93, 29, 63, 13, 31, 28, 0, 74, 7, 46, 29, 0, 17, 6
52, 87, 78, 100, 100, 84, 77, 59, 96, 37, 82, 13, 42, 3, 0, 0, 3
100, 100, 62, 85, 30, 61, 7, 32, 0, 0, 40, 0, 34, 25, 1, 11, 6
100, 100, 74, 78, 35, 57, 0, 37, 67, 37, 89, 45, 65, 23, 52, 0, 4
53, 86, 14, 64, 0, 29, 26, 0, 76, 18, 100, 52, 98, 87, 49, 100, 0
4, 68, 19, 100, 43, 75, 35, 35, 11, 0, 0, 5, 47, 13, 100, 7, 2
100, 98, 53, 100, 18, 70, 0, 32, 21, 0, 66, 17, 47, 47, 18, 24, 6
100, 100, 70, 90, 84, 75, 89, 74, 95, 42, 96, 11, 49, 0, 0, 0, 9
100, 99, 40, 91, 66, 49, 58, 8, 0, 0, 22, 41, 66, 76, 72, 100, 8
42, 99, 10, 59, 15, 12, 66, 0, 100, 38, 98, 84, 49, 100, 0, 75, 0
76, 91, 100, 85, 69, 100, 76, 82, 100, 55, 89, 14, 41, 0, 0, 21, 9
99, 100, 33, 82, 0, 52, 100, 53, 95, 83, 78, 90, 70, 35, 70, 0, 4
100, 100, 63, 99, 28, 85, 27, 49, 67, 40, 88, 16, 46, 0, 0, 1, 5
4, 74, 38, 100, 55, 71, 37, 35, 6, 5, 0, 7, 50, 6, 100, 0, 2
0, 91, 35, 100, 100, 97, 74, 65, 38, 32, 23, 0, 2, 34, 59, 38, 7
100, 96, 66, 100, 25, 69, 0, 33, 18, 0, 82, 8, 66, 35, 11, 16, 6
21, 100, 48, 66, 83, 32, 48, 0, 36, 29, 86, 62, 100, 95, 0, 95, 8
100, 35, 94, 76, 62, 100, 22, 75, 0, 37, 18, 0, 58, 17, 71, 55, 0
19, 69, 14, 18, 45, 0, 83, 27, 100, 73, 67, 100, 24, 86, 0, 47, 0
24, 70, 0, 74, 48, 97, 100, 100, 95, 76, 86, 50, 81, 24, 81, 0, 1
78, 88, 28, 100, 0, 75, 58, 74, 72, 73, 100, 36, 66, 6, 8, 0, 9
87, 69, 68, 100, 0, 76, 42, 38, 86, 0, 21, 7, 51, 47, 100, 85, 8
3, 98, 51, 100, 66, 63, 59, 22, 38, 0, 0, 25, 49, 34, 100, 38, 7
58, 100, 17, 78, 0, 37, 18, 0, 70, 4, 100, 38, 83, 78, 35, 83, 0
0, 89, 39, 95, 100, 100, 100, 78, 74, 40, 57, 0, 28, 4, 69, 17, 7
26, 88, 49, 100, 56, 74, 32, 45, 0, 21, 24, 5, 67, 0, 100, 23, 2
60, 100, 8, 78, 0, 45, 80, 42, 100, 65, 72, 78, 66, 39, 70, 0, 4
82, 93, 59, 100, 20, 70, 0, 43, 67, 35, 92, 65, 86, 29, 100, 0, 4
93, 55, 78, 100, 28, 94, 49, 67, 93, 75, 100, 29, 60, 2, 0, 0, 9
89, 100, 52, 79, 19, 51, 0, 27, 59, 39, 100, 62, 82, 31, 63, 0, 4
8, 94, 71, 100, 39, 96, 6, 71, 60, 71, 100, 35, 55, 0, 0, 16, 5
96, 70, 76, 100, 46, 73, 98, 69, 100, 64, 98, 24, 52, 0, 0, 2, 9
93, 100, 47, 99, 55, 75, 100, 84, 96, 62, 86, 21, 47, 0, 0, 3, 9
5, 94, 0, 76, 17, 100, 78, 98, 100, 91, 84, 57, 72, 23, 65, 0, 7
91, 100, 48, 99, 60, 83, 100, 84, 99, 47, 87, 13, 44, 0, 0, 2, 9
40, 70, 1, 38, 0, 0, 61, 9, 95, 43, 100, 83, 59, 100, 28, 65, 0
16, 100, 0, 55, 64, 39, 46, 0, 12, 15, 0, 63, 29, 96, 100, 98, 5
100, 99, 68, 100, 47, 74, 52, 52, 81, 42, 63, 14, 30, 0, 0, 16, 5
19, 97, 72, 100, 68, 73, 30, 51, 81, 42, 100, 17, 54, 2, 0, 0, 3
21, 57, 43, 100, 44, 79, 36, 30, 0, 2, 5, 3, 53, 1, 100, 0, 1
0, 93, 42, 100, 67, 55, 52, 0, 10, 2, 11, 27, 55, 36, 100, 39, 7
96, 64, 100, 100, 50, 99, 15, 68, 0, 31, 22, 0, 47, 27, 14, 25, 6
20, 85, 61, 100, 100, 93, 67, 69, 82, 44, 93, 18, 48, 4, 0, 0, 3
100, 100, 55, 93, 17, 74, 0, 53, 57, 47, 84, 43, 55, 22, 29, 0, 4
0, 100, 40, 94, 60, 63, 50, 26, 33, 0, 19, 32, 59, 40, 100, 48, 7
82, 94, 18, 100, 28, 65, 68, 30, 34, 0, 0, 24, 47, 56, 100, 86, 8
38, 100, 28, 70, 0, 41, 36, 40, 100, 38, 87, 61, 89, 28, 93, 0, 4
40, 63, 51, 100, 56, 89, 54, 51, 54, 14, 0, 0, 46, 1, 100, 5, 1
100, 79, 54, 100, 21, 67, 78, 60, 98, 82, 92, 38, 60, 0, 0, 6, 9
0, 66, 39, 93, 56, 100, 57, 61, 58, 22, 28, 0, 50, 2, 100, 5, 1
52, 100, 18, 79, 0, 35, 23, 0, 72, 18, 100, 57, 72, 92, 21, 85, 0
0, 57, 50, 74, 82, 97, 100, 100, 89, 75, 75, 50, 64, 25, 61, 0, 1
100, 100, 62, 84, 26, 56, 0, 25, 28, 0, 83, 16, 64, 44, 13, 26, 6
0, 91, 51, 96, 88, 100, 67, 55, 64, 7, 47, 0, 48, 19, 100, 24, 7
23, 100, 18, 78, 36, 40, 17, 0, 0, 51, 21, 83, 61, 84, 100, 82, 5
21, 98, 18, 65, 62, 42, 24, 0, 1, 35, 0, 91, 58, 100, 100, 95, 5
0, 91, 51, 100, 84, 82, 51, 43, 25, 0, 1, 16, 39, 40, 100, 41, 7
0, 64, 16, 100, 47, 79, 35, 40, 6, 6, 11, 9, 58, 0, 100, 4, 2
100, 99, 62, 100, 26, 78, 2, 48, 0, 16, 38, 0, 59, 23, 20, 38, 6
0, 75, 33, 89, 77, 100, 79, 72, 61, 37, 55, 0, 55, 20, 100, 27, 7
0, 98, 38, 100, 61, 62, 61, 16, 39, 0, 18, 37, 58, 41, 100, 37, 7
0, 71, 56, 80, 100, 100, 93, 86, 74, 64, 59, 43, 48, 20, 59, 0, 1
16, 71, 44, 100, 64, 71, 40, 31, 0, 11, 23, 12, 66, 0, 100, 15, 2
46, 90, 70, 87, 16, 80, 0, 94, 54, 100, 100, 82, 94, 39, 70, 0, 9
19, 80, 45, 100, 49, 64, 29, 27, 0, 0, 25, 8, 63, 14, 100, 21, 2
23, 82, 57, 100, 60, 70, 34, 42, 0, 22, 20, 12, 59, 8, 100, 0, 2
28, 75, 49, 100, 57, 63, 34, 26, 0, 3, 26, 11, 66, 0, 100, 5, 2
36, 84, 66, 100, 91, 75, 79, 46, 100, 27, 70, 4, 22, 0, 0, 25, 3
23, 84, 28, 57, 71, 22, 0, 0, 6, 33, 69, 66, 100, 100, 2, 90, 8
82, 95, 0, 83, 62, 54, 100, 20, 37, 0, 49, 35, 89, 70, 88, 100, 8
100, 81, 37, 100, 0, 71, 49, 36, 71, 0, 18, 22, 51, 59, 90, 93, 8
51, 76, 0, 73, 11, 95, 60, 100, 97, 83, 100, 55, 91, 27, 83, 0, 9
0, 83, 55, 100, 100, 79, 94, 38, 69, 0, 40, 7, 32, 48, 91, 57, 7
9, 83, 66, 72, 95, 100, 0, 91, 44, 74, 100, 73, 82, 37, 78, 0, 9
43, 100, 16, 86, 0, 41, 24, 0, 75, 11, 100, 53, 85, 97, 34, 97, 0
20, 86, 42, 100, 38, 64, 11, 35, 0, 22, 35, 0, 75, 1, 100, 31, 2
9, 100, 0, 62, 52, 48, 45, 0, 2, 13, 3, 68, 37, 99, 100, 100, 5
45, 82, 60, 100, 56, 69, 31, 43, 0, 23, 28, 3, 65, 0, 100, 16, 2
0, 46, 3, 4, 43, 0, 78, 24, 100, 57, 92, 96, 51, 100, 17, 78, 0
100, 100, 52, 87, 16, 61, 0, 29, 22, 0, 73, 10, 65, 40, 10, 46, 6
100, 100, 81, 89, 67, 74, 48, 59, 33, 45, 22, 30, 7, 15, 0, 0, 1
11, 88, 57, 100, 100, 88, 61, 66, 67, 50, 91, 24, 55, 2, 0, 0, 3
45, 96, 0, 68, 48, 62, 52, 12, 6, 0, 20, 54, 45, 100, 100, 99, 5
1, 80, 50, 69, 100, 100, 1, 90, 0, 62, 97, 81, 97, 41, 86, 0, 9
19, 75, 64, 99, 100, 100, 48, 90, 5, 63, 53, 51, 47, 2, 0, 0, 5
0, 84, 53, 100, 94, 76, 94, 38, 77, 0, 38, 3, 41, 28, 100, 36, 7
0, 78, 50, 86, 100, 100, 85, 80, 73, 60, 58, 40, 50, 19, 31, 0, 1
100, 88, 69, 100, 34, 82, 8, 56, 0, 23, 26, 0, 50, 22, 22, 42, 6
37, 100, 0, 77, 13, 53, 74, 60, 100, 82, 68, 55, 40, 28, 18, 0, 4
0, 90, 45, 100, 62, 76, 28, 53, 60, 42, 100, 26, 62, 6, 13, 0, 3
0, 40, 38, 60, 74, 80, 100, 100, 76, 76, 55, 50, 38, 25, 22, 0, 1
0, 95, 56, 100, 61, 80, 51, 40, 44, 0, 17, 27, 41, 39, 100, 47, 7
0, 100, 75, 97, 100, 71, 61, 36, 32, 0, 83, 4, 81, 24, 0, 23, 7
26, 100, 6, 58, 59, 94, 100, 50, 61, 0, 0, 0, 30, 60, 16, 98, 9
100, 53, 95, 92, 46, 100, 11, 69, 0, 26, 34, 0, 76, 25, 88, 62, 0
100, 91, 38, 100, 32, 62, 99, 70, 96, 83, 97, 40, 69, 1, 0, 0, 9
17, 86, 1, 59, 18, 11, 72, 0, 100, 42, 82, 90, 28, 100, 0, 56, 0
47, 68, 59, 100, 100, 94, 81, 56, 47, 23, 0, 3, 45, 9, 99, 0, 2
65, 90, 73, 100, 86, 75, 72, 50, 100, 29, 79, 8, 38, 0, 0, 6, 3
82, 80, 47, 100, 5, 75, 0, 32, 34, 0, 85, 14, 100, 55, 85, 97, 0
17, 97, 87, 100, 100, 66, 72, 31, 43, 0, 0, 32, 32, 45, 73, 45, 7
100, 100, 74, 99, 46, 98, 45, 72, 65, 51, 53, 26, 29, 9, 0, 0, 5
44, 100, 18, 74, 0, 48, 48, 40, 100, 44, 91, 56, 88, 28, 92, 0, 4
22, 96, 53, 100, 59, 66, 43, 32, 22, 0, 0, 33, 49, 40, 100, 42, 7
0, 62, 11, 17, 45, 0, 80, 14, 100, 52, 86, 92, 49, 100, 16, 83, 0
17, 86, 8, 46, 58, 33, 24, 0, 0, 32, 0, 88, 51, 99, 100, 100, 5
73, 97, 43, 100, 49, 55, 42, 10, 0, 0, 6, 42, 56, 60, 100, 79, 8
25, 86, 59, 100, 77, 81, 54, 57, 100, 42, 89, 16, 40, 0, 0, 18, 3
100, 100, 73, 78, 38, 59, 0, 41, 33, 36, 67, 43, 40, 22, 27, 0, 4
100, 100, 76, 91, 59, 76, 41, 61, 24, 46, 12, 30, 0, 15, 0, 0, 1
0, 68, 26, 100, 69, 94, 62, 52, 31, 19, 18, 18, 60, 0, 100, 8, 2
38, 97, 30, 100, 0, 76, 14, 52, 88, 51, 100, 51, 76, 26, 78, 0, 4
69, 94, 4, 100, 8, 70, 82, 76, 69, 85, 100, 46, 74, 11, 0, 0, 9
38, 85, 69, 100, 93, 81, 77, 54, 100, 34, 93, 9, 45, 0, 0, 13, 3
100, 64, 96, 100, 49, 79, 75, 40, 57, 0, 0, 15, 46, 45, 97, 69, 8
12, 97, 73, 100, 100, 70, 74, 35, 49, 0, 0, 25, 34, 41, 98, 37, 7
100, 100, 55, 98, 17, 83, 0, 52, 43, 61, 65, 37, 44, 7, 4, 0, 5
99, 79, 59, 100, 18, 78, 0, 35, 30, 0, 77, 4, 100, 45, 94, 88, 0
91, 100, 36, 74, 52, 38, 52, 0, 0, 9, 55, 43, 100, 78, 91, 75, 8
0, 42, 32, 61, 65, 81, 100, 100, 92, 76, 74, 51, 56, 25, 40, 0, 1
52, 83, 80, 100, 100, 80, 71, 55, 94, 45, 91, 17, 49, 0, 0, 8, 3
21, 96, 13, 55, 63, 35, 43, 0, 7, 23, 0, 62, 37, 94, 100, 100, 5
69, 100, 65, 96, 31, 71, 0, 46, 40, 32, 100, 46, 77, 26, 67, 0, 4
60, 94, 40, 72, 97, 36, 93, 0, 0, 15, 30, 52, 100, 86, 37, 100, 8
66, 100, 11, 88, 38, 45, 66, 1, 0, 0, 47, 40, 100, 78, 51, 88, 8
15, 87, 57, 100, 91, 82, 48, 61, 74, 43, 100, 16, 53, 1, 0, 0, 3
68, 84, 0, 100, 2, 65, 97, 35, 100, 0, 11, 16, 52, 58, 74, 98, 8
45, 80, 0, 64, 66, 49, 70, 9, 2, 0, 4, 45, 29, 91, 100, 100, 5
56, 100, 32, 74, 0, 45, 27, 28, 88, 30, 100, 56, 63, 29, 36, 0, 4
100, 100, 71, 89, 39, 64, 15, 35, 11, 0, 50, 1, 40, 30, 0, 27, 6
0, 100, 19, 85, 19, 63, 98, 65, 100, 67, 62, 46, 33, 23, 12, 0, 4
41, 100, 0, 74, 9, 26, 49, 0, 93, 22, 100, 69, 61, 98, 10, 91, 0
0, 67, 21, 68, 64, 86, 100, 100, 82, 75, 65, 50, 48, 25, 33, 0, 1
33, 79, 43, 100, 60, 73, 42, 38, 12, 8, 0, 9, 50, 0, 100, 8, 2
33, 82, 0, 48, 2, 5, 52, 0, 92, 31, 100, 74, 60, 100, 9, 83, 0
32, 100, 6, 72, 0, 38, 57, 30, 92, 60, 100, 70, 76, 35, 52, 0, 4
100, 100, 55, 86, 21, 65, 0, 40, 5, 14, 46, 0, 62, 19, 17, 32, 6
100, 86, 15, 100, 0, 70, 98, 37, 81, 0, 35, 26, 92, 65, 81, 93, 8
0, 87, 45, 72, 100, 100, 27, 100, 30, 73, 97, 83, 89, 41, 91, 0, 9
15, 67, 40, 100, 60, 86, 36, 52, 0, 23, 3, 3, 56, 0, 100, 19, 2
100, 47, 92, 98, 39, 100, 0, 64, 4, 15, 55, 0, 98, 31, 95, 76, 0
29, 84, 0, 54, 15, 8, 63, 0, 100, 32, 91, 79, 48, 100, 3, 81, 0
62, 100, 36, 81, 0, 61, 38, 53, 100, 51, 93, 45, 72, 23, 59, 0, 4
29, 81, 59, 100, 100, 95, 70, 68, 72, 44, 91, 21, 49, 4, 0, 0, 3
28, 95, 0, 81, 27, 72, 100, 67, 50, 100, 47, 82, 35, 30, 40, 0, 4
0, 70, 60, 69, 82, 100, 3, 83, 48, 70, 100, 78, 76, 39, 64, 0, 9
90, 88, 31, 100, 31, 62, 90, 76, 97, 79, 100, 33, 59, 0, 0, 23, 9
100, 99, 69, 100, 28, 73, 0, 40, 8, 4, 63, 0, 72, 34, 15, 37, 6
18, 75, 49, 100, 96, 93, 72, 62, 100, 49, 95, 15, 46, 0, 0, 15, 3
100, 92, 52, 100, 31, 64, 84, 74, 86, 77, 89, 35, 56, 0, 0, 11, 9
0, 65, 20, 81, 65, 100, 100, 98, 89, 74, 76, 50, 65, 24, 63, 0, 1
83, 90, 39, 100, 29, 70, 86, 76, 100, 67, 99, 27, 59, 1, 0, 0, 9
100, 100, 63, 83, 27, 57, 0, 26, 25, 0, 76, 12, 58, 39, 15, 24, 6
31, 83, 0, 52, 6, 10, 49, 0, 87, 23, 100, 65, 79, 100, 47, 73, 0
22, 70, 46, 96, 100, 100, 86, 72, 68, 47, 90, 20, 47, 0, 0, 8, 3
26, 100, 8, 84, 0, 66, 15, 50, 45, 40, 79, 32, 100, 17, 100, 0, 4
0, 40, 29, 57, 65, 78, 100, 100, 93, 80, 74, 53, 55, 26, 38, 0, 1
37, 84, 0, 53, 7, 11, 64, 0, 100, 35, 100, 78, 50, 100, 7, 69, 0
100, 99, 69, 100, 39, 78, 45, 54, 87, 45, 78, 18, 41, 0, 0, 1, 5
17, 72, 0, 37, 18, 2, 56, 0, 90, 20, 100, 58, 79, 93, 42, 100, 0
100, 100, 58, 87, 30, 59, 19, 27, 40, 0, 84, 8, 45, 21, 0, 12, 6
48, 100, 8, 73, 0, 31, 29, 0, 78, 16, 100, 54, 79, 91, 33, 79, 0
48, 95, 100, 100, 100, 92, 47, 85, 34, 70, 73, 35, 48, 0, 0, 19, 5
0, 65, 21, 91, 86, 100, 90, 80, 56, 54, 100, 30, 67, 7, 0, 0, 3
100, 100, 58, 88, 22, 62, 0, 33, 0, 1, 49, 0, 70, 28, 26, 42, 6
32, 100, 13, 85, 0, 40, 27, 0, 88, 10, 100, 55, 74, 96, 14, 99, 0
41, 84, 89, 100, 100, 97, 44, 93, 26, 73, 72, 43, 46, 0, 0, 22, 5
100, 83, 30, 100, 0, 72, 52, 38, 59, 0, 30, 16, 64, 54, 71, 88, 8
100, 82, 51, 100, 0, 72, 56, 37, 78, 0, 36, 12, 68, 51, 92, 85, 8
45, 99, 5, 77, 0, 30, 34, 0, 79, 19, 100, 62, 74, 100, 25, 100, 0
37, 65, 52, 100, 57, 64, 31, 26, 0, 9, 31, 18, 65, 0, 100, 5, 2
100, 100, 66, 81, 23, 62, 0, 40, 66, 34, 93, 44, 68, 22, 59, 0, 4
24, 100, 25, 58, 64, 36, 45, 0, 13, 23, 0, 65, 44, 90, 100, 100, 5
0, 100, 34, 97, 55, 66, 57, 32, 40, 0, 15, 22, 46, 36, 100, 42, 7
93, 84, 41, 100, 36, 65, 90, 33, 71, 0, 0, 7, 53, 39, 100, 74, 8
5, 78, 41, 100, 63, 74, 45, 41, 14, 13, 0, 11, 51, 7, 100, 0, 2
31, 87, 80, 100, 45, 88, 27, 63, 75, 45, 100, 20, 56, 2, 0, 0, 5
18, 84, 6, 71, 67, 37, 38, 0, 0, 27, 51, 64, 100, 100, 17, 79, 8
100, 96, 98, 100, 82, 83, 68, 66, 52, 49, 32, 33, 20, 16, 0, 0, 1
86, 100, 46, 81, 18, 61, 0, 40, 0, 19, 32, 0, 100, 3, 46, 10, 6
0, 59, 9, 64, 57, 86, 100, 100, 72, 75, 47, 51, 21, 25, 6, 0, 1
15, 100, 23, 62, 66, 40, 37, 0, 0, 13, 0, 56, 45, 85, 100, 99, 5
0, 82, 40, 100, 92, 98, 100, 66, 83, 33, 65, 0, 35, 26, 81, 32, 7
42, 84, 80, 85, 52, 100, 67, 81, 100, 57, 85, 22, 44, 5, 0, 0, 9
47, 100, 35, 95, 0, 66, 31, 43, 100, 48, 95, 66, 82, 34, 79, 0, 4
100, 100, 78, 86, 60, 72, 44, 58, 33, 44, 18, 29, 7, 14, 0, 0, 1
0, 88, 45, 100, 100, 99, 96, 76, 69, 54, 69, 29, 69, 5, 18, 0, 3
0, 91, 39, 100, 75, 72, 80, 37, 79, 0, 31, 12, 38, 29, 100, 29, 7
44, 100, 19, 82, 0, 59, 47, 48, 100, 59, 80, 46, 54, 24, 41, 0, 4
10, 81, 42, 100, 48, 67, 35, 34, 7, 4, 0, 7, 49, 0, 100, 0, 2
46, 100, 20, 73, 0, 43, 46, 30, 100, 45, 93, 58, 63, 30, 52, 0, 4
36, 100, 24, 70, 0, 38, 49, 33, 95, 47, 87, 55, 96, 21, 100, 0, 4
41, 79, 47, 100, 84, 94, 71, 52, 42, 16, 0, 3, 49, 7, 100, 0, 2
100, 100, 62, 83, 36, 57, 23, 26, 42, 0, 81, 10, 43, 23, 0, 18, 6
100, 100, 63, 94, 20, 73, 13, 44, 70, 47, 89, 19, 46, 0, 0, 7, 5
21, 82, 13, 55, 54, 100, 27, 87, 38, 37, 40, 0, 0, 7, 100, 5, 1
27, 100, 2, 56, 12, 8, 62, 0, 100, 33, 94, 79, 46, 94, 0, 72, 0
89, 100, 38, 83, 0, 44, 2, 0, 61, 2, 100, 40, 100, 88, 45, 98, 0
0, 89, 31, 100, 100, 80, 94, 39, 63, 0, 22, 15, 8, 37, 95, 44, 7
36, 100, 3, 76, 0, 32, 27, 0, 70, 6, 100, 37, 91, 76, 49, 70, 0
0, 86, 26, 100, 70, 84, 77, 45, 68, 5, 54, 0, 50, 25, 100, 23, 7
26, 52, 16, 8, 63, 0, 100, 34, 99, 81, 54, 100, 6, 82, 0, 38, 0
0, 32, 34, 50, 63, 76, 94, 100, 100, 84, 86, 55, 73, 27, 70, 0, 1
0, 87, 46, 100, 88, 85, 73, 43, 65, 0, 36, 18, 46, 42, 100, 50, 7
66, 90, 6, 55, 100, 73, 45, 100, 33, 46, 0, 0, 89, 11, 13, 23, 8
32, 75, 6, 48, 0, 16, 34, 0, 79, 11, 100, 39, 99, 70, 82, 100, 0
0, 40, 22, 53, 49, 64, 76, 79, 100, 100, 84, 73, 71, 38, 63, 0, 1
41, 85, 77, 100, 92, 73, 66, 49, 100, 31, 78, 5, 37, 0, 0, 15, 3
52, 100, 21, 75, 5, 49, 0, 22, 34, 1, 100, 0, 95, 22, 35, 16, 6
7, 100, 0, 77, 0, 55, 20, 33, 96, 42, 87, 45, 85, 22, 100, 0, 4
77, 87, 87, 57, 100, 19, 13, 0, 28, 35, 83, 69, 94, 100, 0, 79, 8
0, 43, 35, 61, 70, 79, 100, 100, 86, 76, 70, 51, 55, 26, 49, 0, 1
100, 89, 62, 100, 47, 67, 91, 79, 94, 67, 91, 31, 63, 0, 0, 3, 9
0, 86, 33, 100, 60, 81, 58, 59, 96, 44, 100, 14, 62, 0, 20, 6, 3
20, 80, 54, 100, 100, 95, 74, 65, 83, 41, 93, 9, 47, 0, 0, 2, 3
0, 59, 31, 70, 65, 87, 100, 100, 87, 75, 75, 51, 68, 25, 60, 0, 1
100, 100, 62, 89, 23, 61, 0, 29, 20, 0, 91, 7, 84, 33, 11, 31, 6
100, 62, 47, 55, 0, 73, 21, 100, 73, 91, 79, 57, 55, 25, 16, 0, 9
46, 84, 65, 46, 65, 9, 0, 0, 30, 29, 84, 57, 100, 94, 44, 100, 8
59, 72, 36, 100, 0, 72, 23, 36, 52, 0, 0, 1, 44, 27, 100, 55, 8
100, 100, 64, 96, 55, 68, 88, 92, 86, 66, 76, 28, 42, 1, 0, 0, 9
0, 90, 42, 100, 69, 78, 62, 39, 56, 0, 31, 3, 42, 29, 100, 34, 7
30, 96, 31, 62, 60, 26, 24, 0, 8, 35, 0, 76, 35, 100, 100, 100, 5
8, 68, 34, 37, 40, 0, 8, 0, 0, 43, 24, 72, 61, 87, 100, 100, 5
32, 92, 21, 49, 32, 4, 79, 0, 100, 41, 81, 82, 33, 100, 0, 66, 0
36, 100, 23, 78, 57, 38, 31, 0, 0, 16, 11, 71, 51, 94, 100, 82, 5
6, 100, 4, 95, 0, 71, 2, 47, 45, 30, 100, 44, 78, 24, 82, 0, 4
77, 100, 48, 90, 24, 30, 56, 0, 100, 43, 90, 94, 34, 72, 0, 21, 0
75, 100, 30, 81, 0, 36, 19, 0, 72, 14, 100, 58, 70, 98, 24, 74, 0
18, 61, 37, 100, 17, 65, 0, 33, 61, 39, 100, 55, 66, 37, 37, 0, 4
0, 100, 67, 100, 100, 80, 70, 43, 42, 4, 12, 0, 23, 30, 92, 35, 7
0, 94, 45, 100, 54, 68, 47, 34, 40, 0, 13, 29, 47, 41, 100, 46, 7
88, 100, 9, 93, 8, 45, 55, 0, 0, 6, 37, 50, 100, 84, 44, 99, 8
1, 52, 23, 75, 74, 100, 52, 69, 51, 36, 45, 4, 0, 0, 100, 7, 1
63, 100, 36, 65, 0, 30, 84, 36, 100, 63, 81, 79, 79, 39, 75, 0, 4
0, 39, 28, 50, 55, 65, 81, 85, 100, 100, 82, 69, 67, 35, 56, 0, 1
53, 69, 49, 91, 100, 100, 86, 66, 52, 36, 0, 18, 15, 9, 74, 0, 2
0, 73, 49, 82, 94, 100, 100, 86, 82, 65, 65, 43, 43, 22, 29, 0, 1
0, 49, 40, 66, 74, 87, 100, 100, 90, 75, 78, 50, 65, 24, 65, 0, 1
0, 76, 22, 100, 64, 91, 54, 58, 24, 32, 2, 6, 51, 2, 100, 0, 2
68, 89, 20, 86, 0, 49, 22, 11, 70, 0, 100, 32, 94, 73, 57, 100, 0
44, 81, 72, 100, 100, 84, 74, 59, 37, 38, 0, 17, 7, 0, 65, 3, 2
30, 68, 63, 39, 77, 0, 0, 6, 44, 41, 100, 75, 63, 100, 9, 69, 8
19, 56, 16, 68, 61, 86, 100, 100, 71, 75, 42, 51, 16, 26, 0, 0, 1
100, 100, 52, 87, 17, 60, 0, 29, 17, 0, 71, 4, 58, 29, 0, 30, 6
100, 100, 62, 98, 28, 83, 48, 57, 78, 35, 67, 11, 29, 4, 0, 0, 5
100, 100, 57, 91, 22, 66, 0, 36, 10, 5, 56, 0, 65, 31, 27, 51, 6
27, 100, 16, 71, 0, 36, 27, 21, 100, 25, 91, 49, 54, 34, 56, 0, 4
83, 71, 75, 100, 31, 85, 72, 74, 100, 62, 86, 26, 51, 0, 0, 5, 9
34, 84, 42, 100, 19, 65, 0, 31, 56, 40, 100, 55, 87, 38, 85, 0, 4
0, 27, 32, 51, 66, 75, 99, 100, 100, 87, 79, 58, 57, 29, 40, 0, 1
34, 68, 63, 100, 65, 65, 36, 29, 0, 0, 6, 9, 52, 16, 100, 7, 2
74, 100, 51, 87, 25, 54, 18, 19, 62, 0, 100, 21, 49, 37, 0, 26, 6
100, 100, 46, 95, 51, 59, 75, 25, 30, 0, 0, 17, 43, 46, 83, 78, 8
0, 82, 24, 100, 53, 87, 57, 59, 47, 33, 32, 7, 62, 0, 100, 1, 2
48, 98, 16, 69, 0, 32, 29, 0, 84, 22, 100, 60, 86, 98, 24, 100, 0
100, 96, 65, 98, 61, 80, 99, 100, 81, 66, 60, 32, 34, 0, 0, 0, 9
47, 88, 45, 100, 71, 76, 52, 40, 19, 10, 0, 13, 51, 12, 100, 0, 2
20, 100, 8, 74, 0, 44, 19, 23, 68, 26, 100, 45, 74, 29, 64, 0, 4
100, 98, 54, 100, 13, 83, 11, 49, 53, 55, 73, 27, 46, 0, 0, 5, 5
0, 88, 61, 68, 100, 90, 14, 100, 24, 79, 80, 54, 46, 25, 3, 0, 9
54, 57, 70, 100, 0, 83, 37, 41, 90, 0, 19, 0, 36, 45, 100, 82, 8
43, 92, 70, 100, 68, 66, 39, 37, 0, 18, 17, 34, 56, 13, 100, 0, 2
89, 100, 43, 90, 64, 73, 67, 77, 82, 44, 100, 12, 54, 0, 0, 4, 9
14, 81, 0, 56, 48, 60, 100, 30, 50, 0, 18, 52, 18, 97, 97, 100, 5
21, 79, 14, 100, 61, 75, 51, 35, 0, 12, 16, 10, 79, 0, 100, 30, 2
0, 60, 9, 62, 54, 81, 99, 100, 100, 82, 76, 55, 52, 28, 33, 0, 1
0, 96, 47, 100, 71, 70, 67, 35, 58, 0, 100, 1, 74, 17, 19, 18, 7
35, 77, 6, 50, 3, 8, 58, 0, 100, 29, 94, 70, 52, 100, 0, 84, 0
83, 61, 96, 97, 50, 100, 54, 66, 100, 62, 92, 21, 49, 0, 0, 3, 9
12, 90, 67, 100, 71, 70, 26, 44, 71, 47, 100, 19, 50, 0, 0, 14, 3
100, 83, 25, 100, 16, 67, 58, 28, 12, 0, 0, 33, 65, 65, 89, 91, 8
81, 85, 34, 100, 40, 66, 60, 30, 26, 0, 0, 22, 47, 51, 100, 78, 8
78, 100, 20, 92, 0, 58, 6, 22, 53, 0, 97, 23, 100, 59, 89, 95, 0
74, 100, 38, 91, 15, 62, 0, 30, 13, 0, 69, 0, 100, 26, 46, 32, 6
35, 78, 62, 100, 92, 78, 69, 49, 77, 49, 100, 20, 56, 0, 0, 14, 3
0, 83, 34, 100, 49, 68, 28, 30, 0, 1, 25, 0, 62, 7, 100, 7, 2
100, 100, 65, 78, 29, 57, 0, 34, 57, 39, 77, 51, 58, 26, 51, 0, 4
0, 75, 36, 100, 81, 93, 97, 51, 96, 5, 73, 0, 53, 21, 100, 25, 7
0, 60, 45, 83, 66, 100, 56, 64, 62, 27, 44, 0, 36, 1, 100, 1, 1
42, 85, 24, 51, 75, 38, 52, 4, 0, 0, 17, 49, 50, 85, 100, 100, 5
26, 71, 48, 100, 74, 74, 46, 37, 5, 12, 0, 11, 50, 8, 100, 0, 2
0, 100, 66, 98, 55, 65, 24, 33, 14, 0, 75, 25, 100, 47, 13, 48, 7
74, 73, 31, 61, 47, 91, 93, 100, 100, 68, 83, 35, 50, 8, 0, 0, 9
0, 98, 51, 98, 100, 100, 74, 65, 50, 28, 40, 0, 44, 39, 96, 47, 7
39, 90, 4, 68, 0, 20, 41, 0, 84, 24, 100, 70, 67, 100, 23, 80, 0
100, 100, 55, 93, 12, 66, 0, 29, 30, 0, 84, 15, 72, 48, 10, 46, 6
0, 71, 47, 85, 100, 100, 100, 81, 84, 61, 66, 41, 47, 20, 31, 0, 1
0, 92, 57, 100, 100, 77, 77, 38, 46, 0, 25, 9, 25, 48, 92, 58, 7
0, 49, 37, 66, 71, 87, 100, 100, 87, 75, 75, 50, 61, 25, 51, 0, 1
38, 85, 73, 100, 100, 86, 68, 65, 87, 42, 81, 15, 42, 0, 0, 12, 3
19, 92, 0, 57, 64, 39, 64, 0, 5, 11, 13, 62, 30, 100, 100, 99, 5
0, 33, 35, 52, 67, 75, 97, 100, 100, 90, 83, 61, 68, 31, 56, 0, 1
90, 88, 43, 100, 15, 69, 67, 66, 86, 66, 100, 27, 59, 3, 0, 0, 9
0, 70, 33, 100, 83, 97, 78, 59, 44, 26, 2, 0, 42, 1, 100, 2, 2
0, 74, 18, 100, 50, 94, 45, 62, 32, 32, 24, 4, 62, 0, 100, 1, 2
17, 70, 0, 32, 24, 0, 67, 14, 97, 48, 100, 90, 59, 100, 28, 71, 0
0, 79, 34, 100, 64, 87, 57, 59, 100, 48, 92, 16, 50, 0, 9, 11, 3
31, 95, 2, 68, 64, 58, 62, 10, 0, 0, 10, 52, 31, 100, 100, 100, 5
33, 90, 100, 100, 60, 98, 13, 66, 40, 63, 97, 41, 68, 6, 0, 0, 5
100, 100, 62, 96, 27, 75, 5, 49, 0, 20, 30, 0, 66, 17, 30, 34, 6
27, 100, 88, 86, 100, 56, 90, 25, 58, 0, 0, 24, 8, 42, 100, 45, 7
96, 100, 60, 82, 18, 54, 0, 33, 63, 26, 99, 49, 94, 34, 100, 0, 4
0, 94, 63, 100, 100, 96, 81, 49, 82, 0, 44, 14, 11, 44, 89, 47, 7
