@relation penbased-3
@attribute At1 integer [0, 100]
@attribute At2 integer [0, 100]
@attribute At3 integer [0, 100]
@attribute At4 integer [0, 100]
@attribute At5 integer [0, 100]
@attribute At6 integer [0, 100]
@attribute At7 integer [0, 100]
@attribute At8 integer [0, 100]
@attribute At9 integer [0, 100]
@attribute At10 integer [0, 100]
@attribute At11 integer [0, 100]
@attribute At12 integer [0, 100]
@attribute At13 integer [0, 100]
@attribute At14 integer [0, 100]
@attribute At15 integer [0, 100]
@attribute At16 integer [0, 100]
@attribute Class {0, 1, 2, 3, 4, 5, 6, 7, 8, 9}
@inputs At1, At2, At3, At4, At5, At6, At7, At8, At9, At10, At11, At12, At13, At14, At15, At16
@outputs Class
@data
12, 77, 20, 62, 78, 40, 50, 0, 1, 17, 0, 64, 23, 98, 100, 100, 5
100, 84, 31, 100, 0, 88, 8, 70, 15, 53, 15, 35, 0, 17, 0, 0, 1
29, 91, 14, 57, 66, 39, 30, 0, 0, 19, 3, 72, 39, 97, 100, 100, 5
77, 97, 40, 100, 0, 59, 9, 29, 84, 33, 100, 64, 77, 44, 48, 0, 4
0, 93, 62, 100, 100, 78, 69, 43, 50, 5, 35, 0, 15, 35, 86, 37, 7
56, 99, 18, 72, 0, 24, 36, 0, 85, 23, 100, 69, 58, 100, 19, 74, 0
0, 75, 47, 87, 100, 100, 91, 80, 72, 60, 53, 40, 35, 20, 19, 0, 1
20, 82, 62, 100, 100, 81, 68, 54, 82, 50, 89, 19, 42, 0, 0, 13, 3
100, 100, 58, 83, 31, 55, 17, 24, 43, 0, 80, 19, 50, 43, 0, 39, 6
94, 79, 40, 100, 13, 65, 59, 30, 67, 0, 0, 17, 45, 52, 100, 83, 8
31, 73, 55, 100, 55, 53, 33, 14, 0, 0, 30, 11, 65, 1, 100, 1, 2
18, 88, 2, 54, 40, 25, 2, 0, 0, 30, 20, 70, 45, 100, 100, 93, 5
100, 89, 40, 83, 63, 40, 84, 0, 0, 7, 53, 53, 80, 100, 3, 78, 8
96, 100, 52, 95, 48, 76, 96, 98, 100, 85, 71, 54, 39, 25, 0, 0, 9
30, 98, 16, 60, 53, 28, 46, 0, 13, 29, 0, 68, 27, 95, 100, 100, 5
2, 78, 46, 99, 100, 100, 77, 76, 94, 38, 94, 0, 41, 3, 0, 28, 3
37, 84, 69, 100, 96, 87, 55, 61, 88, 38, 100, 9, 51, 0, 0, 3, 3
21, 75, 40, 100, 85, 94, 67, 63, 100, 43, 95, 11, 47, 0, 0, 13, 3
84, 100, 46, 98, 13, 60, 0, 19, 53, 0, 100, 32, 33, 36, 10, 4, 6
39, 62, 78, 88, 79, 100, 57, 64, 38, 30, 0, 0, 34, 4, 100, 0, 1
0, 78, 18, 96, 59, 95, 100, 100, 86, 82, 66, 56, 52, 29, 47, 0, 7
79, 74, 21, 67, 15, 92, 71, 100, 100, 75, 73, 45, 36, 18, 0, 0, 9
30, 100, 4, 67, 0, 24, 30, 0, 66, 11, 95, 41, 100, 82, 64, 93, 0
100, 96, 71, 100, 42, 79, 49, 56, 91, 51, 82, 16, 42, 0, 0, 1, 5
67, 100, 36, 82, 0, 60, 5, 37, 66, 38, 100, 50, 73, 25, 56, 0, 4
0, 61, 22, 89, 59, 100, 72, 73, 53, 42, 31, 12, 58, 0, 100, 4, 2
12, 73, 29, 62, 66, 32, 29, 0, 5, 29, 0, 71, 38, 96, 100, 100, 5
44, 80, 80, 100, 100, 85, 72, 59, 92, 38, 93, 14, 49, 3, 0, 0, 3
100, 100, 52, 80, 20, 52, 6, 20, 45, 0, 99, 12, 59, 30, 0, 25, 6
0, 82, 25, 100, 52, 73, 44, 34, 32, 0, 0, 29, 50, 34, 100, 39, 7
100, 75, 95, 100, 24, 81, 38, 44, 69, 8, 0, 0, 45, 33, 96, 64, 8
86, 100, 0, 95, 32, 56, 100, 22, 30, 0, 5, 36, 80, 68, 52, 99, 8
13, 100, 8, 93, 0, 66, 8, 41, 57, 40, 100, 50, 82, 25, 69, 0, 4
28, 55, 63, 78, 100, 100, 75, 71, 56, 42, 35, 13, 0, 0, 25, 0, 1
74, 100, 30, 76, 0, 50, 55, 49, 100, 72, 77, 56, 52, 28, 35, 0, 4
10, 86, 0, 44, 33, 0, 80, 9, 100, 65, 64, 100, 22, 74, 32, 20, 0
0, 85, 32, 100, 76, 91, 70, 65, 38, 43, 11, 20, 50, 6, 100, 0, 2
93, 100, 5, 96, 42, 65, 85, 32, 58, 0, 0, 14, 36, 47, 100, 74, 8
100, 100, 44, 91, 7, 60, 0, 24, 46, 0, 99, 24, 41, 30, 19, 0, 6
0, 83, 37, 100, 81, 90, 65, 61, 100, 45, 97, 15, 54, 0, 14, 7, 3
11, 50, 0, 16, 38, 0, 79, 8, 100, 46, 76, 84, 37, 100, 0, 84, 0
100, 100, 51, 85, 18, 58, 0, 28, 17, 0, 78, 1, 68, 20, 8, 12, 6
0, 82, 47, 100, 75, 72, 52, 35, 22, 0, 16, 22, 41, 48, 100, 52, 7
15, 100, 8, 70, 0, 39, 19, 20, 78, 21, 100, 43, 76, 30, 72, 0, 4
100, 100, 26, 97, 1, 66, 45, 33, 29, 0, 0, 26, 38, 61, 87, 93, 8
73, 98, 0, 95, 16, 60, 84, 29, 70, 0, 45, 35, 100, 69, 88, 100, 8
0, 83, 11, 100, 56, 93, 53, 67, 66, 42, 100, 20, 73, 1, 16, 0, 3
22, 75, 47, 100, 74, 82, 47, 53, 84, 44, 100, 17, 54, 0, 0, 9, 3
100, 97, 50, 100, 12, 88, 6, 48, 37, 47, 78, 25, 50, 0, 0, 2, 5
0, 99, 51, 100, 100, 96, 72, 59, 56, 16, 41, 0, 24, 39, 81, 50, 7
42, 79, 67, 100, 78, 79, 71, 60, 100, 39, 85, 10, 41, 0, 0, 14, 3
15, 90, 57, 100, 82, 85, 60, 62, 100, 47, 86, 23, 44, 8, 0, 0, 3
100, 100, 59, 73, 26, 45, 0, 15, 33, 0, 97, 18, 81, 38, 9, 28, 6
100, 77, 58, 100, 16, 69, 0, 27, 40, 0, 93, 15, 95, 58, 53, 89, 0
27, 100, 0, 64, 4, 8, 63, 0, 100, 46, 73, 96, 12, 79, 0, 25, 0
100, 100, 66, 94, 38, 70, 15, 45, 0, 18, 26, 0, 55, 16, 11, 24, 6
93, 100, 52, 82, 19, 52, 12, 18, 60, 0, 100, 21, 44, 32, 0, 10, 6
0, 75, 8, 100, 40, 91, 28, 59, 7, 31, 13, 8, 56, 5, 100, 0, 2
0, 64, 48, 80, 100, 100, 95, 87, 76, 65, 67, 43, 57, 22, 71, 0, 1
0, 75, 36, 100, 63, 73, 47, 34, 14, 4, 4, 10, 52, 9, 100, 0, 2
8, 58, 56, 77, 100, 100, 88, 95, 60, 72, 36, 48, 12, 24, 0, 0, 1
21, 90, 3, 52, 77, 55, 62, 5, 0, 0, 6, 52, 14, 100, 100, 100, 5
5, 100, 93, 97, 100, 74, 65, 41, 37, 8, 5, 0, 0, 24, 89, 23, 7
26, 80, 57, 100, 72, 75, 54, 44, 24, 18, 0, 11, 50, 8, 100, 0, 2
19, 100, 3, 83, 0, 60, 8, 37, 92, 33, 81, 44, 70, 21, 100, 0, 4
27, 84, 65, 77, 71, 100, 0, 88, 78, 80, 100, 53, 60, 24, 5, 0, 9
19, 100, 55, 99, 58, 67, 30, 39, 0, 15, 21, 0, 60, 1, 100, 0, 2
44, 93, 9, 64, 82, 45, 63, 8, 0, 0, 13, 44, 28, 88, 100, 100, 5
62, 99, 19, 100, 55, 82, 71, 98, 99, 58, 100, 14, 49, 0, 0, 20, 9
100, 92, 62, 100, 21, 75, 51, 73, 87, 85, 63, 51, 36, 17, 0, 0, 9
66, 100, 33, 78, 11, 53, 0, 25, 20, 0, 77, 1, 100, 24, 41, 26, 6
0, 79, 19, 100, 60, 93, 59, 64, 41, 38, 19, 12, 54, 1, 100, 0, 2
7, 100, 74, 93, 38, 60, 0, 93, 70, 92, 100, 44, 67, 0, 4, 7, 9
40, 63, 60, 100, 100, 82, 85, 40, 44, 11, 0, 0, 45, 19, 93, 3, 2
0, 81, 11, 100, 55, 97, 100, 96, 86, 76, 66, 51, 48, 26, 38, 0, 7
100, 100, 100, 92, 80, 76, 65, 61, 50, 45, 40, 30, 15, 15, 0, 0, 1
45, 74, 23, 68, 92, 35, 77, 0, 45, 28, 100, 64, 95, 100, 0, 80, 8
25, 79, 35, 100, 78, 78, 50, 50, 68, 48, 100, 21, 59, 0, 0, 11, 3
20, 84, 60, 100, 93, 83, 60, 58, 73, 43, 100, 22, 54, 5, 0, 0, 3
47, 68, 0, 70, 53, 34, 85, 0, 22, 12, 53, 59, 100, 100, 46, 88, 8
48, 53, 10, 54, 0, 0, 49, 6, 88, 48, 100, 100, 48, 84, 7, 44, 0
100, 98, 58, 100, 29, 81, 55, 55, 87, 32, 81, 4, 39, 0, 0, 1, 5
0, 91, 26, 57, 52, 22, 8, 0, 4, 39, 4, 81, 41, 100, 100, 98, 5
0, 52, 56, 73, 100, 100, 91, 85, 88, 51, 89, 16, 42, 0, 93, 6, 1
83, 85, 57, 77, 60, 83, 65, 100, 72, 55, 87, 10, 0, 0, 100, 2, 1
25, 89, 65, 55, 100, 21, 20, 0, 0, 30, 55, 62, 94, 95, 22, 100, 8
38, 70, 51, 100, 37, 72, 38, 38, 28, 5, 0, 0, 50, 4, 100, 10, 1
80, 88, 43, 100, 9, 70, 0, 31, 28, 0, 78, 11, 100, 46, 90, 85, 0
0, 61, 33, 71, 66, 86, 100, 100, 94, 77, 79, 52, 66, 26, 62, 0, 1
10, 76, 39, 100, 88, 87, 55, 62, 100, 43, 98, 13, 43, 0, 0, 8, 3
53, 91, 100, 100, 86, 100, 28, 86, 58, 64, 98, 32, 60, 0, 0, 1, 5
32, 94, 0, 57, 56, 47, 59, 0, 17, 4, 12, 64, 42, 100, 100, 95, 5
0, 92, 42, 100, 90, 100, 100, 83, 71, 63, 57, 40, 44, 17, 14, 0, 3
32, 87, 74, 100, 82, 75, 45, 53, 87, 43, 100, 18, 54, 0, 0, 3, 3
33, 88, 39, 59, 63, 100, 0, 65, 28, 43, 40, 0, 100, 42, 25, 47, 8
11, 85, 31, 100, 92, 95, 75, 63, 46, 36, 100, 16, 62, 0, 0, 9, 3
55, 83, 100, 100, 88, 92, 40, 78, 24, 43, 68, 31, 48, 5, 0, 0, 5
31, 91, 0, 85, 8, 45, 85, 44, 100, 82, 66, 100, 68, 50, 76, 0, 4
28, 61, 59, 27, 33, 0, 2, 20, 63, 46, 100, 79, 48, 100, 0, 74, 8
27, 89, 0, 64, 62, 46, 54, 0, 3, 1, 6, 52, 31, 93, 100, 100, 5
53, 92, 88, 100, 100, 86, 73, 65, 70, 39, 70, 13, 36, 1, 0, 0, 3
15, 100, 4, 75, 0, 50, 55, 41, 100, 57, 85, 49, 83, 24, 77, 0, 4
51, 67, 100, 87, 56, 100, 0, 84, 48, 74, 91, 54, 65, 24, 22, 0, 9
77, 96, 29, 90, 66, 73, 66, 100, 100, 64, 93, 19, 49, 0, 0, 20, 9
49, 100, 19, 91, 31, 54, 36, 15, 0, 0, 7, 36, 51, 63, 100, 87, 8
41, 100, 0, 80, 52, 71, 68, 77, 83, 49, 100, 19, 65, 0, 6, 2, 9
0, 90, 67, 100, 85, 68, 65, 34, 40, 0, 4, 16, 14, 40, 100, 44, 7
57, 87, 100, 69, 97, 100, 23, 83, 74, 59, 96, 52, 78, 10, 0, 0, 9
59, 99, 16, 72, 89, 38, 91, 0, 28, 18, 73, 58, 100, 100, 0, 95, 8
0, 100, 55, 98, 100, 80, 98, 51, 80, 22, 72, 0, 91, 28, 71, 43, 7
28, 95, 39, 84, 67, 100, 42, 90, 81, 62, 100, 27, 56, 3, 0, 0, 9
15, 58, 80, 78, 100, 100, 88, 69, 73, 38, 56, 7, 0, 0, 98, 4, 1
0, 99, 65, 100, 100, 97, 57, 62, 36, 16, 19, 0, 2, 36, 69, 40, 7
100, 100, 56, 83, 22, 57, 0, 29, 11, 0, 68, 0, 62, 24, 6, 11, 6
100, 100, 58, 83, 30, 57, 20, 26, 42, 0, 80, 9, 47, 31, 0, 39, 6
26, 87, 63, 100, 83, 83, 57, 57, 100, 40, 90, 10, 41, 0, 0, 12, 3
56, 97, 41, 63, 69, 26, 29, 0, 6, 28, 0, 72, 45, 94, 100, 100, 5
86, 100, 41, 79, 10, 50, 0, 18, 45, 0, 100, 11, 78, 36, 22, 29, 6
0, 50, 26, 64, 61, 83, 99, 100, 100, 83, 74, 56, 51, 28, 33, 0, 1
21, 100, 0, 70, 7, 42, 91, 49, 100, 64, 70, 67, 72, 34, 70, 0, 4
24, 66, 55, 84, 100, 100, 79, 80, 52, 60, 29, 40, 12, 20, 0, 0, 1
100, 77, 61, 100, 21, 79, 71, 70, 81, 73, 78, 33, 53, 0, 0, 2, 9
62, 100, 100, 98, 77, 61, 45, 28, 39, 0, 79, 25, 50, 57, 0, 72, 8
21, 100, 4, 79, 0, 47, 54, 38, 100, 49, 92, 66, 91, 33, 92, 0, 4
68, 89, 0, 100, 38, 59, 98, 23, 80, 0, 39, 35, 100, 69, 75, 92, 8
37, 80, 81, 100, 95, 70, 68, 39, 32, 11, 0, 10, 48, 17, 100, 0, 2
93, 95, 47, 100, 54, 66, 100, 80, 95, 64, 93, 20, 50, 0, 0, 9, 9
55, 100, 36, 65, 0, 29, 55, 33, 100, 44, 77, 86, 73, 45, 78, 0, 4
100, 90, 78, 100, 31, 88, 22, 57, 61, 52, 83, 28, 51, 4, 0, 0, 5
90, 66, 49, 100, 0, 72, 67, 40, 100, 0, 25, 11, 34, 55, 84, 93, 8
0, 99, 36, 100, 93, 97, 100, 64, 83, 32, 61, 0, 28, 28, 76, 40, 7
0, 29, 32, 52, 68, 76, 100, 100, 95, 76, 89, 50, 78, 25, 76, 0, 1
19, 91, 18, 50, 88, 50, 88, 5, 24, 0, 0, 51, 29, 91, 100, 100, 5
55, 100, 15, 77, 0, 47, 42, 28, 86, 43, 100, 62, 84, 31, 80, 0, 4
36, 100, 18, 76, 0, 52, 13, 33, 60, 34, 100, 39, 93, 24, 86, 0, 4
100, 94, 29, 84, 32, 41, 59, 0, 0, 1, 42, 38, 87, 74, 52, 100, 8
0, 62, 30, 90, 70, 100, 57, 61, 48, 22, 7, 0, 36, 2, 100, 3, 1
26, 100, 21, 65, 91, 32, 66, 0, 38, 25, 91, 61, 100, 99, 0, 98, 8
65, 84, 40, 100, 7, 68, 0, 31, 34, 0, 100, 8, 64, 24, 11, 3, 6
19, 77, 0, 37, 13, 0, 63, 9, 97, 41, 100, 82, 58, 100, 15, 77, 0
0, 100, 73, 99, 62, 66, 34, 33, 14, 0, 5, 15, 19, 43, 100, 43, 7
0, 100, 50, 91, 68, 60, 58, 29, 26, 0, 9, 18, 23, 45, 100, 49, 7
49, 85, 84, 100, 89, 81, 48, 61, 90, 49, 100, 30, 51, 14, 0, 0, 3
0, 66, 48, 100, 100, 83, 69, 41, 37, 0, 81, 26, 76, 69, 8, 93, 8
62, 90, 15, 77, 10, 26, 56, 0, 100, 31, 93, 81, 42, 100, 0, 70, 0
0, 93, 60, 100, 70, 83, 70, 67, 70, 50, 80, 33, 80, 16, 100, 0, 1
12, 73, 29, 100, 70, 87, 51, 53, 13, 28, 0, 4, 50, 0, 100, 0, 2
61, 90, 67, 61, 99, 100, 9, 71, 17, 56, 0, 0, 100, 25, 17, 61, 8
1, 68, 4, 100, 55, 77, 55, 31, 7, 2, 0, 6, 60, 0, 100, 19, 2
22, 89, 0, 55, 39, 47, 43, 4, 6, 0, 16, 56, 39, 100, 100, 98, 5
36, 90, 84, 100, 100, 75, 62, 51, 82, 45, 85, 13, 38, 0, 0, 19, 3
88, 100, 48, 83, 16, 59, 0, 31, 50, 28, 100, 45, 75, 27, 62, 0, 4
80, 78, 32, 100, 16, 68, 81, 71, 100, 71, 100, 35, 68, 4, 0, 0, 9
100, 94, 58, 100, 15, 70, 0, 34, 28, 1, 97, 0, 91, 28, 31, 21, 6
48, 100, 31, 76, 85, 88, 17, 98, 65, 71, 100, 38, 68, 6, 0, 0, 9
35, 78, 48, 100, 76, 78, 57, 41, 24, 11, 0, 8, 50, 7, 100, 0, 2
11, 80, 10, 25, 46, 0, 87, 11, 100, 61, 69, 97, 26, 100, 0, 61, 0
73, 78, 10, 73, 60, 35, 43, 0, 0, 25, 57, 62, 100, 100, 20, 96, 8
80, 100, 34, 87, 69, 69, 100, 90, 81, 74, 74, 45, 44, 20, 0, 0, 9
14, 79, 37, 100, 56, 79, 30, 52, 0, 27, 0, 2, 50, 0, 100, 4, 2
86, 71, 70, 100, 0, 87, 13, 60, 86, 71, 100, 60, 87, 27, 88, 0, 9
6, 96, 23, 52, 100, 63, 53, 100, 19, 77, 94, 48, 87, 2, 0, 0, 9
75, 75, 36, 100, 6, 68, 62, 35, 100, 0, 0, 6, 31, 41, 93, 74, 8
33, 78, 67, 100, 68, 67, 36, 40, 0, 17, 27, 1, 72, 0, 100, 2, 2
16, 68, 0, 40, 26, 0, 73, 10, 100, 50, 82, 93, 32, 100, 1, 73, 0
17, 96, 0, 63, 6, 20, 50, 0, 95, 22, 100, 64, 71, 100, 25, 86, 0
20, 100, 0, 75, 4, 42, 72, 43, 100, 63, 87, 69, 85, 34, 89, 0, 4
50, 100, 28, 70, 79, 38, 65, 0, 0, 5, 20, 45, 37, 85, 100, 96, 5
100, 87, 40, 100, 0, 78, 60, 65, 100, 90, 94, 65, 83, 32, 79, 0, 9
24, 77, 73, 100, 100, 77, 62, 37, 21, 0, 0, 9, 25, 39, 84, 31, 7
49, 91, 98, 100, 96, 66, 59, 32, 17, 0, 0, 16, 38, 40, 100, 48, 7
43, 100, 10, 80, 0, 51, 43, 29, 95, 40, 100, 53, 61, 28, 39, 0, 4
0, 98, 43, 100, 68, 70, 66, 35, 56, 0, 39, 32, 49, 51, 100, 55, 7
98, 98, 34, 96, 8, 59, 63, 27, 34, 0, 0, 32, 42, 70, 100, 100, 8
100, 100, 21, 86, 45, 47, 86, 11, 3, 0, 0, 33, 65, 65, 99, 96, 8
61, 95, 39, 68, 100, 100, 45, 76, 0, 45, 10, 0, 90, 36, 21, 50, 8
21, 73, 12, 31, 40, 0, 81, 18, 100, 55, 82, 94, 37, 100, 0, 75, 0
27, 90, 0, 65, 55, 44, 62, 5, 19, 0, 24, 50, 29, 95, 100, 100, 5
95, 96, 56, 84, 0, 47, 57, 39, 100, 55, 93, 100, 86, 48, 81, 0, 4
85, 100, 32, 76, 0, 44, 74, 48, 100, 66, 76, 92, 72, 44, 67, 0, 4
100, 99, 59, 100, 27, 72, 6, 40, 0, 6, 43, 0, 55, 29, 6, 15, 6
42, 100, 12, 68, 0, 27, 32, 0, 76, 9, 100, 44, 88, 85, 47, 85, 0
32, 92, 12, 66, 42, 29, 18, 0, 0, 24, 17, 78, 56, 100, 100, 97, 5
59, 100, 12, 74, 0, 34, 29, 0, 81, 21, 100, 59, 91, 98, 35, 83, 0
0, 100, 45, 94, 69, 70, 56, 35, 42, 0, 15, 19, 45, 33, 100, 35, 7
35, 73, 63, 100, 97, 87, 58, 64, 100, 44, 100, 11, 50, 0, 0, 8, 3
0, 57, 33, 76, 58, 100, 78, 99, 78, 74, 78, 49, 83, 24, 100, 0, 1
0, 88, 18, 100, 68, 97, 59, 70, 55, 50, 100, 37, 84, 11, 35, 0, 3
56, 100, 19, 76, 0, 33, 24, 0, 74, 25, 100, 65, 70, 87, 23, 60, 0
0, 80, 22, 100, 43, 71, 36, 37, 9, 8, 7, 12, 54, 16, 100, 0, 2
100, 100, 58, 81, 27, 56, 1, 28, 0, 0, 53, 5, 53, 30, 0, 27, 6
48, 100, 24, 62, 0, 35, 93, 33, 100, 67, 74, 77, 63, 39, 56, 0, 4
77, 100, 28, 80, 63, 41, 59, 0, 0, 10, 47, 44, 100, 75, 61, 94, 8
100, 97, 49, 100, 11, 82, 10, 51, 54, 52, 76, 29, 47, 5, 0, 0, 5
0, 100, 70, 95, 100, 71, 70, 38, 37, 4, 10, 0, 22, 28, 97, 30, 7
30, 74, 45, 100, 87, 90, 56, 59, 100, 40, 83, 9, 30, 0, 0, 15, 3
0, 90, 43, 100, 89, 87, 75, 59, 44, 36, 9, 14, 48, 5, 100, 0, 2
41, 100, 20, 80, 0, 57, 39, 42, 100, 55, 98, 45, 72, 23, 57, 0, 4
46, 85, 36, 68, 84, 79, 42, 100, 79, 65, 100, 23, 53, 0, 0, 8, 9
14, 88, 62, 100, 97, 86, 70, 62, 34, 42, 0, 20, 45, 6, 100, 0, 2
100, 80, 60, 71, 45, 94, 88, 100, 88, 70, 67, 42, 34, 18, 0, 0, 9
0, 84, 30, 100, 36, 75, 28, 52, 89, 52, 100, 27, 64, 6, 6, 0, 3
100, 87, 37, 100, 0, 74, 90, 82, 90, 92, 67, 61, 43, 30, 49, 0, 9
91, 100, 48, 79, 23, 50, 18, 18, 62, 0, 100, 18, 55, 38, 0, 34, 6
100, 100, 49, 86, 17, 59, 0, 28, 18, 0, 76, 6, 61, 29, 7, 17, 6
14, 63, 19, 100, 63, 96, 60, 57, 27, 26, 0, 0, 50, 6, 100, 12, 2
85, 90, 35, 100, 15, 77, 32, 53, 91, 52, 100, 22, 56, 0, 0, 7, 5
0, 95, 53, 100, 100, 93, 76, 60, 51, 27, 31, 0, 33, 35, 91, 41, 7
79, 100, 50, 63, 0, 34, 15, 35, 93, 36, 100, 71, 64, 37, 43, 0, 4
55, 94, 30, 100, 84, 99, 63, 66, 77, 58, 100, 31, 60, 3, 0, 0, 3
10, 100, 1, 66, 0, 19, 40, 0, 84, 28, 100, 72, 59, 98, 7, 88, 0
41, 69, 71, 100, 67, 71, 54, 31, 41, 1, 0, 0, 50, 1, 100, 3, 1
100, 85, 49, 66, 0, 69, 37, 99, 89, 100, 77, 58, 40, 24, 12, 0, 9
97, 100, 65, 82, 33, 53, 15, 20, 54, 0, 100, 19, 58, 39, 0, 35, 6
52, 98, 69, 67, 78, 28, 13, 0, 0, 26, 54, 58, 100, 93, 54, 100, 8
46, 99, 7, 100, 37, 80, 56, 97, 90, 64, 100, 24, 57, 0, 0, 6, 9
3, 70, 0, 58, 57, 80, 100, 100, 84, 75, 81, 50, 81, 25, 97, 0, 1
0, 88, 37, 100, 85, 90, 63, 46, 48, 0, 27, 18, 45, 37, 100, 38, 7
0, 93, 43, 100, 70, 72, 68, 34, 56, 0, 31, 32, 52, 48, 100, 53, 7
100, 82, 67, 100, 38, 79, 69, 66, 90, 61, 73, 30, 43, 6, 0, 0, 9
100, 100, 62, 90, 31, 61, 12, 28, 33, 0, 78, 13, 44, 27, 0, 10, 6
1, 92, 0, 63, 36, 33, 14, 0, 3, 37, 5, 81, 50, 96, 100, 100, 5
32, 85, 60, 100, 88, 81, 47, 59, 81, 43, 100, 15, 54, 0, 0, 4, 3
0, 79, 23, 100, 66, 78, 66, 39, 56, 0, 30, 1, 41, 27, 100, 29, 7
100, 51, 72, 100, 0, 88, 28, 42, 77, 0, 2, 11, 5, 55, 78, 82, 8
44, 75, 90, 100, 83, 86, 67, 46, 51, 6, 0, 0, 27, 3, 100, 2, 1
0, 62, 27, 73, 66, 90, 100, 100, 80, 74, 59, 48, 42, 21, 36, 0, 1
80, 100, 27, 78, 0, 42, 21, 6, 99, 8, 100, 37, 19, 30, 10, 0, 6
48, 100, 31, 64, 3, 31, 0, 21, 62, 16, 100, 35, 93, 37, 89, 0, 4
58, 100, 0, 85, 51, 50, 79, 11, 14, 0, 44, 39, 100, 71, 51, 83, 8
0, 92, 49, 100, 100, 83, 80, 45, 71, 6, 64, 0, 36, 31, 100, 42, 7
10, 68, 25, 34, 20, 0, 2, 24, 0, 66, 30, 88, 65, 95, 100, 100, 5
18, 59, 41, 100, 76, 81, 54, 35, 15, 0, 0, 14, 49, 14, 100, 1, 2
0, 93, 41, 100, 61, 77, 34, 52, 0, 30, 4, 10, 51, 3, 100, 0, 2
10, 77, 37, 100, 90, 88, 72, 57, 99, 52, 100, 18, 48, 0, 0, 17, 3
0, 100, 39, 98, 70, 69, 48, 33, 22, 0, 1, 37, 45, 44, 100, 46, 7
0, 63, 38, 79, 75, 99, 100, 100, 88, 75, 78, 48, 70, 22, 58, 0, 1
0, 68, 47, 82, 89, 100, 100, 90, 81, 67, 58, 45, 34, 22, 13, 0, 1
41, 58, 99, 39, 100, 1, 27, 0, 33, 40, 80, 75, 66, 100, 0, 83, 8
19, 90, 57, 61, 96, 19, 17, 0, 2, 34, 81, 64, 100, 100, 0, 99, 8
100, 100, 73, 92, 34, 69, 6, 42, 0, 12, 50, 0, 91, 17, 37, 23, 6
14, 77, 0, 56, 91, 55, 94, 11, 26, 0, 8, 46, 2, 91, 100, 100, 5
32, 100, 19, 74, 0, 42, 44, 31, 100, 44, 93, 66, 85, 33, 81, 0, 4
0, 28, 22, 49, 58, 74, 92, 100, 100, 90, 78, 59, 55, 29, 46, 0, 1
49, 73, 69, 100, 100, 77, 82, 40, 47, 11, 0, 0, 43, 11, 95, 11, 2
13, 100, 10, 79, 0, 48, 4, 19, 75, 22, 87, 49, 89, 29, 100, 0, 4
0, 80, 7, 100, 93, 100, 98, 68, 64, 26, 41, 0, 15, 41, 100, 48, 7
17, 36, 37, 4, 72, 0, 100, 29, 92, 75, 62, 100, 26, 96, 0, 66, 0
21, 93, 0, 65, 56, 35, 48, 0, 17, 26, 61, 60, 100, 95, 32, 100, 8
0, 73, 54, 47, 100, 15, 43, 0, 51, 35, 81, 69, 63, 100, 2, 72, 8
0, 37, 29, 60, 68, 82, 100, 100, 77, 75, 57, 51, 45, 25, 45, 0, 1
100, 100, 56, 65, 0, 36, 3, 34, 80, 33, 99, 54, 68, 38, 36, 0, 4
19, 100, 0, 73, 9, 46, 72, 47, 100, 61, 82, 69, 75, 34, 60, 0, 4
44, 80, 74, 100, 100, 79, 74, 50, 84, 39, 86, 12, 42, 0, 0, 9, 3
55, 100, 21, 73, 0, 36, 16, 0, 58, 7, 91, 34, 100, 74, 65, 96, 0
64, 81, 59, 100, 100, 98, 78, 53, 42, 18, 0, 6, 47, 13, 95, 0, 2
56, 88, 10, 61, 0, 15, 50, 0, 91, 35, 100, 81, 52, 100, 9, 67, 0
0, 100, 58, 94, 100, 91, 61, 59, 32, 20, 8, 0, 20, 33, 80, 34, 7
29, 74, 9, 33, 39, 0, 85, 11, 100, 54, 74, 94, 29, 100, 0, 66, 0
0, 72, 28, 100, 53, 77, 53, 24, 42, 0, 36, 34, 68, 49, 100, 67, 7
33, 100, 8, 75, 0, 48, 49, 34, 100, 47, 99, 53, 90, 27, 78, 0, 4
38, 100, 4, 85, 0, 53, 58, 46, 100, 52, 88, 64, 78, 32, 73, 0, 4
41, 87, 0, 63, 62, 62, 84, 24, 8, 0, 6, 44, 11, 93, 100, 100, 5
15, 100, 1, 55, 0, 7, 37, 0, 74, 24, 100, 62, 80, 99, 39, 95, 0
10, 100, 16, 77, 0, 39, 37, 18, 94, 22, 100, 50, 99, 39, 93, 0, 4
100, 86, 90, 100, 49, 71, 16, 38, 15, 0, 68, 4, 53, 37, 0, 27, 6
0, 51, 19, 63, 59, 82, 100, 100, 84, 76, 67, 51, 51, 26, 40, 0, 1
100, 94, 62, 100, 21, 79, 18, 44, 68, 51, 86, 21, 46, 0, 0, 10, 5
0, 94, 34, 97, 100, 100, 59, 58, 34, 10, 18, 0, 21, 37, 91, 44, 7
38, 69, 43, 95, 100, 100, 96, 73, 53, 51, 76, 26, 52, 0, 0, 2, 3
88, 82, 55, 100, 0, 81, 38, 61, 100, 76, 94, 56, 75, 26, 63, 0, 9
21, 100, 14, 74, 0, 41, 35, 25, 100, 28, 98, 49, 61, 32, 48, 0, 4
2, 97, 55, 100, 67, 65, 41, 25, 17, 0, 0, 43, 45, 46, 100, 32, 7
20, 60, 0, 83, 15, 39, 100, 9, 30, 0, 47, 54, 67, 100, 2, 59, 8
21, 93, 64, 100, 100, 83, 71, 57, 94, 34, 95, 12, 48, 5, 0, 0, 3
100, 100, 52, 86, 74, 68, 96, 94, 100, 59, 95, 23, 54, 0, 0, 0, 9
74, 88, 25, 100, 0, 50, 22, 1, 78, 0, 100, 47, 63, 88, 8, 91, 0
45, 83, 14, 72, 35, 51, 52, 11, 0, 0, 20, 44, 45, 89, 100, 100, 5
31, 100, 28, 76, 0, 41, 24, 29, 100, 30, 88, 67, 81, 33, 82, 0, 4
12, 97, 0, 100, 58, 98, 100, 84, 93, 62, 71, 41, 46, 21, 32, 0, 7
96, 100, 49, 77, 16, 48, 0, 17, 42, 0, 100, 15, 61, 32, 1, 20, 6
23, 88, 52, 100, 51, 67, 30, 38, 0, 16, 27, 8, 64, 3, 100, 0, 2
0, 75, 29, 100, 74, 93, 69, 60, 41, 29, 0, 3, 37, 0, 100, 6, 2
18, 84, 0, 49, 14, 13, 58, 0, 92, 25, 100, 63, 73, 93, 27, 100, 0
54, 93, 100, 100, 60, 97, 26, 71, 75, 59, 88, 29, 48, 5, 0, 0, 5
16, 69, 59, 84, 100, 100, 90, 82, 68, 61, 44, 40, 19, 20, 0, 0, 1
23, 100, 9, 68, 0, 36, 49, 25, 100, 36, 99, 65, 93, 32, 83, 0, 4
25, 76, 66, 100, 64, 78, 48, 34, 29, 0, 0, 7, 50, 10, 100, 15, 1
86, 83, 40, 100, 0, 72, 49, 37, 63, 0, 10, 20, 52, 55, 100, 82, 8
26, 73, 35, 100, 100, 97, 78, 68, 46, 35, 26, 0, 0, 31, 52, 30, 7
0, 82, 35, 100, 78, 74, 71, 36, 48, 0, 27, 16, 34, 40, 100, 42, 7
12, 69, 19, 100, 78, 99, 83, 66, 47, 35, 0, 10, 29, 3, 100, 0, 2
33, 79, 75, 100, 99, 75, 71, 45, 24, 25, 0, 29, 55, 21, 100, 0, 2
40, 84, 33, 81, 100, 42, 81, 0, 0, 13, 46, 57, 94, 100, 11, 90, 8
76, 100, 23, 90, 41, 60, 92, 76, 100, 79, 93, 42, 56, 13, 0, 0, 9
34, 100, 0, 51, 18, 87, 12, 97, 36, 44, 16, 0, 34, 8, 100, 14, 1
8, 79, 47, 100, 47, 86, 39, 48, 45, 12, 100, 8, 44, 5, 0, 0, 1
62, 73, 23, 69, 0, 90, 68, 100, 100, 78, 77, 50, 43, 24, 2, 0, 9
48, 86, 64, 100, 94, 80, 58, 54, 100, 52, 87, 19, 43, 0, 0, 7, 3
85, 100, 38, 76, 0, 42, 82, 41, 100, 61, 78, 95, 75, 47, 71, 0, 4
100, 100, 55, 82, 22, 55, 0, 27, 11, 0, 95, 11, 85, 35, 9, 21, 6
13, 100, 0, 82, 0, 60, 27, 42, 82, 42, 80, 41, 80, 19, 100, 0, 4
30, 97, 12, 71, 0, 28, 33, 0, 84, 16, 100, 57, 74, 94, 24, 100, 0
24, 75, 24, 100, 70, 81, 60, 48, 65, 41, 100, 16, 49, 0, 0, 20, 3
51, 62, 56, 100, 1, 82, 33, 42, 65, 1, 0, 0, 32, 40, 100, 65, 8
0, 64, 26, 81, 74, 100, 100, 98, 80, 74, 67, 49, 62, 24, 70, 0, 1
0, 69, 36, 84, 77, 99, 100, 100, 78, 76, 57, 51, 38, 26, 28, 0, 1
34, 86, 6, 50, 0, 9, 49, 0, 89, 29, 100, 70, 66, 100, 21, 76, 0
38, 85, 0, 59, 48, 53, 68, 18, 22, 0, 24, 50, 37, 94, 100, 100, 5
42, 92, 51, 58, 85, 96, 31, 100, 66, 56, 100, 39, 60, 0, 0, 23, 9
100, 100, 64, 97, 36, 70, 13, 41, 9, 11, 52, 0, 51, 17, 0, 15, 6
18, 68, 0, 21, 44, 0, 89, 22, 100, 75, 58, 100, 11, 81, 1, 31, 0
100, 83, 47, 100, 0, 79, 25, 51, 78, 68, 82, 71, 77, 34, 64, 0, 9
0, 95, 54, 100, 85, 75, 61, 38, 55, 0, 28, 12, 36, 36, 100, 23, 7
79, 100, 38, 76, 8, 49, 1, 19, 47, 0, 100, 9, 47, 21, 0, 8, 6
39, 90, 95, 100, 100, 99, 45, 86, 64, 72, 91, 43, 53, 13, 0, 0, 5
0, 33, 44, 52, 77, 76, 100, 100, 83, 73, 73, 47, 65, 20, 54, 0, 1
26, 97, 29, 100, 75, 99, 100, 83, 82, 61, 56, 39, 27, 20, 0, 0, 7
24, 91, 0, 55, 22, 3, 71, 0, 100, 48, 82, 100, 37, 76, 1, 33, 0
50, 100, 20, 75, 2, 46, 0, 17, 43, 0, 100, 10, 73, 32, 16, 24, 6
70, 77, 30, 69, 0, 81, 44, 100, 79, 82, 80, 54, 80, 26, 100, 0, 9
87, 80, 54, 100, 24, 68, 61, 34, 37, 0, 0, 19, 52, 48, 100, 80, 8
0, 61, 7, 11, 49, 0, 87, 28, 100, 78, 62, 100, 25, 72, 16, 20, 0
100, 100, 72, 79, 38, 51, 0, 26, 44, 32, 90, 39, 88, 37, 82, 0, 4
98, 100, 36, 99, 0, 69, 30, 52, 89, 49, 100, 4, 42, 0, 9, 36, 5
11, 87, 20, 53, 95, 53, 100, 12, 29, 0, 0, 42, 0, 86, 71, 100, 5
53, 100, 33, 77, 0, 55, 19, 35, 87, 41, 100, 46, 65, 24, 47, 0, 4
25, 92, 20, 41, 67, 47, 55, 0, 20, 30, 0, 76, 43, 100, 100, 99, 5
0, 58, 34, 75, 76, 96, 100, 100, 95, 75, 85, 49, 76, 24, 88, 0, 1
0, 90, 43, 100, 100, 90, 91, 57, 72, 25, 50, 0, 14, 26, 74, 38, 7
0, 85, 50, 100, 88, 73, 66, 35, 29, 0, 5, 5, 41, 38, 100, 52, 7
11, 58, 85, 41, 87, 0, 0, 9, 23, 50, 100, 78, 71, 100, 10, 77, 8
23, 100, 13, 70, 66, 36, 33, 0, 0, 25, 59, 58, 100, 96, 28, 97, 8
28, 94, 99, 100, 69, 95, 22, 70, 51, 53, 100, 27, 67, 0, 0, 9, 5
0, 87, 38, 100, 74, 83, 74, 40, 55, 0, 32, 34, 60, 45, 100, 55, 7
0, 82, 28, 100, 62, 87, 54, 54, 27, 28, 22, 10, 61, 4, 100, 0, 2
36, 78, 66, 100, 83, 82, 81, 59, 100, 30, 82, 3, 38, 0, 0, 16, 3
0, 39, 4, 57, 51, 79, 100, 100, 96, 81, 68, 54, 40, 27, 15, 0, 1
24, 80, 59, 95, 100, 100, 63, 92, 25, 78, 21, 47, 36, 16, 0, 0, 5
0, 80, 53, 100, 100, 77, 70, 38, 32, 2, 9, 0, 19, 27, 89, 34, 7
72, 100, 3, 76, 100, 63, 49, 99, 29, 45, 0, 28, 53, 0, 33, 48, 8
0, 91, 35, 100, 100, 97, 81, 63, 44, 32, 8, 0, 9, 14, 49, 29, 7
43, 78, 68, 100, 100, 85, 82, 58, 76, 37, 78, 14, 36, 0, 0, 10, 3
95, 88, 59, 100, 51, 67, 100, 81, 98, 65, 92, 28, 59, 0, 0, 4, 9
44, 86, 71, 100, 100, 88, 73, 69, 61, 51, 68, 26, 36, 10, 0, 0, 3
43, 91, 79, 100, 63, 67, 34, 38, 0, 14, 11, 13, 56, 9, 100, 0, 2
37, 100, 1, 66, 9, 10, 58, 0, 100, 31, 97, 85, 48, 99, 0, 81, 0
42, 91, 48, 52, 52, 15, 8, 0, 0, 31, 11, 70, 53, 90, 100, 100, 5
96, 100, 44, 85, 14, 53, 7, 18, 57, 0, 100, 19, 57, 40, 0, 28, 6
53, 100, 5, 80, 0, 63, 60, 64, 100, 79, 79, 57, 55, 26, 31, 0, 4
0, 84, 46, 86, 91, 100, 100, 94, 85, 70, 72, 45, 61, 20, 62, 0, 1
10, 64, 29, 100, 60, 90, 46, 52, 19, 18, 0, 8, 50, 5, 100, 0, 2
73, 100, 12, 90, 0, 55, 65, 61, 100, 71, 99, 32, 65, 0, 3, 6, 9
20, 100, 14, 70, 0, 40, 3, 16, 77, 22, 100, 45, 96, 30, 96, 0, 4
34, 99, 14, 98, 68, 100, 84, 68, 70, 43, 100, 11, 53, 0, 0, 8, 3
71, 100, 44, 63, 0, 38, 57, 43, 100, 52, 82, 80, 66, 41, 60, 0, 4
7, 89, 52, 100, 81, 82, 46, 59, 55, 37, 100, 18, 56, 3, 0, 0, 3
0, 0, 44, 16, 80, 41, 100, 70, 86, 100, 38, 95, 33, 68, 83, 59, 9
0, 84, 34, 100, 89, 94, 93, 69, 54, 49, 100, 35, 92, 11, 39, 0, 3
17, 98, 0, 47, 31, 3, 84, 0, 100, 50, 71, 98, 23, 100, 3, 52, 0
95, 100, 50, 82, 19, 58, 0, 31, 18, 6, 73, 0, 100, 14, 44, 12, 6
100, 74, 69, 100, 16, 88, 47, 76, 100, 74, 91, 37, 54, 8, 0, 0, 9
41, 79, 56, 100, 89, 82, 65, 55, 84, 38, 100, 9, 51, 0, 0, 5, 3
88, 76, 52, 100, 33, 78, 82, 79, 93, 49, 100, 12, 53, 0, 0, 0, 9
35, 100, 38, 79, 6, 48, 67, 39, 100, 63, 76, 57, 34, 30, 0, 0, 4
14, 100, 2, 73, 0, 48, 50, 44, 92, 48, 100, 58, 76, 29, 53, 0, 4
0, 82, 27, 100, 35, 70, 18, 40, 6, 8, 41, 0, 78, 1, 100, 3, 2
38, 100, 1, 70, 0, 27, 40, 0, 88, 17, 100, 59, 66, 90, 17, 76, 0
76, 85, 88, 70, 27, 68, 0, 100, 62, 99, 100, 66, 90, 25, 40, 0, 9
89, 100, 43, 76, 0, 75, 49, 99, 100, 90, 84, 56, 53, 24, 38, 0, 9
50, 99, 21, 80, 0, 37, 25, 0, 76, 16, 100, 58, 79, 100, 29, 95, 0
28, 78, 57, 100, 61, 67, 33, 33, 0, 7, 17, 0, 59, 1, 100, 0, 2
35, 85, 89, 100, 100, 96, 36, 88, 33, 54, 95, 40, 60, 6, 0, 0, 5
100, 100, 54, 84, 18, 58, 0, 27, 24, 0, 78, 1, 62, 29, 6, 34, 6
0, 0, 31, 14, 68, 33, 94, 57, 100, 83, 63, 100, 36, 80, 82, 74, 9
76, 56, 75, 100, 0, 90, 35, 53, 95, 21, 47, 0, 57, 44, 100, 85, 8
26, 91, 0, 59, 33, 44, 53, 10, 15, 0, 22, 51, 39, 95, 100, 100, 5
0, 67, 48, 99, 71, 100, 74, 56, 75, 10, 9, 0, 19, 0, 100, 3, 1
48, 88, 100, 100, 92, 63, 56, 30, 16, 0, 0, 15, 30, 39, 91, 38, 7
10, 79, 21, 59, 36, 16, 0, 0, 2, 46, 11, 94, 55, 100, 100, 86, 5
41, 80, 54, 100, 92, 83, 76, 49, 43, 19, 0, 0, 43, 17, 100, 2, 2
29, 83, 0, 83, 41, 42, 53, 0, 17, 20, 50, 61, 100, 100, 29, 95, 8
11, 82, 45, 100, 93, 91, 77, 64, 82, 40, 100, 14, 53, 3, 0, 0, 3
38, 84, 23, 100, 68, 93, 41, 64, 78, 52, 100, 24, 60, 0, 0, 1, 3
55, 100, 27, 94, 5, 56, 8, 18, 59, 0, 100, 23, 45, 31, 0, 8, 6
34, 89, 64, 100, 63, 56, 37, 20, 0, 1, 18, 23, 58, 8, 100, 0, 2
31, 87, 59, 100, 59, 69, 74, 64, 100, 42, 84, 11, 44, 0, 0, 0, 3
58, 100, 12, 77, 0, 59, 62, 60, 100, 77, 85, 59, 61, 30, 36, 0, 4
95, 100, 16, 90, 0, 62, 84, 68, 100, 90, 80, 59, 56, 29, 58, 0, 9
50, 89, 66, 100, 82, 73, 50, 54, 100, 48, 93, 17, 47, 0, 0, 3, 3
29, 87, 100, 100, 83, 97, 10, 84, 31, 63, 93, 46, 66, 17, 0, 0, 5
8, 63, 31, 79, 90, 100, 100, 92, 67, 69, 33, 47, 10, 23, 0, 0, 1
25, 87, 53, 100, 65, 64, 38, 33, 0, 19, 46, 19, 87, 0, 100, 31, 2
100, 100, 0, 86, 0, 72, 0, 57, 0, 43, 0, 28, 50, 14, 50, 0, 1
57, 70, 81, 100, 72, 71, 60, 35, 50, 0, 0, 4, 49, 6, 100, 9, 1
0, 72, 18, 100, 68, 98, 63, 73, 89, 41, 100, 5, 53, 0, 6, 12, 3
23, 59, 26, 100, 64, 98, 58, 57, 33, 20, 0, 0, 50, 10, 100, 5, 2
0, 92, 40, 100, 100, 99, 84, 65, 48, 33, 13, 0, 12, 26, 74, 28, 7
81, 96, 39, 100, 13, 71, 13, 39, 76, 44, 100, 16, 44, 0, 0, 6, 5
14, 86, 52, 100, 60, 76, 41, 55, 100, 52, 98, 27, 60, 8, 0, 0, 3
59, 79, 40, 99, 0, 62, 1, 14, 59, 0, 100, 35, 80, 80, 21, 100, 0
25, 100, 82, 99, 81, 65, 51, 32, 14, 0, 0, 1, 14, 35, 100, 42, 7
33, 87, 17, 78, 58, 42, 46, 0, 0, 12, 15, 61, 42, 94, 100, 100, 5
100, 100, 53, 93, 14, 66, 0, 32, 16, 0, 73, 4, 76, 36, 19, 37, 6
23, 100, 17, 69, 0, 35, 34, 22, 100, 22, 99, 39, 56, 34, 43, 0, 4
0, 65, 16, 93, 49, 100, 65, 77, 48, 45, 36, 11, 66, 0, 100, 1, 2
0, 0, 35, 8, 69, 31, 93, 62, 100, 100, 69, 100, 57, 64, 64, 26, 9
40, 94, 0, 65, 51, 39, 51, 0, 11, 15, 5, 63, 35, 93, 100, 100, 5
16, 94, 56, 100, 76, 76, 43, 52, 6, 30, 0, 6, 49, 1, 100, 0, 2
0, 78, 34, 100, 67, 83, 66, 40, 54, 0, 34, 28, 62, 46, 100, 63, 7
26, 100, 3, 75, 0, 35, 25, 3, 70, 0, 100, 29, 86, 66, 48, 88, 0
0, 89, 46, 100, 100, 98, 84, 78, 51, 58, 71, 35, 50, 14, 5, 0, 3
51, 91, 23, 71, 52, 35, 13, 0, 0, 30, 5, 81, 43, 100, 100, 95, 5
0, 77, 45, 83, 90, 100, 100, 88, 82, 65, 60, 42, 37, 21, 10, 0, 1
3, 100, 0, 81, 3, 55, 33, 34, 84, 36, 100, 50, 86, 25, 97, 0, 4
97, 98, 19, 80, 100, 57, 69, 100, 45, 50, 0, 19, 73, 0, 31, 43, 8
8, 72, 0, 36, 26, 0, 74, 3, 100, 40, 85, 83, 43, 100, 14, 66, 0
78, 100, 0, 92, 22, 75, 100, 89, 90, 80, 62, 53, 38, 27, 32, 0, 9
0, 56, 34, 75, 88, 100, 77, 66, 71, 31, 39, 1, 24, 0, 100, 1, 1
0, 43, 33, 61, 69, 79, 100, 100, 93, 79, 83, 53, 78, 26, 74, 0, 1
78, 62, 60, 100, 12, 65, 94, 32, 100, 0, 0, 14, 60, 53, 72, 83, 8
66, 86, 30, 100, 45, 78, 70, 88, 97, 50, 100, 8, 50, 0, 0, 16, 9
36, 100, 100, 99, 82, 65, 60, 32, 36, 0, 0, 21, 25, 33, 92, 34, 7
38, 64, 8, 67, 0, 20, 40, 0, 85, 26, 100, 69, 63, 100, 21, 87, 0
12, 73, 22, 100, 72, 80, 26, 54, 56, 47, 100, 20, 50, 0, 0, 18, 3
15, 87, 60, 100, 95, 84, 50, 66, 96, 49, 100, 18, 56, 0, 0, 1, 3
0, 48, 14, 61, 53, 81, 95, 100, 100, 82, 76, 56, 53, 29, 39, 0, 1
37, 100, 30, 87, 7, 62, 0, 35, 59, 29, 100, 51, 78, 27, 74, 0, 4
0, 63, 36, 100, 81, 93, 66, 44, 30, 5, 0, 0, 47, 19, 100, 10, 2
32, 74, 61, 100, 59, 82, 53, 36, 35, 1, 0, 0, 50, 3, 100, 1, 1
0, 95, 53, 100, 81, 67, 61, 24, 49, 0, 7, 29, 42, 42, 100, 43, 7
38, 100, 1, 75, 0, 29, 36, 0, 80, 14, 100, 56, 79, 97, 37, 94, 0
42, 63, 100, 85, 54, 100, 42, 62, 62, 22, 0, 0, 0, 27, 73, 51, 8
100, 100, 65, 75, 36, 47, 20, 17, 51, 0, 96, 21, 54, 34, 0, 22, 6
100, 100, 68, 79, 45, 57, 28, 34, 22, 11, 72, 0, 62, 18, 0, 20, 6
10, 82, 15, 51, 70, 36, 54, 0, 20, 28, 0, 73, 42, 91, 100, 100, 5
51, 79, 78, 100, 100, 79, 67, 53, 96, 42, 96, 13, 49, 0, 0, 11, 3
100, 85, 17, 97, 8, 71, 88, 41, 67, 0, 0, 23, 47, 63, 100, 100, 8
0, 95, 62, 100, 96, 71, 58, 36, 31, 0, 100, 20, 94, 38, 1, 42, 7
92, 100, 83, 89, 37, 59, 0, 27, 30, 0, 100, 8, 90, 30, 20, 23, 6
100, 100, 66, 86, 41, 58, 24, 29, 27, 0, 79, 2, 56, 21, 0, 26, 6
27, 99, 2, 62, 0, 21, 39, 0, 86, 17, 100, 55, 80, 93, 33, 100, 0
69, 72, 100, 100, 35, 91, 0, 57, 59, 60, 100, 61, 71, 25, 18, 0, 9
100, 83, 29, 71, 0, 85, 63, 100, 100, 79, 96, 52, 92, 26, 100, 0, 9
4, 73, 44, 100, 83, 81, 55, 43, 12, 15, 0, 22, 52, 20, 100, 0, 2
48, 100, 4, 73, 0, 42, 71, 34, 100, 60, 95, 72, 58, 36, 29, 0, 4
2, 100, 74, 100, 100, 76, 65, 46, 35, 15, 17, 0, 0, 33, 74, 37, 7
12, 74, 66, 73, 100, 100, 39, 96, 0, 68, 62, 70, 49, 40, 27, 0, 9
0, 30, 29, 53, 65, 77, 100, 100, 100, 80, 85, 53, 73, 27, 69, 0, 1
14, 63, 1, 32, 34, 0, 78, 4, 100, 47, 79, 92, 37, 100, 0, 71, 0
0, 91, 10, 57, 48, 30, 20, 0, 8, 34, 12, 79, 49, 100, 100, 91, 5
100, 100, 48, 80, 0, 45, 74, 36, 99, 57, 70, 86, 65, 43, 66, 0, 4
15, 81, 42, 100, 71, 81, 54, 54, 27, 30, 0, 5, 45, 0, 100, 1, 2
100, 100, 56, 80, 23, 55, 0, 26, 22, 0, 76, 4, 62, 23, 10, 13, 6
15, 73, 41, 100, 87, 93, 60, 64, 99, 43, 100, 8, 50, 0, 0, 11, 3
71, 95, 25, 88, 0, 43, 15, 0, 64, 11, 100, 50, 87, 95, 38, 100, 0
34, 87, 70, 100, 100, 92, 83, 67, 73, 40, 77, 14, 41, 1, 0, 0, 3
25, 67, 15, 26, 57, 0, 100, 34, 95, 74, 42, 100, 0, 67, 1, 26, 0
100, 100, 22, 86, 23, 55, 73, 27, 42, 0, 0, 20, 53, 47, 100, 77, 8
66, 92, 29, 100, 50, 72, 67, 94, 97, 58, 100, 18, 53, 0, 0, 9, 9
55, 100, 33, 83, 0, 53, 40, 39, 100, 47, 90, 60, 48, 32, 23, 0, 4
26, 71, 52, 100, 76, 76, 50, 40, 12, 11, 0, 0, 50, 2, 100, 5, 2
11, 84, 0, 66, 58, 67, 99, 41, 41, 0, 6, 33, 8, 84, 100, 100, 5
41, 98, 82, 100, 65, 71, 57, 61, 100, 48, 87, 17, 45, 0, 0, 7, 3
0, 44, 29, 62, 66, 80, 100, 100, 79, 78, 59, 52, 40, 26, 25, 0, 1
47, 96, 13, 66, 44, 34, 7, 0, 0, 34, 8, 83, 45, 100, 100, 97, 5
89, 100, 43, 93, 11, 60, 0, 24, 44, 0, 100, 26, 66, 49, 4, 26, 6
3, 74, 21, 100, 26, 66, 10, 32, 0, 0, 34, 0, 67, 6, 100, 6, 2
66, 98, 55, 70, 98, 68, 100, 100, 57, 92, 33, 62, 16, 31, 0, 0, 0
0, 98, 44, 100, 69, 73, 52, 32, 37, 0, 16, 39, 51, 48, 100, 49, 7
56, 97, 20, 100, 49, 79, 64, 97, 95, 61, 100, 18, 53, 0, 0, 10, 9
97, 100, 41, 81, 14, 13, 71, 23, 100, 85, 77, 85, 47, 53, 0, 0, 0
100, 97, 62, 100, 33, 86, 38, 61, 72, 51, 63, 21, 36, 0, 0, 0, 5
100, 100, 48, 97, 12, 68, 0, 33, 21, 0, 76, 0, 63, 27, 2, 27, 6
17, 100, 12, 65, 55, 42, 29, 0, 0, 20, 8, 74, 43, 98, 100, 100, 5
0, 63, 7, 30, 36, 0, 73, 10, 100, 49, 86, 93, 49, 100, 18, 71, 0
95, 88, 23, 100, 57, 62, 100, 24, 42, 0, 0, 31, 44, 69, 87, 97, 8
0, 91, 34, 100, 100, 77, 99, 38, 71, 0, 90, 7, 85, 30, 0, 25, 7
0, 78, 36, 100, 81, 87, 62, 57, 84, 51, 100, 18, 57, 0, 12, 13, 3
43, 100, 28, 75, 0, 45, 26, 26, 95, 32, 100, 60, 75, 32, 59, 0, 4
13, 65, 0, 94, 38, 98, 78, 100, 100, 93, 83, 63, 67, 32, 57, 0, 7
0, 59, 55, 87, 100, 100, 88, 56, 89, 12, 32, 3, 5, 2, 88, 0, 1
2, 64, 31, 33, 47, 3, 0, 0, 3, 39, 8, 74, 54, 89, 100, 100, 5
100, 100, 56, 93, 21, 63, 0, 31, 19, 0, 79, 6, 77, 37, 17, 29, 6
100, 100, 41, 92, 20, 60, 38, 24, 0, 0, 0, 24, 47, 48, 97, 71, 8
0, 69, 44, 88, 59, 100, 54, 67, 53, 34, 44, 1, 14, 3, 100, 0, 1
38, 90, 77, 100, 80, 76, 67, 55, 100, 35, 82, 8, 39, 0, 0, 14, 3
72, 88, 13, 100, 0, 67, 28, 30, 22, 0, 3, 34, 51, 62, 100, 90, 8
35, 80, 50, 100, 63, 72, 59, 54, 100, 41, 89, 13, 46, 0, 0, 0, 3
30, 83, 64, 100, 100, 85, 64, 63, 98, 41, 98, 14, 48, 0, 0, 10, 3
75, 100, 26, 87, 0, 51, 4, 13, 64, 0, 100, 29, 37, 37, 15, 5, 6
35, 77, 53, 100, 66, 74, 42, 45, 8, 19, 0, 15, 51, 11, 100, 0, 2
17, 77, 50, 100, 100, 99, 60, 75, 83, 52, 97, 16, 51, 0, 0, 0, 3
0, 86, 22, 100, 49, 92, 46, 63, 35, 35, 45, 9, 72, 1, 100, 0, 2
65, 100, 46, 91, 2, 58, 0, 31, 66, 31, 100, 60, 49, 39, 20, 0, 4
2, 100, 11, 94, 0, 57, 51, 41, 94, 64, 100, 72, 77, 36, 60, 0, 4
0, 100, 60, 99, 68, 68, 59, 34, 54, 0, 100, 15, 68, 35, 8, 44, 7
46, 62, 85, 96, 15, 100, 12, 60, 44, 19, 0, 0, 28, 37, 100, 55, 8
77, 100, 42, 79, 14, 57, 0, 33, 16, 9, 77, 0, 100, 17, 42, 21, 6
73, 86, 12, 100, 0, 66, 77, 35, 100, 0, 6, 8, 34, 48, 75, 85, 8
100, 96, 42, 100, 8, 76, 0, 43, 55, 42, 92, 20, 62, 0, 6, 8, 5
0, 77, 40, 79, 83, 96, 100, 100, 92, 74, 81, 49, 70, 23, 71, 0, 1
26, 93, 15, 77, 97, 45, 95, 1, 0, 0, 42, 45, 100, 88, 23, 100, 8
80, 89, 52, 97, 46, 49, 59, 0, 0, 6, 51, 44, 100, 84, 49, 100, 8
89, 100, 52, 74, 30, 43, 19, 11, 63, 0, 100, 23, 56, 44, 0, 41, 6
60, 100, 25, 76, 1, 49, 0, 21, 42, 0, 100, 7, 62, 18, 5, 6, 6
19, 91, 0, 60, 10, 17, 55, 0, 94, 26, 100, 70, 67, 100, 23, 81, 0
14, 96, 67, 100, 76, 76, 53, 59, 100, 40, 88, 11, 36, 0, 0, 5, 3
13, 100, 0, 71, 37, 50, 100, 56, 90, 76, 80, 61, 81, 30, 88, 0, 4
0, 88, 47, 100, 100, 94, 97, 62, 75, 31, 52, 0, 38, 22, 58, 43, 7
32, 100, 57, 90, 46, 51, 25, 15, 6, 0, 0, 38, 48, 46, 100, 48, 7
45, 76, 49, 95, 100, 100, 87, 61, 48, 31, 0, 13, 29, 10, 82, 0, 2
0, 98, 20, 99, 64, 100, 100, 88, 92, 64, 67, 43, 41, 22, 22, 0, 7
22, 100, 12, 71, 0, 41, 30, 26, 100, 27, 99, 42, 74, 30, 73, 0, 4
69, 100, 26, 88, 70, 76, 72, 81, 88, 49, 100, 17, 56, 0, 0, 4, 9
36, 72, 47, 100, 78, 76, 55, 38, 17, 8, 0, 5, 50, 13, 100, 0, 2
0, 74, 28, 100, 50, 76, 29, 38, 1, 8, 26, 0, 63, 0, 100, 3, 2
30, 74, 70, 100, 71, 83, 59, 42, 40, 4, 0, 0, 54, 0, 100, 5, 1
30, 74, 60, 100, 77, 74, 54, 43, 19, 16, 0, 12, 52, 9, 100, 0, 2
69, 98, 19, 75, 51, 46, 25, 0, 0, 9, 11, 62, 38, 100, 100, 98, 5
0, 57, 57, 79, 83, 100, 60, 76, 62, 52, 68, 27, 66, 2, 100, 0, 1
0, 49, 30, 69, 69, 88, 100, 100, 80, 76, 62, 51, 45, 25, 32, 0, 1
8, 81, 48, 100, 98, 90, 77, 63, 100, 28, 86, 0, 35, 9, 0, 35, 3
83, 100, 47, 77, 9, 51, 0, 43, 59, 44, 100, 58, 84, 32, 87, 0, 4
100, 88, 67, 100, 31, 80, 61, 55, 100, 34, 95, 5, 45, 3, 0, 0, 5
92, 93, 73, 92, 12, 100, 0, 70, 49, 50, 100, 27, 65, 0, 5, 7, 5
90, 100, 100, 94, 50, 79, 40, 63, 20, 47, 10, 32, 0, 16, 0, 0, 1
0, 77, 44, 85, 100, 100, 88, 84, 71, 63, 60, 41, 58, 20, 77, 0, 1
12, 67, 14, 25, 50, 0, 93, 17, 100, 57, 72, 91, 28, 100, 0, 67, 0
23, 90, 43, 48, 38, 0, 5, 3, 0, 56, 23, 86, 60, 98, 100, 100, 5
13, 93, 56, 60, 100, 25, 35, 0, 8, 29, 60, 63, 81, 100, 0, 98, 8
12, 54, 21, 11, 62, 0, 99, 23, 100, 68, 71, 100, 27, 100, 0, 67, 0
43, 93, 22, 71, 43, 33, 9, 0, 0, 36, 9, 81, 51, 100, 100, 99, 5
0, 76, 23, 100, 62, 85, 41, 52, 59, 47, 100, 24, 71, 0, 28, 16, 3
44, 100, 0, 61, 22, 28, 93, 21, 100, 50, 69, 93, 61, 48, 56, 0, 4
0, 93, 44, 100, 78, 72, 68, 33, 39, 0, 20, 24, 52, 44, 100, 46, 7
21, 100, 0, 68, 18, 44, 70, 45, 100, 54, 69, 70, 68, 34, 65, 0, 4
0, 51, 37, 61, 71, 79, 100, 100, 97, 80, 87, 53, 76, 25, 71, 0, 1
32, 100, 0, 74, 0, 41, 58, 30, 95, 57, 100, 67, 81, 34, 80, 0, 4
17, 91, 50, 100, 76, 77, 63, 59, 100, 38, 84, 10, 35, 0, 0, 12, 3
28, 100, 11, 66, 0, 33, 50, 38, 100, 42, 75, 71, 57, 39, 50, 0, 4
0, 82, 41, 100, 95, 92, 83, 62, 73, 50, 100, 21, 59, 0, 5, 9, 3
2, 100, 0, 55, 15, 16, 53, 0, 89, 18, 100, 59, 74, 91, 36, 79, 0
64, 81, 7, 82, 54, 74, 100, 100, 4, 87, 82, 61, 55, 29, 0, 0, 9
0, 82, 51, 83, 86, 100, 56, 74, 42, 49, 40, 23, 16, 0, 100, 1, 1
39, 61, 95, 79, 65, 100, 0, 90, 13, 67, 80, 57, 100, 30, 85, 0, 9
53, 100, 34, 59, 0, 22, 62, 24, 100, 43, 75, 82, 75, 42, 75, 0, 4
0, 53, 39, 62, 72, 80, 100, 100, 93, 77, 82, 51, 73, 25, 68, 0, 1
5, 64, 28, 100, 63, 83, 43, 43, 8, 12, 0, 0, 50, 2, 100, 4, 2
0, 87, 43, 100, 68, 58, 63, 8, 34, 0, 2, 29, 51, 34, 100, 41, 7
26, 80, 53, 100, 100, 98, 93, 76, 55, 59, 71, 37, 37, 17, 0, 0, 3
21, 89, 0, 68, 50, 37, 49, 0, 7, 15, 3, 68, 39, 99, 100, 100, 5
0, 71, 39, 79, 82, 100, 100, 95, 93, 71, 87, 46, 75, 22, 84, 0, 1
10, 46, 0, 71, 38, 94, 79, 100, 76, 75, 72, 50, 76, 24, 100, 0, 1
35, 90, 75, 100, 88, 74, 58, 54, 100, 41, 88, 14, 44, 4, 0, 0, 3
100, 84, 57, 88, 73, 43, 63, 0, 0, 6, 45, 45, 99, 80, 83, 100, 8
15, 100, 0, 79, 1, 44, 55, 25, 93, 54, 100, 68, 75, 35, 66, 0, 4
0, 100, 19, 90, 8, 60, 1, 29, 53, 24, 95, 43, 96, 30, 100, 0, 4
100, 100, 58, 79, 30, 53, 18, 24, 42, 0, 93, 10, 52, 23, 0, 16, 6
0, 50, 52, 75, 100, 100, 92, 63, 80, 26, 45, 0, 12, 3, 90, 2, 1
0, 45, 36, 69, 68, 93, 88, 100, 84, 75, 84, 50, 84, 24, 100, 0, 1
16, 100, 59, 99, 69, 80, 76, 64, 100, 42, 85, 16, 45, 2, 0, 0, 3
19, 100, 0, 76, 29, 53, 98, 58, 100, 83, 87, 68, 84, 34, 86, 0, 4
46, 90, 41, 60, 99, 87, 54, 100, 89, 98, 100, 58, 67, 20, 0, 0, 9
2, 64, 21, 100, 47, 81, 30, 44, 0, 12, 7, 24, 53, 14, 100, 0, 2
58, 91, 93, 100, 77, 73, 97, 49, 100, 20, 70, 0, 26, 7, 0, 28, 3
64, 94, 50, 74, 90, 36, 55, 0, 0, 15, 48, 51, 100, 86, 24, 100, 8
39, 86, 78, 61, 100, 100, 33, 85, 83, 74, 83, 54, 75, 6, 0, 0, 9
32, 97, 34, 58, 61, 21, 0, 0, 5, 35, 55, 66, 100, 100, 39, 93, 8
71, 73, 92, 100, 18, 81, 25, 45, 45, 9, 0, 0, 18, 33, 100, 52, 8
74, 100, 25, 92, 0, 63, 3, 32, 39, 6, 100, 9, 74, 25, 38, 0, 6
0, 94, 48, 100, 85, 80, 78, 41, 75, 0, 96, 1, 100, 32, 45, 37, 7
38, 97, 21, 61, 38, 16, 4, 0, 0, 45, 11, 88, 55, 100, 100, 99, 5
37, 90, 5, 60, 12, 15, 60, 0, 98, 32, 100, 76, 55, 100, 0, 90, 0
15, 100, 20, 55, 76, 48, 69, 0, 20, 10, 0, 61, 38, 95, 100, 99, 5
0, 40, 30, 55, 56, 77, 82, 100, 100, 91, 89, 60, 76, 30, 74, 0, 1
100, 100, 44, 89, 11, 61, 0, 30, 23, 0, 84, 1, 88, 28, 28, 29, 6
0, 0, 32, 13, 77, 36, 100, 65, 92, 94, 32, 100, 7, 75, 66, 63, 9
100, 100, 55, 87, 23, 65, 0, 39, 0, 10, 44, 0, 85, 14, 59, 28, 6
0, 37, 31, 56, 60, 79, 90, 100, 100, 89, 89, 59, 78, 30, 67, 0, 1
61, 100, 0, 70, 54, 38, 100, 5, 13, 0, 34, 36, 87, 71, 36, 84, 8
61, 56, 45, 100, 0, 69, 58, 38, 100, 0, 38, 3, 46, 54, 79, 99, 8
0, 98, 72, 100, 97, 82, 55, 43, 31, 0, 24, 2, 16, 39, 100, 41, 7
24, 92, 68, 100, 100, 83, 57, 68, 80, 41, 89, 14, 41, 9, 0, 0, 3
32, 100, 7, 55, 32, 98, 37, 58, 54, 10, 0, 0, 36, 2, 100, 8, 1
18, 100, 0, 80, 11, 56, 53, 45, 99, 57, 100, 47, 85, 24, 78, 0, 4
0, 79, 26, 54, 70, 25, 26, 0, 10, 33, 0, 70, 30, 100, 100, 95, 5
0, 41, 30, 60, 43, 85, 67, 100, 74, 75, 76, 49, 78, 24, 100, 0, 1
0, 87, 31, 100, 59, 74, 57, 33, 44, 0, 27, 37, 57, 47, 100, 49, 7
100, 81, 66, 100, 29, 82, 5, 52, 31, 45, 68, 28, 46, 0, 0, 2, 5
24, 84, 47, 100, 44, 67, 26, 39, 0, 16, 28, 4, 64, 0, 100, 0, 2
60, 100, 19, 81, 0, 44, 14, 7, 62, 0, 97, 27, 100, 66, 62, 86, 0
0, 98, 54, 100, 79, 67, 56, 31, 20, 0, 6, 33, 40, 49, 100, 44, 7
54, 87, 72, 100, 100, 100, 69, 100, 42, 84, 44, 45, 28, 10, 0, 0, 5
96, 100, 70, 100, 35, 80, 57, 60, 100, 46, 90, 13, 46, 0, 0, 8, 5
99, 81, 52, 58, 0, 50, 30, 82, 80, 100, 100, 70, 73, 34, 45, 0, 9
31, 100, 17, 75, 0, 44, 2, 15, 60, 20, 100, 43, 80, 31, 80, 0, 4
0, 62, 42, 79, 79, 100, 100, 98, 85, 73, 69, 48, 52, 23, 27, 0, 1
0, 100, 7, 77, 10, 45, 66, 34, 100, 57, 96, 63, 79, 31, 75, 0, 4
0, 41, 23, 65, 63, 87, 100, 100, 90, 75, 73, 51, 67, 25, 67, 0, 1
43, 80, 41, 100, 80, 93, 64, 51, 32, 17, 0, 3, 50, 12, 100, 0, 2
0, 88, 40, 100, 68, 82, 56, 40, 39, 0, 29, 27, 58, 44, 100, 56, 7
0, 83, 32, 100, 67, 93, 52, 59, 26, 29, 18, 5, 60, 0, 100, 3, 2
0, 60, 17, 92, 25, 100, 29, 63, 34, 26, 15, 0, 55, 3, 100, 5, 1
100, 99, 60, 100, 26, 78, 3, 49, 0, 16, 36, 0, 60, 24, 30, 47, 6
19, 97, 0, 69, 72, 60, 85, 20, 19, 0, 11, 47, 26, 96, 100, 100, 5
83, 73, 74, 100, 4, 82, 0, 59, 74, 73, 100, 54, 65, 21, 2, 0, 9
1, 94, 0, 89, 49, 90, 100, 100, 99, 85, 79, 56, 63, 25, 54, 0, 7
15, 88, 22, 69, 86, 46, 68, 0, 0, 6, 4, 62, 25, 94, 100, 100, 5
25, 100, 9, 78, 0, 34, 29, 0, 81, 6, 100, 47, 77, 85, 24, 96, 0
54, 93, 100, 90, 38, 70, 63, 100, 100, 63, 96, 21, 35, 0, 0, 34, 9
14, 95, 50, 100, 54, 69, 39, 39, 11, 12, 0, 1, 50, 10, 100, 0, 2
25, 100, 6, 70, 0, 38, 56, 34, 97, 53, 100, 70, 90, 35, 84, 0, 4
29, 50, 0, 15, 40, 0, 83, 22, 100, 65, 70, 100, 24, 95, 15, 50, 0
36, 100, 60, 100, 57, 68, 33, 41, 0, 20, 12, 8, 56, 6, 100, 0, 2
8, 67, 47, 100, 100, 83, 72, 42, 32, 5, 80, 0, 45, 35, 0, 69, 8
56, 63, 71, 100, 1, 81, 48, 42, 76, 0, 0, 13, 27, 56, 100, 86, 8
0, 95, 43, 100, 89, 91, 59, 68, 82, 45, 100, 22, 55, 7, 1, 0, 3
6, 99, 17, 100, 0, 65, 45, 47, 100, 55, 94, 72, 90, 36, 84, 0, 4
77, 100, 11, 67, 100, 72, 43, 99, 36, 32, 0, 0, 84, 2, 30, 46, 8
22, 99, 0, 50, 25, 3, 76, 0, 100, 47, 83, 100, 34, 99, 10, 52, 0
0, 61, 36, 72, 74, 91, 100, 100, 95, 73, 87, 46, 77, 19, 68, 0, 1
11, 100, 28, 85, 15, 53, 0, 22, 53, 22, 100, 42, 91, 32, 92, 0, 4
0, 100, 11, 93, 7, 62, 32, 44, 68, 52, 100, 58, 86, 29, 71, 0, 4
0, 83, 37, 100, 61, 81, 44, 53, 19, 27, 3, 0, 51, 3, 100, 7, 2
0, 93, 51, 100, 100, 89, 99, 59, 80, 28, 54, 0, 26, 27, 51, 45, 7
2, 73, 10, 98, 73, 100, 60, 73, 70, 44, 100, 15, 47, 2, 0, 0, 3
25, 88, 8, 68, 0, 27, 39, 0, 87, 15, 100, 56, 73, 89, 20, 100, 0
39, 100, 0, 74, 19, 51, 81, 52, 100, 70, 70, 63, 52, 32, 44, 0, 4
31, 71, 57, 88, 100, 100, 71, 80, 46, 60, 20, 41, 3, 20, 0, 0, 1
0, 100, 10, 90, 56, 91, 100, 92, 69, 71, 40, 48, 17, 21, 12, 0, 7
100, 100, 43, 78, 80, 39, 76, 0, 0, 10, 39, 46, 86, 82, 10, 97, 8
66, 48, 100, 82, 52, 100, 39, 64, 79, 29, 43, 0, 0, 26, 59, 56, 8
0, 66, 47, 83, 93, 100, 100, 90, 77, 67, 53, 46, 35, 23, 30, 0, 1
26, 59, 43, 100, 55, 68, 35, 25, 0, 0, 17, 14, 59, 3, 100, 10, 2
2, 61, 5, 79, 0, 33, 38, 0, 91, 20, 100, 65, 63, 100, 17, 74, 0
24, 82, 53, 100, 53, 42, 29, 0, 0, 7, 32, 21, 65, 1, 100, 1, 2
27, 97, 71, 100, 77, 79, 67, 60, 100, 40, 87, 12, 45, 1, 0, 0, 3
48, 100, 37, 83, 13, 54, 0, 25, 54, 23, 100, 46, 78, 26, 76, 0, 4
0, 100, 4, 68, 37, 49, 100, 51, 88, 70, 64, 72, 66, 36, 62, 0, 4
100, 98, 57, 100, 23, 83, 12, 47, 43, 45, 77, 24, 45, 1, 0, 0, 5
0, 78, 23, 100, 62, 79, 68, 40, 59, 0, 31, 18, 49, 39, 100, 44, 7
100, 76, 55, 100, 6, 70, 70, 68, 80, 82, 93, 38, 71, 0, 0, 12, 9
56, 100, 19, 76, 0, 37, 13, 0, 66, 9, 100, 41, 94, 80, 44, 84, 0
23, 90, 0, 47, 16, 0, 74, 12, 100, 57, 76, 100, 20, 79, 2, 33, 0
22, 100, 0, 81, 40, 60, 100, 66, 91, 99, 64, 67, 46, 34, 34, 0, 4
3, 94, 0, 100, 76, 100, 100, 92, 64, 70, 39, 46, 26, 21, 33, 0, 7
0, 93, 49, 100, 100, 95, 99, 60, 79, 25, 58, 0, 44, 36, 90, 40, 7
100, 92, 55, 100, 33, 70, 77, 69, 78, 66, 83, 21, 46, 0, 0, 9, 9
40, 80, 60, 100, 100, 89, 59, 64, 60, 48, 100, 27, 60, 2, 0, 0, 3
0, 93, 64, 100, 100, 82, 78, 51, 52, 20, 27, 0, 1, 29, 63, 32, 7
0, 17, 24, 44, 64, 73, 100, 100, 68, 84, 32, 57, 24, 28, 16, 0, 1
46, 89, 63, 100, 96, 78, 59, 53, 100, 47, 100, 18, 50, 0, 0, 9, 3
90, 76, 42, 69, 40, 100, 81, 90, 93, 54, 100, 16, 55, 0, 0, 10, 9
18, 59, 9, 22, 51, 0, 96, 21, 100, 63, 72, 100, 22, 93, 0, 55, 0
40, 93, 0, 99, 50, 100, 100, 99, 82, 88, 64, 60, 55, 30, 55, 0, 7
42, 100, 19, 75, 1, 49, 0, 23, 54, 17, 100, 32, 84, 27, 86, 0, 4
24, 88, 59, 100, 100, 91, 89, 64, 61, 42, 28, 22, 0, 0, 47, 2, 2
0, 93, 40, 100, 57, 61, 51, 17, 35, 0, 12, 37, 54, 48, 100, 49, 7
53, 100, 30, 95, 0, 60, 100, 55, 92, 87, 77, 79, 79, 37, 79, 0, 4
2, 75, 37, 100, 56, 99, 58, 61, 46, 25, 0, 0, 34, 5, 100, 8, 1
96, 66, 62, 100, 32, 69, 74, 62, 89, 56, 100, 10, 50, 0, 0, 10, 9
22, 72, 55, 100, 54, 89, 53, 50, 55, 12, 0, 1, 49, 0, 100, 4, 1
88, 90, 18, 100, 17, 66, 79, 33, 49, 0, 0, 28, 41, 67, 100, 98, 8
38, 65, 36, 98, 100, 100, 99, 69, 62, 55, 96, 26, 55, 0, 0, 15, 3
12, 91, 48, 100, 66, 77, 77, 63, 100, 42, 75, 15, 34, 0, 0, 15, 3
25, 76, 0, 39, 15, 0, 68, 1, 98, 36, 100, 76, 58, 100, 7, 90, 0
100, 100, 55, 82, 23, 54, 0, 23, 33, 0, 87, 15, 66, 44, 11, 40, 6
0, 98, 39, 100, 71, 80, 72, 39, 69, 0, 48, 29, 60, 50, 100, 55, 7
52, 100, 12, 74, 0, 41, 12, 9, 66, 0, 100, 27, 98, 60, 79, 93, 0
14, 93, 0, 54, 52, 31, 24, 0, 2, 29, 4, 78, 44, 96, 100, 100, 5
0, 93, 41, 100, 62, 75, 44, 39, 26, 3, 5, 0, 29, 19, 100, 28, 7
0, 83, 28, 96, 63, 100, 72, 78, 58, 54, 50, 29, 65, 8, 100, 0, 2
87, 100, 56, 95, 71, 86, 87, 81, 94, 50, 100, 19, 53, 6, 0, 0, 9
57, 87, 41, 78, 74, 38, 84, 0, 0, 7, 37, 48, 100, 81, 90, 100, 8
0, 83, 20, 100, 67, 96, 73, 74, 64, 51, 51, 30, 56, 9, 100, 0, 2
77, 100, 28, 90, 0, 50, 15, 10, 72, 0, 100, 33, 48, 45, 21, 11, 6
19, 90, 2, 64, 15, 24, 62, 0, 100, 30, 97, 71, 55, 100, 0, 92, 0
0, 94, 60, 100, 98, 75, 93, 40, 76, 6, 48, 0, 34, 23, 100, 24, 7
29, 97, 59, 100, 46, 72, 14, 58, 0, 43, 32, 27, 64, 9, 100, 0, 2
96, 100, 51, 76, 17, 50, 0, 20, 41, 0, 100, 16, 73, 39, 4, 33, 6
0, 86, 52, 100, 100, 80, 99, 36, 65, 0, 26, 3, 34, 38, 90, 49, 7
1, 77, 80, 74, 75, 100, 0, 84, 38, 66, 100, 76, 87, 38, 88, 0, 9
65, 100, 33, 80, 12, 57, 0, 35, 6, 12, 52, 0, 100, 13, 58, 19, 6
0, 91, 27, 100, 31, 62, 16, 26, 10, 0, 40, 3, 70, 7, 100, 8, 2
11, 64, 23, 100, 52, 84, 34, 45, 5, 10, 0, 0, 50, 3, 100, 5, 2
0, 75, 15, 100, 47, 99, 42, 69, 31, 39, 30, 9, 63, 0, 100, 1, 2
62, 81, 22, 80, 0, 38, 23, 0, 71, 4, 100, 43, 84, 88, 40, 100, 0
0, 99, 54, 100, 78, 72, 73, 39, 71, 6, 48, 0, 45, 14, 100, 16, 7
2, 76, 35, 100, 76, 86, 57, 52, 18, 26, 0, 14, 51, 11, 100, 0, 2
22, 95, 97, 100, 100, 98, 18, 95, 32, 70, 100, 47, 72, 0, 0, 16, 5
100, 100, 77, 87, 57, 72, 40, 58, 26, 45, 14, 30, 3, 14, 0, 0, 1
28, 86, 38, 57, 91, 37, 57, 1, 0, 0, 8, 62, 42, 98, 100, 100, 5
43, 100, 0, 73, 6, 44, 90, 41, 100, 54, 56, 68, 52, 34, 62, 0, 4
41, 100, 58, 60, 70, 19, 1, 0, 0, 35, 60, 65, 100, 95, 25, 84, 8
24, 61, 45, 100, 90, 99, 68, 54, 29, 17, 0, 14, 51, 0, 100, 5, 2
12, 98, 56, 100, 54, 67, 33, 33, 10, 0, 0, 34, 39, 44, 100, 44, 7
0, 56, 32, 78, 78, 98, 100, 100, 85, 75, 76, 50, 73, 24, 76, 0, 1
0, 95, 27, 100, 57, 71, 45, 31, 33, 0, 3, 36, 36, 51, 100, 53, 7
90, 100, 58, 88, 23, 56, 16, 17, 66, 0, 100, 27, 58, 54, 0, 43, 6
67, 100, 39, 88, 10, 56, 0, 20, 44, 0, 100, 12, 92, 38, 31, 37, 6
100, 100, 61, 90, 13, 72, 0, 54, 52, 38, 93, 43, 52, 23, 24, 0, 4
23, 68, 46, 100, 46, 85, 47, 48, 43, 12, 0, 0, 54, 4, 100, 2, 1
29, 78, 44, 100, 47, 62, 29, 26, 0, 0, 27, 6, 64, 7, 100, 17, 2
0, 75, 47, 100, 100, 94, 94, 58, 60, 27, 7, 4, 30, 5, 98, 0, 2
0, 89, 59, 100, 100, 74, 68, 36, 27, 0, 53, 1, 95, 28, 15, 34, 7
64, 88, 84, 100, 100, 78, 76, 54, 85, 33, 86, 10, 42, 0, 0, 4, 3
98, 100, 50, 83, 14, 53, 0, 20, 46, 0, 100, 16, 70, 43, 18, 38, 6
0, 54, 35, 72, 69, 92, 100, 100, 83, 75, 64, 50, 42, 25, 25, 0, 1
100, 100, 66, 98, 34, 75, 10, 48, 0, 17, 32, 0, 57, 23, 22, 40, 6
18, 67, 0, 42, 23, 2, 68, 0, 100, 32, 93, 77, 54, 100, 21, 76, 0
69, 100, 37, 70, 0, 41, 21, 32, 91, 30, 100, 56, 93, 33, 84, 0, 4
92, 93, 38, 100, 44, 62, 100, 84, 91, 75, 94, 29, 53, 0, 0, 23, 9
0, 29, 21, 0, 63, 25, 100, 59, 100, 100, 52, 86, 13, 55, 2, 12, 0
54, 89, 100, 100, 68, 98, 25, 71, 68, 66, 81, 29, 46, 0, 0, 11, 5
100, 100, 86, 89, 42, 71, 0, 52, 23, 39, 62, 46, 35, 23, 9, 0, 4
3, 51, 38, 84, 99, 100, 100, 63, 57, 33, 0, 10, 12, 0, 82, 1, 2
4, 71, 54, 39, 31, 0, 0, 10, 46, 46, 100, 80, 80, 100, 2, 77, 8
0, 66, 26, 97, 85, 100, 100, 63, 71, 25, 41, 0, 19, 39, 80, 36, 7
71, 100, 12, 76, 0, 47, 100, 47, 97, 83, 74, 93, 68, 44, 65, 0, 4
95, 100, 46, 85, 16, 55, 0, 22, 39, 0, 100, 13, 80, 39, 16, 29, 6
19, 81, 0, 41, 11, 0, 52, 10, 84, 40, 100, 80, 67, 100, 29, 82, 0
100, 77, 77, 100, 29, 86, 0, 57, 3, 24, 39, 0, 56, 21, 11, 39, 6
13, 66, 24, 100, 54, 86, 33, 45, 0, 17, 17, 17, 58, 6, 100, 0, 2
0, 74, 30, 100, 66, 87, 51, 51, 21, 21, 4, 0, 52, 1, 100, 7, 2
13, 77, 44, 100, 51, 68, 40, 36, 15, 7, 0, 1, 50, 3, 100, 0, 2
0, 90, 57, 100, 100, 81, 83, 40, 58, 0, 29, 3, 28, 37, 89, 43, 7
44, 99, 11, 71, 0, 30, 30, 0, 74, 11, 100, 47, 88, 86, 46, 100, 0
64, 100, 53, 87, 20, 59, 0, 28, 24, 0, 85, 0, 100, 26, 41, 33, 6
44, 85, 100, 100, 83, 85, 61, 68, 44, 51, 31, 34, 17, 17, 0, 0, 1
48, 87, 100, 100, 91, 93, 42, 76, 64, 54, 92, 28, 55, 1, 0, 0, 5
0, 100, 56, 100, 70, 68, 51, 34, 32, 0, 6, 14, 30, 34, 100, 40, 7
100, 83, 46, 100, 34, 68, 72, 33, 53, 0, 0, 11, 46, 41, 94, 71, 8
90, 100, 54, 100, 55, 76, 94, 97, 97, 61, 100, 23, 57, 0, 0, 2, 9
100, 100, 52, 85, 20, 55, 2, 22, 37, 0, 80, 24, 46, 47, 0, 26, 6
46, 100, 24, 84, 0, 56, 13, 34, 67, 29, 93, 53, 91, 31, 100, 0, 4
0, 75, 31, 99, 81, 100, 100, 69, 90, 34, 76, 0, 53, 8, 88, 23, 7
13, 85, 52, 100, 63, 74, 57, 55, 100, 49, 81, 18, 40, 0, 0, 7, 3
50, 100, 15, 82, 0, 51, 72, 45, 100, 61, 64, 73, 49, 36, 43, 0, 4
100, 82, 56, 100, 51, 60, 69, 18, 22, 0, 0, 28, 48, 53, 96, 73, 8
0, 60, 40, 87, 57, 100, 52, 66, 55, 32, 43, 2, 24, 0, 100, 5, 1
0, 86, 34, 100, 62, 83, 38, 53, 10, 27, 7, 0, 54, 2, 100, 5, 2
45, 72, 73, 100, 85, 83, 51, 58, 10, 36, 0, 18, 48, 6, 100, 0, 2
71, 92, 70, 100, 93, 86, 70, 60, 100, 38, 87, 12, 41, 0, 0, 5, 3
0, 67, 38, 82, 88, 100, 100, 82, 85, 61, 65, 40, 46, 20, 23, 0, 1
14, 85, 0, 48, 25, 10, 73, 0, 100, 35, 85, 76, 43, 100, 0, 84, 0
34, 75, 0, 44, 0, 3, 47, 0, 86, 29, 100, 67, 74, 100, 24, 91, 0
44, 100, 22, 68, 0, 38, 54, 40, 100, 48, 95, 65, 93, 32, 100, 0, 4
34, 100, 0, 78, 13, 56, 68, 53, 100, 71, 75, 48, 49, 24, 30, 0, 4
1, 82, 32, 100, 48, 71, 38, 41, 12, 13, 0, 6, 49, 0, 100, 1, 2
19, 65, 24, 100, 46, 81, 27, 45, 0, 12, 10, 1, 56, 0, 100, 4, 2
98, 80, 34, 100, 8, 73, 73, 44, 100, 10, 8, 0, 0, 27, 70, 55, 8
31, 87, 77, 100, 81, 69, 53, 45, 100, 39, 92, 9, 33, 0, 0, 25, 3
100, 100, 45, 83, 14, 61, 0, 38, 3, 14, 66, 0, 97, 15, 21, 7, 6
90, 100, 44, 77, 13, 49, 0, 21, 38, 0, 100, 13, 90, 37, 18, 39, 6
100, 100, 74, 78, 40, 50, 0, 28, 54, 26, 93, 39, 88, 28, 94, 0, 4
65, 100, 7, 99, 0, 69, 62, 73, 77, 72, 100, 35, 63, 8, 2, 0, 9
38, 100, 34, 73, 100, 61, 88, 17, 25, 0, 0, 35, 4, 82, 70, 97, 5
22, 68, 98, 38, 91, 0, 0, 2, 36, 41, 100, 76, 98, 100, 24, 73, 8
86, 88, 46, 100, 50, 80, 99, 94, 100, 62, 96, 26, 56, 2, 0, 0, 9
0, 63, 44, 80, 87, 100, 100, 98, 77, 74, 54, 49, 30, 25, 15, 0, 1
81, 100, 50, 80, 23, 60, 4, 40, 0, 19, 31, 0, 100, 13, 42, 23, 6
100, 88, 12, 95, 25, 62, 81, 29, 25, 0, 0, 30, 42, 65, 94, 100, 8
11, 82, 0, 40, 15, 0, 71, 11, 100, 47, 96, 88, 42, 100, 7, 67, 0
0, 87, 39, 100, 73, 74, 69, 31, 51, 0, 12, 28, 50, 47, 100, 54, 7
29, 87, 92, 100, 94, 98, 34, 81, 36, 45, 100, 37, 64, 7, 0, 0, 5
74, 92, 30, 100, 0, 65, 2, 25, 44, 0, 94, 20, 100, 60, 79, 98, 0
55, 100, 0, 89, 28, 57, 69, 28, 35, 0, 24, 26, 59, 59, 100, 89, 8
11, 90, 1, 57, 0, 19, 41, 0, 84, 27, 100, 64, 87, 100, 35, 97, 0
54, 73, 94, 82, 73, 100, 73, 79, 100, 53, 81, 19, 42, 2, 0, 0, 9
50, 100, 0, 89, 16, 62, 66, 73, 82, 60, 100, 23, 56, 2, 2, 0, 9
18, 80, 62, 65, 61, 100, 36, 92, 84, 69, 100, 28, 53, 7, 0, 0, 9
0, 90, 41, 96, 99, 100, 67, 57, 54, 0, 32, 5, 42, 25, 100, 31, 7
86, 86, 69, 100, 27, 69, 82, 33, 46, 0, 0, 31, 66, 65, 100, 94, 8
31, 76, 52, 64, 76, 26, 13, 0, 0, 35, 53, 69, 100, 100, 16, 88, 8
90, 78, 57, 100, 0, 72, 65, 37, 73, 0, 3, 23, 43, 64, 100, 84, 8
10, 86, 51, 100, 83, 81, 59, 51, 91, 41, 100, 11, 51, 0, 0, 7, 3
0, 71, 41, 83, 100, 100, 94, 82, 75, 61, 62, 41, 53, 20, 44, 0, 1
58, 100, 23, 77, 0, 47, 52, 34, 100, 50, 97, 62, 76, 31, 70, 0, 4
0, 96, 59, 100, 100, 89, 74, 54, 47, 19, 28, 0, 35, 39, 92, 48, 7
25, 68, 51, 100, 52, 78, 54, 42, 54, 5, 0, 0, 43, 1, 100, 1, 1
13, 78, 41, 100, 77, 83, 35, 56, 79, 50, 100, 19, 52, 0, 0, 11, 3
100, 100, 89, 91, 68, 76, 53, 61, 32, 46, 21, 30, 11, 15, 0, 0, 1
58, 100, 11, 60, 0, 10, 62, 0, 100, 44, 96, 94, 33, 97, 10, 49, 0
83, 100, 0, 91, 54, 66, 100, 34, 68, 0, 5, 11, 11, 48, 38, 85, 8
100, 93, 76, 100, 41, 98, 39, 77, 67, 61, 56, 35, 29, 16, 0, 0, 5
56, 100, 38, 81, 0, 53, 19, 33, 81, 30, 100, 57, 85, 26, 96, 0, 4
100, 88, 57, 100, 19, 79, 0, 44, 16, 9, 62, 0, 59, 29, 15, 33, 6
3, 96, 0, 45, 16, 0, 67, 8, 100, 46, 98, 93, 48, 100, 14, 67, 0
35, 75, 58, 100, 82, 83, 64, 51, 100, 37, 74, 8, 33, 0, 0, 11, 3
42, 87, 100, 100, 54, 83, 12, 53, 53, 62, 87, 41, 56, 6, 0, 0, 5
100, 90, 97, 100, 68, 74, 45, 47, 35, 20, 77, 1, 61, 18, 0, 0, 6
100, 100, 4, 85, 92, 59, 99, 21, 11, 0, 0, 32, 73, 62, 49, 86, 8
0, 100, 2, 74, 11, 43, 72, 39, 99, 58, 100, 67, 88, 34, 84, 0, 4
100, 100, 96, 99, 84, 82, 69, 65, 51, 49, 35, 32, 18, 15, 0, 0, 1
66, 100, 18, 75, 36, 35, 27, 0, 0, 28, 48, 60, 100, 91, 39, 98, 8
100, 95, 75, 100, 52, 80, 54, 47, 83, 33, 63, 9, 32, 0, 0, 0, 5
40, 94, 0, 51, 6, 0, 71, 5, 100, 52, 77, 100, 18, 82, 6, 32, 0
99, 88, 48, 100, 32, 70, 85, 86, 88, 68, 100, 27, 60, 0, 0, 4, 9
0, 99, 58, 100, 66, 68, 49, 34, 31, 0, 14, 18, 39, 36, 100, 41, 7
100, 97, 47, 100, 35, 69, 67, 37, 57, 4, 0, 0, 22, 30, 66, 56, 8
0, 88, 27, 100, 49, 74, 39, 41, 16, 16, 36, 4, 68, 0, 100, 0, 2
4, 77, 54, 100, 53, 97, 53, 56, 52, 15, 0, 0, 51, 4, 100, 9, 1
100, 100, 55, 78, 26, 52, 9, 25, 25, 0, 86, 15, 64, 35, 0, 21, 6
18, 72, 68, 49, 65, 13, 0, 0, 21, 35, 63, 67, 100, 100, 37, 84, 8
94, 100, 73, 92, 59, 66, 99, 93, 100, 82, 89, 44, 50, 16, 0, 0, 9
0, 95, 44, 100, 66, 70, 48, 35, 24, 0, 2, 22, 42, 35, 100, 38, 7
38, 92, 100, 100, 52, 94, 15, 58, 69, 72, 94, 35, 58, 0, 0, 2, 5
0, 94, 6, 100, 44, 100, 39, 63, 19, 29, 24, 0, 63, 5, 100, 17, 2
21, 74, 43, 100, 52, 64, 32, 28, 0, 6, 22, 3, 61, 0, 100, 1, 2
77, 100, 30, 79, 0, 40, 11, 0, 64, 8, 100, 42, 98, 85, 46, 95, 0
0, 77, 33, 100, 55, 77, 38, 42, 11, 12, 2, 0, 51, 8, 100, 8, 2
0, 68, 54, 81, 92, 100, 100, 85, 95, 63, 90, 42, 87, 21, 85, 0, 1
30, 85, 0, 47, 9, 5, 66, 0, 100, 36, 100, 79, 56, 100, 39, 60, 0
39, 51, 76, 82, 100, 100, 71, 65, 44, 31, 0, 1, 29, 0, 97, 2, 1
31, 49, 91, 77, 59, 100, 0, 73, 25, 41, 100, 57, 71, 36, 37, 0, 9
32, 100, 0, 77, 11, 54, 100, 59, 46, 86, 41, 79, 45, 33, 41, 0, 4
20, 93, 1, 47, 9, 0, 63, 0, 100, 38, 100, 84, 45, 100, 0, 70, 0
0, 64, 25, 90, 77, 100, 76, 69, 51, 39, 18, 12, 43, 0, 100, 4, 2
100, 66, 68, 45, 49, 71, 80, 100, 95, 67, 78, 30, 45, 0, 0, 3, 9
0, 59, 39, 78, 75, 100, 100, 98, 83, 74, 69, 49, 56, 25, 61, 0, 1
46, 45, 0, 58, 20, 83, 69, 100, 100, 81, 91, 53, 69, 27, 48, 0, 9
43, 93, 23, 65, 55, 27, 21, 0, 0, 33, 48, 64, 100, 93, 45, 100, 8
30, 100, 0, 65, 0, 20, 41, 0, 85, 12, 100, 54, 77, 93, 33, 99, 0
100, 100, 55, 95, 23, 68, 2, 37, 0, 5, 47, 0, 53, 28, 6, 14, 6
64, 86, 100, 100, 47, 100, 71, 71, 96, 66, 96, 19, 45, 0, 0, 19, 9
29, 100, 30, 64, 62, 30, 20, 0, 1, 31, 0, 77, 41, 93, 100, 95, 5
0, 53, 29, 81, 49, 100, 44, 66, 40, 31, 25, 0, 54, 5, 100, 6, 1
100, 100, 71, 96, 38, 74, 11, 50, 0, 21, 27, 0, 63, 16, 39, 39, 6
28, 100, 5, 77, 0, 53, 39, 40, 87, 44, 100, 46, 80, 23, 63, 0, 4
91, 100, 28, 93, 0, 62, 0, 27, 39, 0, 89, 18, 100, 53, 91, 89, 0
23, 80, 60, 100, 100, 88, 81, 61, 43, 40, 0, 23, 11, 5, 64, 0, 2
29, 100, 5, 74, 0, 46, 48, 39, 100, 46, 74, 57, 69, 28, 70, 0, 4
100, 100, 60, 100, 36, 91, 34, 62, 68, 56, 70, 33, 38, 14, 0, 0, 5
45, 96, 23, 78, 0, 35, 29, 0, 83, 21, 100, 65, 63, 100, 3, 91, 0
54, 92, 0, 100, 16, 65, 66, 35, 72, 0, 22, 15, 56, 51, 100, 84, 8
75, 94, 95, 90, 62, 100, 84, 86, 100, 52, 91, 16, 44, 0, 0, 18, 9
12, 67, 34, 92, 100, 100, 77, 71, 77, 51, 89, 22, 40, 0, 0, 17, 3
82, 100, 37, 86, 66, 70, 87, 86, 100, 52, 92, 18, 49, 1, 0, 0, 9
50, 100, 27, 82, 0, 58, 38, 42, 100, 55, 86, 48, 55, 24, 34, 0, 4
0, 70, 22, 99, 50, 100, 45, 59, 28, 22, 39, 0, 69, 4, 100, 8, 2
100, 100, 52, 82, 15, 54, 0, 21, 44, 0, 96, 17, 66, 43, 7, 30, 6
20, 88, 29, 53, 73, 35, 42, 0, 0, 3, 20, 59, 53, 98, 100, 100, 5
100, 100, 68, 92, 35, 67, 7, 35, 0, 0, 43, 2, 50, 26, 9, 11, 6
0, 100, 40, 68, 79, 35, 72, 0, 49, 23, 74, 59, 100, 94, 43, 86, 8
12, 91, 0, 50, 65, 45, 67, 0, 13, 9, 4, 65, 31, 100, 100, 99, 5
38, 78, 73, 100, 92, 70, 58, 48, 100, 39, 85, 6, 33, 0, 0, 28, 3
18, 75, 0, 74, 35, 97, 100, 100, 88, 79, 72, 49, 52, 18, 40, 0, 7
71, 100, 37, 74, 0, 45, 17, 29, 95, 29, 100, 50, 91, 33, 89, 0, 4
0, 81, 39, 100, 88, 90, 61, 59, 85, 47, 100, 14, 53, 0, 8, 5, 3
62, 100, 12, 72, 0, 43, 100, 45, 89, 69, 53, 88, 54, 43, 52, 0, 4
0, 74, 51, 63, 100, 96, 34, 100, 15, 69, 88, 83, 82, 45, 65, 0, 9
48, 94, 40, 69, 79, 37, 53, 0, 3, 19, 0, 64, 34, 95, 100, 100, 5
100, 100, 57, 84, 22, 59, 3, 28, 24, 0, 72, 11, 54, 36, 0, 28, 6
25, 92, 13, 64, 52, 30, 8, 0, 0, 34, 46, 68, 100, 100, 10, 89, 8
0, 64, 12, 98, 47, 100, 30, 63, 5, 29, 15, 3, 56, 0, 100, 1, 2
24, 91, 7, 61, 54, 36, 37, 0, 6, 23, 0, 76, 39, 100, 100, 95, 5
35, 57, 0, 47, 1, 0, 48, 5, 86, 36, 100, 83, 58, 100, 12, 86, 0
0, 91, 53, 100, 93, 87, 60, 47, 36, 4, 26, 0, 37, 35, 100, 40, 7
79, 100, 47, 89, 0, 70, 24, 56, 87, 45, 100, 43, 60, 22, 28, 0, 4
100, 100, 51, 96, 10, 82, 7, 63, 57, 61, 71, 35, 44, 9, 0, 0, 5
23, 88, 0, 47, 20, 7, 66, 0, 100, 29, 91, 76, 52, 100, 12, 78, 0
26, 89, 7, 73, 0, 30, 45, 0, 97, 21, 100, 65, 64, 100, 9, 88, 0
100, 100, 50, 90, 20, 61, 0, 29, 18, 0, 76, 6, 62, 31, 5, 33, 6
11, 91, 56, 100, 100, 92, 73, 73, 51, 52, 55, 28, 47, 6, 0, 0, 3
52, 100, 20, 70, 0, 29, 34, 0, 82, 18, 100, 60, 69, 94, 16, 86, 0
0, 79, 31, 100, 79, 95, 51, 66, 82, 50, 100, 21, 58, 0, 12, 12, 3
0, 100, 41, 98, 56, 69, 50, 34, 43, 0, 28, 26, 57, 44, 100, 48, 7
41, 100, 2, 77, 0, 46, 74, 42, 100, 65, 88, 62, 80, 31, 79, 0, 4
16, 100, 12, 92, 0, 69, 38, 52, 100, 57, 96, 46, 82, 24, 75, 0, 4
0, 80, 37, 100, 82, 95, 68, 63, 79, 47, 100, 17, 67, 0, 22, 9, 3
100, 100, 57, 91, 28, 63, 6, 33, 9, 1, 62, 0, 59, 22, 0, 12, 6
85, 100, 44, 87, 11, 54, 0, 16, 50, 0, 100, 20, 68, 46, 8, 41, 6
100, 85, 32, 100, 0, 67, 56, 34, 68, 0, 23, 24, 71, 59, 61, 84, 8
77, 100, 65, 90, 24, 61, 0, 28, 33, 0, 100, 8, 69, 32, 2, 27, 6
0, 75, 24, 100, 50, 84, 41, 44, 19, 14, 35, 0, 67, 0, 100, 0, 2
1, 84, 49, 100, 89, 80, 58, 51, 97, 49, 100, 19, 49, 0, 0, 4, 3
90, 100, 46, 78, 20, 50, 17, 19, 59, 0, 100, 17, 48, 27, 0, 16, 6
21, 89, 36, 100, 24, 61, 0, 31, 1, 21, 32, 2, 67, 0, 100, 17, 2
92, 100, 19, 98, 45, 60, 98, 90, 100, 74, 100, 26, 42, 0, 0, 31, 9
3, 74, 31, 100, 45, 72, 28, 36, 0, 6, 9, 2, 57, 0, 100, 13, 2
7, 61, 49, 36, 46, 0, 0, 6, 30, 40, 77, 71, 100, 100, 31, 83, 8
89, 100, 80, 97, 44, 61, 44, 20, 99, 0, 100, 31, 40, 46, 0, 29, 6
0, 94, 43, 100, 62, 92, 49, 47, 48, 0, 25, 17, 53, 33, 100, 38, 7
100, 94, 80, 100, 47, 94, 37, 66, 60, 56, 66, 36, 34, 16, 0, 0, 5
100, 95, 70, 100, 38, 84, 35, 56, 74, 47, 78, 17, 40, 2, 0, 0, 5
0, 25, 35, 48, 64, 75, 97, 100, 100, 88, 81, 59, 61, 29, 43, 0, 1
100, 100, 56, 95, 21, 82, 12, 56, 59, 69, 74, 33, 45, 0, 0, 8, 5
1, 61, 0, 92, 47, 100, 62, 70, 42, 39, 16, 9, 49, 0, 100, 7, 2
42, 78, 2, 60, 0, 9, 48, 0, 91, 29, 100, 78, 55, 100, 16, 71, 0
100, 100, 52, 83, 8, 54, 0, 14, 57, 0, 100, 27, 58, 50, 8, 43, 6
0, 66, 19, 75, 62, 99, 100, 100, 88, 75, 69, 50, 58, 25, 58, 0, 1
22, 98, 0, 60, 17, 19, 62, 0, 100, 25, 96, 68, 62, 100, 21, 86, 0
29, 95, 0, 63, 4, 19, 52, 0, 96, 23, 100, 68, 66, 100, 16, 87, 0
53, 100, 37, 93, 10, 58, 0, 20, 45, 0, 100, 18, 62, 40, 0, 38, 6
47, 100, 14, 69, 0, 31, 27, 0, 77, 13, 100, 48, 86, 86, 38, 98, 0
54, 92, 13, 72, 0, 31, 31, 0, 79, 17, 100, 55, 85, 95, 37, 100, 0
15, 89, 13, 49, 67, 38, 39, 0, 8, 29, 0, 74, 35, 96, 100, 100, 5
31, 100, 0, 85, 0, 52, 31, 29, 100, 35, 74, 65, 60, 33, 52, 0, 4
24, 85, 69, 100, 70, 68, 43, 35, 7, 9, 0, 0, 50, 7, 100, 1, 2
42, 100, 8, 74, 0, 28, 31, 0, 74, 8, 100, 45, 89, 88, 49, 95, 0
21, 64, 50, 100, 52, 98, 52, 57, 52, 17, 0, 0, 31, 2, 100, 0, 1
27, 95, 0, 62, 9, 20, 57, 0, 100, 27, 98, 70, 61, 100, 8, 85, 0
84, 100, 41, 80, 20, 50, 15, 19, 55, 0, 100, 20, 48, 31, 0, 15, 6
55, 100, 30, 74, 0, 45, 37, 38, 85, 55, 100, 62, 81, 30, 64, 0, 4
6, 100, 54, 99, 66, 59, 48, 18, 25, 0, 0, 38, 49, 43, 100, 42, 7
23, 79, 0, 46, 6, 5, 53, 0, 89, 29, 100, 71, 67, 100, 25, 83, 0
2, 90, 41, 100, 78, 71, 61, 28, 27, 0, 0, 36, 50, 35, 100, 42, 7
0, 83, 29, 100, 63, 95, 46, 62, 25, 31, 25, 0, 63, 4, 100, 14, 2
100, 100, 54, 83, 22, 57, 5, 26, 28, 0, 77, 11, 52, 31, 0, 22, 6
90, 69, 63, 100, 21, 75, 60, 67, 91, 59, 100, 17, 54, 0, 0, 6, 9
51, 96, 20, 54, 78, 53, 65, 12, 0, 0, 11, 43, 40, 90, 100, 100, 5
52, 89, 75, 100, 88, 73, 68, 45, 100, 30, 86, 7, 38, 0, 0, 12, 3
40, 63, 4, 75, 0, 97, 43, 100, 84, 89, 100, 61, 91, 29, 75, 0, 9
0, 72, 19, 100, 43, 87, 39, 51, 22, 18, 33, 0, 66, 5, 100, 11, 2
100, 100, 88, 93, 45, 71, 0, 48, 78, 45, 75, 48, 45, 24, 32, 0, 4
0, 66, 27, 100, 100, 92, 99, 51, 55, 15, 13, 0, 20, 35, 98, 30, 7
100, 100, 56, 92, 22, 69, 0, 42, 3, 13, 47, 0, 73, 23, 33, 42, 6
0, 76, 31, 100, 67, 82, 47, 44, 13, 13, 5, 1, 52, 4, 100, 0, 2
0, 83, 25, 100, 82, 79, 79, 40, 56, 0, 10, 12, 31, 36, 100, 35, 7
1, 100, 0, 58, 70, 42, 59, 0, 10, 10, 0, 64, 27, 94, 100, 94, 5
60, 100, 31, 85, 0, 63, 14, 52, 69, 46, 100, 46, 78, 23, 60, 0, 4
88, 93, 2, 100, 22, 66, 100, 37, 75, 0, 0, 11, 28, 52, 88, 86, 8
5, 89, 18, 57, 56, 28, 24, 0, 13, 36, 0, 72, 34, 97, 100, 100, 5
15, 100, 10, 62, 39, 34, 22, 0, 0, 16, 7, 53, 50, 69, 100, 74, 5
100, 100, 67, 77, 44, 53, 31, 26, 38, 0, 88, 4, 44, 15, 0, 4, 6
100, 100, 95, 94, 79, 78, 62, 62, 48, 46, 29, 31, 14, 16, 0, 0, 1
18, 93, 0, 67, 8, 24, 54, 0, 100, 25, 98, 69, 59, 100, 5, 86, 0
29, 100, 5, 66, 0, 26, 35, 0, 81, 18, 100, 56, 83, 93, 33, 96, 0
26, 100, 2, 69, 0, 37, 52, 29, 100, 34, 65, 60, 50, 34, 48, 0, 4
47, 63, 1, 67, 0, 88, 45, 100, 90, 90, 100, 59, 81, 28, 55, 0, 9
10, 67, 30, 37, 16, 3, 0, 0, 12, 36, 22, 73, 55, 94, 100, 100, 5
100, 100, 73, 86, 58, 72, 42, 58, 23, 43, 12, 29, 4, 14, 0, 0, 1
75, 72, 23, 100, 40, 65, 98, 32, 67, 0, 0, 17, 48, 52, 100, 83, 8
67, 94, 17, 100, 43, 67, 98, 94, 93, 81, 100, 39, 74, 0, 0, 6, 9
34, 71, 63, 100, 100, 80, 57, 53, 91, 36, 91, 5, 33, 0, 0, 15, 3
46, 85, 100, 100, 97, 85, 73, 68, 51, 51, 35, 33, 16, 16, 0, 0, 1
0, 89, 42, 100, 100, 93, 92, 72, 85, 52, 90, 31, 69, 12, 17, 0, 3
44, 84, 33, 59, 88, 39, 56, 0, 6, 12, 0, 65, 40, 97, 100, 100, 5
52, 97, 82, 100, 76, 70, 60, 48, 100, 34, 84, 8, 41, 0, 0, 10, 3
72, 57, 100, 85, 41, 100, 11, 68, 78, 69, 85, 52, 69, 15, 0, 0, 9
40, 100, 7, 73, 0, 34, 23, 0, 74, 6, 100, 40, 89, 77, 46, 95, 0
42, 90, 78, 100, 100, 84, 72, 63, 90, 39, 83, 15, 42, 0, 0, 12, 3
49, 61, 95, 87, 52, 100, 41, 69, 100, 83, 78, 53, 54, 18, 0, 0, 9
1, 69, 26, 100, 59, 85, 37, 46, 2, 14, 0, 16, 55, 0, 100, 17, 2
100, 100, 39, 84, 0, 63, 37, 46, 90, 62, 68, 45, 46, 23, 41, 0, 4
40, 99, 0, 99, 23, 73, 53, 100, 77, 68, 100, 30, 59, 5, 3, 0, 9
100, 80, 66, 100, 34, 71, 29, 35, 15, 0, 0, 19, 41, 45, 97, 58, 8
47, 81, 68, 100, 100, 93, 81, 69, 93, 42, 78, 18, 41, 6, 0, 0, 3
0, 77, 26, 100, 51, 85, 36, 49, 13, 19, 26, 0, 63, 2, 100, 7, 2
82, 88, 45, 100, 51, 65, 100, 80, 90, 76, 98, 30, 56, 3, 0, 0, 9
30, 91, 1, 68, 54, 50, 44, 0, 0, 9, 11, 64, 41, 100, 100, 99, 5
0, 88, 37, 100, 59, 63, 57, 17, 44, 0, 17, 37, 55, 49, 100, 50, 7
71, 93, 85, 82, 65, 100, 79, 77, 100, 48, 79, 18, 40, 4, 0, 0, 9
0, 91, 53, 100, 71, 89, 53, 45, 49, 0, 18, 20, 37, 37, 100, 37, 7
23, 79, 57, 100, 78, 79, 51, 50, 10, 31, 0, 17, 49, 7, 100, 0, 2
19, 100, 8, 57, 21, 18, 66, 0, 100, 29, 79, 66, 30, 78, 0, 47, 0
100, 71, 54, 62, 46, 90, 85, 100, 89, 63, 74, 27, 42, 0, 0, 11, 9
0, 96, 66, 100, 78, 85, 63, 42, 62, 0, 31, 19, 34, 42, 100, 44, 7
89, 73, 78, 100, 25, 72, 71, 36, 69, 0, 0, 19, 54, 53, 100, 86, 8
22, 71, 0, 35, 28, 0, 72, 8, 100, 45, 96, 90, 54, 100, 16, 75, 0
100, 100, 44, 94, 8, 59, 0, 17, 51, 0, 92, 27, 48, 50, 7, 21, 6
96, 77, 68, 100, 33, 73, 79, 67, 100, 73, 94, 25, 51, 1, 0, 0, 9
17, 84, 18, 59, 48, 36, 17, 0, 0, 38, 6, 87, 52, 93, 100, 100, 5
83, 100, 47, 91, 70, 81, 100, 86, 94, 55, 91, 23, 55, 3, 0, 0, 9
80, 100, 35, 84, 10, 53, 0, 20, 41, 0, 100, 14, 91, 40, 28, 33, 6
26, 100, 69, 97, 75, 64, 52, 31, 23, 0, 0, 19, 42, 32, 100, 35, 7
0, 89, 25, 100, 77, 80, 81, 40, 71, 0, 33, 15, 36, 41, 100, 50, 7
47, 99, 11, 74, 0, 31, 30, 0, 75, 6, 100, 42, 89, 85, 49, 100, 0
95, 100, 52, 79, 20, 57, 0, 34, 5, 9, 62, 0, 100, 18, 40, 27, 6
33, 87, 68, 100, 87, 79, 71, 53, 100, 31, 86, 7, 43, 0, 0, 1, 3
36, 100, 0, 73, 1, 28, 41, 0, 89, 17, 100, 61, 74, 98, 21, 94, 0
37, 100, 10, 92, 0, 56, 79, 50, 100, 71, 74, 86, 56, 42, 47, 0, 4
71, 85, 40, 100, 43, 59, 46, 18, 4, 0, 0, 33, 56, 48, 100, 69, 8
100, 100, 47, 96, 15, 64, 0, 29, 32, 0, 85, 16, 57, 46, 9, 30, 6
86, 100, 39, 79, 11, 52, 0, 23, 35, 0, 100, 9, 92, 33, 22, 34, 6
100, 100, 66, 85, 37, 69, 14, 51, 0, 32, 0, 12, 31, 0, 34, 11, 6
0, 66, 23, 73, 63, 90, 100, 100, 81, 75, 63, 50, 44, 25, 31, 0, 1
35, 76, 55, 100, 72, 70, 43, 33, 0, 9, 15, 13, 64, 0, 100, 13, 2
7, 72, 0, 57, 52, 77, 100, 100, 93, 84, 67, 56, 41, 28, 22, 0, 1
100, 100, 53, 88, 20, 61, 0, 31, 16, 1, 67, 0, 56, 27, 3, 32, 6
43, 100, 17, 84, 0, 62, 29, 43, 84, 47, 100, 43, 71, 22, 49, 0, 4
22, 100, 65, 96, 82, 55, 65, 14, 38, 0, 0, 29, 48, 33, 100, 33, 7
30, 84, 61, 100, 85, 79, 67, 54, 95, 39, 100, 14, 54, 0, 0, 10, 3
0, 85, 39, 100, 83, 99, 87, 71, 60, 44, 32, 17, 55, 0, 100, 1, 2
0, 64, 24, 98, 68, 100, 57, 58, 24, 25, 7, 6, 54, 7, 100, 0, 2
31, 68, 46, 100, 81, 88, 63, 49, 29, 16, 0, 5, 50, 0, 100, 12, 2
49, 89, 71, 59, 98, 23, 38, 0, 18, 33, 60, 67, 100, 100, 0, 94, 8
25, 74, 36, 100, 61, 78, 39, 37, 5, 4, 0, 2, 50, 0, 100, 1, 2
91, 94, 13, 83, 67, 52, 100, 18, 16, 0, 0, 33, 36, 68, 48, 100, 8
100, 73, 77, 100, 31, 80, 31, 40, 29, 0, 0, 14, 35, 46, 90, 62, 8
100, 100, 74, 97, 61, 81, 47, 65, 34, 49, 21, 33, 5, 16, 0, 0, 1
100, 100, 71, 80, 42, 59, 18, 38, 0, 14, 23, 0, 52, 19, 22, 32, 6
100, 85, 57, 100, 23, 65, 82, 63, 97, 78, 96, 37, 64, 0, 0, 7, 9
0, 100, 59, 100, 81, 88, 60, 45, 52, 0, 31, 7, 24, 32, 100, 33, 7
1, 63, 14, 100, 56, 87, 38, 42, 0, 9, 2, 2, 51, 5, 100, 0, 2
95, 100, 54, 94, 67, 54, 61, 14, 15, 0, 0, 38, 46, 58, 100, 72, 8
16, 75, 41, 100, 52, 64, 32, 27, 0, 0, 21, 9, 62, 2, 100, 14, 2
67, 100, 30, 90, 0, 57, 41, 40, 100, 53, 98, 67, 66, 34, 40, 0, 4
29, 47, 59, 71, 100, 100, 90, 81, 74, 50, 66, 18, 0, 0, 99, 7, 1
100, 100, 59, 78, 25, 52, 0, 24, 16, 0, 79, 8, 70, 29, 7, 27, 6
44, 60, 0, 77, 47, 99, 100, 100, 84, 75, 75, 50, 75, 24, 100, 0, 1
0, 82, 26, 100, 51, 80, 43, 50, 24, 22, 12, 2, 57, 1, 100, 0, 2
15, 72, 47, 100, 88, 89, 52, 60, 75, 35, 100, 7, 50, 0, 0, 11, 3
33, 76, 48, 100, 100, 97, 74, 50, 44, 4, 77, 0, 39, 40, 0, 79, 8
17, 100, 3, 75, 0, 43, 60, 46, 100, 62, 94, 69, 92, 34, 92, 0, 4
0, 92, 68, 100, 89, 81, 74, 40, 61, 0, 35, 13, 20, 42, 100, 50, 7
81, 100, 50, 79, 23, 52, 17, 22, 70, 15, 100, 31, 44, 19, 0, 0, 6
59, 90, 16, 88, 0, 41, 25, 0, 77, 10, 100, 55, 82, 100, 35, 94, 0
100, 80, 54, 100, 42, 64, 92, 80, 96, 76, 94, 35, 62, 0, 0, 8, 9
0, 59, 46, 70, 86, 91, 100, 100, 95, 75, 92, 50, 89, 25, 95, 0, 1
94, 79, 69, 100, 48, 71, 85, 70, 100, 54, 85, 18, 44, 0, 0, 9, 9
97, 100, 51, 100, 14, 68, 0, 32, 28, 0, 100, 13, 73, 32, 10, 10, 6
0, 77, 36, 100, 94, 98, 100, 69, 58, 44, 14, 21, 29, 2, 90, 0, 2
56, 100, 100, 98, 27, 97, 24, 66, 78, 48, 95, 11, 32, 0, 0, 26, 5
11, 100, 0, 68, 22, 14, 66, 0, 100, 35, 78, 88, 34, 100, 13, 51, 0
12, 78, 7, 36, 33, 2, 83, 0, 100, 38, 85, 78, 43, 100, 0, 80, 0
0, 64, 42, 81, 81, 100, 100, 95, 81, 70, 57, 45, 30, 21, 33, 0, 1
27, 100, 21, 83, 0, 47, 36, 42, 100, 49, 96, 75, 86, 37, 84, 0, 4
45, 98, 82, 100, 72, 57, 42, 22, 0, 0, 3, 2, 52, 4, 100, 6, 2
19, 63, 58, 100, 52, 74, 47, 27, 91, 0, 100, 5, 25, 8, 0, 9, 1
0, 97, 54, 100, 84, 70, 76, 35, 59, 0, 35, 15, 33, 39, 100, 41, 7
0, 99, 42, 100, 23, 75, 2, 50, 23, 27, 93, 43, 81, 25, 100, 0, 4
31, 92, 0, 52, 18, 0, 69, 6, 100, 53, 72, 100, 21, 100, 4, 49, 0
0, 96, 37, 100, 100, 89, 86, 43, 55, 0, 30, 0, 10, 38, 75, 41, 7
88, 64, 93, 100, 41, 87, 48, 61, 100, 70, 90, 31, 55, 0, 0, 4, 9
100, 71, 41, 62, 0, 83, 52, 100, 98, 80, 92, 49, 67, 19, 19, 0, 9
21, 74, 30, 100, 72, 77, 66, 36, 31, 2, 0, 14, 52, 24, 100, 0, 2
7, 100, 40, 89, 37, 48, 21, 9, 0, 0, 3, 40, 48, 58, 100, 65, 7
24, 100, 0, 69, 8, 35, 55, 34, 100, 40, 95, 79, 90, 39, 80, 0, 4
0, 22, 21, 46, 61, 73, 100, 100, 91, 88, 61, 59, 39, 30, 24, 0, 1
98, 76, 67, 100, 0, 92, 23, 66, 90, 74, 100, 53, 72, 22, 19, 0, 9
46, 75, 44, 100, 79, 90, 56, 44, 19, 6, 0, 6, 50, 10, 100, 0, 2
14, 81, 0, 41, 34, 0, 87, 3, 100, 56, 70, 100, 20, 99, 7, 49, 0
81, 75, 62, 100, 0, 86, 16, 59, 78, 74, 100, 66, 92, 32, 69, 0, 9
38, 72, 59, 100, 74, 99, 61, 57, 48, 16, 0, 3, 44, 0, 100, 2, 1
51, 97, 10, 75, 0, 32, 34, 0, 84, 15, 100, 56, 71, 92, 18, 100, 0
47, 87, 75, 100, 80, 73, 85, 54, 100, 31, 74, 8, 38, 0, 0, 5, 3
88, 95, 100, 100, 49, 73, 12, 42, 19, 10, 97, 0, 85, 18, 0, 17, 6
78, 100, 47, 78, 19, 49, 8, 18, 48, 0, 100, 15, 62, 35, 0, 34, 6
82, 100, 49, 85, 19, 61, 0, 34, 51, 36, 100, 51, 81, 27, 69, 0, 4
12, 89, 0, 48, 64, 45, 71, 0, 26, 8, 6, 59, 30, 100, 100, 98, 5
34, 100, 0, 70, 1, 17, 40, 0, 80, 15, 100, 61, 66, 90, 26, 81, 0
51, 67, 81, 100, 0, 89, 33, 50, 83, 13, 13, 0, 41, 34, 100, 62, 8
83, 100, 0, 91, 11, 65, 89, 76, 100, 95, 83, 65, 62, 33, 46, 0, 9
72, 86, 42, 100, 4, 67, 0, 27, 45, 1, 100, 14, 57, 27, 12, 0, 6
100, 100, 75, 90, 44, 67, 19, 41, 0, 13, 26, 0, 49, 18, 2, 18, 6
78, 100, 29, 88, 0, 52, 2, 10, 55, 0, 100, 26, 98, 67, 51, 77, 0
0, 90, 61, 100, 85, 83, 44, 64, 51, 48, 100, 32, 63, 13, 5, 0, 3
0, 100, 61, 97, 81, 75, 60, 38, 40, 0, 15, 18, 37, 37, 100, 38, 7
0, 82, 38, 100, 67, 79, 59, 39, 41, 0, 34, 16, 58, 40, 100, 51, 7
87, 87, 44, 100, 24, 74, 70, 67, 100, 57, 89, 12, 46, 0, 0, 11, 9
9, 45, 30, 10, 65, 0, 95, 30, 100, 72, 72, 100, 32, 88, 0, 61, 0
77, 83, 74, 100, 97, 81, 70, 56, 100, 35, 86, 10, 43, 0, 0, 7, 3
35, 84, 0, 65, 4, 21, 49, 0, 95, 24, 100, 67, 64, 100, 5, 95, 0
85, 100, 19, 76, 100, 62, 47, 97, 26, 50, 0, 18, 81, 0, 48, 43, 8
0, 88, 42, 100, 74, 90, 56, 44, 34, 0, 26, 31, 51, 55, 100, 57, 7
0, 87, 64, 100, 100, 81, 74, 48, 41, 16, 3, 0, 9, 27, 78, 36, 7
86, 78, 53, 100, 32, 69, 56, 32, 36, 0, 0, 18, 49, 48, 100, 77, 8
60, 100, 15, 85, 0, 50, 10, 17, 57, 0, 100, 18, 69, 43, 20, 31, 6
0, 67, 45, 80, 100, 100, 50, 85, 32, 64, 23, 42, 18, 21, 14, 0, 1
0, 94, 30, 100, 66, 78, 33, 52, 88, 46, 100, 17, 52, 0, 8, 11, 3
15, 79, 50, 100, 74, 78, 39, 52, 82, 42, 100, 14, 54, 0, 0, 4, 3
47, 74, 68, 100, 65, 53, 37, 17, 0, 0, 21, 18, 60, 14, 100, 11, 2
92, 77, 88, 100, 46, 83, 79, 69, 100, 54, 97, 18, 53, 0, 0, 6, 9
12, 80, 48, 100, 83, 73, 22, 55, 71, 45, 100, 15, 40, 0, 0, 17, 3
32, 84, 79, 64, 85, 100, 35, 78, 74, 68, 100, 37, 82, 0, 0, 0, 9
96, 43, 63, 0, 1, 7, 0, 57, 38, 100, 100, 94, 81, 45, 36, 7, 0
68, 100, 41, 94, 13, 61, 0, 27, 32, 0, 100, 20, 60, 32, 9, 7, 6
5, 85, 44, 100, 72, 71, 52, 33, 21, 0, 0, 34, 50, 41, 100, 45, 7
0, 79, 42, 100, 57, 68, 50, 31, 53, 0, 24, 32, 44, 50, 100, 53, 7
81, 100, 47, 96, 14, 62, 6, 22, 53, 0, 100, 19, 46, 34, 0, 12, 6
66, 98, 24, 78, 0, 35, 24, 0, 74, 20, 100, 61, 79, 100, 29, 92, 0
82, 85, 100, 100, 49, 68, 0, 36, 20, 0, 94, 3, 53, 27, 35, 8, 6
23, 93, 30, 64, 90, 36, 59, 0, 12, 12, 0, 54, 13, 91, 100, 100, 5
25, 90, 42, 100, 15, 63, 0, 26, 42, 0, 100, 3, 80, 28, 59, 6, 6
18, 76, 50, 86, 100, 100, 93, 80, 70, 60, 48, 40, 23, 20, 0, 0, 1
6, 79, 49, 100, 100, 97, 79, 67, 40, 43, 0, 18, 32, 1, 91, 0, 2
18, 74, 49, 100, 53, 67, 31, 31, 0, 0, 13, 11, 59, 2, 100, 8, 2
73, 100, 24, 85, 0, 39, 22, 0, 70, 20, 100, 62, 78, 99, 31, 76, 0
0, 52, 34, 63, 66, 82, 100, 100, 94, 78, 78, 52, 62, 26, 55, 0, 1
31, 100, 15, 84, 2, 65, 0, 45, 20, 29, 48, 21, 79, 14, 100, 0, 4
100, 100, 82, 91, 65, 75, 50, 59, 35, 43, 18, 28, 9, 12, 0, 0, 1
100, 100, 56, 97, 32, 73, 54, 62, 92, 46, 78, 9, 36, 0, 0, 16, 5
29, 74, 53, 100, 100, 99, 75, 71, 81, 51, 81, 20, 38, 0, 0, 15, 3
2, 100, 53, 99, 63, 66, 42, 33, 18, 0, 0, 22, 38, 37, 100, 41, 7
0, 95, 39, 100, 58, 70, 45, 30, 35, 0, 18, 38, 58, 47, 100, 49, 7
11, 100, 0, 82, 6, 52, 65, 57, 100, 83, 77, 60, 54, 31, 36, 0, 4
37, 61, 0, 70, 22, 92, 60, 100, 91, 85, 100, 57, 91, 28, 80, 0, 9
100, 100, 68, 89, 50, 67, 32, 46, 23, 23, 25, 0, 48, 2, 0, 2, 6
21, 93, 28, 62, 53, 24, 13, 0, 5, 41, 0, 84, 47, 96, 100, 100, 5
0, 92, 31, 100, 60, 88, 47, 54, 24, 25, 33, 0, 66, 2, 100, 8, 2
0, 35, 37, 50, 73, 74, 100, 100, 90, 81, 77, 53, 63, 26, 61, 0, 1
0, 69, 20, 100, 56, 86, 41, 49, 10, 19, 10, 5, 57, 0, 100, 16, 2
0, 85, 47, 96, 100, 100, 93, 82, 72, 59, 82, 33, 68, 9, 19, 0, 3
14, 56, 27, 100, 42, 69, 26, 27, 0, 5, 33, 0, 67, 0, 100, 1, 2
44, 100, 28, 82, 0, 52, 40, 32, 100, 33, 91, 65, 80, 33, 77, 0, 4
100, 74, 51, 73, 0, 79, 23, 100, 72, 95, 100, 66, 100, 32, 85, 0, 9
39, 100, 17, 79, 0, 56, 6, 32, 42, 28, 79, 35, 100, 24, 90, 0, 4
