@relation penbased-3
@attribute At1 integer [0, 100]
@attribute At2 integer [0, 100]
@attribute At3 integer [0, 100]
@attribute At4 integer [0, 100]
@attribute At5 integer [0, 100]
@attribute At6 integer [0, 100]
@attribute At7 integer [0, 100]
@attribute At8 integer [0, 100]
@attribute At9 integer [0, 100]
@attribute At10 integer [0, 100]
@attribute At11 integer [0, 100]
@attribute At12 integer [0, 100]
@attribute At13 integer [0, 100]
@attribute At14 integer [0, 100]
@attribute At15 integer [0, 100]
@attribute At16 integer [0, 100]
@attribute Class {0, 1, 2, 3, 4, 5, 6, 7, 8, 9}
@inputs At1, At2, At3, At4, At5, At6, At7, At8, At9, At10, At11, At12, At13, At14, At15, At16
@outputs Class
@data
99, 80, 63, 100, 25, 76, 79, 68, 100, 62, 97, 23, 54, 0, 0, 16, 9
0, 73, 19, 99, 72, 100, 70, 73, 32, 48, 5, 18, 46, 0, 100, 0, 2
73, 62, 53, 100, 0, 72, 82, 39, 100, 0, 15, 14, 52, 57, 90, 94, 8
54, 100, 34, 75, 6, 43, 0, 11, 70, 0, 100, 28, 44, 46, 36, 21, 6
11, 92, 56, 100, 83, 82, 52, 59, 87, 39, 100, 14, 55, 0, 0, 0, 3
57, 63, 100, 100, 0, 91, 36, 53, 95, 16, 2, 0, 5, 36, 91, 67, 8
32, 100, 12, 76, 0, 48, 1, 21, 39, 0, 100, 9, 64, 21, 18, 3, 6
39, 100, 23, 82, 0, 52, 1, 21, 48, 0, 100, 16, 70, 42, 6, 55, 6
38, 94, 90, 100, 94, 79, 59, 57, 68, 33, 100, 12, 54, 0, 0, 1, 3
43, 94, 15, 66, 52, 38, 20, 0, 5, 35, 0, 83, 42, 100, 100, 98, 5
85, 100, 30, 84, 5, 54, 0, 22, 48, 0, 100, 21, 66, 47, 0, 37, 6
52, 91, 72, 100, 87, 70, 57, 43, 100, 45, 90, 15, 43, 0, 0, 12, 3
73, 85, 31, 65, 0, 0, 52, 9, 100, 57, 82, 100, 81, 78, 38, 25, 0
40, 79, 61, 100, 78, 72, 46, 41, 0, 16, 1, 5, 61, 1, 100, 0, 2
19, 100, 4, 77, 0, 51, 46, 36, 100, 47, 96, 49, 87, 23, 77, 0, 4
3, 66, 16, 100, 27, 69, 14, 32, 0, 0, 33, 5, 67, 10, 100, 11, 2
47, 100, 40, 82, 18, 49, 0, 19, 53, 20, 92, 34, 94, 35, 100, 0, 4
13, 80, 53, 71, 100, 100, 23, 99, 0, 71, 81, 74, 74, 40, 47, 0, 9
24, 100, 14, 55, 72, 52, 54, 0, 8, 2, 0, 58, 35, 95, 100, 99, 5
19, 73, 54, 91, 100, 100, 99, 78, 86, 52, 78, 26, 43, 8, 0, 0, 3
0, 97, 43, 100, 58, 62, 41, 17, 26, 0, 8, 36, 54, 34, 100, 33, 7
100, 100, 64, 98, 26, 85, 36, 63, 76, 58, 75, 24, 42, 1, 0, 0, 5
36, 90, 86, 100, 87, 73, 47, 49, 92, 44, 100, 16, 53, 0, 0, 1, 3
100, 100, 92, 85, 75, 71, 58, 57, 58, 42, 33, 28, 8, 14, 0, 0, 1
47, 91, 37, 63, 65, 27, 21, 0, 9, 40, 0, 91, 49, 100, 100, 91, 5
0, 96, 45, 100, 100, 99, 79, 83, 60, 63, 45, 42, 36, 21, 33, 0, 7
84, 93, 20, 100, 22, 50, 44, 0, 0, 22, 54, 59, 100, 95, 27, 97, 8
46, 96, 80, 100, 81, 76, 77, 60, 100, 36, 75, 12, 36, 0, 0, 6, 3
65, 96, 81, 66, 100, 100, 40, 92, 71, 64, 93, 45, 65, 5, 0, 0, 9
0, 0, 38, 13, 71, 34, 94, 61, 100, 90, 63, 100, 44, 76, 73, 53, 9
0, 68, 73, 45, 100, 8, 20, 0, 37, 38, 92, 72, 85, 100, 7, 81, 8
38, 73, 5, 64, 0, 15, 53, 0, 98, 34, 100, 83, 47, 100, 20, 60, 0
76, 85, 0, 100, 16, 63, 81, 31, 69, 0, 6, 25, 34, 64, 100, 95, 8
3, 100, 4, 83, 0, 56, 15, 31, 60, 28, 100, 42, 91, 26, 88, 0, 4
0, 95, 52, 100, 100, 79, 83, 44, 67, 8, 45, 0, 3, 30, 84, 38, 7
28, 71, 43, 100, 76, 79, 49, 47, 11, 21, 0, 0, 50, 1, 100, 4, 2
41, 53, 60, 100, 100, 89, 70, 42, 33, 0, 72, 16, 54, 62, 0, 72, 8
29, 88, 23, 57, 73, 40, 51, 0, 0, 13, 12, 58, 42, 94, 100, 100, 5
9, 32, 60, 62, 80, 100, 6, 93, 36, 56, 100, 27, 57, 0, 0, 25, 8
0, 89, 41, 100, 89, 93, 100, 62, 84, 31, 64, 0, 27, 17, 54, 34, 7
5, 79, 19, 100, 25, 66, 14, 32, 0, 3, 34, 0, 66, 5, 100, 7, 2
32, 76, 70, 100, 100, 72, 66, 38, 7, 19, 0, 33, 59, 18, 91, 0, 2
39, 100, 0, 82, 22, 55, 100, 63, 62, 99, 62, 81, 59, 40, 60, 0, 4
33, 100, 10, 76, 0, 48, 4, 20, 43, 0, 100, 10, 81, 31, 21, 25, 6
0, 100, 17, 94, 8, 64, 24, 37, 70, 41, 100, 57, 87, 28, 100, 0, 4
32, 72, 57, 100, 76, 71, 56, 35, 21, 7, 0, 4, 51, 0, 100, 6, 2
100, 69, 78, 100, 37, 85, 83, 77, 91, 52, 97, 15, 51, 0, 0, 0, 9
35, 44, 41, 2, 81, 14, 100, 60, 81, 100, 40, 85, 9, 49, 0, 0, 0
23, 85, 0, 49, 2, 11, 52, 0, 91, 30, 100, 67, 70, 100, 14, 96, 0
13, 54, 0, 16, 39, 0, 82, 17, 100, 54, 89, 93, 47, 100, 26, 65, 0
41, 96, 99, 100, 100, 74, 58, 38, 28, 0, 7, 16, 0, 45, 80, 34, 7
68, 100, 50, 79, 15, 51, 0, 47, 54, 38, 100, 49, 91, 35, 87, 0, 4
8, 100, 0, 81, 9, 52, 81, 54, 100, 75, 86, 64, 87, 32, 90, 0, 4
68, 100, 23, 77, 0, 41, 7, 3, 64, 0, 100, 31, 56, 39, 14, 11, 6
0, 98, 20, 100, 19, 70, 11, 40, 43, 27, 89, 42, 94, 29, 100, 0, 4
44, 73, 66, 100, 100, 88, 74, 57, 33, 32, 0, 21, 53, 19, 99, 0, 2
43, 75, 61, 100, 94, 86, 75, 47, 43, 14, 0, 2, 49, 0, 100, 1, 2
38, 85, 13, 55, 31, 8, 75, 0, 100, 40, 85, 87, 42, 100, 0, 79, 0
10, 86, 51, 100, 84, 78, 53, 48, 85, 40, 100, 14, 52, 0, 0, 0, 3
42, 100, 22, 76, 0, 52, 26, 34, 82, 41, 100, 47, 74, 24, 57, 0, 4
100, 100, 35, 91, 0, 57, 1, 18, 67, 10, 96, 39, 27, 33, 16, 0, 6
33, 64, 36, 100, 59, 71, 44, 34, 0, 18, 32, 26, 71, 0, 100, 22, 2
100, 100, 51, 95, 16, 64, 0, 28, 36, 0, 98, 12, 68, 35, 6, 24, 6
35, 85, 22, 38, 45, 0, 87, 12, 100, 57, 81, 100, 37, 97, 0, 72, 0
62, 77, 76, 100, 95, 83, 56, 58, 95, 52, 100, 21, 55, 2, 0, 0, 3
85, 87, 48, 72, 0, 73, 34, 100, 82, 96, 89, 64, 87, 31, 100, 0, 9
3, 57, 83, 70, 100, 100, 6, 85, 20, 52, 71, 20, 0, 0, 37, 32, 8
82, 97, 35, 100, 0, 67, 0, 25, 45, 2, 100, 10, 61, 23, 14, 0, 6
98, 74, 82, 100, 6, 85, 10, 60, 87, 75, 100, 47, 69, 17, 0, 0, 9
66, 91, 100, 100, 90, 89, 53, 77, 29, 52, 58, 30, 38, 4, 0, 0, 5
66, 100, 100, 94, 91, 69, 69, 47, 95, 24, 74, 2, 36, 0, 0, 9, 3
19, 66, 3, 28, 34, 0, 77, 13, 100, 51, 78, 89, 34, 100, 0, 76, 0
4, 68, 28, 98, 75, 100, 64, 65, 31, 36, 0, 8, 43, 0, 100, 6, 2
29, 84, 65, 100, 87, 74, 69, 45, 38, 19, 0, 0, 49, 6, 100, 12, 2
48, 97, 9, 67, 100, 64, 66, 100, 24, 57, 0, 0, 87, 8, 15, 41, 8
100, 100, 57, 90, 32, 60, 15, 30, 26, 0, 89, 7, 70, 34, 0, 43, 6
31, 93, 7, 59, 8, 20, 54, 0, 98, 27, 100, 65, 60, 94, 0, 100, 0
100, 95, 0, 78, 93, 59, 81, 100, 62, 44, 2, 5, 96, 0, 48, 48, 8
0, 46, 52, 72, 100, 100, 84, 75, 71, 42, 64, 9, 2, 1, 32, 0, 1
14, 91, 7, 55, 36, 17, 4, 0, 0, 51, 4, 98, 52, 100, 100, 97, 5
33, 89, 92, 100, 100, 91, 63, 62, 29, 31, 0, 0, 6, 29, 66, 38, 7
0, 76, 53, 85, 100, 100, 76, 81, 60, 61, 44, 40, 27, 20, 5, 0, 1
28, 94, 96, 100, 83, 94, 22, 76, 50, 64, 100, 41, 66, 9, 0, 0, 5
42, 98, 89, 100, 73, 72, 59, 52, 100, 32, 88, 3, 41, 0, 0, 19, 3
0, 64, 46, 77, 81, 100, 100, 99, 96, 72, 88, 45, 74, 19, 85, 0, 1
100, 100, 58, 85, 23, 59, 0, 30, 9, 0, 58, 5, 60, 34, 7, 25, 6
0, 97, 41, 100, 68, 77, 64, 38, 51, 0, 28, 34, 56, 40, 100, 37, 7
91, 98, 48, 100, 12, 60, 0, 15, 55, 0, 100, 27, 39, 38, 5, 5, 6
11, 72, 39, 100, 62, 77, 50, 42, 24, 12, 0, 0, 50, 3, 100, 3, 2
25, 100, 0, 69, 1, 20, 43, 0, 87, 16, 100, 61, 72, 100, 29, 96, 0
33, 100, 21, 78, 0, 53, 4, 28, 77, 36, 90, 51, 88, 25, 100, 0, 4
53, 81, 86, 100, 98, 69, 83, 37, 52, 9, 0, 3, 47, 0, 100, 2, 2
64, 92, 100, 100, 85, 98, 47, 80, 70, 54, 82, 18, 43, 0, 0, 13, 5
0, 60, 42, 80, 90, 100, 100, 97, 84, 72, 68, 47, 55, 22, 45, 0, 1
16, 100, 11, 71, 5, 39, 29, 11, 85, 11, 100, 28, 46, 18, 0, 0, 6
51, 100, 93, 95, 64, 73, 70, 61, 100, 39, 82, 12, 38, 0, 0, 7, 3
6, 80, 45, 100, 59, 70, 37, 39, 3, 13, 0, 9, 52, 5, 100, 0, 2
0, 51, 24, 64, 66, 85, 100, 100, 72, 75, 47, 51, 26, 25, 11, 0, 1
27, 84, 58, 100, 76, 68, 57, 34, 16, 13, 0, 9, 50, 5, 100, 0, 2
0, 61, 15, 62, 51, 81, 89, 100, 100, 80, 86, 53, 72, 26, 57, 0, 1
35, 88, 30, 57, 50, 17, 11, 0, 0, 38, 56, 68, 100, 100, 20, 100, 8
0, 94, 22, 100, 71, 94, 70, 51, 61, 0, 42, 9, 52, 32, 100, 20, 7
100, 100, 54, 85, 21, 60, 0, 33, 2, 5, 52, 0, 54, 22, 1, 17, 6
100, 100, 70, 93, 37, 68, 11, 41, 0, 11, 38, 0, 48, 25, 2, 35, 6
25, 89, 62, 100, 65, 78, 66, 52, 100, 33, 81, 7, 41, 0, 0, 3, 3
80, 100, 32, 85, 63, 72, 61, 81, 86, 48, 100, 16, 53, 0, 0, 5, 9
69, 90, 33, 100, 63, 76, 70, 98, 100, 61, 98, 16, 51, 0, 0, 10, 9
12, 73, 0, 30, 33, 0, 77, 6, 100, 44, 78, 85, 37, 100, 12, 67, 0
16, 100, 9, 84, 0, 59, 30, 40, 86, 49, 100, 47, 75, 24, 63, 0, 4
63, 100, 46, 78, 19, 55, 0, 32, 54, 24, 100, 44, 87, 24, 74, 0, 4
63, 65, 35, 100, 1, 69, 61, 36, 79, 0, 0, 15, 33, 54, 100, 86, 8
100, 100, 47, 79, 14, 53, 0, 26, 24, 0, 93, 2, 95, 25, 14, 25, 6
99, 100, 54, 77, 26, 52, 17, 23, 51, 0, 100, 14, 61, 35, 0, 27, 6
26, 91, 0, 80, 2, 34, 33, 0, 80, 8, 100, 50, 82, 92, 38, 100, 0
100, 81, 52, 62, 17, 77, 57, 100, 79, 68, 75, 31, 52, 0, 0, 12, 9
53, 86, 59, 50, 52, 12, 6, 0, 0, 25, 18, 62, 53, 89, 100, 100, 5
0, 44, 24, 55, 62, 78, 100, 100, 100, 80, 95, 52, 91, 24, 81, 0, 1
23, 67, 31, 94, 90, 100, 80, 75, 76, 44, 100, 14, 56, 0, 0, 5, 3
100, 100, 61, 88, 30, 64, 7, 36, 0, 5, 42, 0, 49, 23, 6, 25, 6
0, 86, 55, 100, 73, 70, 50, 35, 29, 0, 3, 32, 38, 45, 100, 41, 7
43, 100, 30, 87, 0, 57, 51, 61, 100, 75, 80, 62, 50, 31, 23, 0, 4
0, 80, 39, 100, 73, 83, 38, 57, 60, 42, 100, 22, 62, 1, 9, 0, 3
8, 94, 40, 66, 95, 100, 26, 100, 88, 85, 100, 50, 81, 1, 0, 0, 9
37, 100, 0, 72, 6, 57, 65, 67, 100, 86, 64, 66, 44, 32, 20, 0, 4
0, 42, 35, 71, 70, 100, 63, 74, 57, 37, 48, 0, 44, 0, 100, 2, 1
100, 100, 62, 81, 35, 58, 18, 33, 31, 7, 76, 0, 49, 18, 0, 17, 6
60, 59, 98, 26, 48, 0, 25, 19, 77, 49, 100, 85, 43, 100, 0, 70, 8
0, 80, 8, 100, 37, 81, 32, 49, 11, 22, 23, 6, 62, 5, 100, 0, 2
100, 100, 78, 91, 45, 70, 18, 47, 0, 22, 21, 0, 64, 11, 16, 15, 6
57, 53, 100, 85, 62, 100, 51, 61, 79, 24, 29, 0, 0, 30, 61, 56, 8
0, 88, 10, 48, 33, 12, 75, 0, 100, 35, 87, 75, 50, 100, 6, 95, 0
53, 81, 99, 100, 97, 65, 61, 32, 22, 0, 0, 20, 36, 39, 100, 48, 7
78, 100, 36, 78, 6, 40, 13, 0, 71, 1, 100, 35, 43, 28, 0, 3, 6
31, 99, 1, 59, 0, 2, 62, 0, 100, 47, 76, 100, 20, 83, 12, 28, 0
84, 92, 41, 91, 37, 46, 66, 0, 0, 9, 46, 49, 100, 85, 33, 100, 8
26, 92, 0, 49, 10, 4, 61, 0, 100, 31, 95, 76, 50, 100, 4, 83, 0
47, 100, 0, 75, 5, 29, 50, 0, 100, 18, 100, 63, 59, 96, 4, 88, 0
52, 75, 69, 100, 93, 77, 68, 43, 34, 15, 0, 1, 50, 2, 100, 0, 2
80, 74, 100, 100, 56, 70, 29, 35, 36, 0, 100, 13, 67, 38, 0, 24, 6
38, 93, 100, 100, 85, 93, 24, 83, 41, 48, 95, 31, 48, 0, 0, 12, 5
65, 60, 100, 100, 5, 100, 19, 57, 65, 15, 0, 0, 13, 43, 97, 75, 8
0, 24, 43, 47, 75, 73, 100, 100, 71, 82, 43, 55, 18, 28, 3, 0, 1
19, 87, 61, 100, 96, 77, 72, 50, 64, 39, 100, 15, 51, 0, 0, 14, 3
78, 100, 23, 83, 59, 64, 100, 83, 76, 74, 77, 46, 55, 20, 0, 0, 9
0, 39, 42, 52, 76, 74, 100, 100, 92, 87, 82, 58, 71, 29, 68, 0, 1
41, 100, 12, 74, 0, 44, 75, 46, 100, 78, 81, 75, 65, 37, 48, 0, 4
0, 86, 44, 100, 85, 86, 62, 42, 34, 0, 21, 4, 45, 38, 100, 43, 7
83, 100, 36, 82, 11, 61, 0, 39, 78, 35, 100, 41, 67, 21, 53, 0, 4
0, 90, 32, 100, 48, 77, 34, 52, 12, 30, 12, 8, 56, 4, 100, 0, 2
0, 60, 21, 54, 53, 77, 85, 100, 100, 88, 86, 57, 75, 27, 82, 0, 1
29, 83, 60, 100, 78, 64, 56, 27, 13, 2, 0, 19, 52, 18, 100, 0, 2
22, 65, 56, 100, 57, 88, 49, 35, 31, 0, 0, 6, 52, 8, 100, 12, 1
81, 100, 29, 89, 0, 55, 3, 15, 51, 0, 94, 24, 100, 64, 68, 97, 0
10, 100, 6, 82, 0, 62, 4, 42, 59, 34, 88, 39, 80, 19, 100, 0, 4
100, 100, 51, 96, 18, 67, 0, 35, 12, 4, 79, 0, 94, 25, 32, 24, 6
25, 77, 15, 82, 0, 40, 21, 0, 73, 0, 100, 38, 85, 79, 37, 100, 0
19, 100, 76, 92, 16, 92, 0, 55, 46, 50, 100, 28, 57, 0, 1, 17, 5
51, 95, 7, 60, 52, 40, 19, 0, 0, 26, 4, 77, 38, 99, 100, 100, 5
15, 76, 23, 100, 81, 95, 78, 62, 43, 35, 0, 10, 38, 0, 100, 3, 2
63, 78, 83, 100, 100, 80, 78, 53, 42, 30, 0, 8, 30, 0, 93, 3, 2
98, 100, 56, 80, 23, 48, 10, 9, 58, 0, 100, 18, 49, 22, 0, 8, 6
41, 100, 25, 97, 0, 54, 61, 46, 100, 47, 83, 87, 55, 45, 36, 0, 4
32, 84, 0, 55, 18, 1, 76, 0, 100, 52, 71, 100, 34, 61, 43, 5, 0
15, 79, 8, 36, 37, 0, 89, 21, 100, 63, 73, 100, 21, 82, 0, 43, 0
53, 92, 75, 100, 72, 71, 64, 60, 100, 44, 78, 15, 32, 0, 0, 10, 3
100, 100, 40, 88, 40, 67, 97, 79, 94, 65, 82, 40, 52, 16, 0, 0, 9
56, 76, 73, 52, 93, 13, 0, 0, 37, 35, 100, 69, 100, 100, 17, 76, 8
26, 85, 68, 100, 91, 79, 68, 54, 83, 40, 100, 16, 56, 0, 0, 7, 3
0, 33, 31, 60, 69, 86, 81, 100, 72, 72, 72, 44, 76, 16, 100, 0, 1
11, 82, 6, 41, 28, 0, 78, 7, 100, 48, 80, 90, 32, 100, 0, 65, 0
100, 100, 71, 94, 38, 70, 11, 42, 0, 13, 40, 0, 51, 26, 5, 23, 6
0, 47, 38, 67, 78, 89, 100, 100, 77, 75, 53, 49, 31, 23, 16, 0, 1
0, 93, 53, 100, 89, 75, 85, 37, 73, 0, 48, 1, 44, 29, 100, 25, 7
18, 74, 3, 67, 74, 34, 41, 0, 3, 27, 59, 63, 100, 100, 0, 95, 8
100, 80, 54, 77, 25, 96, 78, 100, 99, 74, 76, 45, 42, 20, 0, 0, 9
0, 66, 25, 100, 48, 70, 43, 23, 26, 0, 21, 33, 60, 46, 100, 61, 7
0, 71, 47, 85, 100, 100, 92, 82, 75, 60, 62, 38, 45, 16, 40, 0, 1
59, 63, 97, 88, 100, 100, 89, 66, 78, 30, 55, 0, 0, 3, 80, 2, 1
22, 71, 41, 100, 51, 93, 46, 54, 40, 15, 0, 1, 46, 2, 100, 0, 1
33, 93, 84, 100, 90, 78, 46, 59, 94, 47, 100, 18, 56, 1, 0, 0, 3
33, 66, 72, 86, 100, 100, 76, 71, 70, 40, 55, 10, 0, 0, 13, 6, 1
76, 97, 64, 62, 100, 15, 14, 0, 0, 35, 90, 59, 98, 100, 0, 98, 8
27, 100, 6, 95, 0, 42, 30, 0, 79, 4, 100, 51, 74, 96, 24, 98, 0
76, 91, 85, 67, 100, 100, 32, 83, 94, 70, 94, 53, 73, 4, 0, 0, 9
0, 64, 57, 78, 86, 100, 91, 93, 88, 70, 87, 46, 86, 23, 100, 0, 1
10, 78, 49, 100, 100, 98, 69, 68, 85, 43, 100, 14, 51, 2, 0, 0, 3
0, 85, 34, 100, 85, 78, 75, 38, 56, 0, 14, 16, 29, 37, 100, 37, 7
0, 95, 44, 100, 76, 78, 72, 39, 63, 0, 52, 12, 54, 40, 100, 46, 7
59, 73, 48, 100, 99, 95, 81, 63, 93, 44, 100, 13, 50, 0, 0, 11, 3
69, 98, 89, 64, 97, 100, 62, 79, 99, 77, 100, 29, 60, 2, 0, 0, 9
65, 64, 86, 80, 75, 100, 0, 79, 18, 54, 100, 68, 78, 41, 49, 0, 9
25, 100, 5, 70, 0, 40, 72, 44, 100, 57, 70, 64, 72, 32, 60, 0, 4
13, 88, 10, 56, 54, 29, 30, 0, 10, 35, 0, 79, 46, 99, 100, 100, 5
33, 61, 63, 93, 60, 100, 55, 57, 42, 15, 0, 0, 50, 5, 100, 7, 1
32, 92, 75, 100, 79, 63, 56, 28, 29, 0, 0, 33, 42, 46, 100, 48, 7
74, 90, 50, 100, 56, 72, 100, 82, 93, 54, 90, 12, 47, 0, 0, 7, 9
16, 89, 16, 100, 0, 70, 15, 42, 81, 51, 100, 61, 84, 30, 75, 0, 4
100, 100, 56, 83, 28, 56, 10, 28, 21, 0, 69, 6, 52, 28, 0, 23, 6
38, 90, 10, 54, 74, 39, 48, 0, 0, 8, 7, 55, 29, 94, 100, 100, 5
75, 91, 30, 100, 24, 60, 53, 21, 11, 0, 0, 37, 44, 70, 100, 93, 8
18, 86, 0, 62, 22, 9, 71, 0, 100, 49, 78, 100, 29, 94, 17, 41, 0
49, 100, 17, 82, 0, 61, 0, 40, 49, 38, 100, 42, 88, 21, 84, 0, 4
22, 71, 55, 44, 42, 11, 0, 0, 1, 37, 13, 71, 53, 91, 100, 100, 5
36, 86, 68, 100, 100, 77, 62, 52, 71, 45, 99, 19, 52, 2, 0, 0, 3
8, 56, 53, 77, 100, 100, 100, 99, 79, 71, 74, 42, 60, 14, 0, 0, 1
23, 85, 69, 100, 62, 68, 53, 27, 32, 0, 0, 2, 50, 5, 100, 3, 1
5, 39, 0, 61, 55, 84, 100, 100, 73, 75, 55, 50, 45, 25, 59, 0, 1
0, 84, 37, 100, 59, 76, 24, 49, 70, 43, 100, 21, 60, 0, 7, 6, 3
0, 64, 16, 100, 57, 94, 37, 53, 0, 22, 5, 18, 52, 8, 100, 0, 2
22, 93, 0, 70, 69, 37, 100, 0, 15, 20, 51, 60, 77, 94, 42, 100, 8
1, 72, 39, 100, 90, 92, 50, 64, 52, 53, 100, 35, 60, 8, 0, 0, 3
41, 71, 32, 40, 100, 76, 34, 100, 36, 57, 89, 68, 70, 4, 0, 0, 9
63, 100, 23, 77, 0, 39, 3, 0, 61, 7, 100, 38, 99, 78, 46, 96, 0
20, 100, 7, 78, 0, 44, 32, 24, 89, 29, 100, 55, 76, 31, 55, 0, 4
76, 100, 36, 75, 10, 47, 0, 17, 43, 0, 100, 12, 63, 31, 3, 23, 6
19, 78, 0, 36, 25, 0, 71, 4, 100, 39, 90, 84, 49, 100, 10, 76, 0
56, 100, 29, 74, 0, 40, 51, 38, 100, 44, 77, 73, 58, 36, 35, 0, 4
10, 73, 33, 100, 60, 82, 59, 63, 100, 41, 92, 6, 43, 0, 0, 18, 3
100, 100, 58, 93, 25, 70, 6, 43, 0, 16, 37, 0, 60, 23, 18, 37, 6
0, 81, 34, 100, 62, 73, 54, 36, 39, 0, 12, 16, 50, 27, 100, 30, 7
91, 98, 47, 100, 49, 72, 92, 96, 100, 93, 73, 57, 43, 23, 0, 0, 9
19, 74, 75, 62, 78, 23, 3, 0, 28, 38, 94, 72, 100, 100, 0, 80, 8
0, 90, 41, 100, 90, 74, 81, 36, 51, 0, 36, 1, 24, 36, 100, 40, 7
67, 100, 24, 78, 0, 49, 0, 19, 44, 0, 100, 10, 65, 28, 10, 18, 6
100, 100, 44, 80, 11, 47, 0, 11, 56, 0, 100, 30, 55, 44, 0, 19, 6
98, 70, 66, 100, 0, 78, 40, 51, 90, 81, 98, 48, 100, 9, 28, 0, 9
31, 100, 5, 81, 0, 59, 27, 41, 72, 41, 100, 43, 81, 22, 69, 0, 4
60, 90, 43, 68, 52, 22, 21, 0, 0, 39, 52, 66, 100, 95, 38, 100, 8
22, 79, 30, 53, 54, 24, 32, 0, 13, 42, 0, 86, 49, 96, 100, 100, 5
83, 85, 17, 98, 37, 57, 94, 19, 38, 0, 0, 38, 65, 71, 100, 100, 8
46, 97, 90, 97, 55, 68, 66, 100, 100, 60, 97, 9, 40, 0, 0, 34, 9
0, 96, 58, 100, 76, 75, 51, 38, 34, 0, 0, 8, 34, 26, 100, 28, 7
12, 88, 53, 100, 100, 94, 68, 69, 80, 39, 95, 10, 51, 0, 0, 6, 3
100, 100, 21, 86, 64, 41, 71, 0, 13, 23, 73, 66, 74, 100, 0, 70, 8
12, 96, 75, 100, 100, 69, 74, 35, 47, 0, 23, 13, 0, 43, 98, 44, 7
7, 100, 28, 96, 18, 61, 0, 27, 50, 24, 85, 35, 85, 33, 100, 0, 4
0, 86, 73, 100, 100, 96, 71, 61, 36, 25, 3, 0, 6, 38, 85, 43, 7
75, 100, 13, 74, 6, 52, 100, 50, 93, 82, 68, 72, 37, 36, 0, 0, 4
100, 100, 67, 99, 26, 68, 0, 34, 15, 0, 88, 10, 60, 31, 26, 4, 6
17, 59, 32, 100, 57, 82, 32, 39, 0, 5, 19, 0, 59, 7, 100, 14, 2
46, 92, 18, 64, 62, 40, 28, 0, 0, 9, 4, 63, 28, 100, 100, 98, 5
59, 71, 62, 100, 90, 79, 67, 43, 28, 16, 0, 22, 50, 16, 100, 0, 2
97, 100, 49, 92, 15, 65, 0, 35, 15, 6, 74, 0, 100, 23, 45, 29, 6
38, 100, 14, 71, 0, 42, 54, 51, 100, 58, 64, 70, 49, 35, 45, 0, 4
42, 94, 12, 60, 56, 33, 33, 0, 0, 20, 13, 71, 48, 100, 100, 96, 5
14, 65, 35, 100, 64, 79, 48, 41, 16, 11, 0, 8, 50, 9, 100, 0, 2
55, 68, 71, 40, 100, 6, 5, 0, 14, 35, 66, 68, 89, 100, 0, 83, 8
12, 78, 50, 100, 79, 77, 44, 46, 1, 23, 0, 13, 53, 7, 100, 0, 2
0, 88, 34, 100, 92, 80, 89, 39, 62, 0, 38, 14, 32, 41, 100, 41, 7
17, 83, 2, 54, 0, 13, 47, 0, 90, 26, 100, 68, 71, 100, 26, 79, 0
36, 77, 55, 100, 53, 57, 34, 19, 0, 0, 23, 19, 62, 14, 100, 4, 2
0, 82, 10, 99, 54, 99, 98, 100, 100, 80, 78, 55, 62, 28, 57, 0, 7
51, 99, 17, 86, 0, 42, 24, 2, 73, 0, 100, 38, 87, 82, 42, 100, 0
4, 99, 50, 100, 100, 97, 65, 57, 37, 12, 16, 0, 0, 39, 55, 45, 7
40, 100, 11, 87, 0, 57, 11, 29, 66, 40, 100, 58, 82, 29, 78, 0, 4
55, 100, 7, 74, 0, 51, 72, 52, 100, 75, 77, 66, 48, 33, 23, 0, 4
0, 100, 48, 99, 59, 77, 61, 54, 91, 35, 100, 15, 59, 1, 11, 0, 3
0, 93, 43, 100, 78, 77, 60, 39, 52, 0, 34, 12, 43, 38, 100, 32, 7
0, 62, 31, 82, 100, 100, 100, 80, 81, 60, 38, 40, 6, 20, 12, 0, 1
68, 100, 34, 88, 0, 62, 6, 42, 70, 49, 100, 51, 62, 27, 42, 0, 4
0, 58, 38, 78, 73, 98, 100, 100, 92, 74, 84, 49, 77, 23, 80, 0, 1
0, 83, 43, 100, 72, 76, 35, 51, 69, 45, 100, 21, 59, 0, 5, 0, 3
95, 76, 100, 94, 47, 100, 0, 81, 34, 69, 80, 53, 65, 23, 25, 0, 9
40, 99, 5, 63, 46, 41, 9, 0, 0, 34, 1, 86, 37, 100, 100, 96, 5
4, 100, 0, 100, 7, 69, 56, 55, 100, 67, 86, 60, 62, 31, 55, 0, 4
47, 93, 92, 100, 100, 96, 55, 84, 60, 57, 83, 25, 45, 5, 0, 0, 5
13, 83, 42, 100, 59, 67, 35, 34, 0, 27, 30, 32, 65, 11, 100, 0, 2
21, 77, 0, 35, 29, 0, 69, 7, 100, 43, 85, 89, 44, 100, 12, 73, 0
0, 100, 64, 100, 100, 70, 88, 32, 57, 0, 96, 30, 82, 43, 16, 44, 7
37, 89, 97, 100, 60, 95, 15, 72, 72, 63, 100, 35, 60, 8, 0, 0, 5
0, 64, 36, 72, 73, 90, 100, 100, 89, 74, 82, 47, 78, 21, 76, 0, 1
0, 93, 43, 100, 78, 83, 66, 55, 36, 31, 11, 6, 53, 0, 100, 1, 2
20, 100, 0, 61, 10, 16, 58, 0, 100, 26, 98, 71, 56, 99, 7, 89, 0
18, 82, 53, 100, 76, 79, 45, 64, 90, 45, 100, 14, 52, 0, 0, 5, 3
15, 86, 49, 100, 100, 99, 93, 78, 57, 60, 64, 36, 42, 15, 0, 0, 3
11, 89, 55, 100, 100, 94, 82, 69, 97, 44, 93, 19, 49, 6, 0, 0, 3
21, 100, 22, 74, 0, 45, 34, 36, 100, 33, 97, 62, 84, 31, 77, 0, 4
0, 99, 66, 100, 100, 79, 68, 41, 48, 1, 25, 0, 21, 23, 88, 25, 7
2, 55, 18, 86, 70, 100, 98, 79, 75, 50, 100, 15, 52, 0, 0, 15, 3
23, 71, 2, 49, 57, 32, 23, 0, 3, 25, 0, 65, 34, 96, 100, 100, 5
42, 100, 11, 71, 38, 34, 17, 0, 0, 26, 3, 79, 50, 90, 100, 85, 5
30, 86, 65, 100, 84, 85, 58, 63, 100, 45, 98, 21, 51, 6, 0, 0, 3
0, 77, 28, 100, 60, 85, 62, 51, 42, 21, 26, 2, 68, 0, 100, 0, 2
100, 88, 72, 100, 27, 88, 6, 58, 34, 51, 68, 37, 43, 8, 0, 0, 5
39, 100, 24, 70, 0, 40, 49, 38, 100, 40, 75, 65, 52, 34, 43, 0, 4
10, 81, 37, 100, 56, 62, 44, 21, 0, 13, 35, 25, 75, 0, 100, 30, 2
30, 81, 0, 35, 60, 39, 83, 0, 41, 4, 27, 57, 39, 100, 100, 99, 5
6, 77, 23, 50, 31, 0, 4, 13, 0, 65, 22, 96, 60, 100, 100, 100, 5
47, 84, 65, 100, 85, 75, 67, 46, 100, 35, 86, 9, 41, 0, 0, 8, 3
0, 90, 27, 100, 81, 95, 57, 72, 69, 51, 100, 29, 56, 13, 7, 0, 3
7, 94, 54, 100, 76, 80, 30, 63, 73, 43, 100, 17, 60, 0, 0, 6, 3
0, 99, 28, 100, 65, 95, 100, 89, 95, 66, 72, 43, 50, 18, 45, 0, 7
63, 100, 43, 89, 15, 58, 10, 23, 50, 0, 100, 18, 63, 43, 0, 50, 6
74, 100, 37, 86, 6, 56, 0, 22, 45, 0, 100, 10, 55, 32, 0, 34, 6
57, 100, 22, 81, 4, 52, 0, 23, 36, 0, 100, 9, 67, 27, 7, 15, 6
0, 94, 41, 100, 71, 77, 53, 39, 42, 0, 15, 32, 47, 42, 100, 40, 7
19, 92, 58, 100, 100, 100, 94, 79, 73, 55, 69, 25, 40, 5, 0, 0, 3
99, 82, 66, 100, 0, 85, 13, 56, 84, 67, 100, 68, 85, 33, 70, 0, 9
29, 95, 2, 58, 44, 40, 30, 0, 0, 9, 16, 60, 50, 91, 100, 100, 5
1, 13, 46, 53, 72, 100, 13, 97, 39, 54, 100, 23, 56, 0, 0, 19, 8
42, 100, 0, 66, 61, 57, 64, 12, 19, 0, 15, 47, 30, 90, 100, 96, 5
100, 100, 55, 93, 23, 59, 11, 15, 53, 0, 77, 31, 41, 62, 0, 51, 6
69, 94, 0, 81, 73, 55, 100, 21, 32, 0, 20, 33, 58, 67, 51, 100, 8
11, 81, 60, 100, 100, 89, 69, 55, 31, 24, 0, 0, 7, 39, 64, 43, 7
38, 100, 7, 91, 0, 62, 33, 40, 91, 48, 100, 54, 69, 28, 56, 0, 4
45, 78, 6, 48, 0, 2, 46, 0, 83, 34, 100, 80, 63, 100, 19, 78, 0
63, 100, 36, 83, 9, 49, 0, 13, 57, 0, 100, 27, 51, 42, 14, 14, 6
0, 100, 15, 95, 1, 63, 33, 40, 100, 48, 94, 65, 93, 32, 90, 0, 4
36, 82, 45, 60, 81, 100, 0, 70, 19, 45, 25, 0, 100, 37, 4, 32, 8
0, 88, 30, 100, 68, 90, 60, 62, 72, 37, 100, 16, 70, 0, 27, 1, 3
78, 100, 43, 92, 0, 73, 14, 54, 83, 55, 100, 43, 63, 22, 29, 0, 4
0, 74, 32, 81, 77, 100, 100, 99, 84, 74, 64, 49, 41, 24, 18, 0, 1
76, 90, 29, 69, 33, 100, 76, 94, 88, 57, 100, 20, 62, 0, 0, 4, 9
100, 100, 56, 88, 22, 60, 0, 25, 28, 0, 73, 13, 48, 40, 2, 41, 6
100, 100, 62, 87, 21, 60, 0, 27, 31, 0, 93, 7, 87, 37, 32, 55, 6
26, 77, 12, 100, 0, 62, 57, 45, 100, 60, 68, 77, 50, 39, 41, 0, 4
44, 87, 25, 100, 22, 68, 68, 85, 91, 59, 100, 18, 53, 0, 0, 3, 9
100, 99, 65, 100, 33, 77, 11, 51, 0, 22, 21, 0, 52, 19, 11, 20, 6
32, 95, 1, 65, 0, 25, 35, 0, 79, 13, 100, 49, 81, 85, 37, 100, 0
100, 100, 48, 80, 17, 54, 0, 26, 25, 0, 96, 4, 84, 23, 19, 12, 6
22, 100, 20, 75, 0, 40, 0, 25, 67, 30, 100, 39, 84, 36, 79, 0, 4
0, 75, 8, 100, 52, 99, 96, 98, 100, 81, 83, 54, 68, 27, 58, 0, 7
46, 78, 49, 100, 100, 93, 78, 65, 86, 39, 87, 10, 36, 0, 0, 19, 3
41, 80, 61, 100, 83, 78, 65, 58, 100, 44, 84, 17, 45, 0, 0, 0, 3
4, 83, 0, 52, 21, 100, 27, 67, 54, 20, 2, 0, 35, 4, 100, 7, 1
67, 92, 32, 87, 0, 44, 72, 50, 100, 62, 63, 100, 62, 48, 59, 0, 4
89, 100, 35, 79, 11, 52, 0, 25, 19, 0, 97, 1, 100, 23, 22, 21, 6
0, 49, 27, 64, 65, 84, 100, 100, 83, 75, 62, 50, 46, 25, 33, 0, 1
100, 100, 58, 86, 23, 57, 1, 24, 30, 0, 90, 13, 64, 40, 0, 42, 6
0, 99, 27, 100, 64, 95, 100, 87, 77, 63, 58, 36, 41, 7, 32, 0, 7
17, 82, 1, 72, 40, 58, 81, 28, 5, 0, 0, 46, 1, 93, 100, 100, 5
58, 90, 8, 63, 37, 44, 18, 0, 0, 18, 4, 74, 41, 100, 100, 98, 5
0, 83, 36, 100, 66, 78, 53, 39, 41, 0, 24, 34, 56, 50, 100, 55, 7
0, 96, 27, 100, 73, 99, 100, 83, 85, 60, 60, 40, 33, 20, 8, 0, 7
100, 91, 69, 100, 53, 63, 85, 70, 90, 63, 80, 23, 44, 0, 0, 7, 9
76, 100, 28, 96, 0, 66, 2, 32, 45, 9, 100, 17, 53, 26, 19, 0, 6
51, 71, 53, 100, 87, 83, 69, 43, 34, 11, 0, 6, 50, 14, 100, 0, 2
39, 78, 25, 97, 74, 100, 100, 81, 85, 57, 72, 32, 46, 10, 0, 0, 3
24, 100, 12, 89, 0, 55, 28, 39, 73, 53, 100, 61, 74, 32, 58, 0, 4
62, 91, 17, 92, 0, 42, 30, 0, 82, 6, 100, 56, 70, 100, 22, 95, 0
69, 100, 31, 77, 7, 50, 0, 23, 31, 0, 100, 2, 94, 24, 33, 21, 6
73, 100, 27, 84, 1, 51, 0, 15, 47, 0, 100, 4, 82, 19, 34, 10, 6
59, 94, 71, 100, 100, 82, 75, 62, 63, 40, 75, 14, 40, 1, 0, 0, 3
83, 100, 49, 77, 19, 49, 3, 20, 39, 0, 100, 12, 65, 31, 0, 26, 6
0, 55, 41, 73, 70, 95, 94, 100, 93, 75, 89, 50, 91, 24, 100, 0, 1
9, 45, 0, 65, 45, 89, 100, 100, 88, 75, 79, 50, 61, 25, 52, 0, 1
100, 100, 56, 78, 22, 52, 0, 24, 23, 0, 79, 11, 69, 29, 18, 13, 6
23, 71, 41, 100, 88, 93, 64, 60, 99, 43, 100, 9, 50, 0, 0, 12, 3
0, 76, 70, 100, 100, 79, 60, 40, 25, 0, 8, 1, 12, 38, 100, 47, 7
100, 100, 46, 90, 19, 71, 42, 63, 92, 56, 91, 26, 54, 2, 0, 0, 5
21, 85, 1, 41, 23, 1, 75, 0, 100, 39, 78, 83, 31, 100, 0, 64, 0
0, 100, 56, 97, 82, 65, 74, 31, 39, 0, 3, 5, 23, 34, 100, 43, 7
0, 87, 39, 100, 61, 70, 47, 27, 36, 0, 11, 33, 55, 35, 100, 39, 7
100, 95, 71, 100, 36, 84, 34, 48, 83, 48, 91, 17, 49, 0, 0, 4, 5
34, 86, 22, 40, 39, 0, 83, 17, 100, 61, 70, 96, 22, 100, 0, 64, 0
11, 78, 35, 100, 52, 73, 31, 43, 0, 20, 20, 9, 60, 4, 100, 0, 2
4, 77, 0, 35, 28, 0, 74, 2, 100, 37, 89, 80, 48, 100, 12, 73, 0
23, 79, 37, 100, 56, 68, 42, 32, 0, 14, 36, 12, 83, 0, 100, 33, 2
0, 98, 34, 100, 53, 78, 47, 47, 72, 26, 100, 8, 68, 0, 36, 8, 3
0, 39, 22, 58, 61, 79, 99, 100, 100, 81, 88, 54, 86, 26, 97, 0, 1
23, 95, 0, 97, 52, 100, 100, 93, 98, 68, 74, 45, 47, 23, 31, 0, 7
100, 100, 57, 91, 22, 62, 0, 31, 18, 1, 100, 0, 85, 22, 10, 7, 6
60, 56, 56, 100, 0, 79, 46, 38, 100, 0, 45, 1, 39, 48, 91, 86, 8
52, 100, 22, 69, 0, 36, 49, 27, 100, 30, 89, 56, 62, 35, 43, 0, 4
26, 84, 63, 100, 73, 80, 71, 60, 100, 37, 84, 9, 41, 0, 0, 10, 3
98, 89, 72, 100, 54, 77, 100, 83, 85, 69, 70, 41, 45, 15, 0, 0, 9
45, 100, 20, 79, 0, 55, 23, 35, 100, 36, 92, 48, 77, 24, 70, 0, 4
0, 59, 36, 64, 69, 82, 99, 100, 100, 78, 92, 51, 84, 25, 76, 0, 1
46, 90, 77, 100, 100, 76, 70, 50, 92, 36, 93, 8, 47, 0, 0, 6, 3
60, 90, 94, 64, 88, 100, 56, 71, 100, 83, 100, 35, 67, 2, 0, 0, 9
18, 100, 22, 79, 0, 47, 28, 35, 94, 35, 98, 64, 100, 34, 91, 0, 4
66, 92, 100, 100, 85, 91, 46, 72, 50, 43, 83, 24, 46, 3, 0, 0, 5
0, 91, 40, 100, 100, 100, 91, 61, 77, 21, 62, 0, 29, 35, 81, 44, 7
21, 77, 58, 100, 95, 81, 67, 52, 96, 48, 100, 17, 52, 0, 0, 11, 3
45, 75, 22, 99, 70, 100, 100, 80, 62, 50, 88, 23, 48, 0, 0, 8, 3
8, 66, 9, 100, 45, 88, 37, 49, 0, 22, 20, 22, 66, 0, 100, 25, 2
51, 100, 18, 73, 0, 34, 20, 0, 63, 2, 95, 31, 100, 72, 66, 90, 0
48, 100, 20, 80, 0, 51, 55, 43, 100, 56, 90, 62, 86, 30, 73, 0, 4
98, 100, 64, 86, 38, 54, 31, 20, 72, 0, 100, 26, 51, 39, 0, 24, 6
17, 97, 25, 59, 85, 100, 0, 82, 27, 51, 23, 0, 100, 36, 19, 33, 8
3, 65, 37, 55, 100, 81, 54, 100, 0, 75, 85, 68, 69, 34, 58, 0, 9
96, 100, 55, 66, 0, 37, 18, 37, 100, 42, 95, 72, 64, 36, 39, 0, 4
0, 100, 53, 97, 91, 69, 72, 29, 31, 0, 5, 35, 46, 49, 100, 41, 7
0, 51, 29, 68, 57, 85, 87, 100, 100, 84, 87, 56, 70, 28, 58, 0, 1
2, 85, 28, 100, 53, 81, 31, 54, 0, 35, 35, 35, 67, 17, 100, 0, 2
49, 91, 14, 65, 0, 31, 18, 0, 81, 6, 100, 38, 86, 72, 49, 100, 0
67, 100, 27, 75, 0, 44, 15, 11, 73, 3, 100, 25, 40, 25, 3, 0, 6
53, 100, 7, 98, 21, 69, 56, 92, 63, 59, 100, 25, 64, 0, 0, 9, 9
27, 100, 41, 75, 0, 48, 43, 47, 84, 56, 100, 68, 93, 31, 82, 0, 4
0, 0, 36, 9, 69, 28, 91, 51, 100, 78, 81, 100, 47, 86, 64, 63, 9
86, 62, 21, 57, 0, 80, 51, 100, 98, 82, 100, 54, 88, 27, 84, 0, 9
0, 100, 45, 92, 100, 78, 67, 39, 31, 1, 10, 0, 27, 28, 93, 34, 7
89, 100, 34, 81, 9, 54, 0, 25, 26, 0, 98, 6, 100, 26, 32, 25, 6
100, 98, 51, 100, 11, 72, 44, 35, 43, 0, 0, 20, 22, 61, 65, 92, 8
100, 100, 61, 96, 33, 73, 11, 48, 0, 21, 24, 0, 59, 15, 17, 22, 6
0, 85, 22, 100, 53, 83, 45, 55, 21, 31, 15, 6, 57, 1, 100, 0, 2
78, 100, 60, 77, 100, 93, 54, 84, 66, 59, 86, 34, 70, 9, 0, 0, 9
49, 74, 14, 40, 28, 0, 78, 14, 100, 56, 71, 93, 18, 100, 0, 64, 0
0, 27, 34, 51, 70, 75, 100, 100, 83, 77, 68, 52, 55, 26, 47, 0, 1
39, 82, 69, 100, 96, 80, 60, 61, 100, 44, 88, 14, 43, 0, 0, 10, 3
26, 89, 13, 44, 29, 1, 72, 0, 100, 36, 85, 79, 45, 100, 0, 92, 0
37, 78, 60, 100, 81, 75, 63, 46, 29, 24, 0, 1, 50, 0, 100, 4, 2
13, 65, 73, 34, 94, 0, 0, 0, 27, 34, 82, 65, 100, 100, 27, 77, 8
55, 80, 68, 100, 85, 77, 68, 49, 100, 28, 80, 2, 34, 0, 0, 21, 3
0, 64, 49, 89, 73, 100, 65, 55, 62, 9, 8, 2, 23, 0, 100, 5, 1
48, 87, 13, 59, 0, 10, 43, 0, 84, 29, 100, 77, 64, 100, 26, 68, 0
33, 70, 68, 100, 68, 78, 61, 36, 42, 5, 0, 2, 50, 2, 100, 0, 1
90, 68, 41, 64, 15, 88, 68, 100, 100, 78, 75, 49, 40, 23, 0, 0, 9
0, 37, 39, 53, 71, 76, 100, 100, 88, 81, 67, 53, 45, 25, 17, 0, 1
16, 77, 39, 100, 49, 64, 28, 27, 0, 0, 32, 3, 68, 6, 100, 3, 2
100, 99, 60, 100, 53, 77, 90, 94, 82, 70, 66, 43, 37, 20, 0, 0, 9
44, 95, 1, 72, 39, 36, 38, 0, 0, 24, 49, 57, 100, 90, 34, 100, 8
100, 100, 68, 81, 40, 57, 20, 28, 24, 0, 59, 10, 36, 25, 0, 14, 6
5, 100, 23, 86, 6, 57, 0, 29, 65, 30, 100, 54, 89, 28, 93, 0, 4
29, 100, 18, 58, 29, 13, 78, 0, 100, 38, 82, 81, 36, 98, 0, 65, 0
20, 93, 74, 100, 100, 83, 78, 64, 41, 46, 0, 29, 11, 11, 78, 0, 2
0, 8, 35, 30, 68, 61, 95, 92, 100, 100, 81, 67, 62, 34, 47, 0, 1
0, 41, 50, 71, 91, 100, 74, 59, 65, 16, 17, 0, 27, 4, 100, 5, 1
39, 77, 0, 43, 13, 2, 67, 0, 96, 39, 100, 84, 54, 100, 5, 76, 0
15, 97, 35, 100, 55, 78, 26, 55, 0, 32, 33, 14, 78, 5, 100, 0, 2
11, 100, 59, 98, 58, 59, 42, 21, 25, 0, 0, 35, 49, 40, 100, 41, 7
100, 72, 43, 78, 0, 91, 50, 100, 54, 75, 40, 50, 30, 25, 29, 0, 9
86, 88, 51, 100, 44, 74, 87, 95, 100, 89, 70, 51, 38, 14, 0, 0, 9
0, 95, 57, 100, 100, 74, 73, 35, 32, 0, 5, 25, 34, 46, 100, 47, 7
78, 100, 41, 73, 0, 48, 35, 37, 100, 40, 83, 59, 56, 30, 37, 0, 4
65, 90, 97, 100, 95, 73, 72, 48, 39, 25, 0, 5, 43, 0, 100, 0, 2
12, 100, 7, 80, 0, 60, 3, 39, 36, 23, 86, 34, 88, 20, 100, 0, 4
0, 97, 73, 100, 76, 73, 64, 36, 62, 0, 38, 15, 3, 41, 100, 42, 7
28, 71, 68, 100, 61, 63, 29, 91, 82, 81, 100, 34, 57, 0, 0, 17, 9
100, 86, 70, 100, 45, 64, 83, 64, 98, 70, 96, 30, 62, 1, 0, 0, 9
2, 91, 48, 100, 63, 65, 51, 25, 30, 0, 0, 30, 50, 35, 100, 35, 7
100, 100, 55, 94, 19, 70, 0, 36, 12, 3, 57, 0, 66, 30, 20, 35, 6
79, 87, 32, 63, 85, 32, 73, 0, 0, 12, 42, 44, 100, 75, 70, 100, 8
100, 100, 61, 84, 24, 57, 0, 26, 25, 0, 80, 13, 62, 40, 13, 33, 6
0, 71, 42, 81, 85, 100, 100, 92, 92, 67, 80, 43, 74, 17, 77, 0, 1
89, 81, 66, 100, 51, 69, 97, 88, 96, 60, 100, 14, 51, 0, 0, 12, 9
27, 100, 14, 76, 0, 44, 41, 33, 94, 35, 100, 63, 76, 34, 76, 0, 4
60, 88, 89, 100, 93, 70, 71, 39, 40, 12, 0, 0, 48, 0, 100, 1, 2
21, 78, 0, 49, 26, 15, 58, 0, 90, 5, 100, 52, 76, 89, 44, 100, 0
0, 82, 38, 100, 79, 84, 46, 56, 60, 38, 100, 18, 56, 0, 12, 6, 3
0, 89, 50, 100, 85, 78, 70, 39, 56, 0, 30, 13, 43, 35, 100, 45, 7
66, 100, 38, 69, 0, 40, 43, 34, 100, 37, 94, 63, 60, 35, 41, 0, 4
59, 79, 35, 73, 72, 36, 35, 0, 5, 24, 0, 70, 32, 100, 100, 97, 5
77, 83, 42, 100, 13, 69, 62, 57, 100, 74, 91, 27, 53, 0, 0, 9, 9
0, 97, 44, 99, 100, 100, 94, 98, 68, 75, 56, 50, 52, 25, 54, 0, 7
78, 86, 61, 100, 0, 100, 7, 64, 62, 51, 100, 25, 63, 0, 7, 5, 5
56, 89, 55, 63, 100, 29, 53, 0, 52, 33, 93, 68, 82, 100, 0, 84, 8
100, 100, 54, 80, 24, 55, 0, 28, 0, 0, 57, 1, 61, 22, 0, 15, 6
0, 61, 42, 81, 100, 100, 67, 80, 50, 60, 25, 40, 17, 20, 50, 0, 1
10, 79, 18, 48, 39, 17, 0, 0, 3, 38, 10, 71, 54, 87, 100, 100, 5
1, 92, 38, 100, 52, 72, 29, 41, 0, 14, 9, 0, 54, 3, 100, 5, 2
58, 96, 100, 100, 63, 90, 37, 61, 61, 54, 66, 24, 36, 0, 0, 11, 5
5, 28, 50, 60, 69, 100, 17, 90, 60, 58, 100, 24, 49, 0, 0, 22, 8
36, 65, 49, 100, 73, 71, 58, 33, 27, 1, 0, 1, 50, 6, 100, 0, 2
58, 100, 17, 83, 0, 41, 18, 0, 75, 5, 100, 45, 89, 87, 34, 88, 0
0, 51, 25, 74, 49, 100, 49, 81, 52, 54, 56, 28, 68, 2, 100, 0, 1
84, 93, 26, 100, 0, 71, 64, 64, 100, 90, 89, 64, 79, 31, 78, 0, 9
0, 70, 6, 98, 46, 100, 76, 77, 50, 46, 24, 17, 58, 0, 100, 1, 2
68, 100, 32, 95, 0, 61, 35, 34, 99, 28, 100, 66, 63, 35, 33, 0, 4
39, 100, 0, 80, 2, 49, 67, 40, 100, 64, 60, 63, 31, 32, 14, 0, 4
26, 91, 19, 39, 49, 0, 92, 18, 100, 70, 62, 100, 17, 88, 0, 42, 0
25, 88, 39, 61, 92, 24, 27, 0, 15, 33, 77, 68, 100, 100, 0, 88, 8
0, 61, 35, 82, 95, 100, 100, 90, 70, 68, 45, 46, 22, 23, 12, 0, 1
57, 92, 18, 72, 42, 30, 7, 0, 0, 39, 50, 69, 100, 99, 43, 100, 8
17, 100, 79, 92, 100, 76, 72, 44, 49, 10, 24, 0, 0, 31, 71, 33, 7
0, 71, 38, 95, 47, 100, 49, 49, 39, 4, 2, 1, 53, 1, 100, 0, 1
18, 100, 5, 72, 45, 55, 51, 5, 0, 0, 8, 60, 40, 99, 100, 95, 5
90, 82, 4, 94, 44, 49, 62, 0, 0, 7, 49, 50, 100, 92, 21, 100, 8
45, 59, 99, 66, 100, 100, 7, 94, 0, 64, 96, 66, 78, 37, 54, 0, 9
42, 70, 54, 100, 85, 91, 63, 60, 32, 33, 0, 7, 47, 0, 100, 2, 2
0, 100, 64, 98, 100, 80, 55, 41, 14, 0, 2, 5, 20, 30, 86, 36, 7
32, 100, 0, 72, 1, 39, 50, 32, 100, 35, 87, 59, 77, 32, 58, 0, 4
54, 92, 100, 100, 56, 89, 18, 66, 48, 52, 82, 34, 49, 8, 0, 0, 5
100, 100, 59, 94, 55, 69, 87, 93, 91, 63, 76, 25, 43, 1, 0, 0, 9
39, 96, 63, 100, 52, 43, 28, 0, 0, 4, 33, 15, 66, 0, 100, 0, 2
33, 100, 15, 85, 0, 40, 13, 0, 46, 3, 76, 25, 100, 61, 84, 95, 0
33, 100, 11, 75, 0, 43, 44, 24, 91, 30, 100, 62, 76, 33, 64, 0, 4
21, 80, 29, 47, 85, 44, 62, 0, 20, 19, 0, 67, 37, 100, 100, 98, 5
12, 98, 63, 100, 68, 56, 53, 11, 38, 0, 0, 37, 38, 44, 100, 42, 7
40, 100, 3, 69, 0, 25, 44, 0, 91, 26, 100, 69, 60, 100, 8, 84, 0
87, 75, 53, 100, 0, 81, 40, 61, 81, 78, 100, 41, 77, 5, 16, 0, 9
43, 62, 33, 100, 79, 92, 74, 47, 39, 14, 0, 0, 49, 10, 100, 8, 2
41, 69, 78, 60, 100, 100, 37, 97, 57, 69, 89, 54, 66, 7, 0, 0, 9
82, 62, 85, 100, 28, 91, 48, 54, 99, 74, 100, 35, 66, 0, 0, 2, 9
23, 96, 0, 61, 2, 20, 37, 0, 75, 19, 100, 53, 95, 93, 55, 100, 0
40, 98, 17, 76, 0, 28, 35, 0, 84, 25, 100, 70, 55, 100, 4, 95, 0
0, 92, 35, 100, 80, 99, 70, 53, 55, 0, 35, 13, 56, 31, 100, 32, 7
26, 79, 0, 49, 14, 0, 74, 15, 100, 61, 62, 100, 9, 77, 1, 26, 0
21, 80, 60, 95, 100, 100, 55, 87, 37, 52, 76, 28, 46, 2, 0, 0, 5
0, 100, 45, 99, 83, 79, 71, 39, 66, 0, 100, 23, 55, 40, 6, 48, 7
37, 85, 73, 100, 100, 77, 72, 50, 99, 39, 84, 9, 40, 0, 0, 14, 3
20, 98, 49, 100, 51, 65, 31, 36, 0, 16, 28, 10, 64, 5, 100, 0, 2
32, 81, 70, 100, 95, 83, 69, 55, 35, 31, 0, 9, 49, 2, 100, 0, 2
49, 72, 99, 97, 100, 100, 81, 60, 66, 20, 0, 0, 9, 3, 99, 8, 1
27, 100, 13, 66, 0, 26, 39, 31, 100, 30, 93, 51, 77, 38, 77, 0, 4
0, 92, 44, 100, 100, 92, 66, 62, 37, 31, 10, 0, 7, 19, 58, 31, 7
100, 100, 52, 94, 22, 70, 1, 44, 0, 15, 39, 0, 70, 19, 29, 28, 6
16, 65, 27, 100, 50, 70, 33, 33, 0, 3, 1, 0, 50, 5, 100, 4, 2
59, 60, 99, 88, 38, 100, 0, 73, 80, 74, 100, 58, 52, 29, 6, 0, 9
0, 88, 50, 100, 83, 85, 52, 61, 62, 38, 100, 18, 57, 1, 3, 0, 3
30, 100, 0, 60, 1, 16, 49, 0, 93, 28, 100, 72, 56, 99, 1, 90, 0
100, 100, 66, 99, 23, 69, 0, 35, 17, 1, 94, 0, 86, 30, 10, 29, 6
21, 100, 0, 69, 1, 32, 29, 0, 82, 16, 100, 52, 79, 86, 20, 82, 0
73, 100, 22, 62, 0, 0, 65, 14, 100, 73, 42, 82, 51, 65, 41, 37, 0
81, 100, 46, 75, 19, 49, 0, 22, 29, 0, 100, 10, 97, 33, 20, 32, 6
59, 86, 26, 92, 0, 49, 21, 5, 68, 0, 100, 35, 82, 81, 39, 100, 0
0, 57, 14, 91, 50, 100, 55, 66, 37, 32, 24, 0, 62, 6, 100, 15, 2
0, 71, 40, 91, 85, 100, 92, 75, 68, 48, 100, 22, 70, 3, 22, 0, 3
0, 87, 56, 100, 80, 70, 62, 35, 56, 0, 11, 28, 11, 43, 100, 49, 7
80, 100, 28, 96, 0, 20, 52, 0, 100, 65, 61, 94, 57, 68, 32, 30, 0
100, 100, 67, 90, 33, 75, 25, 60, 0, 45, 0, 30, 0, 15, 0, 0, 1
79, 84, 17, 62, 100, 80, 67, 100, 0, 75, 88, 79, 70, 38, 36, 0, 9
31, 98, 50, 100, 100, 82, 61, 59, 29, 43, 95, 32, 65, 12, 0, 0, 3
33, 89, 63, 100, 58, 50, 35, 10, 0, 9, 31, 27, 65, 4, 100, 0, 2
27, 50, 66, 35, 46, 0, 7, 31, 46, 68, 100, 100, 41, 100, 0, 64, 8
0, 67, 47, 91, 78, 100, 64, 59, 49, 18, 2, 0, 37, 4, 100, 5, 1
57, 86, 100, 100, 100, 94, 56, 78, 59, 45, 88, 22, 47, 2, 0, 0, 5
19, 90, 4, 44, 24, 0, 75, 12, 100, 55, 82, 99, 30, 100, 0, 60, 0
100, 85, 66, 100, 36, 78, 50, 50, 90, 36, 87, 2, 44, 0, 0, 4, 5
0, 78, 37, 100, 62, 89, 51, 60, 98, 45, 100, 13, 53, 0, 10, 14, 3
24, 95, 3, 55, 28, 15, 74, 0, 100, 35, 84, 80, 41, 100, 0, 78, 0
0, 91, 40, 100, 64, 72, 54, 36, 45, 0, 13, 30, 45, 42, 100, 45, 7
97, 100, 48, 92, 15, 56, 4, 17, 63, 4, 100, 34, 30, 34, 0, 0, 6
27, 95, 18, 56, 38, 23, 4, 0, 0, 51, 21, 91, 60, 100, 100, 99, 5
49, 100, 8, 93, 0, 60, 45, 82, 61, 57, 100, 28, 73, 0, 8, 2, 9
66, 100, 28, 84, 8, 50, 14, 14, 61, 0, 100, 21, 51, 36, 0, 28, 6
14, 70, 58, 36, 28, 0, 0, 30, 48, 66, 100, 100, 46, 95, 22, 55, 8
39, 75, 46, 100, 95, 83, 80, 41, 41, 6, 0, 6, 50, 28, 100, 0, 2
0, 63, 29, 83, 67, 100, 100, 97, 84, 72, 61, 48, 40, 23, 19, 0, 1
0, 100, 14, 99, 63, 82, 61, 40, 34, 0, 17, 19, 45, 33, 100, 39, 7
100, 100, 57, 100, 29, 77, 22, 54, 65, 53, 61, 16, 22, 0, 0, 9, 5
15, 77, 27, 100, 90, 87, 88, 59, 52, 33, 0, 12, 23, 0, 100, 2, 2
0, 42, 44, 64, 74, 87, 100, 100, 79, 75, 67, 50, 59, 25, 56, 0, 1
74, 88, 15, 100, 25, 61, 82, 27, 56, 0, 0, 23, 52, 58, 100, 90, 8
99, 100, 76, 84, 40, 56, 14, 24, 46, 0, 100, 13, 57, 31, 0, 23, 6
50, 100, 20, 60, 32, 13, 84, 0, 100, 45, 79, 90, 25, 98, 0, 56, 0
67, 73, 40, 100, 10, 69, 34, 31, 29, 0, 0, 24, 51, 47, 100, 72, 8
96, 73, 44, 55, 0, 74, 32, 100, 88, 91, 100, 58, 83, 24, 42, 0, 9
84, 100, 45, 76, 0, 53, 0, 32, 86, 36, 100, 51, 66, 26, 52, 0, 4
100, 100, 68, 87, 40, 61, 12, 34, 0, 5, 42, 0, 59, 20, 8, 15, 6
88, 100, 42, 84, 69, 66, 100, 92, 92, 62, 83, 26, 49, 0, 0, 1, 9
100, 100, 76, 78, 53, 57, 33, 35, 24, 12, 59, 0, 53, 19, 0, 21, 6
21, 64, 55, 29, 7, 0, 0, 32, 55, 65, 100, 100, 20, 93, 12, 57, 8
100, 80, 48, 72, 0, 81, 34, 100, 66, 83, 63, 55, 54, 27, 54, 0, 9
23, 100, 0, 65, 7, 21, 44, 0, 89, 16, 100, 56, 72, 91, 28, 96, 0
17, 87, 0, 65, 46, 54, 63, 11, 18, 0, 19, 55, 33, 99, 100, 100, 5
34, 82, 69, 100, 94, 77, 65, 50, 100, 42, 88, 12, 44, 0, 0, 9, 3
80, 96, 24, 100, 33, 61, 49, 21, 11, 0, 0, 36, 48, 63, 100, 89, 8
0, 55, 48, 76, 78, 100, 76, 85, 69, 60, 66, 36, 74, 11, 100, 0, 1
0, 50, 59, 68, 87, 92, 95, 100, 95, 75, 94, 50, 94, 25, 100, 0, 1
0, 91, 25, 100, 95, 87, 100, 56, 71, 27, 39, 0, 8, 29, 72, 38, 7
86, 98, 19, 85, 47, 41, 74, 0, 0, 10, 42, 49, 100, 84, 51, 100, 8
100, 100, 54, 99, 16, 79, 0, 51, 48, 51, 76, 27, 47, 1, 1, 0, 5
0, 80, 37, 100, 69, 81, 66, 40, 57, 0, 33, 26, 55, 36, 100, 38, 7
0, 85, 39, 100, 84, 94, 62, 65, 77, 47, 100, 22, 63, 0, 25, 8, 3
0, 96, 33, 100, 79, 92, 57, 45, 26, 0, 13, 48, 53, 64, 100, 60, 7
29, 100, 21, 58, 65, 40, 61, 0, 7, 12, 0, 58, 29, 94, 100, 97, 5
0, 100, 75, 90, 59, 95, 15, 73, 40, 54, 100, 37, 69, 0, 9, 7, 5
40, 83, 76, 100, 86, 75, 56, 50, 20, 29, 0, 6, 49, 1, 100, 0, 2
37, 96, 80, 100, 100, 79, 58, 64, 100, 45, 99, 17, 55, 0, 0, 1, 3
13, 57, 3, 18, 40, 0, 81, 28, 100, 66, 81, 100, 31, 85, 0, 54, 0
20, 71, 30, 100, 75, 97, 59, 63, 25, 35, 0, 10, 50, 3, 100, 0, 2
100, 100, 41, 74, 0, 46, 75, 51, 96, 65, 85, 82, 77, 41, 80, 0, 4
57, 61, 94, 86, 52, 100, 0, 81, 43, 68, 100, 56, 87, 26, 54, 0, 9
5, 89, 0, 54, 40, 35, 45, 0, 11, 22, 9, 70, 44, 96, 100, 100, 5
8, 73, 25, 100, 53, 71, 40, 35, 2, 11, 0, 1, 50, 1, 100, 0, 2
22, 89, 0, 46, 9, 0, 46, 0, 79, 24, 100, 67, 75, 100, 39, 97, 0
53, 93, 0, 88, 58, 59, 49, 100, 44, 70, 100, 41, 58, 0, 0, 16, 9
0, 81, 53, 71, 100, 100, 47, 100, 14, 69, 77, 76, 78, 42, 61, 0, 9
0, 63, 56, 35, 98, 0, 41, 1, 62, 39, 100, 74, 69, 100, 10, 74, 8
9, 77, 26, 100, 52, 76, 37, 44, 7, 17, 0, 0, 54, 1, 100, 4, 2
59, 88, 89, 100, 100, 70, 60, 53, 83, 44, 84, 14, 42, 0, 0, 7, 3
17, 81, 43, 100, 100, 91, 75, 63, 49, 37, 98, 16, 62, 0, 0, 1, 3
0, 67, 52, 79, 81, 100, 88, 87, 88, 64, 88, 41, 90, 18, 100, 0, 1
86, 85, 47, 64, 0, 76, 34, 100, 78, 88, 81, 58, 81, 28, 100, 0, 9
77, 100, 40, 80, 75, 71, 100, 94, 89, 66, 81, 38, 47, 15, 0, 0, 9
23, 70, 44, 60, 90, 36, 58, 0, 0, 13, 9, 56, 27, 94, 100, 100, 5
67, 100, 58, 96, 29, 69, 0, 42, 29, 25, 92, 35, 100, 26, 79, 0, 4
0, 77, 25, 100, 53, 86, 43, 52, 17, 21, 1, 0, 51, 0, 100, 0, 2
47, 100, 36, 69, 0, 34, 50, 28, 100, 43, 98, 81, 89, 41, 84, 0, 4
0, 75, 21, 55, 42, 22, 18, 0, 4, 35, 4, 72, 42, 96, 100, 100, 5
0, 78, 34, 96, 87, 100, 100, 82, 59, 63, 67, 39, 55, 15, 11, 0, 3
93, 75, 80, 100, 0, 74, 51, 38, 96, 4, 6, 0, 32, 43, 100, 79, 8
36, 98, 8, 67, 0, 21, 40, 0, 85, 29, 100, 72, 59, 100, 15, 75, 0
8, 87, 0, 43, 10, 0, 61, 3, 95, 38, 100, 81, 53, 100, 1, 83, 0
69, 67, 100, 100, 42, 94, 31, 57, 86, 69, 90, 43, 58, 7, 0, 0, 9
17, 100, 0, 71, 5, 43, 78, 40, 100, 55, 91, 59, 87, 29, 78, 0, 4
78, 100, 33, 80, 0, 57, 69, 56, 100, 68, 70, 75, 43, 38, 16, 0, 4
0, 83, 33, 92, 100, 100, 95, 69, 60, 35, 30, 0, 26, 31, 86, 36, 7
21, 71, 65, 100, 95, 77, 65, 34, 24, 0, 0, 10, 51, 23, 100, 1, 2
93, 100, 60, 90, 0, 55, 82, 50, 100, 78, 90, 86, 80, 41, 71, 0, 4
59, 100, 17, 69, 0, 31, 32, 0, 86, 22, 100, 61, 78, 97, 16, 96, 0
0, 100, 46, 96, 91, 94, 100, 82, 72, 59, 53, 33, 49, 5, 66, 0, 7
62, 100, 15, 83, 3, 62, 0, 40, 79, 34, 100, 43, 79, 22, 88, 0, 4
11, 91, 41, 100, 64, 79, 53, 50, 84, 29, 100, 8, 51, 0, 0, 2, 3
87, 100, 48, 100, 17, 67, 6, 31, 38, 0, 100, 12, 52, 29, 0, 4, 6
13, 100, 18, 72, 100, 85, 18, 95, 12, 75, 98, 67, 64, 30, 0, 0, 9
0, 68, 16, 97, 56, 100, 62, 66, 43, 33, 23, 2, 61, 0, 100, 0, 2
13, 99, 0, 59, 10, 17, 62, 0, 100, 30, 87, 72, 41, 100, 0, 75, 0
100, 100, 90, 96, 45, 71, 14, 43, 16, 12, 78, 0, 72, 16, 0, 18, 6
12, 97, 56, 100, 97, 87, 100, 63, 95, 39, 82, 10, 41, 0, 0, 12, 3
88, 85, 100, 100, 60, 75, 26, 48, 0, 19, 34, 0, 80, 18, 30, 30, 6
50, 100, 5, 73, 0, 22, 49, 0, 100, 33, 98, 82, 41, 99, 8, 57, 0
100, 100, 51, 87, 18, 60, 0, 29, 20, 0, 71, 2, 58, 28, 8, 17, 6
12, 62, 0, 58, 7, 11, 59, 0, 100, 29, 92, 76, 47, 100, 8, 69, 0
13, 65, 26, 100, 53, 72, 38, 29, 0, 0, 1, 4, 50, 6, 100, 1, 2
0, 60, 40, 79, 100, 100, 90, 86, 60, 64, 30, 42, 10, 21, 30, 0, 1
30, 82, 64, 100, 100, 84, 68, 62, 62, 47, 85, 23, 50, 3, 0, 0, 3
15, 100, 0, 56, 13, 12, 51, 0, 88, 22, 100, 67, 73, 100, 34, 98, 0
7, 68, 22, 100, 54, 84, 42, 48, 15, 16, 0, 9, 50, 9, 100, 0, 2
6, 36, 60, 64, 74, 100, 19, 83, 62, 51, 100, 18, 40, 0, 0, 28, 8
42, 87, 3, 64, 0, 16, 55, 0, 100, 34, 88, 80, 29, 100, 4, 65, 0
6, 87, 50, 100, 62, 81, 22, 57, 70, 46, 100, 20, 59, 0, 0, 4, 3
20, 86, 0, 73, 82, 85, 35, 100, 19, 45, 30, 0, 100, 33, 24, 54, 8
75, 100, 4, 88, 0, 61, 74, 70, 100, 88, 82, 58, 56, 28, 51, 0, 9
0, 64, 56, 81, 100, 100, 96, 85, 80, 64, 68, 42, 44, 21, 36, 0, 1
0, 43, 33, 62, 70, 80, 100, 100, 80, 78, 66, 52, 58, 26, 58, 0, 1
32, 65, 44, 100, 89, 80, 81, 39, 46, 5, 0, 1, 48, 24, 100, 0, 2
41, 100, 36, 64, 0, 30, 45, 34, 96, 46, 87, 77, 89, 38, 100, 0, 4
17, 69, 0, 27, 42, 0, 92, 13, 100, 58, 63, 95, 11, 100, 0, 62, 0
93, 95, 40, 98, 9, 62, 0, 21, 47, 0, 100, 22, 99, 63, 69, 100, 0
46, 92, 11, 51, 20, 0, 84, 16, 100, 66, 51, 100, 0, 64, 8, 15, 0
39, 86, 6, 89, 39, 47, 53, 0, 0, 6, 10, 59, 42, 96, 100, 100, 5
57, 89, 100, 98, 70, 100, 33, 78, 37, 47, 77, 34, 45, 7, 0, 0, 5
0, 56, 31, 74, 60, 94, 80, 100, 86, 75, 90, 49, 95, 25, 100, 0, 1
0, 60, 39, 49, 100, 78, 57, 100, 10, 68, 88, 58, 80, 20, 11, 0, 9
0, 92, 38, 100, 80, 86, 66, 44, 60, 0, 45, 4, 53, 31, 100, 29, 7
5, 70, 8, 20, 49, 0, 93, 18, 100, 65, 67, 100, 20, 97, 0, 57, 0
76, 93, 28, 69, 100, 75, 34, 100, 38, 41, 0, 0, 72, 12, 21, 52, 8
62, 100, 29, 92, 0, 69, 11, 45, 89, 47, 100, 44, 54, 23, 32, 0, 4
60, 82, 71, 100, 100, 87, 73, 60, 100, 36, 79, 8, 37, 0, 0, 17, 3
42, 81, 52, 100, 96, 76, 72, 47, 77, 37, 100, 7, 39, 0, 0, 22, 3
100, 82, 65, 100, 38, 78, 73, 63, 85, 54, 82, 18, 44, 0, 0, 3, 9
66, 76, 78, 49, 100, 88, 50, 100, 70, 66, 86, 45, 60, 0, 0, 6, 9
9, 97, 56, 100, 91, 72, 74, 36, 58, 0, 100, 22, 63, 34, 0, 34, 7
5, 76, 29, 100, 100, 81, 55, 39, 0, 0, 61, 3, 15, 44, 21, 83, 8
53, 64, 100, 88, 52, 100, 29, 66, 60, 27, 30, 0, 0, 24, 46, 53, 8
49, 100, 20, 81, 0, 44, 17, 8, 71, 0, 100, 31, 85, 69, 41, 94, 0
28, 100, 5, 80, 0, 53, 17, 29, 62, 31, 100, 46, 92, 27, 87, 0, 4
30, 99, 0, 60, 61, 43, 52, 0, 15, 4, 15, 53, 35, 94, 100, 100, 5
21, 100, 9, 96, 0, 68, 39, 51, 100, 59, 99, 57, 91, 29, 89, 0, 4
42, 76, 74, 43, 100, 76, 42, 100, 66, 72, 100, 38, 71, 1, 0, 0, 9
41, 80, 73, 100, 92, 76, 57, 50, 100, 40, 86, 9, 37, 0, 0, 23, 3
17, 74, 20, 40, 39, 0, 84, 5, 100, 46, 83, 86, 35, 100, 0, 71, 0
12, 76, 46, 100, 67, 79, 52, 46, 26, 16, 0, 0, 55, 2, 100, 7, 2
19, 91, 58, 100, 100, 88, 69, 60, 51, 37, 93, 17, 53, 0, 0, 1, 3
59, 100, 31, 75, 0, 43, 30, 45, 93, 41, 100, 59, 83, 36, 82, 0, 4
16, 93, 35, 70, 100, 86, 26, 100, 46, 86, 86, 72, 52, 32, 0, 0, 9
93, 100, 42, 82, 12, 55, 0, 25, 33, 0, 100, 4, 75, 24, 13, 12, 6
90, 52, 79, 100, 0, 99, 19, 50, 66, 4, 16, 0, 34, 51, 100, 86, 8
37, 78, 15, 58, 49, 25, 18, 0, 0, 30, 1, 72, 49, 89, 100, 100, 5
20, 92, 10, 51, 68, 47, 45, 0, 2, 9, 0, 67, 39, 97, 100, 100, 5
34, 95, 0, 62, 42, 32, 47, 0, 7, 8, 13, 70, 51, 100, 100, 96, 5
98, 86, 69, 100, 34, 75, 76, 68, 90, 50, 100, 16, 53, 2, 0, 0, 9
47, 88, 72, 100, 65, 44, 36, 8, 0, 0, 27, 20, 63, 5, 100, 3, 2
0, 53, 40, 68, 75, 91, 100, 100, 94, 72, 88, 45, 87, 17, 87, 0, 1
10, 81, 41, 59, 100, 46, 89, 0, 31, 3, 0, 49, 10, 93, 75, 100, 5
15, 95, 0, 55, 2, 15, 48, 0, 92, 28, 100, 68, 63, 100, 6, 98, 0
100, 100, 45, 85, 12, 55, 0, 20, 45, 0, 94, 20, 59, 45, 3, 31, 6
39, 84, 83, 100, 84, 62, 55, 25, 9, 6, 0, 4, 50, 7, 100, 0, 2
28, 65, 41, 100, 63, 64, 55, 21, 31, 0, 0, 33, 50, 45, 100, 58, 7
35, 83, 69, 100, 100, 79, 84, 52, 47, 31, 0, 12, 14, 0, 77, 2, 2
72, 100, 44, 65, 0, 36, 39, 39, 100, 47, 83, 70, 55, 36, 35, 0, 4
0, 97, 56, 100, 93, 74, 92, 36, 74, 0, 100, 21, 88, 42, 30, 43, 7
0, 93, 34, 100, 59, 75, 45, 36, 22, 0, 19, 31, 53, 46, 100, 50, 7
0, 86, 22, 100, 58, 82, 38, 40, 16, 0, 5, 44, 51, 56, 100, 63, 7
1, 67, 44, 100, 100, 75, 64, 36, 17, 0, 100, 18, 42, 52, 0, 88, 8
22, 66, 47, 100, 66, 68, 38, 28, 0, 1, 7, 2, 53, 2, 100, 0, 2
0, 82, 31, 100, 47, 68, 36, 34, 8, 5, 12, 20, 60, 18, 100, 0, 2
0, 100, 50, 93, 100, 93, 91, 64, 74, 31, 54, 0, 18, 23, 66, 29, 7
20, 96, 18, 65, 53, 30, 27, 0, 0, 32, 0, 75, 44, 100, 100, 96, 5
42, 71, 79, 100, 73, 81, 58, 34, 38, 0, 0, 11, 50, 10, 100, 10, 1
0, 36, 30, 58, 66, 79, 100, 100, 91, 75, 83, 50, 80, 25, 72, 0, 1
0, 79, 35, 100, 74, 91, 52, 58, 19, 30, 13, 4, 58, 0, 100, 3, 2
92, 72, 36, 59, 1, 82, 54, 100, 100, 82, 80, 48, 40, 19, 0, 0, 9
40, 100, 0, 58, 20, 16, 92, 10, 100, 49, 77, 100, 66, 54, 62, 0, 4
29, 88, 90, 100, 69, 95, 12, 74, 35, 58, 100, 47, 64, 17, 0, 0, 5
39, 90, 79, 100, 100, 77, 80, 52, 43, 30, 0, 11, 28, 0, 89, 5, 2
100, 69, 70, 100, 0, 95, 20, 71, 87, 84, 87, 48, 71, 8, 11, 0, 9
0, 95, 52, 100, 59, 75, 50, 37, 54, 0, 19, 5, 43, 27, 100, 37, 7
28, 90, 58, 100, 97, 80, 69, 52, 86, 36, 100, 9, 51, 0, 0, 5, 3
1, 91, 51, 100, 100, 86, 62, 49, 33, 9, 15, 0, 0, 36, 75, 33, 7
0, 90, 28, 96, 86, 100, 100, 97, 71, 75, 55, 49, 44, 23, 42, 0, 7
36, 79, 61, 100, 72, 75, 55, 51, 100, 38, 96, 10, 48, 0, 0, 2, 3
51, 100, 14, 84, 0, 53, 60, 47, 100, 69, 78, 61, 50, 31, 37, 0, 4
35, 84, 63, 100, 92, 81, 65, 54, 32, 30, 0, 6, 48, 1, 100, 0, 2
32, 68, 0, 100, 38, 71, 100, 37, 75, 0, 13, 18, 35, 59, 90, 95, 8
98, 64, 52, 70, 12, 89, 68, 100, 100, 76, 86, 45, 48, 20, 0, 0, 9
0, 95, 69, 100, 99, 71, 82, 35, 63, 0, 40, 18, 26, 47, 100, 50, 7
100, 100, 64, 86, 28, 57, 3, 24, 29, 0, 80, 15, 50, 34, 0, 18, 6
58, 100, 21, 78, 0, 47, 39, 23, 87, 34, 100, 61, 69, 32, 54, 0, 4
40, 74, 87, 93, 100, 100, 81, 73, 79, 47, 64, 20, 15, 0, 0, 6, 1
28, 74, 57, 100, 81, 74, 38, 47, 78, 49, 100, 18, 49, 0, 0, 12, 3
91, 100, 42, 86, 0, 11, 52, 0, 100, 70, 39, 77, 76, 71, 21, 7, 0
30, 58, 79, 91, 100, 100, 88, 60, 79, 20, 16, 0, 0, 1, 86, 2, 1
96, 98, 44, 100, 5, 72, 0, 36, 38, 8, 100, 6, 61, 21, 11, 0, 6
37, 100, 13, 73, 0, 45, 64, 40, 100, 50, 75, 61, 58, 30, 43, 0, 4
15, 87, 55, 100, 100, 99, 84, 77, 52, 57, 63, 33, 41, 10, 0, 0, 3
93, 100, 53, 77, 25, 49, 8, 19, 44, 0, 100, 11, 59, 18, 0, 10, 6
0, 84, 31, 100, 43, 60, 39, 16, 27, 0, 14, 27, 57, 30, 100, 33, 7
93, 100, 39, 81, 10, 46, 11, 7, 71, 2, 100, 35, 37, 32, 0, 0, 6
40, 100, 0, 81, 15, 58, 100, 57, 47, 87, 50, 88, 40, 42, 36, 0, 4
58, 64, 100, 96, 27, 100, 0, 63, 79, 65, 91, 72, 48, 36, 10, 0, 9
20, 71, 0, 29, 31, 0, 78, 12, 100, 51, 84, 93, 37, 100, 8, 66, 0
100, 100, 73, 95, 40, 69, 14, 39, 2, 2, 39, 0, 37, 29, 0, 14, 6
77, 96, 38, 100, 58, 77, 99, 86, 100, 50, 84, 12, 43, 0, 0, 0, 9
100, 93, 48, 100, 27, 69, 30, 33, 16, 0, 0, 26, 41, 51, 100, 58, 8
53, 67, 80, 44, 67, 7, 0, 0, 35, 36, 83, 68, 100, 100, 25, 80, 8
27, 82, 65, 100, 100, 89, 69, 62, 33, 39, 0, 15, 37, 1, 88, 0, 2
100, 98, 71, 100, 42, 88, 35, 55, 59, 41, 61, 16, 31, 3, 0, 0, 5
77, 64, 100, 96, 45, 100, 35, 63, 34, 25, 0, 0, 0, 36, 48, 62, 8
80, 100, 28, 81, 44, 70, 89, 82, 89, 54, 100, 25, 69, 4, 0, 0, 9
97, 100, 45, 84, 0, 62, 2, 46, 48, 41, 100, 45, 58, 23, 21, 0, 4
0, 87, 18, 95, 89, 100, 100, 79, 64, 41, 38, 0, 1, 10, 52, 24, 7
83, 74, 74, 100, 42, 73, 51, 36, 46, 0, 0, 12, 35, 41, 100, 54, 8
100, 100, 93, 86, 73, 72, 57, 57, 40, 44, 23, 29, 10, 15, 0, 0, 1
11, 95, 8, 55, 56, 35, 33, 0, 0, 25, 1, 65, 43, 92, 100, 100, 5
100, 93, 74, 100, 30, 74, 0, 44, 2, 10, 57, 0, 96, 23, 44, 33, 6
25, 100, 16, 73, 0, 44, 57, 40, 100, 54, 88, 58, 65, 29, 51, 0, 4
100, 100, 74, 90, 28, 68, 0, 44, 77, 46, 72, 48, 37, 23, 9, 0, 4
95, 75, 42, 100, 14, 74, 80, 39, 73, 0, 0, 20, 47, 59, 100, 84, 8
10, 100, 0, 77, 30, 60, 73, 55, 100, 71, 77, 53, 64, 27, 57, 0, 4
100, 100, 58, 91, 24, 69, 2, 42, 0, 12, 39, 0, 49, 26, 4, 37, 6
77, 93, 35, 77, 83, 37, 72, 0, 0, 18, 37, 60, 100, 94, 75, 100, 8
100, 100, 64, 81, 35, 60, 13, 37, 0, 14, 31, 0, 53, 21, 5, 24, 6
0, 96, 43, 100, 76, 92, 54, 48, 36, 0, 21, 13, 56, 32, 100, 36, 7
99, 89, 26, 100, 27, 68, 83, 32, 40, 0, 0, 27, 63, 61, 100, 91, 8
31, 56, 100, 80, 48, 100, 0, 67, 61, 52, 98, 71, 63, 33, 24, 0, 9
39, 88, 0, 66, 68, 60, 68, 15, 8, 0, 19, 47, 31, 95, 100, 100, 5
0, 95, 41, 100, 59, 67, 51, 27, 40, 0, 12, 32, 52, 47, 100, 55, 7
41, 93, 32, 64, 32, 23, 0, 0, 0, 32, 51, 56, 100, 82, 58, 100, 8
0, 67, 44, 80, 88, 100, 100, 88, 88, 66, 69, 44, 50, 22, 50, 0, 1
27, 69, 0, 35, 8, 0, 60, 12, 90, 44, 100, 81, 57, 100, 13, 80, 0
19, 86, 0, 47, 5, 4, 50, 0, 90, 29, 100, 70, 68, 100, 35, 75, 0
0, 44, 11, 72, 48, 93, 98, 100, 100, 74, 70, 50, 64, 27, 82, 0, 3
0, 88, 53, 100, 100, 92, 66, 62, 37, 30, 35, 0, 7, 32, 62, 36, 7
9, 84, 44, 100, 67, 78, 27, 55, 83, 44, 100, 14, 48, 0, 0, 3, 3
97, 88, 41, 100, 31, 59, 98, 67, 100, 91, 97, 46, 75, 2, 0, 0, 9
27, 76, 41, 100, 100, 94, 79, 66, 86, 45, 94, 16, 39, 0, 0, 10, 3
86, 100, 38, 72, 7, 38, 14, 3, 82, 0, 100, 34, 44, 50, 0, 28, 6
100, 92, 65, 100, 46, 85, 49, 58, 77, 42, 67, 18, 35, 6, 0, 0, 5
46, 100, 28, 86, 6, 42, 23, 0, 82, 13, 100, 56, 62, 92, 0, 88, 0
0, 92, 52, 100, 98, 83, 100, 48, 85, 13, 59, 0, 44, 17, 99, 18, 7
67, 100, 25, 89, 0, 51, 4, 8, 49, 0, 88, 26, 100, 68, 67, 97, 0
70, 100, 33, 89, 0, 56, 2, 18, 62, 0, 100, 27, 40, 43, 0, 17, 6
15, 100, 0, 84, 6, 64, 65, 60, 100, 62, 81, 42, 71, 21, 73, 0, 4
32, 100, 0, 70, 11, 24, 56, 0, 100, 22, 95, 68, 55, 98, 15, 77, 0
41, 100, 45, 99, 10, 77, 0, 58, 59, 49, 100, 49, 71, 25, 58, 0, 4
0, 78, 38, 98, 86, 100, 76, 66, 79, 52, 100, 28, 65, 0, 24, 9, 3
65, 80, 59, 100, 2, 75, 73, 45, 100, 10, 0, 0, 8, 33, 78, 63, 8
8, 91, 12, 53, 59, 36, 26, 0, 5, 32, 0, 79, 42, 98, 100, 100, 5
58, 100, 3, 99, 0, 64, 57, 65, 71, 70, 100, 30, 70, 0, 13, 3, 9
91, 93, 80, 100, 43, 77, 0, 55, 54, 47, 100, 50, 69, 25, 38, 0, 4
88, 63, 73, 100, 25, 98, 0, 55, 11, 11, 57, 0, 100, 23, 98, 68, 0
54, 100, 14, 71, 0, 38, 68, 33, 100, 47, 61, 76, 50, 38, 54, 0, 4
32, 76, 51, 100, 70, 73, 39, 41, 0, 17, 10, 18, 54, 0, 100, 6, 2
2, 75, 28, 100, 66, 95, 48, 65, 22, 37, 0, 7, 47, 0, 100, 1, 2
77, 100, 48, 75, 16, 52, 0, 26, 47, 18, 100, 36, 89, 25, 79, 0, 4
43, 72, 0, 89, 46, 100, 67, 76, 49, 47, 26, 19, 46, 0, 100, 3, 2
85, 98, 17, 99, 21, 61, 66, 23, 15, 0, 0, 35, 61, 68, 100, 100, 8
0, 80, 22, 100, 57, 95, 46, 59, 25, 27, 31, 0, 67, 9, 100, 21, 2
41, 84, 59, 100, 53, 69, 28, 40, 0, 14, 32, 16, 67, 0, 100, 21, 2
0, 77, 18, 100, 23, 90, 25, 57, 26, 25, 2, 0, 13, 4, 100, 8, 1
12, 90, 0, 83, 42, 94, 100, 100, 83, 77, 61, 51, 41, 26, 35, 0, 7
0, 96, 46, 100, 73, 68, 61, 34, 34, 0, 4, 1, 28, 23, 100, 30, 7
27, 69, 56, 100, 64, 87, 58, 47, 37, 12, 0, 0, 50, 2, 100, 5, 1
6, 100, 0, 67, 56, 36, 70, 0, 58, 22, 100, 57, 100, 91, 0, 95, 8
67, 74, 73, 100, 0, 79, 71, 43, 98, 0, 9, 7, 33, 51, 100, 77, 8
65, 100, 35, 85, 4, 54, 0, 20, 48, 0, 100, 24, 67, 51, 7, 36, 6
33, 93, 16, 53, 69, 34, 24, 0, 0, 19, 10, 66, 34, 100, 100, 99, 5
0, 64, 34, 76, 73, 94, 100, 100, 82, 75, 67, 50, 53, 25, 42, 0, 1
10, 86, 69, 100, 39, 91, 3, 66, 44, 47, 100, 36, 61, 11, 0, 0, 5
59, 100, 11, 75, 0, 43, 100, 49, 66, 80, 70, 83, 73, 32, 74, 0, 4
23, 86, 68, 100, 91, 74, 53, 49, 9, 33, 0, 8, 49, 1, 100, 0, 2
0, 88, 29, 100, 65, 86, 62, 40, 52, 0, 35, 43, 61, 53, 100, 52, 7
0, 68, 43, 82, 90, 100, 100, 94, 87, 71, 78, 47, 76, 23, 81, 0, 1
70, 100, 14, 87, 66, 79, 87, 81, 98, 52, 100, 21, 58, 0, 0, 6, 9
38, 88, 51, 100, 60, 74, 35, 47, 0, 24, 9, 16, 51, 0, 100, 9, 2
100, 93, 66, 100, 27, 93, 0, 65, 31, 55, 66, 40, 47, 10, 7, 0, 5
11, 100, 45, 66, 100, 33, 82, 0, 16, 19, 47, 53, 89, 87, 0, 87, 8
0, 85, 41, 100, 70, 82, 54, 53, 100, 49, 90, 21, 51, 2, 5, 0, 3
24, 76, 0, 48, 25, 2, 83, 0, 100, 50, 82, 100, 28, 84, 8, 34, 0
49, 100, 0, 79, 9, 49, 100, 50, 86, 78, 49, 86, 44, 43, 48, 0, 4
19, 64, 10, 25, 46, 0, 85, 19, 100, 64, 73, 100, 29, 99, 0, 66, 0
20, 76, 39, 100, 56, 79, 32, 46, 0, 22, 21, 18, 59, 1, 100, 0, 2
56, 92, 36, 64, 100, 46, 72, 5, 1, 0, 0, 44, 18, 87, 92, 100, 5
30, 100, 0, 72, 13, 43, 66, 40, 100, 62, 92, 60, 68, 30, 49, 0, 4
36, 88, 23, 59, 100, 55, 92, 16, 20, 0, 0, 35, 8, 76, 73, 100, 5
24, 73, 0, 38, 13, 0, 66, 10, 96, 44, 100, 83, 55, 100, 9, 78, 0
26, 88, 0, 49, 9, 5, 61, 0, 100, 30, 94, 73, 52, 100, 4, 83, 0
11, 87, 14, 61, 58, 36, 24, 0, 0, 28, 9, 77, 41, 100, 100, 94, 5
77, 100, 41, 76, 14, 51, 0, 24, 22, 0, 82, 4, 100, 28, 45, 36, 6
0, 72, 33, 92, 73, 100, 69, 72, 48, 46, 30, 19, 55, 0, 100, 0, 2
31, 89, 51, 100, 52, 67, 31, 39, 0, 19, 27, 9, 63, 0, 100, 14, 2
58, 100, 11, 92, 0, 62, 73, 57, 100, 81, 67, 94, 58, 47, 55, 0, 4
22, 100, 0, 68, 0, 28, 40, 0, 89, 25, 100, 64, 65, 96, 1, 88, 0
0, 72, 29, 81, 89, 100, 100, 85, 79, 64, 54, 42, 36, 21, 32, 0, 1
100, 84, 19, 100, 0, 67, 64, 34, 67, 0, 5, 19, 58, 55, 77, 89, 8
0, 76, 13, 100, 63, 100, 100, 96, 75, 73, 50, 48, 30, 23, 46, 0, 7
100, 79, 30, 100, 18, 66, 79, 27, 21, 0, 0, 35, 87, 65, 67, 92, 8
100, 94, 43, 100, 31, 59, 91, 69, 100, 86, 98, 39, 65, 0, 0, 1, 9
56, 93, 0, 95, 60, 65, 100, 29, 49, 0, 9, 28, 39, 66, 37, 100, 8
61, 100, 0, 90, 53, 61, 100, 29, 56, 0, 9, 21, 50, 57, 86, 92, 8
61, 100, 32, 73, 0, 44, 28, 36, 81, 54, 100, 63, 90, 31, 80, 0, 4
29, 69, 48, 100, 61, 71, 35, 35, 0, 5, 0, 0, 50, 2, 100, 14, 2
56, 83, 78, 50, 100, 11, 19, 0, 25, 37, 80, 71, 83, 100, 0, 84, 8
0, 61, 37, 90, 53, 100, 52, 64, 45, 28, 2, 0, 27, 2, 100, 3, 1
79, 100, 33, 72, 0, 41, 34, 20, 100, 32, 92, 63, 60, 32, 31, 0, 4
6, 66, 32, 98, 55, 100, 44, 62, 30, 26, 0, 0, 50, 5, 100, 7, 1
100, 100, 52, 83, 17, 52, 2, 18, 40, 0, 81, 23, 55, 47, 0, 38, 6
0, 78, 36, 100, 38, 97, 37, 60, 35, 23, 1, 0, 43, 7, 100, 6, 1
100, 98, 71, 100, 49, 99, 47, 70, 75, 55, 56, 32, 28, 15, 0, 0, 5
100, 100, 91, 90, 76, 75, 62, 60, 44, 45, 29, 30, 15, 15, 0, 0, 1
16, 89, 0, 68, 28, 92, 95, 100, 100, 89, 83, 58, 68, 27, 65, 0, 7
100, 100, 53, 95, 53, 58, 67, 21, 20, 0, 0, 25, 53, 46, 94, 69, 8
0, 79, 46, 100, 82, 84, 36, 59, 70, 49, 100, 21, 50, 0, 6, 15, 3
0, 85, 28, 100, 53, 82, 31, 50, 7, 19, 25, 0, 63, 3, 100, 4, 2
37, 100, 0, 83, 11, 58, 100, 58, 39, 91, 32, 90, 32, 39, 29, 0, 4
22, 71, 44, 100, 56, 74, 32, 32, 0, 0, 18, 15, 59, 24, 100, 38, 2
0, 81, 31, 100, 60, 80, 61, 31, 50, 0, 29, 37, 64, 45, 100, 48, 7
56, 100, 15, 74, 0, 39, 58, 48, 100, 78, 86, 69, 58, 35, 30, 0, 4
15, 100, 39, 92, 0, 61, 1, 36, 72, 36, 100, 54, 85, 36, 80, 0, 4
49, 92, 8, 61, 0, 16, 56, 0, 97, 35, 100, 81, 51, 100, 28, 60, 0
67, 86, 100, 100, 79, 83, 58, 67, 38, 50, 21, 33, 4, 17, 0, 0, 1
0, 87, 65, 67, 100, 32, 78, 0, 40, 30, 60, 66, 80, 100, 4, 94, 8
66, 100, 26, 87, 0, 68, 54, 63, 100, 57, 64, 40, 33, 21, 9, 0, 4
20, 63, 40, 98, 44, 100, 40, 63, 40, 25, 0, 1, 20, 1, 100, 0, 1
11, 95, 46, 96, 100, 100, 67, 71, 35, 39, 18, 0, 0, 29, 39, 30, 7
57, 88, 4, 100, 0, 63, 63, 33, 100, 0, 28, 14, 49, 52, 91, 87, 8
0, 100, 17, 94, 71, 87, 51, 49, 32, 11, 8, 0, 24, 22, 100, 35, 7
6, 67, 31, 100, 66, 91, 48, 52, 17, 19, 0, 0, 50, 3, 100, 3, 2
36, 86, 91, 100, 61, 91, 21, 65, 58, 48, 100, 27, 59, 4, 0, 0, 5
55, 100, 5, 69, 0, 45, 91, 53, 100, 79, 57, 95, 47, 45, 22, 0, 4
0, 86, 46, 100, 88, 77, 78, 36, 51, 0, 11, 26, 45, 37, 100, 42, 7
22, 85, 61, 100, 99, 79, 61, 54, 74, 42, 100, 15, 52, 0, 0, 13, 3
84, 100, 33, 78, 0, 50, 43, 34, 100, 45, 98, 57, 62, 30, 39, 0, 4
14, 78, 56, 100, 88, 80, 71, 41, 36, 12, 0, 0, 49, 12, 100, 7, 2
100, 100, 63, 98, 38, 91, 42, 66, 77, 56, 60, 34, 30, 16, 0, 0, 5
0, 92, 52, 62, 100, 32, 79, 0, 15, 10, 42, 42, 82, 74, 61, 100, 8
0, 35, 44, 64, 61, 100, 61, 48, 31, 10, 0, 0, 54, 2, 100, 1, 1
40, 89, 28, 61, 58, 28, 23, 0, 0, 24, 6, 63, 45, 92, 100, 100, 5
40, 97, 2, 65, 0, 9, 51, 0, 94, 46, 100, 100, 38, 95, 14, 44, 0
0, 46, 49, 68, 72, 100, 68, 88, 64, 55, 55, 22, 9, 1, 100, 0, 1
34, 81, 30, 59, 100, 51, 90, 14, 22, 0, 0, 43, 20, 92, 90, 100, 5
6, 95, 53, 100, 72, 68, 63, 33, 43, 0, 0, 20, 43, 40, 100, 48, 7
20, 80, 46, 95, 100, 100, 80, 76, 86, 50, 99, 23, 53, 7, 0, 0, 3
46, 100, 19, 78, 0, 43, 85, 40, 100, 58, 68, 75, 58, 38, 60, 0, 4
86, 100, 47, 80, 14, 54, 0, 26, 17, 0, 100, 8, 92, 33, 19, 50, 6
16, 72, 35, 100, 46, 74, 26, 42, 0, 13, 4, 3, 53, 0, 100, 4, 2
63, 89, 100, 100, 85, 96, 39, 88, 43, 64, 70, 32, 40, 0, 0, 9, 5
0, 100, 76, 97, 100, 65, 75, 32, 44, 0, 1, 6, 21, 26, 100, 23, 7
25, 92, 29, 62, 86, 43, 56, 3, 0, 0, 8, 53, 38, 94, 100, 100, 5
65, 100, 18, 88, 0, 52, 11, 17, 58, 0, 99, 23, 100, 60, 85, 96, 0
80, 98, 0, 95, 55, 68, 100, 34, 52, 0, 0, 24, 31, 64, 29, 100, 8
25, 67, 54, 100, 56, 78, 51, 34, 20, 4, 0, 9, 51, 4, 100, 0, 1
76, 99, 51, 100, 15, 64, 0, 25, 46, 0, 100, 22, 41, 42, 3, 17, 6
18, 82, 0, 38, 23, 0, 70, 6, 100, 41, 85, 83, 39, 100, 4, 74, 0
0, 55, 43, 71, 90, 91, 100, 100, 94, 75, 87, 50, 76, 25, 69, 0, 1
2, 70, 0, 100, 51, 100, 65, 67, 41, 33, 6, 4, 47, 0, 100, 2, 2
0, 74, 29, 100, 65, 86, 73, 44, 64, 0, 31, 8, 60, 35, 100, 40, 7
100, 100, 78, 83, 56, 57, 40, 31, 44, 3, 92, 8, 46, 14, 0, 0, 6
73, 90, 0, 100, 2, 65, 57, 30, 20, 0, 2, 34, 59, 69, 100, 98, 8
100, 98, 66, 100, 38, 98, 32, 73, 59, 60, 48, 37, 24, 19, 0, 0, 5
99, 69, 77, 100, 51, 72, 88, 79, 100, 59, 84, 15, 38, 0, 0, 7, 9
52, 100, 49, 99, 0, 63, 99, 53, 100, 81, 81, 84, 77, 42, 86, 0, 4
45, 99, 9, 100, 0, 75, 36, 56, 100, 63, 98, 49, 80, 25, 82, 0, 4
26, 83, 26, 14, 66, 3, 100, 47, 89, 100, 45, 86, 6, 47, 0, 0, 0
33, 64, 58, 100, 94, 90, 67, 51, 28, 19, 0, 15, 49, 16, 100, 0, 2
77, 87, 98, 82, 78, 100, 52, 67, 97, 65, 100, 23, 49, 0, 0, 16, 9
26, 100, 0, 84, 22, 56, 100, 57, 52, 92, 48, 85, 44, 36, 40, 0, 4
19, 99, 90, 100, 57, 94, 12, 73, 52, 60, 100, 35, 66, 0, 0, 5, 5
60, 95, 84, 73, 85, 100, 36, 87, 99, 76, 100, 39, 64, 9, 0, 0, 9
53, 100, 27, 65, 97, 33, 82, 0, 27, 20, 70, 58, 100, 97, 0, 91, 8
0, 80, 31, 100, 70, 90, 53, 62, 27, 37, 7, 10, 48, 0, 100, 1, 2
7, 77, 43, 100, 59, 77, 36, 41, 3, 10, 0, 0, 54, 0, 100, 20, 2
0, 54, 26, 89, 36, 100, 32, 61, 40, 22, 4, 0, 40, 3, 100, 4, 1
92, 90, 51, 100, 34, 76, 87, 79, 100, 67, 92, 29, 53, 4, 0, 0, 9
65, 87, 100, 100, 73, 87, 37, 74, 64, 58, 67, 21, 36, 0, 0, 12, 5
37, 95, 7, 60, 65, 60, 65, 11, 0, 0, 16, 50, 30, 95, 100, 100, 5
78, 100, 17, 99, 24, 73, 83, 80, 100, 68, 98, 30, 61, 2, 0, 0, 9
46, 100, 6, 79, 0, 48, 67, 43, 100, 73, 77, 61, 45, 31, 19, 0, 4
16, 82, 51, 50, 100, 17, 13, 0, 0, 32, 60, 65, 89, 100, 16, 84, 8
88, 82, 39, 100, 4, 68, 100, 35, 84, 0, 0, 22, 49, 62, 84, 93, 8
100, 92, 66, 100, 39, 82, 42, 57, 70, 38, 64, 9, 32, 0, 0, 8, 5
31, 75, 53, 100, 68, 77, 49, 45, 21, 16, 0, 1, 50, 5, 100, 0, 2
55, 92, 100, 100, 73, 86, 43, 59, 72, 40, 89, 12, 46, 0, 0, 0, 5
91, 100, 77, 80, 11, 58, 0, 37, 97, 45, 100, 50, 51, 26, 29, 0, 4
0, 98, 53, 100, 84, 72, 62, 34, 43, 0, 1, 26, 44, 37, 100, 38, 7
60, 100, 27, 82, 0, 58, 49, 46, 86, 55, 86, 63, 87, 31, 100, 0, 4
51, 100, 45, 99, 11, 65, 0, 25, 43, 0, 100, 20, 74, 48, 15, 31, 6
72, 91, 29, 94, 52, 47, 61, 0, 0, 17, 45, 56, 100, 93, 45, 100, 8
100, 100, 93, 85, 67, 72, 47, 58, 27, 42, 7, 28, 0, 14, 13, 0, 1
34, 87, 71, 100, 80, 75, 65, 52, 100, 37, 84, 11, 44, 0, 0, 1, 3
93, 100, 42, 95, 60, 70, 99, 100, 97, 77, 100, 37, 58, 9, 0, 0, 9
83, 61, 59, 100, 17, 86, 0, 41, 20, 0, 68, 3, 100, 36, 91, 74, 0
97, 66, 100, 100, 53, 84, 59, 43, 50, 4, 0, 0, 25, 36, 83, 57, 8
16, 69, 51, 100, 60, 91, 56, 54, 60, 17, 0, 4, 29, 0, 100, 2, 1
100, 97, 74, 100, 42, 89, 31, 56, 59, 39, 67, 10, 34, 0, 0, 0, 5
0, 55, 34, 87, 53, 100, 49, 63, 47, 26, 12, 0, 34, 5, 100, 5, 1
0, 60, 39, 74, 73, 91, 100, 100, 80, 75, 67, 51, 51, 25, 39, 0, 1
100, 100, 70, 89, 55, 74, 39, 60, 21, 45, 9, 30, 0, 15, 0, 0, 1
87, 95, 34, 100, 57, 77, 100, 96, 88, 70, 99, 28, 57, 2, 0, 0, 9
0, 89, 25, 100, 31, 68, 17, 37, 11, 9, 40, 4, 70, 3, 100, 0, 2
100, 80, 73, 100, 68, 62, 69, 22, 27, 0, 0, 29, 45, 50, 93, 63, 8
95, 77, 46, 100, 5, 71, 54, 55, 95, 75, 100, 28, 62, 0, 0, 6, 9
45, 79, 73, 100, 83, 83, 89, 55, 100, 27, 76, 4, 38, 0, 0, 5, 3
36, 80, 67, 100, 100, 92, 75, 63, 99, 41, 94, 16, 49, 3, 0, 0, 3
0, 76, 44, 84, 100, 100, 81, 80, 64, 60, 42, 40, 28, 20, 8, 0, 1
100, 100, 57, 79, 27, 58, 7, 35, 0, 12, 50, 0, 97, 17, 50, 27, 6
0, 84, 45, 100, 100, 95, 99, 65, 65, 38, 24, 15, 29, 1, 86, 0, 2
46, 100, 0, 100, 7, 61, 63, 30, 48, 0, 8, 28, 50, 64, 100, 98, 8
45, 84, 75, 100, 100, 79, 79, 54, 79, 40, 90, 17, 49, 0, 0, 8, 3
16, 56, 30, 100, 54, 79, 36, 31, 0, 3, 19, 9, 60, 7, 100, 0, 2
20, 85, 23, 62, 55, 30, 18, 0, 0, 22, 0, 57, 29, 88, 100, 100, 5
0, 81, 38, 100, 84, 100, 81, 67, 69, 33, 63, 0, 50, 21, 100, 27, 7
1, 90, 53, 100, 73, 77, 22, 60, 62, 53, 100, 26, 55, 4, 0, 0, 3
100, 100, 81, 85, 65, 72, 47, 58, 33, 44, 16, 29, 9, 15, 0, 0, 1
0, 82, 0, 42, 17, 6, 68, 0, 100, 31, 96, 69, 64, 100, 17, 93, 0
0, 88, 35, 100, 73, 97, 98, 69, 91, 26, 68, 0, 62, 14, 100, 12, 7
60, 83, 100, 100, 93, 91, 60, 73, 40, 55, 20, 36, 7, 18, 0, 0, 1
100, 100, 47, 84, 14, 51, 0, 13, 44, 0, 79, 31, 43, 51, 10, 19, 6
91, 100, 26, 98, 49, 62, 100, 78, 100, 78, 99, 34, 62, 0, 0, 19, 9
100, 100, 40, 84, 0, 45, 0, 0, 57, 17, 38, 50, 14, 52, 57, 27, 6
51, 100, 14, 75, 0, 46, 52, 34, 100, 45, 82, 59, 67, 29, 55, 0, 4
0, 88, 49, 100, 98, 83, 75, 41, 45, 1, 63, 0, 100, 27, 37, 30, 7
38, 100, 16, 86, 0, 51, 55, 45, 92, 70, 100, 72, 95, 36, 95, 0, 4
100, 93, 72, 100, 30, 96, 0, 71, 22, 64, 59, 52, 50, 18, 17, 0, 5
0, 93, 42, 100, 58, 73, 35, 43, 2, 20, 12, 7, 55, 1, 100, 0, 2
26, 70, 0, 38, 14, 0, 65, 4, 93, 40, 100, 79, 60, 100, 21, 74, 0
23, 82, 71, 100, 89, 68, 77, 33, 52, 0, 0, 21, 38, 45, 100, 51, 7
84, 88, 7, 100, 11, 65, 66, 31, 33, 0, 0, 32, 61, 65, 100, 88, 8
45, 100, 7, 61, 0, 10, 60, 0, 100, 43, 96, 93, 38, 96, 15, 48, 0
0, 89, 43, 100, 74, 76, 70, 37, 54, 0, 27, 20, 53, 48, 100, 56, 7
74, 94, 100, 100, 68, 84, 79, 57, 95, 30, 74, 6, 37, 0, 0, 8, 5
100, 88, 100, 100, 83, 83, 65, 66, 46, 50, 28, 33, 11, 17, 0, 0, 1
54, 100, 0, 79, 17, 60, 100, 60, 85, 86, 50, 82, 38, 36, 33, 0, 4
76, 100, 37, 78, 0, 49, 32, 29, 100, 28, 85, 59, 59, 32, 40, 0, 4
69, 63, 100, 100, 12, 100, 0, 66, 86, 77, 99, 75, 67, 35, 49, 0, 9
33, 100, 0, 80, 19, 52, 100, 58, 99, 79, 63, 79, 55, 39, 54, 0, 4
52, 81, 74, 100, 97, 89, 69, 66, 100, 46, 95, 20, 57, 0, 0, 2, 3
73, 100, 16, 99, 42, 83, 96, 97, 100, 61, 99, 23, 57, 0, 0, 5, 9
0, 44, 31, 59, 67, 79, 100, 100, 93, 79, 76, 54, 69, 26, 71, 0, 1
29, 62, 52, 100, 50, 95, 52, 54, 52, 12, 0, 0, 45, 4, 100, 5, 1
15, 75, 56, 100, 92, 79, 64, 45, 71, 41, 100, 15, 48, 0, 0, 17, 3
33, 76, 100, 100, 46, 72, 3, 40, 0, 5, 81, 0, 93, 26, 6, 19, 6
86, 85, 40, 100, 33, 67, 100, 34, 98, 0, 0, 18, 29, 53, 98, 86, 8
5, 91, 0, 49, 50, 37, 17, 0, 2, 35, 5, 85, 40, 100, 100, 100, 5
29, 81, 6, 54, 22, 7, 76, 0, 100, 45, 87, 93, 34, 100, 0, 64, 0
90, 62, 52, 42, 30, 69, 68, 100, 100, 73, 86, 33, 52, 0, 0, 4, 9
0, 69, 43, 96, 59, 100, 51, 60, 46, 20, 13, 0, 42, 6, 100, 10, 1
13, 97, 54, 100, 82, 64, 65, 18, 41, 0, 0, 27, 48, 38, 100, 40, 7
0, 49, 52, 62, 95, 82, 100, 100, 84, 75, 71, 50, 59, 25, 57, 0, 1
3, 60, 17, 100, 23, 84, 24, 40, 8, 3, 0, 0, 50, 5, 100, 11, 1
28, 69, 100, 87, 40, 100, 0, 67, 80, 68, 91, 70, 45, 35, 7, 0, 9
7, 72, 39, 100, 64, 72, 42, 31, 0, 5, 2, 7, 52, 1, 100, 0, 2
91, 60, 70, 100, 16, 88, 32, 50, 87, 76, 100, 27, 58, 0, 0, 6, 9
85, 81, 44, 100, 28, 68, 68, 34, 68, 0, 0, 9, 50, 40, 100, 72, 8
0, 32, 25, 56, 59, 79, 100, 100, 74, 77, 48, 52, 25, 27, 14, 0, 1
100, 96, 50, 100, 45, 61, 91, 75, 94, 78, 93, 35, 57, 0, 0, 1, 9
4, 69, 57, 50, 46, 6, 0, 0, 46, 40, 100, 77, 82, 100, 5, 72, 8
0, 50, 51, 73, 85, 100, 75, 67, 53, 36, 15, 8, 25, 2, 100, 0, 1
49, 83, 99, 100, 94, 92, 49, 67, 61, 44, 100, 23, 55, 0, 0, 0, 5
7, 64, 39, 98, 47, 100, 47, 59, 44, 18, 0, 0, 37, 4, 100, 4, 1
96, 100, 77, 91, 33, 58, 10, 19, 67, 0, 100, 31, 60, 62, 0, 37, 6
42, 76, 27, 30, 55, 0, 90, 30, 100, 77, 65, 100, 25, 79, 0, 40, 0
0, 85, 32, 100, 64, 87, 50, 57, 28, 29, 24, 0, 63, 5, 100, 15, 2
77, 94, 31, 100, 52, 86, 92, 96, 94, 62, 100, 28, 71, 0, 0, 0, 9
15, 78, 44, 100, 100, 95, 76, 69, 37, 44, 0, 21, 14, 0, 83, 3, 2
86, 88, 61, 100, 49, 71, 95, 80, 100, 60, 95, 22, 51, 0, 0, 2, 9
64, 89, 96, 100, 88, 74, 63, 48, 100, 31, 91, 8, 46, 0, 0, 3, 3
81, 100, 6, 97, 38, 62, 100, 30, 58, 0, 0, 22, 42, 61, 96, 96, 8
21, 100, 62, 95, 57, 54, 53, 13, 38, 0, 0, 19, 49, 17, 100, 16, 7
100, 100, 63, 77, 32, 52, 12, 24, 28, 0, 76, 19, 51, 37, 0, 22, 6
75, 89, 29, 97, 0, 63, 2, 24, 45, 0, 89, 23, 100, 62, 85, 100, 0
0, 88, 47, 100, 96, 90, 100, 59, 80, 28, 53, 0, 37, 29, 88, 25, 7
0, 76, 32, 90, 43, 100, 45, 66, 43, 32, 26, 0, 45, 1, 100, 0, 1
0, 94, 63, 100, 85, 71, 72, 35, 57, 0, 24, 26, 43, 40, 100, 37, 7
17, 74, 42, 100, 100, 98, 73, 70, 86, 51, 95, 24, 53, 0, 0, 3, 3
100, 77, 70, 100, 33, 75, 31, 36, 17, 0, 0, 17, 39, 45, 93, 62, 8
14, 71, 72, 93, 100, 100, 77, 71, 53, 43, 28, 16, 0, 0, 91, 2, 1
44, 100, 11, 69, 0, 30, 27, 0, 79, 17, 100, 53, 80, 89, 24, 91, 0
100, 100, 80, 87, 61, 73, 43, 59, 30, 45, 16, 30, 5, 15, 0, 0, 1
19, 100, 0, 61, 10, 20, 53, 0, 93, 25, 100, 66, 67, 98, 19, 87, 0
18, 70, 49, 100, 47, 86, 36, 40, 4, 7, 0, 0, 50, 4, 100, 9, 1
81, 100, 42, 70, 0, 41, 32, 36, 100, 38, 98, 51, 78, 34, 72, 0, 4
53, 93, 0, 64, 51, 34, 53, 0, 18, 17, 0, 54, 16, 88, 100, 100, 5
0, 62, 16, 100, 37, 82, 24, 42, 8, 8, 38, 2, 69, 0, 100, 0, 2
54, 88, 80, 100, 81, 68, 68, 41, 100, 23, 76, 1, 36, 0, 0, 13, 3
47, 85, 12, 75, 0, 34, 26, 0, 74, 8, 100, 44, 92, 85, 47, 100, 0
89, 91, 34, 100, 39, 66, 74, 31, 49, 0, 0, 19, 46, 49, 100, 76, 8
10, 81, 44, 100, 57, 74, 32, 42, 0, 16, 16, 5, 58, 4, 100, 0, 2
0, 52, 44, 70, 69, 100, 69, 72, 51, 41, 20, 11, 9, 1, 100, 0, 1
16, 97, 76, 100, 80, 61, 56, 22, 34, 0, 0, 37, 37, 45, 100, 42, 7
47, 85, 100, 100, 40, 87, 24, 59, 80, 61, 90, 34, 57, 8, 0, 0, 5
0, 73, 25, 100, 69, 95, 55, 58, 100, 56, 90, 21, 47, 0, 2, 8, 3
0, 63, 15, 63, 58, 81, 100, 100, 94, 81, 67, 54, 41, 28, 16, 0, 1
73, 83, 18, 100, 0, 67, 72, 34, 100, 0, 6, 16, 37, 54, 70, 88, 8
0, 81, 29, 100, 59, 78, 54, 35, 41, 0, 12, 30, 55, 41, 100, 46, 7
99, 98, 40, 100, 39, 68, 96, 77, 86, 83, 100, 38, 62, 6, 0, 0, 9
86, 95, 9, 96, 27, 61, 100, 31, 64, 0, 0, 24, 55, 61, 93, 100, 8
2, 72, 33, 100, 58, 79, 34, 46, 3, 15, 0, 2, 53, 0, 100, 10, 2
6, 83, 99, 86, 80, 100, 0, 80, 100, 81, 91, 57, 71, 28, 54, 0, 9
6, 86, 49, 100, 100, 76, 61, 40, 20, 4, 41, 0, 74, 23, 0, 27, 7
8, 67, 51, 37, 22, 0, 9, 24, 53, 58, 100, 92, 59, 100, 0, 74, 8
100, 81, 22, 100, 0, 67, 59, 33, 47, 0, 28, 29, 87, 64, 66, 89, 8
47, 87, 89, 100, 91, 75, 67, 56, 100, 39, 80, 11, 37, 0, 0, 18, 3
41, 72, 7, 50, 0, 7, 46, 0, 82, 34, 100, 76, 59, 100, 15, 76, 0
100, 100, 59, 90, 22, 62, 0, 29, 22, 0, 76, 10, 51, 37, 0, 33, 6
56, 100, 27, 79, 0, 39, 12, 0, 66, 15, 100, 51, 93, 93, 38, 93, 0
19, 100, 0, 61, 3, 23, 48, 0, 97, 27, 100, 66, 62, 97, 10, 81, 0
12, 61, 0, 20, 44, 0, 92, 23, 100, 64, 70, 100, 15, 92, 0, 52, 0
41, 69, 76, 100, 73, 81, 57, 39, 46, 0, 0, 10, 50, 9, 100, 10, 1
28, 82, 0, 39, 30, 0, 80, 5, 100, 54, 70, 99, 22, 100, 7, 50, 0
55, 76, 22, 68, 66, 29, 39, 0, 52, 32, 100, 68, 69, 100, 0, 86, 8
35, 98, 76, 100, 80, 72, 67, 54, 100, 34, 77, 9, 35, 0, 0, 7, 3
0, 53, 8, 55, 46, 79, 89, 100, 100, 85, 78, 57, 56, 29, 47, 0, 1
100, 92, 18, 81, 46, 39, 62, 0, 1, 13, 43, 56, 74, 100, 0, 75, 8
0, 89, 61, 100, 90, 74, 69, 37, 42, 2, 27, 0, 35, 30, 100, 38, 7
87, 62, 61, 100, 0, 87, 18, 48, 78, 73, 100, 63, 71, 20, 10, 0, 9
0, 53, 26, 84, 32, 100, 33, 65, 36, 29, 3, 0, 6, 2, 100, 6, 1
30, 97, 82, 100, 65, 67, 19, 87, 81, 83, 100, 39, 68, 0, 0, 16, 9
0, 66, 23, 100, 53, 83, 41, 43, 14, 10, 13, 0, 56, 9, 100, 12, 2
0, 85, 43, 100, 92, 96, 100, 59, 84, 21, 58, 0, 38, 29, 87, 34, 7
32, 88, 21, 100, 66, 94, 45, 65, 69, 54, 100, 29, 64, 3, 0, 0, 3
0, 88, 37, 100, 82, 90, 70, 46, 68, 0, 100, 3, 93, 30, 46, 38, 7
0, 62, 50, 81, 100, 100, 96, 87, 71, 64, 46, 43, 25, 21, 32, 0, 1
100, 93, 78, 95, 29, 100, 0, 82, 33, 70, 73, 45, 61, 0, 18, 1, 5
23, 97, 20, 61, 66, 44, 41, 0, 8, 24, 0, 82, 44, 98, 100, 100, 5
38, 96, 78, 100, 91, 82, 51, 60, 88, 35, 100, 4, 48, 0, 0, 5, 3
0, 25, 18, 50, 59, 75, 100, 100, 92, 80, 69, 54, 52, 27, 46, 0, 1
52, 100, 18, 64, 48, 36, 11, 0, 0, 19, 8, 67, 41, 97, 100, 98, 5
19, 77, 20, 44, 36, 0, 15, 7, 0, 52, 8, 88, 54, 99, 100, 100, 5
15, 92, 0, 96, 38, 47, 79, 0, 4, 8, 46, 58, 100, 100, 12, 86, 8
81, 76, 15, 100, 0, 65, 100, 33, 65, 0, 10, 28, 90, 64, 73, 94, 8
82, 94, 100, 100, 96, 79, 90, 55, 99, 30, 74, 11, 37, 6, 0, 0, 3
58, 81, 49, 74, 85, 95, 38, 100, 88, 73, 100, 35, 67, 0, 0, 0, 9
51, 100, 29, 82, 10, 60, 0, 35, 27, 20, 69, 22, 100, 25, 100, 0, 4
0, 100, 46, 100, 86, 84, 68, 43, 56, 0, 40, 9, 50, 34, 100, 34, 7
0, 95, 30, 100, 55, 80, 34, 52, 6, 27, 21, 5, 67, 0, 100, 3, 2
0, 80, 17, 100, 41, 99, 60, 83, 53, 52, 56, 20, 77, 7, 100, 0, 2
36, 100, 7, 89, 0, 53, 67, 41, 100, 57, 82, 74, 51, 38, 31, 0, 4
0, 51, 47, 70, 79, 100, 75, 82, 67, 46, 56, 11, 42, 2, 100, 0, 1
100, 77, 56, 100, 0, 78, 45, 57, 85, 80, 95, 40, 93, 0, 24, 7, 9
93, 100, 46, 78, 13, 51, 0, 21, 38, 0, 100, 8, 78, 28, 15, 22, 6
0, 42, 29, 62, 66, 82, 100, 100, 77, 76, 55, 51, 38, 25, 23, 0, 1
19, 92, 86, 100, 75, 99, 2, 84, 37, 68, 100, 50, 72, 16, 0, 0, 5
100, 100, 53, 99, 15, 61, 10, 16, 66, 0, 99, 32, 42, 45, 0, 20, 6
0, 69, 57, 88, 100, 100, 79, 80, 64, 60, 57, 40, 57, 20, 93, 0, 1
6, 85, 55, 100, 70, 81, 32, 55, 68, 43, 100, 20, 56, 0, 0, 1, 3
0, 71, 34, 80, 88, 100, 100, 93, 78, 69, 66, 46, 53, 23, 41, 0, 1
9, 97, 0, 48, 22, 1, 75, 0, 100, 46, 87, 97, 39, 100, 5, 58, 0
0, 89, 34, 100, 61, 85, 52, 60, 66, 37, 100, 21, 86, 4, 44, 0, 3
40, 100, 7, 58, 51, 41, 13, 0, 0, 25, 5, 75, 35, 98, 100, 98, 5
13, 96, 55, 100, 100, 74, 65, 37, 27, 0, 0, 23, 4, 51, 96, 55, 7
36, 63, 52, 100, 52, 48, 29, 6, 0, 0, 30, 15, 65, 3, 100, 1, 2
50, 84, 85, 100, 100, 64, 73, 27, 32, 0, 0, 18, 45, 31, 81, 0, 2
100, 100, 60, 94, 33, 62, 22, 29, 47, 0, 98, 12, 58, 35, 0, 27, 6
39, 88, 47, 100, 82, 81, 59, 54, 24, 32, 0, 7, 48, 0, 100, 1, 2
56, 100, 19, 71, 0, 38, 45, 16, 84, 39, 100, 66, 69, 34, 52, 0, 4
0, 65, 51, 79, 84, 100, 100, 94, 92, 70, 83, 46, 73, 22, 78, 0, 1
52, 81, 86, 100, 89, 72, 63, 53, 100, 42, 85, 11, 43, 0, 0, 11, 3
10, 73, 0, 38, 26, 0, 75, 12, 100, 52, 89, 95, 39, 100, 3, 67, 0
8, 65, 3, 100, 46, 99, 35, 55, 0, 24, 4, 8, 52, 0, 100, 2, 2
86, 100, 38, 93, 7, 62, 1, 28, 41, 0, 100, 12, 54, 28, 0, 7, 6
54, 100, 96, 93, 81, 72, 77, 54, 100, 30, 83, 7, 41, 0, 0, 8, 3
0, 78, 35, 100, 74, 86, 42, 55, 57, 31, 100, 8, 58, 0, 8, 8, 3
15, 70, 20, 32, 54, 0, 96, 24, 100, 66, 68, 100, 16, 92, 0, 52, 0
100, 100, 49, 93, 21, 62, 0, 32, 12, 0, 88, 8, 93, 34, 16, 22, 6
43, 95, 20, 65, 45, 25, 9, 0, 0, 27, 20, 71, 55, 91, 100, 100, 5
27, 100, 8, 73, 0, 45, 11, 17, 51, 0, 100, 3, 82, 20, 37, 9, 6
72, 72, 51, 100, 4, 75, 44, 38, 52, 0, 0, 17, 41, 53, 100, 81, 8
55, 89, 85, 100, 100, 81, 78, 60, 69, 35, 64, 9, 33, 0, 0, 3, 3
79, 87, 98, 81, 71, 100, 72, 73, 100, 66, 91, 21, 48, 0, 0, 13, 9
100, 100, 64, 98, 36, 99, 34, 68, 59, 60, 62, 36, 32, 17, 0, 0, 5
14, 96, 87, 100, 21, 96, 22, 58, 70, 65, 100, 28, 54, 0, 0, 17, 5
0, 92, 28, 100, 67, 74, 70, 35, 48, 0, 5, 24, 45, 34, 100, 34, 7
22, 100, 1, 55, 10, 10, 60, 0, 100, 31, 97, 77, 51, 99, 0, 83, 0
100, 100, 53, 89, 19, 63, 0, 31, 13, 0, 63, 1, 75, 29, 29, 43, 6
41, 100, 38, 84, 16, 52, 11, 17, 54, 0, 100, 19, 55, 32, 0, 23, 6
0, 81, 29, 100, 64, 82, 67, 40, 50, 0, 23, 32, 60, 43, 100, 51, 7
12, 79, 9, 48, 36, 18, 30, 0, 12, 31, 0, 62, 34, 88, 100, 100, 5
100, 100, 76, 79, 49, 58, 29, 34, 20, 10, 58, 0, 49, 17, 0, 5, 6
97, 87, 56, 74, 34, 95, 83, 100, 100, 68, 88, 36, 53, 8, 0, 0, 9
67, 100, 28, 75, 2, 48, 0, 19, 46, 0, 100, 15, 67, 39, 7, 41, 6
0, 87, 52, 100, 96, 82, 45, 58, 39, 42, 100, 28, 73, 4, 8, 0, 3
76, 100, 0, 90, 48, 62, 93, 29, 54, 0, 13, 27, 44, 64, 100, 94, 8
0, 72, 29, 100, 71, 82, 74, 43, 57, 5, 23, 0, 45, 28, 100, 35, 7
64, 86, 79, 100, 100, 87, 73, 63, 93, 41, 83, 13, 43, 0, 0, 5, 3
100, 83, 62, 100, 22, 73, 0, 44, 3, 13, 70, 0, 95, 22, 8, 21, 6
100, 91, 53, 100, 48, 69, 93, 88, 93, 65, 87, 24, 49, 0, 0, 14, 9
29, 83, 5, 60, 8, 14, 64, 0, 100, 35, 89, 81, 33, 100, 0, 83, 0
21, 100, 15, 75, 0, 45, 58, 42, 92, 50, 88, 61, 89, 30, 100, 0, 4
48, 100, 13, 71, 0, 40, 49, 25, 100, 37, 87, 62, 61, 32, 64, 0, 4
28, 83, 6, 56, 73, 48, 83, 10, 15, 0, 0, 42, 32, 90, 100, 100, 5
52, 100, 17, 74, 0, 45, 52, 33, 100, 47, 99, 60, 79, 30, 65, 0, 4
0, 70, 3, 91, 45, 100, 100, 100, 75, 75, 51, 50, 34, 24, 39, 0, 7
15, 76, 35, 99, 88, 100, 100, 94, 71, 72, 42, 49, 17, 25, 0, 0, 7
10, 99, 34, 69, 100, 36, 83, 0, 7, 19, 31, 56, 72, 92, 0, 100, 8
0, 98, 60, 100, 100, 78, 74, 38, 46, 0, 62, 1, 82, 29, 21, 42, 7
