@relation penbased-3
@attribute At1 integer [0, 100]
@attribute At2 integer [0, 100]
@attribute At3 integer [0, 100]
@attribute At4 integer [0, 100]
@attribute At5 integer [0, 100]
@attribute At6 integer [0, 100]
@attribute At7 integer [0, 100]
@attribute At8 integer [0, 100]
@attribute At9 integer [0, 100]
@attribute At10 integer [0, 100]
@attribute At11 integer [0, 100]
@attribute At12 integer [0, 100]
@attribute At13 integer [0, 100]
@attribute At14 integer [0, 100]
@attribute At15 integer [0, 100]
@attribute At16 integer [0, 100]
@attribute Class {0, 1, 2, 3, 4, 5, 6, 7, 8, 9}
@inputs At1, At2, At3, At4, At5, At6, At7, At8, At9, At10, At11, At12, At13, At14, At15, At16
@outputs Class
@data
74, 87, 31, 100, 0, 69, 62, 64, 100, 79, 100, 38, 84, 0, 18, 1, 9
100, 100, 72, 99, 36, 78, 34, 54, 79, 47, 64, 13, 19, 0, 0, 2, 5
50, 84, 66, 100, 75, 75, 51, 51, 100, 42, 97, 13, 49, 0, 0, 7, 3
0, 98, 36, 100, 80, 85, 68, 42, 56, 0, 25, 23, 50, 37, 100, 32, 7
9, 93, 53, 100, 89, 80, 57, 52, 17, 30, 0, 5, 50, 2, 100, 0, 2
47, 86, 73, 100, 89, 75, 68, 49, 100, 28, 82, 4, 38, 0, 0, 13, 3
21, 88, 0, 57, 88, 58, 88, 18, 15, 0, 8, 42, 12, 83, 100, 100, 5
0, 100, 54, 98, 91, 85, 71, 52, 62, 17, 74, 0, 100, 32, 42, 37, 7
47, 93, 1, 67, 0, 16, 53, 0, 100, 32, 95, 81, 42, 100, 7, 62, 0
95, 92, 50, 100, 21, 77, 74, 87, 100, 86, 69, 56, 37, 26, 0, 0, 9
3, 96, 53, 100, 81, 68, 83, 28, 72, 0, 100, 34, 51, 41, 0, 43, 7
19, 81, 0, 41, 12, 0, 54, 1, 88, 29, 100, 71, 72, 100, 31, 91, 0
9, 100, 0, 66, 20, 25, 61, 0, 100, 21, 93, 64, 54, 91, 9, 76, 0
0, 88, 24, 68, 76, 33, 43, 0, 29, 32, 84, 66, 100, 100, 8, 89, 8
42, 100, 9, 79, 0, 46, 48, 31, 100, 46, 89, 52, 46, 30, 19, 0, 4
29, 73, 56, 100, 68, 71, 45, 38, 11, 12, 0, 8, 50, 6, 100, 0, 2
100, 70, 58, 100, 10, 75, 0, 24, 48, 0, 100, 19, 97, 68, 45, 81, 0
86, 100, 48, 79, 13, 52, 0, 22, 45, 0, 100, 16, 76, 40, 6, 35, 6
0, 91, 46, 100, 85, 80, 91, 40, 88, 0, 99, 22, 100, 52, 50, 49, 7
100, 100, 68, 96, 38, 70, 14, 44, 0, 14, 36, 0, 51, 23, 3, 28, 6
27, 92, 22, 53, 58, 28, 18, 0, 0, 32, 13, 85, 50, 98, 100, 100, 5
0, 67, 38, 66, 62, 30, 38, 0, 8, 30, 45, 63, 100, 90, 58, 100, 8
34, 76, 0, 41, 7, 0, 62, 0, 100, 33, 95, 74, 49, 100, 0, 83, 0
73, 100, 43, 70, 0, 42, 25, 41, 100, 45, 90, 64, 63, 32, 54, 0, 4
33, 80, 23, 100, 87, 96, 97, 68, 79, 44, 100, 16, 44, 0, 0, 22, 3
45, 100, 1, 67, 0, 24, 69, 24, 100, 48, 73, 98, 80, 53, 90, 0, 4
92, 100, 61, 85, 31, 57, 10, 29, 21, 0, 100, 7, 69, 27, 0, 13, 6
23, 76, 52, 100, 100, 98, 79, 71, 63, 50, 82, 19, 49, 0, 0, 7, 3
39, 81, 72, 100, 100, 77, 71, 51, 95, 43, 95, 16, 50, 0, 0, 1, 3
11, 84, 52, 100, 100, 96, 83, 66, 72, 50, 87, 16, 45, 0, 0, 11, 3
54, 85, 100, 100, 99, 98, 49, 86, 23, 60, 63, 34, 50, 1, 0, 0, 5
38, 76, 58, 100, 21, 65, 0, 27, 44, 0, 100, 22, 45, 36, 22, 8, 6
0, 100, 65, 99, 70, 66, 51, 33, 32, 0, 15, 12, 29, 39, 100, 44, 7
100, 99, 56, 100, 31, 65, 87, 73, 98, 90, 94, 48, 61, 13, 0, 0, 9
30, 81, 70, 100, 69, 65, 39, 31, 0, 5, 7, 18, 52, 0, 100, 4, 2
54, 78, 77, 100, 64, 60, 36, 27, 0, 2, 12, 4, 56, 2, 100, 0, 2
12, 76, 47, 100, 100, 98, 97, 72, 52, 54, 74, 30, 52, 5, 0, 0, 3
77, 60, 77, 100, 10, 90, 15, 49, 40, 8, 0, 0, 32, 34, 100, 55, 8
99, 100, 61, 78, 37, 40, 41, 0, 99, 0, 100, 33, 47, 50, 0, 28, 6
100, 100, 81, 81, 39, 55, 0, 28, 8, 0, 75, 4, 66, 31, 12, 25, 6
0, 64, 47, 81, 100, 100, 91, 84, 65, 62, 47, 40, 42, 17, 63, 0, 1
6, 100, 0, 80, 32, 54, 100, 59, 99, 99, 72, 77, 60, 38, 43, 0, 4
32, 74, 87, 95, 100, 100, 84, 73, 79, 46, 66, 18, 0, 0, 3, 0, 1
15, 73, 42, 100, 32, 72, 27, 39, 44, 7, 100, 0, 52, 5, 0, 3, 1
24, 58, 84, 87, 100, 100, 89, 60, 85, 20, 45, 0, 0, 1, 94, 2, 1
81, 90, 29, 82, 0, 42, 10, 0, 70, 16, 100, 56, 96, 100, 47, 82, 0
0, 58, 42, 78, 90, 99, 100, 100, 87, 75, 78, 50, 76, 25, 84, 0, 1
100, 86, 63, 100, 20, 78, 22, 43, 76, 47, 90, 13, 36, 0, 0, 24, 5
73, 100, 39, 75, 0, 52, 43, 54, 92, 61, 100, 71, 84, 35, 72, 0, 4
16, 81, 40, 59, 100, 90, 30, 100, 48, 69, 95, 59, 75, 9, 0, 0, 9
9, 86, 53, 100, 96, 81, 64, 55, 93, 48, 100, 18, 51, 0, 0, 11, 3
0, 67, 14, 25, 57, 0, 100, 22, 95, 75, 54, 100, 7, 87, 4, 39, 0
0, 69, 29, 100, 77, 97, 39, 64, 61, 38, 100, 10, 47, 0, 2, 15, 3
19, 86, 18, 35, 57, 0, 100, 24, 92, 72, 47, 100, 0, 77, 1, 31, 0
58, 94, 84, 100, 82, 74, 46, 57, 92, 42, 100, 14, 52, 0, 0, 1, 3
100, 84, 27, 100, 0, 85, 0, 68, 13, 51, 20, 34, 27, 17, 60, 0, 1
85, 69, 47, 100, 0, 75, 44, 38, 72, 0, 16, 16, 57, 55, 100, 87, 8
0, 99, 71, 100, 100, 77, 72, 48, 53, 18, 40, 0, 0, 27, 66, 33, 7
66, 100, 45, 75, 71, 33, 46, 0, 0, 23, 6, 71, 45, 95, 100, 91, 5
32, 89, 67, 100, 100, 93, 79, 71, 66, 47, 68, 22, 40, 6, 0, 0, 3
61, 77, 78, 100, 94, 76, 77, 43, 47, 15, 0, 1, 47, 0, 100, 4, 2
9, 100, 19, 75, 0, 35, 46, 35, 100, 34, 74, 67, 77, 27, 83, 0, 4
97, 81, 52, 100, 0, 87, 21, 60, 76, 70, 100, 47, 74, 12, 23, 0, 9
27, 73, 42, 100, 62, 66, 41, 30, 0, 13, 38, 10, 82, 0, 100, 34, 2
0, 63, 23, 100, 56, 78, 48, 34, 19, 0, 11, 13, 55, 23, 100, 11, 2
51, 69, 74, 37, 100, 0, 52, 4, 41, 41, 73, 75, 60, 100, 0, 83, 8
63, 98, 95, 76, 93, 100, 61, 74, 100, 81, 99, 33, 67, 0, 0, 4, 9
90, 94, 13, 95, 26, 56, 96, 27, 52, 0, 0, 26, 45, 64, 100, 100, 8
23, 88, 68, 100, 100, 84, 73, 60, 82, 37, 98, 12, 52, 0, 0, 3, 3
36, 100, 19, 61, 0, 27, 80, 28, 100, 52, 73, 90, 70, 45, 69, 0, 4
40, 78, 62, 100, 58, 67, 35, 39, 0, 32, 27, 22, 62, 7, 100, 0, 2
35, 100, 5, 72, 0, 40, 44, 18, 87, 30, 100, 58, 70, 30, 53, 0, 4
0, 74, 36, 100, 64, 74, 54, 37, 37, 0, 23, 12, 38, 39, 100, 43, 7
32, 52, 22, 0, 100, 2, 78, 63, 35, 37, 14, 100, 71, 92, 0, 73, 8
34, 96, 43, 63, 89, 37, 65, 0, 0, 14, 12, 54, 26, 93, 100, 100, 5
62, 88, 20, 65, 0, 24, 34, 0, 78, 24, 100, 63, 77, 100, 26, 93, 0
70, 69, 100, 95, 40, 100, 0, 74, 53, 75, 78, 57, 51, 28, 21, 0, 9
4, 77, 29, 100, 80, 98, 68, 69, 93, 46, 100, 13, 52, 0, 0, 4, 3
100, 87, 26, 100, 0, 70, 66, 68, 97, 99, 86, 66, 72, 33, 69, 0, 9
22, 100, 9, 68, 0, 35, 22, 16, 100, 18, 88, 37, 50, 33, 57, 0, 4
9, 100, 9, 77, 0, 46, 2, 22, 81, 29, 100, 35, 56, 31, 59, 0, 4
15, 80, 0, 46, 20, 7, 67, 0, 100, 33, 93, 76, 53, 100, 16, 75, 0
29, 94, 2, 59, 0, 17, 47, 0, 90, 25, 100, 66, 71, 100, 19, 98, 0
45, 72, 18, 100, 0, 64, 64, 33, 98, 0, 7, 5, 26, 41, 100, 68, 8
0, 90, 59, 100, 100, 79, 72, 40, 55, 0, 40, 1, 9, 30, 84, 31, 7
0, 99, 8, 99, 70, 100, 100, 99, 60, 78, 33, 52, 15, 25, 22, 0, 7
0, 76, 63, 91, 100, 100, 90, 80, 73, 60, 57, 40, 50, 20, 60, 0, 1
21, 69, 49, 100, 87, 85, 69, 45, 32, 16, 0, 8, 50, 7, 100, 0, 2
7, 78, 78, 100, 100, 93, 98, 51, 98, 9, 22, 0, 0, 1, 93, 2, 1
43, 99, 19, 72, 53, 36, 30, 0, 0, 25, 10, 73, 42, 100, 100, 98, 5
21, 89, 34, 58, 62, 22, 31, 0, 8, 40, 0, 79, 48, 96, 100, 100, 5
0, 100, 38, 100, 70, 74, 55, 30, 26, 0, 19, 44, 59, 50, 100, 54, 7
27, 70, 37, 100, 72, 87, 63, 48, 35, 16, 0, 10, 50, 10, 100, 0, 2
44, 68, 58, 44, 100, 7, 0, 0, 7, 36, 78, 68, 93, 100, 11, 74, 8
79, 100, 35, 80, 6, 52, 0, 22, 43, 0, 100, 6, 75, 31, 17, 31, 6
100, 100, 56, 86, 23, 61, 0, 30, 14, 0, 59, 7, 47, 33, 1, 27, 6
73, 100, 45, 79, 18, 49, 7, 16, 49, 0, 100, 14, 55, 21, 0, 12, 6
0, 90, 40, 100, 97, 93, 100, 54, 98, 14, 71, 0, 32, 19, 91, 27, 7
0, 5, 18, 35, 47, 63, 76, 88, 100, 100, 79, 68, 60, 35, 58, 0, 1
17, 78, 30, 100, 55, 80, 31, 50, 0, 23, 4, 0, 52, 1, 100, 5, 2
81, 69, 63, 100, 0, 82, 41, 41, 81, 0, 19, 3, 41, 44, 100, 74, 8
61, 74, 78, 100, 100, 79, 73, 52, 87, 40, 87, 12, 41, 0, 0, 14, 3
44, 89, 62, 48, 61, 0, 0, 6, 35, 47, 100, 72, 81, 100, 14, 84, 8
39, 73, 76, 100, 22, 79, 50, 43, 69, 6, 0, 0, 26, 30, 100, 52, 8
0, 93, 69, 100, 98, 69, 71, 35, 35, 4, 13, 0, 24, 35, 100, 35, 7
100, 100, 56, 91, 25, 68, 4, 43, 0, 15, 37, 0, 61, 20, 12, 24, 6
66, 100, 21, 85, 0, 55, 4, 23, 48, 0, 100, 12, 62, 36, 6, 25, 6
44, 87, 21, 78, 68, 41, 70, 0, 0, 13, 45, 47, 100, 80, 41, 100, 8
24, 85, 59, 100, 73, 63, 46, 29, 0, 16, 5, 29, 54, 19, 100, 0, 2
65, 82, 93, 100, 93, 71, 69, 44, 36, 20, 0, 0, 48, 12, 100, 16, 2
18, 76, 55, 100, 65, 62, 38, 23, 0, 0, 13, 18, 57, 20, 100, 16, 2
0, 98, 50, 100, 100, 96, 73, 63, 43, 31, 13, 0, 11, 19, 46, 32, 7
16, 37, 8, 82, 49, 100, 55, 56, 26, 17, 0, 0, 50, 3, 100, 3, 2
10, 80, 12, 37, 38, 0, 90, 4, 100, 44, 72, 82, 24, 100, 0, 62, 0
0, 66, 38, 82, 80, 100, 100, 98, 80, 73, 58, 48, 38, 22, 29, 0, 1
2, 94, 93, 100, 100, 78, 86, 39, 74, 0, 37, 10, 0, 43, 100, 43, 7
88, 99, 18, 100, 0, 69, 75, 81, 100, 95, 86, 62, 73, 30, 76, 0, 9
47, 100, 11, 83, 0, 50, 57, 37, 100, 54, 81, 58, 45, 30, 19, 0, 4
0, 92, 50, 96, 100, 100, 79, 70, 54, 36, 36, 0, 29, 26, 79, 31, 7
17, 100, 0, 56, 12, 10, 63, 0, 100, 36, 100, 81, 51, 100, 1, 79, 0
25, 100, 0, 63, 8, 30, 82, 39, 100, 70, 79, 90, 89, 44, 100, 0, 4
20, 63, 29, 100, 58, 76, 44, 36, 11, 4, 0, 1, 50, 0, 100, 1, 2
85, 69, 81, 100, 100, 66, 76, 30, 36, 5, 0, 0, 50, 7, 99, 5, 2
40, 100, 0, 96, 1, 72, 44, 91, 63, 58, 100, 29, 96, 0, 39, 9, 9
56, 100, 31, 83, 6, 59, 0, 33, 53, 32, 100, 47, 89, 26, 80, 0, 4
33, 61, 41, 100, 41, 95, 39, 55, 37, 16, 0, 0, 50, 3, 100, 8, 1
58, 62, 8, 46, 12, 0, 67, 15, 100, 56, 90, 100, 34, 81, 0, 41, 0
42, 95, 0, 64, 48, 42, 21, 0, 0, 18, 5, 72, 42, 100, 100, 98, 5
0, 91, 42, 100, 63, 76, 53, 38, 54, 0, 40, 4, 48, 29, 100, 36, 7
0, 82, 31, 100, 48, 57, 50, 5, 35, 0, 32, 28, 66, 44, 100, 62, 7
76, 100, 18, 73, 0, 50, 81, 48, 100, 70, 67, 74, 33, 37, 8, 0, 4
0, 80, 35, 100, 80, 89, 58, 61, 68, 39, 100, 15, 55, 0, 2, 3, 3
0, 80, 43, 93, 91, 100, 96, 80, 75, 57, 100, 36, 90, 14, 48, 0, 3
97, 100, 43, 77, 13, 42, 7, 2, 68, 0, 100, 34, 43, 36, 0, 5, 6
96, 82, 63, 100, 0, 84, 31, 71, 100, 84, 91, 55, 64, 28, 36, 0, 9
55, 73, 57, 100, 92, 89, 75, 50, 43, 16, 0, 0, 44, 19, 100, 12, 2
93, 100, 58, 79, 28, 50, 8, 18, 47, 0, 100, 14, 58, 25, 0, 19, 6
48, 96, 67, 100, 68, 57, 40, 23, 0, 15, 19, 30, 59, 12, 100, 0, 2
0, 97, 10, 100, 55, 93, 100, 89, 72, 67, 46, 45, 37, 18, 41, 0, 7
27, 65, 58, 36, 61, 0, 25, 10, 0, 45, 13, 74, 56, 89, 100, 100, 5
71, 100, 50, 87, 32, 50, 32, 11, 76, 0, 100, 32, 51, 49, 0, 41, 6
23, 88, 0, 55, 25, 50, 64, 20, 17, 0, 21, 54, 35, 97, 100, 100, 5
38, 100, 43, 85, 0, 60, 28, 51, 100, 61, 98, 54, 73, 25, 46, 0, 4
0, 97, 2, 58, 19, 21, 65, 0, 100, 29, 98, 67, 66, 100, 16, 93, 0
37, 78, 79, 100, 89, 68, 60, 36, 16, 13, 0, 22, 56, 22, 100, 0, 2
17, 67, 55, 93, 71, 100, 61, 56, 48, 13, 0, 1, 37, 0, 100, 0, 1
67, 99, 0, 95, 29, 61, 100, 36, 87, 0, 43, 21, 70, 60, 83, 100, 8
28, 100, 0, 80, 25, 53, 96, 46, 100, 74, 71, 66, 43, 33, 28, 0, 4
14, 86, 0, 75, 1, 29, 40, 0, 94, 10, 100, 53, 62, 86, 9, 100, 0
24, 68, 38, 85, 100, 100, 85, 80, 56, 61, 29, 41, 6, 20, 0, 0, 1
53, 93, 96, 100, 99, 76, 65, 55, 79, 36, 100, 14, 54, 0, 0, 0, 3
0, 72, 32, 91, 77, 100, 100, 88, 87, 45, 75, 0, 61, 15, 89, 34, 7
0, 56, 13, 100, 50, 89, 40, 40, 10, 2, 12, 4, 58, 0, 100, 17, 2
23, 96, 27, 54, 64, 35, 33, 0, 12, 42, 0, 93, 50, 96, 100, 100, 5
17, 65, 71, 80, 100, 100, 81, 74, 74, 47, 69, 20, 31, 0, 0, 2, 1
65, 64, 9, 63, 20, 92, 73, 100, 100, 75, 80, 46, 42, 22, 0, 0, 9
59, 82, 11, 67, 100, 65, 54, 100, 40, 48, 0, 22, 60, 0, 43, 52, 8
24, 81, 57, 100, 85, 76, 59, 47, 82, 41, 100, 15, 53, 0, 0, 5, 3
25, 79, 59, 100, 100, 88, 63, 63, 35, 41, 80, 21, 54, 0, 0, 6, 3
39, 58, 100, 79, 88, 100, 6, 80, 0, 54, 89, 68, 63, 39, 31, 0, 9
42, 87, 80, 100, 70, 72, 58, 62, 100, 46, 87, 15, 42, 0, 0, 3, 3
9, 83, 30, 100, 84, 95, 64, 67, 85, 50, 100, 23, 57, 3, 0, 0, 3
0, 26, 57, 56, 98, 94, 31, 100, 45, 63, 100, 31, 78, 0, 9, 16, 8
0, 60, 9, 71, 45, 100, 35, 64, 38, 28, 7, 0, 21, 1, 100, 4, 1
32, 100, 17, 75, 87, 41, 64, 0, 12, 20, 79, 55, 100, 96, 0, 96, 8
32, 96, 0, 67, 61, 58, 74, 14, 24, 0, 20, 50, 38, 91, 100, 100, 5
0, 4, 74, 29, 100, 62, 88, 95, 74, 100, 74, 67, 74, 33, 76, 0, 1
57, 87, 0, 100, 17, 63, 100, 28, 94, 0, 20, 34, 89, 71, 37, 87, 8
59, 94, 20, 66, 58, 46, 50, 2, 0, 0, 21, 49, 49, 96, 100, 100, 5
63, 48, 100, 73, 77, 100, 13, 92, 0, 65, 64, 57, 86, 31, 77, 0, 9
27, 100, 0, 74, 60, 43, 100, 3, 34, 0, 29, 44, 74, 81, 10, 58, 8
23, 78, 26, 100, 62, 85, 34, 55, 0, 27, 1, 0, 51, 0, 100, 7, 2
0, 91, 49, 96, 100, 100, 67, 62, 54, 18, 38, 0, 21, 38, 83, 40, 7
75, 100, 35, 82, 2, 53, 0, 21, 44, 0, 100, 8, 68, 31, 16, 21, 6
45, 98, 13, 71, 13, 21, 59, 0, 100, 34, 81, 79, 28, 100, 0, 67, 0
74, 98, 43, 100, 69, 89, 90, 82, 100, 38, 84, 3, 41, 0, 0, 8, 9
0, 79, 31, 100, 64, 88, 49, 58, 24, 30, 10, 1, 56, 0, 100, 10, 2
75, 100, 40, 90, 11, 59, 0, 27, 32, 0, 98, 5, 100, 28, 38, 16, 6
32, 80, 71, 100, 100, 85, 62, 61, 78, 50, 83, 14, 40, 0, 0, 20, 3
43, 98, 0, 69, 57, 49, 62, 7, 15, 0, 17, 50, 34, 95, 100, 100, 5
22, 100, 3, 94, 0, 51, 49, 44, 100, 61, 64, 86, 64, 43, 60, 0, 4
96, 98, 83, 100, 47, 68, 26, 32, 49, 0, 100, 18, 53, 39, 0, 27, 6
23, 100, 19, 64, 51, 32, 16, 0, 0, 33, 8, 84, 54, 90, 100, 92, 5
26, 65, 0, 46, 4, 1, 54, 0, 95, 30, 100, 75, 59, 100, 12, 82, 0
34, 98, 58, 68, 75, 100, 10, 96, 67, 67, 100, 36, 50, 0, 0, 22, 9
100, 100, 59, 83, 24, 57, 0, 29, 12, 1, 73, 0, 62, 26, 7, 43, 6
5, 84, 40, 100, 79, 82, 26, 62, 56, 46, 100, 22, 65, 0, 0, 8, 3
25, 100, 0, 75, 9, 50, 77, 49, 100, 72, 77, 53, 67, 26, 65, 0, 4
65, 100, 45, 90, 14, 57, 0, 23, 43, 0, 100, 16, 80, 45, 35, 27, 6
39, 94, 74, 100, 62, 74, 66, 67, 100, 45, 85, 16, 36, 0, 0, 12, 3
0, 56, 40, 72, 79, 90, 100, 100, 86, 74, 70, 49, 55, 23, 45, 0, 1
14, 83, 51, 100, 100, 84, 54, 50, 16, 15, 0, 0, 11, 34, 92, 38, 7
25, 85, 48, 100, 100, 97, 92, 76, 65, 57, 70, 33, 44, 13, 0, 0, 3
22, 90, 67, 100, 87, 80, 61, 57, 30, 34, 0, 12, 41, 0, 100, 1, 2
0, 0, 51, 9, 87, 37, 100, 70, 72, 100, 14, 94, 36, 65, 99, 58, 9
100, 93, 64, 100, 30, 72, 10, 42, 12, 11, 72, 0, 66, 24, 0, 14, 6
28, 92, 40, 48, 96, 67, 45, 100, 37, 90, 100, 62, 68, 19, 0, 0, 9
23, 80, 14, 80, 77, 100, 100, 70, 66, 39, 0, 19, 23, 12, 97, 0, 2
0, 94, 60, 100, 75, 82, 65, 51, 63, 20, 62, 0, 39, 28, 100, 38, 7
3, 74, 33, 100, 81, 92, 51, 64, 85, 47, 100, 16, 53, 0, 0, 9, 3
29, 74, 1, 49, 0, 2, 51, 0, 93, 30, 100, 76, 55, 100, 6, 84, 0
100, 100, 62, 89, 28, 64, 1, 34, 0, 0, 43, 2, 45, 32, 5, 23, 6
0, 95, 44, 100, 74, 82, 65, 41, 57, 0, 42, 11, 55, 31, 100, 32, 7
0, 52, 38, 60, 72, 78, 100, 100, 96, 81, 84, 54, 74, 27, 73, 0, 1
5, 68, 22, 100, 47, 75, 35, 35, 8, 1, 0, 2, 50, 4, 100, 0, 2
30, 100, 23, 69, 66, 33, 59, 0, 19, 27, 0, 67, 8, 100, 100, 97, 5
0, 78, 38, 100, 100, 96, 93, 69, 57, 45, 15, 21, 18, 3, 85, 0, 2
69, 100, 39, 63, 0, 29, 35, 35, 100, 34, 98, 65, 79, 41, 73, 0, 4
34, 100, 90, 97, 100, 73, 64, 45, 34, 15, 15, 0, 0, 32, 57, 30, 7
0, 28, 35, 51, 67, 75, 100, 100, 96, 81, 77, 54, 58, 27, 46, 0, 1
17, 91, 24, 72, 59, 40, 29, 0, 5, 33, 0, 90, 49, 96, 100, 100, 5
72, 100, 26, 94, 0, 62, 0, 28, 38, 0, 100, 4, 67, 24, 21, 1, 6
0, 51, 27, 72, 61, 85, 95, 100, 100, 91, 82, 61, 67, 30, 72, 0, 1
0, 61, 34, 68, 68, 82, 100, 100, 100, 87, 81, 58, 63, 30, 50, 0, 1
42, 99, 8, 69, 0, 28, 39, 0, 85, 24, 100, 64, 74, 100, 21, 85, 0
0, 81, 23, 100, 73, 96, 52, 46, 26, 0, 12, 19, 46, 42, 100, 48, 7
27, 90, 64, 100, 67, 70, 37, 43, 0, 22, 12, 18, 64, 19, 100, 0, 2
18, 62, 98, 74, 92, 100, 0, 93, 15, 73, 100, 62, 91, 31, 71, 0, 9
39, 100, 29, 92, 0, 58, 2, 34, 61, 37, 100, 60, 82, 36, 78, 0, 4
81, 87, 30, 73, 32, 100, 81, 88, 91, 57, 100, 26, 79, 0, 0, 9, 9
63, 100, 53, 74, 0, 49, 65, 48, 100, 56, 88, 62, 71, 26, 69, 0, 4
64, 100, 29, 84, 0, 56, 38, 38, 100, 48, 94, 53, 57, 26, 24, 0, 4
64, 89, 66, 58, 74, 8, 0, 0, 20, 41, 92, 64, 100, 100, 24, 95, 8
46, 96, 57, 70, 78, 30, 37, 0, 1, 25, 0, 72, 40, 100, 100, 95, 5
12, 87, 0, 44, 20, 4, 66, 0, 100, 30, 89, 75, 49, 100, 13, 77, 0
28, 100, 15, 65, 0, 29, 40, 20, 100, 17, 99, 36, 67, 36, 59, 0, 4
90, 70, 53, 63, 0, 75, 45, 100, 100, 88, 86, 55, 53, 25, 8, 0, 9
100, 77, 53, 73, 18, 92, 60, 100, 84, 74, 71, 42, 41, 16, 0, 0, 9
29, 82, 44, 100, 93, 92, 68, 63, 77, 40, 100, 13, 53, 0, 0, 4, 3
100, 100, 72, 90, 35, 66, 6, 38, 0, 8, 50, 0, 69, 19, 14, 22, 6
100, 100, 56, 93, 23, 65, 0, 31, 18, 0, 65, 4, 61, 22, 17, 9, 6
0, 43, 46, 66, 73, 90, 79, 100, 81, 74, 85, 49, 88, 24, 100, 0, 1
0, 100, 36, 90, 100, 85, 66, 61, 35, 19, 33, 0, 63, 34, 25, 28, 7
0, 65, 64, 81, 100, 100, 91, 81, 79, 61, 73, 39, 67, 19, 97, 0, 1
64, 99, 23, 76, 61, 60, 57, 21, 0, 0, 9, 50, 38, 94, 100, 100, 5
49, 97, 23, 67, 72, 36, 35, 0, 0, 20, 4, 69, 32, 96, 100, 100, 5
35, 74, 17, 80, 96, 100, 100, 93, 70, 70, 39, 47, 13, 23, 0, 0, 1
51, 94, 80, 59, 100, 100, 26, 88, 74, 67, 93, 63, 83, 9, 0, 0, 9
100, 100, 53, 100, 14, 66, 0, 25, 41, 0, 95, 18, 66, 47, 9, 34, 6
13, 93, 21, 49, 51, 24, 15, 0, 0, 45, 18, 92, 59, 100, 100, 95, 5
32, 100, 0, 79, 16, 51, 77, 49, 100, 80, 70, 62, 45, 32, 26, 0, 4
33, 100, 0, 76, 45, 78, 67, 86, 86, 57, 100, 26, 80, 0, 29, 3, 9
21, 73, 84, 42, 90, 7, 0, 0, 19, 35, 81, 66, 100, 100, 9, 89, 8
0, 76, 35, 100, 55, 100, 49, 62, 44, 24, 2, 0, 27, 0, 100, 8, 1
0, 96, 41, 100, 100, 88, 59, 49, 34, 0, 53, 4, 64, 33, 8, 34, 7
24, 90, 0, 69, 43, 39, 45, 0, 13, 17, 21, 62, 43, 99, 100, 100, 5
15, 96, 3, 61, 57, 49, 42, 0, 10, 13, 0, 66, 44, 95, 100, 100, 5
100, 100, 47, 96, 10, 69, 0, 37, 32, 8, 88, 0, 84, 25, 26, 25, 6
50, 54, 80, 96, 38, 100, 37, 50, 46, 0, 0, 15, 45, 45, 100, 61, 8
0, 43, 35, 60, 67, 80, 99, 100, 100, 75, 100, 49, 100, 24, 99, 0, 1
0, 17, 0, 41, 61, 70, 100, 100, 100, 96, 89, 64, 79, 32, 68, 0, 1
84, 100, 40, 94, 46, 68, 85, 82, 90, 48, 100, 13, 54, 0, 0, 6, 9
20, 90, 0, 58, 37, 52, 44, 3, 0, 0, 12, 64, 44, 99, 100, 100, 5
26, 91, 70, 100, 86, 75, 49, 52, 11, 29, 0, 3, 49, 0, 100, 3, 2
0, 55, 50, 77, 100, 100, 86, 88, 71, 63, 67, 37, 69, 12, 86, 0, 1
63, 85, 26, 59, 64, 42, 53, 0, 0, 1, 22, 44, 46, 87, 100, 100, 5
6, 89, 52, 100, 100, 91, 93, 65, 62, 43, 25, 23, 0, 2, 55, 0, 2
0, 88, 43, 100, 78, 81, 78, 43, 79, 5, 60, 0, 50, 24, 100, 31, 7
0, 81, 16, 59, 74, 39, 65, 0, 8, 6, 4, 50, 33, 88, 100, 100, 5
95, 100, 74, 95, 27, 65, 0, 30, 32, 0, 100, 11, 73, 45, 9, 64, 6
48, 92, 29, 62, 92, 100, 16, 67, 0, 38, 36, 0, 100, 43, 10, 41, 8
17, 99, 39, 72, 94, 42, 65, 0, 16, 25, 0, 74, 27, 100, 100, 99, 5
95, 100, 66, 81, 31, 52, 12, 18, 53, 0, 100, 18, 56, 35, 0, 28, 6
0, 71, 29, 100, 70, 88, 65, 38, 28, 10, 11, 16, 56, 11, 100, 0, 2
62, 96, 24, 99, 0, 59, 19, 17, 61, 0, 97, 24, 100, 71, 65, 100, 0
39, 100, 10, 72, 0, 39, 68, 25, 100, 48, 96, 65, 72, 33, 68, 0, 4
60, 100, 36, 67, 0, 39, 46, 48, 99, 58, 100, 62, 77, 29, 52, 0, 4
32, 68, 20, 36, 42, 0, 83, 15, 100, 56, 80, 95, 36, 100, 0, 73, 0
0, 65, 34, 81, 77, 99, 100, 100, 88, 74, 73, 47, 55, 21, 45, 0, 1
0, 97, 90, 100, 81, 71, 52, 36, 37, 0, 16, 13, 7, 42, 100, 43, 7
85, 78, 60, 100, 28, 69, 85, 68, 97, 68, 100, 30, 66, 0, 0, 9, 9
0, 92, 56, 100, 100, 95, 73, 55, 59, 12, 43, 0, 26, 31, 87, 32, 7
25, 90, 24, 100, 61, 90, 31, 64, 77, 53, 100, 27, 68, 4, 0, 0, 3
32, 87, 24, 54, 81, 100, 0, 72, 18, 44, 36, 0, 100, 44, 19, 49, 8
90, 81, 46, 57, 0, 70, 27, 100, 85, 98, 100, 64, 86, 30, 55, 0, 9
8, 83, 69, 100, 100, 69, 82, 34, 51, 0, 15, 22, 0, 37, 89, 39, 7
26, 100, 16, 79, 0, 52, 36, 32, 100, 38, 55, 52, 38, 26, 32, 0, 4
39, 96, 24, 64, 43, 28, 0, 0, 7, 45, 15, 93, 46, 100, 100, 100, 5
0, 93, 63, 100, 100, 90, 89, 47, 77, 5, 51, 0, 27, 26, 94, 36, 7
15, 100, 99, 97, 100, 78, 68, 41, 40, 2, 29, 0, 0, 36, 81, 45, 7
56, 100, 15, 70, 42, 33, 2, 0, 0, 30, 13, 76, 41, 99, 100, 97, 5
23, 63, 42, 100, 63, 65, 39, 22, 0, 0, 13, 20, 56, 18, 100, 21, 2
0, 71, 28, 100, 65, 83, 55, 40, 20, 12, 13, 16, 57, 11, 100, 0, 2
33, 76, 51, 100, 77, 77, 41, 42, 0, 15, 2, 0, 51, 5, 100, 12, 2
36, 100, 5, 66, 0, 22, 40, 0, 85, 19, 100, 59, 65, 89, 15, 94, 0
0, 27, 16, 50, 49, 74, 82, 98, 100, 100, 78, 67, 56, 35, 44, 0, 1
61, 83, 19, 100, 3, 62, 15, 21, 0, 0, 0, 40, 47, 62, 100, 79, 8
59, 100, 28, 71, 26, 20, 0, 0, 28, 40, 72, 67, 100, 99, 49, 99, 8
3, 61, 69, 34, 69, 0, 0, 13, 45, 46, 100, 78, 71, 100, 29, 71, 8
38, 92, 11, 62, 0, 27, 27, 0, 75, 6, 100, 36, 88, 71, 59, 100, 0
73, 97, 35, 54, 100, 84, 44, 100, 75, 71, 92, 60, 62, 0, 0, 9, 9
11, 72, 28, 100, 66, 78, 56, 38, 19, 10, 0, 6, 50, 5, 100, 0, 2
30, 100, 33, 81, 4, 54, 0, 29, 70, 27, 100, 49, 94, 29, 98, 0, 4
0, 46, 37, 60, 69, 80, 100, 100, 94, 78, 88, 51, 85, 24, 87, 0, 1
0, 88, 36, 100, 70, 87, 68, 61, 70, 34, 100, 15, 64, 1, 17, 0, 3
100, 100, 53, 79, 19, 54, 11, 24, 45, 0, 98, 8, 51, 21, 0, 7, 6
0, 70, 35, 87, 59, 100, 61, 79, 64, 58, 72, 37, 81, 17, 100, 0, 1
35, 89, 3, 61, 8, 8, 62, 0, 100, 40, 82, 89, 27, 100, 0, 54, 0
0, 97, 68, 100, 66, 69, 55, 35, 54, 0, 31, 1, 32, 25, 100, 33, 7
26, 56, 39, 100, 57, 74, 35, 29, 0, 0, 15, 26, 56, 7, 100, 5, 2
0, 82, 36, 100, 88, 93, 63, 65, 69, 48, 100, 21, 60, 0, 8, 9, 3
67, 88, 100, 72, 85, 100, 54, 70, 94, 83, 92, 35, 59, 0, 0, 2, 9
0, 39, 44, 60, 83, 83, 100, 100, 73, 76, 50, 51, 33, 26, 22, 0, 1
19, 63, 76, 69, 100, 100, 38, 94, 0, 64, 63, 62, 88, 41, 73, 0, 9
74, 100, 38, 79, 0, 49, 53, 53, 100, 62, 73, 84, 56, 42, 42, 0, 4
91, 100, 36, 85, 3, 56, 0, 22, 45, 0, 100, 9, 60, 25, 18, 2, 6
54, 100, 20, 72, 0, 40, 56, 35, 100, 45, 72, 65, 44, 34, 31, 0, 4
71, 72, 33, 76, 24, 98, 78, 100, 100, 73, 78, 43, 41, 19, 0, 0, 9
0, 90, 33, 100, 48, 60, 50, 16, 39, 0, 15, 26, 58, 34, 100, 42, 7
51, 100, 21, 73, 0, 43, 48, 40, 93, 52, 100, 59, 76, 30, 56, 0, 4
29, 82, 0, 49, 10, 1, 57, 0, 95, 34, 100, 83, 55, 100, 9, 81, 0
7, 89, 52, 100, 93, 70, 80, 27, 68, 0, 100, 39, 66, 53, 0, 52, 7
0, 71, 59, 78, 96, 100, 100, 84, 94, 60, 88, 35, 80, 11, 84, 0, 1
0, 98, 67, 93, 47, 100, 19, 68, 45, 55, 100, 33, 73, 0, 17, 7, 5
100, 100, 61, 91, 27, 68, 0, 39, 0, 2, 40, 0, 54, 27, 15, 20, 6
0, 83, 32, 100, 84, 74, 68, 36, 37, 0, 7, 23, 18, 45, 100, 52, 7
56, 100, 29, 73, 0, 41, 30, 35, 100, 34, 95, 65, 78, 31, 80, 0, 4
13, 88, 60, 100, 100, 86, 64, 59, 72, 42, 98, 17, 50, 3, 0, 0, 3
0, 89, 44, 100, 100, 73, 88, 35, 46, 0, 12, 9, 11, 35, 92, 34, 7
8, 84, 37, 100, 54, 72, 32, 42, 0, 18, 15, 10, 58, 5, 100, 0, 2
51, 91, 5, 86, 0, 43, 22, 0, 8, 24, 50, 61, 100, 93, 45, 100, 8
42, 94, 89, 100, 71, 76, 68, 56, 100, 34, 84, 8, 37, 0, 0, 15, 3
0, 53, 15, 63, 62, 80, 100, 100, 79, 76, 55, 51, 35, 26, 22, 0, 1
74, 100, 28, 78, 0, 52, 0, 24, 37, 0, 100, 6, 76, 26, 13, 19, 6
6, 100, 2, 97, 0, 69, 15, 42, 59, 39, 100, 51, 84, 27, 76, 0, 4
70, 100, 23, 82, 0, 51, 8, 18, 71, 1, 100, 28, 29, 29, 11, 0, 6
95, 100, 59, 80, 27, 51, 11, 20, 48, 0, 100, 15, 57, 31, 0, 19, 6
38, 84, 70, 100, 96, 81, 76, 54, 100, 27, 75, 1, 29, 0, 0, 24, 3
39, 68, 67, 100, 74, 78, 78, 38, 86, 0, 100, 4, 39, 7, 0, 14, 1
100, 100, 62, 88, 26, 61, 0, 30, 14, 0, 68, 2, 63, 23, 12, 13, 6
69, 100, 27, 87, 1, 57, 0, 25, 35, 1, 91, 0, 100, 21, 45, 27, 6
100, 86, 71, 100, 32, 90, 12, 61, 50, 58, 63, 27, 40, 0, 0, 2, 5
25, 100, 7, 82, 0, 46, 56, 28, 100, 55, 99, 73, 75, 37, 66, 0, 4
11, 47, 58, 70, 100, 100, 73, 70, 50, 34, 28, 0, 0, 12, 70, 10, 1
44, 93, 0, 100, 32, 60, 85, 27, 61, 0, 41, 36, 100, 65, 72, 88, 8
0, 58, 0, 14, 38, 0, 77, 16, 100, 55, 82, 95, 42, 100, 9, 74, 0
10, 89, 0, 45, 20, 4, 65, 0, 99, 31, 100, 75, 61, 100, 16, 85, 0
0, 45, 46, 68, 77, 93, 100, 100, 92, 74, 92, 48, 95, 23, 74, 0, 1
31, 100, 0, 82, 47, 46, 97, 12, 44, 0, 31, 33, 95, 61, 100, 91, 8
24, 97, 55, 60, 77, 22, 21, 0, 0, 31, 51, 62, 100, 95, 30, 100, 8
3, 85, 42, 100, 88, 89, 65, 60, 26, 36, 0, 11, 51, 0, 100, 2, 2
1, 98, 52, 100, 69, 65, 50, 23, 29, 0, 0, 37, 47, 42, 100, 43, 7
44, 94, 6, 65, 0, 18, 46, 0, 92, 22, 100, 66, 64, 100, 21, 88, 0
83, 100, 18, 88, 37, 43, 61, 0, 0, 20, 53, 56, 100, 91, 22, 97, 8
48, 89, 8, 67, 48, 33, 43, 0, 0, 12, 6, 66, 41, 100, 100, 88, 5
32, 85, 0, 51, 2, 7, 51, 0, 93, 23, 100, 67, 67, 100, 23, 84, 0
0, 84, 47, 100, 100, 98, 75, 76, 50, 55, 92, 35, 77, 9, 25, 0, 3
75, 100, 30, 89, 1, 51, 0, 9, 57, 0, 100, 27, 45, 39, 10, 11, 6
71, 93, 87, 63, 94, 100, 47, 74, 100, 72, 98, 40, 67, 3, 0, 0, 9
100, 96, 54, 84, 0, 74, 33, 100, 85, 98, 67, 62, 36, 29, 37, 0, 9
50, 100, 41, 90, 0, 63, 3, 50, 80, 42, 100, 57, 59, 29, 29, 0, 4
0, 68, 27, 100, 28, 81, 25, 40, 19, 0, 1, 0, 50, 3, 100, 6, 1
24, 88, 58, 100, 56, 70, 30, 41, 0, 17, 12, 0, 56, 2, 100, 3, 2
0, 78, 16, 100, 51, 74, 42, 37, 10, 8, 21, 18, 65, 0, 100, 19, 2
0, 89, 65, 100, 85, 70, 51, 35, 19, 0, 12, 21, 29, 48, 100, 46, 7
29, 100, 20, 62, 100, 96, 15, 96, 14, 51, 25, 0, 90, 47, 0, 44, 8
73, 66, 32, 81, 100, 100, 95, 87, 64, 65, 27, 43, 5, 22, 0, 0, 1
44, 75, 50, 100, 100, 94, 82, 64, 92, 36, 89, 5, 38, 0, 0, 21, 3
62, 99, 100, 100, 62, 96, 29, 85, 33, 57, 55, 32, 38, 8, 0, 0, 5
33, 91, 7, 71, 57, 45, 52, 0, 0, 6, 8, 58, 28, 100, 100, 97, 5
17, 100, 46, 89, 40, 58, 17, 34, 0, 8, 33, 5, 67, 4, 100, 0, 2
24, 86, 57, 100, 55, 72, 30, 47, 0, 26, 31, 9, 69, 1, 100, 0, 2
100, 100, 56, 92, 38, 78, 25, 62, 16, 47, 9, 31, 3, 16, 0, 0, 1
0, 55, 40, 63, 77, 79, 100, 100, 91, 76, 88, 50, 88, 24, 94, 0, 1
53, 100, 26, 69, 9, 34, 18, 0, 79, 2, 100, 32, 38, 28, 0, 1, 6
0, 77, 50, 100, 100, 72, 40, 39, 13, 0, 74, 1, 23, 38, 12, 77, 8
49, 91, 31, 63, 71, 29, 11, 0, 0, 32, 49, 67, 100, 100, 0, 83, 8
18, 100, 18, 87, 0, 54, 43, 32, 100, 46, 98, 55, 49, 32, 25, 0, 4
48, 100, 28, 94, 14, 62, 10, 29, 35, 0, 100, 18, 53, 31, 0, 8, 6
6, 74, 37, 100, 66, 91, 54, 53, 27, 21, 0, 0, 53, 0, 100, 3, 2
24, 94, 40, 100, 64, 78, 36, 48, 0, 23, 13, 9, 63, 5, 100, 0, 2
68, 100, 55, 83, 27, 56, 0, 27, 14, 0, 100, 2, 73, 27, 52, 11, 6
33, 80, 67, 100, 100, 76, 80, 38, 42, 12, 0, 6, 42, 19, 87, 0, 2
67, 73, 41, 100, 16, 67, 73, 34, 78, 0, 0, 10, 35, 47, 100, 77, 8
15, 73, 48, 100, 64, 77, 38, 43, 8, 11, 0, 21, 48, 15, 100, 0, 2
100, 100, 43, 89, 7, 61, 0, 28, 31, 0, 87, 8, 71, 38, 11, 45, 6
68, 82, 100, 100, 99, 91, 68, 75, 95, 48, 80, 21, 41, 7, 0, 0, 5
58, 56, 55, 100, 0, 74, 68, 42, 100, 0, 19, 1, 29, 45, 87, 83, 8
11, 100, 12, 69, 60, 44, 38, 0, 4, 29, 0, 79, 35, 99, 100, 99, 5
36, 70, 53, 99, 100, 100, 88, 68, 85, 43, 91, 13, 47, 0, 0, 12, 3
4, 61, 18, 100, 58, 88, 43, 43, 5, 13, 0, 17, 48, 0, 100, 1, 2
0, 54, 4, 100, 43, 98, 36, 48, 10, 6, 11, 2, 56, 9, 100, 0, 2
49, 100, 79, 95, 61, 63, 67, 47, 100, 27, 73, 4, 31, 0, 0, 13, 3
84, 85, 37, 100, 0, 72, 58, 65, 100, 93, 82, 66, 65, 33, 61, 0, 9
93, 97, 65, 100, 65, 67, 95, 98, 100, 62, 82, 21, 41, 0, 0, 15, 9
0, 49, 53, 74, 95, 100, 88, 94, 74, 65, 72, 37, 82, 9, 100, 0, 1
0, 73, 48, 81, 88, 100, 100, 99, 94, 73, 88, 48, 82, 22, 91, 0, 1
12, 54, 58, 77, 100, 100, 83, 92, 67, 69, 42, 45, 21, 21, 0, 0, 1
0, 87, 44, 100, 90, 89, 73, 64, 83, 37, 100, 9, 56, 0, 6, 1, 3
43, 75, 0, 60, 11, 13, 60, 0, 100, 28, 85, 76, 41, 100, 1, 73, 0
1, 72, 34, 100, 60, 84, 43, 46, 13, 13, 0, 0, 54, 2, 100, 4, 2
0, 76, 24, 100, 58, 95, 53, 58, 31, 26, 9, 1, 54, 1, 100, 0, 2
97, 82, 59, 100, 18, 69, 0, 22, 42, 0, 93, 15, 100, 60, 57, 89, 0
0, 54, 46, 77, 100, 100, 79, 80, 71, 55, 65, 30, 56, 5, 100, 0, 1
0, 94, 9, 35, 42, 7, 78, 0, 100, 41, 73, 85, 37, 100, 8, 70, 0
40, 91, 94, 100, 68, 97, 31, 73, 44, 40, 100, 27, 60, 6, 0, 0, 5
6, 100, 12, 82, 0, 50, 3, 22, 100, 29, 86, 48, 55, 32, 67, 0, 4
5, 86, 77, 100, 80, 99, 0, 86, 20, 63, 100, 48, 81, 13, 1, 0, 5
100, 100, 49, 88, 41, 60, 83, 77, 81, 67, 82, 33, 55, 4, 0, 0, 9
74, 47, 100, 72, 82, 100, 30, 94, 0, 69, 41, 51, 83, 32, 83, 0, 9
63, 100, 29, 83, 10, 50, 19, 16, 67, 0, 100, 19, 48, 31, 0, 19, 6
49, 86, 84, 100, 100, 76, 74, 52, 99, 30, 81, 6, 38, 0, 0, 11, 3
39, 91, 81, 100, 70, 59, 25, 81, 82, 85, 100, 37, 57, 0, 0, 24, 9
0, 95, 52, 100, 100, 89, 84, 57, 60, 27, 35, 0, 12, 29, 65, 35, 7
0, 70, 36, 91, 58, 100, 54, 51, 46, 4, 9, 0, 54, 0, 100, 2, 1
0, 90, 22, 62, 79, 45, 56, 0, 22, 40, 4, 93, 25, 99, 100, 100, 5
60, 63, 100, 84, 55, 100, 0, 78, 40, 68, 98, 60, 73, 28, 32, 0, 9
0, 93, 39, 100, 90, 89, 87, 45, 86, 0, 41, 13, 45, 36, 100, 44, 7
72, 63, 21, 54, 0, 80, 46, 100, 95, 84, 100, 50, 78, 18, 34, 0, 9
59, 99, 8, 100, 24, 58, 81, 28, 57, 0, 0, 25, 39, 64, 100, 93, 8
17, 100, 0, 56, 34, 28, 100, 31, 100, 66, 68, 97, 68, 48, 75, 0, 4
41, 100, 30, 78, 0, 45, 0, 29, 82, 31, 100, 59, 87, 34, 73, 0, 4
23, 75, 54, 100, 62, 58, 39, 18, 0, 0, 14, 19, 57, 5, 100, 10, 2
42, 79, 45, 100, 79, 86, 60, 46, 29, 12, 0, 6, 50, 10, 100, 0, 2
37, 95, 33, 68, 55, 31, 18, 0, 0, 35, 2, 80, 46, 100, 100, 94, 5
0, 88, 25, 100, 100, 81, 89, 48, 55, 15, 26, 0, 0, 31, 98, 37, 7
37, 99, 0, 57, 26, 28, 96, 29, 100, 62, 69, 100, 60, 50, 59, 0, 4
48, 75, 77, 100, 100, 72, 49, 52, 83, 40, 93, 8, 39, 0, 0, 25, 3
83, 100, 41, 73, 11, 42, 2, 8, 59, 0, 100, 25, 43, 28, 0, 7, 6
51, 100, 25, 74, 0, 47, 57, 42, 100, 46, 80, 72, 70, 35, 56, 0, 4
24, 91, 82, 100, 88, 95, 33, 82, 51, 51, 100, 32, 53, 4, 0, 0, 5
56, 100, 17, 71, 0, 31, 28, 0, 80, 16, 100, 56, 80, 93, 28, 89, 0
22, 90, 5, 55, 68, 52, 76, 9, 4, 0, 0, 43, 17, 87, 100, 100, 5
99, 81, 53, 100, 0, 83, 50, 67, 100, 78, 99, 34, 69, 0, 8, 2, 9
13, 93, 16, 100, 0, 60, 54, 42, 100, 43, 89, 79, 59, 41, 45, 0, 4
0, 67, 8, 21, 45, 0, 85, 10, 100, 51, 75, 89, 36, 100, 7, 71, 0
60, 89, 69, 100, 100, 88, 69, 68, 48, 47, 76, 29, 40, 13, 0, 0, 3
22, 79, 78, 63, 100, 100, 20, 96, 74, 76, 100, 49, 87, 6, 0, 0, 9
62, 100, 55, 95, 22, 70, 0, 43, 57, 37, 100, 56, 85, 29, 77, 0, 4
82, 95, 26, 90, 90, 75, 52, 100, 27, 81, 100, 63, 67, 25, 0, 0, 9
100, 94, 90, 100, 45, 89, 24, 59, 66, 47, 85, 20, 47, 3, 0, 0, 5
15, 80, 0, 48, 45, 31, 51, 0, 30, 36, 13, 76, 46, 100, 100, 99, 5
52, 100, 0, 83, 16, 60, 85, 55, 100, 72, 66, 54, 43, 27, 20, 0, 4
91, 100, 38, 97, 6, 65, 0, 28, 44, 3, 100, 15, 50, 24, 3, 0, 6
0, 38, 29, 61, 63, 80, 95, 100, 100, 87, 81, 59, 62, 29, 47, 0, 1
31, 84, 67, 50, 68, 2, 0, 0, 37, 40, 100, 70, 70, 100, 2, 82, 8
51, 100, 17, 70, 0, 32, 19, 0, 69, 10, 100, 42, 90, 79, 45, 97, 0
44, 100, 24, 68, 0, 34, 37, 33, 84, 38, 100, 57, 86, 39, 80, 0, 4
0, 78, 36, 100, 68, 72, 70, 35, 56, 0, 27, 21, 39, 50, 100, 57, 7
100, 94, 60, 100, 47, 61, 94, 67, 95, 52, 99, 8, 50, 0, 0, 2, 9
47, 100, 21, 78, 0, 42, 26, 8, 94, 4, 100, 32, 34, 28, 28, 0, 6
0, 91, 38, 100, 81, 91, 67, 62, 100, 40, 98, 16, 51, 5, 0, 0, 3
16, 83, 60, 100, 100, 80, 71, 53, 72, 45, 96, 22, 49, 0, 0, 3, 3
14, 78, 38, 100, 82, 81, 69, 46, 24, 24, 0, 30, 54, 21, 100, 0, 2
0, 94, 50, 100, 68, 71, 59, 35, 45, 0, 18, 27, 47, 40, 100, 39, 7
0, 66, 63, 77, 100, 100, 80, 93, 60, 69, 43, 45, 37, 21, 50, 0, 1
60, 100, 46, 70, 9, 40, 0, 38, 57, 31, 100, 53, 91, 36, 75, 0, 4
0, 90, 38, 100, 77, 95, 68, 69, 87, 50, 100, 19, 70, 0, 32, 6, 3
22, 100, 1, 52, 63, 67, 62, 21, 0, 0, 4, 59, 28, 96, 100, 97, 5
55, 100, 16, 79, 0, 39, 5, 0, 61, 1, 100, 31, 67, 61, 5, 67, 0
0, 100, 10, 86, 14, 67, 32, 50, 71, 51, 82, 37, 89, 18, 100, 0, 4
35, 93, 94, 100, 100, 94, 44, 82, 47, 48, 98, 31, 58, 6, 0, 0, 5
35, 100, 35, 87, 14, 62, 0, 35, 35, 16, 97, 34, 100, 26, 89, 0, 4
56, 100, 24, 73, 0, 37, 8, 2, 74, 5, 100, 36, 41, 34, 27, 0, 6
61, 97, 0, 88, 57, 60, 75, 16, 4, 0, 2, 49, 24, 98, 100, 100, 5
9, 100, 0, 77, 11, 51, 74, 53, 100, 72, 59, 50, 33, 25, 9, 0, 4
12, 84, 36, 100, 0, 65, 46, 44, 100, 57, 83, 75, 53, 38, 28, 0, 4
56, 100, 11, 85, 0, 39, 28, 0, 80, 4, 100, 47, 83, 90, 32, 92, 0
63, 100, 31, 82, 0, 52, 36, 29, 100, 45, 99, 59, 59, 30, 28, 0, 4
50, 100, 18, 76, 2, 48, 0, 20, 40, 0, 100, 7, 68, 28, 0, 27, 6
100, 100, 55, 86, 18, 60, 0, 28, 26, 0, 79, 14, 63, 42, 10, 41, 6
0, 37, 35, 58, 70, 80, 100, 100, 86, 75, 70, 50, 56, 25, 49, 0, 1
28, 96, 0, 62, 12, 12, 47, 0, 82, 11, 100, 58, 77, 100, 42, 99, 0
74, 100, 40, 77, 0, 53, 44, 45, 100, 51, 76, 54, 51, 27, 35, 0, 4
57, 96, 0, 87, 46, 65, 63, 15, 7, 0, 3, 39, 43, 84, 100, 100, 5
57, 74, 45, 100, 14, 69, 46, 33, 39, 0, 0, 23, 49, 49, 100, 73, 8
100, 100, 58, 95, 20, 71, 0, 43, 7, 13, 58, 0, 97, 21, 54, 33, 6
0, 94, 45, 100, 70, 76, 32, 58, 86, 52, 100, 22, 56, 0, 2, 1, 3
18, 100, 0, 76, 0, 49, 65, 41, 100, 66, 80, 55, 72, 27, 70, 0, 4
20, 63, 42, 100, 36, 88, 30, 46, 23, 4, 0, 2, 50, 0, 100, 4, 1
0, 100, 21, 73, 50, 52, 84, 67, 100, 100, 89, 69, 88, 35, 86, 0, 4
14, 93, 47, 100, 56, 70, 35, 41, 1, 18, 0, 0, 50, 1, 100, 1, 2
100, 78, 52, 52, 0, 64, 19, 98, 77, 100, 92, 64, 80, 28, 44, 0, 9
100, 91, 85, 100, 49, 78, 18, 52, 0, 23, 25, 0, 69, 9, 30, 20, 6
55, 100, 43, 41, 100, 42, 61, 96, 45, 43, 10, 0, 98, 20, 0, 27, 8
0, 95, 36, 100, 66, 85, 48, 43, 31, 0, 16, 25, 48, 46, 100, 51, 7
0, 98, 57, 100, 100, 88, 75, 52, 61, 13, 55, 0, 30, 36, 77, 49, 7
55, 98, 85, 100, 90, 70, 62, 43, 27, 20, 0, 1, 50, 5, 100, 0, 2
0, 100, 62, 97, 100, 76, 68, 46, 34, 17, 23, 0, 7, 33, 72, 36, 7
54, 88, 100, 100, 85, 94, 38, 80, 59, 59, 83, 29, 47, 1, 0, 0, 5
8, 87, 0, 41, 21, 0, 70, 16, 100, 55, 97, 100, 45, 97, 9, 63, 0
100, 100, 42, 83, 21, 56, 18, 27, 34, 0, 100, 0, 71, 18, 0, 7, 6
70, 67, 100, 86, 55, 100, 0, 82, 26, 62, 92, 58, 80, 29, 75, 0, 9
17, 83, 62, 73, 100, 99, 14, 100, 47, 79, 98, 56, 56, 26, 0, 0, 9
0, 37, 10, 55, 72, 77, 100, 100, 83, 75, 72, 50, 55, 25, 41, 0, 1
18, 73, 100, 80, 95, 100, 10, 80, 0, 54, 92, 68, 92, 40, 58, 0, 9
46, 82, 65, 100, 69, 72, 39, 47, 0, 28, 12, 20, 56, 9, 100, 0, 2
100, 100, 54, 99, 15, 80, 20, 47, 64, 56, 80, 24, 46, 0, 0, 2, 5
0, 79, 28, 58, 99, 80, 48, 100, 12, 79, 100, 68, 87, 34, 84, 0, 9
0, 99, 48, 100, 67, 84, 56, 43, 56, 0, 43, 1, 52, 29, 100, 39, 7
69, 100, 71, 86, 12, 57, 0, 24, 69, 0, 100, 30, 12, 39, 31, 12, 6
100, 100, 74, 92, 44, 63, 19, 32, 22, 0, 67, 6, 38, 24, 0, 5, 6
72, 94, 25, 100, 26, 71, 25, 36, 72, 44, 100, 18, 55, 0, 0, 2, 5
100, 100, 62, 90, 56, 75, 38, 60, 25, 45, 12, 30, 0, 15, 0, 0, 1
0, 67, 30, 79, 83, 98, 100, 100, 85, 75, 70, 50, 55, 25, 40, 0, 1
0, 34, 35, 55, 68, 78, 100, 100, 92, 79, 75, 53, 62, 27, 61, 0, 1
0, 52, 38, 73, 72, 95, 100, 100, 94, 75, 91, 50, 87, 25, 87, 0, 1
9, 92, 0, 96, 47, 100, 93, 96, 100, 71, 76, 47, 51, 23, 27, 0, 7
0, 79, 6, 64, 41, 51, 84, 21, 23, 0, 16, 51, 25, 100, 100, 94, 5
0, 57, 35, 95, 100, 100, 95, 57, 53, 19, 43, 0, 60, 38, 0, 63, 8
48, 91, 91, 99, 100, 100, 55, 93, 25, 63, 57, 34, 44, 2, 0, 0, 5
100, 66, 48, 75, 12, 43, 0, 5, 47, 0, 89, 25, 86, 64, 61, 100, 0
24, 86, 21, 63, 66, 32, 27, 0, 1, 25, 0, 72, 37, 100, 100, 99, 5
10, 63, 43, 100, 100, 85, 75, 43, 35, 6, 61, 0, 58, 35, 0, 66, 8
50, 92, 100, 100, 51, 96, 22, 60, 43, 42, 86, 31, 49, 0, 0, 0, 5
100, 81, 40, 100, 0, 66, 68, 63, 95, 91, 99, 49, 85, 8, 5, 0, 9
100, 100, 57, 92, 57, 58, 94, 84, 96, 73, 86, 30, 48, 0, 0, 6, 9
100, 82, 39, 100, 16, 71, 56, 38, 68, 2, 0, 0, 21, 34, 93, 55, 8
36, 82, 32, 63, 67, 33, 37, 0, 0, 12, 26, 54, 50, 94, 100, 100, 5
27, 76, 74, 75, 100, 100, 30, 97, 0, 75, 56, 55, 81, 28, 68, 0, 9
7, 87, 54, 100, 100, 88, 69, 66, 87, 37, 99, 6, 51, 0, 0, 8, 3
97, 100, 83, 95, 40, 69, 10, 42, 10, 14, 97, 0, 100, 17, 0, 9, 6
14, 82, 45, 100, 57, 74, 43, 53, 100, 51, 100, 25, 58, 5, 0, 0, 3
0, 88, 57, 100, 78, 75, 60, 37, 42, 0, 21, 3, 35, 27, 100, 32, 7
0, 100, 39, 100, 52, 67, 50, 32, 41, 0, 21, 32, 55, 43, 100, 45, 7
38, 99, 77, 100, 100, 78, 66, 59, 98, 35, 80, 9, 37, 0, 0, 9, 3
13, 71, 51, 100, 100, 78, 57, 39, 15, 0, 79, 8, 25, 44, 0, 82, 8
0, 59, 3, 18, 39, 0, 78, 18, 100, 54, 90, 92, 49, 100, 17, 75, 0
46, 100, 12, 72, 0, 38, 14, 5, 63, 0, 100, 25, 54, 42, 1, 33, 6
0, 47, 19, 67, 54, 88, 79, 100, 79, 75, 86, 50, 93, 25, 100, 0, 1
34, 100, 0, 77, 11, 25, 56, 0, 100, 17, 99, 69, 52, 83, 34, 45, 0
55, 65, 100, 86, 57, 100, 0, 83, 40, 68, 91, 54, 62, 26, 29, 0, 9
64, 100, 57, 70, 0, 52, 55, 48, 95, 53, 100, 68, 85, 32, 71, 0, 4
54, 96, 23, 63, 0, 30, 15, 0, 74, 19, 99, 51, 100, 87, 47, 100, 0
60, 100, 13, 73, 0, 34, 28, 0, 81, 21, 100, 60, 83, 97, 28, 81, 0
35, 86, 0, 57, 52, 55, 64, 11, 14, 0, 20, 57, 43, 100, 100, 94, 5
42, 78, 56, 78, 100, 38, 50, 0, 8, 20, 58, 60, 94, 100, 0, 89, 8
65, 100, 36, 87, 0, 59, 87, 63, 100, 82, 75, 83, 51, 41, 29, 0, 4
0, 98, 30, 100, 66, 98, 100, 93, 76, 71, 56, 46, 47, 17, 43, 0, 7
58, 100, 28, 75, 4, 43, 0, 9, 59, 0, 100, 24, 41, 34, 1, 9, 6
0, 88, 49, 100, 87, 83, 78, 48, 74, 14, 72, 0, 48, 31, 100, 40, 7
19, 100, 35, 97, 20, 59, 0, 40, 65, 38, 94, 56, 95, 34, 100, 0, 4
16, 67, 0, 27, 33, 0, 77, 21, 100, 60, 91, 100, 40, 99, 0, 73, 0
4, 92, 62, 100, 100, 81, 53, 55, 0, 32, 18, 12, 84, 7, 88, 0, 2
22, 95, 0, 53, 14, 5, 70, 0, 100, 41, 91, 89, 41, 100, 10, 59, 0
27, 86, 0, 50, 13, 2, 70, 0, 100, 44, 91, 94, 41, 100, 13, 56, 0
37, 100, 0, 84, 6, 56, 100, 58, 94, 82, 58, 97, 41, 48, 47, 0, 4
0, 100, 58, 97, 80, 76, 52, 40, 41, 0, 4, 25, 32, 39, 100, 42, 7
100, 87, 66, 100, 28, 68, 11, 31, 41, 0, 92, 18, 51, 42, 0, 24, 6
4, 85, 18, 63, 74, 47, 47, 0, 9, 16, 0, 70, 34, 95, 100, 100, 5
27, 72, 42, 100, 87, 96, 69, 58, 35, 28, 0, 7, 50, 5, 100, 0, 2
100, 100, 52, 80, 16, 50, 0, 17, 48, 0, 97, 18, 69, 45, 16, 37, 6
11, 80, 37, 100, 83, 89, 50, 65, 100, 54, 97, 24, 54, 4, 0, 0, 3
52, 100, 15, 86, 1, 53, 0, 20, 45, 0, 100, 6, 64, 18, 12, 8, 6
60, 47, 100, 69, 95, 100, 38, 98, 0, 73, 33, 49, 82, 32, 68, 0, 9
55, 100, 35, 84, 9, 58, 0, 30, 25, 4, 92, 0, 100, 25, 31, 16, 6
0, 94, 26, 100, 79, 96, 100, 67, 81, 33, 57, 0, 18, 20, 63, 34, 7
31, 100, 0, 78, 7, 28, 51, 0, 96, 14, 100, 64, 58, 89, 29, 55, 0
61, 100, 29, 76, 4, 52, 0, 28, 46, 8, 100, 29, 71, 23, 82, 0, 4
51, 99, 28, 60, 40, 9, 79, 0, 100, 44, 81, 90, 40, 100, 0, 87, 0
67, 99, 18, 97, 32, 47, 69, 0, 0, 4, 45, 49, 100, 91, 42, 100, 8
36, 89, 73, 100, 75, 74, 48, 51, 14, 30, 0, 10, 51, 8, 100, 0, 2
18, 72, 59, 38, 64, 0, 0, 9, 50, 41, 100, 73, 73, 100, 9, 80, 8
18, 81, 27, 54, 59, 19, 18, 0, 0, 35, 6, 83, 51, 100, 100, 100, 5
29, 100, 0, 75, 53, 54, 100, 30, 78, 0, 56, 25, 66, 63, 15, 71, 8
100, 100, 82, 92, 46, 70, 16, 44, 0, 15, 36, 0, 60, 20, 12, 32, 6
24, 78, 59, 100, 100, 91, 71, 59, 61, 47, 88, 19, 48, 0, 0, 13, 3
48, 84, 55, 58, 85, 83, 34, 100, 67, 65, 100, 28, 59, 0, 0, 0, 9
0, 75, 21, 100, 52, 81, 46, 44, 17, 18, 28, 24, 65, 12, 100, 0, 2
15, 100, 0, 58, 9, 14, 47, 0, 84, 16, 100, 57, 77, 92, 38, 95, 0
40, 56, 100, 92, 26, 100, 15, 51, 77, 9, 0, 0, 16, 46, 100, 80, 8
0, 66, 21, 72, 65, 88, 100, 100, 94, 75, 87, 49, 79, 23, 79, 0, 1
63, 100, 41, 72, 0, 46, 4, 39, 58, 32, 100, 52, 86, 37, 77, 0, 4
35, 86, 67, 100, 100, 84, 57, 66, 95, 44, 96, 12, 48, 0, 0, 11, 3
32, 82, 73, 100, 100, 92, 66, 66, 76, 44, 92, 18, 48, 3, 0, 0, 3
0, 80, 25, 100, 56, 97, 61, 61, 40, 29, 38, 0, 69, 0, 100, 4, 2
41, 100, 0, 82, 18, 50, 81, 39, 100, 58, 68, 65, 37, 33, 13, 0, 4
23, 49, 81, 69, 100, 100, 35, 87, 33, 53, 68, 21, 13, 0, 0, 28, 8
40, 88, 23, 45, 39, 0, 85, 3, 100, 49, 79, 93, 32, 100, 0, 67, 0
0, 100, 6, 81, 7, 48, 97, 48, 100, 84, 74, 71, 55, 36, 39, 0, 4
34, 100, 21, 73, 0, 44, 79, 40, 97, 62, 100, 54, 86, 22, 79, 0, 4
42, 100, 8, 77, 0, 32, 30, 0, 72, 7, 100, 42, 81, 80, 40, 81, 0
0, 100, 22, 86, 60, 80, 100, 80, 84, 65, 66, 42, 51, 18, 47, 0, 7
42, 100, 15, 73, 0, 45, 4, 17, 51, 0, 100, 16, 92, 43, 34, 39, 6
7, 71, 38, 49, 70, 20, 25, 0, 1, 34, 0, 69, 33, 100, 100, 97, 5
0, 75, 33, 100, 66, 77, 68, 40, 60, 5, 51, 0, 48, 30, 100, 33, 7
0, 0, 38, 14, 71, 32, 93, 55, 100, 81, 76, 100, 48, 82, 73, 62, 9
23, 67, 43, 100, 73, 85, 68, 49, 41, 17, 0, 0, 49, 4, 100, 6, 2
0, 39, 35, 59, 65, 81, 100, 100, 95, 75, 87, 50, 78, 25, 77, 0, 1
63, 80, 88, 100, 97, 67, 72, 33, 32, 6, 0, 7, 51, 21, 100, 0, 2
100, 100, 33, 91, 44, 60, 84, 29, 46, 0, 0, 14, 39, 46, 87, 75, 8
49, 90, 32, 57, 61, 23, 5, 0, 0, 35, 9, 79, 34, 100, 100, 99, 5
42, 100, 19, 74, 0, 47, 7, 20, 62, 17, 100, 39, 84, 28, 82, 0, 4
50, 77, 73, 100, 81, 61, 51, 26, 6, 0, 0, 24, 51, 29, 100, 6, 2
0, 83, 28, 100, 78, 92, 85, 64, 91, 46, 100, 17, 57, 0, 5, 3, 3
0, 36, 23, 56, 69, 78, 100, 100, 73, 75, 46, 50, 26, 25, 29, 0, 1
22, 62, 16, 24, 47, 0, 89, 14, 100, 52, 76, 86, 34, 100, 0, 78, 0
14, 100, 83, 100, 100, 84, 67, 48, 47, 9, 27, 0, 0, 33, 75, 32, 7
0, 94, 61, 100, 96, 73, 79, 36, 68, 0, 100, 32, 88, 54, 17, 52, 7
0, 67, 9, 99, 44, 100, 55, 72, 28, 47, 32, 17, 65, 4, 100, 0, 2
25, 72, 34, 100, 73, 91, 60, 50, 30, 16, 0, 9, 50, 9, 100, 0, 2
76, 100, 29, 95, 51, 70, 100, 85, 100, 59, 96, 15, 50, 0, 0, 15, 9
8, 100, 0, 83, 15, 51, 99, 53, 100, 80, 90, 68, 85, 34, 81, 0, 4
76, 73, 80, 100, 53, 84, 100, 87, 92, 55, 77, 22, 43, 0, 0, 16, 9
9, 88, 10, 49, 62, 40, 30, 0, 0, 22, 0, 73, 40, 97, 100, 100, 5
0, 41, 40, 58, 74, 80, 100, 100, 88, 75, 75, 50, 65, 25, 65, 0, 1
78, 71, 36, 71, 20, 95, 75, 100, 100, 74, 78, 46, 40, 21, 0, 0, 9
100, 100, 72, 89, 30, 59, 0, 25, 31, 0, 92, 12, 79, 32, 19, 18, 6
52, 68, 94, 100, 84, 99, 70, 58, 58, 17, 0, 0, 22, 1, 100, 5, 1
100, 100, 70, 96, 42, 72, 16, 46, 0, 19, 27, 0, 54, 19, 7, 27, 6
77, 100, 37, 88, 61, 68, 100, 85, 84, 69, 72, 41, 39, 18, 0, 0, 9
41, 94, 22, 69, 90, 42, 100, 3, 20, 0, 0, 37, 47, 73, 40, 100, 8
40, 100, 15, 68, 85, 73, 24, 89, 77, 59, 100, 32, 52, 0, 0, 29, 9
0, 96, 47, 95, 100, 100, 71, 73, 52, 37, 41, 0, 26, 20, 52, 33, 7
43, 100, 22, 60, 38, 63, 31, 64, 41, 19, 0, 0, 45, 2, 100, 7, 1
77, 95, 20, 81, 43, 59, 76, 19, 15, 0, 0, 36, 38, 85, 100, 100, 5
75, 100, 46, 62, 0, 36, 37, 42, 94, 44, 100, 82, 72, 43, 56, 0, 4
25, 80, 0, 76, 35, 44, 76, 15, 10, 0, 4, 41, 30, 88, 100, 100, 5
82, 96, 63, 62, 100, 25, 45, 0, 18, 32, 77, 65, 97, 100, 0, 98, 8
0, 85, 25, 64, 63, 36, 52, 0, 30, 31, 13, 69, 44, 98, 100, 100, 5
40, 100, 47, 79, 15, 45, 0, 28, 80, 25, 100, 51, 92, 24, 95, 0, 4
34, 96, 46, 53, 36, 12, 0, 0, 2, 47, 28, 77, 63, 92, 100, 100, 5
11, 88, 74, 100, 100, 77, 69, 40, 37, 5, 6, 0, 0, 34, 72, 41, 7
99, 100, 56, 76, 21, 50, 0, 21, 38, 0, 100, 8, 77, 30, 14, 26, 6
27, 75, 64, 100, 100, 99, 79, 70, 45, 44, 6, 20, 0, 0, 64, 6, 2
30, 100, 3, 68, 0, 25, 36, 0, 81, 10, 100, 48, 66, 75, 21, 63, 0
0, 97, 28, 78, 100, 95, 16, 100, 1, 81, 80, 64, 53, 25, 11, 0, 9
100, 87, 70, 100, 50, 66, 69, 28, 35, 0, 0, 17, 44, 46, 92, 72, 8
0, 90, 40, 100, 66, 78, 44, 48, 10, 24, 4, 0, 52, 0, 100, 2, 2
0, 86, 35, 67, 98, 33, 81, 0, 24, 22, 74, 60, 100, 100, 15, 99, 8
52, 83, 74, 100, 74, 63, 54, 28, 17, 0, 0, 16, 50, 22, 100, 5, 2
8, 69, 58, 95, 62, 100, 54, 61, 44, 23, 0, 0, 29, 3, 100, 8, 1
100, 91, 63, 100, 42, 58, 83, 69, 97, 94, 70, 45, 37, 0, 0, 1, 9
26, 93, 0, 54, 16, 2, 62, 0, 100, 34, 85, 86, 40, 100, 6, 65, 0
0, 82, 24, 100, 53, 84, 46, 51, 25, 23, 32, 0, 66, 1, 100, 4, 2
0, 94, 45, 100, 100, 93, 85, 47, 73, 0, 44, 3, 29, 31, 92, 35, 7
42, 66, 54, 100, 81, 83, 57, 48, 24, 19, 0, 12, 50, 9, 100, 0, 2
0, 100, 13, 96, 4, 69, 11, 42, 61, 43, 93, 53, 87, 26, 100, 0, 4
25, 81, 47, 100, 48, 55, 27, 17, 0, 3, 32, 21, 65, 2, 100, 0, 2
100, 100, 63, 81, 44, 55, 39, 28, 42, 1, 68, 0, 49, 25, 0, 27, 6
84, 100, 72, 98, 38, 66, 18, 31, 44, 0, 100, 14, 64, 39, 0, 27, 6
0, 100, 73, 94, 95, 71, 74, 36, 62, 0, 41, 5, 24, 30, 100, 35, 7
5, 81, 45, 100, 71, 77, 48, 38, 16, 6, 0, 3, 50, 8, 100, 0, 2
100, 100, 46, 80, 11, 53, 0, 23, 39, 0, 100, 12, 73, 33, 7, 25, 6
45, 77, 89, 66, 96, 100, 46, 88, 90, 72, 100, 35, 62, 3, 0, 0, 9
39, 100, 69, 58, 95, 10, 14, 0, 17, 42, 100, 66, 91, 100, 0, 100, 8
38, 83, 0, 58, 41, 32, 32, 0, 13, 24, 13, 64, 35, 97, 100, 100, 5
67, 76, 87, 100, 96, 74, 70, 50, 100, 26, 76, 1, 34, 0, 0, 20, 3
0, 95, 5, 58, 87, 60, 85, 16, 19, 0, 12, 48, 13, 93, 100, 100, 5
25, 71, 44, 100, 65, 81, 37, 52, 0, 30, 9, 18, 54, 10, 100, 0, 2
22, 96, 34, 66, 91, 40, 56, 0, 0, 4, 6, 58, 31, 94, 100, 100, 5
100, 93, 51, 100, 21, 60, 75, 61, 94, 95, 91, 46, 56, 6, 0, 0, 9
47, 100, 15, 78, 0, 50, 40, 29, 100, 35, 91, 54, 74, 26, 64, 0, 4
4, 71, 32, 100, 37, 95, 33, 57, 29, 19, 0, 0, 49, 1, 100, 4, 1
16, 74, 0, 28, 37, 0, 81, 23, 100, 68, 65, 100, 18, 88, 0, 45, 0
100, 100, 48, 80, 13, 53, 0, 23, 36, 0, 94, 15, 64, 30, 10, 11, 6
0, 75, 34, 100, 65, 66, 57, 10, 29, 0, 13, 41, 57, 51, 100, 62, 7
88, 89, 46, 100, 13, 76, 23, 43, 76, 50, 100, 21, 55, 0, 0, 6, 5
38, 85, 69, 100, 76, 75, 55, 50, 100, 34, 77, 11, 28, 0, 0, 8, 3
23, 93, 1, 59, 16, 19, 64, 0, 100, 29, 94, 72, 52, 100, 0, 90, 0
13, 81, 31, 100, 69, 82, 61, 52, 32, 26, 0, 2, 47, 0, 100, 2, 2
13, 100, 0, 72, 13, 41, 69, 42, 100, 55, 68, 77, 43, 39, 23, 0, 4
0, 82, 42, 100, 77, 82, 62, 41, 47, 0, 15, 26, 50, 36, 100, 30, 7
29, 83, 61, 100, 100, 97, 79, 75, 58, 49, 61, 19, 38, 0, 0, 5, 3
0, 56, 39, 72, 71, 93, 100, 100, 88, 75, 75, 50, 63, 25, 58, 0, 1
85, 100, 49, 87, 12, 57, 0, 22, 45, 0, 100, 15, 78, 47, 18, 59, 6
27, 100, 20, 79, 0, 54, 10, 31, 62, 35, 100, 50, 81, 26, 77, 0, 4
50, 100, 17, 78, 0, 46, 5, 15, 54, 0, 100, 17, 68, 32, 26, 10, 6
42, 100, 20, 71, 100, 84, 20, 97, 0, 48, 14, 0, 73, 24, 8, 58, 8
78, 96, 9, 75, 100, 66, 82, 100, 17, 54, 0, 0, 81, 18, 24, 61, 8
20, 77, 0, 44, 25, 0, 77, 9, 100, 54, 76, 100, 26, 100, 8, 53, 0
35, 100, 8, 73, 0, 39, 58, 24, 100, 44, 100, 67, 79, 34, 71, 0, 4
7, 100, 0, 96, 1, 72, 7, 48, 38, 38, 66, 36, 70, 14, 100, 0, 4
100, 88, 77, 100, 43, 80, 17, 54, 6, 24, 24, 0, 40, 22, 0, 26, 6
4, 70, 0, 27, 34, 0, 70, 1, 100, 34, 90, 86, 55, 100, 20, 83, 0
84, 90, 0, 91, 51, 56, 98, 19, 36, 0, 43, 40, 100, 75, 62, 100, 8
8, 68, 25, 100, 56, 74, 37, 35, 0, 6, 2, 4, 51, 0, 100, 4, 2
75, 100, 26, 84, 0, 42, 13, 0, 69, 7, 100, 46, 84, 89, 33, 85, 0
13, 87, 11, 100, 59, 95, 32, 65, 81, 56, 100, 29, 56, 8, 0, 0, 3
57, 76, 47, 100, 89, 95, 62, 64, 71, 49, 100, 23, 57, 1, 0, 0, 3
59, 65, 91, 100, 84, 96, 72, 50, 51, 8, 0, 0, 45, 1, 100, 0, 1
68, 100, 6, 88, 47, 75, 87, 82, 85, 56, 100, 29, 75, 6, 0, 0, 9
91, 69, 48, 57, 9, 79, 60, 100, 100, 75, 95, 40, 64, 8, 0, 0, 9
4, 100, 0, 72, 15, 44, 79, 50, 100, 76, 90, 51, 83, 22, 85, 0, 4
79, 100, 41, 82, 0, 61, 23, 45, 77, 37, 86, 54, 86, 25, 100, 0, 4
27, 50, 56, 89, 64, 100, 55, 52, 35, 9, 0, 2, 52, 2, 100, 0, 1
23, 97, 0, 48, 17, 0, 58, 3, 93, 35, 100, 89, 59, 100, 23, 73, 0
26, 94, 0, 61, 6, 16, 47, 0, 91, 17, 100, 60, 71, 95, 27, 100, 0
100, 96, 2, 100, 0, 65, 61, 32, 37, 0, 19, 32, 68, 68, 64, 96, 8
14, 72, 5, 25, 39, 0, 81, 20, 100, 63, 75, 100, 30, 98, 0, 65, 0
39, 60, 64, 100, 96, 84, 69, 41, 25, 12, 0, 15, 50, 0, 100, 4, 2
98, 89, 53, 100, 12, 72, 0, 27, 37, 0, 86, 21, 100, 63, 92, 90, 0
11, 98, 0, 55, 52, 36, 45, 0, 17, 22, 11, 72, 42, 100, 100, 99, 5
44, 100, 20, 63, 22, 22, 63, 0, 100, 29, 95, 69, 47, 89, 0, 74, 0
54, 73, 37, 100, 0, 71, 49, 36, 76, 0, 19, 19, 53, 56, 100, 91, 8
51, 100, 85, 98, 100, 80, 67, 67, 59, 43, 67, 17, 37, 1, 0, 0, 3
18, 72, 25, 100, 24, 70, 22, 34, 17, 0, 0, 2, 51, 2, 100, 2, 1
19, 78, 40, 100, 54, 75, 31, 45, 0, 19, 26, 9, 62, 0, 100, 13, 2
73, 100, 23, 90, 70, 82, 77, 95, 91, 60, 100, 24, 60, 0, 0, 2, 9
0, 54, 47, 78, 69, 100, 53, 68, 33, 35, 0, 6, 31, 0, 100, 7, 1
0, 74, 19, 98, 60, 100, 46, 66, 22, 34, 15, 0, 59, 0, 100, 11, 2
0, 98, 49, 100, 64, 89, 47, 44, 42, 0, 8, 37, 48, 49, 100, 51, 7
100, 93, 38, 100, 21, 67, 85, 34, 62, 0, 0, 20, 50, 57, 88, 93, 8
100, 100, 58, 80, 26, 58, 0, 35, 0, 11, 61, 0, 74, 12, 16, 6, 6
88, 83, 71, 100, 44, 78, 86, 77, 100, 64, 87, 21, 46, 1, 0, 0, 9
27, 94, 1, 60, 0, 20, 38, 0, 81, 16, 100, 53, 92, 93, 51, 100, 0
0, 95, 54, 100, 66, 90, 55, 46, 51, 0, 18, 16, 45, 27, 100, 29, 7
21, 66, 0, 28, 27, 0, 77, 14, 100, 49, 88, 88, 40, 100, 6, 70, 0
2, 91, 0, 56, 28, 21, 43, 0, 39, 33, 76, 65, 100, 100, 37, 96, 8
59, 93, 14, 69, 0, 33, 24, 0, 78, 12, 100, 47, 85, 83, 36, 100, 0
11, 100, 8, 63, 44, 36, 37, 0, 0, 21, 1, 59, 46, 84, 100, 91, 5
17, 100, 21, 85, 0, 53, 45, 47, 96, 57, 92, 61, 98, 28, 100, 0, 4
0, 86, 42, 100, 84, 84, 83, 42, 78, 0, 45, 15, 49, 41, 100, 48, 7
0, 74, 68, 69, 90, 100, 13, 91, 42, 70, 100, 77, 83, 39, 79, 0, 9
14, 90, 65, 100, 100, 84, 57, 65, 71, 53, 91, 26, 56, 3, 0, 0, 3
74, 100, 47, 84, 0, 66, 23, 53, 84, 42, 100, 44, 60, 23, 33, 0, 4
78, 75, 51, 100, 8, 75, 47, 58, 85, 60, 100, 20, 64, 0, 0, 1, 9
31, 94, 0, 62, 2, 17, 40, 0, 78, 20, 100, 60, 80, 98, 37, 100, 0
70, 96, 26, 100, 3, 64, 0, 24, 40, 0, 88, 14, 100, 52, 86, 92, 0
62, 100, 0, 77, 68, 43, 100, 4, 7, 0, 21, 39, 88, 73, 15, 90, 8
100, 100, 62, 80, 32, 59, 11, 38, 0, 16, 35, 0, 78, 17, 24, 8, 6
100, 100, 72, 86, 52, 71, 34, 57, 17, 43, 7, 29, 0, 14, 0, 0, 1
91, 92, 26, 100, 14, 61, 79, 63, 91, 77, 100, 35, 69, 0, 0, 18, 9
43, 84, 74, 100, 100, 87, 70, 64, 94, 38, 78, 11, 39, 0, 0, 1, 3
100, 100, 61, 83, 35, 63, 12, 43, 0, 22, 4, 0, 41, 6, 27, 25, 6
44, 86, 76, 100, 74, 73, 55, 45, 100, 32, 100, 9, 49, 0, 0, 4, 3
44, 86, 90, 86, 60, 100, 61, 82, 100, 58, 94, 20, 49, 4, 0, 0, 9
15, 85, 53, 100, 78, 79, 47, 53, 4, 34, 0, 20, 49, 9, 100, 0, 2
0, 96, 54, 100, 65, 76, 41, 39, 24, 0, 16, 14, 45, 34, 100, 35, 7
0, 96, 41, 100, 79, 85, 84, 43, 78, 0, 56, 8, 58, 29, 100, 28, 7
0, 100, 44, 97, 60, 58, 46, 17, 26, 0, 5, 38, 51, 49, 100, 56, 7
89, 66, 100, 100, 50, 96, 17, 64, 0, 26, 27, 0, 54, 31, 18, 33, 6
26, 95, 0, 58, 9, 16, 58, 0, 99, 25, 100, 68, 65, 100, 20, 87, 0
4, 73, 31, 98, 76, 100, 69, 68, 100, 42, 87, 11, 43, 0, 0, 12, 3
8, 73, 22, 100, 34, 65, 26, 29, 0, 2, 16, 0, 58, 3, 100, 6, 2
100, 100, 58, 99, 28, 91, 12, 57, 52, 58, 64, 26, 36, 0, 0, 9, 5
0, 94, 66, 100, 97, 72, 83, 35, 56, 0, 24, 11, 32, 40, 100, 46, 7
98, 87, 44, 100, 20, 70, 26, 31, 0, 0, 0, 32, 44, 58, 100, 70, 8
50, 70, 60, 100, 100, 97, 91, 61, 88, 47, 83, 15, 43, 0, 0, 7, 3
48, 100, 46, 97, 12, 66, 0, 43, 61, 40, 86, 66, 88, 34, 100, 0, 4
22, 96, 26, 53, 81, 46, 60, 0, 21, 23, 0, 73, 42, 95, 100, 100, 5
61, 100, 23, 76, 0, 38, 15, 0, 75, 11, 100, 48, 73, 85, 14, 91, 0
100, 71, 29, 72, 0, 90, 59, 100, 98, 79, 98, 51, 83, 25, 59, 0, 9
26, 84, 38, 100, 52, 74, 30, 42, 0, 15, 20, 9, 62, 0, 100, 18, 2
20, 89, 57, 60, 100, 30, 82, 0, 0, 8, 5, 41, 45, 71, 85, 100, 8
55, 78, 81, 100, 67, 70, 51, 40, 36, 10, 0, 0, 49, 4, 100, 7, 1
94, 88, 77, 100, 31, 73, 0, 44, 6, 13, 69, 0, 100, 23, 20, 30, 6
29, 99, 8, 63, 0, 21, 36, 0, 79, 20, 100, 58, 76, 94, 29, 100, 0
69, 100, 45, 82, 14, 54, 0, 23, 37, 0, 100, 7, 70, 27, 5, 25, 6
34, 71, 46, 100, 54, 66, 32, 25, 0, 0, 21, 7, 61, 9, 100, 20, 2
12, 78, 40, 100, 44, 98, 44, 58, 44, 19, 0, 0, 44, 4, 100, 6, 1
0, 83, 22, 100, 38, 70, 27, 30, 14, 0, 42, 1, 71, 2, 100, 5, 2
50, 92, 100, 100, 53, 92, 22, 60, 48, 65, 80, 40, 51, 8, 0, 0, 5
23, 93, 0, 70, 15, 100, 70, 99, 100, 93, 87, 60, 76, 27, 65, 0, 7
0, 51, 37, 81, 47, 100, 37, 66, 33, 32, 4, 3, 18, 0, 100, 3, 1
71, 76, 34, 100, 0, 72, 8, 31, 42, 0, 86, 15, 100, 56, 88, 96, 0
66, 100, 32, 71, 0, 43, 59, 45, 100, 70, 100, 65, 76, 32, 50, 0, 4
34, 84, 72, 100, 95, 78, 65, 52, 100, 39, 95, 11, 49, 0, 0, 2, 3
34, 78, 66, 100, 100, 87, 67, 59, 85, 49, 89, 19, 47, 0, 0, 5, 3
59, 72, 58, 100, 0, 68, 84, 35, 100, 0, 2, 18, 54, 56, 71, 84, 8
0, 48, 30, 66, 65, 83, 100, 100, 99, 79, 88, 53, 81, 26, 76, 0, 1
0, 56, 25, 64, 60, 89, 65, 100, 45, 75, 35, 49, 45, 23, 100, 0, 1
28, 94, 63, 100, 84, 69, 66, 30, 42, 0, 0, 25, 47, 38, 100, 37, 7
26, 91, 74, 100, 74, 77, 48, 53, 19, 30, 0, 5, 47, 0, 100, 2, 2
43, 93, 30, 62, 45, 25, 0, 0, 6, 30, 53, 61, 100, 91, 53, 100, 8
0, 77, 40, 96, 90, 100, 82, 73, 68, 50, 100, 24, 60, 0, 20, 15, 3
0, 80, 38, 100, 50, 70, 30, 37, 0, 8, 3, 3, 52, 5, 100, 0, 2
39, 82, 68, 100, 100, 86, 72, 61, 91, 44, 83, 15, 41, 0, 0, 14, 3
37, 100, 34, 78, 0, 51, 25, 36, 85, 36, 100, 61, 86, 32, 80, 0, 4
0, 84, 18, 85, 71, 100, 100, 91, 93, 68, 87, 45, 81, 23, 84, 0, 1
8, 95, 26, 71, 82, 45, 55, 0, 0, 12, 0, 65, 28, 100, 100, 98, 5
0, 86, 41, 100, 84, 92, 52, 66, 64, 48, 100, 25, 63, 6, 16, 0, 3
58, 100, 19, 75, 0, 36, 14, 0, 61, 10, 93, 42, 100, 83, 58, 96, 0
100, 93, 59, 100, 45, 82, 45, 54, 84, 45, 74, 27, 37, 13, 0, 0, 5
100, 100, 46, 80, 14, 53, 0, 25, 27, 0, 100, 7, 78, 28, 3, 21, 6
30, 84, 43, 61, 100, 38, 64, 4, 0, 0, 6, 47, 25, 88, 90, 100, 5
0, 68, 14, 97, 67, 100, 69, 68, 36, 39, 1, 11, 48, 7, 100, 0, 2
0, 100, 0, 86, 18, 72, 36, 57, 55, 43, 82, 28, 100, 14, 73, 0, 1
0, 95, 51, 100, 73, 92, 64, 47, 62, 0, 39, 17, 52, 33, 100, 36, 7
90, 100, 51, 76, 21, 49, 11, 19, 50, 0, 100, 12, 52, 23, 0, 15, 6
61, 98, 20, 75, 0, 32, 26, 0, 73, 14, 100, 53, 84, 96, 36, 100, 0
61, 100, 49, 80, 20, 56, 0, 32, 54, 23, 100, 40, 74, 26, 71, 0, 4
0, 52, 21, 71, 53, 94, 88, 100, 85, 75, 79, 49, 76, 24, 100, 0, 1
88, 100, 39, 100, 67, 59, 77, 17, 5, 0, 0, 31, 60, 61, 100, 94, 8
10, 76, 49, 100, 73, 74, 47, 43, 100, 31, 83, 2, 15, 0, 0, 25, 3
44, 79, 69, 100, 99, 88, 69, 62, 100, 41, 97, 12, 47, 0, 0, 15, 3
58, 92, 68, 45, 86, 0, 0, 0, 22, 40, 94, 71, 100, 100, 14, 85, 8
83, 100, 72, 82, 26, 59, 0, 35, 85, 39, 100, 54, 77, 27, 55, 0, 4
1, 66, 32, 100, 35, 99, 32, 62, 32, 26, 0, 0, 11, 1, 100, 5, 1
0, 68, 23, 100, 54, 88, 41, 34, 10, 0, 22, 7, 61, 8, 100, 8, 2
10, 100, 0, 58, 10, 17, 60, 0, 100, 32, 94, 73, 46, 97, 0, 74, 0
66, 100, 27, 88, 42, 50, 45, 11, 0, 0, 7, 34, 53, 53, 100, 70, 8
100, 100, 48, 99, 12, 68, 5, 30, 39, 0, 91, 8, 59, 37, 0, 35, 6
100, 100, 58, 95, 23, 68, 1, 38, 0, 5, 55, 0, 57, 25, 7, 19, 6
39, 100, 0, 83, 2, 49, 91, 50, 100, 70, 58, 88, 61, 44, 74, 0, 4
100, 94, 44, 100, 41, 64, 89, 78, 90, 73, 90, 31, 52, 0, 0, 7, 9
98, 100, 34, 77, 0, 37, 20, 0, 89, 0, 100, 37, 36, 51, 6, 49, 6
12, 96, 49, 100, 55, 66, 35, 32, 9, 0, 0, 31, 49, 38, 100, 40, 7
81, 87, 37, 100, 9, 73, 74, 74, 78, 71, 100, 32, 68, 3, 0, 0, 9
87, 73, 57, 100, 12, 87, 0, 41, 27, 4, 73, 0, 100, 38, 94, 67, 0
39, 78, 45, 44, 44, 2, 0, 0, 39, 37, 95, 70, 100, 100, 29, 78, 8
61, 97, 21, 90, 0, 43, 22, 0, 73, 12, 100, 55, 78, 100, 26, 94, 0
0, 55, 23, 90, 35, 100, 28, 51, 11, 8, 5, 0, 52, 1, 100, 1, 1
100, 100, 60, 96, 23, 68, 0, 33, 17, 0, 69, 7, 75, 38, 22, 37, 6
0, 73, 27, 97, 90, 100, 86, 73, 66, 49, 100, 25, 68, 0, 31, 9, 3
0, 63, 34, 43, 58, 12, 59, 0, 34, 30, 21, 62, 51, 88, 100, 100, 5
100, 55, 42, 50, 29, 81, 75, 100, 96, 69, 82, 33, 51, 3, 0, 0, 9
3, 62, 28, 94, 39, 100, 41, 60, 36, 22, 0, 0, 50, 7, 100, 13, 1
16, 81, 48, 100, 75, 80, 36, 62, 89, 49, 100, 19, 53, 0, 0, 3, 3
15, 97, 66, 100, 72, 64, 54, 20, 34, 0, 0, 37, 52, 40, 100, 45, 7
93, 77, 49, 100, 19, 73, 72, 68, 90, 63, 100, 20, 58, 0, 0, 10, 9
89, 100, 64, 76, 25, 50, 0, 30, 66, 26, 95, 52, 100, 31, 95, 0, 4
97, 63, 77, 100, 32, 79, 72, 63, 96, 67, 100, 23, 56, 0, 0, 4, 9
83, 90, 100, 100, 42, 82, 9, 55, 73, 62, 77, 27, 32, 0, 0, 13, 5
70, 100, 82, 88, 40, 64, 0, 40, 32, 26, 100, 42, 90, 27, 86, 0, 4
100, 100, 65, 89, 35, 63, 9, 34, 0, 2, 44, 0, 55, 25, 7, 19, 6
100, 100, 73, 76, 37, 49, 0, 25, 51, 28, 90, 40, 85, 28, 88, 0, 4
82, 73, 74, 100, 32, 75, 73, 38, 78, 0, 0, 2, 34, 33, 100, 60, 8
90, 100, 55, 85, 17, 58, 0, 26, 35, 0, 100, 5, 87, 33, 22, 36, 6
89, 77, 57, 100, 19, 73, 0, 36, 19, 0, 67, 5, 100, 35, 83, 67, 0
29, 88, 77, 100, 81, 74, 47, 51, 100, 49, 98, 20, 56, 0, 0, 4, 3
23, 86, 62, 100, 71, 71, 41, 43, 0, 24, 7, 17, 52, 7, 100, 0, 2
100, 100, 59, 88, 23, 59, 0, 28, 19, 0, 81, 9, 56, 26, 3, 15, 6
44, 100, 32, 71, 0, 44, 29, 37, 88, 49, 100, 57, 75, 29, 58, 0, 4
33, 70, 46, 100, 59, 80, 34, 48, 1, 21, 0, 2, 50, 0, 100, 6, 2
0, 57, 39, 75, 81, 96, 100, 100, 85, 74, 72, 48, 55, 23, 43, 0, 1
4, 67, 0, 35, 17, 0, 61, 12, 93, 43, 100, 83, 61, 100, 21, 83, 0
11, 65, 7, 91, 53, 100, 100, 98, 72, 75, 44, 50, 19, 25, 0, 0, 7
0, 73, 52, 81, 100, 100, 100, 84, 88, 63, 76, 42, 60, 20, 72, 0, 1
47, 100, 9, 76, 0, 45, 59, 48, 100, 73, 67, 58, 36, 30, 15, 0, 4
0, 90, 43, 100, 87, 86, 69, 46, 47, 7, 66, 0, 100, 30, 45, 28, 7
27, 72, 56, 100, 60, 66, 35, 26, 0, 12, 32, 16, 69, 0, 100, 10, 2
18, 93, 10, 55, 55, 27, 13, 0, 0, 34, 5, 81, 45, 100, 100, 98, 5
100, 100, 54, 97, 16, 68, 0, 32, 24, 0, 74, 15, 76, 50, 21, 59, 6
50, 100, 13, 80, 76, 54, 100, 16, 40, 0, 37, 42, 53, 84, 0, 98, 8
0, 82, 39, 100, 80, 95, 66, 51, 56, 6, 40, 0, 55, 28, 100, 29, 7
0, 86, 39, 100, 89, 95, 73, 74, 70, 52, 100, 33, 100, 13, 50, 0, 3
19, 92, 0, 51, 17, 7, 64, 0, 100, 29, 91, 77, 50, 100, 4, 87, 0
100, 100, 56, 90, 20, 66, 0, 34, 9, 1, 55, 0, 67, 31, 26, 46, 6
44, 68, 62, 40, 100, 2, 0, 0, 25, 38, 98, 71, 96, 100, 6, 73, 8
81, 71, 97, 100, 36, 89, 74, 72, 95, 74, 100, 34, 59, 6, 0, 0, 9
83, 31, 100, 71, 67, 100, 24, 87, 0, 46, 8, 0, 51, 0, 82, 36, 0
90, 100, 46, 77, 20, 49, 12, 20, 51, 0, 100, 17, 64, 41, 0, 44, 6
0, 62, 19, 71, 69, 91, 100, 100, 71, 75, 50, 50, 29, 25, 12, 0, 1
29, 88, 71, 73, 100, 33, 43, 0, 0, 25, 39, 64, 94, 100, 35, 94, 8
0, 95, 52, 100, 71, 86, 63, 42, 62, 0, 27, 33, 48, 50, 100, 53, 7
2, 83, 35, 100, 62, 82, 62, 68, 100, 51, 84, 21, 44, 0, 0, 7, 3
0, 88, 42, 100, 68, 83, 52, 59, 29, 36, 9, 12, 48, 2, 100, 0, 2
0, 98, 76, 100, 100, 68, 88, 34, 67, 0, 16, 1, 13, 16, 95, 11, 7
0, 80, 28, 100, 55, 82, 37, 48, 11, 20, 24, 3, 62, 1, 100, 0, 2
92, 47, 92, 90, 49, 100, 11, 74, 0, 27, 35, 0, 76, 18, 100, 57, 0
63, 100, 18, 89, 0, 44, 14, 0, 62, 12, 96, 49, 100, 95, 54, 93, 0
29, 85, 8, 43, 33, 0, 86, 9, 100, 57, 74, 100, 17, 92, 0, 46, 0
100, 80, 46, 100, 25, 68, 88, 75, 86, 75, 96, 32, 57, 0, 0, 19, 9
0, 32, 33, 41, 62, 64, 85, 94, 100, 100, 85, 66, 70, 34, 57, 0, 1
87, 71, 85, 100, 46, 81, 89, 71, 100, 74, 91, 30, 51, 4, 0, 0, 9
40, 100, 23, 89, 0, 59, 26, 34, 95, 45, 100, 60, 68, 31, 56, 0, 4
94, 91, 32, 81, 100, 44, 91, 0, 8, 18, 45, 60, 98, 100, 0, 100, 8
100, 97, 23, 100, 14, 67, 65, 34, 43, 0, 0, 26, 39, 62, 93, 96, 8
100, 100, 59, 80, 31, 55, 16, 26, 31, 0, 82, 5, 47, 18, 0, 4, 6
23, 81, 61, 100, 92, 91, 58, 62, 81, 39, 100, 17, 51, 4, 0, 0, 3
100, 100, 54, 86, 18, 59, 0, 29, 23, 1, 85, 0, 66, 18, 23, 15, 6
63, 96, 3, 100, 26, 61, 54, 21, 9, 0, 0, 28, 50, 56, 100, 84, 8
100, 100, 60, 98, 23, 69, 0, 32, 24, 0, 77, 8, 70, 39, 17, 37, 6
0, 96, 54, 100, 99, 80, 86, 42, 67, 6, 34, 0, 36, 25, 100, 36, 7
50, 67, 75, 100, 67, 81, 56, 40, 43, 2, 0, 0, 57, 2, 100, 4, 1
0, 100, 38, 98, 48, 59, 38, 19, 24, 0, 18, 39, 58, 45, 100, 46, 7
8, 92, 37, 100, 66, 67, 59, 24, 27, 0, 0, 32, 50, 28, 100, 24, 7
0, 96, 42, 100, 62, 62, 56, 19, 39, 0, 11, 36, 51, 52, 100, 57, 7
38, 100, 2, 73, 0, 42, 69, 34, 100, 52, 83, 62, 62, 31, 45, 0, 4
91, 98, 43, 100, 45, 75, 95, 100, 100, 76, 95, 43, 61, 14, 0, 0, 9
0, 67, 27, 77, 67, 93, 100, 100, 92, 75, 85, 50, 79, 25, 75, 0, 1
29, 100, 12, 82, 0, 62, 1, 41, 31, 32, 64, 29, 93, 20, 100, 0, 4
100, 100, 57, 98, 18, 90, 0, 62, 22, 55, 57, 40, 42, 12, 4, 0, 5
0, 91, 15, 56, 44, 22, 15, 0, 36, 34, 82, 67, 100, 100, 5, 95, 8
0, 90, 32, 100, 66, 77, 45, 39, 26, 0, 1, 20, 45, 34, 100, 39, 7
76, 100, 53, 91, 0, 71, 33, 56, 100, 47, 97, 48, 47, 26, 17, 0, 4
94, 100, 8, 82, 79, 46, 99, 4, 0, 0, 15, 41, 100, 72, 47, 96, 8
14, 95, 85, 100, 45, 96, 9, 68, 44, 57, 100, 33, 59, 0, 0, 16, 5
4, 62, 25, 76, 76, 97, 100, 100, 75, 74, 47, 49, 18, 23, 0, 0, 1
13, 96, 0, 58, 16, 17, 63, 0, 100, 27, 94, 68, 60, 100, 17, 89, 0
78, 100, 37, 99, 58, 59, 74, 20, 19, 0, 0, 28, 51, 55, 100, 80, 8
14, 67, 0, 30, 26, 0, 70, 16, 100, 48, 96, 85, 53, 100, 7, 87, 0
69, 95, 74, 65, 93, 100, 44, 86, 97, 75, 100, 30, 56, 0, 0, 15, 9
38, 84, 7, 59, 0, 17, 45, 0, 87, 30, 100, 71, 64, 100, 11, 88, 0
100, 100, 56, 95, 78, 84, 95, 83, 97, 54, 89, 26, 49, 8, 0, 0, 9
25, 100, 0, 68, 4, 39, 75, 47, 100, 53, 51, 80, 49, 40, 47, 0, 4
0, 100, 60, 100, 100, 92, 62, 58, 42, 16, 41, 0, 22, 41, 84, 45, 7
100, 100, 63, 85, 33, 62, 8, 37, 0, 7, 39, 0, 60, 25, 25, 41, 6
0, 87, 35, 100, 57, 82, 41, 53, 22, 26, 26, 0, 66, 7, 100, 20, 2
100, 100, 54, 92, 19, 77, 12, 53, 58, 56, 73, 27, 43, 1, 0, 0, 5
50, 80, 76, 100, 93, 83, 78, 62, 100, 38, 82, 12, 42, 0, 0, 9, 3
10, 66, 30, 100, 39, 90, 45, 54, 41, 17, 0, 0, 43, 4, 100, 3, 1
56, 91, 100, 100, 51, 86, 16, 58, 66, 62, 81, 29, 49, 0, 0, 0, 5
0, 89, 31, 100, 61, 78, 51, 35, 45, 0, 17, 37, 50, 51, 100, 54, 7
99, 74, 62, 100, 23, 75, 60, 53, 95, 58, 100, 11, 49, 1, 0, 0, 9
40, 100, 15, 69, 0, 44, 60, 52, 100, 66, 87, 66, 91, 30, 82, 0, 4
24, 96, 0, 68, 11, 23, 49, 0, 86, 23, 100, 68, 74, 100, 42, 72, 0
3, 76, 30, 100, 91, 98, 81, 65, 80, 45, 100, 22, 52, 0, 0, 12, 3
48, 100, 35, 83, 7, 51, 0, 18, 47, 0, 100, 19, 67, 42, 9, 26, 6
47, 100, 20, 67, 73, 35, 45, 0, 0, 2, 0, 41, 18, 79, 100, 94, 5
13, 100, 0, 62, 12, 21, 53, 0, 94, 19, 100, 60, 75, 96, 32, 97, 0
0, 46, 33, 63, 66, 82, 100, 100, 84, 75, 64, 51, 46, 25, 29, 0, 1
75, 100, 23, 96, 31, 75, 82, 82, 100, 65, 91, 27, 50, 4, 0, 0, 9
0, 99, 57, 100, 88, 70, 80, 33, 52, 0, 3, 3, 40, 24, 100, 27, 7
0, 63, 8, 86, 53, 100, 100, 96, 73, 73, 46, 49, 26, 25, 19, 0, 7
60, 89, 99, 83, 65, 100, 75, 80, 100, 48, 82, 11, 29, 0, 0, 33, 9
0, 44, 33, 59, 66, 80, 100, 100, 96, 82, 77, 54, 59, 28, 44, 0, 1
25, 67, 52, 100, 58, 92, 55, 46, 33, 7, 0, 0, 50, 2, 100, 3, 1
31, 81, 60, 100, 78, 78, 51, 56, 100, 48, 94, 13, 46, 0, 0, 15, 3
100, 99, 60, 100, 25, 85, 29, 69, 65, 55, 64, 25, 39, 1, 0, 0, 5
80, 86, 30, 100, 36, 60, 95, 73, 93, 78, 100, 35, 62, 0, 0, 19, 9
25, 98, 64, 100, 72, 67, 53, 33, 30, 0, 0, 16, 37, 30, 100, 33, 7
100, 100, 83, 86, 70, 71, 53, 57, 37, 43, 20, 29, 7, 14, 0, 0, 1
73, 85, 93, 77, 73, 100, 53, 70, 100, 64, 97, 21, 48, 0, 0, 24, 9
0, 92, 51, 100, 100, 100, 63, 69, 34, 36, 23, 0, 2, 27, 63, 33, 7
46, 76, 55, 100, 100, 98, 75, 69, 95, 46, 97, 20, 50, 6, 0, 0, 3
55, 54, 34, 74, 0, 92, 56, 100, 100, 82, 100, 54, 86, 27, 70, 0, 9
0, 97, 67, 100, 76, 73, 62, 40, 51, 7, 38, 0, 24, 25, 100, 34, 7
93, 71, 19, 73, 0, 92, 67, 100, 100, 78, 74, 50, 38, 25, 0, 0, 9
27, 88, 9, 62, 0, 18, 42, 0, 83, 30, 100, 73, 69, 100, 19, 81, 0
0, 27, 30, 45, 58, 70, 85, 96, 100, 100, 84, 67, 69, 34, 58, 0, 1
0, 89, 34, 100, 59, 81, 42, 53, 22, 26, 24, 0, 70, 7, 100, 14, 2
26, 100, 0, 58, 5, 11, 55, 0, 97, 28, 100, 75, 56, 97, 17, 68, 0
63, 97, 17, 91, 0, 54, 15, 17, 59, 0, 94, 25, 100, 64, 86, 100, 0
100, 96, 32, 100, 43, 66, 93, 32, 58, 0, 0, 20, 22, 59, 64, 94, 8
63, 100, 23, 87, 0, 67, 28, 51, 85, 54, 100, 41, 77, 21, 60, 0, 4
23, 64, 39, 100, 42, 93, 41, 54, 41, 15, 0, 0, 49, 2, 100, 1, 1
0, 53, 34, 88, 88, 100, 100, 67, 63, 31, 16, 3, 41, 0, 98, 4, 2
100, 96, 74, 100, 52, 97, 47, 72, 67, 61, 49, 38, 26, 17, 0, 0, 5
0, 73, 33, 81, 89, 100, 100, 85, 92, 63, 78, 41, 58, 20, 28, 0, 1
100, 78, 64, 100, 0, 75, 57, 37, 46, 0, 24, 31, 82, 68, 100, 98, 8
32, 100, 13, 72, 0, 41, 52, 28, 100, 31, 83, 60, 56, 32, 41, 0, 4
91, 77, 55, 100, 18, 73, 62, 62, 95, 57, 100, 19, 65, 0, 0, 6, 9
26, 85, 59, 100, 81, 78, 72, 54, 100, 34, 82, 9, 42, 0, 0, 1, 3
0, 99, 61, 100, 67, 66, 51, 33, 32, 0, 2, 17, 27, 32, 100, 32, 7
17, 77, 35, 100, 90, 93, 60, 68, 78, 53, 100, 28, 64, 5, 0, 0, 3
5, 68, 45, 100, 87, 83, 55, 45, 10, 13, 0, 12, 57, 0, 100, 9, 2
0, 84, 45, 100, 77, 85, 38, 61, 53, 46, 100, 31, 61, 10, 9, 0, 3
35, 60, 76, 44, 56, 0, 0, 3, 40, 44, 100, 80, 91, 100, 25, 68, 8
60, 100, 23, 88, 71, 92, 100, 96, 90, 65, 87, 32, 56, 7, 0, 0, 9
34, 81, 6, 42, 22, 0, 70, 10, 100, 48, 92, 91, 42, 100, 0, 73, 0
45, 85, 34, 63, 100, 53, 71, 9, 3, 0, 0, 50, 4, 97, 79, 100, 5
44, 86, 62, 100, 74, 75, 63, 47, 100, 30, 81, 5, 37, 0, 0, 12, 3
65, 90, 24, 90, 0, 44, 19, 0, 67, 6, 100, 44, 91, 91, 44, 100, 0
100, 95, 63, 100, 37, 91, 31, 63, 81, 55, 89, 32, 46, 14, 0, 0, 5
58, 100, 5, 75, 0, 41, 100, 44, 75, 79, 48, 89, 44, 38, 37, 0, 4
18, 92, 51, 100, 44, 64, 26, 30, 0, 0, 12, 20, 57, 14, 100, 12, 2
0, 89, 42, 100, 100, 93, 88, 56, 59, 21, 42, 0, 32, 25, 94, 29, 7
66, 89, 93, 100, 80, 69, 68, 48, 100, 23, 80, 0, 40, 1, 0, 6, 3
0, 90, 40, 100, 80, 85, 53, 59, 20, 35, 4, 9, 56, 0, 100, 4, 2
100, 100, 84, 97, 71, 81, 57, 65, 43, 49, 29, 32, 14, 16, 0, 0, 1
26, 100, 12, 55, 19, 11, 67, 0, 100, 36, 79, 75, 26, 79, 0, 39, 0
0, 93, 44, 100, 100, 98, 68, 66, 38, 32, 21, 0, 6, 38, 61, 34, 7
79, 98, 100, 92, 64, 100, 55, 68, 92, 69, 91, 23, 44, 0, 0, 26, 9
37, 100, 0, 87, 6, 57, 100, 57, 95, 85, 61, 85, 50, 42, 49, 0, 4
55, 100, 15, 89, 0, 39, 23, 0, 69, 6, 100, 44, 90, 92, 47, 91, 0
30, 88, 76, 100, 88, 71, 59, 43, 100, 41, 98, 10, 47, 0, 0, 16, 3
100, 85, 57, 100, 44, 74, 90, 76, 93, 54, 82, 15, 41, 0, 0, 20, 9
46, 100, 7, 83, 0, 51, 66, 52, 100, 82, 76, 63, 47, 32, 22, 0, 4
0, 94, 37, 100, 65, 77, 70, 38, 61, 0, 43, 16, 62, 38, 100, 46, 7
100, 100, 47, 81, 20, 43, 30, 4, 93, 0, 93, 35, 40, 43, 0, 40, 6
0, 86, 37, 98, 79, 100, 60, 82, 81, 57, 100, 31, 70, 9, 30, 0, 3
30, 91, 51, 64, 61, 25, 6, 0, 0, 34, 49, 67, 100, 100, 43, 95, 8
1, 90, 50, 100, 98, 90, 72, 62, 100, 44, 90, 15, 43, 0, 0, 12, 3
100, 100, 60, 85, 25, 58, 0, 28, 13, 0, 71, 6, 46, 23, 15, 10, 6
0, 55, 37, 80, 62, 100, 46, 67, 27, 36, 4, 5, 37, 2, 100, 0, 1
0, 84, 37, 100, 75, 85, 75, 43, 67, 0, 47, 5, 56, 24, 100, 28, 7
24, 92, 61, 100, 100, 99, 81, 79, 59, 57, 56, 31, 35, 9, 0, 0, 3
12, 97, 83, 100, 43, 98, 7, 69, 63, 63, 100, 23, 49, 0, 0, 22, 5
76, 87, 38, 100, 45, 64, 51, 23, 15, 0, 0, 25, 51, 42, 100, 62, 8
0, 96, 64, 100, 96, 70, 81, 33, 52, 0, 19, 19, 35, 49, 100, 56, 7
38, 100, 24, 68, 0, 35, 71, 40, 100, 60, 96, 50, 95, 15, 100, 0, 4
100, 98, 61, 100, 41, 90, 28, 61, 59, 61, 57, 40, 29, 19, 0, 0, 5
0, 93, 43, 99, 92, 100, 68, 52, 64, 0, 47, 0, 40, 36, 100, 42, 7
21, 95, 58, 100, 68, 68, 48, 33, 23, 0, 0, 31, 42, 41, 100, 44, 7
0, 99, 75, 100, 83, 71, 52, 36, 27, 0, 6, 3, 22, 30, 100, 34, 7
86, 100, 35, 77, 8, 51, 0, 23, 35, 0, 100, 15, 84, 42, 22, 58, 6
3, 77, 40, 100, 70, 80, 52, 45, 20, 18, 0, 0, 50, 7, 100, 1, 2
0, 87, 47, 100, 97, 87, 94, 69, 92, 50, 100, 31, 81, 13, 22, 0, 3
58, 65, 71, 100, 90, 70, 63, 31, 23, 0, 0, 13, 48, 1, 100, 4, 2
61, 100, 0, 84, 51, 60, 100, 33, 72, 0, 16, 17, 41, 53, 87, 84, 8
4, 88, 39, 100, 59, 78, 60, 55, 100, 42, 88, 19, 47, 6, 0, 0, 3
50, 83, 74, 47, 90, 0, 41, 4, 59, 49, 100, 85, 47, 100, 0, 71, 8
14, 99, 8, 54, 73, 46, 44, 0, 0, 17, 1, 81, 44, 99, 100, 100, 5
0, 65, 61, 80, 100, 100, 94, 88, 86, 65, 84, 43, 86, 20, 92, 0, 1
77, 81, 14, 100, 23, 66, 79, 34, 67, 0, 0, 14, 47, 48, 100, 80, 8
19, 94, 53, 100, 69, 67, 50, 31, 21, 0, 0, 29, 49, 34, 100, 37, 7
49, 72, 64, 100, 100, 88, 78, 52, 43, 22, 0, 1, 40, 6, 90, 0, 2
32, 59, 53, 100, 100, 95, 79, 46, 48, 0, 93, 19, 58, 55, 0, 63, 8
97, 100, 41, 90, 4, 58, 0, 22, 52, 0, 100, 22, 49, 38, 8, 13, 6
30, 81, 87, 100, 100, 98, 37, 86, 46, 54, 99, 32, 59, 2, 0, 0, 5
4, 63, 12, 15, 52, 0, 92, 15, 100, 63, 72, 100, 28, 97, 0, 62, 0
0, 79, 51, 59, 100, 29, 51, 0, 22, 26, 51, 60, 73, 94, 9, 100, 8
100, 97, 56, 100, 22, 83, 18, 50, 53, 47, 68, 22, 37, 0, 0, 6, 5
36, 84, 9, 86, 0, 38, 27, 0, 72, 9, 100, 47, 88, 94, 46, 100, 0
32, 90, 0, 60, 2, 17, 51, 0, 95, 27, 100, 69, 66, 100, 25, 72, 0
0, 77, 13, 100, 57, 99, 60, 64, 38, 30, 11, 2, 57, 0, 100, 6, 2
0, 99, 56, 100, 72, 80, 54, 41, 49, 0, 22, 18, 41, 36, 100, 39, 7
32, 99, 35, 63, 56, 21, 17, 0, 0, 36, 12, 82, 54, 100, 100, 83, 5
7, 97, 15, 68, 65, 39, 31, 0, 0, 25, 4, 77, 33, 97, 100, 100, 5
97, 69, 79, 100, 0, 92, 18, 60, 96, 74, 100, 68, 83, 32, 83, 0, 9
100, 81, 55, 100, 0, 83, 33, 65, 85, 85, 83, 64, 64, 32, 62, 0, 9
16, 76, 48, 100, 72, 77, 42, 46, 0, 23, 2, 14, 53, 0, 100, 13, 2
4, 100, 2, 82, 0, 50, 46, 35, 100, 42, 100, 63, 93, 32, 93, 0, 4
100, 98, 75, 96, 22, 100, 0, 83, 38, 66, 80, 42, 56, 6, 5, 0, 5
22, 53, 76, 70, 100, 100, 39, 99, 0, 71, 53, 61, 67, 31, 40, 0, 9
46, 88, 24, 61, 19, 11, 63, 0, 100, 29, 86, 78, 45, 100, 0, 86, 0
0, 94, 32, 100, 77, 98, 100, 81, 83, 60, 60, 40, 38, 20, 22, 0, 7
68, 90, 100, 100, 100, 80, 79, 59, 71, 35, 73, 11, 39, 0, 0, 3, 3
0, 91, 28, 100, 73, 91, 55, 46, 40, 0, 28, 8, 44, 38, 100, 45, 7
54, 85, 94, 100, 96, 61, 79, 22, 84, 0, 100, 32, 53, 52, 0, 58, 8
25, 77, 3, 60, 11, 0, 71, 4, 100, 57, 56, 100, 2, 66, 0, 11, 0
14, 81, 0, 40, 19, 1, 65, 0, 99, 30, 100, 73, 65, 100, 24, 81, 0
7, 60, 100, 79, 76, 100, 24, 71, 80, 36, 84, 0, 0, 14, 47, 50, 8
23, 83, 74, 49, 100, 13, 19, 0, 24, 35, 82, 66, 73, 100, 0, 84, 8
45, 65, 76, 96, 2, 100, 0, 72, 82, 79, 100, 49, 79, 11, 3, 0, 9
35, 100, 17, 68, 0, 36, 50, 37, 100, 36, 81, 58, 62, 35, 56, 0, 4
49, 78, 34, 60, 30, 18, 0, 0, 19, 39, 57, 73, 100, 100, 44, 82, 8
49, 78, 69, 100, 100, 95, 76, 72, 61, 46, 59, 18, 33, 0, 0, 12, 3
9, 88, 46, 100, 60, 78, 31, 55, 0, 34, 10, 13, 56, 7, 100, 0, 2
48, 84, 38, 41, 20, 0, 0, 14, 37, 51, 89, 81, 100, 100, 36, 84, 8
0, 81, 41, 100, 60, 72, 43, 35, 20, 0, 5, 35, 48, 49, 100, 48, 7
45, 86, 32, 66, 93, 87, 12, 100, 80, 79, 100, 46, 88, 13, 0, 0, 9
38, 68, 56, 100, 54, 50, 32, 8, 0, 0, 28, 16, 63, 2, 100, 8, 2
81, 100, 39, 77, 17, 42, 22, 5, 78, 0, 100, 31, 45, 46, 0, 27, 6
38, 82, 80, 100, 88, 72, 39, 50, 84, 47, 100, 14, 47, 0, 0, 13, 3
0, 100, 55, 100, 100, 89, 72, 57, 46, 25, 33, 0, 10, 32, 69, 32, 7
34, 93, 92, 100, 53, 92, 0, 73, 49, 61, 100, 40, 86, 10, 26, 0, 5
100, 100, 64, 87, 36, 66, 14, 44, 0, 20, 23, 0, 57, 10, 24, 20, 6
0, 48, 26, 69, 64, 89, 100, 100, 80, 76, 61, 51, 48, 25, 56, 0, 1
0, 76, 28, 100, 48, 75, 34, 43, 11, 13, 16, 0, 57, 3, 100, 3, 2
23, 98, 53, 100, 57, 63, 29, 35, 0, 9, 25, 0, 62, 3, 100, 3, 2
0, 71, 51, 83, 92, 100, 100, 90, 88, 67, 81, 45, 77, 22, 83, 0, 1
0, 75, 28, 100, 66, 71, 55, 34, 5, 12, 22, 11, 80, 0, 100, 32, 2
15, 94, 58, 100, 100, 70, 71, 34, 31, 0, 14, 30, 0, 57, 91, 57, 7
22, 91, 10, 52, 63, 40, 53, 0, 0, 15, 11, 62, 42, 98, 100, 100, 5
25, 80, 75, 100, 92, 69, 72, 35, 52, 0, 100, 18, 61, 48, 0, 65, 8
0, 87, 46, 100, 100, 98, 76, 77, 45, 58, 67, 37, 55, 15, 12, 0, 3
8, 44, 30, 84, 100, 100, 97, 59, 66, 19, 67, 0, 61, 38, 0, 69, 8
0, 100, 13, 72, 87, 78, 58, 97, 49, 80, 100, 58, 70, 29, 47, 0, 9
69, 98, 22, 93, 46, 71, 57, 100, 85, 65, 100, 22, 56, 0, 0, 5, 9
55, 95, 0, 100, 26, 67, 64, 33, 50, 0, 16, 29, 47, 63, 100, 90, 8
0, 55, 35, 67, 71, 82, 100, 100, 91, 76, 81, 50, 68, 24, 56, 0, 1
0, 94, 46, 100, 68, 80, 59, 60, 93, 41, 100, 15, 62, 0, 14, 2, 3
0, 46, 45, 56, 85, 75, 100, 100, 98, 71, 93, 42, 80, 14, 80, 0, 1
0, 77, 18, 100, 62, 100, 71, 72, 72, 41, 100, 17, 75, 0, 32, 4, 3
24, 100, 0, 61, 4, 17, 57, 0, 100, 32, 96, 75, 43, 94, 11, 57, 0
69, 100, 42, 81, 22, 52, 20, 21, 60, 0, 100, 15, 51, 28, 0, 16, 6
11, 75, 33, 84, 89, 100, 100, 90, 76, 68, 49, 45, 24, 22, 0, 0, 1
55, 88, 83, 100, 71, 70, 89, 68, 100, 31, 74, 1, 33, 0, 0, 24, 3
83, 100, 9, 87, 57, 44, 60, 0, 0, 17, 56, 56, 100, 95, 10, 100, 8
51, 58, 83, 100, 0, 92, 3, 49, 68, 10, 13, 0, 15, 43, 100, 77, 8
46, 78, 59, 42, 51, 0, 0, 6, 47, 39, 100, 69, 90, 100, 21, 94, 8
50, 100, 63, 96, 30, 65, 0, 36, 13, 8, 85, 22, 100, 30, 80, 0, 4
15, 71, 38, 100, 73, 89, 59, 56, 30, 28, 0, 0, 49, 5, 100, 17, 2
10, 77, 54, 100, 100, 78, 75, 37, 36, 2, 0, 0, 21, 26, 89, 30, 7
12, 100, 0, 70, 64, 68, 100, 87, 82, 90, 67, 60, 54, 30, 50, 0, 4
53, 90, 95, 100, 100, 74, 74, 49, 40, 28, 0, 10, 26, 0, 78, 4, 2
100, 85, 58, 100, 10, 97, 28, 76, 77, 73, 54, 53, 21, 28, 0, 0, 9
9, 91, 71, 100, 91, 68, 68, 34, 41, 0, 0, 15, 15, 32, 100, 34, 7
6, 78, 0, 37, 19, 0, 76, 3, 100, 40, 99, 80, 51, 100, 7, 73, 0
52, 87, 100, 100, 92, 95, 44, 77, 71, 51, 94, 22, 47, 0, 0, 5, 5
0, 82, 9, 59, 56, 34, 41, 0, 10, 30, 3, 67, 42, 96, 100, 100, 5
0, 82, 34, 100, 78, 90, 49, 62, 80, 49, 100, 18, 62, 0, 18, 13, 3
87, 67, 66, 100, 0, 79, 49, 45, 100, 10, 40, 0, 37, 40, 81, 78, 8
100, 100, 50, 91, 19, 66, 0, 40, 0, 13, 48, 0, 94, 15, 44, 21, 6
38, 67, 50, 100, 73, 67, 41, 26, 0, 2, 9, 12, 54, 1, 100, 0, 2
48, 100, 20, 88, 0, 72, 4, 54, 21, 39, 52, 28, 79, 15, 100, 0, 4
100, 100, 83, 93, 67, 78, 54, 62, 38, 47, 29, 31, 12, 15, 0, 0, 1
76, 76, 48, 100, 0, 80, 37, 58, 100, 74, 84, 57, 46, 29, 19, 0, 9
100, 100, 46, 89, 13, 64, 0, 34, 25, 7, 80, 0, 80, 24, 26, 26, 6
100, 99, 66, 100, 36, 80, 38, 50, 79, 41, 69, 16, 32, 0, 0, 7, 5
15, 81, 0, 68, 14, 97, 77, 100, 100, 95, 80, 62, 68, 28, 63, 0, 7
40, 92, 77, 100, 90, 85, 75, 56, 100, 29, 79, 6, 40, 1, 0, 0, 3
15, 100, 2, 79, 0, 57, 48, 49, 100, 56, 97, 43, 87, 21, 98, 0, 4
26, 94, 67, 100, 100, 89, 66, 68, 92, 39, 84, 14, 41, 7, 0, 0, 3
0, 83, 28, 100, 59, 88, 42, 57, 22, 28, 31, 0, 70, 1, 100, 2, 2
100, 86, 43, 100, 0, 74, 45, 38, 66, 0, 36, 25, 63, 64, 90, 94, 8
53, 100, 0, 77, 10, 45, 100, 43, 87, 66, 47, 77, 35, 39, 31, 0, 4
47, 79, 16, 68, 0, 30, 27, 0, 74, 12, 100, 46, 94, 86, 51, 100, 0
0, 30, 24, 54, 52, 77, 78, 100, 100, 99, 88, 66, 74, 33, 64, 0, 1
0, 52, 39, 67, 76, 84, 100, 100, 89, 75, 78, 49, 65, 24, 52, 0, 1
52, 100, 20, 71, 0, 40, 61, 39, 100, 47, 76, 68, 76, 34, 78, 0, 4
14, 68, 56, 100, 75, 97, 68, 60, 64, 22, 0, 4, 18, 0, 100, 3, 1
26, 88, 0, 58, 4, 17, 54, 0, 96, 28, 100, 69, 63, 100, 12, 86, 0
31, 100, 1, 70, 0, 29, 35, 0, 82, 23, 100, 62, 85, 99, 31, 93, 0
20, 88, 0, 52, 14, 14, 63, 0, 97, 31, 100, 71, 64, 100, 16, 84, 0
2, 75, 36, 100, 87, 93, 58, 62, 94, 49, 100, 19, 50, 0, 0, 16, 3
100, 100, 100, 90, 50, 75, 25, 60, 0, 45, 0, 30, 0, 15, 0, 0, 1
13, 52, 35, 92, 40, 100, 43, 57, 45, 13, 0, 0, 51, 1, 100, 0, 1
25, 64, 54, 100, 53, 90, 49, 45, 32, 3, 0, 0, 51, 1, 100, 2, 1
46, 81, 15, 59, 51, 32, 31, 0, 0, 8, 14, 56, 50, 90, 100, 100, 5
51, 82, 84, 100, 99, 79, 80, 55, 100, 29, 79, 4, 36, 0, 0, 19, 3
26, 70, 19, 25, 57, 0, 95, 21, 100, 68, 69, 100, 24, 88, 0, 48, 0
0, 68, 17, 84, 81, 100, 100, 81, 86, 60, 72, 40, 58, 20, 50, 0, 1
21, 87, 0, 38, 26, 0, 67, 6, 100, 41, 92, 95, 52, 100, 21, 65, 0
15, 83, 56, 100, 82, 78, 35, 58, 62, 47, 100, 26, 56, 5, 0, 0, 3
0, 67, 42, 98, 63, 100, 53, 63, 48, 27, 10, 1, 15, 0, 100, 0, 1
63, 100, 24, 88, 0, 73, 4, 57, 41, 45, 76, 32, 92, 16, 100, 0, 4
30, 90, 0, 56, 2, 18, 46, 0, 87, 28, 100, 66, 78, 100, 21, 100, 0
100, 100, 60, 87, 30, 59, 0, 38, 51, 31, 84, 54, 71, 32, 74, 0, 4
16, 75, 43, 100, 66, 75, 44, 39, 10, 10, 0, 0, 50, 9, 100, 18, 2
15, 100, 1, 82, 0, 63, 18, 47, 45, 37, 75, 31, 99, 18, 100, 0, 4
43, 100, 31, 73, 0, 45, 20, 25, 79, 24, 100, 46, 91, 31, 98, 0, 4
30, 75, 54, 100, 100, 99, 74, 72, 79, 46, 88, 18, 43, 0, 0, 12, 3
36, 100, 22, 80, 0, 50, 49, 39, 100, 54, 75, 62, 58, 31, 59, 0, 4
86, 100, 49, 77, 28, 51, 26, 24, 51, 0, 100, 13, 63, 34, 0, 31, 6
61, 100, 32, 70, 0, 41, 18, 28, 77, 29, 100, 49, 95, 34, 92, 0, 4
