@relation penbased-3
@attribute At1 integer [0, 100]
@attribute At2 integer [0, 100]
@attribute At3 integer [0, 100]
@attribute At4 integer [0, 100]
@attribute At5 integer [0, 100]
@attribute At6 integer [0, 100]
@attribute At7 integer [0, 100]
@attribute At8 integer [0, 100]
@attribute At9 integer [0, 100]
@attribute At10 integer [0, 100]
@attribute At11 integer [0, 100]
@attribute At12 integer [0, 100]
@attribute At13 integer [0, 100]
@attribute At14 integer [0, 100]
@attribute At15 integer [0, 100]
@attribute At16 integer [0, 100]
@attribute Class {0, 1, 2, 3, 4, 5, 6, 7, 8, 9}
@inputs At1, At2, At3, At4, At5, At6, At7, At8, At9, At10, At11, At12, At13, At14, At15, At16
@outputs Class
@data
0, 57, 31, 68, 72, 90, 100, 100, 76, 75, 50, 51, 28, 25, 16, 0, 1
0, 100, 3, 72, 26, 35, 85, 35, 100, 71, 73, 97, 65, 49, 66, 0, 4
48, 96, 62, 65, 88, 27, 21, 0, 21, 33, 79, 67, 100, 100, 0, 85, 8
27, 76, 1, 42, 16, 0, 70, 3, 100, 40, 92, 84, 44, 100, 0, 73, 0
12, 78, 40, 100, 74, 77, 52, 41, 13, 14, 0, 17, 50, 8, 100, 0, 2
18, 73, 0, 73, 10, 24, 54, 0, 100, 22, 95, 71, 52, 100, 5, 84, 0
34, 100, 21, 76, 0, 35, 43, 30, 91, 29, 100, 41, 74, 46, 67, 0, 4
72, 100, 38, 88, 2, 57, 0, 19, 51, 0, 100, 20, 55, 34, 12, 7, 6
22, 100, 1, 66, 0, 33, 50, 32, 100, 36, 82, 63, 77, 30, 71, 0, 4
7, 100, 0, 56, 51, 37, 39, 0, 9, 15, 5, 62, 42, 92, 100, 96, 5
100, 100, 53, 81, 25, 54, 11, 25, 38, 0, 99, 8, 65, 29, 0, 25, 6
0, 42, 30, 56, 59, 72, 86, 94, 100, 100, 80, 68, 62, 35, 53, 0, 1
0, 59, 77, 74, 100, 100, 17, 93, 7, 71, 82, 68, 45, 35, 20, 0, 9
54, 93, 0, 88, 54, 46, 70, 0, 5, 9, 54, 52, 100, 96, 7, 100, 8
0, 67, 16, 80, 64, 100, 85, 99, 85, 74, 89, 49, 95, 24, 100, 0, 1
31, 95, 5, 61, 0, 23, 32, 0, 77, 18, 100, 51, 82, 85, 37, 100, 0
100, 100, 59, 79, 26, 54, 2, 28, 1, 0, 58, 0, 58, 21, 0, 19, 6
48, 95, 94, 100, 100, 73, 75, 47, 41, 25, 0, 5, 41, 1, 94, 0, 2
51, 100, 0, 90, 5, 57, 92, 61, 100, 70, 85, 82, 68, 40, 86, 0, 4
34, 64, 52, 100, 58, 57, 37, 16, 0, 0, 24, 20, 61, 1, 100, 5, 2
0, 93, 45, 100, 74, 75, 57, 37, 35, 0, 25, 24, 53, 41, 100, 37, 7
49, 54, 100, 78, 65, 100, 0, 82, 12, 60, 90, 64, 95, 33, 86, 0, 9
67, 97, 19, 74, 0, 30, 34, 0, 79, 32, 100, 76, 58, 100, 10, 73, 0
0, 89, 41, 94, 87, 100, 100, 98, 80, 75, 68, 50, 59, 25, 60, 0, 7
100, 100, 50, 98, 16, 67, 0, 30, 26, 0, 80, 8, 81, 34, 29, 24, 6
36, 69, 33, 100, 64, 85, 43, 48, 0, 21, 6, 19, 57, 0, 100, 20, 2
93, 91, 40, 100, 15, 79, 23, 36, 72, 53, 100, 21, 57, 0, 0, 6, 5
0, 73, 28, 92, 73, 100, 100, 81, 85, 55, 58, 32, 36, 8, 79, 0, 2
43, 100, 98, 96, 77, 97, 37, 70, 60, 53, 100, 20, 47, 0, 0, 14, 5
33, 78, 66, 100, 91, 86, 64, 60, 100, 42, 82, 10, 41, 0, 0, 7, 3
0, 65, 46, 91, 50, 100, 50, 62, 52, 23, 4, 2, 12, 5, 100, 0, 1
0, 88, 41, 100, 73, 80, 64, 40, 49, 0, 40, 13, 49, 42, 100, 46, 7
100, 100, 66, 100, 25, 69, 0, 35, 14, 0, 77, 0, 72, 34, 10, 51, 6
5, 85, 50, 100, 79, 77, 54, 50, 85, 44, 100, 22, 56, 2, 0, 0, 3
13, 71, 40, 100, 65, 69, 41, 34, 0, 12, 2, 8, 51, 6, 100, 0, 2
21, 100, 12, 66, 64, 49, 52, 0, 10, 16, 0, 72, 43, 94, 100, 94, 5
9, 86, 1, 51, 27, 11, 76, 0, 100, 39, 84, 83, 37, 100, 0, 69, 0
51, 100, 21, 77, 2, 49, 0, 20, 45, 0, 100, 17, 51, 27, 4, 7, 6
23, 83, 0, 48, 10, 9, 53, 0, 91, 23, 100, 63, 75, 97, 31, 100, 0
64, 60, 76, 100, 13, 99, 39, 75, 100, 87, 98, 44, 65, 6, 0, 0, 9
76, 100, 34, 77, 7, 48, 0, 17, 47, 0, 100, 13, 78, 37, 21, 29, 6
54, 100, 28, 76, 5, 51, 0, 28, 66, 27, 100, 49, 82, 25, 69, 0, 4
0, 98, 40, 100, 78, 88, 59, 42, 32, 0, 28, 14, 47, 41, 100, 42, 7
26, 89, 64, 100, 81, 82, 73, 61, 100, 37, 81, 11, 41, 0, 0, 5, 3
58, 85, 100, 100, 87, 94, 52, 72, 59, 43, 85, 27, 47, 2, 0, 0, 5
64, 100, 32, 77, 16, 47, 16, 16, 58, 0, 100, 16, 49, 23, 0, 9, 6
0, 87, 9, 47, 80, 54, 80, 7, 24, 0, 2, 50, 25, 91, 100, 100, 5
0, 89, 54, 100, 100, 80, 82, 37, 48, 0, 11, 5, 19, 32, 76, 38, 7
99, 68, 58, 100, 0, 78, 47, 42, 100, 9, 39, 0, 47, 41, 100, 73, 8
13, 95, 17, 66, 83, 35, 77, 0, 0, 14, 42, 49, 100, 81, 34, 100, 8
31, 79, 55, 49, 70, 14, 32, 0, 14, 38, 0, 71, 49, 86, 100, 100, 5
65, 100, 20, 85, 0, 52, 59, 42, 100, 64, 79, 62, 38, 32, 7, 0, 4
18, 97, 35, 100, 0, 76, 0, 53, 64, 54, 100, 53, 75, 27, 66, 0, 4
48, 77, 19, 66, 0, 6, 49, 0, 93, 38, 100, 96, 48, 100, 0, 70, 0
14, 88, 49, 100, 65, 77, 34, 53, 0, 31, 1, 7, 50, 0, 100, 0, 2
13, 84, 66, 100, 90, 80, 52, 54, 75, 51, 100, 24, 60, 0, 0, 1, 3
55, 91, 100, 100, 64, 94, 27, 69, 53, 52, 84, 32, 48, 7, 0, 0, 5
100, 85, 48, 79, 18, 100, 57, 99, 64, 62, 69, 26, 43, 0, 0, 19, 9
64, 100, 21, 74, 0, 38, 17, 3, 72, 0, 100, 31, 59, 51, 6, 39, 6
6, 43, 16, 2, 68, 0, 100, 35, 81, 75, 38, 100, 7, 63, 0, 22, 0
0, 42, 10, 60, 68, 83, 100, 100, 77, 75, 61, 50, 48, 25, 35, 0, 1
13, 94, 10, 63, 73, 46, 65, 0, 0, 8, 3, 57, 31, 100, 100, 99, 5
34, 76, 0, 41, 8, 0, 65, 11, 100, 47, 99, 90, 42, 100, 7, 67, 0
58, 83, 85, 100, 93, 77, 50, 57, 94, 40, 100, 11, 50, 0, 0, 11, 3
100, 97, 48, 100, 12, 80, 9, 42, 51, 53, 80, 28, 49, 0, 0, 5, 5
44, 100, 65, 100, 54, 62, 30, 32, 0, 10, 29, 7, 64, 1, 100, 0, 2
10, 100, 4, 67, 11, 70, 2, 80, 19, 33, 0, 0, 21, 8, 100, 12, 1
42, 100, 7, 72, 0, 41, 54, 38, 100, 44, 73, 73, 56, 36, 39, 0, 4
100, 97, 58, 100, 21, 70, 0, 34, 21, 0, 71, 1, 57, 28, 11, 14, 6
32, 100, 12, 77, 0, 48, 53, 38, 100, 55, 94, 57, 81, 28, 65, 0, 4
0, 94, 50, 100, 94, 100, 73, 58, 60, 14, 43, 0, 50, 27, 100, 19, 7
31, 87, 57, 100, 55, 65, 30, 37, 0, 14, 26, 9, 62, 5, 100, 0, 2
0, 79, 27, 100, 84, 99, 82, 75, 84, 52, 100, 28, 55, 11, 2, 0, 3
81, 97, 2, 90, 0, 61, 81, 72, 100, 100, 81, 67, 69, 33, 59, 0, 9
27, 100, 15, 72, 0, 42, 49, 31, 100, 36, 82, 62, 68, 31, 66, 0, 4
0, 96, 51, 100, 98, 88, 87, 61, 53, 42, 100, 27, 68, 7, 17, 0, 3
54, 96, 60, 67, 87, 34, 48, 0, 14, 26, 0, 72, 40, 100, 100, 99, 5
0, 92, 51, 100, 100, 98, 83, 57, 71, 14, 59, 0, 44, 33, 97, 42, 7
20, 100, 6, 79, 0, 49, 65, 43, 100, 66, 86, 59, 70, 29, 52, 0, 4
25, 75, 37, 98, 92, 100, 100, 75, 68, 51, 97, 27, 51, 9, 0, 0, 3
89, 100, 40, 79, 0, 42, 69, 38, 100, 59, 74, 87, 69, 43, 68, 0, 4
41, 81, 63, 100, 82, 75, 52, 47, 100, 46, 98, 17, 46, 0, 0, 9, 3
14, 100, 66, 86, 66, 57, 50, 28, 31, 0, 0, 9, 25, 29, 100, 30, 7
38, 78, 52, 100, 97, 79, 58, 52, 78, 41, 100, 11, 38, 0, 0, 20, 3
35, 100, 21, 73, 0, 46, 18, 30, 77, 30, 100, 53, 87, 27, 79, 0, 4
0, 95, 40, 100, 74, 80, 40, 55, 1, 35, 15, 12, 63, 8, 100, 0, 2
19, 83, 12, 55, 57, 31, 28, 0, 7, 35, 0, 73, 41, 97, 100, 100, 5
0, 93, 43, 100, 93, 90, 89, 63, 60, 39, 28, 17, 44, 0, 100, 4, 2
25, 98, 7, 67, 95, 78, 36, 100, 0, 79, 100, 71, 76, 33, 14, 0, 9
16, 100, 18, 77, 0, 47, 26, 29, 88, 35, 100, 58, 74, 30, 59, 0, 4
97, 100, 53, 77, 32, 44, 39, 9, 90, 0, 100, 31, 51, 49, 0, 36, 6
22, 100, 0, 80, 19, 55, 73, 48, 100, 68, 63, 57, 41, 29, 26, 0, 4
7, 96, 18, 69, 68, 41, 46, 0, 11, 25, 0, 71, 29, 96, 100, 100, 5
14, 86, 46, 100, 50, 63, 34, 28, 0, 5, 18, 8, 62, 1, 100, 0, 2
0, 54, 50, 76, 80, 100, 60, 82, 52, 57, 60, 33, 88, 9, 100, 0, 1
100, 100, 57, 90, 28, 67, 6, 43, 0, 15, 37, 0, 70, 16, 28, 27, 6
100, 100, 55, 91, 79, 72, 94, 93, 86, 66, 80, 35, 48, 11, 0, 0, 9
0, 78, 21, 100, 54, 97, 68, 72, 60, 43, 48, 16, 66, 0, 100, 6, 2
89, 92, 20, 100, 11, 67, 43, 34, 54, 0, 0, 24, 34, 56, 100, 82, 8
0, 85, 49, 100, 100, 93, 69, 70, 38, 48, 96, 35, 91, 13, 36, 0, 3
71, 100, 27, 76, 1, 33, 24, 0, 74, 23, 100, 65, 51, 79, 0, 58, 0
94, 82, 45, 100, 1, 63, 0, 9, 53, 0, 100, 30, 97, 85, 47, 97, 0
10, 99, 36, 98, 100, 100, 91, 68, 58, 34, 24, 0, 0, 3, 36, 22, 7
72, 100, 5, 97, 53, 52, 93, 6, 0, 0, 11, 43, 100, 77, 58, 99, 8
8, 98, 25, 100, 29, 64, 21, 29, 0, 2, 33, 2, 67, 3, 100, 0, 2
0, 67, 35, 98, 88, 100, 64, 65, 49, 39, 100, 22, 63, 0, 8, 1, 3
45, 100, 34, 79, 11, 51, 0, 23, 40, 0, 100, 16, 51, 36, 28, 23, 6
0, 98, 10, 100, 61, 98, 100, 85, 77, 63, 47, 43, 20, 23, 3, 0, 7
17, 100, 36, 93, 0, 59, 50, 48, 98, 63, 100, 63, 84, 25, 76, 0, 4
33, 94, 60, 64, 99, 100, 38, 99, 79, 85, 100, 55, 73, 11, 0, 0, 9
100, 81, 64, 100, 43, 68, 87, 77, 81, 55, 100, 20, 57, 0, 0, 8, 9
100, 100, 37, 89, 43, 57, 69, 26, 33, 0, 0, 19, 35, 48, 83, 73, 8
0, 96, 40, 100, 59, 67, 42, 25, 26, 0, 14, 38, 57, 45, 100, 48, 7
11, 100, 0, 87, 11, 48, 69, 38, 100, 50, 75, 94, 53, 49, 37, 0, 4
0, 70, 31, 94, 99, 100, 100, 73, 55, 46, 8, 21, 19, 0, 88, 1, 2
64, 83, 86, 100, 100, 76, 68, 53, 94, 36, 78, 11, 40, 3, 0, 0, 3
67, 100, 47, 59, 0, 31, 5, 34, 69, 40, 100, 63, 72, 41, 57, 0, 4
16, 76, 2, 44, 16, 0, 84, 12, 100, 57, 75, 100, 9, 88, 0, 44, 0
0, 85, 48, 100, 100, 82, 87, 39, 56, 0, 30, 1, 25, 28, 88, 33, 7
35, 92, 61, 100, 81, 75, 59, 60, 100, 43, 86, 10, 40, 0, 0, 7, 3
48, 100, 22, 79, 5, 58, 0, 37, 80, 39, 100, 42, 72, 21, 82, 0, 4
66, 100, 50, 86, 21, 56, 0, 26, 26, 0, 100, 16, 53, 33, 15, 7, 6
12, 58, 62, 79, 100, 100, 88, 85, 62, 64, 50, 42, 25, 21, 0, 0, 1
25, 100, 29, 78, 14, 49, 0, 20, 56, 19, 90, 39, 90, 24, 100, 0, 4
82, 83, 100, 100, 54, 76, 17, 47, 0, 13, 46, 0, 50, 30, 0, 27, 6
0, 47, 23, 66, 61, 83, 100, 100, 89, 75, 72, 50, 53, 25, 48, 0, 1
26, 97, 28, 70, 59, 35, 22, 0, 0, 23, 8, 71, 40, 100, 100, 100, 5
23, 96, 5, 56, 0, 15, 41, 0, 83, 25, 100, 63, 81, 100, 34, 98, 0
35, 94, 0, 74, 75, 97, 100, 100, 70, 75, 45, 50, 25, 25, 0, 0, 1
0, 60, 36, 86, 60, 100, 59, 52, 53, 5, 16, 1, 60, 1, 100, 0, 1
6, 79, 42, 95, 100, 100, 35, 88, 0, 56, 62, 41, 64, 0, 2, 0, 5
74, 100, 2, 49, 29, 0, 100, 54, 61, 95, 0, 39, 75, 77, 6, 21, 0
44, 100, 21, 72, 0, 47, 68, 54, 100, 75, 85, 53, 61, 25, 43, 0, 4
12, 60, 37, 36, 41, 0, 15, 2, 0, 42, 27, 66, 63, 84, 100, 100, 5
60, 82, 21, 74, 0, 25, 34, 0, 82, 27, 100, 75, 54, 100, 14, 75, 0
11, 80, 0, 54, 47, 32, 36, 0, 11, 24, 3, 62, 46, 87, 100, 100, 5
25, 84, 56, 54, 47, 17, 5, 0, 0, 35, 10, 72, 52, 90, 100, 100, 5
82, 73, 61, 100, 0, 80, 35, 55, 100, 77, 99, 61, 87, 23, 98, 0, 9
4, 84, 50, 100, 57, 79, 39, 52, 90, 41, 100, 15, 52, 0, 0, 5, 3
100, 98, 54, 100, 52, 68, 83, 95, 95, 61, 92, 18, 48, 0, 0, 2, 9
6, 100, 0, 93, 0, 67, 18, 43, 65, 46, 92, 50, 83, 24, 100, 0, 4
66, 98, 22, 67, 100, 88, 17, 100, 11, 52, 0, 0, 79, 13, 22, 53, 8
41, 100, 0, 70, 76, 37, 100, 0, 10, 5, 41, 43, 97, 79, 27, 91, 8
79, 68, 100, 94, 47, 100, 0, 83, 27, 62, 84, 58, 91, 30, 80, 0, 9
49, 97, 77, 100, 79, 60, 47, 28, 0, 11, 8, 24, 58, 14, 100, 0, 2
37, 100, 8, 78, 0, 39, 18, 4, 59, 0, 91, 26, 100, 64, 72, 92, 0
0, 100, 53, 95, 80, 66, 69, 30, 66, 0, 100, 30, 61, 36, 7, 39, 7
22, 100, 0, 70, 28, 44, 83, 47, 100, 79, 71, 61, 45, 30, 19, 0, 4
27, 100, 8, 56, 57, 41, 20, 0, 0, 24, 18, 85, 48, 97, 100, 94, 5
59, 100, 37, 69, 0, 34, 46, 33, 100, 38, 81, 51, 63, 43, 46, 0, 4
0, 76, 42, 100, 66, 75, 46, 38, 43, 0, 22, 19, 45, 36, 100, 39, 7
53, 100, 25, 70, 0, 39, 50, 34, 100, 42, 85, 64, 77, 32, 80, 0, 4
0, 62, 32, 73, 69, 91, 100, 100, 80, 75, 59, 51, 39, 26, 27, 0, 1
27, 82, 58, 100, 73, 83, 68, 53, 100, 34, 76, 8, 38, 0, 0, 5, 3
100, 93, 62, 77, 0, 61, 13, 88, 76, 100, 94, 67, 72, 33, 46, 0, 9
41, 81, 48, 100, 67, 71, 50, 36, 0, 26, 29, 19, 72, 0, 100, 31, 2
62, 86, 97, 100, 94, 71, 69, 46, 37, 22, 0, 2, 47, 0, 100, 1, 2
0, 68, 34, 100, 74, 88, 56, 40, 17, 10, 10, 23, 55, 12, 100, 0, 2
100, 83, 97, 100, 46, 94, 46, 67, 83, 42, 99, 11, 51, 0, 0, 3, 5
5, 55, 79, 87, 5, 100, 38, 53, 67, 6, 0, 0, 27, 47, 100, 84, 8
7, 85, 29, 100, 28, 70, 26, 55, 83, 58, 100, 31, 55, 11, 0, 0, 3
19, 73, 12, 61, 77, 36, 57, 0, 9, 19, 0, 59, 12, 94, 100, 100, 5
58, 96, 17, 64, 0, 26, 29, 0, 75, 27, 100, 65, 83, 100, 33, 79, 0
100, 100, 38, 87, 25, 72, 19, 58, 12, 43, 6, 28, 0, 14, 6, 0, 1
34, 100, 5, 59, 0, 46, 100, 47, 94, 81, 64, 86, 62, 43, 50, 0, 4
25, 67, 41, 100, 80, 91, 61, 53, 24, 26, 0, 15, 49, 6, 100, 0, 2
49, 100, 10, 79, 0, 32, 33, 0, 82, 8, 100, 51, 74, 90, 27, 97, 0
30, 88, 7, 77, 0, 33, 30, 0, 82, 6, 100, 45, 74, 82, 26, 100, 0
0, 67, 59, 100, 79, 98, 71, 54, 71, 12, 9, 1, 2, 0, 100, 3, 1
0, 66, 12, 98, 45, 100, 70, 79, 45, 49, 35, 15, 66, 0, 100, 1, 2
0, 100, 15, 87, 8, 66, 20, 46, 66, 50, 77, 40, 87, 20, 100, 0, 4
38, 79, 69, 100, 88, 80, 61, 56, 87, 38, 100, 13, 53, 0, 0, 2, 3
100, 79, 64, 100, 30, 86, 63, 73, 77, 63, 72, 27, 42, 0, 0, 5, 9
23, 100, 0, 58, 8, 12, 58, 0, 99, 29, 100, 75, 56, 100, 14, 78, 0
0, 90, 31, 100, 74, 82, 68, 39, 46, 0, 36, 6, 49, 41, 100, 54, 7
25, 100, 8, 84, 0, 63, 0, 44, 33, 30, 83, 34, 87, 18, 100, 0, 4
57, 100, 25, 75, 0, 52, 85, 53, 100, 73, 65, 85, 31, 43, 2, 0, 4
63, 62, 67, 100, 5, 79, 52, 41, 73, 0, 0, 2, 32, 42, 100, 75, 8
32, 100, 32, 79, 0, 48, 25, 28, 96, 34, 100, 64, 77, 34, 77, 0, 4
0, 78, 25, 100, 58, 77, 46, 37, 10, 12, 19, 24, 62, 9, 100, 0, 2
0, 82, 23, 98, 65, 100, 75, 72, 53, 43, 28, 16, 58, 2, 100, 0, 2
16, 67, 30, 100, 76, 97, 71, 57, 41, 23, 0, 0, 50, 3, 100, 1, 2
11, 83, 0, 38, 21, 0, 71, 1, 100, 37, 87, 80, 41, 100, 5, 71, 0
92, 100, 57, 80, 21, 53, 0, 22, 37, 0, 100, 14, 76, 37, 7, 32, 6
13, 92, 6, 38, 34, 0, 79, 8, 100, 55, 79, 100, 34, 100, 0, 66, 0
55, 99, 55, 68, 77, 26, 38, 0, 0, 13, 20, 56, 49, 92, 100, 100, 5
0, 66, 47, 100, 81, 98, 79, 50, 85, 0, 27, 0, 23, 8, 100, 0, 1
32, 90, 65, 100, 100, 90, 75, 71, 59, 50, 68, 27, 39, 10, 0, 0, 3
32, 100, 9, 63, 0, 21, 30, 0, 70, 14, 100, 43, 87, 79, 47, 90, 0
0, 76, 30, 100, 82, 97, 100, 71, 80, 44, 47, 20, 40, 0, 98, 0, 2
1, 92, 0, 49, 26, 0, 80, 1, 100, 51, 74, 100, 24, 83, 27, 29, 0
53, 100, 27, 90, 6, 55, 0, 20, 46, 0, 100, 16, 53, 34, 6, 19, 6
20, 84, 58, 100, 59, 74, 53, 53, 100, 42, 98, 15, 53, 0, 0, 1, 3
7, 66, 74, 94, 100, 100, 89, 58, 83, 16, 15, 0, 0, 3, 94, 4, 1
11, 71, 16, 100, 53, 79, 44, 41, 9, 14, 0, 6, 50, 3, 100, 0, 2
0, 94, 28, 100, 65, 100, 100, 97, 79, 75, 61, 51, 50, 26, 48, 0, 7
0, 55, 37, 83, 64, 100, 54, 66, 49, 32, 33, 0, 22, 6, 100, 8, 1
78, 88, 4, 100, 0, 73, 86, 85, 100, 91, 76, 61, 58, 30, 64, 0, 9
8, 72, 41, 100, 70, 72, 47, 35, 9, 7, 0, 6, 50, 9, 100, 0, 2
36, 90, 79, 100, 100, 98, 50, 88, 32, 59, 76, 37, 47, 5, 0, 0, 5
0, 79, 27, 99, 66, 100, 81, 75, 58, 49, 34, 22, 61, 4, 100, 0, 2
63, 100, 35, 70, 0, 41, 36, 35, 100, 40, 96, 56, 73, 34, 59, 0, 4
27, 94, 1, 63, 56, 67, 64, 19, 0, 0, 0, 55, 21, 100, 100, 100, 5
0, 100, 12, 71, 94, 90, 31, 96, 11, 76, 100, 80, 58, 41, 37, 0, 9
0, 93, 43, 100, 66, 77, 59, 39, 59, 0, 40, 22, 54, 42, 100, 50, 7
0, 20, 47, 42, 78, 70, 100, 100, 88, 86, 66, 56, 40, 27, 7, 0, 1
44, 68, 79, 100, 26, 93, 59, 67, 100, 71, 95, 25, 56, 0, 0, 12, 9
0, 66, 20, 100, 56, 88, 44, 47, 14, 15, 13, 0, 56, 5, 100, 11, 2
20, 70, 39, 100, 100, 88, 67, 44, 30, 1, 64, 0, 22, 41, 0, 85, 8
38, 100, 4, 73, 0, 29, 33, 0, 78, 3, 100, 39, 85, 79, 44, 98, 0
49, 84, 49, 62, 48, 22, 7, 0, 0, 30, 9, 72, 53, 90, 100, 100, 5
31, 81, 49, 43, 38, 7, 0, 0, 5, 42, 25, 73, 62, 90, 100, 100, 5
0, 91, 32, 100, 49, 77, 39, 50, 21, 25, 20, 5, 60, 3, 100, 0, 2
50, 100, 7, 82, 0, 54, 57, 42, 100, 57, 74, 55, 48, 28, 39, 0, 4
100, 90, 60, 100, 36, 66, 54, 29, 34, 0, 0, 19, 37, 48, 79, 74, 8
0, 82, 36, 100, 77, 84, 78, 43, 73, 3, 50, 0, 48, 26, 100, 32, 7
32, 100, 6, 77, 0, 33, 30, 0, 81, 6, 100, 44, 76, 82, 26, 88, 0
75, 100, 41, 69, 0, 39, 45, 30, 100, 37, 92, 65, 55, 33, 23, 0, 4
35, 98, 60, 100, 47, 63, 25, 30, 0, 4, 34, 2, 68, 0, 100, 3, 2
79, 100, 35, 86, 60, 67, 100, 85, 89, 71, 70, 43, 40, 19, 0, 0, 9
1, 66, 28, 93, 81, 100, 72, 75, 82, 43, 100, 12, 54, 0, 0, 2, 3
100, 63, 71, 100, 10, 85, 24, 43, 56, 4, 0, 0, 26, 38, 88, 55, 8
0, 99, 45, 100, 68, 72, 41, 34, 16, 0, 9, 41, 54, 43, 100, 41, 7
0, 80, 36, 100, 81, 92, 49, 65, 86, 53, 100, 24, 57, 4, 6, 0, 3
0, 44, 28, 59, 67, 78, 100, 100, 89, 83, 75, 56, 65, 28, 67, 0, 1
100, 96, 66, 100, 26, 94, 43, 70, 87, 55, 76, 19, 33, 0, 0, 16, 5
0, 92, 42, 97, 86, 100, 72, 54, 60, 0, 40, 0, 56, 22, 100, 21, 7
37, 85, 74, 100, 73, 68, 49, 38, 19, 10, 0, 4, 51, 10, 100, 0, 2
0, 88, 35, 100, 69, 85, 62, 58, 66, 32, 100, 14, 74, 1, 31, 0, 3
84, 67, 57, 100, 0, 88, 16, 52, 75, 65, 100, 72, 92, 28, 97, 0, 9
18, 66, 34, 100, 76, 84, 51, 50, 0, 26, 12, 26, 58, 0, 100, 20, 2
40, 99, 2, 100, 35, 72, 56, 99, 86, 67, 100, 28, 59, 0, 0, 7, 9
100, 91, 96, 100, 50, 70, 9, 40, 0, 6, 76, 0, 93, 26, 28, 21, 6
0, 40, 31, 62, 68, 78, 100, 100, 91, 91, 67, 62, 46, 33, 36, 0, 1
62, 100, 84, 93, 67, 70, 82, 48, 100, 26, 77, 6, 39, 0, 0, 2, 3
55, 82, 53, 100, 100, 86, 81, 59, 38, 39, 78, 24, 54, 3, 0, 0, 3
13, 78, 44, 47, 36, 0, 0, 0, 48, 39, 100, 74, 85, 100, 20, 79, 8
35, 95, 96, 100, 100, 97, 27, 87, 28, 66, 96, 48, 72, 13, 0, 0, 5
43, 75, 71, 100, 38, 68, 0, 37, 60, 32, 100, 51, 82, 34, 54, 0, 4
0, 70, 46, 81, 100, 100, 88, 88, 81, 66, 77, 43, 68, 22, 63, 0, 1
65, 98, 41, 74, 100, 100, 32, 85, 10, 60, 0, 0, 73, 12, 33, 62, 8
72, 77, 97, 100, 100, 73, 74, 42, 40, 16, 0, 0, 36, 6, 82, 4, 2
0, 86, 37, 100, 85, 93, 72, 67, 94, 36, 100, 4, 53, 0, 6, 11, 3
36, 93, 98, 100, 43, 98, 8, 72, 65, 55, 100, 26, 63, 1, 0, 0, 5
53, 100, 35, 93, 6, 61, 0, 28, 36, 0, 96, 12, 100, 42, 37, 28, 6
20, 73, 58, 100, 62, 87, 55, 42, 41, 3, 0, 0, 50, 1, 100, 6, 1
0, 78, 29, 100, 69, 87, 62, 57, 34, 32, 2, 8, 48, 1, 100, 0, 2
40, 83, 81, 46, 79, 7, 5, 0, 51, 35, 100, 71, 72, 100, 0, 77, 8
33, 75, 68, 100, 100, 98, 52, 92, 37, 51, 79, 35, 47, 6, 0, 0, 5
40, 81, 67, 65, 100, 27, 38, 0, 0, 24, 46, 61, 81, 99, 27, 100, 8
0, 43, 32, 61, 68, 82, 100, 100, 85, 75, 66, 49, 45, 24, 25, 0, 1
0, 52, 33, 67, 68, 82, 100, 100, 94, 77, 82, 50, 69, 23, 72, 0, 1
32, 100, 7, 79, 0, 34, 32, 0, 82, 4, 100, 46, 70, 81, 21, 97, 0
10, 72, 45, 100, 85, 84, 56, 53, 100, 42, 92, 10, 37, 0, 0, 17, 3
52, 84, 19, 94, 0, 50, 20, 7, 66, 0, 100, 33, 96, 79, 54, 100, 0
16, 80, 9, 35, 40, 0, 86, 12, 100, 56, 80, 97, 32, 100, 0, 67, 0
32, 72, 57, 93, 100, 100, 87, 78, 62, 56, 61, 30, 44, 7, 0, 0, 3
100, 83, 20, 100, 0, 68, 71, 36, 89, 0, 17, 15, 42, 55, 98, 91, 8
43, 100, 86, 85, 72, 56, 51, 28, 40, 0, 0, 23, 28, 38, 100, 42, 7
45, 85, 79, 100, 89, 78, 65, 54, 100, 33, 97, 8, 46, 0, 0, 10, 3
100, 85, 59, 100, 17, 76, 0, 39, 20, 2, 68, 0, 49, 29, 1, 21, 6
30, 100, 0, 58, 23, 39, 63, 14, 13, 0, 24, 52, 44, 96, 100, 93, 5
35, 100, 19, 85, 0, 52, 50, 32, 100, 35, 96, 64, 62, 34, 39, 0, 4
60, 100, 38, 82, 0, 59, 17, 39, 93, 49, 100, 47, 69, 23, 39, 0, 4
0, 57, 33, 76, 70, 96, 100, 100, 92, 75, 86, 50, 83, 25, 83, 0, 1
0, 55, 35, 84, 60, 100, 50, 65, 47, 29, 15, 0, 31, 4, 100, 6, 1
0, 95, 49, 100, 83, 77, 72, 38, 60, 0, 42, 4, 49, 28, 100, 29, 7
0, 87, 46, 100, 72, 72, 61, 35, 42, 0, 23, 30, 49, 50, 100, 58, 7
94, 86, 55, 78, 100, 78, 79, 100, 90, 86, 85, 40, 58, 0, 0, 6, 9
63, 48, 100, 75, 75, 100, 20, 87, 0, 58, 57, 51, 82, 33, 62, 0, 9
19, 100, 42, 95, 7, 58, 0, 44, 83, 34, 86, 68, 90, 34, 100, 0, 4
84, 61, 100, 100, 55, 94, 46, 60, 92, 69, 82, 28, 45, 0, 0, 1, 9
61, 100, 40, 63, 0, 34, 36, 40, 100, 44, 81, 73, 60, 36, 46, 0, 4
49, 100, 13, 69, 0, 27, 30, 0, 74, 19, 100, 56, 83, 94, 36, 98, 0
82, 86, 0, 67, 38, 29, 96, 0, 25, 20, 65, 61, 100, 100, 18, 73, 8
100, 77, 49, 65, 0, 69, 25, 98, 74, 100, 84, 67, 84, 33, 90, 0, 9
24, 75, 60, 100, 74, 63, 45, 25, 2, 0, 0, 15, 51, 19, 100, 8, 2
60, 100, 19, 76, 1, 45, 3, 13, 56, 0, 100, 20, 44, 27, 0, 5, 6
85, 100, 80, 95, 37, 67, 2, 37, 0, 6, 76, 0, 100, 25, 7, 25, 6
13, 90, 44, 100, 91, 99, 80, 71, 100, 43, 92, 17, 47, 5, 0, 0, 3
26, 100, 1, 96, 0, 57, 68, 43, 100, 61, 73, 78, 45, 40, 29, 0, 4
70, 100, 36, 70, 0, 41, 25, 31, 90, 36, 100, 45, 80, 33, 62, 0, 4
0, 74, 44, 86, 94, 100, 100, 85, 79, 64, 54, 42, 31, 21, 8, 0, 1
50, 50, 97, 72, 87, 100, 25, 95, 0, 65, 60, 56, 100, 35, 91, 0, 9
84, 100, 52, 74, 28, 46, 16, 17, 55, 0, 100, 21, 61, 38, 0, 26, 6
0, 75, 61, 81, 100, 100, 96, 88, 87, 66, 85, 44, 85, 22, 87, 0, 1
0, 100, 51, 99, 70, 67, 57, 27, 59, 0, 100, 26, 57, 41, 5, 40, 7
25, 76, 0, 47, 20, 0, 83, 22, 100, 69, 49, 100, 3, 65, 13, 17, 0
25, 94, 6, 58, 87, 30, 85, 0, 0, 17, 49, 53, 100, 89, 35, 100, 8
70, 74, 6, 84, 57, 60, 100, 96, 62, 100, 100, 59, 79, 15, 0, 0, 9
61, 96, 46, 68, 71, 22, 11, 0, 0, 34, 67, 63, 100, 100, 25, 93, 8
78, 99, 77, 83, 99, 100, 75, 86, 100, 58, 100, 28, 57, 9, 0, 0, 9
75, 100, 61, 79, 100, 96, 57, 96, 65, 66, 82, 36, 51, 10, 0, 0, 9
57, 95, 59, 56, 76, 12, 0, 0, 28, 33, 100, 60, 96, 100, 21, 88, 8
14, 92, 0, 64, 66, 61, 77, 7, 41, 0, 23, 55, 30, 95, 100, 100, 5
100, 92, 20, 90, 7, 42, 65, 0, 0, 10, 18, 58, 78, 100, 45, 97, 8
8, 66, 17, 27, 49, 0, 89, 23, 100, 63, 75, 97, 25, 100, 0, 67, 0
34, 100, 100, 87, 82, 58, 55, 29, 42, 0, 3, 7, 0, 27, 85, 35, 7
100, 96, 56, 69, 0, 63, 35, 98, 98, 100, 94, 57, 59, 20, 40, 0, 9
52, 90, 100, 100, 60, 92, 32, 60, 79, 57, 86, 22, 44, 0, 0, 14, 5
0, 76, 33, 100, 82, 92, 45, 70, 69, 45, 100, 16, 58, 0, 13, 10, 3
30, 75, 47, 100, 64, 69, 47, 35, 15, 8, 0, 0, 50, 5, 100, 0, 2
58, 100, 21, 80, 0, 48, 9, 14, 56, 0, 100, 16, 64, 27, 25, 8, 6
95, 100, 64, 81, 36, 49, 27, 12, 75, 0, 100, 27, 51, 41, 0, 28, 6
8, 92, 52, 100, 91, 88, 76, 61, 92, 37, 100, 14, 51, 3, 0, 0, 3
0, 81, 34, 100, 68, 83, 56, 52, 24, 29, 16, 20, 64, 17, 100, 0, 2
90, 100, 50, 82, 0, 45, 70, 46, 100, 65, 83, 91, 77, 43, 75, 0, 4
0, 92, 33, 100, 95, 80, 83, 40, 56, 0, 35, 9, 20, 36, 100, 43, 7
21, 86, 55, 100, 87, 79, 62, 49, 83, 38, 100, 12, 52, 0, 0, 4, 3
51, 100, 35, 74, 10, 49, 0, 22, 54, 12, 100, 32, 90, 25, 69, 0, 4
4, 100, 59, 90, 66, 56, 56, 22, 39, 0, 0, 30, 16, 49, 100, 47, 7
28, 90, 97, 100, 100, 68, 61, 33, 18, 0, 0, 8, 7, 29, 82, 31, 7
47, 90, 75, 100, 75, 72, 55, 45, 26, 21, 0, 0, 49, 5, 100, 4, 2
6, 90, 0, 52, 38, 29, 8, 0, 2, 34, 13, 78, 52, 96, 100, 100, 5
0, 58, 40, 72, 74, 90, 100, 100, 89, 74, 78, 47, 69, 19, 68, 0, 1
78, 100, 33, 82, 12, 49, 14, 12, 60, 0, 100, 26, 50, 32, 0, 13, 6
100, 99, 89, 100, 46, 75, 15, 48, 0, 20, 43, 0, 96, 10, 24, 22, 6
39, 79, 8, 71, 0, 24, 40, 0, 87, 24, 100, 69, 62, 100, 16, 80, 0
13, 78, 35, 100, 83, 96, 63, 66, 27, 42, 0, 13, 43, 0, 100, 1, 2
16, 100, 24, 89, 9, 55, 0, 21, 63, 19, 97, 42, 95, 27, 100, 0, 4
15, 63, 36, 100, 68, 70, 50, 24, 8, 0, 0, 6, 50, 5, 100, 4, 2
0, 99, 39, 100, 65, 72, 49, 30, 23, 0, 8, 36, 53, 43, 100, 47, 7
0, 73, 26, 100, 66, 97, 62, 63, 37, 33, 12, 6, 58, 0, 100, 2, 2
7, 83, 46, 100, 59, 70, 39, 39, 5, 13, 0, 16, 53, 15, 100, 0, 2
0, 90, 38, 100, 87, 93, 90, 56, 77, 16, 64, 0, 50, 29, 100, 28, 7
78, 100, 62, 97, 36, 63, 29, 24, 65, 0, 100, 23, 52, 37, 0, 26, 6
92, 100, 36, 87, 0, 51, 8, 11, 82, 7, 100, 40, 27, 36, 10, 0, 6
43, 97, 0, 74, 74, 79, 57, 100, 47, 85, 100, 54, 88, 16, 16, 0, 9
26, 84, 72, 100, 92, 78, 51, 53, 70, 49, 100, 23, 58, 0, 0, 7, 3
52, 94, 100, 100, 98, 77, 72, 55, 99, 36, 92, 13, 44, 0, 0, 10, 3
4, 89, 43, 100, 63, 79, 28, 55, 63, 41, 100, 25, 53, 9, 0, 0, 3
15, 72, 73, 100, 77, 98, 73, 60, 69, 22, 29, 0, 0, 5, 100, 3, 1
100, 99, 72, 100, 54, 71, 44, 41, 42, 10, 69, 0, 47, 25, 0, 29, 6
15, 95, 7, 70, 14, 20, 64, 0, 100, 36, 83, 85, 30, 100, 0, 59, 0
13, 87, 41, 62, 93, 44, 78, 0, 28, 15, 0, 62, 39, 92, 100, 100, 5
27, 73, 35, 48, 100, 14, 70, 0, 38, 38, 89, 75, 94, 100, 0, 86, 8
13, 76, 1, 44, 15, 0, 67, 1, 100, 38, 93, 85, 45, 100, 0, 74, 0
100, 100, 46, 92, 34, 67, 79, 82, 87, 75, 82, 43, 49, 17, 0, 0, 9
37, 89, 25, 54, 80, 20, 15, 0, 0, 26, 62, 58, 100, 97, 23, 100, 8
30, 96, 0, 66, 59, 46, 55, 2, 10, 0, 20, 48, 34, 95, 100, 100, 5
47, 91, 80, 100, 66, 70, 81, 65, 100, 37, 76, 6, 36, 0, 0, 18, 3
62, 83, 21, 69, 0, 33, 25, 1, 68, 0, 100, 29, 97, 70, 67, 100, 0
0, 91, 55, 100, 71, 69, 62, 33, 64, 0, 22, 27, 36, 40, 100, 40, 7
1, 87, 38, 100, 49, 63, 34, 22, 16, 0, 0, 29, 49, 24, 100, 22, 7
36, 59, 56, 100, 73, 62, 49, 22, 0, 9, 34, 17, 73, 0, 100, 29, 2
0, 54, 61, 75, 100, 100, 94, 98, 65, 74, 42, 49, 35, 23, 68, 0, 1
73, 100, 28, 85, 0, 62, 5, 37, 60, 32, 100, 42, 82, 25, 66, 0, 4
52, 80, 30, 66, 96, 70, 65, 100, 28, 62, 100, 69, 80, 20, 0, 0, 9
86, 100, 36, 80, 1, 49, 0, 14, 56, 0, 100, 23, 51, 37, 2, 16, 6
29, 71, 65, 100, 63, 82, 42, 39, 24, 0, 0, 7, 50, 9, 100, 8, 1
0, 57, 12, 100, 47, 86, 40, 39, 10, 6, 16, 3, 58, 6, 100, 0, 2
40, 84, 79, 100, 100, 78, 65, 58, 87, 44, 87, 25, 42, 14, 0, 0, 3
48, 100, 12, 64, 0, 20, 43, 0, 91, 25, 100, 69, 62, 98, 13, 76, 0
1, 100, 47, 96, 52, 60, 46, 24, 40, 0, 0, 26, 41, 37, 100, 41, 7
66, 100, 30, 87, 8, 56, 0, 21, 31, 0, 75, 17, 100, 47, 89, 79, 0
44, 92, 100, 100, 57, 98, 11, 79, 28, 60, 74, 42, 51, 14, 0, 0, 5
18, 100, 16, 91, 0, 64, 22, 39, 100, 41, 86, 55, 61, 28, 61, 0, 4
28, 83, 5, 52, 0, 17, 35, 0, 78, 10, 100, 40, 89, 73, 60, 100, 0
60, 84, 94, 100, 100, 75, 72, 51, 39, 30, 0, 12, 46, 7, 94, 0, 2
56, 87, 91, 100, 81, 72, 61, 58, 100, 41, 87, 12, 38, 0, 0, 12, 3
18, 79, 30, 66, 78, 36, 52, 0, 10, 20, 0, 61, 21, 95, 100, 100, 5
69, 84, 31, 100, 29, 65, 76, 86, 81, 76, 100, 31, 58, 4, 0, 0, 9
0, 75, 28, 100, 65, 93, 43, 59, 12, 29, 12, 3, 56, 0, 100, 3, 2
0, 86, 35, 100, 89, 89, 68, 63, 58, 46, 100, 25, 71, 2, 8, 0, 3
100, 100, 53, 91, 16, 58, 0, 20, 49, 0, 99, 24, 64, 56, 5, 53, 6
41, 100, 5, 70, 0, 21, 39, 0, 83, 22, 100, 66, 57, 89, 11, 75, 0
29, 67, 7, 26, 42, 0, 90, 19, 100, 62, 75, 100, 25, 95, 0, 55, 0
0, 96, 50, 100, 97, 86, 86, 51, 59, 18, 46, 0, 47, 32, 100, 42, 7
91, 92, 27, 100, 0, 71, 67, 63, 100, 90, 85, 66, 81, 33, 88, 0, 9
0, 71, 36, 67, 73, 77, 100, 100, 98, 95, 86, 62, 74, 30, 60, 0, 1
51, 88, 41, 100, 10, 63, 10, 20, 57, 0, 100, 26, 53, 42, 0, 26, 6
17, 97, 3, 55, 14, 10, 66, 0, 100, 37, 90, 83, 39, 100, 0, 66, 0
12, 93, 0, 97, 57, 100, 100, 88, 94, 66, 75, 43, 57, 22, 40, 0, 7
35, 84, 60, 100, 100, 87, 72, 60, 97, 31, 80, 3, 32, 0, 0, 23, 3
0, 21, 41, 46, 73, 73, 100, 100, 85, 84, 73, 56, 61, 28, 56, 0, 1
0, 0, 27, 24, 51, 53, 75, 81, 100, 100, 92, 67, 86, 34, 86, 1, 1
100, 100, 59, 90, 20, 62, 0, 31, 15, 0, 78, 1, 78, 29, 12, 21, 6
30, 90, 0, 53, 1, 11, 55, 0, 99, 28, 100, 70, 63, 100, 18, 75, 0
69, 91, 10, 95, 34, 46, 50, 0, 0, 23, 62, 50, 100, 87, 36, 100, 8
46, 100, 55, 65, 100, 90, 42, 91, 75, 65, 82, 53, 63, 13, 0, 0, 9
95, 69, 60, 100, 35, 66, 63, 28, 24, 0, 0, 23, 41, 56, 100, 82, 8
56, 76, 18, 100, 0, 69, 57, 37, 71, 0, 12, 20, 62, 55, 100, 83, 8
2, 79, 48, 100, 77, 83, 60, 53, 100, 28, 83, 0, 23, 1, 0, 30, 3
11, 100, 0, 74, 43, 56, 100, 56, 88, 83, 87, 55, 84, 27, 87, 0, 4
48, 100, 21, 80, 0, 50, 37, 36, 100, 37, 95, 61, 95, 30, 96, 0, 4
63, 100, 28, 79, 4, 51, 0, 21, 37, 0, 100, 9, 68, 27, 7, 19, 6
74, 81, 46, 100, 0, 74, 66, 64, 97, 71, 100, 34, 76, 0, 6, 8, 9
0, 66, 21, 100, 50, 78, 42, 33, 24, 0, 9, 40, 54, 55, 100, 69, 7
66, 100, 35, 69, 23, 33, 43, 0, 98, 1, 100, 32, 43, 37, 0, 18, 6
0, 100, 1, 58, 20, 17, 58, 0, 94, 19, 100, 64, 69, 92, 28, 90, 0
51, 80, 71, 100, 100, 86, 79, 64, 53, 44, 62, 19, 41, 0, 0, 1, 3
21, 97, 0, 61, 11, 14, 60, 0, 100, 30, 92, 78, 49, 100, 23, 76, 0
74, 100, 26, 78, 0, 48, 2, 16, 56, 0, 100, 20, 56, 40, 9, 25, 6
42, 100, 18, 67, 0, 34, 2, 0, 67, 8, 97, 39, 100, 73, 43, 88, 0
46, 96, 60, 100, 100, 90, 70, 63, 64, 42, 86, 16, 46, 0, 0, 2, 3
0, 78, 27, 100, 42, 70, 29, 33, 1, 4, 14, 5, 57, 0, 100, 4, 2
9, 90, 0, 100, 60, 100, 100, 85, 87, 63, 60, 42, 31, 22, 17, 0, 7
39, 100, 16, 74, 40, 57, 14, 80, 32, 35, 0, 7, 18, 0, 100, 8, 1
11, 100, 0, 78, 0, 56, 39, 40, 100, 50, 91, 43, 75, 22, 80, 0, 4
0, 91, 44, 100, 80, 78, 75, 38, 58, 0, 48, 9, 52, 40, 100, 40, 7
96, 100, 55, 79, 68, 64, 100, 89, 99, 57, 84, 25, 46, 1, 0, 0, 9
46, 76, 66, 100, 100, 84, 74, 58, 88, 44, 95, 18, 52, 0, 0, 5, 3
74, 76, 31, 60, 0, 76, 37, 100, 85, 94, 100, 60, 86, 27, 54, 0, 9
0, 52, 39, 67, 80, 88, 100, 100, 82, 76, 69, 51, 59, 25, 51, 0, 1
56, 66, 100, 94, 44, 100, 35, 64, 63, 29, 37, 0, 0, 22, 42, 54, 8
28, 87, 70, 100, 68, 68, 40, 39, 5, 13, 0, 9, 51, 8, 100, 0, 2
86, 100, 39, 87, 12, 57, 0, 26, 31, 0, 100, 8, 61, 21, 2, 6, 6
8, 44, 0, 66, 50, 89, 100, 100, 83, 75, 61, 50, 56, 25, 61, 0, 1
0, 57, 33, 74, 79, 94, 100, 100, 81, 75, 65, 50, 53, 25, 51, 0, 1
0, 65, 47, 78, 80, 100, 73, 61, 71, 22, 42, 0, 46, 6, 100, 2, 1
5, 94, 66, 100, 100, 76, 98, 49, 71, 22, 34, 0, 0, 25, 78, 37, 7
68, 94, 67, 75, 100, 100, 39, 70, 0, 42, 20, 0, 97, 25, 33, 65, 8
100, 100, 56, 92, 22, 66, 0, 34, 8, 0, 56, 0, 71, 29, 25, 40, 6
0, 82, 39, 96, 88, 100, 100, 82, 73, 61, 67, 36, 48, 14, 7, 0, 3
53, 90, 90, 71, 87, 100, 40, 75, 100, 80, 95, 39, 67, 0, 0, 0, 9
0, 82, 38, 100, 71, 79, 40, 51, 59, 41, 100, 20, 64, 0, 9, 5, 3
2, 91, 86, 100, 98, 67, 61, 33, 19, 0, 0, 19, 8, 43, 100, 40, 7
18, 100, 0, 76, 20, 46, 75, 56, 100, 90, 69, 68, 43, 34, 19, 0, 4
0, 97, 26, 100, 68, 86, 51, 40, 20, 0, 15, 18, 43, 42, 100, 47, 7
49, 100, 18, 82, 0, 61, 5, 40, 53, 38, 100, 43, 92, 21, 93, 0, 4
65, 94, 100, 100, 82, 83, 71, 67, 41, 50, 18, 33, 6, 17, 0, 0, 1
0, 80, 38, 100, 66, 71, 57, 34, 38, 0, 31, 31, 46, 57, 100, 68, 7
59, 84, 83, 100, 91, 70, 74, 41, 38, 19, 0, 0, 49, 0, 100, 4, 2
5, 66, 16, 100, 100, 98, 69, 58, 29, 20, 75, 0, 21, 32, 0, 71, 8
26, 64, 22, 30, 55, 0, 97, 23, 100, 64, 74, 100, 23, 91, 0, 54, 0
67, 100, 67, 85, 100, 71, 67, 57, 33, 42, 0, 28, 0, 14, 0, 0, 1
46, 92, 77, 100, 100, 97, 56, 90, 50, 55, 81, 33, 41, 12, 0, 0, 5
97, 90, 67, 100, 26, 71, 0, 39, 4, 6, 74, 0, 100, 26, 27, 18, 6
43, 99, 21, 66, 60, 32, 32, 0, 0, 25, 10, 75, 51, 100, 100, 82, 5
22, 87, 25, 55, 77, 43, 53, 0, 11, 18, 0, 69, 38, 91, 100, 100, 5
63, 100, 21, 81, 0, 51, 7, 19, 56, 0, 100, 17, 54, 33, 0, 19, 6
91, 90, 59, 64, 50, 16, 0, 0, 21, 44, 94, 73, 100, 100, 11, 92, 8
0, 90, 47, 100, 86, 83, 66, 43, 55, 0, 41, 3, 40, 39, 100, 36, 7
76, 100, 37, 76, 8, 50, 0, 21, 41, 0, 100, 8, 95, 29, 34, 21, 6
100, 89, 63, 94, 14, 100, 13, 65, 61, 60, 78, 20, 35, 0, 0, 12, 5
0, 95, 14, 100, 60, 99, 100, 100, 61, 86, 43, 58, 33, 29, 32, 0, 7
68, 100, 44, 64, 0, 36, 42, 38, 100, 41, 86, 73, 59, 38, 52, 0, 4
28, 72, 60, 100, 88, 73, 56, 37, 9, 14, 0, 14, 52, 0, 100, 5, 2
93, 100, 52, 91, 23, 57, 11, 20, 60, 0, 100, 29, 41, 30, 0, 0, 6
83, 63, 77, 55, 100, 15, 35, 0, 23, 38, 70, 73, 63, 100, 0, 78, 8
70, 100, 49, 72, 100, 71, 64, 97, 69, 69, 86, 32, 54, 2, 0, 0, 9
0, 82, 30, 100, 64, 78, 50, 38, 55, 0, 25, 35, 46, 46, 100, 44, 7
0, 85, 38, 100, 88, 94, 86, 67, 64, 41, 100, 21, 82, 0, 30, 1, 3
46, 90, 100, 99, 100, 100, 46, 94, 12, 69, 53, 40, 50, 6, 0, 0, 5
76, 81, 0, 82, 57, 42, 91, 0, 19, 17, 78, 57, 100, 100, 20, 84, 8
15, 85, 0, 40, 18, 0, 64, 8, 93, 44, 100, 89, 58, 100, 16, 79, 0
66, 88, 16, 70, 0, 23, 45, 0, 97, 28, 100, 74, 49, 100, 18, 66, 0
57, 100, 0, 83, 48, 72, 100, 93, 89, 74, 67, 47, 48, 21, 56, 0, 9
14, 76, 49, 100, 90, 84, 73, 52, 68, 39, 100, 17, 54, 0, 0, 8, 3
0, 93, 51, 100, 100, 84, 75, 42, 50, 0, 30, 1, 36, 28, 94, 29, 7
48, 68, 59, 95, 100, 100, 78, 62, 43, 31, 0, 9, 40, 11, 88, 0, 2
23, 76, 39, 100, 50, 67, 29, 35, 0, 11, 29, 8, 65, 7, 100, 0, 2
32, 64, 0, 65, 1, 20, 46, 0, 91, 21, 100, 66, 64, 100, 15, 92, 0
100, 100, 85, 97, 65, 65, 49, 33, 46, 0, 86, 10, 47, 24, 0, 19, 6
57, 100, 100, 100, 53, 91, 22, 66, 67, 48, 91, 20, 50, 0, 0, 8, 5
60, 91, 0, 85, 19, 37, 82, 27, 31, 0, 3, 30, 40, 74, 100, 100, 5
100, 100, 49, 88, 20, 56, 7, 19, 46, 0, 95, 17, 51, 22, 0, 7, 6
0, 100, 53, 99, 66, 67, 59, 33, 53, 0, 36, 18, 38, 42, 100, 42, 7
32, 88, 65, 100, 83, 76, 50, 55, 94, 38, 100, 12, 52, 0, 0, 1, 3
46, 100, 19, 77, 0, 49, 0, 20, 42, 0, 100, 7, 77, 28, 27, 17, 6
39, 100, 0, 61, 20, 14, 71, 0, 100, 37, 78, 88, 29, 100, 16, 49, 0
44, 81, 68, 100, 85, 74, 69, 46, 40, 21, 0, 0, 41, 5, 100, 8, 2
77, 100, 43, 84, 18, 59, 0, 35, 48, 17, 91, 32, 82, 24, 100, 0, 4
30, 96, 0, 64, 10, 23, 50, 0, 89, 25, 100, 65, 76, 100, 25, 96, 0
44, 100, 8, 62, 0, 14, 50, 0, 99, 31, 100, 78, 45, 90, 11, 49, 0
28, 100, 4, 63, 0, 20, 32, 0, 73, 24, 100, 59, 77, 89, 30, 85, 0
40, 100, 21, 89, 0, 55, 10, 18, 55, 0, 100, 15, 56, 27, 26, 1, 6
32, 67, 48, 100, 82, 83, 72, 48, 43, 19, 0, 0, 47, 13, 100, 12, 2
56, 100, 30, 57, 0, 34, 56, 40, 100, 49, 88, 86, 62, 43, 40, 0, 4
49, 94, 76, 73, 82, 100, 30, 77, 100, 81, 100, 42, 75, 2, 0, 0, 9
24, 61, 63, 80, 100, 100, 100, 90, 79, 67, 55, 44, 26, 22, 0, 0, 1
0, 82, 37, 100, 75, 87, 61, 55, 34, 27, 9, 5, 56, 5, 100, 0, 2
0, 100, 24, 98, 99, 100, 100, 90, 59, 70, 33, 47, 19, 23, 28, 0, 7
0, 94, 52, 100, 100, 96, 93, 52, 85, 8, 62, 0, 36, 24, 91, 30, 7
42, 79, 53, 100, 68, 75, 48, 48, 17, 24, 0, 10, 50, 7, 100, 0, 2
100, 100, 63, 93, 24, 64, 0, 30, 21, 0, 70, 18, 47, 46, 3, 33, 6
26, 64, 0, 28, 26, 0, 72, 24, 100, 60, 97, 99, 45, 100, 7, 71, 0
28, 81, 60, 100, 100, 85, 81, 57, 95, 39, 91, 12, 44, 0, 0, 11, 3
13, 100, 0, 98, 8, 57, 80, 54, 100, 66, 71, 95, 48, 48, 34, 0, 4
100, 100, 58, 90, 20, 60, 0, 27, 33, 0, 98, 8, 64, 21, 2, 8, 6
85, 84, 39, 95, 0, 57, 10, 9, 62, 0, 100, 38, 92, 88, 43, 100, 0
42, 96, 17, 70, 0, 30, 24, 0, 69, 11, 100, 44, 92, 84, 49, 100, 0
100, 81, 52, 100, 6, 75, 0, 39, 31, 6, 90, 0, 68, 30, 10, 19, 6
46, 100, 11, 69, 0, 24, 35, 0, 81, 14, 100, 53, 62, 80, 17, 72, 0
0, 65, 32, 69, 66, 84, 100, 100, 89, 75, 77, 49, 66, 23, 62, 0, 1
38, 91, 78, 100, 100, 74, 68, 55, 82, 46, 88, 13, 45, 0, 0, 5, 3
74, 100, 72, 59, 16, 57, 45, 95, 96, 84, 100, 36, 61, 0, 0, 3, 9
0, 57, 12, 65, 52, 83, 94, 100, 100, 82, 75, 55, 52, 28, 35, 0, 1
77, 100, 55, 75, 40, 48, 36, 21, 64, 0, 100, 16, 49, 21, 0, 10, 6
55, 100, 33, 62, 0, 26, 33, 27, 92, 39, 100, 77, 95, 39, 86, 0, 4
30, 71, 43, 100, 44, 90, 38, 37, 56, 0, 100, 10, 42, 6, 0, 5, 1
53, 97, 31, 66, 44, 20, 9, 0, 0, 41, 54, 67, 100, 95, 37, 100, 8
53, 100, 41, 90, 15, 66, 0, 40, 46, 29, 100, 30, 92, 24, 93, 0, 4
59, 77, 60, 44, 69, 0, 0, 6, 36, 43, 100, 72, 96, 100, 31, 75, 8
34, 84, 9, 64, 0, 25, 41, 0, 88, 27, 100, 67, 68, 100, 12, 85, 0
0, 63, 21, 63, 63, 80, 99, 100, 100, 80, 99, 52, 99, 24, 96, 0, 1
19, 76, 34, 100, 41, 66, 27, 32, 0, 7, 25, 3, 63, 0, 100, 6, 2
24, 100, 77, 93, 100, 72, 71, 48, 46, 23, 28, 0, 0, 24, 31, 35, 7
99, 100, 66, 100, 18, 94, 30, 57, 86, 49, 100, 15, 48, 0, 0, 12, 5
26, 67, 0, 38, 29, 0, 81, 20, 100, 66, 64, 100, 17, 74, 26, 28, 0
20, 100, 18, 81, 3, 50, 0, 30, 61, 29, 100, 45, 87, 26, 86, 0, 4
9, 67, 16, 23, 52, 0, 91, 21, 100, 65, 74, 100, 30, 97, 0, 65, 0
40, 92, 100, 100, 97, 94, 43, 77, 57, 54, 89, 27, 55, 0, 0, 8, 5
23, 73, 0, 38, 19, 0, 60, 1, 93, 29, 100, 74, 67, 100, 32, 79, 0
22, 100, 0, 54, 18, 10, 100, 14, 94, 56, 63, 100, 59, 50, 60, 0, 4
87, 95, 28, 76, 0, 37, 18, 0, 77, 23, 100, 64, 74, 100, 23, 75, 0
2, 87, 35, 100, 49, 76, 39, 53, 93, 44, 100, 19, 57, 1, 0, 0, 3
27, 84, 27, 56, 74, 30, 42, 0, 17, 27, 0, 64, 35, 94, 100, 100, 5
92, 78, 27, 100, 0, 67, 67, 36, 100, 0, 14, 5, 40, 44, 95, 76, 8
100, 90, 40, 100, 0, 73, 75, 76, 94, 95, 87, 63, 75, 31, 77, 0, 9
9, 100, 0, 59, 7, 18, 39, 0, 75, 7, 100, 34, 99, 74, 69, 95, 0
15, 91, 68, 100, 81, 82, 44, 56, 59, 39, 100, 20, 54, 1, 0, 0, 3
23, 65, 67, 85, 100, 100, 87, 75, 77, 49, 72, 23, 46, 0, 0, 0, 1
0, 91, 30, 100, 48, 70, 52, 33, 42, 0, 27, 26, 64, 28, 100, 31, 7
100, 93, 47, 100, 7, 70, 43, 32, 27, 0, 0, 32, 36, 70, 83, 100, 8
54, 83, 11, 68, 44, 32, 30, 0, 0, 27, 49, 59, 100, 90, 21, 100, 8
32, 91, 11, 68, 0, 23, 42, 0, 85, 27, 100, 71, 66, 100, 20, 75, 0
0, 83, 26, 90, 100, 100, 72, 68, 38, 34, 7, 0, 3, 19, 46, 41, 7
0, 95, 63, 100, 95, 85, 75, 43, 64, 0, 33, 14, 35, 43, 100, 51, 7
51, 86, 77, 100, 64, 70, 89, 58, 100, 27, 75, 0, 35, 0, 0, 18, 3
16, 89, 76, 100, 100, 100, 32, 90, 22, 62, 81, 41, 67, 3, 0, 0, 5
45, 81, 54, 100, 100, 90, 85, 59, 87, 31, 83, 2, 35, 0, 0, 19, 3
35, 78, 50, 100, 100, 91, 78, 61, 88, 47, 95, 16, 47, 0, 0, 7, 3
0, 0, 45, 14, 85, 34, 100, 60, 88, 88, 43, 100, 37, 76, 88, 65, 9
23, 65, 43, 91, 59, 100, 47, 50, 36, 1, 0, 0, 50, 2, 100, 2, 1
29, 100, 19, 65, 54, 29, 21, 0, 0, 31, 12, 84, 54, 95, 100, 85, 5
31, 89, 0, 55, 14, 12, 64, 0, 100, 29, 94, 72, 53, 100, 3, 91, 0
19, 71, 30, 100, 78, 89, 50, 65, 81, 46, 100, 17, 56, 0, 0, 3, 3
100, 100, 42, 100, 1, 71, 18, 33, 14, 0, 0, 32, 36, 64, 83, 92, 8
21, 65, 80, 84, 100, 100, 80, 72, 75, 43, 66, 14, 0, 3, 29, 0, 1
32, 63, 76, 31, 50, 0, 0, 14, 50, 44, 100, 73, 78, 100, 24, 75, 8
75, 94, 62, 100, 22, 67, 0, 30, 35, 0, 100, 8, 78, 43, 16, 59, 6
54, 84, 100, 100, 80, 88, 29, 72, 59, 49, 94, 23, 51, 0, 0, 1, 5
43, 100, 27, 92, 0, 62, 53, 53, 100, 73, 80, 60, 50, 30, 19, 0, 4
25, 100, 13, 73, 0, 39, 50, 44, 100, 48, 64, 69, 43, 36, 40, 0, 4
67, 100, 29, 73, 0, 38, 9, 0, 78, 10, 100, 47, 41, 37, 10, 2, 6
47, 100, 3, 99, 14, 80, 43, 82, 72, 50, 100, 17, 58, 0, 0, 12, 9
37, 100, 10, 69, 0, 28, 35, 0, 84, 18, 100, 58, 79, 96, 27, 99, 0
0, 75, 24, 100, 64, 95, 57, 66, 96, 50, 100, 19, 64, 0, 22, 3, 3
44, 100, 40, 67, 0, 38, 83, 39, 100, 67, 97, 78, 96, 39, 91, 0, 4
47, 96, 35, 62, 44, 18, 5, 0, 0, 29, 18, 71, 56, 91, 100, 100, 5
9, 82, 52, 100, 66, 81, 38, 55, 89, 45, 100, 17, 55, 0, 0, 7, 3
53, 89, 59, 68, 77, 100, 38, 89, 100, 74, 93, 42, 57, 0, 0, 20, 9
50, 91, 56, 72, 100, 100, 46, 100, 82, 81, 94, 43, 64, 4, 0, 0, 9
0, 80, 35, 100, 50, 61, 33, 16, 10, 0, 18, 28, 59, 39, 100, 53, 7
69, 100, 21, 76, 0, 36, 25, 0, 76, 21, 100, 60, 78, 97, 26, 80, 0
0, 80, 17, 100, 53, 94, 75, 73, 77, 47, 63, 23, 61, 1, 100, 0, 2
100, 100, 74, 86, 47, 61, 23, 32, 14, 0, 50, 1, 38, 25, 0, 26, 6
0, 72, 54, 82, 96, 100, 100, 88, 85, 66, 69, 44, 54, 22, 42, 0, 1
0, 95, 39, 100, 74, 76, 82, 33, 76, 0, 100, 37, 59, 47, 16, 48, 7
60, 100, 46, 57, 0, 23, 27, 14, 100, 14, 98, 57, 80, 43, 82, 0, 4
46, 100, 26, 94, 0, 59, 19, 43, 80, 45, 100, 69, 98, 36, 98, 0, 4
26, 100, 0, 76, 25, 52, 89, 48, 100, 84, 70, 68, 42, 34, 15, 0, 4
0, 85, 36, 100, 45, 74, 24, 51, 80, 56, 100, 31, 61, 10, 6, 0, 3
18, 78, 53, 100, 85, 85, 48, 61, 71, 46, 100, 20, 56, 0, 0, 5, 3
39, 96, 79, 100, 93, 79, 67, 57, 100, 38, 88, 13, 46, 0, 0, 2, 3
39, 96, 24, 66, 100, 94, 19, 100, 30, 76, 95, 69, 70, 28, 0, 0, 9
0, 86, 28, 100, 47, 71, 23, 33, 14, 0, 0, 39, 48, 47, 100, 52, 7
18, 76, 37, 100, 77, 79, 61, 39, 22, 10, 0, 24, 53, 19, 100, 0, 2
63, 98, 8, 83, 73, 43, 100, 0, 0, 5, 35, 49, 97, 90, 13, 100, 8
0, 79, 25, 50, 98, 25, 71, 0, 10, 16, 50, 47, 100, 76, 83, 100, 8
0, 37, 17, 0, 66, 1, 100, 31, 96, 71, 59, 100, 12, 98, 9, 59, 0
0, 92, 31, 97, 96, 100, 100, 74, 72, 37, 57, 0, 18, 33, 73, 37, 7
8, 81, 53, 100, 100, 94, 64, 66, 77, 54, 99, 30, 54, 8, 0, 0, 3
0, 53, 40, 72, 82, 95, 100, 100, 68, 75, 38, 51, 18, 25, 10, 0, 1
40, 100, 0, 75, 73, 40, 81, 0, 1, 9, 54, 51, 100, 93, 15, 98, 8
34, 74, 62, 100, 100, 86, 69, 60, 75, 48, 90, 19, 50, 1, 0, 0, 3
34, 100, 28, 92, 0, 55, 46, 37, 100, 38, 80, 76, 65, 40, 54, 0, 4
0, 95, 40, 100, 59, 80, 32, 56, 5, 32, 14, 7, 57, 0, 100, 1, 2
0, 93, 40, 100, 57, 56, 44, 5, 20, 0, 18, 34, 59, 44, 100, 54, 7
0, 95, 53, 100, 100, 86, 98, 51, 80, 18, 55, 0, 33, 31, 87, 34, 7
100, 88, 20, 100, 43, 54, 78, 10, 0, 0, 12, 42, 83, 74, 50, 93, 8
78, 91, 11, 100, 6, 67, 38, 34, 51, 0, 0, 20, 35, 51, 100, 72, 8
85, 100, 67, 82, 32, 50, 0, 30, 51, 35, 100, 39, 82, 35, 55, 0, 4
53, 100, 52, 83, 18, 52, 0, 19, 45, 0, 100, 17, 52, 37, 28, 13, 6
16, 100, 0, 63, 40, 37, 100, 37, 87, 83, 73, 95, 71, 47, 68, 0, 4
0, 100, 48, 91, 93, 84, 77, 41, 54, 0, 26, 7, 49, 27, 100, 25, 7
33, 96, 6, 60, 0, 18, 39, 0, 79, 20, 100, 59, 93, 100, 50, 99, 0
33, 66, 50, 100, 58, 57, 36, 18, 0, 0, 21, 17, 61, 13, 100, 4, 2
84, 100, 51, 69, 10, 33, 0, 14, 83, 11, 100, 47, 76, 42, 71, 0, 4
100, 100, 46, 90, 57, 55, 91, 23, 46, 0, 0, 17, 35, 50, 85, 75, 8
75, 67, 92, 100, 40, 95, 68, 70, 100, 70, 94, 29, 56, 0, 0, 0, 9
0, 99, 57, 100, 97, 80, 77, 40, 48, 3, 28, 0, 42, 28, 100, 27, 7
50, 100, 17, 76, 0, 49, 0, 22, 37, 0, 100, 6, 93, 29, 31, 20, 6
81, 91, 57, 100, 66, 81, 100, 94, 99, 67, 88, 40, 50, 18, 0, 0, 9
2, 95, 64, 100, 100, 78, 87, 50, 51, 25, 0, 6, 20, 0, 89, 3, 2
100, 100, 57, 84, 24, 58, 0, 29, 12, 0, 69, 5, 64, 32, 4, 35, 6
65, 100, 44, 76, 15, 53, 0, 28, 64, 19, 100, 42, 82, 25, 65, 0, 4
75, 77, 65, 100, 0, 83, 30, 62, 99, 78, 100, 47, 74, 17, 10, 0, 9
4, 62, 61, 32, 53, 0, 0, 11, 53, 42, 100, 74, 80, 100, 12, 74, 8
14, 100, 9, 91, 0, 49, 57, 40, 100, 41, 88, 86, 65, 45, 53, 0, 4
0, 70, 19, 100, 65, 79, 59, 40, 12, 17, 3, 15, 59, 6, 100, 0, 2
30, 100, 17, 87, 0, 52, 38, 28, 99, 34, 100, 71, 85, 36, 78, 0, 4
26, 68, 0, 32, 32, 0, 77, 1, 100, 41, 79, 87, 36, 100, 6, 65, 0
90, 100, 0, 86, 42, 44, 53, 0, 17, 15, 73, 56, 100, 99, 8, 99, 8
100, 100, 61, 82, 29, 57, 8, 29, 22, 0, 66, 3, 45, 20, 0, 15, 6
29, 88, 64, 100, 55, 73, 29, 50, 0, 26, 0, 2, 50, 0, 100, 3, 2
11, 100, 66, 96, 80, 65, 68, 31, 60, 0, 100, 25, 56, 42, 0, 50, 7
0, 75, 15, 53, 77, 22, 33, 0, 20, 34, 72, 67, 100, 100, 5, 89, 8
30, 63, 45, 100, 48, 99, 46, 59, 38, 19, 0, 0, 47, 1, 100, 3, 1
100, 100, 56, 93, 40, 65, 85, 78, 94, 70, 86, 32, 51, 5, 0, 0, 9
0, 77, 29, 100, 78, 87, 55, 59, 67, 50, 100, 23, 66, 0, 12, 7, 3
9, 41, 73, 80, 0, 100, 28, 56, 92, 16, 35, 0, 22, 42, 100, 74, 8
100, 100, 48, 82, 17, 55, 7, 24, 42, 0, 96, 12, 60, 33, 0, 28, 6
11, 17, 54, 54, 99, 92, 42, 100, 31, 64, 100, 35, 75, 0, 0, 13, 8
50, 100, 36, 64, 0, 32, 30, 26, 100, 31, 87, 66, 68, 35, 55, 0, 4
54, 88, 100, 100, 83, 96, 44, 74, 59, 58, 75, 29, 44, 0, 0, 3, 5
24, 70, 38, 100, 79, 88, 67, 50, 34, 20, 0, 11, 50, 6, 100, 0, 2
19, 76, 67, 68, 86, 100, 7, 83, 61, 61, 100, 57, 81, 16, 0, 0, 9
44, 93, 4, 83, 43, 42, 40, 0, 0, 16, 48, 52, 100, 86, 49, 100, 8
20, 73, 0, 43, 22, 0, 73, 12, 100, 54, 94, 100, 43, 96, 11, 58, 0
73, 83, 27, 87, 22, 41, 0, 0, 8, 36, 55, 68, 100, 100, 42, 85, 8
49, 100, 95, 93, 83, 52, 47, 21, 0, 6, 5, 28, 54, 20, 100, 0, 2
37, 69, 100, 83, 61, 100, 0, 91, 64, 78, 62, 55, 26, 28, 2, 0, 9
0, 78, 0, 97, 50, 99, 100, 100, 90, 81, 64, 56, 42, 29, 27, 0, 7
31, 70, 0, 84, 16, 37, 52, 0, 100, 19, 99, 66, 60, 100, 6, 94, 0
18, 74, 29, 100, 100, 88, 73, 47, 31, 9, 0, 0, 14, 29, 96, 34, 7
100, 100, 64, 99, 29, 78, 4, 51, 0, 18, 30, 0, 42, 26, 0, 22, 6
4, 55, 60, 77, 100, 100, 80, 92, 56, 70, 40, 46, 32, 23, 0, 0, 1
100, 100, 57, 87, 26, 58, 14, 26, 43, 0, 87, 13, 45, 28, 0, 10, 6
95, 100, 39, 87, 4, 53, 0, 15, 61, 0, 100, 31, 38, 31, 21, 0, 6
56, 86, 99, 100, 100, 96, 54, 87, 20, 73, 45, 46, 42, 16, 0, 0, 5
100, 100, 54, 92, 39, 76, 29, 61, 18, 46, 7, 30, 4, 15, 0, 0, 1
78, 100, 41, 82, 14, 52, 0, 19, 42, 0, 100, 12, 91, 38, 29, 38, 6
100, 78, 70, 100, 38, 76, 83, 75, 86, 59, 83, 27, 58, 0, 0, 11, 9
100, 100, 60, 82, 33, 58, 14, 31, 11, 3, 50, 0, 46, 19, 0, 8, 6
19, 82, 16, 48, 45, 18, 11, 0, 0, 44, 18, 84, 58, 100, 100, 95, 5
0, 52, 28, 69, 58, 84, 89, 100, 100, 95, 83, 65, 68, 33, 64, 0, 1
100, 78, 43, 100, 2, 72, 51, 35, 46, 0, 0, 24, 50, 58, 76, 90, 8
54, 87, 100, 100, 72, 96, 31, 76, 30, 45, 79, 42, 47, 14, 0, 0, 5
0, 48, 42, 71, 64, 100, 56, 56, 54, 13, 33, 0, 42, 3, 100, 3, 1
0, 62, 48, 80, 89, 100, 96, 78, 100, 55, 96, 33, 96, 10, 85, 0, 1
100, 100, 66, 85, 39, 61, 16, 34, 10, 3, 45, 0, 36, 22, 0, 12, 6
0, 45, 53, 36, 62, 0, 7, 6, 52, 38, 100, 70, 71, 100, 11, 84, 8
100, 100, 53, 81, 16, 56, 0, 25, 33, 0, 89, 3, 72, 19, 19, 9, 6
29, 76, 45, 100, 100, 90, 75, 63, 43, 40, 98, 24, 63, 4, 0, 0, 3
6, 76, 22, 100, 55, 78, 36, 42, 0, 16, 7, 9, 54, 7, 100, 0, 2
86, 100, 47, 81, 14, 55, 0, 27, 22, 0, 88, 0, 100, 26, 34, 28, 6
60, 100, 18, 97, 0, 49, 23, 3, 75, 0, 100, 45, 82, 91, 32, 89, 0
96, 90, 2, 68, 78, 32, 85, 0, 15, 26, 72, 67, 100, 100, 0, 71, 8
80, 100, 35, 97, 45, 76, 98, 80, 100, 53, 95, 19, 53, 0, 0, 5, 9
0, 90, 42, 99, 94, 100, 96, 63, 84, 22, 68, 0, 47, 27, 100, 25, 7
31, 100, 0, 58, 74, 45, 57, 2, 10, 0, 6, 46, 17, 90, 100, 97, 5
0, 100, 67, 100, 73, 69, 40, 35, 13, 0, 0, 23, 16, 47, 100, 51, 7
8, 73, 0, 61, 63, 35, 74, 0, 6, 6, 7, 51, 25, 91, 100, 100, 5
0, 52, 3, 57, 47, 79, 90, 100, 100, 88, 79, 59, 60, 30, 60, 0, 1
0, 64, 24, 78, 100, 100, 76, 96, 41, 72, 12, 47, 6, 23, 35, 0, 1
100, 100, 43, 84, 12, 58, 0, 31, 17, 5, 91, 0, 98, 15, 21, 11, 6
15, 89, 0, 68, 87, 69, 86, 25, 21, 0, 4, 45, 8, 86, 100, 100, 5
0, 81, 42, 99, 92, 100, 100, 68, 78, 32, 60, 0, 47, 38, 89, 40, 7
93, 96, 72, 100, 70, 76, 100, 99, 92, 71, 80, 42, 47, 17, 0, 0, 9
69, 70, 61, 100, 2, 84, 23, 41, 48, 0, 0, 23, 43, 59, 100, 84, 8
49, 100, 25, 78, 0, 40, 10, 2, 76, 0, 100, 30, 40, 39, 24, 11, 6
0, 81, 30, 100, 78, 93, 62, 65, 28, 42, 7, 14, 48, 1, 100, 0, 2
0, 98, 35, 100, 83, 99, 100, 92, 63, 75, 39, 51, 30, 24, 37, 0, 7
55, 76, 77, 100, 100, 79, 67, 52, 95, 42, 99, 12, 49, 0, 0, 14, 3
42, 67, 16, 27, 49, 0, 93, 19, 100, 66, 64, 98, 19, 100, 0, 59, 0
39, 94, 47, 100, 47, 61, 26, 23, 3, 0, 0, 39, 50, 50, 100, 63, 7
0, 83, 40, 100, 74, 78, 69, 39, 63, 0, 60, 7, 48, 34, 100, 34, 7
0, 46, 44, 72, 86, 100, 68, 93, 56, 64, 56, 34, 61, 5, 100, 0, 1
100, 100, 42, 89, 26, 74, 11, 59, 5, 45, 0, 29, 0, 14, 21, 0, 1
0, 66, 15, 99, 58, 100, 64, 66, 43, 32, 11, 5, 50, 0, 100, 5, 2
0, 95, 49, 100, 100, 98, 85, 63, 50, 31, 13, 0, 13, 27, 60, 29, 7
0, 51, 20, 66, 52, 84, 85, 100, 100, 86, 85, 57, 68, 29, 58, 0, 1
47, 85, 18, 62, 5, 20, 47, 0, 100, 24, 99, 66, 59, 98, 0, 100, 0
81, 73, 73, 100, 0, 85, 27, 60, 100, 76, 99, 64, 94, 31, 86, 0, 9
46, 73, 80, 100, 70, 86, 61, 46, 45, 8, 0, 0, 47, 4, 100, 7, 1
80, 100, 18, 98, 60, 66, 100, 29, 42, 0, 0, 23, 42, 61, 56, 98, 8
5, 65, 0, 89, 37, 100, 88, 97, 100, 79, 71, 53, 48, 26, 59, 0, 7
33, 86, 0, 55, 1, 12, 52, 0, 90, 34, 100, 76, 56, 100, 6, 77, 0
0, 88, 59, 100, 89, 72, 82, 40, 63, 9, 28, 0, 25, 25, 100, 27, 7
21, 87, 33, 52, 62, 13, 5, 0, 0, 36, 74, 66, 100, 100, 5, 89, 8
82, 100, 8, 92, 45, 60, 100, 29, 52, 0, 0, 24, 21, 61, 53, 98, 8
100, 100, 79, 86, 62, 71, 50, 57, 33, 43, 21, 28, 8, 14, 0, 0, 1
42, 98, 22, 72, 75, 51, 62, 0, 0, 6, 23, 57, 43, 100, 100, 99, 5
100, 65, 92, 100, 39, 93, 9, 62, 0, 27, 31, 0, 60, 26, 19, 28, 6
45, 100, 12, 79, 0, 52, 62, 40, 100, 56, 88, 55, 78, 27, 68, 0, 4
24, 100, 24, 76, 0, 45, 100, 48, 100, 57, 61, 65, 61, 31, 67, 0, 4
0, 69, 47, 81, 88, 100, 100, 91, 91, 68, 76, 45, 71, 22, 68, 0, 1
54, 98, 17, 64, 0, 18, 50, 0, 93, 36, 100, 84, 54, 100, 19, 60, 0
100, 75, 62, 62, 54, 95, 93, 100, 98, 63, 81, 28, 46, 0, 0, 1, 9
12, 87, 0, 77, 35, 97, 100, 100, 98, 78, 81, 43, 73, 6, 72, 0, 7
82, 88, 35, 100, 0, 69, 48, 36, 79, 0, 24, 15, 50, 54, 100, 86, 8
17, 82, 50, 100, 86, 86, 56, 57, 97, 46, 100, 17, 51, 0, 0, 6, 3
84, 96, 0, 100, 28, 66, 100, 36, 68, 0, 2, 21, 46, 60, 88, 95, 8
71, 98, 76, 100, 39, 75, 0, 51, 39, 36, 100, 49, 76, 26, 86, 0, 4
97, 82, 68, 100, 42, 69, 44, 32, 23, 0, 0, 24, 42, 49, 100, 61, 8
0, 62, 47, 88, 67, 100, 63, 65, 59, 29, 46, 2, 34, 0, 100, 0, 1
4, 63, 28, 100, 35, 82, 28, 37, 0, 6, 2, 10, 51, 7, 100, 0, 1
36, 84, 81, 100, 97, 70, 52, 46, 96, 33, 100, 5, 45, 0, 0, 18, 3
84, 100, 55, 81, 32, 58, 20, 33, 30, 9, 100, 6, 52, 13, 0, 0, 6
81, 80, 53, 100, 43, 73, 87, 88, 100, 59, 88, 16, 46, 0, 0, 0, 9
47, 100, 31, 76, 0, 45, 63, 50, 100, 64, 92, 61, 94, 28, 96, 0, 4
78, 72, 60, 100, 24, 68, 69, 32, 57, 0, 0, 29, 36, 67, 100, 98, 8
13, 78, 77, 78, 74, 100, 0, 89, 49, 78, 99, 71, 91, 35, 100, 0, 9
0, 91, 42, 95, 84, 100, 88, 78, 70, 38, 61, 0, 57, 38, 100, 40, 7
0, 70, 32, 100, 87, 94, 99, 54, 92, 13, 55, 0, 42, 20, 100, 27, 7
61, 92, 100, 100, 74, 85, 55, 51, 92, 36, 78, 2, 38, 0, 0, 11, 5
30, 68, 63, 99, 76, 100, 65, 60, 44, 23, 0, 0, 46, 2, 100, 10, 1
72, 100, 28, 80, 53, 47, 84, 15, 30, 0, 0, 23, 49, 50, 100, 76, 8
100, 80, 66, 55, 22, 67, 55, 100, 100, 80, 94, 40, 59, 5, 0, 0, 9
24, 84, 0, 42, 11, 0, 61, 9, 95, 44, 100, 89, 54, 100, 14, 70, 0
0, 84, 36, 100, 69, 79, 77, 38, 70, 0, 35, 21, 59, 35, 100, 39, 7
100, 100, 71, 77, 49, 52, 29, 29, 22, 4, 58, 0, 44, 19, 0, 7, 6
46, 100, 10, 71, 0, 28, 32, 0, 76, 20, 100, 59, 87, 99, 39, 98, 0
100, 74, 75, 100, 25, 85, 0, 53, 8, 19, 55, 0, 68, 27, 16, 34, 6
74, 100, 51, 90, 0, 70, 18, 55, 84, 42, 100, 45, 60, 22, 23, 0, 4
75, 100, 35, 99, 61, 73, 89, 99, 95, 64, 100, 22, 56, 0, 0, 7, 9
42, 100, 19, 80, 0, 47, 46, 36, 100, 45, 100, 71, 94, 36, 87, 0, 4
80, 100, 22, 76, 58, 36, 100, 0, 0, 7, 12, 38, 96, 65, 44, 91, 8
62, 100, 14, 91, 0, 54, 12, 17, 55, 0, 96, 21, 100, 60, 79, 95, 0
0, 98, 35, 100, 61, 76, 57, 37, 42, 0, 31, 24, 64, 39, 100, 48, 7
70, 75, 92, 40, 84, 0, 0, 0, 35, 38, 100, 71, 90, 100, 13, 84, 8
34, 91, 0, 72, 5, 22, 45, 0, 90, 16, 100, 63, 69, 100, 24, 91, 0
100, 100, 42, 81, 0, 45, 4, 2, 72, 0, 92, 34, 45, 58, 3, 55, 6
76, 100, 100, 94, 88, 77, 76, 61, 60, 46, 40, 30, 20, 14, 0, 0, 1
100, 100, 68, 91, 37, 65, 15, 37, 9, 4, 45, 0, 46, 27, 0, 23, 6
31, 87, 20, 59, 92, 56, 73, 15, 0, 0, 6, 44, 25, 90, 100, 100, 5
9, 100, 59, 67, 85, 33, 41, 0, 0, 21, 44, 54, 100, 87, 29, 98, 8
6, 93, 48, 100, 84, 70, 79, 23, 48, 0, 0, 23, 44, 35, 100, 39, 7
75, 82, 28, 100, 0, 67, 77, 36, 100, 0, 16, 15, 40, 55, 84, 92, 8
6, 100, 1, 53, 61, 48, 44, 0, 5, 16, 0, 70, 41, 98, 100, 97, 5
0, 82, 22, 100, 50, 91, 48, 66, 38, 42, 33, 18, 55, 1, 100, 0, 2
0, 24, 30, 48, 61, 75, 91, 100, 100, 93, 83, 62, 68, 31, 59, 0, 1
27, 77, 60, 100, 100, 92, 70, 62, 97, 51, 92, 18, 49, 0, 0, 9, 3
11, 88, 0, 64, 67, 52, 64, 0, 0, 2, 0, 57, 25, 99, 100, 100, 5
8, 68, 33, 100, 52, 79, 31, 42, 0, 14, 24, 0, 64, 1, 100, 19, 2
70, 100, 35, 72, 10, 44, 10, 14, 68, 0, 100, 26, 65, 53, 0, 63, 6
83, 68, 58, 100, 5, 82, 45, 59, 88, 76, 100, 31, 63, 0, 0, 4, 9
78, 100, 37, 74, 0, 45, 58, 39, 100, 53, 81, 69, 70, 35, 65, 0, 4
21, 86, 72, 100, 85, 72, 70, 43, 79, 41, 100, 15, 47, 0, 0, 18, 3
100, 100, 95, 85, 84, 70, 71, 55, 55, 41, 36, 27, 14, 13, 0, 0, 1
11, 62, 0, 88, 38, 99, 100, 100, 87, 78, 64, 52, 44, 27, 45, 0, 7
100, 100, 53, 91, 20, 64, 0, 32, 9, 1, 59, 0, 64, 23, 16, 23, 6
15, 98, 0, 58, 13, 17, 57, 0, 96, 24, 100, 67, 70, 100, 29, 83, 0
100, 100, 50, 97, 21, 75, 44, 71, 82, 56, 76, 25, 47, 0, 0, 5, 5
52, 100, 31, 70, 46, 34, 25, 0, 0, 19, 50, 50, 100, 81, 69, 99, 8
27, 89, 67, 100, 77, 76, 78, 59, 100, 35, 71, 8, 28, 0, 0, 21, 3
100, 100, 63, 94, 30, 68, 7, 38, 7, 6, 52, 0, 45, 23, 0, 16, 6
51, 82, 22, 64, 48, 25, 14, 0, 0, 35, 51, 67, 100, 100, 30, 90, 8
62, 100, 40, 74, 7, 45, 0, 29, 68, 46, 100, 59, 83, 29, 69, 0, 4
23, 72, 44, 100, 73, 86, 51, 50, 19, 20, 0, 8, 50, 0, 100, 11, 2
19, 100, 0, 65, 49, 36, 33, 0, 1, 14, 4, 67, 41, 94, 100, 97, 5
3, 100, 59, 100, 79, 68, 71, 33, 52, 0, 0, 13, 41, 36, 100, 46, 7
39, 80, 72, 100, 100, 85, 71, 60, 89, 36, 84, 7, 40, 0, 0, 16, 3
27, 94, 26, 95, 0, 49, 6, 0, 64, 0, 100, 40, 91, 88, 37, 100, 0
35, 98, 6, 70, 0, 25, 34, 0, 77, 12, 100, 50, 84, 92, 41, 100, 0
54, 88, 85, 100, 100, 82, 70, 60, 91, 37, 86, 11, 43, 0, 0, 14, 3
2, 100, 51, 92, 58, 61, 51, 29, 29, 0, 0, 10, 38, 27, 100, 29, 7
33, 86, 62, 60, 88, 30, 64, 0, 31, 28, 0, 57, 21, 84, 100, 100, 5
25, 70, 54, 100, 60, 66, 35, 27, 0, 1, 19, 10, 61, 0, 100, 0, 2
0, 70, 62, 70, 95, 100, 21, 88, 45, 72, 100, 76, 80, 39, 67, 0, 9
0, 43, 34, 59, 68, 79, 100, 100, 85, 75, 69, 49, 51, 24, 30, 0, 1
97, 76, 57, 100, 17, 72, 0, 28, 36, 0, 81, 19, 100, 56, 88, 88, 0
36, 83, 66, 100, 94, 81, 60, 54, 100, 44, 92, 12, 44, 0, 0, 17, 3
22, 77, 62, 100, 90, 74, 55, 43, 93, 49, 100, 18, 42, 0, 0, 22, 3
77, 100, 22, 84, 63, 60, 92, 94, 100, 63, 100, 24, 45, 0, 0, 29, 9
100, 100, 91, 86, 71, 72, 53, 58, 38, 44, 24, 29, 11, 15, 0, 0, 1
38, 68, 68, 100, 66, 82, 62, 44, 55, 7, 0, 0, 57, 3, 100, 7, 1
0, 50, 42, 72, 81, 95, 100, 100, 88, 75, 69, 50, 49, 25, 32, 0, 1
100, 100, 87, 85, 56, 64, 30, 41, 13, 17, 41, 0, 44, 15, 0, 14, 6
0, 84, 36, 100, 53, 79, 28, 50, 7, 22, 27, 0, 76, 5, 100, 14, 2
9, 65, 43, 98, 52, 100, 49, 60, 60, 21, 0, 0, 12, 4, 100, 6, 1
29, 100, 22, 63, 68, 33, 24, 0, 0, 24, 1, 72, 40, 92, 100, 94, 5
99, 100, 46, 97, 19, 76, 33, 55, 84, 50, 100, 12, 49, 0, 0, 7, 5
0, 69, 51, 82, 100, 100, 95, 84, 78, 63, 62, 42, 51, 21, 46, 0, 1
70, 63, 93, 98, 0, 100, 3, 62, 99, 68, 100, 70, 53, 31, 26, 0, 9
64, 100, 15, 93, 0, 56, 10, 19, 51, 0, 94, 20, 100, 57, 86, 94, 0
8, 93, 96, 100, 52, 95, 12, 73, 35, 61, 100, 39, 83, 0, 0, 5, 5
0, 90, 29, 100, 61, 76, 54, 33, 46, 0, 24, 38, 55, 53, 100, 52, 7
99, 100, 54, 85, 17, 54, 15, 18, 71, 0, 100, 21, 37, 36, 0, 18, 6
0, 57, 24, 68, 60, 88, 100, 100, 93, 74, 83, 50, 72, 25, 69, 0, 1
0, 85, 24, 100, 49, 90, 38, 56, 24, 24, 37, 0, 69, 4, 100, 14, 2
18, 82, 6, 46, 56, 39, 36, 0, 0, 5, 11, 63, 49, 95, 100, 100, 5
45, 100, 0, 74, 8, 48, 100, 45, 76, 72, 63, 64, 47, 31, 28, 0, 4
34, 87, 59, 100, 56, 60, 34, 24, 0, 0, 18, 9, 59, 4, 100, 2, 2
32, 100, 2, 74, 0, 45, 55, 43, 100, 64, 75, 53, 47, 27, 43, 0, 4
100, 100, 61, 92, 33, 63, 11, 31, 8, 0, 52, 19, 48, 43, 0, 28, 6
72, 100, 23, 84, 64, 44, 64, 0, 0, 11, 41, 49, 100, 80, 58, 99, 8
21, 98, 6, 52, 55, 37, 22, 0, 1, 33, 0, 81, 41, 100, 100, 99, 5
2, 60, 0, 18, 33, 0, 73, 19, 100, 53, 98, 92, 54, 100, 14, 83, 0
16, 68, 37, 100, 63, 90, 45, 48, 16, 11, 0, 1, 50, 0, 100, 8, 2
20, 95, 10, 37, 38, 0, 78, 11, 100, 57, 73, 100, 33, 96, 0, 62, 0
0, 88, 47, 100, 79, 76, 85, 40, 83, 4, 65, 0, 48, 28, 100, 34, 7
88, 100, 65, 83, 33, 54, 0, 30, 65, 27, 100, 48, 98, 31, 94, 0, 4
0, 95, 33, 100, 50, 69, 50, 32, 40, 0, 28, 36, 60, 45, 100, 46, 7
69, 100, 25, 86, 0, 55, 100, 58, 84, 86, 52, 89, 51, 39, 45, 0, 4
38, 73, 53, 100, 96, 97, 75, 61, 100, 44, 83, 9, 39, 0, 0, 15, 3
0, 22, 30, 40, 56, 67, 80, 95, 100, 100, 92, 66, 85, 34, 80, 0, 1
5, 99, 85, 100, 82, 62, 40, 26, 24, 0, 100, 25, 96, 46, 0, 47, 7
7, 80, 39, 100, 78, 92, 65, 58, 100, 48, 85, 16, 43, 0, 0, 12, 3
65, 100, 17, 83, 52, 40, 60, 0, 0, 24, 34, 65, 100, 93, 66, 99, 8
45, 100, 34, 60, 47, 24, 16, 0, 0, 38, 20, 73, 59, 85, 100, 86, 5
25, 100, 0, 73, 16, 49, 72, 51, 100, 68, 89, 58, 79, 29, 74, 0, 4
100, 100, 63, 81, 33, 61, 9, 40, 0, 17, 23, 0, 44, 20, 5, 16, 6
100, 71, 80, 100, 24, 83, 40, 48, 57, 12, 0, 0, 11, 33, 78, 56, 8
44, 78, 73, 100, 100, 86, 81, 60, 98, 38, 94, 12, 48, 0, 0, 3, 3
0, 84, 28, 100, 43, 75, 29, 45, 12, 15, 28, 0, 64, 2, 100, 7, 2
74, 62, 100, 100, 32, 99, 23, 62, 88, 84, 90, 54, 68, 11, 0, 0, 9
67, 100, 24, 79, 0, 51, 0, 20, 43, 0, 100, 6, 88, 28, 29, 30, 6
0, 94, 41, 100, 64, 78, 49, 39, 38, 0, 23, 38, 48, 58, 100, 56, 7
21, 83, 20, 100, 0, 49, 18, 1, 82, 0, 100, 49, 66, 93, 3, 89, 0
16, 74, 0, 50, 25, 0, 76, 3, 100, 52, 74, 99, 21, 100, 0, 51, 0
24, 64, 42, 100, 42, 92, 42, 52, 42, 13, 0, 2, 46, 1, 100, 0, 1
0, 89, 76, 100, 95, 88, 66, 48, 58, 8, 34, 0, 17, 27, 100, 33, 7
100, 100, 48, 87, 15, 60, 6, 26, 35, 0, 74, 18, 44, 45, 0, 29, 6
77, 83, 100, 100, 61, 93, 87, 83, 93, 52, 83, 12, 40, 0, 0, 18, 9
100, 100, 67, 84, 34, 62, 10, 38, 0, 11, 42, 0, 32, 24, 1, 20, 6
12, 100, 0, 71, 25, 43, 86, 44, 100, 75, 90, 52, 90, 20, 90, 0, 4
35, 90, 100, 100, 39, 88, 11, 55, 62, 64, 89, 36, 57, 4, 0, 0, 5
100, 78, 64, 100, 44, 72, 52, 35, 44, 0, 0, 2, 18, 36, 67, 56, 8
24, 70, 42, 100, 100, 100, 72, 69, 66, 54, 92, 26, 45, 0, 0, 2, 3
0, 38, 31, 56, 67, 77, 100, 100, 93, 91, 72, 62, 58, 32, 58, 0, 1
0, 68, 40, 78, 76, 100, 88, 91, 88, 68, 88, 45, 88, 22, 100, 0, 1
0, 65, 42, 81, 88, 100, 100, 91, 85, 68, 67, 46, 50, 23, 42, 0, 1
17, 97, 89, 100, 48, 96, 21, 70, 59, 67, 100, 36, 63, 0, 0, 16, 5
36, 100, 31, 82, 0, 50, 20, 26, 85, 39, 100, 63, 69, 32, 43, 0, 4
29, 71, 50, 100, 70, 77, 41, 49, 0, 28, 7, 18, 51, 4, 100, 0, 2
100, 100, 55, 93, 20, 71, 0, 43, 4, 11, 45, 0, 68, 24, 33, 42, 6
99, 83, 58, 100, 27, 67, 78, 65, 100, 84, 86, 41, 55, 4, 0, 0, 9
19, 100, 14, 84, 0, 56, 72, 45, 100, 69, 100, 58, 86, 29, 77, 0, 4
0, 81, 33, 100, 52, 79, 36, 49, 12, 22, 7, 0, 53, 4, 100, 7, 2
37, 100, 0, 81, 17, 50, 100, 51, 76, 74, 51, 96, 47, 46, 48, 0, 4
42, 92, 64, 100, 50, 49, 23, 16, 0, 10, 34, 11, 68, 4, 100, 0, 2
100, 96, 80, 100, 42, 71, 12, 40, 0, 4, 49, 0, 55, 30, 0, 19, 6
30, 98, 30, 76, 72, 38, 60, 0, 0, 11, 44, 48, 100, 83, 49, 100, 8
0, 87, 33, 100, 98, 97, 95, 78, 75, 53, 100, 26, 77, 5, 13, 0, 3
0, 43, 1, 33, 41, 0, 100, 15, 99, 63, 61, 100, 8, 75, 4, 28, 0
78, 100, 29, 80, 6, 50, 0, 19, 44, 0, 100, 15, 72, 37, 17, 25, 6
84, 88, 39, 100, 3, 68, 0, 27, 41, 0, 91, 15, 100, 54, 84, 94, 0
0, 80, 44, 100, 47, 91, 47, 58, 48, 24, 16, 0, 27, 1, 100, 3, 1
50, 82, 8, 61, 0, 15, 50, 0, 95, 30, 100, 77, 59, 100, 23, 64, 0
40, 87, 23, 57, 44, 22, 9, 0, 0, 40, 5, 78, 46, 100, 100, 99, 5
100, 64, 98, 100, 51, 78, 52, 39, 48, 0, 0, 4, 31, 38, 95, 57, 8
33, 75, 46, 100, 78, 86, 57, 56, 100, 40, 96, 11, 46, 0, 0, 13, 3
92, 69, 36, 74, 0, 87, 52, 100, 98, 86, 100, 56, 79, 28, 58, 0, 9
14, 96, 77, 100, 30, 99, 20, 60, 66, 61, 100, 32, 54, 0, 0, 17, 5
81, 98, 26, 93, 59, 67, 95, 100, 88, 66, 100, 24, 48, 0, 0, 14, 9
25, 84, 64, 100, 82, 71, 42, 52, 95, 42, 100, 9, 46, 0, 0, 12, 3
7, 80, 0, 80, 29, 100, 99, 99, 100, 90, 78, 59, 61, 28, 46, 0, 7
32, 100, 8, 74, 0, 46, 51, 37, 100, 48, 96, 55, 86, 27, 81, 0, 4
18, 98, 72, 100, 26, 89, 34, 61, 82, 45, 100, 19, 53, 4, 0, 0, 5
74, 100, 82, 86, 37, 63, 0, 39, 76, 41, 100, 47, 61, 24, 21, 0, 4
94, 92, 100, 100, 77, 83, 62, 65, 43, 47, 26, 29, 15, 12, 0, 0, 1
10, 84, 64, 100, 98, 70, 71, 34, 36, 0, 0, 30, 30, 55, 100, 49, 7
84, 88, 100, 100, 70, 73, 46, 47, 32, 19, 51, 0, 41, 25, 0, 8, 6
56, 100, 34, 83, 0, 63, 23, 48, 77, 39, 100, 42, 68, 22, 48, 0, 4
0, 82, 30, 100, 74, 97, 76, 72, 63, 47, 44, 24, 50, 0, 100, 0, 2
38, 85, 73, 100, 90, 77, 52, 56, 100, 49, 95, 18, 50, 0, 0, 11, 3
14, 73, 41, 100, 87, 95, 64, 65, 100, 45, 100, 15, 49, 0, 0, 16, 3
0, 87, 41, 100, 79, 83, 60, 43, 50, 2, 49, 0, 40, 32, 100, 36, 7
35, 100, 8, 68, 0, 31, 24, 0, 73, 10, 100, 43, 98, 80, 55, 94, 0
7, 77, 54, 48, 76, 10, 24, 0, 49, 36, 100, 69, 80, 100, 0, 84, 8
20, 78, 63, 100, 92, 84, 46, 59, 60, 50, 100, 30, 62, 3, 0, 0, 3
100, 94, 55, 100, 21, 84, 0, 55, 45, 62, 71, 40, 51, 11, 8, 0, 5
2, 74, 5, 95, 70, 100, 100, 89, 66, 67, 31, 45, 0, 22, 2, 0, 7
44, 100, 2, 69, 0, 38, 71, 39, 100, 50, 60, 74, 56, 37, 58, 0, 4
46, 85, 75, 100, 79, 72, 53, 56, 100, 46, 95, 15, 49, 0, 0, 15, 3
15, 95, 69, 100, 75, 66, 51, 33, 22, 0, 0, 9, 30, 29, 100, 33, 7
56, 100, 31, 68, 0, 38, 27, 25, 83, 22, 100, 50, 91, 34, 76, 0, 4
92, 75, 51, 67, 51, 98, 94, 100, 100, 63, 84, 28, 49, 0, 0, 2, 9
0, 91, 43, 100, 89, 95, 100, 59, 84, 23, 66, 0, 38, 32, 84, 33, 7
58, 85, 100, 100, 65, 96, 24, 70, 23, 55, 70, 48, 49, 13, 0, 0, 5
37, 76, 46, 100, 99, 95, 74, 61, 100, 50, 91, 18, 42, 0, 0, 15, 3
15, 85, 9, 47, 70, 44, 54, 0, 9, 12, 0, 68, 37, 97, 100, 100, 5
0, 92, 35, 95, 100, 100, 93, 79, 59, 41, 36, 0, 12, 16, 76, 22, 7
75, 100, 25, 84, 55, 49, 63, 14, 0, 0, 3, 21, 58, 46, 100, 77, 8
35, 93, 78, 100, 89, 85, 69, 65, 100, 42, 88, 16, 46, 4, 0, 0, 3
54, 100, 0, 92, 10, 62, 64, 69, 73, 71, 100, 36, 79, 7, 23, 0, 9
0, 65, 43, 81, 84, 100, 100, 92, 90, 69, 80, 46, 73, 22, 53, 0, 1
35, 69, 58, 100, 85, 86, 65, 48, 35, 13, 0, 1, 53, 0, 100, 25, 2
0, 86, 24, 71, 84, 95, 22, 100, 28, 77, 100, 81, 97, 40, 97, 0, 9
0, 72, 49, 84, 98, 100, 100, 80, 93, 60, 88, 39, 76, 20, 59, 0, 1
41, 83, 88, 70, 78, 100, 41, 80, 94, 64, 100, 28, 56, 1, 0, 0, 9
33, 66, 53, 100, 53, 91, 58, 53, 51, 17, 0, 0, 35, 3, 100, 6, 1
57, 100, 16, 72, 0, 34, 24, 0, 81, 14, 100, 51, 73, 86, 12, 82, 0
15, 79, 0, 65, 17, 100, 71, 99, 100, 96, 77, 60, 58, 24, 47, 0, 7
75, 100, 78, 82, 87, 97, 57, 84, 100, 64, 91, 33, 53, 10, 0, 0, 9
100, 92, 57, 100, 48, 66, 53, 30, 28, 0, 0, 20, 34, 48, 85, 61, 8
61, 96, 13, 89, 0, 41, 37, 0, 94, 10, 100, 60, 64, 100, 6, 97, 0
29, 73, 57, 100, 97, 87, 81, 51, 45, 24, 0, 3, 45, 2, 100, 0, 2
100, 81, 62, 100, 35, 72, 46, 35, 39, 0, 0, 14, 34, 44, 94, 57, 8
82, 90, 50, 66, 100, 30, 40, 0, 18, 27, 72, 62, 100, 100, 0, 99, 8
0, 82, 52, 100, 71, 100, 63, 64, 61, 29, 36, 2, 21, 0, 100, 5, 1
0, 66, 3, 93, 49, 100, 100, 98, 74, 74, 47, 50, 24, 26, 13, 0, 7
0, 96, 77, 100, 90, 97, 9, 96, 26, 52, 100, 45, 77, 0, 1, 16, 5
98, 88, 45, 100, 28, 67, 86, 66, 100, 69, 100, 31, 61, 0, 0, 11, 9
83, 66, 46, 100, 0, 73, 37, 46, 81, 78, 100, 34, 64, 0, 6, 3, 9
49, 85, 78, 100, 92, 85, 74, 55, 100, 35, 80, 11, 41, 0, 0, 0, 3
15, 75, 33, 100, 58, 79, 35, 46, 0, 19, 7, 20, 52, 0, 100, 7, 2
45, 75, 44, 100, 68, 75, 40, 34, 0, 8, 13, 15, 57, 0, 100, 12, 2
58, 100, 33, 73, 0, 48, 28, 38, 82, 38, 100, 60, 93, 30, 99, 0, 4
28, 100, 5, 70, 0, 27, 44, 0, 98, 23, 100, 64, 65, 100, 19, 89, 0
0, 100, 36, 95, 42, 47, 38, 0, 2, 19, 1, 47, 50, 57, 100, 63, 7
9, 80, 56, 100, 100, 87, 88, 51, 51, 23, 0, 4, 29, 4, 88, 0, 2
53, 90, 80, 100, 85, 77, 66, 51, 100, 31, 89, 8, 42, 0, 0, 4, 3
49, 100, 15, 80, 0, 37, 22, 1, 67, 0, 100, 31, 100, 75, 62, 92, 0
100, 100, 75, 79, 40, 60, 0, 43, 17, 31, 60, 41, 31, 21, 17, 0, 4
51, 100, 12, 82, 0, 36, 24, 0, 70, 9, 100, 46, 85, 88, 40, 88, 0
41, 100, 69, 100, 54, 69, 24, 50, 0, 36, 35, 31, 68, 14, 100, 0, 2
28, 100, 69, 99, 65, 65, 47, 32, 22, 0, 0, 27, 39, 38, 100, 38, 7
21, 84, 41, 100, 77, 79, 34, 53, 80, 54, 100, 21, 52, 0, 0, 14, 3
33, 77, 9, 40, 26, 0, 76, 8, 100, 46, 87, 89, 36, 100, 0, 69, 0
100, 93, 70, 100, 44, 82, 34, 51, 66, 43, 64, 14, 33, 0, 0, 2, 5
0, 53, 38, 69, 77, 89, 100, 100, 86, 75, 73, 49, 58, 24, 60, 0, 1
32, 76, 79, 66, 75, 100, 40, 89, 88, 66, 100, 26, 52, 6, 0, 0, 9
80, 76, 47, 100, 5, 72, 62, 64, 75, 72, 100, 29, 64, 0, 0, 2, 9
51, 87, 81, 100, 92, 72, 59, 45, 100, 39, 96, 10, 46, 0, 0, 11, 3
33, 81, 56, 52, 74, 15, 0, 0, 10, 34, 64, 66, 100, 100, 24, 89, 8
93, 100, 53, 92, 60, 49, 56, 8, 0, 0, 11, 35, 62, 57, 100, 84, 8
16, 67, 32, 100, 52, 78, 35, 38, 0, 11, 14, 19, 56, 0, 100, 8, 2
60, 100, 24, 75, 2, 47, 0, 18, 45, 0, 100, 10, 67, 34, 11, 46, 6
16, 88, 0, 68, 63, 38, 84, 0, 22, 15, 57, 58, 100, 99, 58, 100, 8
0, 70, 9, 100, 44, 97, 35, 60, 14, 27, 21, 0, 60, 0, 100, 3, 2
12, 68, 25, 100, 48, 79, 32, 46, 0, 22, 20, 16, 57, 0, 100, 5, 2
28, 82, 19, 54, 81, 45, 55, 9, 0, 0, 11, 49, 37, 91, 100, 100, 5
88, 68, 59, 100, 14, 83, 58, 66, 88, 63, 100, 23, 58, 0, 0, 6, 9
32, 83, 61, 100, 100, 93, 70, 67, 88, 35, 88, 6, 43, 0, 0, 3, 3
3, 70, 0, 96, 47, 100, 100, 97, 74, 73, 51, 49, 40, 23, 62, 0, 7
0, 89, 51, 100, 100, 94, 82, 57, 64, 20, 38, 0, 38, 39, 90, 48, 7
0, 71, 39, 81, 77, 100, 100, 92, 86, 69, 70, 47, 54, 24, 45, 0, 1
0, 75, 25, 99, 84, 100, 88, 73, 66, 46, 37, 21, 37, 0, 100, 1, 2
83, 75, 48, 45, 17, 67, 56, 100, 100, 79, 92, 36, 58, 0, 0, 0, 9
0, 92, 58, 100, 88, 94, 67, 47, 60, 0, 36, 1, 37, 22, 100, 20, 7
100, 67, 76, 100, 27, 83, 54, 61, 86, 71, 95, 29, 55, 2, 0, 0, 9
44, 100, 21, 73, 0, 35, 12, 0, 68, 6, 100, 39, 93, 77, 44, 90, 0
75, 100, 58, 75, 38, 47, 30, 18, 62, 0, 100, 13, 50, 16, 0, 10, 6
29, 100, 0, 62, 1, 18, 50, 0, 96, 27, 100, 69, 54, 95, 2, 80, 0
13, 71, 38, 100, 63, 82, 38, 47, 0, 21, 8, 20, 54, 0, 100, 14, 2
93, 100, 63, 99, 43, 85, 53, 54, 100, 48, 89, 23, 45, 8, 0, 0, 5
45, 87, 56, 67, 51, 25, 0, 0, 5, 35, 53, 68, 100, 100, 47, 98, 8
16, 85, 60, 100, 86, 73, 44, 52, 90, 48, 100, 14, 46, 0, 0, 13, 3
100, 98, 60, 100, 19, 89, 2, 58, 49, 55, 71, 28, 45, 1, 0, 0, 5
29, 100, 15, 94, 0, 56, 66, 47, 100, 58, 59, 84, 43, 43, 36, 0, 4
100, 100, 77, 90, 29, 69, 0, 45, 69, 36, 92, 50, 73, 24, 48, 0, 4
93, 100, 49, 75, 69, 37, 62, 0, 0, 2, 38, 38, 100, 69, 67, 87, 8
100, 86, 62, 100, 21, 83, 0, 51, 5, 17, 43, 0, 67, 25, 29, 42, 6
25, 50, 17, 11, 58, 0, 90, 27, 100, 65, 80, 99, 36, 100, 0, 75, 0
92, 79, 66, 100, 38, 64, 86, 61, 100, 78, 99, 33, 60, 0, 0, 5, 9
83, 91, 2, 100, 21, 67, 77, 36, 62, 0, 0, 17, 42, 54, 100, 87, 8
36, 83, 76, 100, 100, 76, 62, 49, 61, 43, 93, 17, 43, 0, 0, 17, 3
20, 100, 6, 54, 59, 38, 49, 0, 11, 4, 0, 48, 41, 79, 100, 93, 5
100, 80, 65, 43, 26, 55, 50, 100, 90, 92, 83, 42, 49, 3, 0, 0, 9
27, 82, 68, 100, 100, 89, 65, 65, 88, 41, 97, 17, 49, 5, 0, 0, 3
0, 95, 38, 100, 62, 70, 56, 32, 46, 0, 32, 37, 57, 48, 100, 51, 7
17, 92, 0, 50, 11, 7, 66, 0, 100, 35, 96, 78, 49, 100, 9, 69, 0
100, 100, 63, 81, 33, 60, 11, 40, 0, 16, 33, 0, 83, 12, 65, 32, 6
95, 63, 55, 48, 31, 74, 72, 100, 100, 72, 84, 33, 50, 0, 0, 1, 9
36, 81, 31, 54, 88, 38, 58, 0, 0, 8, 8, 54, 38, 92, 100, 100, 5
95, 93, 56, 100, 28, 68, 18, 34, 38, 2, 100, 0, 74, 27, 0, 21, 6
88, 91, 52, 91, 73, 73, 94, 100, 100, 58, 87, 18, 46, 0, 0, 1, 9
32, 87, 81, 100, 85, 69, 58, 41, 97, 47, 100, 15, 46, 0, 0, 19, 3
0, 89, 9, 71, 41, 41, 28, 0, 20, 24, 23, 69, 53, 95, 100, 100, 5
56, 100, 15, 71, 0, 29, 34, 0, 79, 21, 100, 62, 75, 97, 26, 83, 0
0, 43, 36, 59, 70, 78, 100, 100, 79, 76, 56, 51, 32, 26, 10, 0, 1
0, 60, 63, 39, 57, 0, 22, 10, 54, 47, 100, 82, 91, 100, 23, 75, 8
46, 88, 70, 100, 63, 71, 36, 44, 0, 22, 12, 14, 58, 0, 100, 18, 2
8, 49, 60, 72, 100, 100, 75, 74, 48, 45, 29, 15, 0, 0, 88, 1, 1
13, 88, 5, 45, 26, 0, 73, 7, 100, 49, 85, 93, 37, 100, 0, 70, 0
55, 96, 14, 68, 0, 32, 24, 0, 77, 17, 100, 52, 96, 89, 49, 100, 0
15, 100, 11, 84, 0, 48, 61, 43, 100, 59, 71, 72, 49, 36, 35, 0, 4
100, 100, 86, 86, 72, 71, 58, 57, 42, 43, 25, 28, 8, 14, 0, 0, 1
81, 80, 34, 100, 0, 73, 63, 65, 89, 77, 100, 36, 89, 0, 22, 1, 9
100, 100, 57, 88, 38, 72, 19, 58, 5, 44, 0, 29, 0, 14, 5, 0, 1
100, 89, 57, 56, 6, 63, 37, 100, 94, 92, 92, 50, 61, 12, 0, 0, 9
0, 26, 31, 43, 61, 67, 91, 94, 100, 100, 84, 67, 68, 34, 56, 0, 1
0, 87, 22, 100, 48, 97, 62, 78, 64, 55, 64, 32, 76, 11, 100, 0, 2
0, 98, 51, 100, 67, 66, 57, 26, 43, 0, 6, 29, 48, 43, 100, 43, 7
45, 74, 45, 96, 90, 100, 76, 62, 46, 28, 0, 0, 38, 18, 100, 2, 2
56, 100, 38, 69, 0, 41, 44, 38, 100, 40, 95, 68, 80, 34, 74, 0, 4
71, 100, 0, 88, 51, 58, 100, 26, 47, 0, 2, 25, 62, 55, 89, 91, 8
0, 82, 24, 100, 54, 99, 50, 61, 34, 27, 41, 0, 71, 6, 100, 17, 2
19, 84, 1, 43, 26, 0, 85, 1, 100, 46, 74, 90, 16, 100, 0, 58, 0
100, 100, 44, 78, 15, 52, 9, 26, 29, 0, 100, 12, 79, 37, 0, 42, 6
0, 56, 43, 77, 75, 99, 100, 100, 98, 75, 94, 50, 92, 25, 100, 0, 1
0, 73, 21, 92, 57, 100, 79, 84, 74, 61, 68, 38, 71, 15, 100, 0, 2
9, 100, 7, 97, 0, 66, 100, 58, 78, 84, 46, 74, 39, 37, 39, 0, 4
16, 86, 46, 100, 48, 64, 32, 31, 0, 3, 1, 6, 51, 5, 100, 0, 2
21, 76, 39, 100, 45, 67, 27, 29, 0, 0, 25, 2, 63, 1, 100, 2, 2
100, 84, 42, 100, 0, 72, 39, 36, 75, 0, 32, 16, 63, 55, 69, 91, 8
23, 66, 31, 100, 61, 84, 48, 46, 20, 13, 0, 0, 50, 2, 100, 2, 2
16, 59, 30, 100, 55, 87, 34, 45, 0, 12, 2, 0, 51, 4, 100, 7, 2
92, 72, 72, 100, 34, 72, 76, 57, 100, 71, 96, 29, 56, 0, 0, 6, 9
24, 87, 0, 82, 30, 72, 59, 23, 4, 0, 4, 45, 36, 98, 100, 100, 5
30, 100, 21, 71, 0, 44, 68, 41, 100, 54, 100, 55, 98, 26, 98, 0, 4
0, 45, 42, 70, 66, 100, 60, 62, 47, 25, 1, 5, 43, 0, 100, 4, 1
0, 3, 29, 24, 57, 50, 83, 77, 100, 100, 80, 69, 64, 35, 51, 0, 1
15, 99, 47, 100, 69, 70, 52, 34, 30, 0, 0, 19, 41, 31, 100, 34, 7
82, 100, 2, 92, 8, 61, 75, 80, 71, 79, 100, 44, 81, 11, 0, 0, 9
26, 65, 56, 100, 58, 88, 46, 44, 15, 11, 0, 0, 50, 1, 100, 4, 1
100, 100, 64, 90, 33, 69, 10, 45, 0, 17, 30, 0, 50, 20, 13, 36, 6
83, 89, 36, 100, 45, 59, 92, 84, 92, 75, 100, 28, 58, 0, 0, 19, 9
100, 70, 49, 55, 15, 73, 53, 100, 93, 85, 80, 46, 48, 14, 0, 0, 9
0, 100, 73, 97, 95, 80, 100, 64, 95, 48, 82, 31, 64, 15, 23, 0, 1
18, 78, 53, 100, 90, 81, 43, 57, 90, 55, 100, 22, 52, 0, 0, 16, 3
0, 95, 54, 100, 93, 79, 81, 42, 60, 7, 36, 0, 44, 27, 100, 31, 7
0, 99, 50, 100, 77, 77, 59, 50, 29, 26, 0, 2, 48, 0, 100, 4, 2
62, 76, 23, 100, 0, 67, 67, 35, 89, 0, 22, 22, 56, 60, 100, 96, 8
17, 100, 8, 53, 61, 47, 42, 0, 3, 17, 0, 80, 44, 96, 100, 94, 5
37, 71, 79, 71, 49, 100, 0, 45, 25, 36, 66, 0, 100, 51, 10, 26, 8
22, 72, 34, 100, 62, 73, 38, 35, 0, 8, 5, 0, 53, 3, 100, 8, 2
0, 52, 40, 76, 80, 100, 100, 91, 100, 66, 91, 40, 80, 15, 54, 0, 1
28, 100, 0, 52, 37, 99, 45, 89, 51, 34, 24, 2, 30, 0, 100, 0, 1
86, 100, 43, 83, 71, 66, 100, 87, 83, 67, 76, 40, 48, 17, 0, 0, 9
33, 100, 32, 83, 0, 50, 60, 47, 96, 46, 100, 73, 91, 35, 85, 0, 4
42, 85, 85, 100, 100, 68, 76, 32, 45, 0, 50, 1, 38, 40, 0, 65, 8
0, 62, 48, 81, 100, 100, 87, 86, 58, 65, 39, 44, 16, 21, 10, 0, 1
90, 100, 55, 76, 28, 46, 12, 14, 51, 0, 100, 19, 49, 20, 0, 2, 6
0, 74, 27, 100, 54, 77, 37, 42, 5, 14, 2, 17, 51, 9, 100, 0, 2
9, 95, 3, 60, 65, 67, 66, 8, 11, 0, 0, 61, 32, 91, 100, 100, 5
0, 20, 38, 56, 46, 100, 6, 81, 58, 56, 100, 24, 50, 0, 7, 15, 8
42, 100, 22, 65, 0, 40, 91, 40, 100, 64, 88, 72, 91, 36, 93, 0, 4
100, 100, 57, 97, 19, 74, 0, 44, 9, 13, 56, 0, 63, 20, 10, 20, 6
4, 97, 58, 78, 100, 97, 0, 100, 20, 84, 99, 63, 55, 29, 10, 0, 9
95, 68, 76, 100, 34, 78, 50, 39, 52, 0, 0, 6, 40, 39, 100, 60, 8
7, 32, 37, 53, 73, 75, 100, 100, 73, 78, 48, 52, 23, 26, 0, 0, 1
46, 92, 0, 75, 48, 39, 44, 0, 7, 19, 52, 57, 100, 92, 37, 100, 8
0, 47, 5, 25, 52, 0, 93, 30, 100, 75, 62, 100, 30, 63, 42, 22, 0
0, 47, 20, 61, 50, 80, 80, 100, 100, 96, 87, 64, 73, 32, 62, 0, 1
40, 69, 61, 100, 86, 68, 60, 26, 18, 0, 0, 18, 49, 23, 100, 16, 2
22, 70, 64, 98, 59, 100, 52, 62, 39, 25, 0, 0, 23, 4, 100, 5, 1
0, 93, 52, 100, 94, 87, 80, 63, 53, 42, 23, 20, 42, 3, 100, 0, 2
0, 100, 3, 100, 52, 99, 100, 100, 73, 86, 50, 57, 32, 27, 34, 0, 7
70, 100, 45, 91, 11, 60, 0, 23, 42, 0, 100, 4, 86, 32, 31, 27, 6
100, 100, 51, 100, 11, 81, 9, 51, 57, 55, 73, 22, 37, 0, 0, 14, 5
69, 100, 23, 78, 46, 49, 92, 71, 100, 74, 94, 32, 56, 2, 0, 0, 9
17, 56, 0, 27, 35, 0, 74, 5, 100, 47, 76, 95, 37, 100, 2, 76, 0
8, 91, 63, 100, 100, 82, 79, 55, 42, 31, 0, 11, 37, 1, 100, 0, 2
86, 95, 39, 100, 51, 75, 69, 85, 84, 51, 100, 17, 59, 0, 0, 9, 9
95, 59, 74, 100, 6, 96, 0, 52, 64, 59, 100, 70, 73, 26, 15, 0, 9
69, 100, 52, 50, 100, 65, 64, 93, 82, 70, 96, 49, 61, 0, 0, 4, 9
0, 80, 57, 100, 100, 83, 78, 45, 47, 9, 16, 0, 19, 32, 86, 39, 7
79, 89, 57, 100, 65, 89, 100, 91, 83, 62, 59, 36, 32, 13, 0, 0, 9
30, 97, 81, 98, 43, 100, 14, 65, 58, 57, 100, 27, 48, 0, 0, 17, 5
16, 68, 0, 37, 28, 0, 80, 23, 100, 67, 69, 100, 16, 78, 3, 35, 0
45, 100, 18, 74, 0, 44, 59, 35, 100, 52, 95, 62, 75, 32, 70, 0, 4
0, 95, 25, 97, 79, 100, 100, 92, 67, 72, 46, 49, 35, 25, 37, 0, 7
0, 84, 43, 100, 55, 78, 26, 51, 70, 45, 100, 20, 66, 0, 14, 1, 3
22, 98, 2, 66, 0, 17, 43, 0, 85, 26, 100, 73, 61, 100, 12, 86, 0
47, 88, 98, 100, 81, 93, 31, 76, 61, 54, 100, 31, 56, 7, 0, 0, 5
0, 71, 71, 94, 89, 100, 76, 74, 73, 49, 78, 23, 84, 3, 100, 0, 1
0, 100, 16, 66, 45, 34, 66, 0, 39, 28, 18, 62, 40, 94, 100, 99, 5
26, 100, 85, 99, 89, 65, 59, 31, 37, 0, 0, 31, 23, 48, 100, 49, 7
44, 100, 29, 67, 0, 31, 32, 15, 100, 16, 99, 52, 89, 40, 82, 0, 4
34, 100, 9, 76, 0, 50, 51, 35, 100, 52, 89, 51, 86, 24, 85, 0, 4
4, 100, 18, 98, 0, 58, 43, 38, 100, 48, 97, 79, 80, 41, 77, 0, 4
54, 89, 100, 100, 71, 91, 42, 64, 63, 50, 83, 27, 49, 2, 0, 0, 5
5, 87, 50, 100, 100, 98, 73, 75, 36, 56, 65, 36, 44, 15, 0, 0, 3
53, 92, 16, 64, 76, 40, 39, 0, 0, 7, 7, 54, 23, 98, 100, 100, 5
28, 60, 15, 100, 100, 98, 74, 50, 21, 6, 76, 0, 23, 43, 0, 87, 8
100, 97, 58, 100, 18, 76, 0, 47, 12, 16, 62, 0, 85, 18, 28, 24, 6
38, 54, 100, 82, 64, 100, 34, 65, 60, 27, 17, 0, 0, 32, 59, 62, 8
97, 100, 51, 77, 19, 48, 0, 18, 44, 0, 100, 16, 65, 31, 12, 14, 6
62, 100, 0, 96, 40, 62, 100, 30, 43, 0, 6, 27, 38, 73, 13, 99, 8
20, 100, 24, 85, 0, 52, 20, 39, 79, 34, 94, 53, 91, 18, 100, 0, 4
0, 95, 3, 97, 69, 100, 100, 100, 52, 80, 23, 55, 16, 26, 34, 0, 7
100, 100, 57, 94, 29, 76, 48, 63, 83, 49, 71, 19, 36, 0, 0, 4, 5
0, 66, 57, 80, 100, 100, 97, 89, 87, 64, 89, 40, 84, 15, 34, 0, 1
58, 67, 24, 85, 86, 100, 92, 70, 48, 42, 0, 14, 29, 0, 100, 7, 2
86, 100, 32, 92, 1, 55, 0, 16, 60, 0, 100, 31, 31, 34, 7, 1, 6
0, 83, 21, 100, 62, 93, 57, 46, 51, 0, 29, 10, 56, 21, 100, 28, 7
28, 74, 68, 100, 97, 87, 61, 57, 100, 38, 96, 8, 44, 0, 0, 13, 3
0, 82, 44, 98, 100, 100, 93, 75, 53, 55, 78, 35, 58, 13, 7, 0, 3
100, 100, 44, 99, 6, 73, 15, 48, 65, 60, 85, 26, 49, 0, 0, 12, 5
26, 100, 6, 80, 0, 48, 63, 43, 100, 69, 98, 60, 86, 27, 83, 0, 4
3, 71, 0, 95, 45, 100, 100, 99, 79, 78, 48, 53, 31, 24, 54, 0, 7
0, 76, 30, 48, 53, 9, 11, 0, 47, 34, 97, 66, 100, 100, 38, 85, 8
7, 59, 29, 100, 31, 91, 32, 46, 31, 1, 0, 0, 54, 1, 100, 0, 1
0, 82, 46, 75, 97, 100, 27, 97, 45, 81, 100, 79, 88, 39, 78, 0, 9
6, 91, 55, 100, 58, 90, 49, 64, 88, 42, 100, 12, 51, 0, 0, 4, 3
13, 75, 44, 100, 52, 65, 32, 30, 0, 0, 0, 11, 50, 5, 100, 5, 2
32, 100, 18, 63, 52, 30, 23, 0, 0, 37, 8, 79, 52, 94, 100, 99, 5
11, 55, 13, 10, 51, 0, 85, 29, 100, 70, 72, 100, 30, 90, 0, 58, 0
58, 100, 49, 99, 23, 74, 0, 51, 55, 46, 100, 46, 82, 26, 62, 0, 4
54, 71, 92, 76, 69, 100, 65, 77, 100, 55, 83, 23, 43, 7, 0, 0, 9
100, 97, 73, 100, 34, 88, 38, 59, 83, 50, 85, 18, 45, 0, 0, 3, 5
26, 93, 17, 75, 65, 46, 44, 0, 0, 18, 21, 70, 42, 98, 100, 100, 5
65, 89, 26, 100, 0, 70, 51, 63, 84, 70, 100, 31, 70, 3, 17, 0, 9
0, 55, 33, 83, 60, 100, 53, 67, 46, 34, 30, 1, 40, 1, 100, 0, 1
98, 96, 52, 96, 74, 64, 97, 100, 97, 70, 100, 28, 62, 0, 0, 14, 9
41, 96, 19, 61, 66, 43, 42, 2, 0, 0, 18, 51, 49, 89, 100, 100, 5
0, 78, 23, 100, 52, 88, 39, 62, 25, 37, 11, 12, 47, 0, 100, 4, 2
82, 100, 100, 86, 88, 71, 59, 57, 35, 44, 24, 29, 6, 14, 0, 0, 1
78, 94, 3, 100, 22, 66, 100, 35, 62, 0, 0, 25, 44, 66, 41, 96, 8
100, 100, 66, 80, 35, 60, 11, 39, 0, 17, 29, 0, 74, 16, 35, 20, 6
0, 100, 100, 91, 0, 76, 0, 60, 0, 45, 0, 30, 0, 15, 100, 0, 1
0, 95, 32, 69, 68, 34, 45, 0, 30, 25, 70, 59, 100, 95, 30, 100, 8
100, 98, 67, 100, 29, 76, 2, 44, 0, 8, 45, 0, 54, 32, 11, 50, 6
3, 91, 61, 100, 47, 97, 5, 74, 48, 52, 100, 32, 56, 12, 0, 0, 5
100, 100, 65, 100, 40, 89, 40, 62, 74, 51, 63, 30, 30, 17, 0, 0, 5
63, 100, 26, 76, 7, 51, 0, 25, 22, 0, 100, 6, 78, 31, 0, 40, 6
0, 75, 29, 100, 68, 97, 70, 61, 43, 29, 18, 2, 59, 0, 100, 3, 2
48, 100, 28, 71, 0, 43, 40, 32, 100, 37, 87, 58, 61, 29, 41, 0, 4
47, 100, 29, 87, 0, 61, 0, 37, 77, 51, 100, 52, 80, 26, 72, 0, 4
27, 77, 59, 100, 82, 75, 58, 43, 23, 15, 0, 0, 49, 10, 100, 9, 2
86, 100, 38, 80, 6, 51, 0, 18, 47, 0, 100, 13, 62, 30, 7, 18, 6
0, 92, 48, 100, 76, 74, 70, 41, 57, 9, 38, 0, 46, 20, 100, 20, 7
55, 100, 48, 93, 0, 72, 34, 58, 100, 52, 97, 48, 58, 25, 32, 0, 4
0, 74, 35, 100, 100, 96, 94, 63, 52, 35, 0, 11, 5, 0, 77, 6, 2
