@relation penbased-3
@attribute At1 integer [0, 100]
@attribute At2 integer [0, 100]
@attribute At3 integer [0, 100]
@attribute At4 integer [0, 100]
@attribute At5 integer [0, 100]
@attribute At6 integer [0, 100]
@attribute At7 integer [0, 100]
@attribute At8 integer [0, 100]
@attribute At9 integer [0, 100]
@attribute At10 integer [0, 100]
@attribute At11 integer [0, 100]
@attribute At12 integer [0, 100]
@attribute At13 integer [0, 100]
@attribute At14 integer [0, 100]
@attribute At15 integer [0, 100]
@attribute At16 integer [0, 100]
@attribute Class {0, 1, 2, 3, 4, 5, 6, 7, 8, 9}
@inputs At1, At2, At3, At4, At5, At6, At7, At8, At9, At10, At11, At12, At13, At14, At15, At16
@outputs Class
@data
0, 85, 38, 100, 81, 88, 87, 50, 84, 12, 58, 0, 53, 22, 100, 24, 7
61, 59, 58, 100, 0, 84, 44, 42, 80, 0, 8, 5, 33, 44, 100, 70, 8
30, 87, 16, 55, 68, 41, 52, 0, 0, 16, 15, 63, 41, 100, 100, 98, 5
37, 91, 84, 100, 100, 96, 52, 87, 32, 57, 74, 38, 41, 1, 0, 0, 5
90, 71, 100, 100, 25, 85, 10, 50, 80, 62, 99, 53, 64, 17, 0, 0, 9
14, 91, 9, 52, 28, 10, 74, 0, 100, 38, 86, 81, 43, 100, 0, 80, 0
42, 83, 60, 53, 89, 11, 13, 0, 0, 33, 77, 57, 100, 92, 18, 100, 8
0, 87, 37, 100, 19, 70, 5, 42, 88, 49, 100, 58, 84, 28, 88, 0, 4
53, 87, 32, 47, 98, 64, 69, 100, 58, 69, 100, 61, 71, 3, 0, 0, 9
68, 100, 24, 83, 0, 41, 13, 0, 60, 3, 99, 30, 100, 71, 55, 89, 0
84, 100, 59, 99, 16, 72, 0, 42, 20, 12, 100, 0, 94, 22, 4, 27, 6
0, 63, 41, 77, 79, 94, 100, 100, 85, 74, 75, 48, 71, 22, 82, 0, 1
0, 100, 67, 100, 86, 72, 56, 37, 34, 0, 6, 33, 32, 45, 100, 46, 7
98, 100, 52, 77, 18, 52, 0, 25, 25, 0, 100, 5, 97, 29, 23, 22, 6
83, 86, 44, 100, 0, 74, 58, 67, 100, 94, 89, 63, 77, 31, 75, 0, 9
53, 100, 23, 77, 0, 57, 74, 66, 100, 79, 70, 85, 44, 42, 16, 0, 4
2, 80, 36, 50, 54, 12, 9, 0, 0, 41, 5, 78, 49, 95, 100, 100, 5
0, 82, 40, 100, 80, 80, 43, 53, 54, 45, 100, 25, 63, 0, 3, 4, 3
0, 78, 40, 100, 97, 78, 69, 39, 44, 0, 100, 7, 35, 37, 22, 73, 8
10, 100, 24, 93, 0, 61, 0, 37, 69, 35, 100, 57, 80, 34, 70, 0, 4
0, 89, 28, 100, 64, 85, 43, 61, 9, 44, 23, 21, 62, 11, 100, 0, 2
100, 100, 75, 83, 43, 57, 20, 28, 31, 0, 77, 6, 48, 24, 0, 24, 6
19, 88, 62, 100, 100, 81, 83, 48, 47, 23, 0, 6, 18, 0, 72, 1, 2
97, 66, 77, 100, 8, 96, 0, 67, 69, 72, 100, 73, 92, 36, 86, 0, 9
0, 98, 4, 100, 59, 100, 100, 87, 96, 64, 75, 43, 51, 22, 40, 0, 7
0, 99, 50, 100, 100, 91, 54, 57, 32, 0, 69, 13, 70, 28, 31, 23, 7
35, 61, 54, 100, 58, 76, 54, 31, 78, 0, 100, 6, 36, 5, 0, 8, 1
9, 100, 0, 72, 7, 44, 62, 28, 100, 45, 86, 55, 68, 27, 55, 0, 4
0, 92, 39, 100, 67, 79, 50, 37, 24, 0, 17, 22, 52, 41, 100, 46, 7
4, 80, 0, 100, 37, 82, 33, 53, 5, 28, 4, 6, 52, 2, 100, 0, 2
0, 94, 44, 100, 84, 82, 100, 47, 93, 10, 90, 0, 88, 23, 41, 26, 7
72, 100, 36, 98, 39, 81, 82, 99, 100, 84, 70, 48, 37, 16, 0, 0, 9
100, 82, 76, 100, 57, 78, 99, 87, 92, 68, 67, 40, 38, 14, 0, 0, 9
40, 67, 54, 100, 91, 85, 69, 49, 34, 20, 0, 0, 49, 1, 100, 0, 2
8, 92, 58, 64, 100, 30, 73, 0, 12, 22, 0, 61, 3, 97, 90, 100, 5
19, 81, 53, 100, 68, 79, 49, 52, 95, 38, 100, 9, 50, 0, 0, 7, 3
0, 66, 37, 73, 73, 90, 100, 100, 98, 74, 96, 48, 90, 22, 87, 0, 1
15, 72, 0, 39, 57, 42, 43, 0, 16, 15, 11, 62, 36, 93, 100, 100, 5
39, 69, 55, 100, 96, 81, 80, 43, 45, 10, 0, 0, 44, 15, 100, 3, 2
49, 100, 5, 87, 15, 59, 92, 53, 100, 84, 69, 57, 35, 28, 0, 0, 4
100, 100, 49, 80, 15, 54, 0, 25, 26, 0, 86, 7, 62, 24, 0, 19, 6
35, 100, 1, 77, 0, 57, 86, 62, 100, 77, 48, 81, 22, 41, 6, 0, 4
60, 72, 89, 100, 73, 83, 62, 49, 44, 15, 0, 0, 47, 4, 100, 5, 1
36, 78, 75, 100, 77, 82, 61, 34, 39, 0, 0, 8, 50, 8, 100, 7, 1
100, 77, 57, 100, 0, 81, 20, 50, 79, 66, 86, 68, 81, 31, 84, 0, 9
0, 70, 1, 29, 37, 0, 88, 5, 100, 43, 78, 79, 34, 100, 5, 70, 0
26, 87, 67, 100, 80, 76, 61, 48, 33, 23, 0, 1, 48, 0, 100, 3, 2
64, 92, 3, 100, 25, 62, 44, 23, 0, 0, 1, 30, 55, 58, 100, 90, 8
30, 82, 52, 100, 100, 85, 81, 53, 38, 28, 0, 26, 56, 17, 97, 0, 2
62, 86, 87, 100, 100, 79, 85, 54, 85, 25, 64, 4, 29, 0, 0, 12, 3
61, 96, 0, 83, 61, 66, 100, 30, 49, 0, 5, 30, 39, 68, 42, 100, 8
31, 78, 71, 100, 73, 99, 56, 63, 50, 26, 21, 0, 0, 0, 100, 3, 1
55, 70, 73, 100, 62, 66, 49, 26, 30, 0, 0, 2, 50, 3, 100, 6, 1
20, 85, 3, 55, 0, 17, 38, 0, 79, 23, 100, 58, 83, 92, 35, 100, 0
73, 96, 50, 70, 38, 24, 0, 0, 29, 41, 70, 77, 100, 100, 46, 78, 8
50, 100, 63, 87, 26, 62, 0, 36, 59, 31, 100, 54, 80, 27, 76, 0, 4
78, 100, 43, 76, 10, 47, 0, 16, 57, 0, 100, 24, 51, 44, 9, 23, 6
75, 86, 100, 100, 95, 78, 65, 57, 90, 36, 81, 10, 42, 0, 0, 0, 3
54, 92, 5, 69, 51, 52, 50, 3, 0, 0, 12, 43, 45, 86, 100, 100, 5
45, 87, 41, 100, 89, 96, 54, 65, 68, 55, 100, 26, 60, 0, 0, 3, 3
96, 100, 0, 98, 22, 54, 87, 15, 51, 0, 25, 39, 100, 73, 38, 94, 8
0, 93, 53, 100, 83, 84, 68, 43, 55, 0, 30, 22, 45, 46, 100, 51, 7
0, 42, 42, 55, 73, 77, 100, 100, 81, 77, 61, 52, 46, 26, 39, 0, 1
75, 80, 93, 100, 100, 81, 80, 59, 66, 35, 66, 9, 34, 0, 0, 4, 3
14, 66, 23, 100, 41, 74, 24, 34, 0, 0, 22, 15, 61, 9, 100, 3, 2
96, 85, 31, 100, 44, 64, 96, 27, 37, 0, 0, 31, 72, 62, 100, 91, 8
0, 68, 27, 100, 73, 93, 73, 52, 54, 12, 50, 0, 49, 34, 100, 38, 7
98, 78, 44, 76, 40, 100, 91, 98, 100, 69, 79, 42, 44, 18, 0, 0, 9
41, 75, 62, 100, 100, 94, 74, 67, 37, 43, 0, 20, 23, 2, 83, 0, 2
10, 71, 57, 100, 91, 76, 65, 37, 30, 0, 0, 11, 30, 31, 100, 33, 7
9, 100, 18, 82, 0, 49, 10, 24, 71, 26, 100, 51, 92, 31, 90, 0, 4
78, 67, 65, 100, 0, 75, 56, 37, 84, 0, 2, 10, 35, 52, 100, 86, 8
44, 100, 16, 79, 0, 53, 20, 33, 61, 32, 100, 37, 85, 28, 81, 0, 4
90, 85, 100, 100, 64, 97, 59, 68, 80, 38, 72, 8, 36, 1, 0, 0, 5
21, 100, 19, 70, 32, 100, 45, 52, 63, 7, 0, 0, 34, 8, 100, 13, 1
51, 80, 56, 100, 100, 93, 82, 53, 45, 20, 0, 0, 42, 10, 94, 1, 2
31, 100, 20, 90, 16, 57, 75, 52, 100, 79, 68, 63, 33, 31, 0, 0, 4
0, 73, 46, 84, 87, 100, 100, 92, 86, 69, 76, 46, 69, 22, 67, 0, 1
100, 100, 57, 84, 24, 58, 0, 27, 18, 0, 69, 10, 57, 38, 4, 42, 6
31, 100, 17, 68, 41, 36, 5, 0, 0, 35, 7, 81, 43, 99, 100, 97, 5
42, 100, 24, 76, 0, 53, 19, 35, 79, 41, 100, 48, 82, 24, 73, 0, 4
51, 92, 12, 63, 0, 8, 54, 0, 100, 37, 86, 86, 28, 100, 20, 56, 0
54, 100, 24, 79, 6, 48, 13, 16, 59, 0, 100, 15, 54, 30, 0, 23, 6
0, 100, 37, 94, 47, 55, 46, 15, 37, 0, 6, 29, 53, 34, 100, 37, 7
60, 100, 40, 81, 0, 54, 2, 43, 60, 34, 100, 57, 82, 36, 71, 0, 4
3, 92, 12, 64, 60, 28, 18, 0, 0, 32, 67, 55, 100, 91, 33, 100, 8
0, 54, 38, 77, 82, 100, 76, 88, 65, 63, 70, 38, 70, 13, 100, 0, 1
0, 100, 14, 96, 75, 97, 100, 89, 61, 71, 40, 48, 36, 23, 47, 0, 7
88, 78, 34, 100, 0, 73, 45, 38, 78, 0, 21, 11, 50, 49, 100, 82, 8
16, 68, 31, 100, 76, 82, 70, 40, 28, 13, 0, 4, 55, 3, 100, 0, 2
39, 59, 74, 78, 100, 100, 76, 77, 62, 51, 57, 24, 38, 0, 0, 2, 1
0, 91, 0, 97, 52, 100, 100, 93, 100, 69, 78, 47, 58, 24, 44, 0, 7
41, 100, 0, 65, 41, 43, 61, 12, 6, 0, 24, 47, 42, 93, 100, 98, 5
30, 93, 70, 100, 88, 63, 86, 23, 85, 0, 100, 30, 50, 34, 0, 34, 7
64, 100, 20, 79, 0, 49, 2, 18, 49, 0, 100, 15, 59, 25, 17, 3, 6
4, 86, 54, 100, 85, 72, 80, 32, 76, 0, 100, 37, 48, 40, 0, 38, 7
0, 53, 84, 42, 100, 6, 10, 0, 2, 34, 66, 66, 86, 100, 5, 84, 8
56, 100, 42, 78, 0, 52, 29, 33, 100, 37, 90, 59, 70, 30, 59, 0, 4
87, 100, 31, 76, 100, 91, 38, 80, 22, 62, 0, 0, 73, 9, 33, 64, 8
34, 100, 34, 76, 0, 49, 58, 47, 100, 57, 100, 56, 90, 26, 82, 0, 4
88, 99, 9, 100, 0, 54, 55, 12, 4, 0, 24, 40, 100, 73, 63, 94, 8
87, 74, 64, 100, 11, 85, 68, 78, 100, 72, 84, 26, 38, 0, 0, 15, 9
0, 98, 58, 100, 55, 67, 55, 32, 69, 0, 33, 16, 42, 36, 100, 46, 7
47, 73, 82, 95, 100, 100, 89, 75, 79, 49, 76, 24, 47, 0, 0, 2, 1
68, 100, 27, 81, 0, 51, 45, 29, 99, 43, 100, 63, 77, 32, 69, 0, 4
31, 71, 2, 36, 32, 0, 82, 12, 100, 57, 66, 93, 15, 100, 0, 60, 0
0, 78, 60, 100, 64, 97, 56, 64, 52, 30, 4, 5, 0, 0, 100, 2, 1
83, 95, 0, 86, 56, 49, 100, 13, 17, 0, 48, 40, 99, 79, 37, 100, 8
70, 61, 65, 100, 15, 70, 72, 34, 87, 0, 0, 10, 23, 50, 100, 76, 8
22, 100, 34, 75, 0, 43, 38, 41, 100, 38, 97, 68, 91, 32, 72, 0, 4
0, 58, 36, 71, 87, 91, 100, 100, 87, 75, 77, 50, 72, 25, 77, 0, 1
100, 75, 60, 100, 0, 85, 14, 53, 75, 68, 88, 78, 73, 39, 71, 0, 9
100, 98, 49, 100, 13, 69, 6, 30, 40, 0, 93, 13, 61, 41, 0, 41, 6
39, 92, 89, 100, 95, 77, 53, 57, 91, 45, 100, 17, 55, 0, 0, 2, 3
0, 75, 32, 100, 80, 99, 66, 69, 68, 44, 100, 20, 60, 0, 6, 1, 3
25, 84, 0, 62, 8, 17, 52, 0, 92, 26, 100, 69, 66, 100, 20, 88, 0
94, 95, 44, 100, 12, 77, 29, 53, 80, 45, 100, 11, 52, 0, 0, 8, 5
0, 73, 26, 62, 99, 96, 12, 100, 21, 66, 100, 71, 96, 29, 49, 0, 9
8, 100, 23, 84, 0, 56, 26, 40, 100, 44, 72, 56, 68, 27, 89, 0, 4
58, 100, 21, 71, 1, 35, 15, 0, 66, 2, 100, 28, 50, 32, 0, 19, 6
70, 92, 0, 83, 57, 49, 100, 13, 16, 0, 5, 37, 48, 74, 64, 100, 8
50, 90, 0, 89, 62, 47, 88, 0, 5, 4, 42, 51, 100, 95, 11, 100, 8
0, 95, 70, 100, 100, 77, 69, 41, 38, 4, 0, 0, 10, 22, 92, 26, 7
52, 92, 91, 100, 100, 74, 77, 48, 41, 27, 0, 9, 35, 1, 89, 0, 2
0, 69, 23, 83, 82, 100, 100, 95, 86, 70, 75, 44, 62, 19, 64, 0, 1
0, 93, 58, 100, 97, 74, 73, 41, 41, 9, 27, 0, 19, 27, 100, 33, 7
79, 90, 68, 100, 29, 67, 0, 34, 2, 0, 95, 0, 100, 27, 5, 20, 6
0, 70, 11, 100, 34, 88, 26, 55, 15, 23, 28, 0, 66, 7, 100, 19, 2
0, 88, 39, 100, 77, 83, 77, 42, 72, 0, 42, 11, 54, 27, 100, 26, 7
55, 92, 17, 78, 55, 38, 50, 0, 0, 21, 56, 55, 100, 92, 25, 100, 8
0, 3, 28, 0, 62, 18, 87, 43, 100, 71, 89, 100, 54, 98, 78, 80, 9
40, 88, 95, 100, 88, 100, 40, 77, 72, 61, 100, 33, 58, 7, 0, 0, 5
0, 72, 1, 100, 49, 100, 72, 71, 43, 39, 10, 10, 51, 0, 100, 1, 2
0, 83, 42, 100, 100, 86, 75, 43, 50, 0, 11, 15, 2, 27, 69, 29, 7
0, 90, 38, 100, 68, 70, 59, 33, 32, 0, 2, 27, 35, 42, 100, 41, 7
65, 93, 68, 73, 92, 23, 13, 0, 0, 38, 87, 65, 100, 100, 5, 98, 8
39, 96, 79, 100, 71, 71, 68, 55, 100, 34, 86, 4, 43, 0, 0, 11, 3
60, 100, 33, 83, 0, 49, 8, 11, 68, 0, 100, 30, 48, 38, 32, 5, 6
12, 69, 26, 99, 79, 100, 70, 73, 79, 49, 100, 15, 53, 0, 0, 12, 3
0, 54, 27, 64, 63, 83, 100, 100, 97, 78, 81, 53, 68, 26, 63, 0, 1
54, 63, 45, 100, 1, 53, 11, 0, 75, 18, 100, 74, 44, 98, 0, 54, 0
18, 91, 0, 48, 22, 6, 66, 0, 100, 30, 91, 76, 52, 100, 16, 76, 0
0, 59, 16, 73, 77, 95, 100, 100, 70, 75, 45, 50, 25, 25, 34, 0, 1
42, 90, 74, 100, 100, 87, 70, 70, 46, 50, 56, 19, 35, 0, 0, 5, 3
20, 100, 13, 72, 0, 43, 29, 26, 88, 28, 100, 45, 68, 29, 69, 0, 4
57, 96, 100, 100, 81, 95, 40, 85, 30, 60, 57, 32, 40, 3, 0, 0, 5
0, 90, 3, 56, 51, 31, 43, 0, 15, 22, 9, 63, 38, 93, 100, 100, 5
55, 77, 3, 100, 39, 57, 100, 16, 0, 0, 26, 38, 97, 77, 23, 78, 8
67, 66, 56, 100, 10, 74, 59, 38, 70, 0, 0, 15, 29, 54, 100, 82, 8
44, 81, 72, 100, 100, 82, 64, 58, 99, 42, 93, 13, 47, 1, 0, 0, 3
0, 34, 43, 67, 74, 100, 68, 54, 59, 9, 5, 1, 32, 0, 100, 3, 1
0, 100, 72, 99, 100, 86, 62, 45, 38, 0, 5, 13, 23, 41, 97, 44, 7
0, 71, 52, 100, 100, 75, 53, 37, 13, 0, 82, 7, 34, 44, 16, 83, 8
9, 68, 29, 100, 65, 91, 45, 58, 13, 31, 0, 6, 51, 6, 100, 0, 2
97, 100, 57, 82, 24, 51, 0, 20, 32, 0, 100, 12, 91, 42, 25, 56, 6
7, 90, 57, 100, 86, 81, 46, 62, 92, 45, 100, 18, 58, 0, 0, 0, 3
0, 91, 32, 100, 65, 97, 92, 76, 100, 38, 95, 0, 68, 25, 91, 35, 7
13, 100, 20, 71, 59, 39, 44, 0, 0, 16, 7, 61, 42, 93, 100, 97, 5
35, 87, 86, 100, 100, 76, 52, 57, 89, 53, 97, 21, 53, 0, 0, 8, 3
16, 100, 0, 65, 43, 57, 100, 70, 99, 87, 97, 76, 84, 38, 73, 0, 4
38, 99, 6, 52, 14, 0, 75, 3, 100, 51, 73, 100, 14, 83, 0, 33, 0
48, 99, 8, 92, 50, 73, 63, 100, 100, 67, 99, 23, 53, 0, 0, 3, 9
25, 46, 100, 31, 80, 0, 0, 9, 38, 45, 89, 78, 54, 100, 20, 68, 8
0, 93, 60, 100, 65, 66, 51, 33, 35, 0, 11, 23, 31, 37, 100, 38, 7
0, 85, 27, 100, 54, 85, 44, 55, 22, 29, 33, 7, 66, 2, 100, 0, 2
9, 98, 29, 65, 81, 99, 10, 100, 58, 75, 100, 62, 87, 17, 0, 0, 9
3, 90, 69, 100, 58, 98, 0, 77, 36, 58, 100, 44, 73, 9, 7, 0, 5
81, 100, 33, 88, 0, 50, 11, 9, 77, 6, 100, 42, 37, 33, 10, 0, 6
49, 97, 56, 77, 68, 100, 40, 82, 78, 55, 100, 23, 52, 5, 0, 0, 9
78, 79, 40, 100, 6, 71, 16, 33, 16, 0, 0, 32, 46, 58, 100, 80, 8
100, 100, 61, 90, 71, 68, 95, 88, 94, 54, 79, 22, 41, 0, 0, 13, 9
59, 86, 60, 100, 96, 91, 71, 63, 87, 47, 100, 21, 57, 2, 0, 0, 3
100, 100, 61, 91, 30, 70, 7, 41, 11, 7, 48, 0, 39, 20, 0, 22, 6
100, 100, 58, 100, 21, 85, 21, 62, 58, 56, 64, 23, 36, 0, 0, 7, 5
45, 80, 37, 48, 55, 100, 40, 67, 58, 14, 0, 1, 35, 0, 100, 2, 1
36, 68, 72, 100, 81, 90, 63, 46, 47, 7, 0, 2, 49, 0, 100, 2, 1
68, 74, 10, 76, 48, 100, 86, 81, 97, 46, 100, 12, 55, 0, 0, 18, 9
46, 71, 84, 96, 7, 100, 28, 76, 100, 86, 90, 49, 69, 13, 0, 0, 9
16, 73, 38, 100, 60, 76, 40, 43, 7, 16, 0, 9, 50, 0, 100, 1, 2
41, 82, 64, 100, 83, 77, 46, 53, 93, 42, 100, 19, 52, 6, 0, 0, 3
47, 86, 87, 100, 100, 74, 67, 51, 97, 32, 96, 7, 48, 0, 0, 7, 3
87, 82, 70, 64, 12, 67, 41, 100, 100, 90, 98, 48, 62, 12, 0, 0, 9
12, 54, 30, 100, 62, 87, 43, 39, 3, 7, 0, 1, 50, 0, 100, 4, 2
76, 69, 24, 51, 0, 72, 39, 100, 91, 99, 100, 66, 93, 32, 87, 0, 9
31, 100, 0, 80, 4, 30, 37, 0, 81, 8, 100, 47, 70, 82, 26, 91, 0
84, 76, 76, 100, 19, 88, 55, 83, 100, 82, 73, 53, 38, 26, 0, 0, 9
8, 77, 39, 95, 86, 100, 100, 80, 68, 59, 73, 35, 40, 15, 0, 0, 3
35, 96, 87, 100, 74, 99, 28, 77, 60, 56, 100, 35, 53, 9, 0, 0, 5
54, 92, 90, 100, 100, 95, 63, 89, 33, 66, 52, 33, 32, 2, 0, 0, 5
0, 76, 49, 100, 100, 82, 58, 41, 28, 0, 82, 15, 28, 51, 34, 88, 8
69, 79, 48, 57, 69, 19, 0, 0, 30, 34, 93, 63, 100, 100, 37, 76, 8
27, 95, 1, 56, 41, 32, 16, 0, 0, 24, 12, 75, 55, 93, 100, 100, 5
43, 82, 60, 100, 100, 91, 74, 68, 60, 50, 77, 26, 41, 10, 0, 0, 3
57, 72, 100, 93, 47, 100, 0, 78, 52, 71, 94, 57, 69, 28, 39, 0, 9
100, 100, 22, 97, 23, 62, 94, 33, 69, 0, 0, 18, 25, 59, 78, 95, 8
89, 100, 43, 93, 3, 58, 0, 15, 57, 2, 100, 29, 43, 35, 24, 0, 6
8, 83, 32, 100, 54, 73, 32, 43, 0, 21, 18, 6, 59, 4, 100, 0, 2
40, 83, 71, 100, 99, 79, 66, 54, 84, 44, 100, 18, 56, 0, 0, 3, 3
9, 100, 4, 81, 0, 54, 35, 39, 84, 46, 100, 52, 80, 26, 77, 0, 4
16, 78, 66, 100, 100, 75, 46, 39, 0, 0, 66, 4, 24, 45, 23, 85, 8
100, 100, 53, 92, 20, 64, 11, 29, 38, 0, 85, 8, 55, 32, 0, 29, 6
0, 13, 27, 42, 67, 70, 100, 100, 91, 94, 69, 63, 51, 32, 42, 0, 1
2, 91, 44, 100, 91, 82, 52, 55, 62, 54, 100, 27, 56, 3, 0, 0, 3
42, 96, 10, 64, 0, 22, 44, 0, 92, 23, 100, 65, 64, 99, 8, 100, 0
55, 72, 53, 100, 100, 95, 86, 66, 73, 38, 88, 5, 42, 0, 0, 17, 3
40, 85, 92, 100, 100, 98, 45, 85, 79, 65, 99, 33, 55, 7, 0, 0, 5
43, 100, 10, 75, 0, 45, 46, 34, 100, 35, 93, 60, 88, 29, 78, 0, 4
0, 89, 34, 100, 57, 72, 51, 34, 44, 0, 12, 28, 55, 36, 100, 37, 7
15, 67, 0, 24, 32, 0, 76, 24, 100, 62, 86, 100, 37, 90, 3, 57, 0
0, 83, 43, 100, 89, 85, 75, 57, 42, 32, 0, 11, 35, 0, 100, 0, 2
12, 87, 58, 100, 77, 74, 43, 45, 5, 20, 0, 3, 55, 1, 100, 0, 2
57, 56, 37, 92, 88, 100, 94, 63, 51, 34, 0, 12, 41, 4, 100, 0, 2
0, 87, 47, 100, 96, 94, 100, 57, 77, 22, 49, 0, 26, 29, 76, 37, 7
0, 68, 45, 75, 80, 95, 100, 100, 98, 75, 96, 50, 92, 25, 88, 0, 1
14, 73, 60, 100, 100, 93, 74, 55, 38, 20, 0, 0, 2, 35, 63, 28, 7
7, 78, 33, 96, 89, 100, 100, 80, 64, 60, 74, 36, 46, 14, 0, 0, 3
30, 88, 76, 100, 100, 77, 62, 50, 53, 36, 94, 17, 51, 0, 0, 3, 3
38, 100, 23, 84, 6, 59, 0, 35, 45, 21, 100, 35, 85, 24, 98, 0, 4
45, 100, 53, 65, 100, 98, 22, 98, 45, 71, 85, 69, 81, 13, 0, 0, 9
45, 85, 75, 100, 70, 63, 43, 29, 5, 4, 0, 1, 50, 0, 100, 0, 2
45, 100, 34, 78, 0, 51, 37, 50, 95, 51, 100, 62, 73, 32, 57, 0, 4
30, 91, 0, 50, 57, 54, 62, 19, 2, 0, 2, 52, 28, 96, 100, 100, 5
36, 100, 84, 94, 51, 53, 28, 92, 81, 80, 100, 29, 51, 0, 0, 31, 9
89, 81, 49, 100, 0, 84, 39, 68, 100, 75, 94, 54, 84, 24, 51, 0, 9
0, 77, 38, 89, 56, 100, 46, 57, 47, 15, 100, 11, 45, 4, 8, 0, 1
90, 100, 52, 82, 22, 54, 0, 24, 24, 0, 82, 5, 100, 23, 42, 22, 6
0, 56, 15, 73, 65, 94, 100, 100, 91, 75, 82, 50, 79, 25, 94, 0, 1
15, 78, 6, 33, 34, 0, 79, 17, 100, 58, 81, 99, 34, 100, 0, 68, 0
30, 69, 38, 100, 82, 88, 76, 53, 43, 24, 0, 0, 43, 6, 100, 6, 2
0, 41, 47, 58, 92, 84, 100, 100, 84, 71, 71, 42, 66, 13, 74, 0, 1
19, 89, 60, 100, 54, 69, 47, 50, 100, 48, 99, 20, 54, 2, 0, 0, 3
40, 82, 10, 76, 59, 42, 66, 0, 0, 7, 0, 46, 32, 86, 100, 100, 5
0, 70, 14, 97, 66, 100, 100, 79, 66, 55, 94, 27, 90, 0, 41, 2, 3
72, 100, 32, 80, 9, 49, 13, 16, 59, 0, 100, 24, 59, 41, 0, 31, 6
55, 100, 18, 78, 0, 49, 5, 20, 46, 0, 100, 12, 68, 29, 10, 22, 6
100, 100, 61, 93, 33, 65, 15, 33, 25, 0, 64, 6, 44, 33, 0, 37, 6
52, 95, 8, 73, 10, 22, 55, 0, 100, 24, 96, 74, 51, 100, 0, 91, 0
100, 90, 48, 100, 0, 88, 8, 60, 60, 52, 86, 22, 50, 0, 8, 12, 5
0, 93, 45, 100, 75, 73, 73, 36, 61, 0, 34, 29, 49, 45, 100, 51, 7
42, 94, 1, 70, 0, 26, 44, 0, 92, 22, 100, 66, 64, 100, 17, 84, 0
100, 100, 89, 94, 89, 79, 78, 63, 56, 47, 33, 31, 22, 16, 0, 0, 1
65, 95, 0, 77, 46, 36, 35, 0, 5, 26, 73, 61, 100, 100, 6, 84, 8
55, 100, 7, 78, 0, 47, 83, 43, 100, 77, 84, 64, 48, 32, 13, 0, 4
57, 51, 100, 74, 87, 100, 27, 94, 0, 69, 57, 58, 75, 32, 65, 0, 9
24, 82, 62, 100, 76, 71, 52, 40, 13, 16, 0, 13, 52, 13, 100, 0, 2
100, 100, 74, 97, 50, 66, 34, 30, 49, 0, 75, 18, 37, 24, 0, 15, 6
0, 95, 43, 100, 100, 92, 85, 70, 48, 32, 54, 0, 93, 35, 50, 38, 7
7, 96, 0, 61, 13, 22, 61, 0, 100, 30, 98, 69, 59, 100, 13, 86, 0
77, 100, 25, 82, 3, 53, 0, 24, 43, 0, 100, 16, 46, 28, 6, 4, 6
37, 82, 18, 81, 58, 46, 56, 2, 0, 0, 12, 47, 37, 90, 100, 100, 5
100, 100, 77, 94, 47, 71, 23, 43, 14, 12, 50, 0, 42, 20, 0, 29, 6
19, 75, 0, 37, 31, 0, 79, 26, 100, 71, 57, 100, 7, 75, 7, 32, 0
3, 69, 0, 18, 37, 0, 77, 13, 100, 54, 80, 97, 41, 100, 21, 61, 0
100, 85, 64, 76, 38, 97, 84, 100, 90, 72, 67, 45, 36, 22, 0, 0, 9
38, 100, 100, 92, 88, 77, 75, 62, 50, 46, 25, 30, 12, 15, 0, 0, 1
0, 93, 35, 100, 84, 100, 100, 81, 85, 61, 70, 40, 55, 20, 52, 0, 7
33, 100, 0, 72, 6, 23, 54, 0, 100, 30, 88, 77, 35, 97, 2, 64, 0
2, 37, 8, 25, 42, 0, 89, 17, 100, 59, 73, 96, 23, 100, 0, 62, 0
41, 100, 9, 70, 0, 30, 33, 0, 88, 15, 100, 54, 79, 92, 28, 88, 0
29, 98, 0, 55, 43, 36, 43, 0, 21, 17, 28, 64, 41, 98, 100, 100, 5
63, 97, 19, 90, 4, 36, 42, 0, 95, 25, 100, 77, 46, 100, 0, 73, 0
0, 22, 36, 47, 70, 73, 100, 100, 90, 89, 66, 60, 46, 30, 27, 0, 1
0, 56, 34, 68, 69, 83, 100, 100, 97, 75, 87, 50, 78, 24, 76, 0, 1
0, 83, 28, 100, 85, 88, 74, 43, 43, 0, 8, 0, 38, 20, 100, 25, 7
87, 74, 74, 100, 22, 87, 70, 68, 100, 72, 88, 33, 55, 0, 0, 8, 9
74, 74, 62, 100, 10, 76, 36, 39, 62, 2, 0, 0, 24, 30, 100, 50, 8
34, 84, 83, 100, 100, 99, 28, 82, 0, 53, 65, 39, 84, 1, 13, 0, 5
29, 85, 82, 100, 100, 100, 43, 85, 27, 51, 81, 32, 57, 0, 0, 0, 5
0, 93, 57, 100, 100, 86, 71, 43, 41, 1, 22, 0, 23, 35, 82, 41, 7
27, 83, 50, 100, 77, 84, 36, 62, 69, 42, 100, 17, 55, 0, 0, 3, 3
0, 96, 45, 100, 56, 68, 51, 33, 48, 0, 29, 32, 50, 50, 100, 52, 7
45, 76, 57, 100, 100, 94, 80, 67, 87, 44, 82, 16, 41, 0, 0, 14, 3
41, 94, 5, 74, 62, 66, 51, 100, 56, 68, 100, 34, 60, 2, 0, 0, 9
0, 55, 6, 70, 54, 90, 100, 100, 76, 75, 49, 50, 24, 25, 5, 0, 1
31, 74, 88, 100, 100, 95, 98, 55, 96, 16, 25, 2, 0, 0, 100, 2, 1
46, 100, 2, 72, 0, 47, 76, 48, 100, 77, 78, 64, 45, 32, 19, 0, 4
0, 48, 17, 64, 53, 84, 93, 100, 100, 79, 85, 53, 72, 26, 68, 0, 1
35, 84, 71, 100, 100, 79, 72, 52, 35, 31, 0, 9, 39, 0, 88, 0, 2
100, 100, 59, 83, 31, 52, 20, 19, 52, 0, 91, 25, 48, 27, 0, 7, 6
52, 84, 79, 100, 100, 84, 77, 63, 72, 34, 67, 8, 33, 0, 0, 2, 3
21, 100, 0, 79, 0, 54, 42, 37, 83, 52, 79, 49, 81, 24, 100, 0, 4
0, 34, 55, 65, 89, 100, 82, 58, 82, 17, 39, 1, 9, 0, 100, 1, 1
0, 86, 57, 100, 100, 78, 71, 46, 36, 14, 30, 0, 4, 32, 74, 34, 7
35, 100, 22, 64, 0, 38, 100, 42, 94, 61, 68, 78, 63, 39, 45, 0, 4
0, 40, 10, 60, 61, 78, 100, 100, 88, 81, 71, 54, 61, 27, 73, 0, 1
0, 85, 34, 100, 68, 86, 61, 55, 31, 31, 20, 9, 61, 4, 100, 0, 2
94, 83, 29, 77, 100, 41, 78, 0, 0, 11, 45, 56, 92, 100, 10, 79, 8
36, 53, 44, 100, 60, 67, 38, 22, 0, 0, 14, 16, 57, 10, 100, 5, 2
26, 93, 70, 100, 75, 55, 44, 17, 0, 0, 6, 24, 54, 24, 100, 12, 2
9, 85, 0, 45, 16, 5, 63, 0, 95, 31, 100, 72, 65, 100, 19, 89, 0
55, 66, 51, 100, 86, 87, 63, 42, 25, 9, 0, 4, 50, 8, 100, 0, 2
78, 100, 29, 92, 4, 55, 0, 16, 54, 0, 100, 29, 44, 33, 3, 2, 6
100, 100, 57, 83, 24, 57, 3, 27, 25, 0, 78, 6, 54, 23, 0, 17, 6
6, 98, 50, 100, 76, 67, 64, 24, 67, 0, 100, 25, 52, 46, 0, 58, 7
0, 66, 3, 93, 52, 100, 100, 91, 84, 65, 45, 46, 27, 21, 65, 0, 3
0, 38, 32, 51, 64, 75, 93, 100, 100, 97, 91, 64, 83, 32, 75, 0, 1
54, 77, 30, 37, 0, 0, 13, 25, 55, 54, 100, 80, 89, 100, 37, 86, 8
14, 77, 53, 100, 79, 77, 43, 46, 83, 36, 100, 9, 50, 0, 0, 1, 3
0, 91, 34, 100, 62, 78, 58, 38, 46, 0, 31, 34, 57, 55, 100, 59, 7
80, 70, 95, 100, 7, 89, 0, 57, 82, 76, 100, 56, 82, 20, 11, 0, 9
42, 100, 41, 78, 18, 51, 0, 23, 60, 24, 94, 41, 89, 27, 100, 0, 4
0, 90, 22, 100, 93, 85, 76, 42, 53, 0, 32, 1, 17, 34, 100, 39, 7
7, 89, 54, 100, 69, 76, 40, 52, 91, 45, 100, 19, 52, 6, 0, 0, 3
21, 82, 55, 100, 69, 65, 40, 26, 0, 0, 4, 6, 51, 6, 100, 5, 2
48, 100, 39, 89, 14, 56, 12, 19, 57, 0, 100, 17, 52, 30, 0, 15, 6
0, 88, 45, 100, 66, 72, 27, 48, 59, 43, 100, 21, 60, 0, 7, 4, 3
0, 92, 39, 99, 100, 100, 82, 66, 50, 33, 17, 0, 19, 17, 65, 30, 7
50, 100, 10, 73, 0, 29, 36, 0, 83, 17, 100, 60, 68, 94, 26, 76, 0
36, 52, 0, 50, 6, 6, 56, 0, 97, 30, 100, 76, 58, 100, 24, 68, 0
0, 78, 34, 100, 80, 91, 63, 57, 57, 43, 100, 25, 72, 0, 24, 1, 3
26, 99, 0, 61, 6, 16, 53, 0, 95, 28, 100, 73, 58, 100, 6, 90, 0
100, 73, 38, 64, 0, 78, 41, 100, 90, 88, 89, 58, 80, 28, 97, 0, 9
34, 100, 2, 82, 0, 28, 32, 0, 70, 10, 100, 44, 89, 90, 53, 100, 0
40, 100, 7, 86, 0, 63, 14, 41, 81, 37, 91, 45, 84, 22, 100, 0, 4
29, 100, 18, 72, 0, 44, 54, 34, 100, 41, 59, 57, 46, 29, 38, 0, 4
79, 90, 61, 100, 26, 73, 44, 60, 97, 50, 100, 17, 51, 0, 0, 8, 5
0, 92, 22, 99, 68, 100, 100, 87, 83, 64, 56, 44, 32, 23, 16, 0, 7
25, 91, 23, 61, 75, 55, 57, 3, 0, 0, 13, 55, 28, 99, 100, 100, 5
7, 57, 15, 93, 65, 100, 67, 63, 44, 27, 0, 0, 36, 11, 100, 11, 2
0, 75, 22, 100, 58, 86, 56, 50, 29, 22, 14, 1, 58, 0, 100, 4, 2
0, 95, 38, 100, 78, 80, 63, 40, 49, 0, 24, 14, 46, 34, 100, 36, 7
100, 100, 48, 100, 9, 68, 0, 31, 35, 0, 100, 1, 76, 29, 19, 15, 6
43, 55, 14, 40, 38, 0, 79, 23, 100, 66, 81, 100, 35, 78, 0, 44, 0
89, 81, 55, 100, 44, 76, 92, 77, 100, 46, 94, 4, 46, 0, 0, 13, 9
72, 69, 82, 97, 4, 100, 0, 74, 91, 78, 100, 53, 60, 27, 24, 0, 9
0, 91, 44, 97, 96, 100, 84, 54, 65, 9, 44, 0, 46, 27, 100, 26, 7
31, 84, 60, 100, 83, 85, 66, 64, 100, 45, 82, 17, 42, 0, 0, 0, 3
56, 100, 46, 99, 14, 66, 0, 31, 36, 0, 100, 9, 58, 24, 32, 2, 6
59, 61, 91, 100, 37, 92, 36, 46, 45, 0, 0, 6, 35, 36, 100, 38, 8
0, 48, 36, 63, 68, 84, 100, 100, 86, 75, 72, 50, 58, 24, 55, 0, 1
57, 94, 18, 85, 4, 37, 39, 0, 94, 17, 100, 65, 60, 100, 0, 99, 0
45, 100, 68, 64, 100, 24, 39, 0, 5, 33, 68, 65, 85, 97, 0, 97, 8
0, 83, 37, 100, 84, 98, 76, 76, 80, 44, 100, 13, 62, 0, 15, 4, 3
100, 81, 56, 100, 12, 79, 0, 33, 30, 0, 78, 14, 94, 58, 66, 93, 0
37, 81, 43, 100, 96, 87, 61, 61, 86, 47, 100, 16, 48, 0, 0, 14, 3
16, 83, 0, 47, 66, 62, 86, 23, 19, 0, 8, 48, 12, 94, 100, 100, 5
39, 79, 73, 100, 99, 79, 73, 50, 100, 32, 87, 5, 42, 0, 0, 12, 3
17, 85, 18, 100, 46, 70, 39, 35, 0, 14, 34, 8, 88, 0, 100, 23, 2
36, 100, 0, 55, 7, 0, 61, 25, 100, 76, 61, 100, 37, 69, 24, 44, 0
49, 100, 16, 63, 0, 17, 36, 0, 79, 22, 100, 66, 63, 90, 23, 69, 0
12, 79, 62, 46, 100, 12, 23, 0, 41, 33, 86, 67, 82, 100, 0, 88, 8
11, 78, 0, 36, 25, 0, 68, 5, 100, 37, 96, 83, 57, 100, 20, 80, 0
54, 73, 78, 100, 90, 67, 67, 31, 29, 3, 0, 8, 49, 10, 100, 0, 2
0, 91, 45, 100, 87, 92, 61, 45, 30, 0, 22, 4, 40, 39, 100, 38, 7
67, 93, 100, 100, 88, 77, 59, 56, 87, 34, 92, 9, 46, 0, 0, 4, 3
36, 100, 6, 81, 0, 52, 36, 28, 84, 38, 100, 55, 72, 29, 62, 0, 4
29, 61, 97, 31, 78, 0, 0, 12, 45, 45, 100, 77, 80, 100, 9, 73, 8
25, 79, 57, 100, 85, 78, 56, 45, 84, 42, 100, 11, 52, 0, 0, 2, 3
16, 89, 50, 100, 71, 67, 45, 35, 0, 19, 10, 30, 57, 19, 100, 0, 2
49, 83, 11, 70, 0, 24, 39, 0, 89, 20, 100, 62, 69, 100, 35, 79, 0
42, 82, 80, 100, 100, 82, 70, 58, 32, 37, 0, 14, 39, 0, 100, 1, 2
52, 100, 18, 76, 0, 46, 9, 17, 61, 19, 100, 38, 54, 22, 18, 0, 6
0, 45, 26, 68, 68, 88, 100, 100, 76, 75, 55, 51, 42, 26, 40, 0, 1
39, 100, 12, 74, 0, 44, 38, 30, 85, 32, 100, 51, 95, 30, 86, 0, 4
0, 91, 36, 100, 58, 64, 42, 17, 23, 0, 22, 37, 61, 42, 100, 47, 7
0, 38, 18, 57, 49, 80, 81, 100, 100, 92, 85, 61, 69, 31, 63, 0, 1
16, 71, 29, 100, 61, 81, 52, 44, 24, 12, 0, 2, 50, 5, 100, 0, 2
0, 43, 32, 60, 65, 80, 99, 100, 100, 81, 88, 54, 79, 26, 84, 0, 1
86, 59, 56, 100, 0, 81, 48, 42, 71, 0, 11, 8, 45, 52, 100, 88, 8
32, 65, 51, 100, 56, 51, 35, 6, 0, 0, 27, 19, 63, 9, 100, 16, 2
77, 97, 13, 85, 62, 41, 100, 0, 24, 11, 48, 63, 72, 100, 0, 76, 8
0, 93, 32, 99, 81, 100, 100, 92, 84, 69, 70, 46, 60, 23, 59, 0, 7
12, 57, 50, 84, 83, 100, 66, 58, 49, 16, 0, 5, 39, 5, 100, 0, 1
29, 100, 0, 70, 35, 48, 82, 61, 100, 96, 71, 65, 41, 33, 16, 0, 4
25, 100, 2, 74, 5, 23, 51, 0, 100, 20, 98, 71, 55, 99, 0, 96, 0
2, 61, 0, 8, 41, 0, 77, 31, 100, 80, 67, 100, 30, 69, 11, 20, 0
100, 75, 49, 100, 24, 61, 100, 27, 91, 0, 0, 18, 66, 55, 93, 85, 8
53, 92, 99, 100, 100, 74, 61, 53, 83, 39, 95, 13, 48, 0, 0, 6, 3
36, 95, 9, 55, 73, 58, 54, 11, 0, 0, 10, 52, 29, 99, 100, 100, 5
35, 100, 79, 98, 70, 58, 40, 25, 0, 0, 4, 17, 53, 19, 100, 2, 2
0, 71, 64, 52, 100, 16, 34, 0, 21, 36, 69, 68, 80, 100, 8, 93, 8
2, 81, 28, 100, 68, 83, 67, 49, 37, 23, 0, 1, 48, 0, 100, 1, 2
100, 100, 53, 98, 28, 77, 34, 57, 79, 53, 76, 24, 39, 4, 0, 0, 5
34, 91, 0, 98, 42, 100, 83, 94, 100, 71, 86, 46, 62, 23, 46, 0, 7
69, 65, 10, 59, 0, 88, 54, 100, 100, 80, 94, 49, 61, 22, 14, 0, 9
30, 59, 46, 100, 49, 47, 27, 5, 0, 7, 33, 16, 66, 0, 100, 4, 2
100, 100, 67, 92, 37, 69, 13, 43, 0, 14, 30, 0, 51, 21, 11, 20, 6
43, 83, 54, 100, 73, 79, 51, 60, 100, 49, 88, 19, 42, 0, 0, 10, 3
52, 76, 72, 100, 100, 81, 71, 52, 94, 35, 97, 6, 48, 0, 0, 5, 3
82, 100, 64, 75, 16, 46, 0, 13, 73, 1, 100, 20, 27, 27, 47, 0, 6
0, 94, 73, 100, 81, 64, 56, 27, 47, 0, 5, 34, 19, 45, 100, 45, 7
34, 80, 65, 100, 100, 80, 80, 51, 41, 28, 0, 7, 37, 0, 95, 5, 2
1, 66, 0, 25, 39, 0, 84, 8, 100, 53, 75, 95, 32, 100, 12, 59, 0
0, 97, 76, 100, 100, 74, 62, 40, 33, 6, 4, 0, 11, 22, 91, 24, 7
50, 85, 84, 100, 76, 60, 48, 24, 7, 0, 0, 2, 50, 4, 100, 4, 2
67, 96, 20, 100, 21, 59, 41, 20, 11, 0, 0, 35, 48, 65, 100, 93, 8
26, 88, 9, 63, 0, 20, 36, 0, 80, 18, 100, 57, 76, 94, 31, 100, 0
59, 100, 9, 64, 0, 23, 61, 17, 100, 28, 73, 82, 57, 60, 50, 0, 4
25, 74, 47, 100, 66, 74, 41, 44, 4, 20, 0, 9, 49, 1, 100, 0, 2
0, 89, 52, 100, 94, 89, 77, 63, 49, 40, 19, 17, 40, 0, 100, 3, 2
0, 69, 28, 100, 100, 97, 77, 55, 40, 15, 86, 0, 38, 33, 9, 72, 8
72, 96, 100, 100, 57, 95, 31, 65, 49, 51, 67, 29, 39, 0, 0, 3, 5
30, 100, 15, 76, 0, 48, 55, 39, 96, 56, 100, 55, 76, 28, 58, 0, 4
0, 41, 73, 63, 100, 87, 86, 100, 73, 75, 64, 50, 64, 25, 77, 0, 1
0, 69, 60, 82, 100, 100, 90, 79, 81, 58, 69, 37, 67, 16, 69, 0, 1
18, 100, 8, 81, 0, 51, 56, 40, 100, 60, 87, 61, 85, 30, 88, 0, 4
72, 97, 23, 80, 0, 37, 22, 0, 76, 18, 100, 61, 79, 100, 24, 93, 0
0, 51, 21, 56, 62, 78, 100, 100, 77, 79, 52, 53, 32, 26, 24, 0, 1
49, 76, 47, 93, 100, 100, 88, 57, 48, 24, 0, 0, 43, 11, 97, 0, 2
86, 89, 48, 100, 27, 61, 77, 63, 100, 85, 87, 43, 61, 5, 0, 0, 9
35, 64, 64, 100, 66, 85, 59, 38, 100, 6, 86, 6, 23, 4, 0, 0, 1
18, 93, 94, 100, 100, 100, 20, 94, 3, 64, 77, 50, 77, 11, 0, 0, 5
49, 100, 17, 71, 0, 39, 11, 7, 66, 0, 100, 24, 48, 33, 21, 8, 6
25, 90, 0, 48, 13, 0, 79, 13, 100, 61, 60, 100, 3, 73, 10, 29, 0
31, 76, 62, 100, 89, 82, 61, 52, 24, 26, 0, 10, 50, 7, 100, 0, 2
44, 74, 53, 100, 50, 73, 46, 42, 44, 10, 0, 0, 35, 5, 100, 7, 1
68, 87, 73, 77, 84, 100, 51, 84, 98, 58, 100, 16, 46, 0, 0, 6, 9
19, 100, 0, 71, 2, 43, 77, 39, 100, 58, 98, 60, 80, 30, 71, 0, 4
100, 82, 60, 78, 31, 99, 82, 100, 100, 73, 77, 44, 41, 20, 0, 0, 9
0, 86, 49, 96, 65, 100, 53, 56, 53, 11, 100, 2, 53, 0, 8, 9, 1
95, 100, 57, 92, 83, 76, 100, 88, 88, 64, 68, 39, 39, 18, 0, 0, 9
18, 89, 30, 62, 82, 47, 73, 0, 20, 11, 0, 65, 43, 96, 100, 100, 5
19, 78, 0, 40, 9, 0, 64, 6, 99, 38, 100, 80, 54, 100, 2, 86, 0
34, 55, 100, 75, 86, 100, 0, 90, 2, 68, 86, 56, 75, 27, 27, 0, 9
92, 100, 8, 87, 54, 50, 100, 15, 0, 0, 5, 37, 64, 73, 48, 99, 8
100, 94, 4, 100, 2, 57, 87, 19, 0, 0, 7, 44, 78, 87, 7, 91, 8
22, 82, 17, 46, 42, 10, 1, 0, 0, 42, 14, 82, 56, 94, 100, 100, 5
18, 64, 42, 100, 96, 86, 59, 56, 78, 48, 100, 14, 41, 0, 0, 20, 3
24, 86, 3, 62, 49, 32, 42, 0, 0, 19, 9, 61, 37, 94, 100, 100, 5
42, 67, 69, 100, 79, 59, 47, 22, 2, 0, 0, 16, 50, 24, 100, 19, 2
100, 100, 0, 87, 0, 73, 17, 58, 33, 44, 33, 29, 50, 15, 67, 0, 1
25, 72, 0, 36, 21, 0, 65, 6, 99, 35, 100, 80, 62, 100, 25, 81, 0
43, 84, 36, 63, 100, 38, 75, 0, 33, 24, 61, 66, 61, 100, 0, 73, 8
7, 55, 45, 74, 86, 100, 100, 96, 71, 68, 41, 39, 14, 9, 0, 0, 1
0, 64, 43, 73, 79, 91, 100, 100, 92, 75, 84, 49, 78, 23, 74, 0, 1
36, 100, 0, 61, 28, 34, 98, 35, 100, 71, 71, 90, 66, 45, 60, 0, 4
23, 87, 57, 100, 66, 72, 56, 60, 98, 40, 100, 8, 46, 0, 0, 15, 3
3, 97, 39, 100, 100, 79, 63, 39, 27, 0, 76, 7, 92, 33, 0, 35, 7
14, 71, 29, 100, 66, 76, 50, 35, 11, 7, 0, 15, 50, 8, 100, 0, 2
16, 91, 0, 49, 61, 55, 54, 2, 14, 0, 0, 57, 33, 96, 100, 100, 5
0, 63, 30, 50, 64, 20, 50, 0, 23, 35, 16, 73, 53, 96, 100, 100, 5
0, 86, 31, 100, 65, 78, 59, 36, 44, 0, 21, 37, 54, 46, 100, 55, 7
100, 100, 39, 93, 43, 59, 70, 25, 32, 0, 0, 24, 34, 56, 79, 84, 8
0, 92, 46, 100, 82, 76, 70, 38, 50, 0, 31, 10, 48, 34, 100, 36, 7
21, 100, 13, 70, 0, 38, 6, 17, 73, 20, 100, 28, 62, 32, 56, 0, 4
89, 79, 48, 100, 21, 71, 51, 34, 40, 0, 0, 18, 49, 47, 100, 77, 8
85, 100, 43, 76, 11, 48, 0, 17, 44, 0, 100, 10, 59, 20, 1, 10, 6
60, 97, 4, 83, 62, 44, 93, 1, 12, 0, 0, 46, 11, 94, 100, 100, 5
0, 91, 44, 100, 74, 78, 71, 51, 48, 26, 12, 5, 42, 0, 100, 1, 2
0, 92, 45, 100, 53, 68, 40, 33, 31, 0, 5, 32, 47, 43, 100, 45, 7
0, 100, 49, 99, 83, 73, 79, 36, 67, 0, 51, 16, 47, 38, 100, 38, 7
84, 97, 40, 79, 0, 39, 9, 0, 62, 26, 100, 67, 71, 100, 15, 80, 0
64, 100, 15, 77, 0, 45, 100, 59, 84, 78, 58, 90, 56, 44, 67, 0, 4
11, 100, 0, 86, 2, 66, 26, 47, 81, 44, 100, 40, 83, 20, 79, 0, 4
79, 98, 0, 87, 39, 48, 95, 13, 28, 0, 46, 40, 100, 77, 58, 100, 8
90, 100, 39, 78, 4, 49, 0, 18, 59, 0, 100, 24, 41, 39, 10, 13, 6
23, 69, 60, 33, 48, 0, 0, 19, 48, 50, 100, 81, 68, 100, 17, 71, 8
45, 100, 4, 91, 40, 77, 51, 76, 72, 49, 100, 22, 69, 0, 0, 3, 9
100, 100, 66, 90, 26, 66, 0, 40, 4, 12, 62, 0, 80, 19, 10, 16, 6
21, 100, 4, 74, 0, 30, 32, 0, 81, 20, 100, 59, 76, 96, 25, 90, 0
39, 100, 6, 71, 0, 36, 61, 26, 100, 47, 98, 69, 80, 35, 75, 0, 4
84, 100, 53, 78, 18, 50, 0, 20, 39, 0, 100, 14, 70, 37, 3, 34, 6
4, 25, 68, 64, 33, 97, 0, 36, 38, 0, 100, 43, 96, 100, 22, 85, 0
0, 53, 29, 73, 67, 94, 79, 100, 71, 71, 71, 41, 73, 13, 100, 0, 1
0, 37, 28, 55, 62, 79, 100, 100, 98, 84, 84, 55, 76, 26, 67, 0, 1
62, 77, 24, 100, 1, 71, 41, 36, 50, 0, 0, 22, 42, 55, 100, 74, 8
21, 100, 7, 51, 37, 89, 39, 87, 44, 20, 0, 0, 30, 2, 100, 7, 1
51, 100, 24, 83, 6, 54, 0, 25, 31, 0, 100, 15, 57, 32, 10, 11, 6
83, 63, 48, 100, 0, 76, 61, 40, 82, 0, 3, 9, 38, 55, 100, 91, 8
86, 100, 56, 99, 19, 67, 0, 25, 31, 0, 81, 15, 100, 53, 78, 93, 0
90, 100, 53, 75, 16, 45, 0, 35, 52, 35, 100, 44, 96, 41, 87, 0, 4
51, 82, 27, 57, 99, 75, 55, 100, 47, 64, 100, 52, 77, 4, 0, 0, 9
0, 100, 14, 81, 5, 58, 28, 39, 88, 47, 97, 44, 91, 21, 100, 0, 4
2, 75, 35, 100, 96, 95, 88, 67, 77, 39, 100, 9, 41, 0, 0, 20, 3
93, 71, 0, 76, 15, 92, 95, 100, 100, 75, 93, 50, 88, 25, 83, 0, 9
100, 90, 75, 100, 64, 79, 94, 96, 81, 66, 64, 37, 35, 15, 0, 0, 9
54, 86, 84, 100, 100, 79, 71, 59, 56, 34, 62, 9, 22, 0, 0, 15, 3
21, 100, 9, 73, 0, 45, 39, 30, 95, 39, 100, 55, 95, 28, 97, 0, 4
64, 100, 19, 66, 0, 24, 64, 19, 100, 45, 98, 88, 78, 46, 69, 0, 4
36, 100, 29, 81, 0, 56, 12, 32, 67, 32, 95, 54, 94, 26, 100, 0, 4
15, 89, 0, 54, 19, 0, 74, 7, 100, 57, 64, 100, 12, 85, 7, 32, 0
4, 82, 47, 100, 84, 85, 77, 50, 44, 21, 0, 13, 53, 16, 100, 0, 2
0, 54, 24, 68, 71, 89, 100, 100, 69, 76, 43, 50, 19, 26, 5, 0, 1
2, 83, 32, 100, 69, 84, 41, 59, 76, 40, 100, 15, 54, 0, 0, 10, 3
55, 100, 16, 89, 0, 59, 4, 28, 34, 0, 100, 1, 90, 25, 32, 10, 6
100, 84, 92, 100, 40, 74, 1, 40, 6, 0, 67, 3, 58, 39, 0, 43, 6
100, 100, 72, 83, 46, 59, 29, 35, 20, 9, 62, 0, 60, 22, 0, 29, 6
22, 100, 0, 68, 2, 42, 54, 46, 100, 55, 72, 75, 51, 38, 37, 0, 4
31, 90, 67, 100, 87, 84, 58, 61, 79, 35, 100, 10, 52, 0, 0, 4, 3
0, 18, 39, 59, 82, 100, 34, 100, 34, 62, 100, 36, 68, 0, 14, 19, 8
49, 100, 57, 55, 40, 9, 0, 0, 44, 40, 100, 77, 77, 100, 14, 69, 8
13, 74, 40, 100, 70, 77, 46, 42, 9, 15, 0, 3, 50, 1, 100, 0, 2
20, 75, 32, 25, 66, 0, 100, 8, 98, 59, 68, 90, 32, 100, 0, 78, 0
4, 98, 10, 100, 0, 69, 4, 40, 62, 43, 56, 55, 63, 24, 100, 0, 4
0, 93, 38, 100, 96, 95, 100, 57, 78, 20, 57, 0, 23, 32, 74, 38, 7
30, 89, 0, 64, 22, 22, 63, 0, 100, 24, 90, 68, 51, 97, 5, 100, 0
49, 62, 71, 100, 100, 81, 83, 39, 57, 1, 78, 0, 51, 33, 0, 49, 8
32, 80, 72, 100, 82, 76, 55, 47, 24, 20, 0, 0, 50, 7, 100, 3, 2
7, 100, 0, 78, 5, 38, 63, 44, 100, 78, 91, 81, 87, 40, 86, 0, 4
0, 55, 20, 77, 53, 100, 73, 91, 93, 68, 100, 45, 93, 22, 47, 0, 1
100, 100, 61, 82, 30, 58, 6, 30, 0, 0, 44, 2, 43, 21, 2, 9, 6
0, 85, 22, 100, 50, 88, 43, 52, 20, 21, 27, 2, 65, 0, 100, 2, 2
60, 62, 92, 72, 100, 100, 30, 82, 0, 54, 73, 68, 73, 40, 51, 0, 9
0, 99, 84, 100, 100, 74, 70, 44, 41, 15, 16, 0, 4, 27, 90, 27, 7
23, 79, 59, 100, 62, 60, 36, 21, 0, 0, 19, 30, 60, 25, 100, 16, 2
21, 85, 92, 100, 100, 99, 71, 79, 46, 59, 21, 39, 0, 19, 4, 0, 1
20, 73, 39, 100, 55, 69, 32, 31, 0, 4, 22, 0, 61, 1, 100, 2, 2
93, 77, 51, 100, 3, 77, 0, 32, 39, 0, 90, 20, 100, 63, 54, 84, 0
0, 80, 35, 84, 84, 100, 100, 89, 82, 67, 63, 44, 41, 22, 22, 0, 1
5, 87, 5, 30, 41, 0, 83, 9, 100, 58, 70, 100, 29, 95, 0, 51, 0
49, 90, 33, 88, 74, 100, 69, 55, 39, 18, 0, 3, 49, 3, 100, 0, 2
100, 82, 75, 100, 54, 76, 82, 86, 69, 55, 60, 23, 35, 0, 0, 4, 9
35, 80, 73, 100, 95, 84, 55, 62, 100, 44, 97, 14, 49, 0, 0, 9, 3
40, 87, 87, 100, 100, 75, 59, 53, 88, 50, 91, 19, 48, 0, 0, 11, 3
56, 100, 17, 72, 0, 29, 34, 0, 79, 20, 100, 60, 74, 96, 31, 83, 0
34, 77, 77, 100, 100, 74, 75, 43, 40, 16, 0, 0, 0, 24, 79, 26, 7
25, 79, 5, 36, 32, 0, 75, 19, 100, 60, 81, 100, 35, 94, 0, 62, 0
35, 80, 69, 100, 66, 58, 39, 24, 0, 0, 9, 13, 54, 13, 100, 7, 2
0, 96, 43, 100, 100, 86, 75, 51, 48, 16, 33, 0, 17, 33, 88, 36, 7
0, 82, 40, 100, 97, 99, 99, 62, 81, 23, 56, 0, 40, 28, 100, 32, 7
0, 42, 38, 61, 74, 82, 100, 100, 85, 75, 69, 50, 57, 25, 55, 0, 1
30, 78, 62, 100, 81, 77, 59, 46, 25, 19, 0, 11, 50, 5, 100, 0, 2
0, 65, 28, 36, 41, 0, 19, 4, 5, 40, 7, 79, 50, 97, 100, 100, 5
88, 81, 43, 100, 31, 74, 86, 69, 100, 57, 86, 17, 38, 0, 0, 7, 9
52, 86, 27, 100, 0, 73, 56, 73, 100, 85, 87, 48, 58, 14, 5, 0, 9
28, 97, 2, 70, 47, 39, 61, 0, 24, 24, 0, 67, 39, 94, 100, 100, 5
11, 61, 25, 100, 66, 96, 62, 55, 29, 23, 0, 0, 50, 0, 100, 1, 2
0, 100, 58, 92, 100, 74, 76, 38, 63, 0, 96, 12, 81, 38, 24, 50, 7
6, 91, 0, 43, 25, 0, 78, 9, 100, 53, 82, 98, 32, 100, 13, 55, 0
0, 86, 42, 100, 82, 78, 64, 36, 34, 0, 11, 22, 47, 36, 100, 41, 7
56, 91, 24, 100, 47, 77, 83, 87, 100, 48, 99, 8, 51, 0, 0, 14, 9
13, 71, 0, 35, 19, 0, 67, 8, 100, 38, 96, 78, 55, 100, 14, 82, 0
0, 89, 10, 100, 46, 82, 11, 58, 32, 50, 94, 43, 100, 18, 52, 0, 3
6, 93, 75, 100, 100, 86, 63, 58, 28, 29, 0, 0, 10, 27, 52, 40, 7
26, 100, 15, 94, 0, 62, 19, 37, 67, 49, 100, 59, 83, 30, 81, 0, 4
24, 97, 28, 66, 80, 41, 71, 0, 0, 9, 7, 51, 26, 92, 100, 100, 5
49, 82, 6, 100, 0, 65, 19, 27, 15, 0, 8, 38, 48, 62, 100, 68, 8
45, 88, 28, 66, 60, 31, 33, 0, 0, 15, 25, 57, 56, 91, 100, 100, 5
0, 97, 32, 99, 67, 99, 100, 100, 78, 77, 58, 51, 43, 22, 45, 0, 7
52, 95, 0, 83, 42, 41, 81, 0, 1, 2, 44, 39, 100, 75, 50, 100, 8
25, 100, 12, 88, 0, 47, 51, 31, 89, 62, 100, 83, 85, 42, 77, 0, 4
4, 66, 27, 100, 47, 73, 29, 30, 0, 3, 31, 5, 65, 3, 100, 0, 2
6, 85, 47, 100, 76, 78, 56, 39, 36, 0, 0, 29, 47, 39, 100, 33, 7
0, 88, 39, 74, 88, 97, 13, 100, 34, 89, 100, 74, 81, 35, 51, 0, 9
12, 95, 0, 53, 8, 12, 60, 0, 99, 31, 100, 73, 56, 100, 7, 78, 0
0, 12, 25, 38, 48, 65, 77, 90, 100, 100, 97, 66, 91, 32, 88, 0, 1
100, 100, 19, 93, 0, 53, 27, 11, 1, 0, 29, 41, 79, 77, 54, 96, 8
0, 99, 63, 100, 76, 68, 60, 34, 46, 0, 19, 16, 27, 34, 100, 32, 7
0, 100, 24, 100, 63, 99, 100, 93, 81, 69, 57, 44, 39, 18, 32, 0, 7
6, 99, 77, 100, 88, 68, 62, 35, 52, 0, 0, 22, 26, 31, 100, 25, 7
100, 88, 47, 100, 28, 62, 74, 27, 55, 0, 0, 19, 32, 60, 86, 88, 8
15, 100, 28, 93, 0, 62, 13, 37, 82, 33, 100, 64, 91, 31, 89, 0, 4
7, 100, 8, 75, 0, 45, 13, 23, 64, 26, 70, 36, 84, 28, 100, 0, 4
36, 87, 81, 100, 80, 74, 61, 31, 44, 0, 0, 10, 50, 11, 100, 15, 1
36, 91, 39, 53, 40, 15, 0, 0, 2, 31, 19, 71, 57, 91, 100, 100, 5
71, 82, 100, 100, 44, 69, 0, 35, 8, 0, 90, 12, 75, 32, 5, 11, 6
0, 65, 55, 81, 100, 100, 89, 86, 77, 65, 70, 43, 62, 21, 65, 0, 1
39, 100, 75, 61, 100, 98, 34, 81, 9, 30, 72, 0, 83, 45, 0, 50, 8
49, 94, 10, 70, 0, 33, 25, 0, 82, 9, 100, 44, 91, 81, 42, 100, 0
43, 95, 12, 85, 0, 40, 29, 4, 75, 0, 100, 37, 79, 78, 38, 100, 0
53, 100, 26, 80, 0, 59, 4, 37, 60, 35, 100, 41, 65, 22, 43, 0, 4
51, 88, 14, 74, 0, 27, 35, 0, 85, 24, 100, 69, 61, 100, 15, 76, 0
37, 93, 94, 100, 73, 95, 30, 75, 39, 41, 100, 29, 63, 4, 0, 0, 5
24, 100, 12, 72, 0, 40, 36, 25, 82, 28, 100, 58, 83, 33, 75, 0, 4
0, 89, 32, 100, 70, 97, 73, 70, 67, 43, 100, 27, 90, 5, 52, 0, 3
71, 100, 31, 81, 0, 56, 62, 50, 100, 75, 75, 56, 46, 28, 31, 0, 4
22, 97, 62, 100, 60, 62, 51, 24, 38, 0, 0, 31, 37, 42, 100, 44, 7
67, 100, 10, 92, 29, 53, 50, 14, 1, 0, 0, 37, 45, 67, 100, 87, 8
73, 78, 30, 100, 0, 70, 75, 39, 92, 0, 21, 21, 75, 60, 100, 88, 8
100, 100, 48, 100, 9, 75, 8, 52, 61, 56, 85, 25, 49, 0, 0, 5, 5
0, 63, 58, 85, 100, 100, 78, 74, 67, 46, 64, 19, 0, 0, 3, 3, 1
79, 93, 20, 100, 30, 81, 92, 80, 100, 52, 94, 16, 43, 0, 0, 19, 9
49, 100, 0, 30, 39, 0, 100, 59, 49, 79, 19, 44, 85, 80, 23, 21, 0
42, 100, 10, 77, 0, 47, 68, 43, 100, 68, 83, 60, 66, 30, 68, 0, 4
81, 100, 52, 87, 19, 65, 0, 44, 89, 40, 100, 43, 78, 21, 78, 0, 4
79, 86, 27, 68, 0, 35, 11, 0, 70, 5, 100, 37, 84, 71, 43, 100, 0
19, 89, 64, 100, 70, 61, 41, 27, 0, 4, 4, 3, 52, 4, 100, 0, 2
0, 44, 33, 65, 73, 87, 100, 100, 79, 75, 56, 50, 39, 24, 59, 0, 1
76, 76, 47, 100, 0, 84, 48, 66, 83, 68, 100, 33, 87, 0, 26, 0, 9
81, 100, 39, 94, 69, 77, 63, 73, 86, 41, 100, 9, 52, 0, 0, 2, 9
25, 100, 45, 97, 24, 63, 0, 29, 43, 14, 91, 37, 89, 34, 100, 0, 4
34, 89, 96, 100, 93, 99, 24, 86, 60, 72, 100, 46, 63, 16, 0, 0, 5
93, 100, 24, 77, 9, 56, 100, 53, 96, 80, 74, 73, 39, 36, 0, 0, 4
56, 92, 100, 100, 87, 99, 44, 87, 28, 54, 68, 36, 45, 6, 0, 0, 5
33, 100, 100, 99, 66, 98, 7, 86, 32, 65, 81, 38, 66, 5, 0, 0, 5
24, 100, 5, 57, 0, 13, 41, 0, 84, 25, 100, 65, 57, 86, 7, 87, 0
100, 100, 60, 91, 31, 69, 12, 44, 4, 17, 34, 0, 46, 20, 0, 21, 6
28, 85, 11, 63, 82, 37, 88, 0, 9, 1, 0, 46, 16, 88, 100, 100, 5
0, 95, 36, 100, 77, 83, 76, 40, 54, 0, 26, 24, 54, 34, 100, 39, 7
41, 91, 75, 100, 72, 71, 69, 56, 100, 41, 74, 15, 28, 0, 0, 12, 3
34, 100, 18, 68, 0, 35, 35, 29, 100, 29, 81, 60, 65, 32, 75, 0, 4
41, 73, 60, 100, 72, 73, 61, 40, 37, 10, 0, 0, 49, 1, 100, 2, 2
0, 44, 26, 62, 62, 81, 100, 100, 97, 78, 79, 52, 64, 26, 53, 0, 1
0, 100, 54, 93, 57, 77, 57, 61, 61, 46, 61, 30, 68, 14, 100, 0, 1
100, 98, 67, 100, 48, 84, 38, 68, 27, 51, 19, 33, 9, 16, 0, 0, 1
71, 100, 47, 87, 21, 60, 0, 33, 24, 12, 97, 26, 100, 26, 76, 0, 4
0, 33, 26, 45, 51, 63, 75, 82, 100, 100, 89, 66, 74, 34, 71, 0, 1
100, 80, 67, 100, 42, 73, 80, 70, 89, 64, 79, 25, 45, 1, 0, 0, 9
31, 87, 73, 100, 100, 80, 73, 53, 37, 30, 0, 7, 45, 1, 97, 0, 2
48, 94, 0, 73, 49, 67, 79, 33, 26, 0, 19, 40, 21, 83, 100, 100, 5
41, 100, 11, 70, 0, 26, 33, 0, 76, 17, 100, 55, 88, 97, 43, 91, 0
59, 100, 24, 75, 0, 46, 0, 16, 49, 0, 100, 13, 60, 32, 3, 25, 6
0, 92, 55, 100, 68, 67, 55, 32, 42, 0, 2, 28, 35, 44, 100, 50, 7
0, 93, 50, 100, 90, 82, 73, 41, 56, 0, 29, 20, 47, 34, 100, 32, 7
81, 100, 22, 84, 0, 41, 18, 0, 82, 18, 100, 60, 61, 96, 13, 69, 0
33, 62, 50, 100, 65, 60, 39, 18, 0, 0, 17, 23, 59, 13, 100, 8, 2
38, 88, 80, 100, 100, 82, 75, 58, 99, 35, 76, 10, 33, 0, 0, 19, 3
100, 98, 24, 100, 6, 68, 78, 41, 70, 0, 0, 9, 32, 53, 83, 93, 8
0, 82, 37, 100, 65, 73, 54, 36, 42, 0, 16, 32, 48, 42, 100, 44, 7
40, 100, 21, 86, 0, 49, 2, 10, 53, 0, 100, 19, 61, 33, 14, 16, 6
67, 100, 44, 80, 18, 50, 0, 35, 65, 34, 100, 48, 91, 32, 89, 0, 4
42, 95, 2, 63, 40, 42, 18, 0, 0, 23, 5, 71, 40, 97, 100, 100, 5
27, 94, 55, 57, 61, 18, 15, 0, 0, 28, 5, 70, 46, 93, 100, 100, 5
45, 100, 0, 93, 33, 74, 53, 80, 70, 45, 100, 15, 63, 0, 10, 2, 9
100, 95, 55, 100, 13, 88, 4, 62, 46, 47, 70, 20, 39, 0, 0, 10, 5
100, 77, 49, 66, 0, 69, 30, 97, 80, 100, 90, 65, 64, 31, 38, 0, 9
100, 100, 57, 97, 26, 73, 2, 44, 0, 12, 37, 0, 58, 25, 15, 31, 6
39, 85, 18, 100, 20, 67, 67, 76, 83, 71, 100, 29, 61, 0, 0, 13, 9
26, 88, 54, 100, 100, 89, 94, 59, 95, 35, 77, 6, 30, 0, 0, 12, 3
32, 82, 63, 100, 100, 89, 65, 63, 91, 54, 94, 24, 51, 5, 0, 0, 3
38, 94, 0, 77, 73, 53, 100, 100, 24, 92, 70, 70, 94, 60, 82, 0, 9
27, 100, 18, 65, 52, 36, 20, 0, 0, 27, 6, 77, 45, 95, 100, 96, 5
40, 88, 99, 100, 78, 94, 25, 75, 74, 69, 100, 42, 62, 13, 0, 0, 5
0, 66, 21, 97, 66, 100, 66, 63, 34, 32, 6, 4, 52, 0, 100, 0, 2
73, 100, 47, 86, 18, 58, 0, 29, 8, 0, 77, 4, 100, 29, 29, 29, 6
56, 91, 12, 77, 65, 37, 74, 0, 0, 18, 50, 59, 100, 99, 24, 100, 8
40, 88, 100, 100, 38, 91, 0, 64, 41, 52, 96, 38, 62, 11, 0, 0, 5
0, 97, 77, 100, 86, 70, 74, 40, 56, 10, 30, 0, 14, 25, 100, 30, 7
25, 80, 52, 100, 57, 67, 30, 36, 0, 11, 27, 6, 63, 4, 100, 0, 2
28, 88, 58, 100, 61, 74, 46, 54, 95, 45, 100, 20, 54, 5, 0, 0, 3
40, 100, 12, 76, 0, 33, 30, 0, 82, 1, 100, 39, 75, 78, 30, 100, 0
31, 100, 4, 77, 0, 53, 34, 33, 91, 37, 100, 45, 72, 24, 59, 0, 4
32, 86, 65, 100, 99, 85, 78, 59, 94, 40, 100, 14, 52, 0, 0, 0, 3
11, 100, 17, 71, 73, 37, 100, 0, 9, 11, 27, 48, 92, 79, 0, 95, 8
62, 79, 70, 100, 87, 73, 61, 41, 20, 16, 0, 26, 54, 22, 100, 0, 2
23, 76, 0, 42, 17, 4, 68, 0, 100, 32, 99, 72, 62, 100, 12, 90, 0
0, 53, 35, 76, 78, 98, 100, 100, 84, 75, 68, 50, 54, 25, 54, 0, 1
100, 95, 87, 100, 49, 76, 17, 47, 0, 14, 40, 0, 66, 25, 19, 25, 6
62, 94, 39, 100, 7, 69, 0, 34, 33, 3, 100, 1, 70, 19, 13, 0, 6
36, 100, 7, 79, 0, 45, 37, 20, 83, 32, 100, 66, 83, 34, 77, 0, 4
63, 77, 95, 100, 92, 63, 64, 28, 26, 2, 0, 0, 50, 4, 100, 7, 2
26, 71, 54, 100, 77, 81, 52, 49, 17, 21, 0, 12, 50, 12, 100, 0, 2
41, 100, 25, 50, 47, 4, 86, 0, 100, 48, 74, 91, 35, 100, 0, 76, 0
10, 97, 0, 46, 20, 0, 70, 12, 100, 55, 87, 100, 37, 86, 10, 43, 0
33, 100, 0, 71, 86, 75, 38, 96, 38, 73, 100, 71, 62, 32, 6, 0, 9
0, 83, 31, 100, 48, 74, 28, 42, 3, 14, 27, 0, 66, 1, 100, 4, 2
23, 95, 0, 60, 3, 21, 42, 0, 84, 16, 100, 53, 74, 85, 30, 100, 0
100, 100, 83, 85, 63, 60, 44, 34, 32, 6, 50, 0, 36, 21, 0, 15, 6
38, 87, 11, 47, 18, 2, 66, 0, 100, 35, 91, 80, 45, 100, 0, 83, 0
100, 88, 54, 76, 12, 80, 46, 100, 79, 84, 53, 54, 20, 28, 0, 0, 9
18, 64, 37, 100, 40, 99, 39, 59, 38, 19, 0, 0, 47, 0, 100, 1, 1
0, 95, 43, 100, 66, 65, 61, 25, 47, 0, 11, 32, 41, 44, 100, 55, 7
0, 95, 25, 72, 100, 84, 30, 100, 23, 81, 100, 66, 78, 30, 33, 0, 9
0, 90, 43, 100, 74, 81, 71, 57, 49, 35, 19, 13, 43, 0, 100, 1, 2
0, 54, 0, 72, 42, 90, 91, 100, 100, 76, 74, 51, 48, 26, 26, 0, 1
96, 100, 51, 75, 19, 48, 0, 19, 41, 0, 100, 17, 81, 43, 8, 42, 6
0, 73, 28, 100, 68, 87, 69, 44, 63, 1, 45, 0, 54, 23, 100, 32, 7
0, 69, 2, 99, 41, 100, 56, 72, 35, 42, 23, 11, 60, 0, 100, 1, 2
80, 65, 100, 100, 86, 82, 72, 43, 53, 6, 0, 0, 41, 2, 97, 1, 1
59, 100, 10, 71, 99, 78, 31, 96, 0, 45, 41, 0, 100, 35, 23, 61, 8
55, 100, 32, 80, 0, 55, 61, 62, 100, 74, 52, 84, 42, 41, 28, 0, 4
0, 93, 33, 100, 74, 83, 84, 43, 79, 1, 59, 0, 51, 24, 100, 29, 7
100, 100, 59, 90, 36, 62, 19, 33, 10, 3, 42, 0, 42, 27, 0, 37, 6
75, 75, 38, 100, 12, 64, 88, 31, 89, 0, 0, 20, 29, 62, 100, 96, 8
15, 89, 34, 53, 50, 13, 4, 0, 0, 43, 0, 87, 48, 98, 100, 100, 5
100, 97, 69, 100, 34, 69, 13, 33, 31, 0, 90, 4, 55, 24, 0, 10, 6
44, 86, 77, 100, 100, 85, 78, 63, 63, 40, 70, 14, 39, 0, 0, 2, 3
33, 100, 0, 78, 1, 36, 30, 0, 82, 6, 100, 46, 80, 85, 28, 96, 0
28, 63, 25, 25, 51, 0, 85, 27, 100, 69, 72, 99, 30, 100, 0, 71, 0
23, 78, 51, 100, 100, 78, 70, 40, 40, 0, 78, 2, 37, 37, 0, 74, 8
0, 84, 50, 100, 100, 86, 70, 44, 49, 0, 21, 8, 20, 28, 84, 30, 7
0, 79, 40, 100, 87, 89, 66, 60, 82, 46, 100, 19, 56, 0, 4, 3, 3
100, 100, 69, 83, 36, 62, 11, 38, 0, 12, 39, 0, 70, 18, 26, 26, 6
53, 85, 95, 100, 100, 97, 58, 92, 19, 72, 38, 44, 39, 9, 0, 0, 5
40, 99, 0, 74, 1, 20, 44, 0, 88, 24, 100, 76, 60, 100, 21, 70, 0
10, 81, 61, 100, 100, 76, 64, 38, 35, 0, 83, 10, 51, 48, 0, 76, 8
23, 100, 25, 91, 0, 53, 19, 42, 92, 62, 88, 62, 97, 23, 100, 0, 4
10, 100, 0, 60, 14, 18, 60, 0, 100, 24, 96, 66, 58, 95, 19, 73, 0
79, 90, 100, 93, 63, 100, 82, 84, 99, 61, 87, 22, 44, 0, 0, 19, 9
13, 67, 40, 100, 65, 78, 37, 42, 0, 11, 6, 4, 60, 0, 100, 19, 2
0, 94, 68, 100, 89, 68, 72, 33, 43, 0, 3, 21, 25, 50, 100, 58, 7
32, 96, 70, 100, 12, 95, 32, 66, 89, 62, 100, 22, 51, 0, 0, 16, 5
76, 100, 31, 87, 1, 52, 0, 14, 61, 0, 100, 27, 50, 42, 1, 21, 6
70, 84, 11, 76, 0, 91, 56, 100, 99, 83, 100, 55, 88, 28, 75, 0, 9
0, 39, 30, 69, 48, 100, 39, 69, 41, 35, 33, 5, 31, 2, 100, 0, 1
26, 98, 24, 49, 45, 13, 17, 0, 0, 35, 26, 72, 62, 91, 100, 100, 5
95, 76, 34, 80, 0, 97, 57, 100, 98, 80, 100, 53, 83, 25, 59, 0, 9
76, 67, 75, 100, 0, 77, 49, 40, 83, 0, 5, 12, 36, 52, 100, 87, 8
34, 100, 14, 83, 2, 66, 0, 48, 23, 34, 65, 30, 91, 17, 100, 0, 4
15, 70, 48, 100, 63, 89, 57, 56, 67, 24, 15, 1, 0, 0, 100, 0, 1
0, 89, 61, 100, 100, 85, 47, 65, 44, 47, 98, 29, 71, 4, 6, 0, 3
52, 87, 79, 100, 79, 75, 72, 49, 100, 29, 76, 8, 36, 0, 0, 7, 3
3, 74, 33, 100, 52, 71, 33, 34, 3, 2, 0, 4, 51, 0, 100, 1, 2
20, 57, 0, 20, 40, 0, 83, 23, 100, 62, 87, 100, 40, 88, 11, 53, 0
87, 74, 63, 100, 46, 71, 87, 82, 100, 54, 88, 17, 40, 1, 0, 0, 9
0, 73, 27, 86, 73, 100, 100, 98, 89, 72, 83, 46, 82, 20, 85, 0, 1
70, 100, 72, 97, 45, 57, 39, 13, 91, 0, 100, 39, 41, 44, 0, 11, 6
24, 100, 17, 56, 58, 34, 37, 0, 0, 23, 12, 59, 51, 85, 100, 93, 5
77, 96, 27, 100, 0, 67, 3, 27, 42, 0, 89, 12, 100, 52, 88, 90, 0
86, 100, 38, 76, 8, 48, 0, 20, 50, 0, 100, 18, 74, 45, 8, 57, 6
79, 89, 100, 100, 79, 83, 57, 67, 36, 50, 18, 34, 7, 17, 0, 0, 1
9, 74, 32, 100, 63, 84, 48, 48, 12, 19, 0, 13, 49, 4, 100, 0, 2
0, 89, 58, 100, 88, 87, 60, 44, 32, 0, 22, 3, 39, 33, 100, 40, 7
29, 94, 91, 100, 60, 92, 34, 70, 72, 65, 100, 31, 60, 0, 0, 13, 5
49, 100, 16, 85, 0, 64, 20, 47, 88, 51, 100, 43, 84, 22, 71, 0, 4
100, 100, 51, 81, 18, 54, 0, 24, 29, 0, 89, 11, 84, 36, 23, 28, 6
30, 73, 81, 71, 82, 100, 33, 91, 81, 68, 100, 35, 55, 9, 0, 0, 9
35, 100, 27, 68, 0, 37, 65, 42, 100, 60, 100, 66, 96, 32, 96, 0, 4
0, 97, 51, 100, 65, 88, 46, 44, 42, 0, 9, 29, 40, 34, 100, 40, 7
67, 100, 27, 73, 4, 41, 6, 6, 60, 0, 100, 24, 52, 37, 0, 22, 6
0, 88, 45, 100, 81, 79, 80, 43, 72, 7, 58, 0, 47, 23, 100, 24, 7
0, 100, 46, 98, 95, 82, 95, 41, 84, 0, 49, 9, 45, 22, 100, 28, 7
53, 100, 16, 78, 0, 47, 59, 38, 100, 63, 86, 58, 58, 29, 29, 0, 4
72, 74, 63, 100, 0, 78, 67, 42, 100, 0, 15, 4, 38, 47, 95, 80, 8
0, 75, 15, 100, 47, 91, 41, 64, 27, 38, 16, 11, 53, 1, 100, 0, 2
5, 58, 39, 100, 47, 99, 41, 42, 12, 0, 0, 5, 55, 4, 100, 6, 1
19, 92, 38, 100, 59, 68, 44, 31, 18, 0, 0, 35, 50, 39, 100, 45, 7
0, 33, 35, 52, 66, 75, 96, 100, 100, 96, 79, 66, 61, 33, 49, 0, 1
38, 86, 66, 100, 100, 94, 70, 74, 71, 39, 70, 7, 35, 0, 0, 3, 3
6, 76, 44, 71, 89, 100, 0, 95, 27, 79, 100, 81, 91, 40, 97, 0, 9
0, 96, 51, 100, 100, 96, 70, 63, 49, 27, 32, 0, 16, 36, 69, 51, 7
79, 80, 39, 100, 45, 57, 60, 15, 8, 0, 0, 34, 55, 56, 100, 75, 8
51, 82, 100, 100, 54, 76, 0, 54, 8, 32, 84, 45, 49, 25, 27, 0, 4
0, 98, 42, 100, 73, 70, 60, 31, 35, 0, 5, 27, 52, 32, 100, 24, 7
100, 100, 71, 93, 38, 65, 16, 33, 29, 0, 76, 7, 35, 19, 0, 14, 6
39, 100, 31, 68, 0, 39, 56, 41, 100, 50, 95, 61, 92, 29, 92, 0, 4
0, 46, 37, 65, 74, 85, 100, 100, 82, 74, 63, 49, 40, 24, 15, 0, 1
35, 93, 23, 80, 0, 41, 2, 0, 55, 3, 92, 34, 100, 75, 61, 100, 0
21, 98, 27, 71, 57, 35, 27, 0, 6, 22, 0, 60, 21, 95, 100, 100, 5
1, 66, 8, 100, 29, 77, 22, 35, 0, 2, 31, 0, 65, 4, 100, 10, 2
65, 95, 100, 100, 45, 82, 47, 73, 94, 59, 87, 25, 39, 0, 0, 8, 5
28, 98, 77, 100, 89, 65, 67, 27, 35, 0, 0, 17, 48, 29, 100, 30, 7
34, 92, 16, 51, 39, 9, 84, 0, 100, 43, 79, 85, 35, 100, 0, 70, 0
0, 93, 70, 100, 100, 88, 95, 70, 75, 52, 70, 34, 55, 17, 45, 0, 1
34, 95, 78, 100, 100, 83, 65, 63, 91, 37, 91, 11, 46, 0, 0, 5, 3
72, 100, 34, 82, 0, 59, 51, 53, 100, 48, 99, 51, 71, 26, 51, 0, 4
74, 100, 47, 82, 54, 43, 54, 4, 0, 0, 28, 31, 78, 55, 100, 89, 8
0, 100, 62, 99, 100, 74, 88, 39, 71, 5, 43, 0, 20, 17, 100, 27, 7
76, 97, 38, 71, 44, 34, 36, 0, 0, 24, 54, 52, 100, 82, 62, 100, 8
85, 90, 31, 100, 31, 64, 88, 80, 98, 71, 100, 32, 65, 0, 0, 13, 9
0, 93, 62, 100, 74, 85, 53, 42, 49, 0, 1, 31, 28, 37, 100, 40, 7
0, 68, 50, 100, 57, 96, 56, 54, 56, 13, 36, 6, 1, 0, 100, 1, 1
73, 74, 80, 100, 23, 65, 0, 22, 57, 0, 100, 38, 91, 82, 23, 73, 0
40, 95, 16, 58, 100, 52, 90, 10, 12, 0, 0, 48, 8, 89, 94, 100, 5
63, 92, 100, 100, 77, 85, 54, 69, 34, 52, 17, 35, 3, 17, 0, 0, 1
24, 78, 43, 100, 54, 75, 30, 43, 0, 16, 27, 4, 66, 0, 100, 22, 2
100, 97, 64, 100, 35, 79, 29, 42, 74, 44, 82, 17, 43, 0, 0, 3, 5
100, 100, 62, 80, 34, 58, 13, 34, 0, 10, 36, 0, 57, 21, 9, 24, 6
21, 88, 24, 41, 78, 40, 53, 0, 14, 20, 0, 70, 44, 96, 100, 100, 5
71, 63, 88, 100, 14, 97, 0, 58, 76, 60, 100, 77, 60, 39, 23, 0, 9
25, 68, 68, 43, 61, 0, 4, 9, 42, 48, 100, 82, 68, 100, 0, 74, 8
19, 59, 22, 8, 60, 0, 92, 31, 100, 78, 65, 100, 27, 88, 0, 51, 0
42, 68, 0, 73, 1, 95, 44, 100, 82, 87, 100, 59, 91, 29, 74, 0, 9
49, 92, 37, 76, 62, 35, 30, 0, 0, 28, 52, 59, 100, 91, 42, 100, 8
41, 77, 70, 100, 100, 78, 67, 50, 76, 38, 93, 11, 44, 0, 0, 5, 3
14, 67, 29, 100, 54, 72, 35, 32, 0, 4, 17, 10, 59, 0, 100, 3, 2
28, 93, 31, 53, 54, 15, 0, 0, 11, 36, 61, 67, 100, 100, 30, 98, 8
34, 69, 54, 100, 62, 68, 36, 34, 0, 8, 6, 10, 52, 3, 100, 0, 2
12, 100, 25, 89, 17, 37, 40, 0, 0, 10, 7, 54, 51, 72, 100, 81, 5
14, 90, 51, 100, 68, 78, 71, 53, 100, 34, 79, 11, 41, 1, 0, 0, 3
32, 86, 49, 100, 100, 96, 73, 72, 67, 48, 89, 22, 52, 2, 0, 0, 3
29, 100, 12, 57, 42, 33, 26, 0, 0, 33, 11, 71, 53, 88, 100, 91, 5
13, 85, 21, 100, 57, 83, 44, 58, 71, 38, 100, 17, 57, 2, 0, 0, 3
0, 81, 25, 100, 69, 85, 70, 42, 59, 0, 22, 18, 49, 38, 100, 42, 7
34, 91, 8, 49, 26, 2, 72, 0, 100, 42, 86, 93, 42, 100, 0, 75, 0
100, 100, 52, 98, 19, 69, 0, 34, 10, 0, 58, 8, 54, 41, 16, 29, 6
0, 66, 15, 91, 64, 100, 70, 76, 49, 51, 32, 24, 45, 1, 100, 0, 2
0, 52, 44, 69, 79, 91, 100, 100, 88, 74, 72, 49, 57, 23, 51, 0, 1
100, 100, 52, 92, 20, 65, 0, 36, 12, 6, 71, 0, 90, 24, 34, 25, 6
0, 98, 54, 100, 70, 84, 67, 65, 80, 45, 100, 27, 94, 9, 44, 0, 3
0, 94, 56, 100, 59, 78, 44, 39, 36, 0, 15, 25, 44, 38, 100, 42, 7
37, 97, 84, 100, 92, 69, 51, 48, 4, 35, 0, 18, 49, 7, 100, 0, 2
2, 85, 40, 100, 81, 72, 64, 26, 38, 0, 0, 35, 46, 38, 100, 39, 7
19, 84, 63, 100, 100, 93, 60, 73, 74, 51, 96, 30, 50, 13, 0, 0, 3
70, 100, 52, 85, 22, 62, 0, 39, 70, 40, 100, 49, 78, 25, 66, 0, 4
11, 72, 38, 100, 53, 72, 34, 35, 5, 3, 0, 1, 52, 0, 100, 1, 2
95, 67, 69, 100, 26, 94, 0, 51, 11, 7, 60, 0, 100, 28, 94, 75, 0
53, 65, 100, 93, 31, 100, 0, 69, 71, 60, 100, 64, 67, 32, 32, 0, 9
0, 62, 54, 76, 87, 98, 100, 100, 98, 75, 98, 50, 98, 24, 96, 0, 1
16, 76, 71, 94, 100, 100, 43, 83, 45, 52, 93, 28, 66, 2, 0, 0, 5
45, 100, 10, 66, 0, 26, 31, 0, 75, 29, 100, 66, 72, 95, 24, 74, 0
100, 100, 58, 88, 22, 63, 0, 31, 8, 0, 56, 9, 59, 39, 7, 47, 6
25, 100, 75, 99, 78, 57, 63, 13, 42, 0, 0, 29, 47, 41, 100, 36, 7
3, 72, 26, 100, 50, 80, 31, 48, 0, 19, 13, 12, 65, 0, 100, 17, 2
100, 100, 61, 83, 94, 89, 91, 71, 93, 40, 93, 11, 47, 2, 0, 0, 9
42, 92, 85, 75, 83, 100, 47, 86, 99, 69, 100, 31, 54, 7, 0, 0, 9
15, 46, 48, 82, 66, 100, 59, 48, 37, 7, 0, 2, 51, 0, 100, 6, 1
41, 83, 28, 54, 100, 50, 76, 12, 7, 0, 0, 41, 14, 84, 87, 100, 5
100, 100, 48, 91, 15, 64, 0, 32, 13, 0, 60, 6, 56, 36, 20, 21, 6
80, 100, 33, 88, 73, 91, 82, 78, 97, 52, 100, 26, 57, 8, 0, 0, 9
71, 95, 37, 79, 0, 47, 90, 47, 100, 68, 75, 100, 63, 50, 66, 0, 4
8, 90, 39, 61, 44, 20, 0, 0, 11, 37, 55, 67, 100, 96, 57, 100, 8
48, 52, 100, 77, 45, 100, 4, 70, 63, 53, 81, 53, 62, 12, 0, 0, 9
33, 90, 21, 49, 63, 32, 27, 0, 0, 14, 9, 64, 52, 89, 100, 100, 5
23, 73, 45, 100, 46, 89, 40, 57, 28, 26, 0, 0, 49, 6, 100, 7, 1
27, 94, 15, 45, 36, 0, 82, 7, 100, 52, 81, 98, 32, 100, 0, 62, 0
0, 60, 5, 56, 52, 79, 100, 100, 81, 75, 67, 50, 57, 24, 71, 0, 1
0, 82, 32, 100, 55, 67, 52, 21, 41, 0, 16, 36, 58, 47, 100, 48, 7
100, 100, 77, 76, 49, 53, 26, 30, 20, 6, 77, 0, 51, 17, 0, 10, 6
100, 100, 57, 85, 27, 63, 5, 39, 0, 14, 35, 0, 66, 20, 27, 29, 6
100, 87, 19, 100, 17, 67, 92, 39, 75, 0, 0, 20, 29, 60, 94, 92, 8
0, 15, 32, 39, 66, 68, 96, 99, 100, 100, 81, 67, 65, 34, 52, 0, 1
100, 100, 59, 81, 25, 53, 6, 22, 38, 0, 88, 17, 42, 24, 0, 9, 6
46, 85, 80, 100, 83, 70, 52, 48, 100, 39, 91, 10, 43, 0, 0, 6, 3
19, 81, 0, 39, 22, 0, 77, 17, 100, 57, 85, 100, 33, 98, 28, 56, 0
29, 90, 77, 100, 92, 80, 44, 59, 64, 45, 100, 19, 53, 2, 0, 0, 3
26, 98, 14, 82, 0, 37, 32, 0, 91, 14, 100, 59, 71, 100, 25, 99, 0
56, 73, 35, 83, 0, 91, 39, 100, 79, 91, 100, 63, 96, 31, 81, 0, 9
27, 96, 0, 65, 4, 24, 53, 0, 94, 29, 100, 71, 62, 100, 9, 83, 0
1, 72, 20, 100, 42, 73, 32, 37, 5, 6, 0, 2, 51, 1, 100, 0, 2
13, 69, 37, 100, 52, 73, 32, 37, 0, 9, 15, 12, 59, 0, 100, 5, 2
16, 98, 10, 90, 0, 42, 27, 0, 85, 9, 100, 55, 69, 98, 11, 100, 0
18, 100, 80, 95, 90, 61, 52, 26, 26, 0, 100, 16, 79, 32, 0, 36, 7
0, 94, 70, 100, 83, 85, 67, 43, 56, 0, 35, 9, 33, 29, 100, 34, 7
50, 100, 34, 84, 0, 57, 49, 44, 96, 52, 97, 58, 93, 23, 100, 0, 4
13, 68, 27, 100, 56, 86, 34, 44, 0, 9, 0, 0, 50, 0, 100, 8, 2
100, 100, 58, 82, 26, 53, 6, 21, 38, 0, 88, 15, 57, 36, 0, 29, 6
18, 82, 22, 100, 39, 68, 27, 30, 0, 1, 23, 8, 67, 0, 100, 20, 2
24, 100, 10, 59, 49, 35, 21, 0, 2, 21, 0, 64, 46, 85, 100, 87, 5
2, 78, 35, 100, 88, 85, 47, 58, 100, 50, 98, 15, 43, 0, 0, 23, 3
0, 79, 33, 100, 63, 82, 44, 49, 14, 22, 19, 1, 59, 1, 100, 0, 2
28, 81, 44, 54, 92, 34, 54, 1, 0, 0, 18, 45, 45, 86, 100, 100, 5
77, 100, 32, 78, 0, 55, 7, 34, 86, 42, 100, 46, 57, 24, 39, 0, 4
32, 77, 52, 100, 91, 90, 79, 61, 100, 38, 95, 11, 43, 0, 0, 17, 3
38, 100, 73, 98, 71, 69, 78, 46, 100, 20, 77, 0, 38, 0, 0, 6, 3
80, 100, 37, 76, 10, 50, 0, 22, 39, 0, 100, 13, 68, 37, 2, 46, 6
100, 98, 100, 100, 71, 83, 50, 66, 36, 50, 21, 33, 0, 16, 7, 0, 1
100, 99, 68, 100, 32, 70, 10, 35, 20, 0, 76, 4, 59, 31, 0, 23, 6
11, 100, 16, 66, 27, 32, 0, 0, 14, 28, 64, 59, 100, 92, 39, 97, 8
41, 100, 4, 73, 26, 49, 80, 61, 100, 85, 63, 58, 29, 29, 0, 0, 4
28, 94, 100, 100, 100, 96, 22, 90, 15, 58, 86, 51, 65, 0, 0, 8, 5
100, 100, 60, 90, 26, 62, 0, 31, 12, 0, 62, 4, 60, 33, 9, 36, 6
63, 100, 14, 72, 0, 41, 87, 41, 100, 62, 63, 74, 60, 36, 52, 0, 4
19, 72, 42, 99, 100, 100, 88, 71, 57, 53, 79, 23, 42, 0, 0, 15, 3
63, 90, 100, 100, 62, 84, 42, 58, 82, 46, 79, 17, 42, 3, 0, 0, 5
4, 65, 28, 100, 38, 100, 36, 61, 38, 22, 0, 0, 42, 5, 100, 8, 1
0, 64, 43, 78, 81, 100, 100, 98, 95, 73, 88, 49, 81, 24, 83, 0, 1
80, 98, 100, 92, 64, 100, 76, 76, 93, 65, 85, 18, 44, 0, 0, 15, 9
50, 71, 74, 100, 100, 81, 75, 47, 42, 17, 0, 1, 39, 11, 91, 0, 2
54, 96, 33, 71, 73, 34, 30, 0, 0, 29, 49, 65, 100, 100, 31, 98, 8
49, 100, 25, 79, 0, 48, 84, 46, 100, 64, 66, 70, 57, 35, 56, 0, 4
3, 94, 51, 100, 100, 100, 72, 79, 51, 56, 68, 30, 46, 9, 0, 0, 3
6, 100, 51, 92, 57, 56, 45, 21, 22, 0, 0, 31, 48, 39, 100, 40, 7
74, 100, 49, 87, 12, 56, 0, 23, 44, 0, 100, 17, 42, 34, 2, 20, 6
26, 80, 42, 100, 57, 69, 34, 30, 0, 0, 9, 20, 54, 27, 100, 26, 2
41, 90, 11, 65, 0, 23, 33, 0, 77, 23, 100, 60, 88, 100, 41, 96, 0
60, 100, 32, 69, 0, 37, 42, 29, 100, 29, 85, 51, 68, 38, 60, 0, 4
0, 82, 33, 100, 77, 93, 50, 66, 71, 47, 100, 24, 58, 7, 11, 0, 3
42, 100, 19, 71, 0, 40, 50, 25, 100, 35, 99, 60, 68, 31, 49, 0, 4
34, 100, 17, 85, 0, 38, 27, 0, 82, 9, 100, 53, 60, 87, 5, 89, 0
0, 50, 45, 74, 84, 100, 73, 68, 63, 34, 34, 7, 32, 3, 100, 0, 1
0, 4, 29, 27, 55, 56, 79, 85, 100, 100, 84, 67, 69, 34, 62, 0, 1
0, 84, 31, 100, 81, 98, 73, 74, 87, 51, 100, 29, 67, 10, 17, 0, 3
16, 100, 6, 51, 58, 34, 24, 0, 3, 29, 0, 81, 46, 99, 100, 99, 5
41, 91, 53, 62, 95, 30, 52, 0, 14, 16, 0, 53, 17, 87, 100, 100, 5
33, 100, 14, 97, 0, 80, 9, 61, 39, 48, 74, 36, 92, 18, 100, 0, 4
100, 100, 78, 98, 34, 69, 6, 36, 15, 1, 77, 0, 68, 32, 0, 28, 6
100, 79, 59, 100, 17, 73, 0, 35, 22, 0, 76, 5, 59, 34, 19, 16, 6
17, 92, 55, 100, 69, 71, 38, 50, 0, 38, 23, 25, 61, 13, 100, 0, 2
100, 89, 55, 100, 17, 72, 0, 31, 26, 0, 67, 22, 40, 48, 13, 21, 6
54, 92, 11, 60, 0, 17, 50, 0, 95, 29, 100, 72, 58, 100, 15, 72, 0
2, 96, 63, 100, 60, 81, 54, 62, 73, 43, 100, 26, 62, 10, 0, 0, 3
90, 82, 46, 100, 38, 56, 97, 74, 92, 84, 100, 35, 62, 0, 0, 19, 9
0, 78, 57, 74, 91, 100, 10, 94, 23, 74, 100, 80, 86, 40, 85, 0, 9
100, 100, 63, 82, 35, 63, 10, 43, 0, 21, 14, 0, 63, 2, 35, 11, 6
0, 97, 46, 100, 68, 71, 62, 34, 43, 0, 22, 14, 49, 29, 100, 31, 7
73, 100, 38, 88, 11, 74, 0, 55, 23, 40, 62, 31, 95, 18, 100, 0, 4
16, 89, 1, 48, 23, 9, 72, 0, 100, 34, 87, 76, 45, 100, 0, 83, 0
74, 100, 10, 93, 15, 69, 77, 80, 78, 66, 100, 30, 66, 4, 0, 0, 9
51, 88, 58, 54, 87, 20, 66, 0, 25, 30, 0, 63, 31, 94, 100, 100, 5
42, 100, 4, 70, 0, 34, 60, 32, 100, 57, 98, 71, 70, 35, 47, 0, 4
0, 69, 39, 100, 82, 84, 70, 40, 41, 0, 6, 13, 44, 41, 100, 40, 7
0, 75, 4, 98, 64, 100, 100, 92, 72, 70, 46, 48, 27, 24, 25, 0, 7
93, 100, 50, 87, 100, 91, 93, 70, 91, 44, 89, 18, 57, 1, 0, 0, 9
0, 64, 15, 76, 63, 97, 100, 100, 85, 74, 74, 49, 67, 23, 89, 0, 1
95, 86, 64, 100, 61, 78, 95, 99, 100, 60, 83, 21, 44, 2, 0, 0, 9
63, 79, 67, 100, 100, 100, 84, 73, 69, 50, 73, 23, 41, 4, 0, 0, 3
17, 99, 30, 100, 0, 53, 14, 4, 83, 0, 100, 46, 28, 55, 6, 13, 6
90, 79, 70, 100, 0, 74, 51, 37, 100, 0, 22, 10, 56, 50, 79, 87, 8
0, 66, 16, 93, 83, 100, 91, 73, 62, 46, 22, 21, 28, 0, 100, 3, 2
43, 100, 0, 74, 15, 46, 100, 43, 95, 69, 72, 74, 67, 37, 64, 0, 4
0, 81, 50, 53, 100, 25, 69, 0, 28, 24, 44, 54, 78, 84, 39, 100, 8
12, 84, 0, 63, 8, 16, 46, 0, 88, 15, 100, 59, 71, 94, 29, 100, 0
36, 70, 68, 100, 67, 89, 57, 49, 36, 13, 0, 0, 50, 5, 100, 8, 1
5, 100, 45, 90, 41, 45, 36, 0, 3, 14, 0, 39, 49, 48, 100, 55, 7
85, 91, 27, 82, 0, 48, 8, 13, 64, 0, 100, 30, 95, 66, 73, 100, 0
14, 93, 1, 80, 0, 37, 31, 0, 86, 21, 100, 62, 69, 99, 6, 100, 0
100, 100, 60, 79, 27, 54, 2, 26, 10, 0, 54, 16, 34, 40, 0, 21, 6
24, 74, 46, 100, 67, 72, 61, 38, 34, 8, 0, 0, 47, 7, 100, 5, 2
16, 100, 0, 56, 21, 15, 62, 0, 100, 22, 97, 69, 62, 98, 25, 82, 0
100, 83, 54, 100, 23, 73, 70, 65, 89, 68, 89, 26, 51, 0, 0, 12, 9
34, 87, 66, 100, 80, 78, 77, 53, 100, 29, 72, 6, 34, 0, 0, 13, 3
70, 91, 88, 79, 74, 100, 77, 79, 100, 51, 93, 13, 43, 0, 0, 19, 9
51, 100, 24, 86, 6, 67, 0, 47, 27, 33, 69, 31, 100, 20, 97, 0, 4
84, 100, 16, 87, 88, 59, 100, 23, 19, 0, 0, 31, 39, 67, 21, 96, 8
15, 78, 2, 43, 20, 5, 69, 0, 100, 34, 92, 73, 53, 99, 0, 100, 0
87, 100, 43, 78, 13, 52, 0, 24, 31, 0, 91, 10, 100, 37, 41, 41, 6
6, 73, 36, 100, 45, 66, 31, 30, 0, 0, 5, 10, 52, 7, 100, 9, 2
74, 100, 100, 96, 78, 80, 52, 64, 30, 48, 13, 32, 4, 16, 0, 0, 1
36, 100, 3, 72, 0, 45, 62, 50, 100, 61, 95, 63, 97, 30, 97, 0, 4
100, 100, 66, 90, 29, 63, 0, 31, 13, 0, 67, 4, 78, 35, 29, 46, 6
100, 99, 60, 100, 22, 65, 0, 27, 31, 0, 87, 23, 62, 54, 7, 37, 6
0, 78, 40, 82, 69, 100, 61, 69, 62, 37, 66, 6, 18, 0, 100, 5, 1
100, 100, 56, 91, 21, 60, 7, 24, 41, 0, 76, 29, 50, 57, 0, 44, 6
12, 97, 48, 100, 69, 69, 55, 33, 35, 0, 0, 25, 46, 35, 100, 39, 7
98, 100, 50, 84, 12, 55, 0, 21, 48, 0, 100, 22, 43, 32, 14, 15, 6
100, 100, 44, 83, 11, 53, 0, 20, 35, 0, 89, 16, 76, 41, 20, 35, 6
100, 100, 59, 80, 22, 53, 8, 18, 39, 0, 80, 24, 47, 45, 0, 37, 6
25, 85, 16, 59, 43, 22, 0, 0, 22, 34, 73, 66, 100, 100, 25, 89, 8
98, 100, 51, 87, 15, 59, 0, 29, 22, 0, 100, 6, 85, 34, 10, 49, 6
75, 100, 38, 82, 74, 82, 80, 71, 96, 46, 100, 20, 54, 4, 0, 0, 9
3, 67, 43, 91, 57, 100, 49, 63, 36, 27, 0, 0, 43, 4, 100, 5, 1
97, 86, 61, 100, 54, 71, 98, 85, 100, 64, 87, 25, 48, 0, 0, 2, 9
0, 60, 20, 68, 59, 85, 100, 100, 86, 76, 67, 50, 49, 26, 39, 0, 1
21, 80, 8, 35, 35, 0, 77, 7, 100, 45, 77, 88, 37, 100, 0, 76, 0
39, 94, 26, 62, 93, 41, 67, 0, 7, 6, 0, 51, 18, 90, 100, 100, 5
0, 67, 44, 83, 93, 100, 100, 92, 83, 70, 68, 46, 66, 23, 73, 0, 1
0, 100, 52, 99, 100, 92, 74, 57, 58, 19, 49, 0, 37, 39, 87, 45, 7
41, 84, 68, 100, 87, 76, 63, 59, 100, 38, 89, 7, 40, 0, 0, 14, 3
20, 95, 27, 64, 54, 30, 34, 0, 14, 33, 0, 71, 41, 95, 100, 100, 5
0, 64, 23, 100, 74, 84, 75, 42, 61, 0, 6, 1, 36, 30, 100, 37, 7
0, 67, 42, 81, 94, 100, 100, 86, 77, 64, 61, 42, 45, 21, 52, 0, 1
44, 80, 68, 100, 94, 84, 72, 55, 100, 29, 79, 5, 35, 0, 0, 17, 3
100, 100, 68, 97, 16, 90, 8, 56, 53, 57, 83, 36, 52, 8, 0, 0, 5
0, 77, 58, 73, 82, 100, 15, 94, 38, 74, 100, 71, 80, 35, 67, 0, 9
100, 100, 58, 78, 23, 55, 0, 30, 5, 3, 60, 0, 95, 22, 47, 32, 6
61, 100, 19, 87, 0, 51, 94, 47, 100, 75, 61, 94, 52, 47, 58, 0, 4
70, 100, 34, 72, 0, 44, 58, 42, 100, 64, 91, 61, 68, 30, 43, 0, 4
0, 91, 30, 60, 100, 30, 100, 0, 22, 23, 43, 54, 96, 85, 26, 100, 8
100, 47, 85, 86, 43, 100, 7, 73, 0, 28, 31, 0, 70, 22, 78, 61, 0
93, 96, 37, 100, 45, 62, 100, 83, 90, 81, 90, 38, 63, 0, 0, 10, 9
94, 97, 0, 90, 60, 56, 100, 18, 29, 0, 32, 38, 85, 74, 51, 100, 8
0, 90, 1, 77, 32, 100, 88, 99, 100, 91, 77, 59, 65, 24, 62, 0, 7
50, 90, 33, 62, 73, 32, 55, 0, 27, 33, 0, 66, 27, 95, 100, 100, 5
11, 100, 49, 67, 100, 35, 93, 0, 49, 16, 69, 53, 78, 90, 0, 89, 8
100, 78, 67, 100, 25, 78, 64, 67, 94, 66, 93, 26, 54, 0, 0, 1, 9
80, 100, 31, 87, 78, 45, 87, 0, 0, 2, 33, 45, 100, 83, 36, 79, 8
6, 61, 33, 100, 61, 76, 39, 27, 0, 1, 17, 3, 61, 0, 100, 3, 2
0, 65, 42, 92, 72, 100, 61, 62, 57, 24, 25, 1, 41, 4, 100, 0, 1
22, 80, 59, 100, 85, 81, 41, 62, 92, 47, 100, 15, 49, 0, 0, 12, 3
100, 93, 68, 100, 40, 91, 56, 74, 88, 63, 63, 39, 31, 20, 0, 0, 5
0, 94, 51, 100, 73, 73, 51, 36, 24, 0, 10, 9, 38, 34, 100, 40, 7
25, 85, 54, 100, 78, 77, 61, 48, 100, 35, 80, 10, 36, 0, 0, 16, 3
78, 82, 26, 100, 0, 69, 77, 36, 66, 0, 7, 24, 70, 62, 100, 95, 8
69, 99, 25, 100, 34, 72, 84, 91, 84, 68, 100, 22, 57, 0, 0, 12, 9
97, 74, 79, 100, 37, 74, 59, 35, 35, 0, 0, 19, 41, 52, 100, 71, 8
37, 100, 0, 73, 30, 49, 100, 51, 86, 76, 57, 75, 47, 38, 44, 0, 4
12, 82, 55, 100, 81, 88, 51, 61, 99, 51, 100, 21, 56, 2, 0, 0, 3
100, 93, 75, 100, 47, 88, 33, 54, 68, 49, 79, 28, 43, 8, 0, 0, 5
8, 87, 0, 71, 24, 96, 88, 100, 100, 90, 84, 56, 68, 22, 53, 0, 7
88, 100, 39, 88, 11, 58, 0, 26, 35, 0, 100, 9, 84, 34, 12, 36, 6
0, 92, 43, 100, 78, 76, 81, 32, 58, 0, 26, 1, 56, 31, 100, 43, 7
0, 59, 33, 67, 67, 92, 88, 100, 71, 75, 67, 50, 67, 23, 100, 0, 1
0, 81, 33, 100, 68, 91, 38, 65, 11, 36, 20, 5, 60, 1, 100, 0, 2
0, 94, 62, 100, 92, 71, 80, 34, 52, 0, 21, 23, 34, 48, 100, 51, 7
44, 100, 21, 72, 0, 42, 35, 20, 100, 20, 99, 51, 78, 29, 58, 0, 4
70, 100, 17, 99, 0, 74, 53, 72, 78, 70, 100, 38, 84, 8, 32, 0, 9
65, 56, 100, 84, 48, 100, 0, 76, 45, 59, 77, 61, 42, 30, 19, 0, 9
81, 85, 52, 100, 38, 61, 87, 54, 100, 75, 87, 32, 50, 0, 0, 2, 9
15, 73, 46, 100, 72, 65, 44, 25, 0, 3, 13, 10, 62, 0, 100, 16, 2
0, 63, 20, 100, 57, 88, 45, 47, 14, 14, 8, 0, 53, 8, 100, 3, 2
84, 100, 54, 77, 58, 40, 48, 5, 0, 0, 12, 28, 60, 44, 100, 65, 8
47, 87, 100, 100, 50, 85, 17, 56, 62, 60, 88, 34, 52, 7, 0, 0, 5
16, 100, 0, 68, 5, 36, 57, 25, 100, 35, 78, 61, 47, 33, 34, 0, 4
0, 84, 34, 100, 100, 98, 88, 75, 80, 52, 100, 30, 80, 9, 20, 0, 3
42, 90, 24, 55, 80, 48, 51, 10, 0, 0, 9, 48, 43, 85, 100, 100, 5
32, 98, 12, 54, 24, 5, 71, 0, 100, 41, 91, 89, 43, 100, 0, 77, 0
28, 81, 71, 63, 100, 26, 32, 0, 0, 28, 42, 64, 85, 100, 12, 87, 8
49, 100, 16, 90, 0, 56, 79, 49, 100, 64, 57, 77, 48, 39, 47, 0, 4
14, 96, 0, 62, 53, 40, 65, 0, 26, 3, 17, 54, 33, 97, 100, 100, 5
15, 90, 58, 100, 100, 92, 71, 72, 53, 51, 66, 28, 48, 7, 0, 0, 3
100, 89, 61, 100, 47, 70, 85, 91, 97, 60, 85, 19, 45, 0, 0, 1, 9
0, 43, 32, 58, 67, 79, 100, 100, 89, 76, 76, 51, 63, 25, 59, 0, 1
36, 96, 29, 73, 71, 46, 47, 0, 0, 7, 15, 60, 41, 99, 100, 100, 5
19, 70, 0, 86, 46, 100, 94, 92, 100, 68, 83, 44, 59, 22, 41, 0, 9
100, 100, 79, 92, 36, 73, 4, 51, 52, 49, 54, 46, 24, 24, 0, 0, 4
41, 85, 62, 100, 52, 65, 30, 36, 0, 15, 33, 7, 68, 0, 100, 19, 2
16, 95, 100, 100, 22, 92, 2, 65, 24, 47, 96, 39, 75, 0, 0, 2, 5
94, 93, 6, 100, 17, 69, 100, 43, 79, 0, 0, 17, 17, 63, 88, 95, 8
43, 75, 62, 100, 91, 87, 77, 57, 100, 38, 87, 11, 42, 0, 0, 15, 3
0, 68, 23, 100, 35, 90, 31, 54, 20, 18, 7, 0, 53, 2, 100, 3, 1
40, 95, 100, 100, 32, 85, 10, 58, 78, 61, 87, 29, 43, 0, 0, 6, 5
49, 81, 50, 50, 85, 25, 42, 0, 0, 16, 15, 58, 44, 91, 100, 100, 5
58, 100, 0, 70, 9, 41, 97, 38, 100, 60, 66, 78, 55, 39, 53, 0, 4
30, 84, 63, 100, 90, 86, 67, 58, 100, 39, 75, 13, 36, 0, 0, 13, 3
50, 100, 35, 71, 17, 42, 12, 12, 56, 0, 100, 20, 54, 31, 0, 19, 6
56, 60, 100, 84, 44, 100, 0, 72, 66, 61, 85, 65, 68, 32, 53, 0, 9
1, 82, 42, 100, 64, 79, 42, 61, 96, 49, 100, 17, 48, 0, 0, 13, 3
16, 100, 0, 78, 5, 54, 41, 32, 93, 39, 100, 48, 91, 24, 89, 0, 4
89, 87, 38, 100, 17, 78, 80, 77, 100, 76, 92, 34, 61, 0, 0, 4, 9
100, 100, 55, 98, 26, 81, 40, 67, 78, 55, 74, 25, 43, 1, 0, 0, 5
0, 32, 29, 55, 63, 78, 100, 100, 90, 75, 88, 50, 84, 25, 80, 0, 1
41, 82, 77, 98, 100, 100, 59, 90, 28, 69, 54, 42, 39, 13, 0, 0, 5
0, 86, 37, 100, 95, 92, 87, 67, 55, 44, 18, 23, 32, 2, 100, 0, 2
43, 83, 42, 76, 52, 100, 46, 44, 36, 0, 0, 13, 50, 12, 100, 13, 1
0, 61, 24, 71, 62, 90, 100, 100, 86, 74, 68, 49, 51, 23, 41, 0, 1
60, 98, 34, 56, 99, 66, 74, 100, 58, 65, 100, 58, 66, 0, 0, 8, 9
23, 100, 15, 75, 0, 40, 60, 29, 94, 60, 100, 70, 86, 35, 78, 0, 4
76, 95, 23, 100, 36, 60, 68, 22, 23, 0, 0, 33, 46, 65, 100, 94, 8
57, 96, 3, 100, 27, 74, 62, 90, 86, 71, 100, 31, 63, 0, 0, 3, 9
61, 59, 100, 80, 66, 100, 15, 85, 0, 55, 55, 48, 87, 32, 71, 0, 9
35, 100, 26, 74, 0, 47, 54, 38, 100, 48, 91, 58, 84, 29, 74, 0, 4
26, 64, 39, 100, 44, 92, 43, 52, 39, 12, 0, 0, 47, 2, 100, 8, 1
1, 91, 50, 100, 58, 67, 32, 32, 16, 0, 0, 38, 40, 49, 100, 49, 7
36, 91, 62, 98, 100, 100, 44, 94, 1, 65, 46, 44, 51, 0, 0, 2, 5
17, 87, 12, 65, 64, 43, 52, 0, 0, 14, 4, 61, 35, 97, 100, 100, 5
86, 62, 64, 100, 0, 80, 40, 44, 92, 12, 29, 0, 41, 37, 100, 65, 8
14, 78, 45, 100, 62, 71, 34, 39, 0, 14, 15, 8, 58, 8, 100, 0, 2
49, 100, 54, 67, 95, 32, 47, 0, 4, 11, 0, 58, 31, 94, 100, 94, 5
0, 94, 44, 100, 80, 86, 57, 43, 33, 0, 28, 2, 41, 38, 100, 44, 7
16, 81, 32, 63, 56, 30, 17, 0, 0, 36, 5, 79, 36, 99, 100, 100, 5
23, 97, 0, 53, 20, 6, 66, 0, 100, 35, 98, 84, 53, 100, 9, 81, 0
88, 86, 28, 74, 34, 100, 82, 91, 95, 54, 100, 16, 60, 0, 0, 12, 9
0, 43, 30, 54, 60, 77, 91, 100, 100, 84, 86, 56, 74, 28, 70, 0, 1
0, 61, 32, 81, 74, 100, 100, 93, 97, 69, 97, 46, 95, 23, 91, 0, 1
27, 87, 18, 44, 33, 0, 79, 0, 100, 42, 82, 85, 32, 100, 0, 66, 0
48, 100, 24, 75, 5, 40, 2, 5, 59, 0, 100, 26, 43, 30, 0, 5, 6
0, 63, 19, 73, 58, 97, 65, 100, 58, 73, 50, 48, 54, 22, 100, 0, 1
15, 100, 0, 68, 39, 37, 19, 0, 1, 45, 6, 89, 53, 97, 100, 99, 5
17, 84, 64, 100, 97, 82, 66, 55, 60, 40, 100, 23, 60, 0, 0, 6, 3
29, 80, 53, 100, 7, 70, 0, 49, 83, 48, 100, 65, 61, 33, 29, 0, 4
54, 100, 35, 79, 0, 49, 19, 40, 89, 38, 100, 65, 81, 32, 65, 0, 4
100, 100, 58, 81, 24, 56, 0, 28, 11, 0, 64, 3, 62, 25, 7, 25, 6
0, 59, 59, 78, 100, 100, 96, 94, 63, 71, 37, 47, 11, 23, 0, 0, 1
53, 80, 72, 100, 100, 79, 76, 52, 67, 28, 89, 8, 45, 0, 0, 2, 3
26, 82, 68, 100, 100, 82, 72, 52, 70, 46, 90, 20, 48, 0, 0, 9, 3
0, 38, 30, 62, 48, 87, 76, 100, 79, 74, 76, 49, 76, 24, 100, 0, 1
0, 25, 52, 58, 76, 98, 15, 100, 54, 64, 100, 29, 49, 0, 9, 28, 8
34, 100, 24, 100, 0, 53, 8, 4, 59, 0, 100, 34, 69, 68, 14, 69, 0
50, 93, 4, 100, 38, 58, 100, 17, 25, 0, 0, 43, 54, 87, 6, 89, 8
72, 100, 25, 79, 0, 37, 26, 0, 79, 19, 100, 62, 67, 97, 22, 73, 0
50, 100, 31, 75, 0, 50, 40, 40, 94, 49, 100, 47, 62, 25, 33, 0, 4
69, 80, 93, 100, 93, 77, 63, 55, 100, 42, 79, 20, 41, 7, 0, 0, 3
73, 94, 26, 99, 0, 57, 16, 7, 64, 0, 100, 36, 94, 87, 48, 100, 0
72, 64, 54, 100, 24, 73, 54, 36, 45, 0, 0, 19, 41, 53, 100, 80, 8
26, 86, 20, 43, 37, 0, 87, 12, 100, 56, 74, 95, 22, 100, 0, 60, 0
100, 94, 73, 100, 40, 74, 13, 46, 0, 12, 38, 0, 67, 22, 20, 28, 6
5, 72, 32, 100, 83, 92, 73, 60, 44, 30, 0, 6, 39, 12, 100, 0, 2
56, 94, 21, 74, 100, 89, 29, 100, 0, 63, 2, 0, 74, 21, 20, 66, 8
13, 69, 78, 100, 100, 73, 59, 36, 11, 0, 87, 11, 87, 45, 0, 69, 8
37, 100, 28, 83, 10, 47, 16, 11, 66, 0, 100, 23, 51, 35, 0, 23, 6
96, 65, 63, 100, 0, 80, 35, 48, 87, 74, 100, 39, 75, 0, 0, 2, 9
0, 100, 3, 44, 33, 0, 75, 2, 100, 48, 74, 95, 32, 98, 12, 48, 0
0, 89, 39, 98, 87, 100, 85, 63, 77, 23, 72, 0, 53, 35, 100, 41, 7
95, 100, 56, 93, 18, 62, 0, 27, 37, 0, 100, 8, 74, 32, 15, 16, 6
43, 89, 79, 64, 79, 100, 32, 77, 88, 78, 100, 36, 69, 0, 0, 3, 9
45, 80, 69, 100, 85, 75, 57, 53, 100, 45, 81, 14, 33, 0, 0, 14, 3
51, 78, 81, 100, 86, 65, 53, 31, 10, 8, 0, 19, 50, 10, 100, 0, 2
100, 100, 55, 79, 19, 53, 0, 25, 26, 0, 89, 8, 75, 34, 7, 37, 6
14, 100, 75, 97, 74, 99, 21, 80, 42, 52, 100, 24, 51, 0, 0, 23, 5
100, 100, 53, 80, 22, 50, 5, 16, 46, 0, 92, 19, 51, 33, 0, 19, 6
0, 92, 46, 100, 100, 92, 78, 51, 59, 9, 38, 0, 30, 28, 95, 30, 7
38, 76, 0, 91, 39, 45, 75, 0, 24, 12, 58, 58, 100, 100, 37, 94, 8
55, 100, 39, 85, 12, 49, 17, 12, 78, 0, 100, 27, 41, 38, 0, 9, 6
8, 81, 42, 98, 92, 100, 100, 79, 63, 60, 65, 36, 44, 14, 0, 0, 3
3, 88, 0, 51, 16, 10, 64, 0, 98, 34, 100, 76, 56, 100, 5, 85, 0
42, 100, 0, 79, 24, 56, 91, 58, 100, 83, 75, 61, 60, 31, 49, 0, 4
0, 45, 26, 66, 62, 84, 100, 100, 80, 75, 57, 50, 36, 25, 18, 0, 1
0, 84, 42, 100, 59, 74, 42, 45, 10, 19, 1, 16, 55, 16, 100, 0, 2
0, 89, 36, 100, 58, 72, 54, 36, 56, 0, 28, 11, 48, 27, 100, 30, 7
100, 100, 55, 91, 21, 65, 0, 34, 17, 3, 66, 0, 69, 25, 19, 25, 6
16, 90, 0, 46, 67, 42, 88, 2, 29, 0, 7, 49, 18, 93, 100, 100, 5
87, 100, 54, 64, 0, 31, 9, 25, 96, 33, 100, 65, 70, 38, 41, 0, 4
98, 100, 40, 87, 9, 55, 0, 21, 47, 0, 100, 22, 39, 31, 7, 4, 6
39, 96, 57, 59, 100, 94, 34, 100, 61, 66, 78, 66, 71, 15, 0, 0, 9
0, 93, 41, 100, 57, 65, 47, 26, 21, 0, 2, 35, 51, 38, 100, 36, 7
83, 95, 6, 100, 20, 65, 100, 38, 83, 0, 0, 12, 12, 55, 36, 95, 8
18, 75, 51, 100, 65, 72, 41, 35, 8, 3, 0, 0, 50, 6, 100, 15, 2
32, 100, 19, 78, 0, 48, 49, 35, 100, 47, 98, 60, 75, 30, 59, 0, 4
18, 89, 100, 100, 53, 93, 10, 64, 53, 77, 96, 52, 68, 21, 0, 0, 5
13, 88, 0, 53, 17, 13, 67, 0, 100, 31, 91, 72, 51, 100, 5, 86, 0
100, 72, 58, 100, 0, 77, 46, 39, 62, 0, 24, 21, 69, 58, 69, 91, 8
62, 93, 16, 74, 0, 35, 21, 0, 77, 7, 100, 43, 83, 81, 33, 100, 0
39, 74, 65, 100, 65, 60, 38, 21, 0, 0, 23, 22, 62, 4, 100, 4, 2
100, 81, 23, 100, 0, 65, 56, 30, 45, 0, 25, 34, 89, 68, 94, 98, 8
0, 57, 24, 71, 64, 94, 100, 100, 92, 75, 80, 50, 76, 24, 84, 0, 1
78, 100, 26, 100, 0, 64, 3, 24, 46, 0, 93, 18, 100, 59, 87, 97, 0
0, 90, 50, 100, 100, 94, 84, 52, 62, 13, 42, 0, 40, 40, 92, 44, 7
23, 97, 0, 52, 11, 4, 61, 0, 100, 36, 99, 84, 50, 100, 5, 77, 0
59, 49, 48, 85, 100, 100, 95, 58, 55, 23, 0, 2, 21, 13, 82, 0, 2
6, 100, 60, 98, 62, 56, 35, 15, 45, 0, 100, 26, 69, 40, 0, 38, 7
4, 85, 64, 100, 96, 72, 68, 34, 44, 0, 100, 31, 87, 44, 0, 41, 7
0, 86, 51, 100, 81, 83, 47, 58, 80, 45, 100, 20, 58, 0, 1, 1, 3
59, 94, 8, 100, 17, 65, 90, 36, 76, 0, 0, 10, 48, 46, 100, 83, 8
31, 100, 12, 74, 0, 46, 55, 42, 100, 51, 78, 59, 78, 29, 83, 0, 4
41, 96, 6, 63, 0, 11, 48, 0, 92, 31, 100, 82, 51, 100, 18, 62, 0
7, 51, 31, 90, 93, 100, 99, 58, 59, 21, 0, 0, 35, 17, 100, 5, 2
37, 90, 73, 100, 100, 90, 64, 72, 83, 45, 83, 16, 43, 3, 0, 0, 3
100, 96, 46, 100, 79, 89, 82, 88, 82, 57, 87, 27, 57, 5, 0, 0, 9
100, 100, 53, 79, 19, 50, 0, 18, 36, 0, 74, 25, 52, 53, 2, 38, 6
100, 100, 51, 82, 17, 55, 0, 24, 32, 0, 83, 14, 77, 43, 25, 39, 6
69, 99, 13, 100, 0, 65, 54, 68, 70, 74, 100, 37, 74, 5, 17, 0, 9
22, 100, 16, 99, 0, 70, 11, 40, 78, 38, 100, 61, 97, 30, 94, 0, 4
0, 67, 28, 94, 91, 100, 90, 73, 69, 53, 100, 25, 61, 0, 11, 5, 3
6, 100, 0, 99, 0, 56, 65, 51, 100, 65, 60, 94, 52, 47, 53, 0, 4
39, 100, 17, 84, 0, 63, 8, 42, 42, 33, 79, 30, 100, 18, 78, 0, 4
46, 78, 79, 100, 100, 77, 68, 51, 28, 35, 0, 16, 43, 6, 89, 0, 2
97, 100, 77, 99, 31, 68, 0, 34, 14, 0, 100, 2, 94, 32, 14, 24, 6
26, 92, 64, 100, 100, 94, 79, 73, 61, 50, 64, 25, 37, 7, 0, 0, 3
7, 95, 54, 100, 100, 95, 76, 76, 49, 56, 47, 32, 43, 9, 0, 0, 3
16, 89, 13, 41, 65, 35, 26, 0, 0, 29, 2, 83, 53, 100, 100, 96, 5
100, 100, 61, 83, 25, 58, 5, 29, 20, 1, 75, 0, 57, 20, 0, 14, 6
21, 73, 45, 100, 85, 99, 69, 67, 100, 47, 90, 16, 46, 0, 0, 6, 3
34, 100, 0, 71, 5, 40, 75, 32, 100, 58, 94, 64, 80, 32, 64, 0, 4
37, 100, 0, 80, 16, 52, 100, 55, 82, 82, 52, 80, 53, 39, 58, 0, 4
38, 69, 60, 100, 60, 60, 35, 24, 0, 7, 28, 15, 65, 4, 100, 0, 2
29, 100, 9, 82, 0, 63, 6, 44, 39, 35, 77, 33, 100, 19, 96, 0, 4
0, 82, 26, 98, 59, 100, 67, 78, 55, 53, 49, 27, 65, 6, 100, 0, 2
5, 90, 55, 100, 78, 84, 31, 65, 71, 51, 100, 23, 52, 5, 0, 0, 3
