@relation penbased-3
@attribute At1 integer [0, 100]
@attribute At2 integer [0, 100]
@attribute At3 integer [0, 100]
@attribute At4 integer [0, 100]
@attribute At5 integer [0, 100]
@attribute At6 integer [0, 100]
@attribute At7 integer [0, 100]
@attribute At8 integer [0, 100]
@attribute At9 integer [0, 100]
@attribute At10 integer [0, 100]
@attribute At11 integer [0, 100]
@attribute At12 integer [0, 100]
@attribute At13 integer [0, 100]
@attribute At14 integer [0, 100]
@attribute At15 integer [0, 100]
@attribute At16 integer [0, 100]
@attribute Class {0, 1, 2, 3, 4, 5, 6, 7, 8, 9}
@inputs At1, At2, At3, At4, At5, At6, At7, At8, At9, At10, At11, At12, At13, At14, At15, At16
@outputs Class
@data
0, 89, 27, 100, 42, 75, 29, 45, 15, 15, 37, 0, 69, 2, 100, 6, 2
0, 67, 49, 83, 100, 100, 81, 80, 60, 60, 40, 40, 33, 20, 47, 0, 1
13, 89, 12, 50, 72, 38, 56, 0, 4, 17, 0, 61, 32, 94, 100, 100, 5
0, 0, 31, 15, 63, 30, 88, 52, 100, 79, 82, 100, 56, 82, 79, 64, 9
100, 79, 67, 100, 26, 76, 41, 38, 47, 0, 0, 8, 38, 38, 96, 58, 8
80, 100, 36, 100, 58, 80, 65, 82, 82, 47, 100, 14, 53, 0, 0, 7, 9
38, 51, 8, 66, 0, 19, 42, 0, 87, 26, 100, 71, 61, 100, 16, 84, 0
100, 100, 63, 78, 28, 53, 0, 27, 4, 0, 60, 1, 78, 22, 24, 21, 6
44, 66, 67, 100, 80, 62, 47, 25, 5, 0, 0, 3, 50, 4, 100, 7, 2
100, 98, 60, 100, 29, 73, 10, 41, 6, 6, 46, 0, 46, 27, 0, 30, 6
29, 38, 61, 60, 92, 83, 100, 100, 73, 76, 49, 50, 25, 25, 0, 0, 1
24, 100, 100, 99, 93, 78, 64, 48, 39, 17, 19, 0, 0, 31, 72, 38, 7
0, 70, 53, 88, 64, 100, 62, 78, 70, 57, 83, 36, 100, 14, 98, 0, 1
0, 48, 28, 64, 61, 82, 92, 100, 100, 84, 86, 56, 73, 28, 64, 0, 1
34, 79, 66, 100, 83, 72, 52, 51, 100, 49, 91, 13, 43, 0, 0, 14, 3
0, 94, 46, 100, 100, 97, 82, 62, 48, 30, 17, 0, 18, 34, 74, 38, 7
47, 100, 19, 81, 0, 58, 19, 39, 61, 38, 100, 42, 82, 23, 62, 0, 4
13, 78, 45, 100, 97, 87, 69, 58, 76, 47, 100, 15, 49, 0, 0, 19, 3
37, 100, 57, 91, 47, 50, 22, 20, 0, 17, 33, 17, 66, 4, 100, 0, 2
0, 76, 24, 100, 65, 97, 61, 63, 40, 31, 6, 5, 51, 2, 100, 0, 2
100, 100, 57, 78, 25, 53, 12, 26, 30, 0, 88, 7, 65, 28, 0, 21, 6
0, 58, 4, 67, 42, 83, 79, 100, 100, 98, 81, 66, 65, 34, 66, 0, 1
0, 36, 35, 56, 68, 78, 100, 100, 94, 76, 80, 51, 70, 25, 70, 0, 1
72, 83, 49, 100, 61, 58, 82, 17, 0, 0, 25, 33, 100, 61, 75, 92, 8
0, 96, 45, 98, 100, 100, 97, 83, 77, 62, 60, 39, 52, 17, 55, 0, 7
64, 100, 34, 73, 100, 39, 94, 3, 0, 0, 38, 38, 90, 74, 76, 95, 8
49, 86, 50, 100, 100, 96, 81, 66, 82, 40, 87, 9, 38, 0, 0, 22, 3
33, 100, 0, 66, 28, 40, 55, 12, 1, 0, 10, 46, 44, 84, 100, 92, 5
0, 84, 25, 100, 58, 74, 51, 37, 38, 0, 15, 20, 43, 33, 100, 32, 7
31, 100, 4, 70, 0, 37, 66, 36, 100, 50, 66, 68, 36, 34, 14, 0, 4
44, 89, 100, 100, 91, 93, 35, 79, 33, 55, 73, 29, 54, 0, 0, 11, 5
0, 57, 36, 83, 62, 100, 54, 64, 47, 28, 12, 0, 30, 2, 100, 3, 1
43, 97, 3, 69, 0, 20, 43, 0, 88, 23, 100, 70, 62, 100, 14, 84, 0
14, 86, 0, 58, 58, 63, 77, 21, 27, 0, 14, 55, 36, 93, 100, 100, 5
45, 70, 77, 35, 58, 0, 0, 10, 48, 42, 100, 71, 84, 100, 26, 81, 8
26, 74, 54, 100, 70, 70, 49, 37, 18, 7, 0, 7, 49, 15, 100, 0, 2
0, 95, 43, 100, 100, 93, 64, 62, 33, 29, 1, 0, 1, 36, 72, 36, 7
0, 100, 82, 95, 100, 79, 100, 64, 91, 48, 82, 32, 55, 15, 55, 0, 1
19, 74, 43, 100, 70, 80, 53, 53, 100, 42, 98, 12, 50, 0, 0, 4, 3
14, 99, 16, 67, 67, 33, 74, 0, 0, 17, 44, 48, 100, 77, 39, 100, 8
57, 68, 52, 100, 4, 71, 48, 37, 63, 0, 0, 13, 27, 49, 100, 78, 8
16, 38, 67, 29, 43, 0, 22, 25, 66, 57, 100, 94, 50, 100, 0, 74, 8
82, 100, 35, 78, 97, 39, 94, 0, 0, 1, 39, 42, 100, 81, 40, 94, 8
59, 85, 84, 100, 82, 79, 60, 56, 100, 48, 74, 28, 37, 14, 0, 0, 3
16, 78, 0, 100, 76, 92, 100, 78, 77, 35, 74, 0, 98, 32, 27, 38, 7
50, 91, 78, 100, 85, 74, 71, 61, 100, 38, 81, 10, 41, 0, 0, 4, 3
48, 99, 9, 100, 44, 82, 64, 89, 92, 56, 100, 18, 55, 0, 0, 5, 9
79, 100, 14, 81, 49, 39, 100, 0, 32, 0, 52, 55, 71, 100, 0, 71, 8
100, 100, 54, 89, 18, 61, 0, 27, 29, 0, 83, 11, 61, 35, 7, 25, 6
56, 60, 65, 100, 100, 83, 81, 39, 51, 0, 85, 16, 56, 50, 0, 55, 8
98, 89, 48, 100, 29, 65, 58, 25, 6, 0, 0, 31, 53, 63, 100, 91, 8
78, 72, 81, 100, 8, 91, 0, 55, 69, 59, 100, 71, 74, 33, 58, 0, 9
100, 100, 55, 88, 20, 61, 0, 28, 19, 0, 66, 14, 62, 43, 17, 43, 6
30, 76, 53, 100, 82, 74, 66, 39, 31, 12, 0, 3, 50, 3, 100, 0, 2
0, 86, 46, 100, 100, 76, 81, 38, 58, 0, 53, 6, 8, 38, 83, 40, 7
0, 81, 15, 100, 20, 76, 19, 52, 24, 28, 71, 21, 88, 23, 100, 0, 4
17, 100, 17, 69, 60, 36, 30, 0, 0, 20, 0, 73, 41, 91, 100, 92, 5
30, 100, 0, 78, 56, 82, 44, 78, 75, 51, 100, 22, 72, 0, 15, 7, 9
0, 90, 31, 100, 46, 72, 27, 42, 2, 17, 29, 4, 64, 2, 100, 0, 2
33, 69, 57, 100, 87, 75, 66, 39, 24, 15, 0, 15, 51, 14, 100, 0, 2
100, 75, 47, 100, 0, 79, 49, 41, 66, 0, 3, 25, 27, 66, 98, 91, 8
15, 90, 59, 100, 71, 74, 50, 55, 99, 42, 100, 13, 53, 0, 0, 10, 3
38, 96, 6, 60, 0, 19, 47, 0, 99, 25, 100, 65, 71, 100, 17, 85, 0
97, 100, 63, 90, 30, 56, 11, 20, 48, 0, 100, 22, 39, 27, 0, 4, 6
100, 100, 53, 82, 18, 57, 0, 29, 14, 0, 69, 1, 64, 20, 12, 7, 6
0, 78, 40, 100, 80, 86, 70, 42, 40, 7, 14, 0, 56, 18, 100, 3, 2
27, 66, 53, 100, 76, 77, 49, 40, 9, 13, 0, 15, 50, 5, 100, 0, 2
0, 95, 62, 100, 100, 82, 88, 50, 79, 19, 66, 0, 35, 27, 99, 37, 7
100, 89, 52, 100, 25, 71, 45, 34, 38, 0, 0, 17, 34, 47, 76, 71, 8
62, 100, 27, 82, 0, 51, 2, 19, 51, 0, 100, 18, 62, 40, 20, 22, 6
34, 66, 65, 100, 62, 99, 55, 61, 44, 23, 0, 0, 21, 3, 100, 2, 1
2, 85, 0, 58, 45, 34, 24, 0, 7, 28, 1, 69, 44, 93, 100, 100, 5
87, 100, 51, 81, 0, 45, 74, 46, 100, 66, 89, 90, 78, 44, 60, 0, 4
0, 90, 37, 98, 89, 100, 67, 52, 50, 0, 33, 18, 48, 40, 100, 47, 7
0, 94, 61, 100, 100, 77, 83, 44, 58, 13, 44, 0, 25, 29, 97, 36, 7
29, 71, 55, 100, 74, 75, 59, 39, 30, 9, 0, 8, 49, 0, 100, 2, 2
0, 88, 26, 100, 56, 86, 45, 51, 26, 19, 34, 0, 69, 2, 100, 10, 2
94, 77, 54, 100, 0, 74, 47, 52, 85, 76, 100, 38, 82, 0, 5, 0, 9
28, 86, 8, 60, 54, 45, 28, 0, 6, 20, 0, 70, 40, 98, 100, 100, 5
11, 84, 0, 34, 35, 0, 84, 19, 100, 67, 65, 100, 21, 70, 11, 24, 0
7, 86, 44, 100, 54, 70, 30, 39, 0, 13, 14, 4, 57, 2, 100, 0, 2
0, 98, 5, 73, 70, 39, 100, 0, 43, 9, 53, 50, 84, 90, 26, 100, 8
24, 86, 36, 55, 98, 77, 27, 100, 45, 81, 100, 49, 84, 10, 0, 0, 9
94, 95, 56, 100, 23, 67, 0, 29, 19, 0, 69, 16, 100, 50, 89, 90, 0
23, 100, 17, 81, 0, 48, 43, 33, 100, 39, 58, 66, 38, 34, 27, 0, 4
21, 68, 48, 83, 100, 100, 83, 80, 59, 60, 41, 40, 17, 19, 0, 0, 1
100, 75, 79, 100, 47, 82, 79, 84, 66, 64, 62, 23, 36, 0, 0, 5, 9
19, 100, 0, 52, 75, 73, 100, 28, 27, 0, 3, 46, 1, 94, 92, 99, 5
0, 93, 44, 100, 79, 72, 76, 35, 53, 0, 29, 2, 43, 28, 100, 32, 7
7, 100, 0, 73, 57, 81, 49, 80, 76, 52, 100, 23, 65, 0, 1, 2, 9
87, 100, 34, 81, 0, 53, 38, 32, 99, 49, 100, 53, 55, 27, 18, 0, 4
98, 100, 50, 76, 20, 42, 21, 5, 77, 0, 100, 34, 45, 37, 0, 10, 6
100, 100, 79, 89, 57, 75, 36, 60, 14, 44, 0, 29, 0, 13, 29, 0, 1
15, 66, 14, 100, 50, 89, 37, 51, 7, 18, 0, 12, 50, 8, 100, 0, 2
100, 100, 59, 92, 25, 65, 0, 33, 4, 0, 53, 2, 48, 30, 1, 33, 6
46, 84, 72, 100, 83, 83, 82, 60, 100, 36, 77, 12, 39, 0, 0, 3, 3
46, 99, 82, 100, 82, 72, 77, 56, 100, 31, 75, 7, 38, 0, 0, 6, 3
100, 100, 40, 83, 2, 51, 0, 16, 67, 9, 89, 38, 18, 32, 11, 0, 6
72, 100, 30, 84, 7, 61, 0, 37, 49, 30, 100, 42, 74, 23, 70, 0, 4
0, 100, 7, 88, 0, 58, 18, 34, 57, 30, 95, 39, 87, 24, 100, 0, 4
100, 100, 9, 95, 0, 52, 98, 26, 48, 0, 46, 45, 98, 90, 18, 71, 8
0, 85, 43, 100, 100, 95, 85, 74, 44, 57, 33, 37, 50, 16, 9, 0, 3
23, 84, 56, 100, 100, 93, 80, 73, 68, 51, 76, 28, 42, 12, 0, 0, 3
0, 97, 62, 100, 99, 84, 77, 50, 62, 15, 52, 0, 26, 33, 100, 38, 7
42, 98, 0, 69, 54, 36, 71, 0, 14, 16, 54, 54, 100, 91, 39, 100, 8
0, 79, 35, 100, 87, 99, 100, 71, 63, 46, 23, 24, 46, 4, 98, 0, 2
0, 100, 13, 84, 13, 52, 18, 22, 60, 23, 93, 39, 88, 30, 100, 0, 4
50, 91, 16, 70, 0, 30, 29, 0, 76, 24, 100, 62, 89, 100, 36, 85, 0
0, 73, 4, 100, 70, 100, 93, 70, 61, 38, 15, 12, 31, 0, 100, 6, 2
30, 63, 44, 100, 89, 96, 77, 56, 40, 24, 0, 11, 51, 19, 100, 0, 2
0, 82, 58, 100, 92, 74, 68, 38, 38, 2, 19, 0, 29, 37, 100, 41, 7
0, 45, 38, 54, 72, 76, 100, 100, 82, 79, 62, 52, 41, 25, 20, 0, 1
43, 100, 9, 64, 0, 19, 44, 0, 90, 22, 100, 66, 66, 99, 15, 88, 0
41, 95, 44, 61, 58, 30, 13, 0, 0, 30, 3, 80, 44, 100, 100, 94, 5
43, 87, 100, 100, 77, 98, 29, 77, 60, 59, 95, 32, 54, 4, 0, 0, 5
0, 62, 55, 75, 85, 97, 100, 100, 98, 75, 93, 50, 91, 25, 89, 0, 1
30, 59, 17, 78, 80, 100, 100, 98, 67, 74, 30, 50, 3, 25, 0, 0, 1
40, 78, 30, 100, 79, 88, 71, 54, 42, 24, 0, 0, 43, 4, 100, 10, 2
97, 100, 56, 94, 20, 65, 0, 32, 20, 0, 93, 1, 100, 28, 30, 34, 6
0, 63, 61, 38, 67, 0, 20, 14, 56, 50, 100, 85, 50, 100, 2, 71, 8
0, 94, 46, 100, 100, 99, 76, 54, 55, 5, 29, 0, 30, 28, 84, 17, 7
0, 72, 52, 84, 100, 100, 94, 96, 85, 72, 81, 48, 79, 24, 75, 0, 1
0, 83, 35, 100, 86, 88, 42, 63, 52, 47, 100, 27, 60, 4, 2, 0, 3
27, 82, 3, 47, 13, 6, 67, 0, 100, 34, 96, 76, 51, 100, 0, 82, 0
100, 100, 48, 85, 15, 57, 0, 25, 29, 0, 84, 11, 65, 30, 38, 9, 6
42, 73, 53, 100, 94, 83, 79, 49, 43, 21, 0, 0, 47, 10, 100, 14, 2
0, 72, 29, 100, 59, 79, 58, 23, 42, 0, 30, 30, 65, 47, 100, 64, 7
0, 96, 23, 46, 91, 55, 80, 100, 49, 94, 100, 59, 81, 7, 15, 0, 9
100, 100, 74, 88, 46, 69, 22, 47, 0, 24, 3, 0, 36, 11, 7, 23, 6
46, 100, 26, 74, 0, 47, 20, 25, 84, 33, 100, 55, 76, 28, 69, 0, 4
0, 51, 31, 60, 66, 79, 100, 100, 90, 79, 66, 53, 43, 28, 27, 0, 1
0, 99, 73, 100, 100, 80, 56, 47, 33, 7, 10, 0, 7, 33, 81, 35, 7
8, 64, 65, 74, 100, 100, 43, 93, 0, 66, 57, 72, 48, 42, 27, 0, 9
27, 84, 12, 42, 18, 0, 73, 7, 100, 45, 93, 88, 40, 100, 0, 67, 0
0, 50, 28, 70, 77, 93, 100, 100, 77, 75, 56, 50, 44, 25, 62, 0, 1
8, 92, 67, 100, 87, 82, 62, 40, 31, 0, 0, 14, 38, 30, 100, 27, 7
48, 81, 29, 100, 67, 88, 48, 40, 12, 3, 0, 8, 50, 14, 100, 0, 2
7, 69, 0, 25, 36, 0, 74, 10, 100, 49, 85, 95, 45, 100, 17, 67, 0
12, 76, 27, 98, 45, 48, 28, 0, 0, 14, 54, 56, 100, 100, 30, 96, 8
7, 54, 8, 14, 56, 0, 99, 24, 100, 68, 63, 100, 12, 97, 0, 56, 0
88, 100, 48, 94, 59, 69, 100, 85, 90, 56, 80, 23, 46, 0, 0, 12, 9
0, 53, 36, 77, 82, 99, 100, 100, 73, 75, 39, 50, 9, 25, 3, 0, 1
4, 88, 0, 43, 25, 4, 70, 0, 100, 35, 94, 79, 53, 100, 8, 86, 0
29, 100, 25, 73, 0, 37, 48, 32, 100, 32, 84, 68, 60, 39, 43, 0, 4
0, 79, 21, 100, 31, 68, 22, 34, 7, 2, 34, 0, 69, 8, 100, 11, 2
36, 60, 40, 100, 57, 68, 36, 29, 0, 3, 15, 8, 59, 0, 100, 10, 2
11, 60, 0, 55, 22, 1, 77, 0, 100, 56, 62, 100, 8, 95, 5, 36, 0
100, 100, 63, 90, 26, 63, 2, 33, 0, 0, 54, 1, 60, 31, 7, 30, 6
0, 95, 46, 100, 14, 63, 30, 49, 100, 63, 94, 67, 80, 29, 72, 0, 4
84, 100, 42, 72, 2, 45, 0, 39, 59, 35, 100, 49, 84, 36, 75, 0, 4
88, 59, 100, 100, 16, 85, 42, 45, 82, 8, 0, 0, 32, 40, 89, 77, 8
2, 97, 13, 59, 44, 34, 15, 0, 6, 43, 0, 86, 49, 98, 100, 100, 5
88, 100, 82, 82, 45, 49, 0, 22, 38, 34, 94, 36, 100, 42, 98, 0, 4
28, 87, 1, 56, 76, 75, 67, 28, 1, 0, 0, 46, 18, 94, 100, 100, 5
0, 54, 40, 67, 78, 88, 100, 100, 82, 74, 69, 49, 58, 24, 40, 0, 1
75, 93, 46, 87, 10, 49, 0, 8, 58, 0, 100, 31, 66, 66, 22, 100, 0
13, 83, 52, 100, 75, 78, 44, 48, 4, 22, 0, 0, 54, 1, 100, 6, 2
54, 100, 29, 87, 6, 55, 0, 23, 48, 0, 100, 21, 40, 35, 12, 17, 6
56, 100, 9, 63, 0, 45, 76, 50, 100, 73, 59, 97, 35, 48, 10, 0, 4
0, 91, 41, 100, 67, 76, 53, 61, 99, 48, 100, 15, 54, 0, 6, 7, 3
69, 98, 82, 55, 100, 100, 44, 82, 92, 72, 91, 46, 64, 0, 0, 0, 9
35, 97, 8, 76, 0, 27, 42, 0, 91, 17, 100, 65, 60, 97, 8, 100, 0
48, 94, 0, 76, 53, 39, 47, 0, 3, 14, 70, 46, 100, 88, 28, 100, 8
54, 77, 47, 98, 100, 100, 93, 74, 77, 43, 96, 11, 46, 0, 0, 16, 3
0, 100, 85, 97, 100, 69, 65, 38, 28, 7, 13, 0, 13, 34, 92, 41, 7
54, 69, 78, 100, 70, 55, 39, 18, 0, 0, 16, 23, 58, 18, 100, 10, 2
65, 95, 28, 72, 52, 33, 24, 0, 0, 16, 15, 59, 48, 89, 100, 100, 5
15, 77, 75, 100, 100, 100, 91, 58, 91, 16, 49, 0, 0, 6, 78, 4, 1
58, 74, 100, 100, 94, 75, 85, 35, 59, 2, 0, 0, 29, 2, 88, 3, 1
73, 68, 100, 100, 48, 100, 20, 71, 79, 77, 84, 46, 48, 15, 0, 0, 9
25, 79, 58, 100, 88, 84, 56, 56, 79, 43, 100, 19, 54, 0, 0, 8, 3
0, 85, 19, 63, 86, 31, 94, 0, 3, 15, 39, 50, 100, 83, 29, 100, 8
0, 38, 31, 57, 66, 79, 100, 100, 76, 76, 53, 51, 40, 26, 44, 0, 1
32, 89, 0, 68, 16, 24, 57, 0, 97, 27, 100, 72, 61, 99, 10, 100, 0
13, 100, 11, 83, 0, 59, 28, 40, 92, 46, 96, 48, 91, 23, 100, 0, 4
72, 100, 43, 74, 19, 48, 4, 20, 36, 0, 100, 16, 58, 28, 0, 10, 6
17, 73, 35, 43, 37, 10, 0, 0, 7, 36, 18, 70, 58, 87, 100, 100, 5
5, 65, 2, 25, 41, 0, 89, 11, 100, 54, 70, 92, 23, 100, 0, 64, 0
0, 67, 53, 82, 100, 100, 86, 84, 75, 63, 67, 42, 63, 21, 55, 0, 1
33, 87, 49, 100, 94, 83, 49, 64, 73, 47, 100, 20, 60, 0, 0, 3, 3
13, 100, 59, 98, 64, 58, 37, 21, 15, 0, 0, 41, 49, 49, 100, 55, 7
31, 81, 54, 46, 51, 6, 7, 0, 0, 42, 13, 84, 55, 96, 100, 100, 5
5, 100, 31, 93, 0, 63, 52, 50, 100, 72, 62, 61, 31, 31, 1, 0, 4
100, 97, 57, 100, 26, 87, 21, 51, 63, 45, 75, 12, 37, 0, 0, 3, 5
27, 100, 43, 66, 67, 31, 45, 0, 0, 27, 47, 59, 100, 91, 20, 97, 8
29, 81, 60, 100, 90, 81, 68, 52, 34, 27, 0, 4, 47, 0, 100, 1, 2
0, 96, 77, 100, 100, 84, 67, 46, 47, 5, 33, 0, 10, 34, 88, 39, 7
16, 100, 9, 74, 0, 33, 23, 0, 77, 13, 100, 50, 70, 80, 15, 74, 0
0, 86, 38, 100, 84, 95, 82, 69, 75, 43, 100, 19, 68, 0, 22, 2, 3
71, 100, 27, 75, 6, 39, 21, 3, 77, 0, 100, 31, 51, 52, 0, 38, 6
84, 73, 83, 100, 33, 81, 67, 57, 100, 72, 100, 31, 64, 2, 0, 0, 9
50, 100, 4, 93, 22, 66, 42, 84, 66, 49, 100, 15, 56, 0, 0, 10, 9
13, 76, 64, 100, 87, 72, 52, 35, 11, 0, 0, 15, 35, 37, 100, 36, 7
72, 100, 32, 76, 5, 47, 0, 15, 47, 0, 100, 12, 59, 24, 3, 17, 6
11, 83, 41, 100, 47, 67, 25, 35, 8, 0, 0, 31, 49, 32, 100, 31, 7
25, 72, 15, 31, 47, 0, 93, 8, 100, 50, 73, 87, 28, 100, 0, 68, 0
17, 80, 48, 100, 70, 77, 56, 54, 100, 45, 91, 13, 48, 0, 0, 6, 3
60, 81, 12, 100, 0, 70, 28, 34, 28, 0, 12, 33, 52, 64, 100, 91, 8
92, 100, 54, 84, 66, 70, 100, 88, 85, 64, 68, 39, 39, 18, 0, 0, 9
88, 82, 44, 100, 49, 68, 100, 84, 93, 63, 98, 23, 57, 0, 0, 12, 9
18, 100, 16, 90, 0, 63, 28, 44, 88, 52, 100, 53, 89, 27, 88, 0, 4
100, 91, 41, 100, 0, 74, 48, 57, 93, 81, 88, 65, 74, 32, 57, 0, 9
24, 84, 6, 80, 0, 35, 31, 0, 79, 11, 100, 53, 77, 92, 27, 100, 0
31, 100, 0, 67, 2, 26, 42, 0, 86, 20, 100, 60, 73, 93, 25, 85, 0
24, 91, 49, 100, 68, 84, 51, 59, 78, 37, 100, 15, 56, 1, 0, 0, 3
17, 100, 0, 60, 12, 16, 59, 0, 100, 27, 95, 70, 51, 93, 15, 63, 0
41, 90, 62, 100, 29, 74, 2, 47, 0, 22, 64, 33, 100, 28, 88, 0, 4
14, 91, 0, 96, 56, 100, 100, 90, 87, 66, 62, 44, 35, 22, 10, 0, 7
4, 100, 36, 99, 44, 59, 39, 20, 29, 0, 0, 31, 49, 39, 100, 42, 7
6, 100, 16, 61, 81, 44, 66, 0, 0, 9, 0, 55, 16, 96, 100, 99, 5
0, 90, 41, 100, 58, 78, 42, 40, 32, 0, 5, 24, 51, 35, 100, 36, 7
23, 82, 58, 100, 87, 86, 62, 57, 100, 49, 85, 19, 45, 2, 0, 0, 3
53, 94, 100, 100, 60, 90, 28, 65, 42, 52, 72, 35, 46, 7, 0, 0, 5
8, 85, 67, 100, 74, 68, 44, 34, 12, 0, 0, 31, 34, 46, 100, 46, 7
50, 83, 26, 62, 58, 100, 14, 60, 2, 30, 50, 0, 100, 51, 0, 34, 8
0, 95, 21, 65, 86, 30, 54, 0, 14, 25, 68, 62, 100, 100, 0, 90, 8
38, 100, 5, 61, 66, 52, 66, 19, 0, 0, 6, 51, 24, 97, 100, 98, 5
58, 95, 36, 68, 62, 29, 34, 0, 0, 19, 8, 64, 45, 91, 100, 100, 5
0, 52, 23, 0, 79, 5, 100, 58, 59, 60, 74, 64, 79, 100, 27, 74, 0
18, 100, 23, 73, 0, 41, 17, 17, 83, 18, 100, 43, 84, 35, 76, 0, 4
23, 58, 66, 77, 100, 100, 95, 87, 81, 59, 71, 30, 52, 3, 0, 0, 1
62, 100, 36, 92, 12, 57, 12, 19, 61, 0, 100, 22, 51, 41, 0, 27, 6
42, 94, 0, 60, 23, 30, 86, 30, 100, 61, 70, 100, 69, 50, 71, 0, 4
92, 70, 34, 59, 0, 75, 39, 100, 89, 97, 98, 65, 93, 32, 100, 0, 9
16, 89, 54, 100, 94, 88, 61, 65, 100, 43, 96, 12, 50, 1, 0, 0, 3
0, 85, 32, 100, 65, 88, 49, 52, 21, 24, 30, 6, 65, 4, 100, 0, 2
73, 100, 48, 70, 23, 41, 21, 9, 69, 1, 100, 22, 46, 17, 0, 0, 6
45, 92, 37, 100, 76, 99, 63, 47, 30, 5, 0, 0, 50, 8, 100, 2, 2
0, 100, 64, 95, 100, 88, 72, 50, 47, 11, 19, 0, 18, 30, 84, 27, 7
19, 60, 52, 87, 71, 100, 57, 58, 46, 16, 0, 0, 49, 7, 100, 8, 1
79, 100, 28, 87, 0, 52, 7, 13, 57, 0, 99, 26, 100, 65, 71, 100, 0
75, 92, 23, 83, 58, 39, 77, 0, 0, 13, 42, 51, 100, 86, 32, 100, 8
24, 77, 18, 34, 46, 0, 89, 20, 100, 62, 78, 100, 31, 90, 0, 55, 0
0, 40, 29, 56, 67, 77, 100, 100, 100, 82, 82, 53, 64, 25, 45, 0, 1
100, 100, 53, 87, 24, 59, 2, 31, 0, 0, 50, 4, 62, 30, 12, 32, 6
34, 100, 2, 61, 0, 15, 45, 0, 88, 25, 100, 70, 57, 92, 19, 67, 0
25, 92, 67, 100, 100, 87, 62, 69, 70, 47, 88, 23, 46, 8, 0, 0, 3
0, 96, 40, 100, 70, 75, 57, 37, 41, 0, 22, 36, 50, 51, 100, 57, 7
29, 100, 92, 94, 100, 68, 78, 41, 55, 13, 29, 0, 0, 26, 63, 32, 7
64, 93, 0, 72, 81, 70, 75, 100, 8, 75, 100, 83, 83, 41, 44, 0, 9
0, 90, 53, 100, 86, 75, 75, 38, 66, 0, 93, 4, 100, 33, 42, 40, 7
0, 64, 32, 68, 73, 84, 100, 100, 88, 75, 81, 50, 75, 25, 71, 0, 1
100, 98, 59, 100, 19, 86, 8, 54, 42, 54, 67, 28, 42, 3, 0, 0, 5
27, 85, 57, 50, 64, 11, 15, 0, 0, 33, 2, 75, 46, 96, 100, 100, 5
69, 100, 31, 77, 8, 53, 0, 27, 27, 3, 92, 0, 100, 20, 39, 12, 6
0, 98, 41, 100, 79, 81, 65, 41, 57, 0, 40, 18, 50, 40, 100, 39, 7
4, 76, 0, 33, 34, 0, 84, 17, 100, 61, 72, 100, 25, 90, 14, 45, 0
82, 100, 0, 85, 67, 49, 100, 10, 6, 0, 12, 41, 82, 77, 69, 99, 8
92, 100, 45, 88, 19, 53, 20, 14, 69, 0, 100, 31, 48, 37, 0, 13, 6
96, 74, 47, 54, 0, 72, 25, 100, 82, 89, 100, 57, 84, 25, 41, 0, 9
35, 91, 4, 68, 0, 25, 42, 0, 89, 25, 100, 67, 63, 100, 13, 83, 0
100, 86, 49, 100, 3, 79, 37, 43, 59, 5, 9, 0, 0, 40, 43, 70, 8
100, 70, 46, 94, 32, 51, 87, 9, 0, 0, 38, 46, 80, 91, 19, 100, 8
85, 98, 39, 100, 7, 60, 0, 16, 54, 0, 100, 28, 40, 38, 5, 9, 6
0, 77, 40, 64, 54, 28, 43, 0, 27, 36, 13, 72, 49, 96, 100, 100, 5
95, 90, 70, 95, 0, 100, 0, 66, 69, 59, 100, 27, 53, 0, 16, 13, 5
0, 88, 55, 100, 100, 87, 65, 48, 39, 4, 19, 0, 22, 35, 87, 42, 7
25, 100, 58, 96, 81, 69, 54, 34, 29, 0, 0, 34, 48, 44, 100, 48, 7
100, 65, 80, 96, 33, 100, 51, 76, 94, 68, 83, 33, 48, 8, 0, 0, 9
54, 87, 59, 100, 26, 72, 0, 43, 28, 18, 100, 30, 96, 30, 80, 0, 4
1, 85, 46, 100, 70, 88, 55, 58, 97, 39, 100, 10, 51, 0, 0, 2, 3
28, 49, 35, 93, 100, 100, 81, 54, 41, 13, 52, 0, 66, 45, 0, 63, 8
22, 91, 24, 64, 80, 38, 67, 0, 0, 13, 4, 57, 26, 97, 100, 100, 5
97, 91, 33, 93, 55, 46, 54, 0, 0, 10, 49, 49, 100, 87, 30, 100, 8
82, 100, 30, 90, 0, 59, 0, 25, 45, 0, 100, 15, 71, 40, 10, 33, 6
86, 100, 49, 91, 0, 54, 63, 52, 100, 64, 90, 98, 76, 45, 69, 0, 4
78, 83, 20, 58, 27, 0, 100, 50, 61, 100, 0, 38, 68, 69, 3, 8, 0
6, 88, 52, 100, 100, 92, 83, 71, 54, 52, 65, 32, 48, 12, 0, 0, 3
0, 58, 18, 26, 49, 0, 86, 18, 100, 50, 86, 82, 45, 100, 17, 77, 0
0, 76, 66, 74, 100, 100, 28, 88, 3, 59, 76, 69, 74, 40, 59, 0, 9
55, 90, 44, 56, 29, 13, 0, 0, 28, 38, 64, 69, 100, 100, 63, 99, 8
48, 97, 13, 62, 0, 21, 44, 0, 89, 29, 100, 70, 60, 100, 4, 84, 0
84, 74, 74, 100, 32, 74, 58, 34, 49, 0, 0, 8, 48, 37, 100, 62, 8
94, 100, 52, 78, 24, 50, 13, 21, 47, 0, 100, 15, 53, 30, 0, 18, 6
0, 64, 43, 81, 100, 100, 74, 83, 43, 62, 13, 42, 4, 20, 9, 0, 1
38, 100, 16, 68, 0, 36, 51, 30, 100, 34, 90, 62, 63, 31, 41, 0, 4
100, 100, 54, 83, 20, 55, 0, 24, 34, 0, 92, 12, 79, 38, 16, 46, 6
85, 92, 52, 100, 56, 76, 83, 85, 100, 44, 88, 6, 42, 0, 0, 10, 9
7, 54, 43, 76, 76, 100, 100, 99, 78, 74, 57, 49, 28, 24, 0, 0, 1
53, 100, 0, 75, 7, 43, 100, 52, 50, 76, 16, 91, 14, 44, 28, 0, 4
26, 89, 0, 74, 1, 30, 35, 0, 80, 10, 100, 50, 86, 92, 46, 100, 0
27, 94, 0, 70, 59, 55, 52, 8, 0, 0, 8, 53, 37, 94, 100, 100, 5
14, 79, 0, 46, 18, 7, 58, 0, 92, 25, 100, 69, 71, 100, 32, 96, 0
43, 92, 100, 100, 85, 97, 19, 90, 55, 66, 90, 37, 64, 8, 0, 0, 5
33, 77, 30, 100, 63, 73, 43, 36, 0, 16, 29, 16, 78, 0, 100, 32, 2
14, 100, 0, 75, 7, 47, 72, 48, 100, 62, 83, 58, 82, 29, 84, 0, 4
0, 0, 46, 16, 85, 41, 100, 72, 73, 100, 18, 95, 19, 66, 76, 55, 9
5, 73, 48, 68, 100, 100, 27, 88, 0, 59, 76, 71, 72, 42, 53, 0, 9
9, 84, 4, 56, 43, 26, 22, 0, 0, 27, 18, 67, 44, 94, 100, 100, 5
0, 92, 52, 100, 81, 74, 53, 40, 25, 6, 12, 0, 5, 30, 100, 38, 7
37, 94, 44, 57, 94, 99, 28, 100, 53, 73, 100, 64, 75, 7, 0, 0, 9
100, 92, 60, 100, 57, 80, 94, 97, 81, 72, 64, 43, 34, 20, 0, 0, 9
0, 100, 15, 84, 57, 75, 100, 68, 77, 55, 53, 34, 29, 13, 16, 0, 7
0, 75, 28, 92, 64, 100, 93, 91, 93, 62, 100, 35, 78, 13, 46, 0, 3
0, 81, 34, 100, 77, 92, 73, 61, 46, 34, 17, 8, 52, 0, 100, 3, 2
13, 90, 54, 100, 92, 87, 70, 63, 96, 42, 100, 17, 56, 3, 0, 0, 3
42, 100, 34, 75, 0, 48, 3, 42, 58, 38, 100, 53, 85, 33, 71, 0, 4
64, 97, 32, 67, 19, 26, 0, 0, 30, 36, 67, 67, 100, 100, 47, 88, 8
25, 100, 0, 84, 16, 63, 77, 67, 100, 66, 76, 45, 53, 22, 34, 0, 4
0, 39, 35, 55, 68, 77, 100, 100, 96, 76, 77, 50, 56, 25, 36, 0, 1
28, 100, 22, 73, 0, 41, 16, 22, 78, 25, 98, 50, 93, 24, 100, 0, 4
56, 100, 14, 75, 0, 42, 57, 28, 98, 53, 100, 65, 73, 34, 71, 0, 4
25, 67, 79, 49, 100, 13, 51, 0, 54, 37, 78, 73, 61, 100, 0, 79, 8
41, 100, 0, 84, 16, 56, 95, 55, 100, 86, 70, 64, 51, 32, 42, 0, 4
0, 65, 13, 100, 55, 87, 48, 42, 15, 9, 1, 17, 51, 12, 100, 0, 2
36, 87, 73, 100, 100, 85, 76, 63, 87, 33, 86, 3, 43, 0, 0, 4, 3
37, 67, 40, 100, 85, 100, 74, 60, 43, 25, 0, 0, 46, 9, 100, 9, 2
72, 97, 4, 91, 14, 45, 29, 0, 0, 30, 61, 65, 100, 100, 20, 86, 8
88, 100, 58, 71, 26, 45, 0, 35, 56, 34, 100, 46, 97, 32, 88, 0, 4
0, 27, 23, 44, 63, 72, 100, 100, 86, 88, 50, 60, 22, 30, 9, 0, 1
36, 86, 30, 70, 78, 35, 55, 0, 0, 21, 62, 53, 100, 89, 9, 100, 8
66, 88, 100, 70, 83, 100, 42, 70, 96, 71, 95, 38, 64, 0, 0, 1, 9
65, 67, 72, 100, 1, 75, 32, 37, 61, 0, 0, 4, 32, 44, 100, 74, 8
0, 79, 25, 100, 49, 80, 27, 48, 0, 19, 24, 1, 62, 0, 100, 2, 2
100, 100, 72, 90, 41, 62, 12, 31, 9, 0, 57, 10, 47, 33, 0, 23, 6
19, 100, 84, 89, 84, 59, 63, 29, 37, 0, 0, 9, 16, 32, 100, 31, 7
0, 100, 85, 99, 100, 84, 75, 50, 66, 14, 51, 0, 11, 33, 91, 39, 7
54, 89, 17, 61, 0, 19, 38, 0, 81, 21, 100, 63, 77, 100, 32, 89, 0
34, 91, 100, 100, 71, 96, 18, 75, 38, 60, 89, 46, 61, 16, 0, 0, 5
16, 100, 0, 68, 20, 26, 53, 0, 92, 11, 100, 54, 72, 86, 33, 96, 0
36, 80, 0, 64, 37, 41, 25, 0, 1, 8, 7, 54, 43, 88, 100, 100, 5
67, 100, 39, 82, 0, 53, 63, 55, 100, 66, 67, 77, 53, 39, 40, 0, 4
42, 80, 72, 100, 98, 67, 74, 29, 31, 3, 0, 15, 51, 14, 100, 0, 2
47, 83, 84, 68, 100, 91, 35, 100, 73, 78, 93, 47, 48, 20, 0, 0, 9
0, 80, 24, 100, 46, 69, 47, 30, 47, 0, 19, 30, 58, 36, 100, 38, 7
96, 100, 14, 91, 42, 75, 45, 96, 0, 67, 100, 82, 54, 43, 18, 0, 9
97, 95, 25, 82, 100, 81, 67, 100, 0, 84, 83, 67, 40, 34, 13, 0, 9
37, 83, 63, 100, 83, 74, 62, 47, 30, 24, 0, 0, 50, 2, 100, 4, 2
17, 78, 46, 100, 75, 84, 44, 57, 94, 42, 100, 12, 51, 0, 0, 13, 3
0, 93, 51, 97, 100, 100, 77, 61, 56, 22, 38, 0, 23, 30, 76, 31, 7
33, 89, 74, 100, 93, 81, 54, 60, 74, 38, 100, 16, 56, 0, 0, 0, 3
40, 90, 0, 69, 1, 24, 45, 0, 88, 27, 100, 71, 61, 100, 15, 76, 0
0, 67, 43, 74, 78, 91, 100, 100, 95, 74, 87, 49, 84, 23, 96, 0, 1
0, 99, 37, 100, 72, 81, 73, 37, 49, 0, 33, 24, 62, 40, 100, 44, 7
19, 68, 44, 100, 81, 82, 67, 44, 30, 18, 0, 7, 50, 5, 100, 0, 2
69, 100, 42, 83, 0, 61, 9, 39, 77, 41, 100, 47, 62, 24, 33, 0, 4
0, 78, 30, 100, 62, 91, 48, 59, 24, 31, 14, 3, 57, 1, 100, 0, 2
70, 100, 45, 86, 11, 53, 0, 15, 57, 0, 100, 26, 67, 57, 0, 67, 6
79, 100, 42, 81, 10, 54, 0, 26, 24, 0, 100, 5, 88, 31, 8, 40, 6
21, 61, 65, 78, 100, 100, 85, 83, 79, 57, 77, 30, 60, 6, 0, 0, 1
100, 100, 69, 89, 46, 60, 27, 30, 32, 0, 68, 18, 40, 35, 0, 18, 6
17, 100, 0, 72, 8, 46, 67, 46, 100, 54, 74, 68, 64, 34, 55, 0, 4
68, 82, 34, 100, 0, 65, 8, 22, 57, 0, 100, 24, 88, 66, 40, 92, 0
73, 98, 14, 78, 19, 0, 100, 41, 56, 100, 0, 58, 76, 85, 14, 13, 0
11, 35, 43, 60, 83, 84, 100, 100, 60, 75, 31, 51, 9, 25, 0, 0, 1
49, 73, 61, 100, 0, 84, 42, 42, 81, 0, 26, 10, 43, 56, 100, 86, 8
70, 100, 27, 95, 49, 70, 93, 87, 90, 50, 100, 9, 52, 0, 0, 4, 9
75, 77, 41, 100, 19, 68, 65, 36, 59, 0, 0, 5, 43, 38, 100, 66, 8
100, 100, 57, 97, 21, 68, 0, 37, 10, 6, 78, 0, 82, 23, 9, 19, 6
0, 90, 22, 100, 39, 59, 37, 11, 31, 0, 21, 32, 60, 35, 100, 39, 7
75, 100, 47, 77, 17, 53, 0, 28, 67, 15, 100, 39, 97, 25, 94, 0, 4
0, 40, 37, 61, 68, 85, 98, 100, 100, 75, 95, 50, 85, 24, 80, 0, 1
0, 91, 40, 100, 85, 91, 73, 46, 62, 0, 38, 3, 49, 32, 100, 35, 7
0, 50, 38, 68, 65, 93, 100, 100, 88, 75, 72, 50, 60, 25, 45, 0, 1
36, 74, 77, 100, 69, 68, 50, 24, 35, 0, 0, 9, 50, 12, 100, 18, 1
38, 100, 20, 77, 0, 55, 4, 31, 60, 29, 100, 46, 79, 23, 63, 0, 4
22, 94, 26, 62, 64, 31, 34, 0, 0, 27, 5, 72, 41, 100, 100, 97, 5
89, 100, 52, 90, 21, 62, 0, 30, 19, 2, 77, 0, 100, 19, 42, 19, 6
63, 88, 84, 100, 93, 67, 69, 34, 28, 8, 0, 14, 51, 19, 100, 0, 2
38, 95, 53, 100, 19, 80, 0, 59, 61, 65, 100, 89, 75, 47, 49, 0, 4
100, 67, 75, 100, 0, 95, 17, 64, 92, 72, 100, 69, 92, 33, 56, 0, 9
7, 98, 0, 58, 20, 18, 56, 0, 91, 15, 100, 58, 77, 94, 40, 100, 0
84, 88, 42, 100, 47, 69, 100, 82, 100, 58, 95, 22, 54, 0, 0, 13, 9
23, 100, 22, 75, 0, 44, 47, 32, 100, 46, 99, 68, 90, 34, 86, 0, 4
100, 100, 54, 84, 18, 59, 0, 29, 21, 1, 75, 0, 92, 27, 51, 48, 6
0, 100, 38, 97, 44, 76, 47, 54, 73, 37, 100, 21, 74, 6, 35, 0, 3
0, 54, 31, 65, 69, 87, 100, 100, 83, 75, 79, 50, 81, 24, 100, 0, 1
59, 85, 4, 100, 49, 50, 94, 0, 0, 24, 49, 56, 100, 88, 4, 90, 8
0, 82, 56, 100, 100, 91, 71, 57, 38, 24, 3, 0, 5, 33, 70, 36, 7
0, 33, 66, 60, 100, 100, 48, 78, 84, 37, 52, 0, 30, 32, 85, 68, 8
52, 100, 32, 83, 11, 53, 0, 21, 37, 0, 100, 14, 48, 22, 5, 1, 6
100, 88, 79, 100, 42, 74, 15, 41, 27, 8, 78, 0, 48, 17, 0, 18, 6
2, 91, 80, 100, 82, 67, 57, 33, 28, 0, 0, 17, 13, 40, 100, 44, 7
21, 81, 0, 55, 7, 10, 56, 0, 97, 26, 100, 71, 62, 100, 15, 84, 0
0, 81, 40, 100, 95, 84, 96, 41, 69, 0, 36, 9, 38, 36, 100, 39, 7
100, 100, 56, 80, 23, 54, 0, 25, 19, 0, 77, 5, 70, 22, 11, 16, 6
0, 83, 35, 100, 73, 89, 70, 45, 67, 0, 46, 10, 57, 32, 100, 33, 7
70, 97, 28, 78, 65, 53, 57, 9, 0, 0, 13, 42, 51, 86, 100, 100, 5
29, 88, 67, 100, 81, 73, 40, 51, 98, 47, 100, 14, 46, 0, 0, 11, 3
19, 68, 32, 100, 68, 79, 59, 39, 25, 10, 0, 4, 50, 4, 100, 0, 2
61, 79, 100, 100, 50, 99, 0, 72, 54, 75, 93, 83, 60, 42, 33, 0, 9
100, 94, 66, 100, 24, 86, 19, 51, 65, 40, 90, 14, 48, 0, 0, 3, 5
71, 100, 34, 74, 11, 42, 24, 9, 76, 0, 100, 22, 45, 24, 0, 6, 6
0, 100, 68, 94, 95, 77, 67, 47, 41, 15, 29, 0, 28, 30, 100, 33, 7
0, 82, 42, 100, 100, 90, 86, 62, 46, 39, 1, 17, 26, 1, 93, 0, 2
0, 84, 47, 100, 100, 88, 82, 61, 47, 38, 5, 16, 28, 0, 98, 1, 2
80, 71, 59, 100, 18, 73, 44, 34, 50, 0, 0, 20, 46, 50, 100, 74, 8
11, 66, 43, 39, 40, 5, 1, 0, 0, 44, 22, 73, 61, 88, 100, 100, 5
89, 93, 31, 100, 40, 50, 53, 0, 0, 0, 46, 41, 100, 79, 36, 85, 8
31, 100, 2, 66, 0, 27, 34, 0, 78, 20, 100, 58, 83, 95, 33, 98, 0
26, 88, 55, 100, 86, 69, 78, 31, 67, 0, 100, 33, 66, 45, 0, 45, 7
29, 71, 45, 100, 83, 78, 68, 38, 33, 7, 0, 9, 52, 20, 100, 0, 2
86, 100, 33, 81, 66, 67, 100, 91, 99, 65, 95, 33, 62, 6, 0, 0, 9
16, 71, 20, 100, 52, 81, 36, 49, 5, 22, 0, 2, 50, 3, 100, 0, 2
100, 100, 55, 79, 22, 55, 0, 27, 14, 0, 61, 13, 53, 39, 2, 37, 6
53, 91, 75, 100, 74, 69, 53, 39, 22, 13, 0, 11, 51, 15, 100, 0, 2
45, 100, 42, 79, 11, 45, 0, 7, 62, 0, 100, 23, 41, 35, 33, 11, 6
11, 82, 59, 100, 83, 74, 41, 50, 67, 45, 100, 20, 60, 0, 0, 11, 3
13, 100, 15, 75, 0, 45, 47, 32, 100, 46, 87, 61, 80, 30, 80, 0, 4
0, 86, 7, 95, 64, 100, 100, 87, 86, 65, 66, 43, 48, 22, 51, 0, 7
100, 73, 56, 100, 3, 72, 55, 37, 80, 0, 0, 3, 27, 41, 95, 70, 8
22, 86, 62, 100, 83, 81, 61, 61, 100, 43, 88, 14, 45, 2, 0, 0, 3
76, 98, 35, 100, 58, 73, 83, 91, 100, 47, 97, 4, 47, 0, 0, 14, 9
49, 74, 56, 100, 76, 75, 50, 37, 14, 6, 0, 8, 50, 9, 100, 0, 2
44, 100, 15, 65, 0, 20, 35, 0, 78, 25, 100, 65, 65, 95, 21, 75, 0
100, 88, 52, 70, 0, 62, 25, 94, 76, 100, 76, 63, 50, 28, 31, 0, 9
100, 63, 46, 61, 0, 71, 23, 100, 66, 99, 73, 65, 72, 32, 80, 0, 9
31, 81, 70, 98, 100, 100, 58, 87, 42, 58, 78, 32, 42, 9, 0, 0, 5
16, 87, 53, 100, 82, 82, 40, 56, 75, 50, 100, 20, 56, 0, 0, 4, 3
44, 89, 97, 100, 76, 93, 36, 67, 88, 60, 100, 29, 57, 6, 0, 0, 5
53, 57, 100, 80, 67, 100, 0, 87, 15, 66, 84, 58, 77, 29, 49, 0, 9
0, 39, 21, 57, 63, 78, 100, 100, 94, 82, 78, 54, 65, 27, 57, 0, 1
100, 100, 64, 93, 36, 67, 14, 36, 11, 0, 48, 4, 34, 19, 0, 3, 6
75, 100, 31, 90, 3, 59, 0, 25, 39, 0, 100, 14, 75, 39, 11, 29, 6
100, 100, 54, 90, 22, 61, 0, 31, 3, 0, 58, 6, 62, 35, 4, 33, 6
91, 95, 43, 100, 25, 65, 72, 59, 100, 64, 92, 23, 52, 0, 0, 8, 9
54, 82, 26, 63, 100, 76, 28, 100, 61, 50, 0, 36, 49, 0, 55, 54, 8
0, 62, 38, 79, 77, 97, 100, 100, 84, 75, 64, 51, 52, 26, 56, 0, 1
100, 89, 71, 100, 48, 79, 84, 96, 85, 70, 62, 39, 33, 11, 0, 0, 9
98, 76, 59, 100, 16, 76, 74, 42, 77, 0, 0, 9, 31, 48, 100, 76, 8
53, 100, 24, 78, 0, 56, 36, 41, 100, 55, 91, 44, 59, 23, 37, 0, 4
55, 72, 100, 100, 97, 96, 81, 59, 72, 22, 19, 3, 0, 0, 74, 6, 1
100, 98, 58, 100, 23, 90, 32, 60, 72, 57, 69, 19, 33, 0, 0, 14, 5
0, 68, 26, 100, 48, 75, 28, 33, 0, 2, 29, 0, 64, 2, 100, 1, 2
4, 87, 53, 100, 76, 78, 47, 51, 97, 38, 100, 11, 46, 0, 0, 7, 3
44, 79, 19, 60, 6, 14, 55, 0, 100, 34, 92, 79, 35, 100, 0, 69, 0
0, 59, 20, 79, 100, 100, 100, 90, 60, 67, 33, 44, 7, 22, 33, 0, 1
47, 96, 100, 100, 53, 93, 15, 74, 46, 58, 77, 34, 51, 9, 0, 0, 5
23, 65, 37, 100, 72, 83, 64, 45, 36, 12, 0, 3, 48, 10, 100, 0, 2
59, 100, 38, 81, 14, 54, 0, 26, 51, 13, 100, 32, 84, 28, 70, 0, 4
35, 100, 0, 71, 32, 50, 95, 54, 100, 78, 85, 70, 76, 35, 71, 0, 4
54, 100, 0, 78, 47, 62, 63, 20, 13, 0, 18, 49, 40, 95, 100, 95, 5
0, 93, 46, 100, 94, 90, 83, 52, 69, 14, 49, 0, 49, 28, 100, 28, 7
34, 100, 22, 67, 0, 36, 34, 23, 86, 30, 100, 61, 94, 33, 91, 0, 4
16, 100, 0, 57, 55, 55, 44, 0, 12, 17, 6, 77, 45, 98, 100, 100, 6
56, 100, 66, 64, 100, 92, 42, 95, 65, 61, 74, 52, 62, 3, 0, 0, 9
33, 95, 29, 61, 71, 39, 38, 0, 0, 15, 10, 71, 45, 98, 100, 100, 5
53, 100, 36, 91, 15, 55, 10, 17, 61, 0, 100, 21, 59, 50, 0, 61, 6
0, 46, 42, 66, 79, 88, 100, 100, 84, 75, 72, 49, 63, 23, 60, 0, 1
7, 72, 0, 100, 42, 100, 100, 100, 90, 80, 61, 55, 39, 28, 23, 0, 7
66, 100, 26, 74, 0, 49, 80, 60, 100, 75, 59, 78, 37, 38, 3, 0, 4
26, 100, 0, 71, 41, 50, 97, 52, 100, 87, 81, 67, 67, 34, 59, 0, 4
69, 100, 27, 79, 3, 51, 8, 21, 51, 0, 100, 3, 56, 22, 0, 28, 6
0, 83, 26, 100, 58, 92, 47, 58, 22, 31, 34, 4, 67, 0, 100, 0, 2
27, 96, 0, 59, 1, 10, 38, 0, 75, 20, 100, 59, 75, 97, 36, 100, 0
0, 65, 51, 62, 69, 100, 60, 66, 58, 25, 100, 9, 51, 2, 10, 0, 1
20, 65, 43, 94, 76, 100, 58, 64, 44, 27, 0, 1, 18, 4, 100, 0, 1
0, 89, 23, 100, 79, 94, 73, 48, 51, 2, 31, 0, 42, 31, 100, 30, 7
60, 86, 55, 71, 0, 71, 42, 97, 100, 100, 96, 64, 62, 31, 38, 0, 9
81, 79, 38, 57, 13, 88, 61, 100, 84, 65, 100, 28, 75, 0, 0, 5, 9
37, 78, 8, 60, 56, 34, 44, 0, 0, 10, 10, 55, 43, 86, 100, 100, 5
0, 97, 30, 96, 71, 98, 100, 100, 67, 83, 47, 56, 32, 28, 24, 0, 7
77, 100, 31, 73, 0, 50, 68, 51, 100, 56, 69, 82, 46, 41, 23, 0, 4
100, 100, 63, 99, 29, 74, 3, 43, 0, 6, 41, 0, 66, 22, 25, 31, 6
100, 100, 48, 87, 13, 55, 4, 19, 50, 0, 94, 25, 49, 38, 0, 15, 6
0, 91, 40, 100, 94, 94, 60, 75, 84, 52, 100, 27, 53, 12, 1, 0, 3
87, 75, 29, 75, 0, 89, 55, 100, 100, 84, 90, 54, 63, 26, 31, 0, 9
0, 85, 38, 100, 60, 85, 34, 59, 76, 50, 100, 26, 68, 5, 24, 0, 3
13, 79, 31, 100, 73, 82, 59, 45, 17, 19, 0, 23, 53, 17, 100, 0, 2
1, 91, 44, 100, 75, 81, 39, 57, 3, 34, 0, 7, 50, 0, 100, 2, 2
0, 0, 39, 10, 76, 29, 99, 55, 100, 84, 64, 100, 34, 81, 77, 68, 9
32, 76, 60, 100, 77, 79, 56, 50, 26, 25, 0, 3, 50, 4, 100, 0, 2
0, 99, 40, 100, 66, 66, 58, 24, 38, 0, 11, 37, 42, 51, 100, 53, 7
36, 82, 0, 68, 4, 21, 48, 0, 92, 24, 100, 70, 61, 100, 23, 76, 0
3, 100, 0, 58, 40, 98, 20, 85, 28, 35, 2, 3, 2, 0, 100, 4, 1
53, 67, 40, 56, 100, 71, 61, 100, 42, 50, 89, 74, 68, 19, 0, 0, 9
26, 95, 58, 100, 73, 74, 55, 47, 27, 23, 0, 0, 49, 2, 100, 2, 2
32, 94, 70, 100, 76, 77, 68, 54, 100, 35, 78, 9, 37, 0, 0, 9, 3
17, 81, 46, 90, 100, 100, 83, 80, 59, 60, 37, 40, 13, 20, 0, 0, 1
0, 80, 47, 100, 100, 99, 82, 60, 50, 25, 23, 0, 33, 36, 89, 44, 7
43, 91, 9, 59, 0, 14, 43, 0, 85, 22, 100, 67, 68, 100, 21, 97, 0
3, 40, 14, 59, 55, 81, 100, 100, 82, 76, 51, 51, 21, 26, 0, 0, 1
100, 100, 46, 82, 13, 54, 0, 23, 38, 0, 99, 11, 68, 35, 1, 30, 6
68, 90, 62, 80, 100, 34, 54, 0, 0, 21, 55, 58, 97, 100, 29, 96, 8
68, 100, 23, 78, 2, 51, 0, 24, 32, 0, 100, 8, 85, 30, 15, 24, 6
100, 100, 6, 98, 0, 81, 0, 65, 6, 48, 6, 32, 12, 16, 44, 0, 1
0, 63, 60, 78, 100, 100, 93, 91, 86, 67, 86, 41, 79, 16, 24, 0, 1
25, 81, 43, 100, 46, 61, 29, 27, 0, 5, 34, 2, 68, 0, 100, 7, 2
25, 85, 68, 51, 91, 13, 16, 0, 50, 33, 100, 65, 79, 100, 0, 89, 8
38, 100, 18, 88, 0, 61, 15, 37, 52, 35, 90, 38, 100, 26, 91, 0, 4
45, 100, 4, 75, 0, 47, 80, 39, 100, 64, 82, 57, 66, 28, 68, 0, 4
35, 90, 43, 61, 62, 25, 21, 0, 0, 19, 17, 59, 46, 93, 100, 100, 5
17, 85, 54, 100, 90, 84, 89, 57, 100, 36, 97, 11, 49, 0, 0, 1, 3
69, 45, 100, 75, 66, 100, 9, 82, 0, 48, 65, 53, 98, 38, 87, 0, 9
0, 55, 37, 75, 80, 94, 100, 100, 80, 76, 63, 51, 47, 25, 39, 0, 1
6, 100, 61, 91, 38, 95, 6, 67, 54, 49, 100, 23, 52, 0, 0, 18, 5
26, 86, 0, 53, 63, 40, 72, 0, 29, 3, 31, 49, 27, 92, 100, 100, 5
74, 78, 51, 100, 0, 80, 44, 62, 100, 84, 98, 62, 92, 28, 92, 0, 9
100, 84, 63, 100, 39, 67, 86, 70, 93, 71, 85, 33, 58, 0, 0, 2, 9
42, 97, 0, 75, 84, 73, 51, 100, 13, 86, 100, 73, 71, 34, 18, 0, 9
70, 100, 2, 50, 15, 1, 100, 36, 70, 79, 36, 56, 67, 51, 0, 0, 0
0, 96, 64, 100, 100, 73, 90, 41, 77, 8, 53, 0, 25, 26, 100, 30, 7
19, 48, 68, 72, 100, 100, 89, 75, 79, 46, 67, 16, 0, 2, 88, 0, 1
89, 74, 70, 100, 0, 98, 10, 72, 80, 77, 100, 68, 85, 33, 55, 0, 9
18, 84, 15, 44, 39, 4, 83, 0, 100, 43, 83, 84, 37, 100, 0, 71, 0
0, 93, 40, 100, 60, 64, 61, 20, 55, 0, 25, 30, 57, 40, 100, 42, 7
0, 100, 7, 91, 4, 70, 7, 47, 30, 31, 74, 41, 80, 20, 100, 0, 4
0, 65, 52, 78, 77, 100, 77, 89, 76, 66, 76, 43, 77, 19, 100, 0, 1
60, 65, 95, 100, 100, 76, 67, 38, 37, 0, 76, 8, 57, 44, 0, 62, 8
30, 71, 20, 52, 40, 12, 7, 0, 0, 52, 24, 84, 61, 95, 100, 100, 5
0, 86, 39, 100, 51, 66, 35, 32, 8, 1, 1, 0, 51, 15, 100, 0, 2
29, 100, 72, 80, 65, 52, 38, 25, 0, 0, 2, 22, 25, 47, 100, 49, 7
5, 76, 38, 100, 100, 98, 88, 69, 48, 44, 95, 26, 61, 2, 0, 0, 3
0, 94, 62, 100, 83, 71, 66, 35, 47, 0, 10, 20, 25, 38, 100, 39, 7
74, 100, 54, 66, 17, 35, 0, 28, 70, 33, 100, 51, 81, 34, 68, 0, 4
43, 93, 86, 100, 100, 74, 61, 52, 55, 36, 98, 19, 56, 0, 0, 0, 3
64, 95, 54, 100, 16, 67, 0, 30, 41, 0, 100, 9, 43, 31, 38, 5, 6
55, 100, 26, 83, 0, 59, 37, 39, 96, 44, 100, 53, 87, 26, 71, 0, 4
56, 100, 37, 68, 0, 35, 71, 31, 100, 50, 73, 72, 71, 36, 74, 0, 4
58, 94, 14, 82, 31, 32, 11, 0, 0, 36, 58, 65, 100, 97, 30, 100, 8
88, 100, 38, 85, 18, 49, 19, 12, 65, 0, 100, 28, 53, 46, 0, 31, 6
95, 100, 55, 78, 25, 51, 9, 23, 40, 0, 100, 15, 64, 34, 0, 23, 6
68, 66, 100, 93, 48, 100, 0, 78, 47, 68, 90, 56, 67, 26, 29, 0, 9
21, 74, 4, 74, 2, 19, 63, 0, 100, 49, 71, 100, 10, 73, 0, 20, 0
46, 92, 73, 100, 100, 83, 66, 66, 73, 44, 75, 20, 37, 8, 0, 0, 3
0, 71, 46, 84, 100, 100, 92, 83, 70, 62, 46, 41, 22, 21, 11, 0, 1
46, 100, 31, 86, 5, 56, 0, 24, 35, 0, 91, 1, 100, 28, 47, 32, 6
0, 40, 15, 64, 51, 87, 83, 100, 75, 75, 74, 50, 81, 25, 100, 0, 1
76, 100, 58, 64, 19, 32, 0, 26, 76, 31, 100, 57, 79, 36, 63, 0, 4
45, 100, 9, 76, 40, 64, 100, 70, 76, 79, 53, 53, 25, 26, 0, 0, 4
88, 87, 0, 82, 3, 95, 97, 100, 100, 75, 91, 50, 91, 25, 100, 0, 9
54, 71, 71, 100, 92, 77, 70, 40, 37, 10, 0, 0, 50, 7, 100, 9, 2
70, 96, 20, 74, 0, 34, 28, 0, 80, 23, 100, 63, 82, 100, 26, 80, 0
55, 100, 23, 73, 0, 41, 4, 7, 55, 0, 100, 19, 68, 36, 31, 15, 6
2, 58, 0, 22, 48, 0, 100, 24, 100, 71, 53, 100, 6, 76, 22, 31, 0
0, 95, 26, 100, 43, 75, 34, 43, 21, 15, 42, 0, 71, 0, 100, 1, 2
100, 76, 41, 59, 25, 82, 80, 100, 89, 64, 90, 27, 59, 0, 0, 16, 9
70, 100, 28, 85, 2, 52, 0, 17, 53, 0, 100, 22, 52, 44, 6, 28, 6
67, 93, 40, 100, 68, 76, 76, 92, 100, 55, 94, 13, 49, 0, 0, 6, 9
50, 98, 12, 61, 55, 37, 17, 0, 0, 25, 1, 73, 35, 100, 100, 98, 5
14, 73, 0, 51, 9, 12, 54, 0, 92, 27, 100, 67, 74, 100, 27, 95, 0
0, 65, 24, 95, 56, 100, 54, 59, 34, 23, 33, 0, 66, 4, 100, 5, 2
4, 75, 55, 68, 100, 95, 46, 100, 0, 72, 51, 64, 62, 43, 35, 0, 9
50, 77, 57, 100, 100, 91, 77, 62, 95, 36, 90, 6, 42, 0, 0, 18, 3
11, 75, 49, 47, 83, 10, 0, 0, 34, 37, 100, 70, 95, 100, 5, 79, 8
18, 82, 46, 100, 69, 73, 46, 42, 9, 16, 0, 1, 50, 3, 100, 0, 2
3, 77, 2, 39, 39, 0, 90, 20, 100, 71, 53, 100, 0, 78, 10, 43, 0
100, 100, 66, 88, 32, 66, 7, 39, 0, 10, 44, 0, 62, 18, 14, 22, 6
3, 100, 0, 83, 2, 53, 49, 40, 100, 52, 92, 57, 71, 29, 60, 0, 4
0, 65, 25, 79, 55, 100, 62, 92, 62, 68, 62, 44, 78, 22, 100, 0, 1
19, 86, 9, 55, 13, 16, 60, 0, 96, 33, 100, 72, 57, 100, 0, 82, 0
67, 89, 25, 100, 33, 75, 51, 94, 85, 64, 100, 23, 56, 0, 0, 10, 9
0, 54, 35, 63, 68, 80, 98, 100, 100, 85, 81, 57, 64, 29, 50, 0, 1
35, 55, 46, 55, 100, 23, 60, 0, 5, 28, 32, 64, 65, 100, 0, 79, 8
54, 81, 46, 98, 86, 100, 75, 58, 43, 24, 0, 0, 48, 2, 100, 8, 2
100, 87, 52, 100, 13, 75, 65, 62, 96, 76, 84, 41, 60, 7, 0, 0, 9
4, 87, 17, 67, 40, 34, 9, 0, 0, 39, 2, 84, 48, 100, 100, 97, 5
100, 93, 34, 100, 0, 73, 64, 71, 87, 94, 74, 62, 64, 31, 62, 0, 9
72, 91, 21, 75, 13, 30, 53, 0, 100, 24, 100, 69, 55, 100, 0, 88, 0
59, 43, 100, 79, 64, 100, 22, 66, 55, 28, 12, 0, 0, 27, 67, 56, 8
4, 86, 38, 100, 44, 74, 24, 47, 0, 20, 21, 1, 60, 0, 100, 1, 2
53, 100, 30, 82, 0, 61, 2, 39, 79, 40, 100, 44, 84, 21, 100, 0, 4
21, 83, 0, 65, 0, 28, 35, 0, 84, 17, 100, 53, 84, 88, 30, 100, 0
61, 83, 4, 66, 29, 100, 80, 85, 100, 46, 100, 6, 43, 0, 0, 29, 9
0, 17, 100, 38, 96, 69, 91, 100, 78, 94, 70, 62, 65, 31, 70, 0, 1
0, 87, 26, 100, 95, 82, 88, 41, 63, 0, 27, 11, 15, 40, 100, 43, 7
100, 65, 72, 100, 0, 85, 20, 52, 79, 78, 99, 48, 83, 5, 14, 0, 9
65, 100, 28, 74, 0, 45, 0, 13, 50, 0, 100, 12, 58, 24, 5, 13, 6
80, 50, 77, 96, 21, 100, 58, 55, 77, 9, 0, 0, 24, 46, 100, 82, 8
0, 56, 29, 70, 66, 87, 100, 100, 88, 75, 73, 50, 58, 25, 48, 0, 1
0, 78, 44, 100, 68, 85, 66, 46, 80, 8, 100, 0, 38, 2, 1, 7, 1
26, 100, 11, 78, 0, 51, 16, 28, 59, 36, 100, 51, 85, 26, 69, 0, 4
39, 85, 86, 49, 100, 11, 6, 0, 31, 35, 96, 67, 90, 100, 0, 85, 8
0, 32, 24, 56, 62, 77, 100, 100, 100, 91, 77, 62, 62, 32, 54, 0, 1
9, 74, 45, 100, 61, 74, 35, 41, 3, 12, 0, 22, 50, 14, 100, 0, 2
22, 67, 30, 100, 65, 72, 54, 31, 12, 5, 0, 12, 54, 0, 100, 13, 2
23, 100, 3, 69, 0, 38, 58, 26, 100, 45, 97, 60, 76, 30, 60, 0, 4
45, 100, 23, 55, 27, 4, 73, 0, 100, 45, 85, 93, 30, 95, 0, 53, 0
29, 94, 54, 100, 54, 64, 31, 32, 0, 10, 26, 7, 62, 3, 100, 0, 2
3, 100, 6, 83, 0, 51, 34, 29, 100, 29, 74, 50, 54, 32, 47, 0, 4
76, 100, 60, 100, 20, 63, 0, 19, 46, 0, 100, 17, 60, 37, 8, 32, 6
69, 76, 77, 100, 100, 83, 74, 58, 93, 35, 86, 7, 43, 0, 0, 6, 3
37, 100, 8, 68, 0, 32, 48, 25, 100, 30, 96, 64, 95, 36, 82, 0, 4
27, 100, 30, 67, 95, 44, 66, 0, 11, 12, 0, 62, 22, 97, 100, 99, 5
26, 66, 13, 37, 32, 0, 80, 5, 100, 42, 82, 81, 38, 100, 0, 76, 0
60, 78, 100, 100, 38, 100, 0, 76, 70, 79, 96, 56, 75, 27, 44, 0, 9
53, 100, 15, 69, 0, 29, 30, 0, 78, 22, 100, 60, 68, 90, 11, 83, 0
24, 100, 9, 84, 0, 60, 41, 43, 100, 53, 76, 47, 72, 23, 80, 0, 4
32, 89, 19, 53, 73, 37, 53, 0, 0, 17, 7, 65, 39, 100, 100, 98, 5
30, 83, 62, 100, 51, 69, 29, 40, 0, 14, 1, 0, 50, 8, 100, 10, 2
5, 85, 12, 53, 30, 12, 3, 0, 0, 45, 8, 85, 53, 95, 100, 100, 5
24, 49, 98, 70, 100, 100, 49, 74, 84, 35, 69, 0, 0, 18, 69, 45, 8
29, 80, 33, 100, 71, 89, 55, 43, 20, 8, 0, 5, 50, 4, 100, 0, 2
0, 80, 23, 100, 57, 99, 66, 70, 52, 41, 38, 12, 65, 0, 100, 0, 2
9, 93, 41, 100, 59, 59, 41, 16, 11, 0, 0, 37, 50, 34, 100, 25, 7
0, 100, 3, 84, 1, 63, 7, 43, 52, 38, 55, 35, 62, 14, 100, 0, 4
32, 95, 89, 100, 100, 80, 64, 41, 47, 1, 31, 0, 0, 36, 91, 37, 7
32, 87, 20, 56, 58, 30, 18, 0, 0, 31, 3, 79, 46, 100, 100, 97, 5
56, 100, 6, 76, 0, 55, 78, 62, 100, 84, 68, 57, 44, 29, 32, 0, 4
46, 100, 28, 98, 7, 64, 13, 29, 55, 6, 100, 15, 46, 17, 0, 0, 6
81, 67, 72, 100, 0, 83, 31, 50, 100, 66, 94, 51, 83, 11, 4, 0, 9
0, 30, 38, 51, 69, 76, 100, 100, 87, 80, 66, 54, 50, 27, 41, 0, 1
0, 92, 46, 100, 90, 89, 52, 67, 89, 44, 100, 16, 53, 4, 3, 0, 3
80, 100, 30, 86, 5, 55, 1, 21, 49, 0, 100, 22, 55, 35, 0, 15, 6
34, 58, 45, 100, 54, 60, 35, 18, 0, 0, 22, 17, 61, 8, 100, 9, 2
82, 70, 31, 56, 0, 81, 51, 100, 100, 84, 87, 51, 54, 21, 12, 0, 9
0, 0, 54, 27, 80, 57, 100, 89, 95, 100, 85, 68, 80, 36, 78, 4, 1
33, 67, 50, 79, 100, 100, 96, 86, 71, 65, 42, 43, 21, 22, 0, 0, 1
0, 68, 48, 81, 86, 100, 100, 97, 87, 73, 81, 49, 80, 24, 71, 0, 1
32, 100, 39, 76, 0, 48, 11, 38, 91, 39, 100, 64, 86, 31, 71, 0, 4
0, 77, 40, 95, 87, 100, 100, 73, 71, 47, 34, 25, 17, 0, 67, 1, 2
39, 100, 21, 77, 0, 47, 27, 37, 84, 36, 100, 60, 88, 29, 86, 0, 4
0, 96, 38, 100, 75, 92, 70, 46, 62, 0, 49, 15, 63, 34, 100, 38, 7
30, 78, 41, 100, 100, 83, 59, 62, 40, 56, 85, 30, 62, 0, 0, 9, 3
89, 71, 35, 68, 20, 90, 80, 100, 100, 73, 82, 45, 48, 20, 0, 0, 9
0, 100, 11, 91, 2, 60, 47, 47, 100, 62, 72, 57, 46, 29, 26, 0, 4
12, 99, 49, 100, 100, 93, 65, 62, 28, 32, 0, 0, 11, 35, 72, 39, 7
31, 82, 72, 100, 100, 87, 65, 64, 69, 40, 91, 14, 47, 0, 0, 5, 3
0, 86, 36, 100, 66, 75, 48, 40, 16, 13, 12, 0, 56, 8, 100, 7, 2
100, 100, 38, 98, 49, 62, 97, 86, 98, 77, 97, 36, 70, 2, 0, 0, 9
11, 82, 51, 100, 93, 89, 65, 66, 73, 51, 100, 32, 53, 14, 0, 0, 3
42, 84, 70, 100, 100, 87, 69, 65, 55, 43, 86, 23, 51, 5, 0, 0, 3
100, 99, 60, 100, 34, 78, 14, 53, 0, 27, 6, 0, 37, 9, 6, 27, 6
100, 100, 56, 88, 64, 67, 91, 96, 93, 60, 79, 24, 43, 0, 0, 11, 9
79, 100, 51, 85, 26, 51, 15, 13, 62, 0, 100, 21, 49, 31, 0, 15, 6
32, 82, 69, 100, 74, 70, 57, 49, 100, 33, 94, 5, 47, 0, 0, 7, 3
30, 85, 68, 100, 54, 78, 60, 65, 100, 46, 85, 15, 38, 0, 0, 16, 3
89, 79, 23, 71, 70, 30, 36, 0, 0, 26, 72, 63, 100, 100, 2, 76, 8
18, 95, 14, 65, 77, 57, 100, 13, 49, 0, 12, 43, 0, 88, 62, 100, 5
39, 96, 4, 61, 0, 18, 49, 0, 96, 26, 100, 70, 61, 100, 5, 88, 0
0, 80, 23, 100, 94, 83, 100, 50, 68, 19, 34, 0, 32, 34, 89, 50, 7
61, 92, 100, 100, 100, 94, 62, 83, 30, 60, 49, 27, 36, 0, 0, 6, 5
8, 70, 36, 100, 55, 69, 40, 31, 9, 0, 0, 17, 49, 10, 100, 0, 2
12, 75, 46, 100, 66, 74, 41, 42, 6, 14, 0, 15, 51, 11, 100, 0, 2
0, 80, 35, 100, 99, 82, 100, 45, 61, 12, 20, 0, 18, 34, 92, 31, 7
26, 100, 0, 77, 7, 47, 68, 44, 100, 65, 90, 64, 85, 32, 81, 0, 4
72, 97, 64, 54, 69, 0, 0, 13, 28, 50, 100, 73, 96, 100, 19, 90, 8
24, 77, 0, 46, 22, 8, 70, 0, 100, 32, 90, 74, 51, 100, 5, 90, 0
66, 83, 100, 100, 98, 98, 59, 88, 29, 67, 49, 38, 38, 10, 0, 0, 5
44, 100, 14, 65, 0, 25, 29, 0, 72, 17, 100, 51, 87, 89, 42, 86, 0
0, 69, 49, 35, 63, 0, 1, 6, 41, 41, 100, 72, 99, 100, 19, 76, 8
50, 100, 15, 65, 1, 23, 46, 0, 97, 27, 100, 69, 54, 100, 0, 84, 0
14, 89, 52, 100, 64, 61, 38, 21, 4, 0, 0, 39, 50, 46, 100, 44, 7
0, 88, 40, 100, 59, 69, 36, 36, 0, 11, 9, 13, 57, 15, 100, 0, 2
0, 100, 63, 98, 67, 66, 57, 32, 39, 0, 13, 19, 35, 36, 100, 36, 7
10, 100, 0, 99, 51, 100, 95, 89, 100, 67, 91, 44, 76, 22, 69, 0, 7
85, 96, 38, 77, 100, 40, 68, 0, 0, 20, 51, 59, 98, 100, 32, 86, 8
39, 84, 64, 100, 83, 77, 71, 53, 100, 31, 80, 6, 31, 0, 0, 18, 3
51, 100, 36, 83, 3, 52, 0, 33, 67, 38, 100, 53, 83, 34, 70, 0, 4
0, 96, 41, 100, 61, 68, 47, 31, 31, 0, 12, 36, 46, 48, 100, 47, 7
0, 55, 38, 74, 83, 96, 100, 100, 83, 75, 71, 50, 60, 24, 43, 0, 1
34, 65, 42, 37, 39, 5, 0, 0, 6, 35, 27, 67, 61, 88, 100, 100, 5
20, 77, 54, 100, 100, 94, 81, 64, 79, 44, 94, 15, 48, 0, 0, 14, 3
0, 74, 33, 91, 92, 100, 100, 77, 71, 40, 52, 0, 37, 34, 69, 44, 7
0, 66, 35, 100, 45, 92, 41, 38, 22, 1, 5, 0, 53, 3, 100, 6, 1
17, 63, 6, 20, 51, 0, 95, 28, 100, 72, 55, 100, 0, 91, 0, 52, 0
49, 100, 0, 70, 24, 56, 100, 65, 86, 85, 44, 77, 21, 38, 6, 0, 4
0, 90, 46, 100, 88, 92, 79, 69, 60, 48, 39, 27, 47, 6, 100, 0, 2
41, 84, 73, 100, 100, 82, 62, 60, 97, 38, 91, 8, 42, 0, 0, 19, 3
0, 50, 41, 69, 76, 90, 100, 100, 89, 74, 78, 50, 70, 25, 68, 0, 1
59, 89, 42, 23, 29, 42, 25, 100, 100, 82, 75, 46, 98, 0, 0, 3, 3
20, 100, 6, 61, 25, 28, 18, 0, 0, 27, 11, 63, 55, 75, 100, 82, 5
0, 55, 46, 58, 73, 82, 100, 100, 92, 75, 89, 50, 84, 25, 89, 0, 1
61, 100, 24, 88, 21, 49, 26, 9, 0, 0, 7, 37, 51, 60, 100, 78, 8
17, 81, 59, 100, 76, 75, 53, 48, 100, 44, 89, 13, 40, 0, 0, 20, 3
9, 88, 22, 100, 26, 65, 16, 31, 0, 5, 33, 1, 66, 0, 100, 3, 2
49, 100, 7, 83, 0, 54, 100, 60, 72, 82, 51, 86, 59, 36, 68, 0, 4
23, 89, 59, 100, 75, 68, 58, 33, 36, 0, 0, 18, 48, 27, 100, 32, 7
100, 91, 49, 100, 28, 66, 55, 30, 26, 0, 0, 30, 50, 61, 95, 90, 8
0, 61, 29, 88, 51, 100, 43, 66, 43, 32, 23, 0, 11, 2, 100, 3, 1
37, 67, 84, 100, 51, 80, 24, 41, 32, 0, 100, 4, 69, 28, 0, 13, 6
79, 98, 30, 90, 2, 53, 0, 10, 46, 0, 88, 27, 100, 70, 73, 100, 0
14, 100, 14, 92, 0, 65, 55, 55, 100, 72, 72, 53, 49, 27, 29, 0, 4
0, 87, 27, 100, 55, 87, 68, 68, 82, 50, 100, 32, 100, 13, 73, 0, 3
37, 80, 53, 100, 88, 83, 59, 60, 100, 44, 92, 15, 49, 0, 0, 8, 3
21, 65, 9, 25, 40, 0, 79, 25, 100, 61, 87, 98, 40, 100, 0, 80, 0
0, 92, 44, 100, 71, 83, 56, 59, 100, 47, 89, 19, 50, 0, 3, 1, 3
13, 91, 18, 54, 66, 40, 37, 0, 5, 29, 0, 81, 44, 99, 100, 100, 5
34, 99, 9, 67, 52, 42, 35, 0, 0, 4, 19, 62, 52, 97, 100, 100, 5
100, 95, 78, 100, 28, 72, 0, 39, 1, 4, 71, 0, 88, 32, 11, 41, 6
100, 100, 83, 96, 67, 80, 50, 64, 37, 48, 20, 32, 7, 16, 0, 0, 1
16, 86, 0, 43, 25, 1, 68, 0, 100, 35, 90, 85, 50, 100, 13, 75, 0
38, 100, 6, 73, 0, 41, 71, 37, 100, 67, 80, 63, 49, 32, 21, 0, 4
57, 93, 18, 71, 0, 34, 19, 0, 64, 4, 96, 34, 100, 73, 69, 100, 0
7, 98, 58, 100, 90, 70, 71, 27, 41, 0, 0, 27, 50, 37, 100, 35, 7
0, 50, 32, 76, 60, 100, 63, 64, 62, 29, 30, 6, 40, 1, 100, 0, 1
4, 87, 64, 61, 56, 21, 0, 0, 47, 36, 100, 70, 99, 100, 19, 78, 8
21, 90, 68, 100, 69, 67, 56, 47, 100, 37, 80, 3, 31, 0, 0, 28, 3
0, 89, 33, 100, 49, 54, 39, 6, 16, 0, 10, 36, 55, 35, 100, 31, 7
32, 100, 86, 86, 100, 56, 81, 27, 46, 0, 0, 17, 38, 34, 98, 47, 7
100, 100, 55, 89, 17, 61, 0, 29, 28, 0, 94, 6, 94, 33, 26, 34, 6
14, 85, 54, 100, 100, 96, 72, 72, 87, 41, 92, 10, 47, 0, 0, 3, 3
56, 97, 24, 69, 100, 58, 96, 17, 25, 0, 5, 42, 0, 85, 75, 100, 5
21, 64, 34, 100, 39, 92, 41, 55, 41, 18, 0, 1, 34, 0, 100, 1, 1
7, 92, 47, 58, 76, 23, 13, 0, 22, 35, 78, 67, 100, 100, 0, 86, 8
0, 59, 40, 78, 76, 100, 100, 100, 82, 75, 62, 49, 40, 25, 29, 0, 1
76, 54, 73, 95, 27, 100, 0, 60, 8, 15, 53, 0, 91, 29, 100, 72, 0
55, 96, 99, 100, 52, 86, 61, 58, 96, 35, 100, 6, 51, 0, 0, 2, 5
37, 55, 41, 86, 100, 100, 97, 71, 83, 53, 96, 23, 49, 0, 0, 9, 3
6, 65, 0, 92, 48, 100, 100, 97, 74, 73, 47, 49, 25, 24, 32, 0, 7
100, 100, 60, 99, 27, 83, 15, 52, 47, 44, 76, 26, 42, 7, 0, 0, 5
93, 84, 52, 100, 6, 83, 0, 35, 28, 0, 77, 6, 100, 47, 89, 79, 0
100, 98, 65, 100, 19, 94, 0, 61, 44, 67, 74, 44, 51, 13, 6, 0, 5
71, 100, 35, 82, 0, 62, 45, 51, 100, 49, 82, 43, 52, 21, 25, 0, 4
21, 85, 73, 100, 100, 96, 44, 87, 10, 74, 62, 51, 47, 0, 0, 11, 5
100, 100, 62, 85, 34, 58, 11, 31, 0, 3, 48, 0, 81, 24, 34, 23, 6
0, 83, 52, 100, 100, 82, 80, 41, 53, 0, 30, 3, 33, 40, 99, 45, 7
0, 73, 4, 69, 22, 95, 93, 100, 100, 83, 82, 45, 67, 8, 76, 0, 7
42, 100, 34, 62, 55, 29, 40, 0, 0, 23, 5, 55, 51, 71, 100, 83, 5
73, 100, 35, 86, 3, 53, 0, 16, 54, 0, 100, 22, 53, 42, 4, 30, 6
42, 91, 73, 64, 100, 95, 48, 100, 81, 73, 100, 38, 64, 4, 0, 0, 9
89, 100, 52, 72, 0, 46, 10, 33, 100, 35, 99, 60, 89, 31, 85, 0, 4
28, 88, 55, 100, 56, 69, 30, 41, 0, 16, 33, 7, 72, 0, 100, 26, 2
76, 82, 72, 42, 93, 0, 7, 5, 33, 42, 100, 74, 72, 100, 0, 74, 8
58, 100, 0, 84, 75, 60, 100, 24, 35, 0, 6, 32, 45, 68, 30, 98, 8
0, 87, 23, 100, 47, 85, 33, 53, 17, 21, 33, 0, 66, 8, 100, 18, 2
25, 81, 61, 100, 85, 77, 57, 53, 100, 42, 93, 7, 36, 0, 0, 22, 3
0, 76, 28, 100, 66, 93, 61, 57, 35, 29, 19, 7, 60, 6, 100, 0, 2
50, 98, 22, 84, 0, 39, 25, 0, 78, 12, 100, 56, 83, 100, 27, 97, 0
100, 100, 62, 85, 32, 57, 11, 26, 25, 0, 58, 21, 35, 45, 0, 35, 6
8, 70, 0, 96, 46, 100, 100, 98, 96, 75, 69, 50, 48, 24, 58, 0, 7
16, 81, 54, 100, 100, 89, 60, 61, 58, 48, 97, 28, 57, 0, 0, 5, 3
0, 62, 20, 90, 58, 100, 58, 71, 37, 41, 23, 9, 58, 0, 100, 4, 2
64, 59, 62, 97, 5, 80, 0, 37, 36, 0, 95, 15, 100, 58, 82, 100, 0
0, 49, 35, 62, 82, 82, 100, 100, 85, 74, 65, 49, 44, 24, 29, 0, 1
100, 90, 68, 100, 23, 99, 0, 71, 15, 59, 54, 49, 49, 16, 12, 0, 5
100, 97, 60, 100, 27, 77, 4, 45, 0, 6, 36, 0, 50, 34, 16, 37, 6
25, 77, 43, 100, 82, 84, 65, 58, 97, 41, 100, 16, 53, 5, 0, 0, 3
74, 98, 10, 96, 44, 61, 100, 29, 48, 0, 0, 28, 39, 67, 40, 100, 8
100, 100, 70, 89, 52, 75, 39, 61, 25, 45, 11, 31, 2, 15, 0, 0, 1
28, 76, 80, 85, 44, 100, 48, 85, 100, 71, 96, 37, 51, 15, 0, 0, 9
48, 97, 9, 63, 0, 15, 49, 0, 94, 27, 100, 73, 55, 100, 5, 82, 0
0, 87, 31, 100, 66, 71, 61, 35, 51, 0, 1, 13, 21, 28, 100, 34, 7
0, 82, 58, 99, 70, 100, 61, 62, 59, 24, 24, 2, 14, 0, 100, 3, 1
0, 86, 47, 100, 83, 86, 48, 64, 62, 49, 100, 31, 71, 7, 16, 0, 3
28, 79, 55, 100, 52, 68, 29, 39, 0, 15, 31, 1, 68, 0, 100, 23, 2
26, 81, 9, 61, 52, 33, 25, 0, 0, 22, 13, 73, 50, 100, 100, 92, 5
100, 95, 83, 100, 29, 98, 0, 66, 27, 57, 75, 46, 64, 12, 17, 0, 5
24, 100, 24, 99, 0, 64, 38, 41, 99, 39, 100, 78, 89, 39, 85, 0, 4
0, 59, 18, 94, 52, 100, 52, 61, 32, 26, 24, 0, 62, 7, 100, 14, 2
88, 90, 14, 100, 35, 70, 100, 38, 79, 0, 0, 11, 40, 51, 88, 89, 8
0, 65, 40, 83, 100, 100, 96, 80, 80, 60, 56, 40, 28, 20, 12, 0, 1
20, 66, 34, 100, 41, 74, 29, 32, 0, 0, 8, 0, 54, 4, 100, 11, 1
100, 86, 12, 100, 0, 64, 67, 29, 39, 0, 35, 38, 94, 74, 92, 98, 8
31, 81, 1, 43, 13, 1, 68, 0, 100, 36, 96, 79, 48, 100, 0, 80, 0
15, 72, 38, 100, 49, 67, 29, 29, 0, 16, 33, 22, 66, 8, 100, 0, 2
44, 81, 80, 100, 97, 76, 48, 55, 100, 40, 99, 10, 42, 0, 0, 9, 3
22, 88, 15, 37, 37, 0, 77, 12, 100, 51, 77, 92, 37, 100, 0, 78, 0
56, 100, 28, 72, 0, 44, 54, 50, 100, 69, 84, 59, 59, 30, 42, 0, 4
59, 100, 20, 82, 0, 49, 59, 35, 100, 58, 91, 64, 60, 32, 35, 0, 4
45, 99, 57, 70, 100, 33, 74, 0, 0, 22, 28, 59, 81, 94, 40, 100, 8
12, 77, 0, 37, 23, 0, 74, 4, 98, 39, 100, 80, 61, 100, 23, 71, 0
16, 86, 70, 100, 85, 71, 51, 43, 100, 40, 97, 7, 37, 0, 0, 26, 3
100, 93, 73, 100, 43, 98, 34, 66, 50, 50, 61, 34, 31, 17, 0, 0, 5
39, 97, 64, 100, 50, 68, 26, 42, 0, 21, 34, 11, 68, 0, 100, 19, 2
49, 100, 28, 74, 0, 47, 5, 34, 62, 39, 100, 56, 79, 28, 72, 0, 4
0, 93, 79, 100, 100, 68, 68, 34, 26, 0, 19, 10, 9, 44, 94, 42, 7
14, 85, 51, 57, 66, 17, 0, 0, 35, 36, 91, 68, 100, 100, 23, 85, 8
34, 74, 64, 45, 100, 10, 6, 0, 23, 36, 83, 70, 91, 100, 0, 82, 8
6, 81, 40, 100, 57, 78, 38, 50, 11, 24, 0, 5, 51, 8, 100, 0, 2
66, 100, 38, 100, 0, 71, 2, 44, 64, 36, 98, 61, 94, 34, 100, 0, 4
0, 84, 43, 100, 98, 98, 87, 70, 63, 48, 100, 22, 52, 10, 0, 0, 3
0, 37, 30, 58, 65, 78, 100, 100, 75, 77, 52, 52, 33, 26, 18, 0, 1
0, 89, 56, 100, 95, 76, 72, 37, 47, 0, 10, 3, 32, 16, 100, 22, 7
86, 100, 59, 92, 19, 64, 0, 33, 21, 2, 94, 0, 100, 25, 26, 20, 6
100, 92, 61, 100, 31, 80, 20, 42, 58, 44, 73, 20, 38, 1, 0, 0, 5
0, 96, 53, 100, 95, 71, 85, 28, 54, 0, 4, 20, 43, 31, 100, 37, 7
50, 100, 19, 86, 0, 71, 11, 55, 43, 42, 80, 31, 100, 16, 89, 0, 4
12, 60, 24, 100, 58, 90, 37, 47, 0, 14, 1, 0, 51, 0, 100, 15, 2
68, 100, 23, 80, 0, 40, 19, 0, 70, 5, 100, 42, 100, 86, 57, 93, 0
47, 85, 76, 100, 83, 73, 56, 53, 100, 38, 90, 11, 44, 0, 0, 7, 3
100, 94, 67, 100, 39, 100, 37, 68, 62, 52, 58, 32, 28, 16, 0, 0, 5
44, 83, 76, 100, 82, 75, 58, 58, 100, 45, 90, 15, 45, 0, 0, 11, 3
4, 84, 38, 100, 51, 76, 38, 50, 17, 25, 0, 0, 49, 3, 100, 4, 2
27, 93, 7, 49, 15, 0, 66, 1, 100, 41, 91, 87, 39, 100, 0, 68, 0
0, 87, 53, 100, 87, 71, 73, 32, 38, 0, 2, 26, 35, 47, 100, 53, 7
35, 75, 55, 100, 86, 85, 66, 55, 100, 36, 87, 7, 37, 0, 0, 22, 3
1, 64, 29, 100, 34, 79, 28, 32, 0, 1, 8, 0, 54, 2, 100, 2, 1
67, 96, 7, 83, 66, 56, 100, 23, 34, 0, 0, 30, 24, 68, 24, 100, 8
0, 98, 35, 100, 75, 75, 63, 43, 47, 10, 28, 0, 19, 19, 100, 30, 7
33, 80, 24, 99, 82, 100, 82, 77, 84, 53, 100, 30, 67, 9, 0, 0, 3
20, 100, 7, 68, 34, 34, 44, 0, 0, 18, 63, 48, 100, 81, 27, 79, 8
32, 58, 21, 36, 18, 0, 70, 8, 100, 41, 95, 79, 53, 100, 0, 88, 0
12, 72, 75, 91, 100, 100, 56, 80, 19, 60, 6, 40, 0, 20, 0, 0, 1
0, 70, 23, 35, 44, 0, 35, 4, 6, 37, 10, 74, 52, 95, 100, 100, 5
52, 89, 56, 100, 100, 96, 75, 74, 65, 50, 80, 26, 44, 8, 0, 0, 3
66, 100, 15, 80, 0, 50, 91, 46, 100, 72, 78, 65, 58, 33, 45, 0, 4
24, 100, 0, 79, 59, 42, 98, 0, 74, 0, 91, 45, 100, 91, 13, 93, 8
100, 100, 73, 90, 55, 75, 55, 60, 36, 45, 18, 30, 0, 15, 0, 0, 1
100, 68, 62, 100, 2, 85, 40, 58, 88, 85, 94, 35, 62, 4, 0, 0, 9
25, 55, 74, 63, 65, 100, 1, 75, 25, 43, 100, 66, 49, 34, 0, 0, 9
100, 100, 55, 100, 22, 89, 0, 59, 35, 61, 69, 44, 54, 12, 13, 0, 5
13, 73, 46, 100, 56, 67, 40, 32, 13, 0, 0, 7, 49, 8, 100, 6, 2
72, 92, 19, 100, 32, 58, 89, 78, 91, 83, 100, 39, 72, 0, 0, 8, 9
13, 79, 35, 100, 58, 77, 37, 41, 0, 12, 4, 13, 55, 0, 100, 12, 2
42, 100, 26, 84, 0, 51, 47, 39, 99, 62, 100, 65, 68, 34, 53, 0, 4
100, 95, 52, 100, 58, 58, 59, 14, 1, 0, 0, 29, 52, 55, 98, 75, 8
45, 100, 19, 72, 0, 41, 47, 31, 100, 32, 82, 63, 78, 33, 80, 0, 4
46, 97, 40, 100, 0, 71, 63, 61, 100, 75, 64, 98, 46, 49, 34, 0, 4
100, 99, 53, 100, 21, 90, 0, 62, 42, 62, 70, 39, 55, 10, 14, 0, 5
35, 87, 75, 100, 88, 85, 69, 62, 100, 40, 88, 17, 45, 6, 0, 0, 3
0, 79, 39, 100, 82, 90, 53, 57, 86, 49, 100, 17, 57, 0, 14, 13, 3
24, 80, 0, 45, 16, 0, 79, 13, 100, 58, 75, 100, 16, 74, 12, 28, 0
22, 57, 50, 98, 61, 100, 56, 50, 35, 10, 0, 2, 52, 6, 100, 0, 1
55, 93, 81, 100, 73, 72, 77, 51, 100, 28, 70, 8, 32, 0, 0, 9, 3
100, 100, 41, 89, 8, 59, 2, 23, 46, 0, 88, 23, 43, 43, 0, 24, 6
0, 97, 60, 100, 42, 99, 5, 69, 44, 59, 100, 43, 69, 0, 0, 13, 5
35, 96, 42, 100, 16, 65, 7, 28, 44, 0, 100, 16, 62, 35, 0, 22, 6
0, 93, 33, 100, 43, 51, 35, 0, 3, 22, 12, 48, 55, 59, 100, 64, 7
16, 78, 53, 100, 81, 76, 53, 46, 94, 46, 100, 15, 44, 0, 0, 14, 3
57, 100, 30, 77, 8, 53, 0, 28, 10, 4, 60, 0, 100, 16, 62, 24, 6
58, 81, 90, 100, 100, 96, 58, 86, 38, 67, 67, 36, 39, 0, 0, 10, 5
100, 100, 57, 92, 24, 87, 0, 58, 33, 57, 66, 42, 48, 13, 8, 0, 5
95, 100, 50, 78, 0, 57, 12, 37, 90, 43, 100, 48, 68, 25, 55, 0, 4
17, 94, 0, 66, 11, 93, 63, 100, 100, 98, 81, 64, 62, 29, 47, 0, 7
11, 75, 26, 100, 46, 81, 28, 46, 0, 17, 21, 19, 59, 0, 100, 11, 2
22, 80, 0, 35, 32, 0, 87, 22, 100, 69, 61, 100, 18, 65, 9, 19, 0
0, 87, 32, 100, 55, 79, 51, 48, 33, 21, 25, 0, 62, 0, 100, 4, 2
80, 100, 42, 78, 12, 46, 0, 10, 56, 0, 100, 22, 61, 49, 8, 33, 6
100, 60, 82, 100, 22, 89, 33, 44, 47, 0, 0, 1, 26, 42, 93, 62, 8
43, 78, 68, 40, 55, 1, 0, 0, 18, 37, 65, 65, 100, 99, 45, 100, 8
5, 63, 21, 100, 49, 76, 33, 34, 0, 0, 5, 6, 53, 2, 100, 8, 2
19, 65, 68, 37, 56, 0, 0, 5, 36, 40, 85, 71, 100, 100, 36, 80, 8
80, 100, 100, 97, 75, 82, 55, 66, 35, 50, 20, 34, 5, 16, 0, 0, 1
18, 61, 51, 37, 44, 0, 0, 13, 33, 48, 84, 79, 100, 100, 35, 75, 8
42, 93, 5, 61, 93, 54, 100, 14, 21, 0, 0, 41, 14, 83, 97, 100, 5
0, 69, 29, 100, 49, 75, 33, 36, 3, 4, 9, 14, 54, 6, 100, 0, 2
34, 100, 0, 75, 0, 41, 25, 9, 84, 0, 100, 33, 73, 65, 16, 71, 0
43, 61, 10, 23, 46, 0, 88, 31, 100, 76, 64, 100, 24, 67, 0, 25, 0
32, 100, 0, 70, 9, 39, 68, 37, 100, 59, 86, 67, 82, 33, 91, 0, 4
0, 72, 23, 81, 67, 100, 100, 99, 94, 75, 87, 49, 83, 25, 75, 0, 1
77, 100, 8, 92, 44, 73, 92, 97, 100, 65, 100, 30, 68, 0, 0, 2, 9
0, 58, 25, 69, 67, 91, 100, 100, 76, 75, 53, 50, 25, 25, 4, 0, 1
55, 100, 22, 88, 0, 72, 1, 53, 32, 41, 67, 32, 95, 19, 100, 0, 4
16, 100, 4, 71, 0, 42, 39, 21, 89, 33, 100, 55, 80, 28, 87, 0, 4
38, 100, 15, 59, 18, 13, 63, 0, 100, 33, 96, 77, 48, 90, 0, 72, 0
42, 100, 24, 72, 0, 43, 50, 49, 93, 70, 100, 61, 94, 29, 99, 0, 4
76, 91, 100, 100, 89, 75, 84, 51, 85, 23, 61, 2, 23, 0, 0, 22, 3
34, 85, 62, 100, 79, 76, 51, 49, 90, 36, 100, 13, 48, 0, 0, 7, 3
0, 93, 49, 100, 100, 100, 80, 66, 61, 27, 51, 0, 44, 35, 95, 37, 7
81, 100, 42, 80, 0, 49, 57, 38, 100, 49, 68, 70, 67, 35, 63, 0, 4
100, 88, 100, 100, 76, 73, 52, 44, 40, 16, 80, 0, 56, 20, 0, 1, 6
47, 82, 17, 73, 0, 34, 25, 0, 71, 9, 100, 44, 97, 85, 55, 100, 0
100, 98, 56, 100, 20, 77, 0, 48, 3, 17, 44, 0, 53, 22, 11, 40, 6
0, 67, 35, 78, 71, 95, 100, 100, 83, 75, 67, 51, 50, 26, 42, 0, 1
0, 80, 35, 100, 75, 96, 59, 62, 100, 56, 99, 22, 64, 0, 24, 6, 3
80, 70, 57, 100, 15, 73, 0, 30, 34, 0, 83, 15, 100, 56, 75, 88, 0
66, 100, 31, 74, 6, 47, 0, 20, 41, 0, 100, 16, 84, 36, 16, 23, 6
100, 46, 93, 86, 46, 100, 10, 72, 0, 28, 29, 0, 76, 18, 88, 55, 0
0, 86, 41, 100, 77, 86, 58, 58, 98, 42, 100, 16, 58, 1, 8, 0, 3
41, 94, 82, 100, 97, 79, 81, 54, 100, 30, 86, 6, 42, 0, 0, 1, 3
34, 77, 79, 59, 100, 23, 28, 0, 0, 32, 38, 68, 93, 100, 31, 87, 8
56, 100, 28, 83, 0, 61, 38, 45, 100, 55, 69, 45, 46, 23, 31, 0, 4
0, 93, 2, 43, 21, 0, 67, 8, 100, 45, 100, 92, 54, 100, 21, 68, 0
100, 100, 45, 91, 7, 63, 0, 30, 33, 1, 89, 0, 63, 28, 7, 31, 6
88, 100, 38, 82, 63, 53, 100, 82, 98, 67, 95, 31, 67, 0, 0, 8, 9
100, 88, 47, 100, 23, 66, 80, 66, 91, 78, 93, 36, 62, 0, 0, 3, 9
36, 88, 6, 47, 9, 0, 63, 7, 100, 44, 100, 88, 48, 100, 0, 73, 0
21, 87, 24, 55, 60, 29, 24, 0, 0, 17, 10, 68, 52, 90, 100, 100, 5
1, 90, 42, 100, 76, 89, 59, 61, 100, 44, 100, 18, 55, 2, 0, 0, 3
100, 95, 49, 100, 14, 71, 0, 34, 21, 0, 64, 16, 39, 45, 29, 13, 6
65, 100, 0, 89, 67, 60, 100, 24, 38, 0, 29, 38, 55, 78, 3, 99, 8
19, 60, 33, 88, 100, 100, 93, 70, 51, 48, 98, 27, 63, 0, 0, 0, 3
13, 95, 71, 100, 93, 71, 54, 42, 94, 42, 100, 12, 43, 0, 0, 20, 3
60, 100, 20, 91, 32, 52, 45, 12, 0, 0, 5, 35, 53, 54, 100, 73, 8
44, 100, 8, 78, 0, 41, 14, 6, 66, 0, 99, 30, 100, 67, 56, 78, 0
8, 62, 17, 100, 61, 88, 41, 44, 0, 11, 8, 22, 58, 0, 100, 14, 2
10, 76, 0, 34, 26, 0, 69, 9, 100, 42, 97, 84, 57, 100, 14, 87, 0
47, 84, 94, 100, 100, 93, 41, 80, 25, 61, 82, 41, 53, 0, 0, 10, 5
24, 87, 31, 38, 61, 0, 100, 25, 96, 72, 57, 100, 10, 87, 0, 42, 0
48, 100, 25, 78, 0, 48, 25, 30, 72, 29, 94, 55, 90, 32, 100, 0, 4
31, 100, 0, 74, 52, 36, 48, 0, 0, 18, 52, 56, 100, 94, 19, 94, 8
0, 96, 51, 100, 58, 78, 38, 56, 13, 35, 0, 14, 42, 1, 100, 0, 2
86, 93, 100, 100, 64, 84, 39, 67, 22, 51, 8, 34, 0, 17, 0, 0, 1
41, 100, 12, 77, 0, 42, 69, 28, 100, 58, 86, 67, 50, 34, 18, 0, 4
77, 100, 37, 78, 0, 53, 48, 37, 100, 40, 92, 60, 87, 28, 97, 0, 4
83, 100, 100, 91, 78, 76, 61, 61, 44, 45, 28, 30, 11, 15, 0, 0, 1
0, 55, 32, 91, 39, 100, 36, 47, 19, 0, 1, 7, 50, 7, 100, 8, 1
0, 61, 29, 92, 46, 100, 48, 62, 43, 24, 4, 0, 45, 6, 100, 8, 1
2, 66, 26, 100, 78, 99, 77, 64, 41, 34, 0, 7, 47, 3, 100, 0, 2
89, 100, 46, 78, 14, 51, 0, 22, 38, 0, 100, 8, 92, 33, 30, 28, 6
14, 67, 44, 47, 44, 9, 0, 0, 23, 36, 63, 68, 100, 100, 44, 88, 8
51, 93, 86, 100, 80, 69, 54, 44, 100, 37, 94, 10, 48, 1, 0, 0, 3
21, 89, 13, 64, 67, 42, 42, 0, 0, 17, 5, 68, 34, 100, 100, 97, 5
100, 100, 58, 98, 29, 80, 27, 45, 63, 36, 78, 13, 39, 0, 0, 3, 5
39, 57, 100, 90, 29, 100, 37, 64, 95, 92, 95, 49, 82, 3, 0, 0, 9
55, 92, 95, 81, 87, 100, 57, 85, 100, 69, 85, 38, 46, 16, 0, 0, 9
0, 98, 52, 100, 61, 75, 49, 32, 48, 0, 17, 37, 48, 42, 100, 50, 7
15, 80, 46, 100, 65, 77, 57, 47, 100, 37, 90, 10, 46, 0, 0, 3, 3
0, 92, 35, 100, 65, 86, 44, 56, 15, 30, 18, 2, 60, 0, 100, 5, 2
33, 63, 52, 100, 46, 80, 41, 39, 29, 0, 0, 1, 49, 2, 100, 0, 1
47, 89, 33, 69, 100, 51, 83, 10, 14, 0, 0, 44, 9, 90, 81, 100, 5
71, 84, 25, 100, 0, 69, 56, 66, 76, 74, 100, 36, 66, 5, 7, 0, 9
74, 100, 46, 89, 21, 54, 17, 16, 65, 0, 100, 22, 46, 34, 0, 27, 6
100, 100, 57, 98, 23, 72, 0, 41, 1, 7, 47, 0, 52, 28, 2, 32, 6
22, 92, 17, 53, 63, 30, 27, 0, 0, 17, 14, 64, 46, 98, 100, 100, 5
0, 74, 59, 77, 100, 100, 31, 97, 28, 72, 92, 70, 89, 35, 88, 0, 9
69, 91, 100, 100, 54, 83, 25, 54, 73, 62, 88, 31, 57, 4, 0, 0, 5
0, 57, 27, 90, 84, 100, 100, 66, 67, 33, 21, 7, 24, 0, 84, 2, 2
0, 85, 60, 100, 100, 74, 85, 36, 67, 0, 35, 6, 16, 35, 96, 42, 7
0, 61, 28, 82, 48, 100, 50, 62, 46, 25, 9, 0, 48, 2, 100, 4, 1
71, 100, 50, 95, 16, 66, 0, 34, 16, 5, 92, 0, 100, 26, 21, 32, 6
0, 67, 46, 60, 61, 23, 24, 0, 35, 36, 72, 67, 100, 100, 45, 85, 8
36, 84, 0, 66, 84, 57, 100, 18, 22, 0, 5, 40, 9, 86, 84, 100, 5
58, 58, 100, 91, 25, 100, 0, 67, 86, 63, 88, 70, 47, 35, 8, 0, 9
2, 82, 26, 100, 36, 70, 22, 38, 0, 12, 26, 0, 63, 1, 100, 4, 2
100, 100, 67, 93, 47, 77, 27, 62, 13, 46, 0, 30, 0, 14, 0, 0, 1
20, 76, 50, 100, 100, 95, 75, 69, 90, 51, 88, 23, 49, 0, 0, 7, 3
0, 89, 56, 100, 77, 77, 29, 54, 50, 48, 100, 27, 60, 5, 0, 0, 3
0, 68, 31, 77, 81, 100, 94, 96, 88, 71, 81, 48, 81, 24, 100, 0, 1
100, 95, 84, 100, 40, 77, 6, 47, 0, 12, 49, 0, 77, 27, 30, 47, 6
98, 56, 83, 100, 33, 97, 0, 56, 1, 9, 54, 0, 100, 25, 100, 67, 0
0, 66, 2, 93, 50, 100, 100, 98, 78, 72, 55, 47, 38, 19, 39, 0, 7
58, 100, 19, 74, 0, 32, 27, 0, 76, 25, 100, 65, 74, 99, 18, 85, 0
32, 84, 68, 100, 100, 89, 73, 61, 95, 42, 88, 11, 44, 0, 0, 15, 3
100, 100, 53, 81, 19, 56, 0, 26, 20, 0, 78, 0, 96, 24, 47, 37, 6
53, 96, 91, 100, 41, 87, 47, 64, 92, 47, 100, 22, 55, 4, 0, 0, 5
17, 74, 2, 33, 25, 0, 75, 22, 100, 59, 96, 99, 40, 100, 0, 71, 0
0, 66, 9, 89, 55, 100, 100, 92, 79, 68, 50, 46, 30, 22, 47, 0, 7
80, 100, 32, 95, 70, 84, 73, 73, 88, 48, 100, 23, 62, 4, 0, 0, 9
100, 93, 90, 100, 70, 83, 60, 67, 40, 50, 30, 33, 10, 17, 0, 0, 1
8, 98, 17, 58, 71, 44, 40, 0, 2, 27, 0, 78, 33, 100, 100, 99, 5
0, 99, 59, 100, 72, 82, 47, 42, 49, 0, 6, 30, 35, 39, 100, 45, 7
100, 100, 67, 99, 37, 69, 14, 35, 8, 0, 50, 9, 36, 31, 0, 6, 6
0, 79, 32, 100, 54, 77, 42, 43, 19, 14, 15, 0, 56, 10, 100, 11, 2
13, 82, 53, 90, 100, 100, 85, 79, 66, 59, 47, 39, 25, 19, 0, 0, 1
100, 97, 82, 100, 45, 75, 15, 47, 0, 13, 39, 0, 58, 24, 12, 25, 6
100, 100, 60, 83, 24, 51, 0, 17, 45, 0, 94, 17, 57, 41, 6, 30, 6
69, 100, 24, 81, 0, 50, 47, 36, 100, 60, 80, 60, 39, 32, 25, 0, 4
53, 89, 32, 62, 100, 53, 75, 13, 9, 0, 0, 43, 25, 88, 93, 100, 5
97, 72, 100, 100, 44, 81, 13, 53, 0, 23, 41, 0, 85, 22, 18, 32, 6
9, 95, 45, 100, 100, 99, 71, 66, 46, 31, 28, 0, 0, 29, 56, 32, 7
100, 95, 40, 100, 31, 63, 73, 29, 45, 0, 0, 17, 45, 49, 94, 81, 8
100, 100, 68, 82, 32, 56, 0, 36, 55, 29, 85, 56, 72, 32, 83, 0, 4
10, 88, 0, 72, 25, 97, 90, 100, 100, 89, 81, 56, 71, 22, 59, 0, 7
93, 100, 41, 80, 12, 54, 0, 25, 29, 0, 100, 4, 97, 29, 26, 36, 6
13, 54, 44, 89, 54, 100, 52, 53, 45, 7, 0, 0, 49, 0, 100, 5, 1
78, 64, 54, 53, 23, 76, 66, 100, 100, 72, 87, 31, 49, 0, 0, 6, 9
42, 83, 54, 100, 50, 64, 28, 33, 0, 13, 34, 0, 70, 1, 100, 23, 2
8, 100, 80, 98, 100, 68, 66, 35, 44, 0, 0, 29, 21, 40, 98, 41, 7
0, 58, 9, 58, 54, 79, 99, 100, 100, 84, 81, 56, 63, 28, 49, 0, 1
0, 89, 38, 100, 54, 60, 50, 13, 36, 0, 20, 30, 60, 39, 100, 45, 7
0, 97, 50, 99, 100, 100, 88, 71, 56, 37, 38, 0, 46, 38, 96, 35, 7
16, 88, 0, 57, 38, 31, 22, 0, 13, 32, 11, 68, 42, 95, 100, 100, 5
0, 83, 46, 100, 100, 85, 84, 42, 58, 0, 29, 8, 27, 48, 94, 54, 7
15, 74, 39, 100, 69, 81, 42, 46, 0, 20, 20, 22, 61, 0, 100, 15, 2
48, 100, 26, 87, 0, 60, 22, 35, 100, 47, 88, 54, 53, 28, 47, 0, 4
30, 96, 5, 58, 0, 16, 38, 0, 80, 17, 100, 56, 80, 93, 36, 100, 0
100, 83, 37, 83, 0, 99, 60, 100, 97, 79, 92, 51, 68, 25, 45, 0, 9
83, 90, 0, 100, 34, 67, 100, 34, 70, 0, 4, 24, 45, 61, 74, 90, 8
0, 77, 42, 100, 75, 79, 34, 53, 60, 47, 100, 25, 57, 4, 6, 0, 3
71, 81, 2, 86, 65, 45, 100, 0, 0, 2, 20, 50, 87, 91, 38, 100, 8
32, 89, 94, 100, 61, 94, 15, 63, 51, 60, 100, 35, 63, 1, 0, 0, 5
30, 91, 65, 100, 83, 77, 64, 52, 100, 38, 76, 9, 37, 0, 0, 10, 3
53, 100, 30, 83, 0, 55, 41, 36, 96, 42, 100, 62, 80, 31, 66, 0, 4
42, 75, 62, 57, 100, 25, 42, 0, 0, 26, 33, 60, 76, 92, 42, 100, 8
42, 100, 20, 61, 20, 20, 62, 0, 100, 25, 96, 66, 49, 86, 0, 67, 0
0, 36, 39, 49, 72, 74, 100, 100, 97, 87, 84, 58, 71, 28, 73, 0, 1
35, 100, 27, 71, 65, 36, 48, 0, 0, 19, 44, 52, 100, 83, 56, 95, 8
99, 66, 41, 58, 19, 84, 70, 100, 100, 70, 93, 34, 59, 3, 0, 0, 9
0, 90, 50, 100, 90, 76, 93, 39, 76, 3, 26, 0, 46, 30, 100, 37, 7
37, 94, 72, 100, 100, 93, 76, 74, 59, 51, 60, 25, 34, 8, 0, 0, 3
47, 100, 20, 69, 0, 38, 53, 39, 100, 49, 59, 73, 53, 40, 53, 0, 4
54, 87, 14, 56, 0, 17, 40, 0, 79, 32, 100, 70, 74, 100, 28, 73, 0
0, 73, 58, 96, 58, 100, 56, 64, 60, 29, 39, 0, 34, 4, 100, 5, 1
19, 70, 28, 100, 45, 93, 35, 49, 13, 7, 0, 0, 49, 7, 100, 13, 1
0, 73, 59, 85, 100, 100, 84, 80, 72, 60, 59, 40, 50, 20, 53, 0, 1
72, 100, 49, 96, 0, 73, 4, 56, 86, 48, 100, 48, 53, 25, 23, 0, 4
16, 65, 29, 100, 59, 83, 38, 41, 0, 12, 8, 16, 55, 0, 100, 7, 2
5, 75, 38, 100, 58, 76, 35, 41, 4, 11, 0, 0, 49, 7, 100, 3, 2
32, 82, 4, 56, 43, 25, 36, 0, 18, 37, 0, 73, 32, 99, 100, 100, 5
0, 98, 66, 100, 64, 66, 32, 34, 2, 0, 47, 20, 100, 47, 28, 50, 7
25, 76, 75, 100, 17, 68, 61, 54, 89, 90, 100, 44, 87, 10, 0, 0, 9
63, 85, 100, 88, 61, 100, 80, 78, 99, 58, 98, 15, 49, 0, 0, 15, 9
17, 90, 29, 100, 62, 82, 45, 35, 9, 0, 0, 3, 50, 4, 100, 10, 2
100, 83, 65, 100, 24, 79, 0, 48, 4, 14, 46, 0, 67, 26, 24, 40, 6
53, 100, 5, 82, 0, 56, 81, 52, 100, 72, 66, 91, 54, 44, 44, 0, 4
0, 84, 44, 100, 95, 94, 74, 55, 57, 16, 54, 0, 45, 40, 100, 45, 7
100, 77, 98, 100, 41, 83, 5, 55, 0, 23, 42, 0, 66, 24, 11, 35, 6
0, 95, 43, 100, 77, 72, 65, 32, 47, 0, 10, 32, 39, 52, 100, 53, 7
86, 78, 60, 100, 51, 63, 95, 77, 100, 66, 90, 22, 47, 0, 0, 16, 9
37, 98, 11, 60, 88, 52, 76, 8, 0, 0, 0, 46, 18, 88, 100, 100, 5
17, 88, 3, 64, 6, 21, 60, 0, 100, 34, 100, 76, 48, 100, 0, 78, 0
100, 100, 77, 91, 40, 64, 15, 35, 17, 5, 80, 0, 63, 24, 0, 14, 6
81, 100, 60, 89, 22, 66, 0, 40, 42, 25, 100, 36, 94, 27, 75, 0, 4
0, 85, 21, 100, 66, 98, 83, 77, 90, 53, 100, 30, 75, 10, 35, 0, 3
17, 100, 0, 74, 6, 36, 77, 37, 100, 63, 73, 95, 71, 47, 75, 0, 4
45, 100, 10, 67, 7, 16, 56, 0, 100, 31, 91, 79, 38, 95, 0, 61, 0
9, 61, 25, 100, 59, 72, 42, 27, 0, 5, 5, 24, 53, 16, 100, 0, 2
65, 100, 25, 93, 0, 56, 11, 16, 60, 0, 100, 20, 50, 28, 9, 1, 6
0, 56, 5, 14, 47, 0, 86, 25, 100, 66, 76, 100, 34, 80, 6, 45, 0
51, 91, 86, 100, 70, 66, 43, 34, 8, 6, 0, 11, 49, 10, 100, 0, 2
22, 77, 34, 100, 90, 99, 65, 67, 72, 56, 100, 28, 58, 2, 0, 0, 3
75, 100, 0, 89, 70, 61, 100, 26, 32, 0, 7, 31, 63, 63, 95, 99, 8
21, 82, 36, 60, 82, 32, 82, 0, 37, 28, 0, 58, 34, 89, 100, 100, 5
0, 48, 35, 64, 66, 82, 100, 100, 94, 75, 85, 50, 84, 24, 93, 0, 1
30, 100, 90, 99, 81, 100, 32, 78, 52, 57, 100, 31, 58, 0, 0, 17, 5
86, 88, 33, 65, 0, 87, 58, 100, 87, 67, 100, 31, 93, 0, 19, 7, 9
55, 76, 70, 100, 95, 78, 72, 50, 40, 25, 0, 3, 40, 0, 100, 2, 2
40, 100, 0, 60, 20, 21, 86, 14, 100, 40, 75, 86, 61, 50, 59, 0, 4
31, 83, 0, 53, 1, 8, 57, 0, 100, 30, 98, 75, 51, 100, 7, 72, 0
100, 100, 49, 91, 13, 62, 0, 28, 33, 0, 90, 15, 75, 45, 8, 49, 6
19, 96, 21, 59, 73, 41, 40, 0, 3, 21, 0, 77, 36, 98, 100, 100, 5
100, 100, 56, 82, 19, 56, 0, 25, 30, 0, 87, 2, 84, 16, 30, 9, 6
93, 93, 44, 100, 26, 73, 53, 51, 100, 46, 86, 12, 38, 0, 0, 13, 5
0, 40, 26, 65, 60, 85, 97, 100, 100, 82, 74, 56, 48, 29, 30, 0, 1
2, 44, 0, 58, 43, 79, 86, 100, 100, 93, 77, 63, 56, 32, 50, 0, 1
79, 89, 100, 100, 41, 96, 0, 74, 53, 66, 95, 51, 74, 24, 39, 0, 9
48, 100, 16, 79, 0, 46, 12, 12, 55, 0, 100, 10, 75, 29, 33, 16, 6
39, 83, 63, 100, 78, 78, 71, 61, 100, 39, 78, 11, 36, 0, 0, 17, 3
0, 37, 14, 70, 27, 100, 26, 64, 24, 28, 3, 0, 18, 5, 100, 12, 1
23, 57, 70, 39, 100, 0, 40, 1, 51, 43, 89, 83, 60, 100, 0, 75, 8
19, 74, 47, 100, 81, 83, 57, 51, 18, 26, 0, 9, 54, 6, 100, 0, 2
100, 100, 73, 96, 45, 68, 28, 37, 27, 4, 76, 0, 58, 24, 0, 22, 6
42, 97, 13, 94, 51, 76, 57, 100, 90, 64, 100, 21, 55, 0, 0, 0, 9
32, 59, 70, 77, 98, 100, 100, 83, 87, 58, 79, 33, 57, 9, 0, 0, 1
100, 100, 69, 96, 38, 66, 14, 33, 19, 0, 68, 3, 52, 32, 0, 25, 6
51, 100, 16, 73, 0, 27, 28, 0, 70, 15, 100, 51, 83, 89, 40, 95, 0
0, 53, 45, 68, 80, 90, 100, 100, 98, 75, 98, 50, 95, 25, 93, 0, 1
22, 100, 52, 98, 58, 62, 32, 33, 0, 13, 27, 9, 63, 5, 100, 0, 2
0, 72, 50, 85, 100, 100, 91, 81, 77, 60, 55, 38, 38, 18, 34, 0, 1
67, 86, 59, 66, 95, 26, 44, 0, 0, 30, 59, 63, 100, 98, 19, 100, 8
9, 78, 48, 100, 100, 94, 78, 63, 85, 36, 73, 6, 19, 0, 0, 29, 3
100, 92, 50, 75, 0, 77, 38, 100, 90, 95, 88, 60, 54, 31, 34, 0, 9
100, 90, 75, 100, 42, 81, 63, 51, 97, 29, 85, 4, 42, 0, 0, 4, 5
27, 85, 4, 57, 60, 58, 65, 18, 1, 0, 0, 50, 24, 95, 100, 100, 5
63, 100, 31, 66, 0, 31, 28, 22, 94, 30, 100, 68, 82, 38, 81, 0, 4
14, 89, 57, 100, 90, 78, 49, 55, 70, 39, 100, 12, 52, 0, 0, 9, 3
95, 68, 75, 100, 43, 74, 84, 66, 100, 52, 87, 12, 39, 0, 0, 21, 9
23, 100, 14, 76, 11, 41, 94, 35, 100, 51, 52, 71, 24, 35, 0, 0, 4
62, 76, 0, 100, 22, 68, 90, 37, 100, 0, 13, 8, 13, 47, 68, 81, 8
100, 90, 68, 100, 38, 74, 28, 38, 68, 43, 76, 15, 39, 0, 0, 8, 5
30, 96, 0, 50, 7, 1, 66, 0, 100, 42, 86, 91, 28, 100, 3, 57, 0
39, 100, 0, 79, 1, 48, 55, 38, 100, 58, 81, 55, 49, 29, 25, 0, 4
11, 77, 33, 100, 50, 79, 27, 52, 0, 28, 11, 7, 55, 3, 100, 0, 2
30, 79, 4, 66, 68, 31, 41, 0, 0, 28, 57, 64, 100, 100, 0, 92, 8
72, 68, 42, 100, 0, 68, 61, 34, 79, 0, 1, 16, 50, 53, 100, 88, 8
51, 91, 46, 56, 29, 15, 0, 0, 36, 33, 72, 64, 100, 100, 48, 92, 8
4, 79, 65, 100, 67, 86, 67, 58, 67, 29, 23, 5, 0, 0, 100, 5, 1
49, 100, 26, 83, 0, 39, 63, 43, 100, 54, 74, 95, 62, 47, 57, 0, 4
0, 84, 51, 100, 70, 69, 56, 34, 37, 0, 24, 7, 31, 32, 100, 34, 7
0, 62, 47, 79, 92, 100, 100, 92, 98, 68, 96, 45, 92, 21, 92, 0, 1
0, 79, 26, 100, 55, 76, 37, 31, 16, 0, 11, 40, 55, 52, 100, 62, 7
49, 85, 49, 61, 71, 25, 27, 0, 8, 37, 0, 79, 42, 99, 100, 100, 5
91, 73, 55, 100, 0, 73, 49, 37, 83, 0, 17, 7, 56, 44, 100, 77, 8
85, 82, 16, 71, 21, 100, 78, 100, 88, 64, 100, 28, 70, 0, 0, 13, 9
19, 82, 2, 66, 0, 23, 33, 0, 78, 14, 100, 50, 77, 86, 33, 100, 0
0, 81, 28, 100, 44, 64, 43, 24, 37, 0, 5, 29, 51, 40, 100, 47, 7
9, 77, 0, 28, 33, 0, 74, 16, 100, 56, 77, 95, 33, 100, 1, 68, 0
61, 95, 20, 91, 0, 42, 25, 0, 79, 12, 100, 58, 67, 100, 20, 99, 0
8, 100, 0, 78, 8, 42, 58, 43, 97, 69, 100, 73, 92, 37, 87, 0, 4
8, 100, 0, 57, 22, 9, 72, 0, 100, 43, 78, 94, 32, 95, 7, 48, 0
13, 100, 0, 43, 25, 0, 67, 0, 100, 34, 95, 87, 55, 100, 15, 92, 0
30, 97, 93, 100, 100, 99, 34, 93, 1, 59, 62, 43, 53, 0, 0, 13, 5
52, 80, 82, 100, 89, 72, 52, 47, 98, 33, 100, 9, 50, 1, 0, 0, 3
18, 88, 47, 100, 47, 71, 21, 47, 0, 21, 22, 1, 61, 0, 100, 3, 2
69, 90, 33, 61, 75, 16, 12, 0, 0, 38, 77, 59, 100, 100, 20, 95, 8
53, 87, 14, 80, 7, 29, 50, 0, 100, 26, 99, 76, 49, 100, 0, 77, 0
100, 98, 61, 100, 20, 89, 0, 58, 36, 54, 65, 37, 44, 2, 6, 0, 5
6, 97, 58, 100, 100, 85, 76, 56, 44, 29, 25, 0, 0, 29, 53, 37, 7
0, 92, 33, 99, 84, 100, 100, 92, 67, 71, 45, 47, 30, 21, 27, 0, 7
88, 97, 28, 91, 26, 43, 100, 5, 0, 0, 37, 51, 94, 100, 31, 87, 8
29, 79, 80, 70, 75, 100, 16, 79, 91, 78, 100, 46, 81, 10, 0, 0, 9
12, 93, 48, 62, 95, 96, 21, 100, 46, 70, 100, 64, 77, 7, 0, 0, 9
24, 100, 7, 72, 0, 42, 6, 13, 60, 9, 100, 29, 43, 23, 9, 0, 6
17, 77, 38, 100, 54, 73, 32, 39, 0, 11, 6, 10, 53, 0, 100, 3, 2
23, 89, 68, 100, 100, 88, 68, 67, 63, 45, 90, 25, 50, 8, 0, 0, 3
81, 82, 59, 100, 0, 64, 71, 46, 100, 60, 74, 93, 64, 46, 55, 0, 4
90, 79, 30, 61, 4, 89, 55, 100, 80, 63, 100, 26, 74, 0, 0, 8, 9
62, 100, 25, 91, 0, 49, 7, 2, 55, 0, 92, 30, 100, 78, 63, 100, 0
62, 83, 62, 75, 81, 100, 74, 86, 100, 53, 90, 18, 37, 0, 0, 16, 9
13, 78, 49, 100, 65, 76, 38, 48, 4, 23, 0, 9, 54, 14, 100, 0, 2
0, 87, 42, 100, 100, 94, 87, 73, 67, 53, 64, 32, 69, 11, 22, 0, 3
53, 85, 60, 100, 57, 67, 32, 39, 0, 15, 29, 5, 69, 0, 100, 24, 2
69, 78, 31, 98, 21, 62, 61, 21, 0, 0, 10, 40, 79, 72, 100, 100, 8
0, 77, 56, 90, 100, 100, 94, 80, 75, 60, 56, 40, 38, 20, 31, 0, 1
70, 86, 89, 80, 71, 100, 80, 81, 100, 50, 78, 20, 40, 6, 0, 0, 9
28, 91, 49, 71, 100, 35, 55, 0, 0, 24, 32, 63, 82, 100, 45, 100, 8
59, 100, 0, 78, 33, 53, 100, 56, 67, 89, 46, 73, 37, 36, 29, 0, 4
87, 100, 36, 82, 3, 52, 0, 17, 50, 0, 100, 13, 55, 31, 0, 20, 6
100, 100, 48, 81, 19, 54, 7, 25, 39, 0, 92, 10, 64, 34, 0, 33, 6
14, 78, 7, 33, 40, 0, 84, 15, 100, 61, 72, 100, 26, 100, 0, 60, 0
0, 91, 39, 100, 72, 90, 79, 69, 92, 50, 100, 31, 89, 12, 52, 0, 3
8, 98, 53, 100, 69, 63, 50, 24, 46, 0, 100, 19, 58, 37, 0, 46, 7
100, 72, 72, 100, 27, 81, 58, 65, 81, 64, 80, 23, 39, 0, 0, 14, 9
0, 98, 55, 98, 100, 100, 72, 63, 52, 23, 40, 0, 31, 35, 86, 40, 7
0, 86, 43, 100, 97, 91, 100, 57, 71, 26, 39, 0, 31, 35, 85, 30, 7
15, 58, 0, 19, 33, 0, 71, 18, 100, 52, 93, 93, 54, 100, 15, 85, 0
28, 89, 64, 100, 100, 92, 79, 71, 59, 51, 68, 27, 39, 9, 0, 0, 3
46, 100, 22, 66, 0, 32, 69, 38, 100, 45, 56, 65, 53, 28, 51, 0, 4
0, 93, 64, 100, 100, 80, 91, 50, 80, 20, 68, 0, 22, 20, 87, 28, 7
3, 90, 54, 100, 100, 90, 82, 70, 64, 49, 72, 28, 62, 9, 0, 0, 3
23, 88, 68, 100, 97, 81, 63, 60, 87, 40, 100, 16, 55, 0, 0, 1, 3
48, 68, 57, 100, 92, 91, 76, 54, 45, 21, 0, 0, 45, 22, 100, 4, 2
0, 73, 43, 100, 44, 95, 38, 62, 37, 29, 16, 0, 22, 2, 100, 3, 1
100, 98, 85, 99, 38, 100, 26, 71, 66, 56, 79, 36, 40, 18, 0, 0, 5
82, 100, 64, 89, 31, 67, 0, 45, 62, 37, 100, 46, 78, 23, 71, 0, 4
35, 100, 7, 65, 0, 21, 37, 0, 79, 18, 100, 58, 83, 97, 37, 100, 0
100, 100, 57, 85, 21, 58, 0, 29, 13, 0, 66, 8, 57, 33, 6, 26, 6
89, 83, 59, 100, 41, 63, 59, 23, 20, 0, 0, 29, 49, 54, 100, 73, 8
24, 92, 81, 100, 26, 79, 19, 54, 83, 66, 100, 34, 62, 4, 0, 0, 5
17, 92, 50, 100, 63, 68, 46, 34, 21, 0, 0, 22, 40, 35, 100, 40, 7
100, 83, 57, 100, 40, 67, 88, 75, 98, 54, 97, 11, 48, 0, 0, 12, 9
29, 100, 19, 44, 27, 0, 5, 9, 0, 62, 30, 88, 65, 95, 100, 97, 5
100, 100, 29, 98, 39, 65, 88, 34, 81, 1, 0, 0, 27, 34, 84, 62, 8
0, 86, 28, 100, 59, 93, 57, 66, 38, 40, 34, 13, 66, 4, 100, 0, 2
69, 84, 67, 100, 5, 72, 73, 61, 100, 96, 92, 48, 63, 2, 0, 0, 9
1, 89, 62, 100, 100, 76, 77, 38, 58, 0, 24, 4, 0, 36, 77, 41, 7
59, 82, 92, 100, 72, 93, 32, 71, 58, 42, 100, 22, 58, 0, 0, 2, 5
