@relation penbased-3
@attribute At1 integer [0, 100]
@attribute At2 integer [0, 100]
@attribute At3 integer [0, 100]
@attribute At4 integer [0, 100]
@attribute At5 integer [0, 100]
@attribute At6 integer [0, 100]
@attribute At7 integer [0, 100]
@attribute At8 integer [0, 100]
@attribute At9 integer [0, 100]
@attribute At10 integer [0, 100]
@attribute At11 integer [0, 100]
@attribute At12 integer [0, 100]
@attribute At13 integer [0, 100]
@attribute At14 integer [0, 100]
@attribute At15 integer [0, 100]
@attribute At16 integer [0, 100]
@attribute Class {0, 1, 2, 3, 4, 5, 6, 7, 8, 9}
@inputs At1, At2, At3, At4, At5, At6, At7, At8, At9, At10, At11, At12, At13, At14, At15, At16
@outputs Class
@data
100, 100, 88, 99, 49, 74, 17, 47, 0, 16, 37, 0, 73, 16, 20, 20, 6
35, 76, 57, 100, 100, 92, 68, 66, 81, 38, 82, 9, 32, 0, 0, 17, 3
63, 100, 40, 73, 70, 63, 100, 77, 79, 74, 55, 48, 29, 23, 0, 0, 4
27, 100, 0, 58, 12, 5, 62, 0, 100, 39, 97, 91, 48, 97, 18, 53, 0
50, 97, 72, 68, 100, 100, 42, 86, 93, 72, 89, 48, 70, 7, 0, 0, 9
37, 100, 48, 57, 74, 97, 27, 97, 80, 68, 100, 26, 49, 0, 0, 22, 9
45, 93, 0, 60, 75, 69, 89, 29, 19, 0, 15, 43, 26, 93, 100, 100, 5
13, 68, 15, 30, 42, 0, 86, 19, 100, 56, 84, 90, 33, 100, 0, 73, 0
22, 93, 0, 95, 50, 97, 100, 100, 67, 81, 43, 56, 28, 28, 30, 0, 7
72, 100, 38, 84, 13, 63, 0, 40, 40, 28, 88, 31, 100, 22, 84, 0, 4
13, 100, 0, 76, 28, 53, 94, 56, 100, 76, 93, 66, 94, 33, 91, 0, 4
19, 86, 35, 72, 95, 94, 0, 100, 60, 78, 100, 52, 67, 26, 26, 0, 9
47, 100, 19, 67, 0, 30, 20, 0, 68, 5, 100, 33, 91, 72, 50, 88, 0
78, 100, 40, 94, 16, 58, 5, 21, 53, 0, 100, 27, 36, 30, 0, 0, 6
95, 68, 77, 100, 21, 76, 60, 38, 68, 0, 0, 15, 29, 53, 100, 81, 8
91, 100, 66, 88, 31, 58, 15, 26, 50, 0, 100, 17, 67, 45, 0, 47, 6
38, 92, 15, 72, 42, 44, 25, 0, 0, 8, 8, 61, 40, 93, 100, 100, 5
52, 80, 84, 100, 100, 75, 58, 53, 91, 48, 89, 10, 44, 0, 0, 16, 3
22, 98, 0, 75, 4, 18, 55, 0, 100, 36, 84, 89, 34, 100, 21, 46, 0
76, 82, 34, 77, 0, 84, 55, 100, 100, 85, 77, 52, 38, 25, 3, 0, 9
28, 75, 57, 100, 93, 82, 71, 51, 33, 26, 0, 0, 49, 5, 100, 16, 2
92, 65, 50, 100, 0, 82, 47, 46, 87, 6, 42, 0, 54, 45, 100, 79, 8
42, 100, 34, 73, 0, 42, 2, 42, 62, 36, 100, 59, 92, 35, 87, 0, 4
0, 52, 37, 73, 76, 94, 100, 100, 75, 75, 53, 49, 35, 22, 28, 0, 1
43, 99, 8, 68, 73, 74, 62, 25, 0, 0, 7, 49, 20, 96, 100, 100, 5
73, 100, 49, 62, 0, 38, 56, 43, 100, 57, 88, 78, 65, 39, 49, 0, 4
40, 84, 61, 100, 87, 83, 53, 60, 96, 47, 100, 23, 55, 5, 0, 0, 3
0, 75, 45, 85, 100, 100, 84, 80, 71, 59, 58, 37, 55, 15, 63, 0, 1
80, 100, 32, 81, 7, 52, 0, 21, 40, 0, 100, 9, 88, 30, 28, 22, 6
7, 86, 0, 62, 15, 20, 62, 0, 100, 31, 96, 73, 53, 100, 8, 78, 0
39, 76, 74, 40, 83, 2, 11, 0, 50, 35, 100, 67, 73, 100, 0, 81, 8
44, 83, 70, 100, 93, 77, 59, 50, 93, 44, 100, 16, 53, 0, 0, 3, 3
0, 72, 62, 95, 74, 100, 69, 74, 72, 49, 79, 23, 51, 0, 100, 0, 1
12, 82, 41, 100, 84, 84, 54, 51, 88, 43, 100, 10, 50, 0, 0, 6, 3
6, 74, 0, 32, 38, 0, 90, 14, 100, 64, 67, 100, 18, 78, 16, 34, 0
0, 79, 31, 94, 68, 100, 100, 88, 94, 62, 74, 39, 51, 18, 64, 0, 2
32, 95, 100, 100, 55, 95, 0, 71, 7, 45, 73, 33, 78, 7, 11, 0, 5
86, 71, 72, 100, 32, 75, 55, 35, 42, 0, 0, 17, 48, 45, 100, 70, 8
100, 64, 45, 45, 0, 65, 22, 100, 80, 99, 99, 62, 85, 23, 40, 0, 9
0, 98, 51, 100, 100, 87, 76, 48, 60, 8, 46, 0, 3, 24, 94, 26, 7
68, 46, 89, 75, 52, 100, 0, 80, 6, 53, 72, 54, 100, 33, 89, 0, 9
100, 95, 68, 100, 34, 98, 19, 61, 53, 61, 61, 20, 31, 2, 0, 0, 5
0, 95, 51, 100, 91, 86, 81, 45, 68, 5, 55, 0, 46, 34, 100, 33, 7
0, 79, 36, 100, 82, 81, 87, 40, 70, 0, 31, 24, 45, 45, 100, 50, 7
29, 100, 3, 82, 0, 52, 60, 51, 100, 78, 90, 56, 81, 27, 75, 0, 4
38, 63, 74, 100, 11, 86, 34, 43, 67, 0, 0, 7, 27, 48, 100, 76, 8
12, 83, 8, 54, 56, 31, 22, 0, 4, 24, 0, 63, 37, 94, 100, 100, 5
84, 52, 98, 96, 64, 100, 73, 62, 100, 55, 83, 9, 42, 0, 0, 4, 9
50, 89, 52, 100, 0, 67, 23, 45, 96, 48, 100, 76, 60, 39, 38, 0, 4
100, 100, 24, 77, 0, 56, 96, 57, 100, 86, 79, 70, 37, 35, 4, 0, 4
19, 100, 61, 98, 62, 56, 50, 14, 29, 0, 0, 35, 50, 40, 100, 39, 7
38, 83, 40, 53, 55, 14, 11, 0, 0, 30, 10, 71, 52, 92, 100, 100, 5
73, 64, 54, 100, 0, 75, 60, 40, 91, 0, 13, 13, 46, 55, 100, 87, 8
0, 97, 61, 100, 100, 81, 88, 50, 69, 20, 51, 0, 30, 30, 90, 36, 7
56, 97, 42, 100, 0, 74, 52, 60, 100, 81, 74, 60, 50, 30, 33, 0, 4
100, 100, 65, 79, 39, 56, 17, 32, 8, 5, 49, 0, 47, 18, 0, 12, 6
100, 94, 63, 100, 30, 71, 8, 39, 6, 6, 57, 0, 54, 19, 0, 10, 6
94, 100, 56, 74, 27, 46, 15, 13, 61, 0, 100, 20, 49, 31, 0, 19, 6
17, 82, 3, 39, 30, 0, 81, 8, 100, 49, 74, 90, 24, 100, 0, 61, 0
0, 0, 42, 10, 79, 33, 100, 64, 89, 96, 40, 100, 22, 73, 67, 64, 9
0, 81, 7, 96, 58, 100, 100, 100, 89, 75, 77, 50, 67, 25, 56, 0, 7
42, 100, 93, 98, 79, 64, 51, 31, 15, 0, 0, 30, 25, 53, 100, 52, 7
47, 69, 42, 100, 6, 75, 54, 39, 47, 0, 0, 21, 42, 58, 100, 90, 8
100, 100, 59, 82, 31, 56, 17, 27, 35, 0, 83, 0, 49, 16, 0, 8, 6
46, 94, 13, 69, 0, 28, 32, 0, 77, 7, 100, 44, 85, 83, 43, 100, 0
77, 72, 51, 100, 0, 77, 61, 42, 94, 0, 22, 2, 33, 45, 100, 76, 8
100, 100, 56, 81, 33, 51, 26, 18, 63, 0, 93, 25, 47, 38, 0, 20, 6
0, 92, 33, 100, 97, 83, 82, 41, 59, 0, 100, 9, 82, 37, 7, 45, 7
28, 6, 64, 48, 100, 91, 53, 100, 22, 59, 80, 31, 66, 0, 0, 2, 8
69, 100, 43, 92, 15, 58, 5, 21, 50, 0, 100, 20, 48, 34, 0, 15, 6
9, 98, 16, 100, 0, 55, 65, 40, 100, 58, 80, 89, 52, 46, 33, 0, 4
0, 100, 51, 85, 100, 74, 63, 37, 26, 0, 15, 12, 38, 31, 100, 37, 7
12, 55, 0, 46, 21, 6, 66, 0, 100, 30, 99, 73, 63, 100, 18, 93, 0
62, 100, 37, 81, 14, 55, 0, 28, 55, 24, 100, 45, 66, 27, 58, 0, 4
38, 100, 14, 74, 0, 46, 39, 35, 93, 35, 100, 53, 86, 27, 70, 0, 4
0, 66, 54, 79, 78, 100, 100, 86, 98, 63, 92, 42, 80, 20, 90, 0, 1
43, 80, 28, 100, 60, 73, 40, 38, 0, 14, 0, 3, 50, 0, 100, 0, 2
34, 100, 15, 78, 0, 43, 56, 37, 100, 43, 78, 70, 54, 36, 41, 0, 4
0, 50, 13, 63, 56, 83, 100, 100, 94, 75, 75, 50, 54, 24, 31, 0, 1
47, 100, 11, 81, 0, 39, 21, 3, 62, 0, 98, 22, 100, 63, 61, 73, 0
100, 100, 55, 99, 39, 73, 91, 84, 86, 76, 68, 47, 43, 20, 0, 0, 9
0, 77, 33, 100, 55, 71, 45, 35, 14, 8, 9, 19, 56, 17, 100, 0, 2
24, 91, 67, 100, 61, 65, 36, 33, 0, 6, 0, 13, 50, 3, 100, 0, 2
100, 52, 40, 48, 0, 71, 26, 100, 78, 91, 88, 57, 73, 22, 33, 0, 9
56, 76, 75, 100, 91, 67, 68, 33, 28, 10, 0, 17, 51, 14, 100, 0, 2
46, 88, 78, 100, 79, 67, 65, 47, 100, 32, 75, 7, 37, 0, 0, 5, 3
66, 86, 0, 94, 21, 52, 80, 14, 14, 0, 42, 39, 100, 78, 49, 100, 8
0, 99, 91, 100, 79, 69, 60, 35, 50, 0, 17, 3, 9, 28, 100, 37, 7
38, 79, 59, 100, 89, 77, 69, 44, 31, 17, 0, 22, 54, 20, 100, 0, 2
75, 100, 46, 69, 22, 37, 12, 3, 66, 0, 100, 26, 45, 34, 0, 13, 6
56, 80, 5, 100, 10, 65, 87, 33, 71, 0, 0, 22, 58, 59, 100, 97, 8
0, 34, 34, 55, 70, 77, 100, 100, 95, 78, 84, 51, 73, 26, 64, 0, 1
75, 87, 39, 100, 30, 65, 83, 75, 100, 70, 91, 31, 57, 0, 0, 9, 9
9, 96, 1, 50, 12, 0, 69, 3, 100, 48, 82, 97, 28, 100, 0, 54, 0
98, 70, 85, 100, 33, 86, 46, 65, 100, 73, 84, 37, 52, 6, 0, 0, 9
42, 74, 67, 100, 63, 53, 36, 15, 0, 0, 24, 20, 62, 11, 100, 0, 2
7, 76, 27, 45, 48, 7, 8, 0, 0, 40, 8, 81, 52, 98, 100, 100, 5
0, 65, 49, 81, 91, 100, 100, 90, 78, 67, 56, 45, 36, 22, 16, 0, 1
34, 100, 32, 100, 8, 64, 0, 27, 41, 0, 100, 10, 76, 42, 19, 60, 6
0, 64, 17, 100, 56, 98, 53, 58, 26, 26, 15, 4, 57, 4, 100, 0, 2
82, 100, 51, 89, 0, 62, 23, 43, 100, 43, 99, 66, 70, 33, 47, 0, 4
100, 67, 66, 100, 0, 89, 10, 55, 70, 70, 87, 50, 74, 9, 12, 0, 9
86, 86, 37, 100, 0, 74, 53, 62, 100, 86, 83, 66, 61, 32, 41, 0, 9
39, 96, 14, 77, 0, 36, 25, 0, 78, 4, 100, 43, 77, 82, 28, 100, 0
43, 100, 8, 67, 3, 27, 41, 0, 87, 27, 100, 66, 54, 92, 0, 74, 0
28, 88, 75, 100, 100, 99, 51, 87, 8, 70, 32, 45, 47, 12, 0, 0, 5
0, 91, 19, 97, 69, 100, 100, 85, 84, 62, 59, 41, 33, 21, 7, 0, 7
55, 96, 14, 68, 48, 40, 19, 0, 0, 18, 6, 73, 47, 100, 100, 96, 5
54, 63, 100, 76, 80, 100, 43, 75, 51, 35, 47, 0, 0, 16, 27, 46, 8
4, 11, 46, 53, 76, 100, 24, 98, 41, 53, 100, 24, 57, 0, 0, 15, 8
22, 57, 0, 63, 46, 82, 94, 100, 100, 80, 78, 53, 56, 27, 44, 0, 1
37, 84, 0, 51, 2, 7, 53, 0, 98, 27, 100, 70, 58, 100, 7, 99, 0
46, 95, 0, 94, 18, 100, 94, 92, 59, 61, 4, 32, 49, 7, 100, 0, 2
0, 84, 34, 100, 63, 75, 51, 39, 15, 16, 14, 27, 58, 14, 100, 0, 2
100, 100, 53, 84, 18, 58, 0, 28, 19, 0, 76, 4, 84, 27, 24, 27, 6
8, 90, 81, 100, 76, 97, 12, 80, 64, 70, 100, 44, 66, 15, 0, 0, 5
54, 64, 30, 96, 15, 61, 69, 27, 52, 0, 0, 30, 48, 66, 100, 100, 8
0, 57, 21, 69, 62, 83, 100, 100, 87, 87, 67, 59, 50, 30, 38, 0, 1
44, 83, 18, 61, 60, 35, 35, 0, 0, 15, 26, 56, 51, 90, 100, 100, 5
99, 74, 100, 100, 45, 90, 44, 65, 100, 66, 92, 35, 57, 8, 0, 0, 9
56, 92, 15, 68, 0, 24, 39, 0, 86, 16, 100, 60, 76, 100, 30, 93, 0
4, 100, 23, 65, 89, 36, 100, 0, 20, 8, 32, 49, 79, 85, 0, 89, 8
0, 97, 11, 100, 62, 98, 100, 85, 94, 62, 72, 42, 48, 21, 44, 0, 7
6, 85, 48, 100, 83, 83, 60, 56, 100, 38, 86, 13, 34, 0, 0, 2, 3
38, 100, 16, 80, 3, 50, 0, 20, 48, 5, 100, 20, 47, 24, 22, 0, 6
100, 79, 81, 100, 41, 79, 62, 59, 93, 64, 80, 27, 46, 0, 0, 0, 9
0, 82, 33, 100, 66, 87, 58, 54, 34, 27, 19, 0, 60, 1, 100, 10, 2
27, 95, 14, 59, 70, 43, 59, 0, 0, 10, 6, 56, 30, 96, 100, 100, 5
22, 98, 0, 57, 42, 35, 7, 0, 3, 36, 7, 86, 49, 100, 100, 98, 5
9, 77, 0, 30, 29, 0, 70, 4, 100, 37, 84, 82, 47, 100, 17, 72, 0
24, 68, 51, 60, 96, 97, 32, 100, 60, 75, 100, 49, 70, 0, 0, 3, 9
0, 0, 32, 10, 66, 31, 92, 56, 97, 88, 61, 100, 57, 76, 100, 65, 9
35, 64, 58, 100, 63, 91, 57, 50, 48, 10, 0, 1, 50, 0, 100, 1, 1
28, 73, 81, 60, 73, 100, 39, 72, 91, 85, 100, 42, 88, 0, 0, 1, 9
45, 100, 22, 79, 13, 52, 66, 45, 100, 66, 55, 50, 23, 26, 0, 0, 4
31, 72, 12, 35, 35, 0, 77, 17, 100, 56, 89, 96, 43, 100, 0, 84, 0
100, 100, 44, 84, 17, 56, 8, 27, 34, 0, 84, 17, 53, 35, 0, 15, 6
52, 70, 100, 89, 50, 100, 0, 82, 55, 72, 96, 54, 77, 26, 55, 0, 9
94, 77, 61, 100, 53, 73, 100, 78, 98, 58, 94, 15, 49, 0, 0, 14, 9
31, 91, 1, 62, 0, 20, 37, 0, 80, 15, 100, 52, 86, 91, 44, 100, 0
32, 100, 6, 65, 0, 24, 29, 0, 70, 20, 100, 53, 93, 90, 47, 97, 0
0, 100, 57, 98, 100, 100, 76, 62, 58, 23, 53, 0, 30, 36, 88, 43, 7
46, 99, 12, 70, 0, 31, 24, 0, 70, 4, 100, 36, 94, 76, 60, 100, 0
12, 71, 15, 50, 29, 100, 32, 76, 34, 25, 0, 0, 47, 4, 100, 5, 1
0, 85, 26, 100, 74, 89, 62, 64, 61, 39, 100, 21, 64, 4, 7, 0, 3
32, 98, 8, 71, 56, 25, 28, 0, 0, 42, 77, 69, 100, 100, 15, 92, 8
43, 97, 80, 79, 22, 66, 35, 100, 86, 75, 100, 23, 48, 0, 0, 24, 9
21, 100, 1, 80, 0, 54, 70, 51, 100, 73, 82, 51, 74, 24, 75, 0, 4
100, 100, 66, 95, 27, 65, 0, 29, 25, 0, 77, 12, 70, 43, 16, 44, 6
8, 100, 25, 75, 84, 99, 0, 100, 20, 83, 100, 81, 60, 39, 13, 0, 9
0, 53, 48, 75, 67, 100, 81, 83, 81, 57, 88, 31, 100, 6, 99, 0, 1
26, 90, 17, 64, 60, 34, 53, 0, 20, 32, 0, 73, 31, 96, 100, 100, 5
55, 82, 95, 100, 98, 83, 64, 62, 91, 38, 100, 13, 49, 0, 0, 8, 3
20, 100, 34, 63, 57, 25, 23, 0, 6, 39, 0, 81, 48, 95, 100, 95, 5
70, 100, 27, 75, 0, 39, 6, 0, 63, 2, 100, 33, 93, 71, 38, 74, 0
40, 90, 87, 100, 81, 93, 39, 71, 70, 46, 100, 23, 52, 6, 0, 0, 5
25, 57, 20, 21, 62, 0, 100, 22, 95, 68, 61, 100, 14, 99, 0, 57, 0
52, 100, 28, 75, 63, 36, 41, 0, 0, 18, 16, 66, 47, 99, 100, 99, 5
30, 85, 20, 66, 74, 38, 46, 0, 0, 17, 0, 65, 31, 100, 100, 98, 5
49, 95, 82, 100, 68, 68, 73, 66, 100, 41, 74, 12, 29, 0, 0, 21, 3
36, 90, 34, 65, 77, 32, 40, 0, 13, 30, 0, 72, 24, 100, 100, 93, 5
62, 87, 41, 63, 100, 100, 22, 72, 8, 41, 30, 0, 93, 42, 0, 34, 8
88, 88, 53, 78, 100, 40, 91, 0, 0, 1, 5, 39, 57, 76, 18, 100, 8
69, 98, 53, 83, 85, 98, 46, 100, 81, 65, 100, 27, 42, 11, 0, 0, 9
22, 100, 66, 50, 100, 94, 45, 95, 5, 41, 58, 0, 78, 42, 0, 46, 8
36, 87, 24, 100, 77, 100, 64, 70, 74, 52, 100, 26, 62, 2, 0, 0, 3
15, 79, 43, 100, 51, 68, 29, 31, 0, 2, 30, 7, 65, 0, 100, 1, 2
42, 81, 6, 56, 95, 70, 71, 100, 19, 62, 100, 75, 75, 29, 0, 0, 9
0, 66, 20, 100, 51, 93, 50, 51, 33, 13, 25, 0, 62, 8, 100, 7, 2
0, 91, 61, 100, 78, 69, 58, 34, 56, 0, 38, 28, 34, 48, 100, 45, 7
0, 90, 57, 100, 63, 71, 46, 36, 40, 0, 10, 12, 39, 32, 100, 39, 7
0, 96, 46, 100, 64, 67, 45, 31, 12, 0, 10, 30, 50, 55, 100, 68, 7
0, 69, 42, 87, 100, 100, 75, 79, 50, 59, 25, 39, 17, 19, 67, 0, 1
77, 94, 35, 100, 53, 74, 74, 90, 99, 52, 100, 10, 51, 0, 0, 6, 9
20, 100, 17, 74, 0, 45, 25, 26, 81, 25, 95, 50, 95, 30, 100, 0, 4
3, 85, 38, 100, 59, 78, 45, 48, 22, 21, 0, 0, 52, 0, 100, 1, 2
37, 100, 0, 60, 94, 94, 3, 89, 29, 54, 0, 0, 100, 28, 8, 38, 8
6, 100, 18, 89, 14, 54, 0, 21, 54, 21, 99, 38, 92, 34, 100, 0, 4
88, 68, 31, 56, 0, 81, 47, 100, 100, 86, 97, 55, 75, 26, 44, 0, 9
39, 76, 68, 100, 49, 61, 40, 21, 19, 0, 0, 4, 50, 6, 100, 5, 1
0, 100, 50, 99, 47, 69, 32, 35, 20, 0, 10, 29, 44, 44, 100, 47, 7
11, 59, 51, 85, 53, 100, 46, 58, 38, 16, 0, 5, 51, 0, 100, 1, 1
0, 100, 51, 99, 100, 78, 80, 42, 60, 7, 79, 0, 98, 27, 30, 38, 7
38, 100, 6, 62, 44, 35, 7, 0, 0, 23, 9, 72, 45, 98, 100, 96, 5
32, 90, 0, 64, 66, 29, 79, 0, 12, 26, 60, 67, 100, 100, 16, 79, 8
100, 99, 55, 100, 22, 79, 27, 51, 74, 47, 87, 19, 47, 0, 0, 1, 5
0, 89, 4, 47, 21, 0, 73, 2, 100, 45, 78, 89, 25, 100, 14, 54, 0
82, 87, 36, 100, 0, 60, 10, 8, 62, 0, 100, 37, 93, 90, 47, 92, 0
32, 86, 72, 100, 74, 71, 44, 44, 3, 22, 0, 18, 54, 18, 100, 0, 2
35, 100, 0, 88, 58, 44, 55, 0, 30, 39, 100, 73, 94, 97, 28, 84, 8
100, 89, 41, 100, 23, 69, 54, 35, 38, 0, 0, 11, 25, 47, 60, 81, 8
100, 86, 79, 89, 15, 100, 8, 60, 71, 53, 99, 19, 43, 0, 0, 13, 5
24, 83, 58, 100, 86, 83, 66, 57, 100, 35, 87, 6, 42, 0, 0, 13, 3
9, 79, 81, 99, 100, 100, 81, 73, 77, 45, 74, 17, 0, 0, 15, 3, 1
47, 89, 20, 55, 36, 6, 80, 0, 100, 45, 77, 90, 32, 100, 0, 67, 0
100, 100, 57, 81, 23, 58, 0, 35, 7, 9, 61, 0, 68, 20, 20, 22, 6
38, 100, 10, 69, 0, 27, 29, 0, 71, 9, 100, 42, 88, 81, 46, 92, 0
100, 100, 74, 85, 34, 59, 0, 31, 7, 1, 68, 0, 60, 18, 0, 18, 6
100, 95, 74, 100, 25, 89, 17, 53, 72, 45, 99, 19, 53, 3, 0, 0, 5
97, 89, 68, 100, 32, 68, 13, 32, 39, 0, 100, 10, 46, 26, 0, 10, 6
27, 51, 0, 22, 43, 0, 90, 13, 100, 54, 75, 93, 27, 100, 12, 61, 0
100, 100, 54, 88, 22, 64, 0, 35, 6, 7, 57, 0, 65, 21, 14, 21, 6
0, 63, 55, 75, 84, 97, 100, 100, 91, 75, 81, 50, 77, 25, 81, 0, 1
51, 83, 75, 100, 82, 76, 74, 47, 100, 24, 74, 3, 32, 0, 0, 16, 3
47, 100, 38, 94, 12, 68, 0, 42, 48, 39, 100, 52, 80, 26, 83, 0, 4
5, 96, 37, 100, 66, 76, 42, 45, 4, 22, 0, 3, 50, 1, 100, 0, 2
27, 100, 100, 93, 78, 62, 53, 31, 28, 0, 0, 13, 3, 33, 92, 35, 7
27, 81, 43, 100, 86, 84, 52, 60, 84, 43, 100, 16, 54, 0, 0, 1, 3
100, 100, 100, 96, 79, 80, 50, 64, 36, 48, 14, 31, 0, 16, 7, 0, 1
55, 95, 0, 73, 5, 37, 90, 36, 100, 75, 84, 100, 76, 50, 65, 0, 4
72, 100, 100, 91, 72, 76, 56, 60, 39, 45, 22, 30, 0, 15, 0, 0, 1
20, 85, 27, 50, 94, 51, 87, 3, 27, 0, 0, 53, 32, 89, 100, 100, 5
40, 100, 6, 66, 0, 11, 41, 0, 81, 19, 100, 65, 60, 87, 19, 77, 0
15, 80, 0, 32, 35, 0, 80, 14, 100, 61, 71, 100, 24, 86, 13, 40, 0
26, 88, 61, 100, 100, 94, 88, 67, 97, 40, 78, 17, 40, 6, 0, 0, 3
35, 100, 32, 97, 0, 73, 4, 46, 51, 42, 100, 48, 88, 29, 72, 0, 4
18, 100, 8, 53, 24, 5, 69, 0, 100, 39, 91, 87, 45, 98, 0, 79, 0
56, 100, 20, 79, 0, 45, 29, 18, 74, 27, 100, 61, 76, 35, 60, 0, 4
27, 86, 70, 100, 77, 77, 50, 53, 96, 40, 100, 19, 52, 6, 0, 0, 3
30, 63, 61, 100, 100, 82, 76, 39, 42, 0, 74, 9, 53, 49, 0, 63, 8
73, 100, 0, 91, 49, 63, 100, 31, 58, 0, 16, 28, 45, 69, 30, 98, 8
100, 100, 44, 81, 11, 53, 0, 22, 42, 0, 95, 21, 56, 40, 2, 18, 6
0, 86, 35, 100, 66, 81, 66, 55, 51, 30, 26, 8, 49, 0, 100, 1, 2
63, 92, 100, 100, 99, 76, 67, 55, 91, 34, 96, 10, 48, 0, 0, 4, 3
48, 79, 73, 100, 100, 78, 69, 52, 98, 34, 94, 7, 48, 0, 0, 4, 3
100, 86, 47, 100, 0, 73, 42, 43, 85, 15, 28, 0, 37, 36, 84, 66, 8
31, 100, 34, 63, 75, 30, 36, 0, 0, 25, 7, 69, 37, 97, 100, 96, 5
0, 9, 42, 38, 73, 69, 100, 100, 88, 94, 73, 63, 73, 31, 81, 0, 1
0, 93, 41, 100, 78, 79, 66, 40, 60, 0, 100, 14, 76, 32, 26, 35, 7
100, 100, 63, 79, 35, 57, 12, 34, 4, 9, 44, 0, 60, 21, 0, 20, 6
100, 100, 96, 97, 93, 80, 82, 63, 71, 46, 46, 30, 25, 14, 0, 0, 1
65, 89, 61, 100, 16, 73, 0, 47, 65, 40, 100, 59, 61, 30, 28, 0, 4
66, 100, 43, 66, 0, 37, 33, 39, 100, 42, 78, 68, 51, 35, 39, 0, 4
7, 66, 43, 92, 42, 100, 43, 58, 55, 17, 0, 0, 22, 0, 100, 1, 1
0, 96, 41, 100, 86, 89, 99, 57, 95, 23, 87, 0, 64, 30, 100, 44, 7
44, 73, 81, 100, 65, 66, 54, 24, 28, 0, 0, 6, 50, 8, 100, 9, 1
0, 86, 27, 100, 46, 77, 43, 45, 31, 16, 34, 0, 66, 1, 100, 2, 2
0, 45, 17, 4, 55, 0, 89, 24, 100, 70, 72, 100, 36, 83, 18, 39, 0
26, 99, 0, 55, 61, 48, 76, 14, 7, 0, 4, 44, 27, 87, 100, 100, 5
0, 83, 37, 99, 81, 100, 100, 74, 84, 36, 65, 0, 33, 8, 55, 27, 7
46, 100, 9, 78, 0, 51, 4, 24, 37, 0, 100, 7, 67, 24, 22, 6, 6
0, 83, 63, 100, 100, 82, 84, 52, 58, 23, 23, 0, 0, 29, 76, 33, 7
0, 93, 44, 100, 90, 91, 76, 48, 64, 4, 49, 0, 52, 30, 100, 29, 7
55, 77, 45, 66, 100, 88, 49, 100, 0, 78, 69, 63, 70, 32, 59, 0, 9
40, 100, 16, 70, 0, 33, 20, 0, 70, 13, 100, 45, 88, 82, 37, 85, 0
38, 100, 12, 67, 19, 9, 62, 0, 100, 30, 83, 82, 39, 91, 0, 66, 0
0, 56, 76, 49, 100, 11, 31, 0, 45, 39, 95, 73, 71, 100, 11, 74, 8
80, 100, 28, 96, 0, 63, 3, 26, 45, 0, 100, 5, 57, 24, 1, 12, 6
15, 100, 0, 68, 6, 23, 41, 0, 80, 5, 100, 42, 80, 80, 42, 94, 0
17, 72, 16, 36, 40, 0, 86, 12, 100, 53, 79, 92, 31, 100, 0, 67, 0
20, 86, 0, 53, 4, 11, 48, 0, 89, 24, 100, 64, 74, 99, 26, 100, 0
0, 88, 5, 100, 67, 98, 50, 67, 63, 60, 100, 36, 70, 7, 5, 0, 3
47, 98, 5, 67, 0, 23, 46, 0, 95, 23, 100, 67, 60, 100, 10, 83, 0
15, 87, 46, 100, 87, 83, 49, 59, 87, 47, 100, 19, 54, 0, 0, 1, 3
0, 94, 45, 100, 92, 79, 83, 37, 56, 0, 36, 16, 44, 44, 100, 45, 7
75, 100, 32, 76, 9, 50, 0, 22, 37, 0, 100, 15, 89, 40, 39, 22, 6
0, 94, 53, 100, 94, 77, 79, 37, 53, 0, 37, 1, 50, 40, 100, 57, 7
54, 73, 92, 92, 100, 100, 65, 80, 42, 61, 19, 41, 8, 20, 0, 0, 1
0, 0, 42, 18, 77, 43, 100, 73, 84, 100, 29, 92, 24, 64, 79, 53, 9
0, 36, 30, 59, 66, 79, 100, 100, 76, 75, 50, 51, 26, 26, 17, 0, 1
16, 92, 0, 70, 68, 36, 68, 0, 15, 25, 53, 63, 100, 100, 34, 92, 8
0, 43, 26, 65, 57, 84, 94, 100, 100, 79, 87, 52, 75, 26, 66, 0, 1
0, 100, 34, 94, 70, 90, 100, 85, 78, 64, 57, 41, 42, 15, 43, 0, 7
50, 100, 26, 84, 0, 60, 6, 36, 58, 35, 100, 50, 78, 26, 63, 0, 4
2, 98, 80, 100, 100, 75, 56, 39, 26, 0, 5, 1, 0, 28, 80, 29, 7
66, 74, 23, 100, 14, 69, 64, 36, 47, 0, 0, 23, 35, 60, 100, 87, 8
81, 100, 30, 80, 2, 52, 0, 21, 45, 0, 100, 11, 72, 35, 21, 19, 6
27, 92, 0, 66, 15, 21, 60, 0, 100, 28, 96, 73, 53, 100, 2, 92, 0
0, 85, 42, 100, 79, 80, 70, 40, 75, 0, 44, 14, 42, 39, 100, 48, 7
100, 84, 78, 100, 69, 82, 87, 83, 80, 51, 77, 17, 45, 0, 0, 8, 9
23, 100, 46, 57, 100, 79, 49, 89, 0, 48, 20, 0, 79, 22, 24, 53, 8
60, 100, 25, 75, 0, 48, 27, 26, 100, 28, 84, 55, 69, 28, 52, 0, 4
0, 100, 38, 100, 65, 72, 60, 36, 52, 0, 40, 17, 46, 41, 100, 45, 7
0, 74, 14, 100, 53, 98, 43, 65, 18, 38, 20, 8, 59, 0, 100, 6, 2
100, 83, 37, 70, 0, 84, 52, 100, 94, 82, 95, 55, 91, 27, 92, 0, 9
57, 99, 1, 100, 39, 80, 64, 95, 78, 58, 100, 22, 59, 0, 0, 5, 9
92, 100, 56, 78, 21, 50, 1, 18, 43, 0, 100, 12, 60, 23, 0, 13, 6
50, 100, 42, 78, 0, 52, 24, 38, 83, 35, 100, 64, 69, 32, 41, 0, 4
30, 84, 36, 100, 79, 90, 56, 63, 86, 51, 100, 26, 61, 4, 0, 0, 3
12, 80, 40, 100, 81, 90, 64, 60, 64, 30, 100, 9, 53, 0, 0, 1, 3
21, 100, 1, 76, 0, 47, 65, 41, 100, 58, 83, 61, 75, 30, 75, 0, 4
0, 88, 40, 100, 65, 81, 51, 55, 30, 29, 11, 4, 51, 0, 100, 6, 2
20, 87, 60, 100, 69, 75, 50, 52, 100, 44, 96, 18, 51, 1, 0, 0, 3
32, 73, 59, 100, 81, 71, 54, 36, 16, 9, 0, 2, 50, 2, 100, 0, 2
4, 94, 7, 42, 35, 0, 82, 11, 100, 58, 73, 100, 25, 93, 0, 49, 0
0, 83, 42, 100, 98, 97, 93, 71, 81, 44, 100, 15, 58, 0, 4, 7, 3
49, 73, 83, 100, 76, 91, 59, 57, 37, 24, 0, 0, 38, 7, 100, 6, 1
14, 76, 0, 35, 16, 0, 62, 1, 95, 30, 100, 70, 70, 100, 25, 94, 0
0, 91, 53, 100, 97, 88, 79, 65, 47, 45, 15, 23, 39, 5, 100, 0, 2
0, 93, 36, 100, 79, 98, 94, 79, 72, 57, 100, 33, 79, 11, 38, 0, 3
72, 100, 2, 77, 59, 36, 100, 0, 0, 7, 31, 52, 100, 92, 22, 91, 8
14, 64, 18, 100, 100, 95, 84, 67, 50, 28, 30, 0, 0, 39, 72, 42, 7
14, 75, 39, 100, 99, 94, 81, 64, 45, 41, 100, 27, 57, 4, 0, 0, 3
16, 100, 0, 82, 6, 47, 70, 47, 100, 71, 94, 73, 92, 36, 95, 0, 4
0, 79, 39, 85, 100, 100, 95, 92, 80, 69, 73, 46, 63, 23, 59, 0, 1
9, 93, 0, 54, 12, 15, 62, 0, 99, 29, 100, 70, 64, 100, 26, 78, 0
71, 71, 90, 89, 36, 100, 0, 79, 71, 72, 100, 50, 79, 25, 59, 0, 9
63, 81, 95, 100, 95, 62, 66, 26, 21, 0, 0, 15, 48, 35, 100, 15, 2
100, 100, 50, 85, 16, 58, 4, 25, 34, 0, 80, 15, 40, 27, 0, 6, 6
14, 100, 10, 84, 0, 55, 52, 43, 100, 57, 98, 59, 85, 29, 72, 0, 4
100, 100, 49, 92, 15, 66, 0, 35, 12, 4, 63, 0, 57, 27, 1, 30, 6
100, 100, 48, 84, 15, 53, 1, 19, 47, 0, 100, 24, 60, 39, 0, 19, 6
59, 87, 23, 74, 0, 33, 21, 0, 68, 9, 100, 43, 87, 85, 43, 100, 0
0, 30, 41, 53, 82, 77, 100, 100, 71, 76, 59, 50, 59, 25, 65, 0, 1
67, 100, 35, 79, 17, 48, 24, 15, 70, 0, 100, 21, 45, 21, 0, 3, 6
0, 75, 26, 100, 61, 87, 55, 48, 24, 22, 26, 3, 65, 1, 100, 0, 2
0, 77, 52, 57, 100, 26, 54, 0, 23, 24, 56, 58, 75, 94, 21, 100, 8
66, 76, 34, 100, 5, 76, 43, 39, 44, 0, 0, 17, 45, 50, 100, 76, 8
100, 100, 47, 99, 10, 70, 0, 32, 32, 0, 88, 1, 75, 32, 16, 32, 6
0, 24, 43, 59, 64, 100, 18, 94, 67, 61, 100, 23, 43, 0, 7, 29, 8
33, 100, 10, 87, 0, 69, 54, 58, 100, 75, 66, 52, 33, 26, 4, 0, 4
78, 100, 51, 62, 0, 32, 18, 31, 95, 29, 100, 58, 73, 39, 57, 0, 4
57, 100, 34, 80, 0, 59, 11, 40, 85, 43, 100, 44, 72, 22, 57, 0, 4
100, 100, 54, 100, 17, 85, 15, 50, 55, 47, 85, 22, 50, 0, 0, 6, 5
0, 85, 35, 100, 77, 91, 65, 65, 68, 40, 100, 19, 73, 1, 24, 0, 3
0, 96, 31, 63, 100, 32, 86, 0, 12, 18, 53, 53, 98, 87, 41, 100, 8
12, 96, 60, 100, 96, 81, 60, 55, 16, 33, 0, 8, 55, 2, 100, 0, 2
81, 72, 58, 100, 0, 81, 43, 57, 82, 76, 100, 37, 87, 0, 17, 1, 9
100, 97, 88, 100, 53, 70, 25, 36, 17, 0, 69, 10, 58, 39, 0, 29, 6
48, 74, 88, 95, 100, 100, 78, 75, 66, 49, 64, 23, 32, 0, 0, 1, 1
22, 61, 54, 94, 62, 100, 56, 58, 51, 17, 0, 4, 55, 1, 100, 0, 1
52, 93, 95, 100, 100, 98, 54, 92, 28, 61, 58, 36, 42, 2, 0, 0, 5
0, 37, 25, 50, 50, 63, 74, 81, 97, 100, 100, 78, 88, 40, 79, 0, 1
0, 26, 15, 47, 60, 73, 100, 100, 87, 87, 64, 58, 43, 29, 25, 0, 1
88, 76, 78, 100, 26, 87, 59, 86, 100, 83, 76, 48, 42, 18, 0, 0, 9
48, 91, 20, 60, 0, 28, 18, 0, 66, 15, 90, 45, 100, 79, 69, 100, 0
58, 89, 15, 70, 0, 30, 33, 0, 79, 32, 100, 72, 67, 100, 18, 70, 0
97, 92, 62, 100, 60, 65, 100, 89, 90, 65, 85, 26, 50, 0, 0, 16, 9
0, 83, 38, 100, 93, 97, 100, 71, 70, 48, 34, 26, 27, 2, 84, 0, 2
47, 100, 27, 50, 0, 20, 50, 30, 100, 31, 89, 59, 58, 50, 39, 0, 4
20, 92, 58, 100, 100, 87, 72, 60, 71, 38, 95, 15, 49, 4, 0, 0, 3
0, 66, 33, 67, 65, 82, 95, 100, 100, 92, 80, 62, 67, 29, 78, 0, 1
100, 100, 62, 86, 43, 56, 42, 25, 71, 0, 91, 23, 51, 40, 0, 34, 6
21, 66, 47, 100, 65, 67, 40, 28, 0, 12, 18, 31, 60, 19, 100, 0, 2
48, 73, 62, 80, 100, 100, 88, 85, 60, 64, 38, 42, 15, 21, 0, 0, 1
100, 69, 76, 100, 13, 91, 12, 65, 76, 76, 84, 43, 60, 9, 0, 0, 9
0, 82, 43, 100, 100, 91, 83, 65, 48, 42, 9, 18, 5, 0, 72, 4, 2
100, 75, 41, 68, 0, 79, 44, 100, 89, 91, 91, 61, 85, 30, 86, 0, 9
0, 97, 38, 100, 89, 75, 59, 37, 25, 0, 8, 12, 29, 41, 100, 39, 7
46, 93, 9, 63, 0, 15, 45, 0, 90, 24, 100, 70, 60, 100, 19, 83, 0
32, 84, 66, 100, 100, 80, 64, 40, 30, 0, 68, 11, 36, 52, 0, 91, 8
0, 54, 47, 68, 83, 90, 100, 100, 93, 74, 86, 48, 76, 23, 79, 0, 1
0, 76, 27, 100, 63, 82, 58, 40, 26, 12, 20, 16, 60, 8, 100, 0, 2
80, 100, 59, 97, 26, 71, 0, 43, 28, 23, 94, 38, 100, 28, 81, 0, 4
86, 74, 21, 100, 0, 73, 66, 38, 100, 0, 12, 8, 49, 49, 100, 76, 8
87, 96, 62, 81, 99, 100, 66, 92, 99, 61, 100, 26, 55, 2, 0, 0, 9
0, 83, 30, 100, 78, 96, 100, 74, 70, 51, 37, 30, 35, 7, 83, 0, 2
100, 92, 46, 100, 11, 78, 37, 56, 86, 43, 81, 0, 28, 5, 0, 41, 5
98, 89, 44, 100, 43, 65, 100, 84, 95, 79, 92, 38, 70, 0, 0, 3, 9
100, 75, 82, 100, 29, 91, 20, 74, 74, 74, 63, 42, 30, 15, 0, 0, 9
33, 100, 0, 79, 11, 48, 81, 49, 100, 81, 80, 66, 62, 33, 45, 0, 4
47, 97, 17, 79, 57, 40, 70, 0, 0, 17, 33, 53, 100, 79, 65, 100, 8
0, 37, 15, 60, 52, 81, 92, 100, 100, 82, 80, 55, 60, 27, 43, 0, 1
65, 84, 31, 100, 0, 63, 15, 16, 62, 0, 100, 30, 89, 78, 44, 94, 0
23, 72, 77, 94, 77, 100, 64, 63, 48, 26, 0, 0, 5, 6, 100, 8, 1
19, 81, 55, 100, 78, 80, 42, 61, 88, 43, 100, 13, 53, 0, 0, 6, 3
88, 82, 45, 100, 8, 79, 63, 77, 100, 68, 93, 25, 51, 0, 0, 12, 9
9, 96, 62, 100, 81, 67, 53, 31, 19, 0, 0, 37, 29, 47, 100, 47, 7
44, 76, 61, 100, 6, 75, 41, 38, 70, 0, 0, 0, 33, 36, 100, 62, 8
39, 100, 10, 74, 0, 41, 60, 38, 100, 49, 85, 63, 60, 32, 43, 0, 4
0, 79, 40, 100, 78, 73, 61, 35, 31, 0, 30, 22, 31, 45, 100, 45, 7
55, 100, 17, 76, 0, 50, 3, 22, 41, 0, 100, 10, 62, 24, 10, 8, 6
94, 100, 53, 75, 11, 52, 0, 41, 52, 38, 99, 43, 100, 38, 91, 0, 4
31, 86, 95, 100, 66, 95, 10, 77, 56, 63, 100, 44, 62, 15, 0, 0, 5
55, 95, 78, 100, 71, 60, 41, 27, 0, 0, 1, 26, 52, 21, 100, 4, 2
0, 42, 40, 63, 78, 86, 100, 100, 71, 75, 43, 50, 16, 24, 0, 0, 1
14, 74, 36, 100, 77, 93, 53, 58, 18, 29, 0, 15, 50, 9, 100, 0, 2
24, 64, 52, 93, 67, 100, 57, 48, 39, 0, 0, 0, 50, 1, 100, 2, 1
27, 100, 0, 69, 1, 26, 33, 0, 73, 8, 100, 41, 91, 77, 52, 75, 0
25, 93, 5, 74, 7, 29, 48, 0, 94, 27, 100, 72, 55, 100, 0, 82, 0
86, 61, 28, 48, 0, 75, 36, 100, 91, 89, 100, 57, 81, 26, 44, 0, 9
0, 63, 42, 81, 95, 100, 79, 81, 63, 60, 63, 40, 74, 20, 100, 0, 1
0, 73, 45, 86, 90, 100, 100, 90, 86, 68, 73, 45, 66, 23, 62, 0, 1
32, 100, 20, 69, 0, 34, 36, 29, 92, 36, 100, 51, 66, 36, 58, 0, 4
0, 33, 34, 52, 64, 76, 93, 100, 100, 90, 88, 60, 75, 30, 64, 0, 1
26, 100, 0, 83, 23, 51, 83, 42, 100, 55, 79, 84, 56, 42, 37, 0, 4
53, 78, 80, 100, 96, 68, 68, 35, 23, 14, 0, 20, 51, 17, 100, 0, 2
39, 81, 58, 100, 83, 67, 70, 30, 33, 0, 0, 8, 50, 23, 100, 3, 2
0, 85, 48, 100, 84, 89, 73, 48, 65, 6, 48, 0, 37, 28, 100, 33, 7
0, 98, 53, 100, 88, 82, 63, 40, 33, 0, 36, 6, 39, 43, 100, 47, 7
63, 91, 100, 100, 75, 92, 41, 77, 31, 50, 56, 27, 36, 0, 0, 1, 5
70, 87, 96, 100, 100, 77, 78, 57, 76, 33, 72, 9, 37, 0, 0, 5, 3
100, 95, 46, 100, 9, 71, 0, 37, 21, 3, 80, 0, 67, 29, 3, 31, 6
100, 76, 73, 100, 18, 95, 11, 66, 66, 65, 74, 48, 49, 16, 0, 0, 9
69, 48, 100, 74, 76, 100, 26, 86, 0, 56, 46, 44, 81, 34, 77, 0, 9
70, 100, 38, 79, 6, 54, 0, 34, 65, 30, 100, 45, 88, 28, 80, 0, 4
22, 100, 69, 97, 73, 61, 56, 25, 32, 0, 0, 30, 46, 39, 100, 40, 7
29, 80, 62, 100, 74, 63, 52, 26, 4, 8, 0, 30, 56, 25, 100, 0, 2
59, 100, 19, 92, 0, 49, 15, 5, 60, 0, 97, 28, 100, 74, 61, 96, 0
43, 87, 100, 100, 96, 93, 47, 72, 53, 48, 91, 34, 58, 2, 0, 0, 5
16, 69, 8, 28, 43, 0, 87, 23, 100, 64, 75, 100, 25, 94, 0, 57, 0
31, 78, 35, 100, 77, 85, 76, 50, 43, 23, 0, 2, 48, 1, 100, 0, 2
0, 64, 41, 68, 79, 87, 100, 100, 87, 75, 76, 49, 65, 24, 57, 0, 1
0, 97, 63, 100, 87, 75, 73, 32, 63, 0, 8, 26, 29, 39, 100, 39, 7
100, 100, 56, 82, 27, 55, 6, 27, 20, 0, 91, 10, 69, 30, 0, 22, 6
50, 91, 36, 54, 63, 22, 17, 0, 0, 29, 6, 80, 48, 100, 100, 94, 5
38, 73, 62, 100, 87, 75, 67, 39, 31, 9, 0, 10, 50, 20, 100, 0, 2
100, 100, 69, 91, 43, 72, 18, 49, 0, 22, 16, 0, 34, 11, 3, 10, 6
30, 82, 8, 69, 36, 30, 2, 0, 0, 36, 14, 84, 54, 100, 100, 97, 5
51, 100, 17, 77, 17, 21, 63, 0, 100, 42, 83, 93, 29, 99, 0, 52, 0
0, 87, 49, 100, 100, 90, 83, 46, 77, 0, 65, 4, 41, 32, 97, 40, 7
71, 100, 39, 87, 11, 63, 0, 37, 42, 25, 100, 37, 74, 24, 53, 0, 4
15, 75, 38, 100, 55, 68, 37, 33, 3, 6, 0, 3, 50, 5, 100, 0, 2
100, 68, 56, 48, 0, 64, 14, 100, 77, 98, 90, 61, 61, 25, 10, 0, 9
47, 80, 57, 100, 100, 90, 70, 63, 93, 34, 74, 5, 28, 0, 0, 25, 3
0, 64, 31, 79, 72, 100, 100, 98, 87, 74, 74, 49, 72, 24, 82, 0, 1
46, 100, 1, 69, 0, 33, 64, 29, 100, 42, 75, 84, 65, 46, 62, 0, 4
0, 42, 29, 68, 63, 100, 56, 84, 41, 49, 31, 14, 26, 0, 100, 11, 1
38, 79, 69, 100, 76, 60, 46, 25, 3, 2, 0, 3, 50, 0, 100, 1, 2
6, 27, 47, 57, 62, 100, 8, 91, 48, 56, 100, 25, 51, 0, 0, 22, 8
74, 100, 32, 78, 13, 39, 15, 0, 71, 6, 100, 41, 47, 42, 0, 16, 6
77, 97, 63, 73, 91, 32, 54, 0, 0, 24, 49, 54, 100, 86, 46, 100, 8
100, 100, 73, 83, 32, 59, 4, 33, 0, 4, 66, 0, 88, 18, 20, 18, 6
17, 93, 25, 64, 45, 25, 5, 0, 0, 42, 5, 96, 53, 100, 100, 100, 5
24, 90, 46, 70, 100, 91, 45, 100, 0, 77, 66, 73, 69, 38, 45, 0, 9
55, 100, 9, 78, 0, 36, 29, 0, 83, 17, 100, 58, 79, 97, 21, 89, 0
9, 96, 72, 100, 96, 77, 41, 59, 57, 46, 100, 23, 68, 0, 0, 5, 3
25, 100, 95, 96, 100, 70, 72, 43, 55, 15, 45, 0, 0, 23, 43, 34, 7
0, 58, 62, 82, 78, 100, 41, 75, 30, 50, 32, 24, 30, 2, 100, 0, 1
0, 69, 43, 84, 89, 100, 100, 95, 74, 71, 51, 47, 34, 21, 16, 0, 1
7, 71, 42, 100, 70, 71, 45, 31, 5, 3, 0, 10, 50, 8, 100, 0, 2
28, 58, 25, 97, 68, 100, 69, 59, 44, 22, 0, 0, 47, 10, 100, 1, 2
43, 92, 62, 70, 64, 100, 3, 91, 68, 75, 100, 34, 67, 0, 0, 8, 9
0, 90, 36, 100, 53, 76, 15, 51, 67, 46, 100, 20, 61, 0, 10, 7, 3
0, 78, 25, 100, 66, 98, 87, 71, 62, 40, 32, 13, 58, 0, 100, 3, 2
0, 97, 55, 100, 100, 82, 87, 48, 64, 15, 41, 0, 15, 32, 69, 43, 7
100, 100, 70, 92, 37, 65, 8, 36, 1, 4, 52, 0, 54, 20, 0, 15, 6
14, 65, 36, 100, 67, 82, 50, 40, 17, 6, 0, 0, 50, 4, 100, 2, 2
28, 94, 42, 57, 42, 18, 2, 0, 0, 37, 16, 78, 56, 95, 100, 100, 5
57, 82, 81, 100, 84, 78, 57, 57, 100, 51, 86, 20, 47, 2, 0, 0, 3
22, 94, 0, 92, 27, 100, 100, 99, 68, 51, 48, 0, 24, 24, 94, 36, 7
67, 63, 78, 83, 100, 100, 83, 80, 61, 60, 33, 40, 11, 20, 0, 0, 1
0, 100, 58, 100, 89, 88, 74, 44, 61, 0, 22, 22, 41, 33, 100, 29, 7
24, 96, 84, 99, 100, 100, 25, 93, 28, 57, 93, 36, 73, 0, 0, 1, 5
53, 80, 78, 100, 14, 80, 55, 65, 92, 64, 100, 24, 50, 0, 0, 20, 9
0, 72, 22, 100, 51, 80, 31, 49, 0, 21, 4, 9, 54, 13, 100, 0, 2
65, 66, 61, 100, 13, 67, 76, 34, 90, 0, 0, 5, 32, 44, 100, 75, 8
100, 100, 55, 81, 22, 56, 0, 25, 25, 0, 74, 12, 58, 39, 8, 40, 6
35, 92, 12, 47, 21, 0, 71, 8, 100, 48, 82, 94, 32, 100, 0, 66, 0
32, 100, 0, 58, 5, 7, 60, 0, 100, 38, 85, 85, 27, 86, 5, 42, 0
39, 93, 0, 64, 4, 15, 46, 0, 86, 27, 100, 73, 62, 100, 18, 86, 0
29, 100, 21, 76, 0, 47, 6, 32, 79, 35, 100, 58, 99, 28, 93, 0, 4
0, 78, 28, 100, 79, 82, 63, 48, 59, 48, 100, 22, 55, 0, 9, 8, 3
100, 94, 50, 100, 22, 76, 30, 51, 78, 44, 87, 14, 48, 0, 0, 5, 5
0, 40, 32, 59, 71, 82, 100, 100, 85, 75, 71, 50, 64, 25, 75, 0, 1
100, 100, 55, 81, 24, 50, 9, 15, 54, 0, 87, 24, 43, 41, 0, 31, 6
0, 37, 50, 49, 80, 74, 100, 100, 96, 76, 86, 50, 70, 23, 59, 0, 1
78, 100, 30, 74, 5, 44, 0, 13, 60, 0, 100, 26, 48, 39, 2, 15, 6
34, 69, 23, 100, 65, 98, 58, 63, 32, 32, 0, 3, 47, 0, 100, 7, 2
95, 100, 46, 80, 13, 53, 0, 25, 28, 0, 100, 10, 62, 32, 8, 18, 6
0, 95, 28, 100, 50, 69, 43, 27, 33, 0, 14, 36, 57, 36, 100, 41, 7
8, 86, 6, 55, 60, 35, 41, 0, 11, 27, 0, 74, 41, 89, 100, 100, 5
20, 90, 15, 66, 37, 18, 7, 0, 0, 45, 15, 95, 58, 100, 100, 87, 5
0, 73, 36, 77, 81, 98, 100, 100, 92, 75, 84, 49, 78, 23, 93, 0, 1
62, 100, 30, 75, 0, 49, 52, 44, 100, 49, 87, 58, 66, 29, 50, 0, 4
0, 55, 41, 76, 63, 100, 69, 92, 71, 68, 78, 43, 88, 18, 100, 0, 1
26, 90, 75, 74, 70, 100, 0, 85, 83, 80, 100, 52, 61, 20, 9, 0, 9
15, 83, 50, 100, 100, 94, 79, 71, 76, 48, 91, 20, 50, 2, 0, 0, 3
0, 61, 26, 75, 59, 86, 90, 100, 100, 91, 83, 61, 67, 33, 62, 0, 1
54, 100, 18, 75, 0, 55, 60, 51, 100, 71, 74, 56, 46, 29, 28, 0, 4
57, 63, 100, 91, 48, 100, 0, 73, 55, 65, 96, 60, 60, 28, 13, 0, 9
0, 98, 67, 100, 100, 72, 88, 36, 72, 0, 54, 0, 19, 31, 87, 32, 7
20, 76, 54, 100, 88, 82, 61, 53, 20, 28, 0, 19, 59, 21, 100, 0, 2
5, 81, 1, 55, 29, 22, 4, 0, 0, 44, 16, 80, 57, 95, 100, 100, 5
41, 91, 15, 59, 25, 6, 70, 0, 100, 39, 78, 85, 32, 100, 0, 68, 0
15, 100, 6, 83, 0, 63, 15, 44, 58, 44, 72, 37, 74, 17, 100, 0, 4
100, 79, 84, 100, 45, 87, 95, 95, 99, 72, 67, 40, 33, 10, 0, 0, 9
54, 100, 32, 67, 0, 37, 28, 35, 100, 37, 75, 62, 62, 29, 69, 0, 4
35, 93, 2, 69, 0, 26, 36, 0, 79, 2, 100, 39, 81, 77, 42, 100, 0
84, 54, 26, 47, 0, 75, 40, 100, 93, 90, 100, 55, 70, 24, 25, 0, 9
35, 83, 18, 81, 0, 40, 21, 4, 69, 0, 100, 28, 91, 71, 57, 100, 0
70, 100, 25, 75, 0, 34, 25, 0, 73, 22, 100, 62, 75, 98, 23, 93, 0
33, 63, 69, 82, 100, 100, 78, 78, 71, 54, 69, 29, 57, 6, 0, 0, 1
69, 97, 37, 54, 57, 0, 0, 4, 30, 46, 100, 66, 84, 100, 12, 94, 8
60, 92, 100, 100, 64, 98, 32, 72, 66, 60, 76, 29, 40, 7, 0, 0, 5
100, 98, 66, 100, 30, 90, 17, 60, 48, 48, 64, 17, 34, 0, 0, 6, 5
0, 50, 45, 70, 80, 92, 100, 100, 80, 75, 59, 50, 52, 25, 52, 0, 1
0, 97, 41, 100, 59, 52, 45, 0, 17, 9, 5, 45, 52, 44, 100, 39, 7
0, 42, 21, 66, 33, 91, 64, 100, 70, 74, 73, 49, 73, 23, 100, 0, 1
50, 85, 3, 100, 4, 78, 63, 68, 100, 61, 80, 19, 32, 0, 0, 7, 9
0, 95, 41, 100, 66, 67, 59, 22, 47, 0, 20, 37, 55, 48, 100, 51, 7
0, 62, 20, 8, 58, 0, 91, 32, 100, 92, 65, 100, 30, 70, 11, 17, 0
0, 55, 57, 76, 100, 100, 73, 83, 71, 57, 79, 32, 89, 6, 93, 0, 1
31, 94, 100, 100, 66, 96, 5, 79, 0, 50, 69, 37, 92, 10, 22, 0, 5
100, 89, 58, 100, 29, 72, 70, 75, 79, 49, 87, 8, 43, 0, 0, 8, 9
21, 87, 49, 100, 96, 87, 53, 63, 65, 48, 100, 21, 55, 0, 0, 5, 3
0, 83, 30, 100, 61, 78, 64, 39, 52, 0, 31, 24, 61, 48, 100, 57, 7
95, 100, 57, 84, 33, 50, 22, 12, 66, 0, 100, 24, 47, 22, 0, 6, 6
87, 78, 50, 94, 16, 59, 0, 19, 45, 0, 99, 24, 100, 63, 67, 100, 0
58, 50, 88, 84, 100, 100, 84, 60, 80, 19, 40, 0, 0, 4, 64, 5, 1
0, 73, 48, 91, 62, 100, 56, 46, 71, 12, 100, 16, 42, 6, 15, 0, 1
100, 100, 64, 81, 39, 55, 24, 26, 37, 0, 76, 11, 41, 24, 0, 10, 6
0, 99, 27, 100, 49, 83, 51, 55, 43, 29, 44, 3, 72, 0, 100, 2, 2
50, 100, 10, 67, 100, 100, 14, 94, 19, 56, 0, 0, 89, 29, 1, 40, 8
53, 100, 33, 71, 0, 44, 14, 43, 68, 37, 100, 58, 85, 33, 83, 0, 4
100, 100, 55, 96, 20, 66, 0, 32, 16, 0, 79, 2, 68, 27, 9, 13, 6
44, 82, 42, 51, 100, 77, 47, 100, 0, 81, 74, 69, 54, 35, 36, 0, 9
28, 68, 37, 100, 96, 94, 82, 47, 66, 0, 100, 6, 46, 36, 0, 70, 8
38, 100, 10, 67, 0, 28, 26, 0, 73, 13, 100, 45, 76, 77, 29, 88, 0
0, 79, 34, 100, 57, 80, 46, 45, 18, 14, 10, 0, 59, 1, 100, 2, 2
0, 61, 42, 78, 81, 98, 100, 100, 84, 74, 72, 49, 65, 23, 65, 0, 1
11, 76, 30, 100, 42, 68, 27, 34, 0, 5, 16, 17, 58, 8, 100, 0, 2
92, 76, 28, 67, 3, 100, 58, 98, 77, 61, 100, 24, 80, 0, 0, 8, 9
43, 100, 47, 68, 0, 33, 29, 36, 100, 45, 88, 63, 61, 25, 55, 0, 4
5, 91, 0, 52, 14, 13, 61, 0, 97, 30, 100, 70, 66, 100, 14, 98, 0
12, 91, 55, 98, 100, 100, 100, 83, 67, 64, 54, 39, 37, 14, 0, 0, 3
34, 78, 39, 53, 100, 24, 49, 0, 44, 35, 77, 70, 76, 100, 0, 80, 8
65, 82, 14, 100, 33, 49, 100, 5, 8, 0, 0, 41, 90, 72, 12, 98, 8
100, 100, 50, 100, 34, 60, 69, 25, 43, 0, 0, 18, 27, 58, 65, 92, 8
100, 100, 70, 87, 50, 73, 33, 58, 23, 43, 10, 29, 0, 15, 0, 0, 1
100, 94, 76, 100, 44, 82, 18, 59, 0, 29, 6, 0, 41, 7, 22, 25, 6
55, 100, 19, 75, 0, 50, 71, 58, 100, 75, 62, 82, 40, 41, 20, 0, 4
20, 81, 0, 39, 22, 0, 68, 5, 100, 37, 89, 83, 47, 100, 14, 68, 0
5, 70, 34, 100, 85, 83, 56, 52, 75, 43, 100, 12, 41, 0, 0, 20, 3
78, 70, 100, 100, 53, 91, 59, 75, 92, 86, 63, 57, 32, 28, 0, 0, 9
5, 92, 82, 100, 100, 67, 57, 32, 12, 0, 80, 11, 70, 46, 0, 66, 8
35, 100, 73, 100, 19, 87, 10, 53, 73, 47, 100, 16, 46, 0, 0, 19, 5
24, 77, 54, 100, 81, 83, 59, 52, 100, 36, 95, 10, 48, 0, 0, 5, 3
50, 100, 44, 93, 10, 69, 0, 45, 75, 49, 100, 46, 60, 23, 33, 0, 4
31, 67, 35, 99, 81, 100, 73, 56, 37, 23, 0, 2, 50, 0, 100, 3, 2
4, 73, 53, 91, 100, 100, 47, 88, 20, 41, 72, 36, 52, 1, 0, 0, 5
31, 77, 35, 100, 69, 86, 51, 43, 19, 8, 0, 3, 49, 3, 100, 0, 2
23, 71, 61, 100, 70, 92, 52, 46, 41, 0, 0, 8, 50, 11, 100, 14, 1
51, 65, 59, 100, 0, 72, 63, 37, 100, 1, 4, 0, 15, 37, 99, 62, 8
91, 79, 44, 68, 0, 74, 24, 100, 69, 91, 83, 61, 89, 30, 100, 0, 9
0, 52, 52, 75, 87, 100, 65, 84, 63, 58, 72, 32, 98, 7, 100, 0, 1
0, 74, 29, 100, 37, 94, 30, 62, 23, 30, 12, 0, 47, 10, 100, 12, 1
30, 85, 9, 64, 38, 30, 7, 0, 0, 24, 14, 64, 51, 89, 100, 100, 5
0, 100, 56, 96, 100, 77, 73, 43, 45, 10, 53, 0, 85, 31, 30, 33, 7
32, 84, 66, 100, 70, 57, 40, 25, 0, 15, 23, 33, 63, 22, 100, 0, 2
100, 100, 54, 79, 19, 52, 1, 22, 35, 0, 92, 9, 46, 26, 0, 12, 6
53, 100, 23, 75, 3, 48, 0, 20, 41, 0, 100, 6, 67, 25, 8, 16, 6
2, 81, 13, 51, 61, 43, 41, 0, 12, 25, 0, 72, 45, 91, 100, 100, 5
2, 78, 35, 100, 56, 78, 35, 40, 0, 11, 5, 4, 53, 2, 100, 0, 2
0, 100, 2, 83, 4, 53, 43, 41, 86, 55, 100, 57, 79, 29, 77, 0, 4
0, 85, 31, 100, 60, 91, 54, 51, 33, 18, 33, 0, 66, 3, 100, 6, 2
13, 67, 0, 93, 78, 100, 100, 71, 60, 41, 9, 15, 9, 0, 89, 6, 2
16, 78, 0, 38, 31, 0, 74, 13, 100, 59, 71, 100, 28, 91, 11, 39, 0
100, 100, 67, 86, 26, 60, 0, 31, 16, 0, 71, 7, 65, 36, 5, 48, 6
47, 100, 30, 73, 0, 40, 22, 21, 89, 23, 100, 55, 71, 34, 49, 0, 4
9, 100, 0, 72, 27, 51, 100, 55, 97, 86, 72, 61, 53, 30, 48, 0, 4
20, 72, 51, 100, 60, 69, 40, 35, 12, 4, 0, 12, 49, 9, 100, 0, 2
0, 88, 39, 100, 97, 87, 84, 47, 67, 7, 38, 0, 33, 26, 100, 35, 7
54, 86, 88, 100, 100, 99, 64, 89, 36, 64, 50, 31, 32, 0, 0, 1, 5
0, 93, 45, 100, 87, 94, 71, 48, 60, 0, 39, 17, 53, 40, 100, 37, 7
45, 78, 75, 100, 100, 76, 82, 43, 48, 16, 0, 0, 33, 8, 88, 10, 2
20, 98, 9, 55, 71, 53, 70, 0, 0, 5, 10, 60, 24, 93, 100, 100, 5
100, 71, 44, 70, 53, 100, 85, 86, 86, 51, 90, 16, 50, 0, 0, 19, 9
43, 90, 100, 100, 75, 96, 2, 85, 45, 70, 91, 47, 64, 15, 0, 0, 5
89, 100, 42, 84, 12, 53, 7, 20, 60, 0, 100, 20, 50, 38, 0, 19, 6
35, 78, 92, 100, 100, 96, 85, 68, 88, 40, 79, 13, 0, 0, 27, 4, 1
0, 27, 33, 50, 76, 74, 90, 100, 81, 80, 76, 53, 79, 26, 100, 0, 1
15, 91, 2, 47, 67, 53, 53, 4, 5, 0, 0, 56, 31, 91, 100, 100, 5
88, 100, 37, 88, 45, 60, 97, 79, 100, 78, 89, 40, 56, 8, 0, 0, 9
37, 75, 68, 100, 100, 83, 72, 54, 68, 45, 86, 18, 45, 0, 0, 9, 3
34, 89, 68, 100, 78, 80, 61, 67, 100, 48, 95, 19, 51, 0, 0, 0, 3
28, 92, 12, 44, 35, 0, 83, 11, 100, 57, 72, 100, 25, 95, 0, 52, 0
37, 100, 0, 63, 38, 40, 38, 0, 13, 12, 30, 61, 44, 98, 100, 92, 5
51, 83, 20, 78, 51, 49, 50, 4, 0, 0, 21, 46, 47, 93, 100, 100, 5
0, 77, 20, 100, 50, 86, 34, 51, 6, 23, 20, 7, 60, 4, 100, 0, 2
55, 100, 33, 72, 18, 44, 19, 15, 70, 0, 100, 20, 40, 23, 0, 1, 6
0, 78, 23, 91, 61, 97, 100, 100, 87, 75, 78, 50, 71, 24, 68, 0, 7
6, 48, 32, 77, 75, 100, 100, 79, 73, 51, 33, 26, 0, 1, 62, 0, 2
0, 78, 51, 100, 100, 79, 86, 44, 62, 11, 44, 0, 1, 28, 73, 34, 7
0, 74, 16, 100, 35, 79, 20, 48, 1, 18, 19, 0, 60, 2, 100, 11, 2
15, 76, 5, 33, 34, 0, 89, 9, 100, 50, 79, 91, 29, 100, 0, 64, 0
77, 100, 41, 79, 56, 38, 34, 0, 0, 19, 53, 50, 100, 82, 39, 94, 8
100, 100, 60, 91, 23, 63, 0, 32, 12, 0, 65, 6, 69, 36, 11, 38, 6
6, 74, 37, 58, 100, 45, 91, 2, 26, 0, 0, 46, 20, 85, 85, 100, 5
29, 81, 20, 63, 50, 27, 15, 0, 0, 33, 8, 75, 46, 100, 100, 91, 5
40, 100, 70, 60, 90, 100, 31, 94, 84, 63, 100, 31, 52, 0, 0, 28, 9
0, 61, 14, 18, 63, 0, 100, 33, 89, 80, 45, 100, 14, 62, 18, 16, 0
0, 26, 34, 45, 68, 71, 100, 100, 86, 87, 59, 55, 32, 22, 5, 0, 1
55, 100, 20, 69, 3, 36, 4, 3, 72, 0, 100, 31, 68, 57, 0, 45, 6
0, 99, 81, 100, 93, 75, 65, 38, 40, 0, 24, 0, 15, 30, 100, 32, 7
85, 52, 85, 98, 0, 79, 65, 39, 100, 0, 9, 13, 62, 56, 100, 100, 8
0, 82, 32, 100, 69, 84, 47, 58, 82, 46, 100, 21, 66, 0, 13, 1, 3
14, 84, 0, 53, 79, 83, 9, 100, 8, 66, 100, 80, 67, 38, 14, 0, 9
31, 86, 67, 100, 81, 73, 54, 47, 18, 25, 0, 10, 50, 4, 100, 0, 2
15, 95, 77, 100, 100, 72, 70, 42, 31, 13, 0, 0, 17, 32, 95, 37, 7
34, 93, 7, 61, 0, 25, 34, 0, 81, 12, 100, 46, 98, 83, 62, 100, 0
12, 72, 50, 83, 92, 100, 100, 92, 75, 69, 47, 46, 22, 23, 0, 0, 1
0, 93, 11, 57, 69, 38, 42, 0, 4, 14, 5, 61, 35, 94, 100, 100, 5
52, 100, 48, 66, 91, 45, 48, 10, 0, 0, 20, 49, 39, 98, 100, 100, 5
7, 82, 69, 100, 100, 73, 55, 37, 15, 0, 74, 0, 34, 38, 0, 72, 8
0, 38, 42, 60, 74, 100, 62, 61, 55, 17, 3, 1, 19, 0, 100, 5, 1
4, 98, 6, 73, 96, 100, 16, 97, 0, 72, 100, 89, 51, 43, 13, 0, 9
75, 100, 0, 88, 54, 58, 100, 24, 44, 0, 2, 29, 41, 65, 22, 96, 8
9, 70, 32, 100, 59, 78, 36, 43, 0, 15, 6, 10, 52, 1, 100, 0, 2
100, 100, 78, 96, 32, 66, 0, 33, 11, 0, 89, 11, 85, 35, 3, 24, 6
55, 94, 9, 78, 56, 57, 60, 4, 0, 0, 4, 43, 40, 93, 100, 100, 5
100, 100, 74, 86, 48, 73, 29, 59, 16, 44, 6, 29, 0, 15, 0, 0, 1
26, 100, 11, 80, 0, 46, 69, 33, 100, 52, 88, 66, 55, 33, 20, 0, 4
56, 68, 100, 95, 46, 100, 0, 74, 48, 70, 99, 62, 74, 30, 40, 0, 9
2, 94, 51, 100, 100, 95, 69, 71, 100, 46, 97, 17, 51, 5, 0, 0, 3
39, 96, 2, 70, 53, 38, 63, 0, 0, 10, 6, 55, 31, 94, 100, 100, 5
100, 100, 61, 99, 24, 66, 0, 31, 22, 0, 93, 13, 70, 33, 3, 18, 6
9, 100, 4, 86, 0, 62, 4, 37, 54, 25, 100, 42, 79, 24, 84, 0, 4
0, 96, 43, 100, 70, 70, 59, 29, 39, 0, 19, 39, 52, 45, 100, 44, 7
19, 100, 0, 78, 23, 50, 100, 55, 84, 79, 64, 68, 60, 34, 57, 0, 4
40, 96, 83, 100, 81, 72, 73, 61, 100, 35, 79, 6, 35, 0, 0, 19, 3
91, 90, 31, 100, 0, 65, 57, 32, 84, 0, 15, 14, 44, 57, 100, 83, 8
68, 100, 28, 85, 4, 63, 0, 38, 51, 34, 100, 42, 88, 25, 91, 0, 4
65, 100, 93, 92, 71, 68, 80, 47, 100, 24, 70, 6, 34, 0, 0, 7, 3
78, 100, 51, 83, 25, 52, 11, 20, 52, 0, 100, 22, 64, 46, 0, 37, 6
11, 93, 65, 100, 98, 81, 58, 56, 62, 40, 100, 16, 53, 0, 0, 10, 3
7, 59, 0, 25, 35, 0, 76, 0, 100, 35, 80, 76, 44, 100, 5, 88, 0
26, 89, 0, 50, 8, 0, 69, 13, 100, 58, 73, 100, 20, 74, 13, 25, 0
7, 94, 57, 100, 56, 62, 41, 25, 30, 0, 0, 33, 41, 39, 100, 38, 7
10, 85, 53, 100, 87, 78, 41, 55, 64, 47, 100, 21, 56, 0, 0, 9, 3
62, 56, 100, 83, 52, 100, 0, 77, 66, 78, 93, 57, 65, 28, 33, 0, 9
0, 82, 41, 100, 75, 72, 68, 22, 42, 0, 11, 37, 54, 47, 100, 46, 7
78, 100, 32, 74, 0, 43, 74, 36, 100, 56, 88, 64, 60, 32, 38, 0, 4
21, 98, 0, 100, 54, 100, 100, 100, 60, 81, 32, 57, 21, 29, 19, 0, 7
9, 92, 93, 100, 100, 76, 67, 38, 36, 0, 0, 6, 0, 32, 88, 37, 7
0, 91, 41, 100, 100, 94, 74, 62, 45, 31, 15, 0, 4, 16, 47, 32, 7
0, 100, 31, 67, 98, 38, 86, 0, 15, 8, 65, 45, 100, 84, 26, 86, 8
68, 100, 0, 90, 62, 47, 100, 0, 15, 5, 53, 55, 97, 100, 18, 84, 8
59, 100, 25, 75, 0, 42, 6, 6, 61, 0, 100, 25, 54, 33, 25, 6, 6
100, 100, 70, 86, 32, 63, 5, 37, 0, 10, 51, 0, 62, 15, 3, 17, 6
25, 100, 11, 86, 0, 60, 51, 57, 100, 71, 92, 51, 72, 26, 57, 0, 4
0, 87, 3, 97, 52, 100, 100, 96, 100, 70, 71, 47, 40, 24, 15, 0, 7
59, 100, 12, 74, 0, 32, 31, 0, 84, 21, 100, 60, 69, 96, 16, 86, 0
12, 83, 50, 100, 85, 67, 63, 23, 16, 0, 0, 18, 52, 18, 100, 1, 2
0, 88, 39, 100, 79, 89, 76, 62, 55, 36, 27, 15, 54, 3, 100, 0, 2
0, 93, 59, 100, 100, 80, 76, 46, 58, 12, 42, 0, 9, 32, 69, 42, 7
19, 55, 62, 76, 100, 100, 100, 98, 75, 73, 62, 49, 38, 24, 0, 0, 1
0, 91, 51, 100, 79, 81, 64, 50, 58, 17, 55, 0, 41, 27, 100, 34, 7
90, 100, 52, 75, 26, 48, 11, 19, 49, 0, 100, 18, 38, 24, 0, 2, 6
0, 94, 45, 100, 75, 76, 61, 38, 52, 0, 93, 14, 100, 38, 37, 41, 7
56, 95, 42, 62, 38, 17, 0, 0, 27, 38, 64, 69, 100, 100, 53, 94, 8
97, 94, 61, 100, 28, 77, 67, 71, 100, 47, 86, 8, 43, 0, 0, 12, 5
0, 82, 35, 100, 68, 81, 72, 39, 57, 0, 26, 23, 61, 40, 100, 52, 7
37, 100, 14, 55, 84, 61, 100, 20, 38, 0, 2, 43, 0, 83, 72, 87, 5
25, 95, 0, 69, 10, 34, 92, 37, 100, 69, 62, 100, 69, 50, 70, 0, 4
85, 100, 49, 81, 17, 60, 0, 38, 60, 32, 100, 43, 70, 22, 55, 0, 4
17, 89, 0, 49, 2, 7, 51, 0, 91, 26, 100, 66, 67, 98, 18, 100, 0
22, 99, 32, 74, 100, 93, 15, 100, 42, 83, 100, 69, 55, 33, 0, 0, 9
100, 100, 68, 89, 36, 70, 12, 46, 4, 18, 33, 0, 40, 9, 0, 13, 6
84, 91, 42, 100, 36, 70, 83, 87, 94, 51, 100, 6, 50, 0, 0, 6, 9
0, 84, 35, 100, 69, 81, 65, 55, 100, 37, 91, 9, 48, 0, 15, 12, 3
28, 82, 74, 100, 87, 77, 46, 51, 88, 48, 100, 18, 52, 0, 0, 0, 3
81, 100, 49, 81, 76, 38, 50, 0, 0, 17, 58, 51, 100, 91, 30, 98, 8
0, 77, 17, 100, 55, 96, 58, 62, 40, 31, 22, 1, 60, 0, 100, 3, 2
16, 78, 41, 100, 89, 84, 38, 61, 29, 41, 100, 25, 84, 2, 0, 0, 3
0, 63, 23, 93, 78, 100, 89, 69, 54, 41, 11, 16, 41, 4, 100, 0, 2
35, 100, 16, 68, 0, 41, 92, 36, 100, 74, 96, 76, 83, 38, 71, 0, 4
0, 86, 30, 100, 65, 89, 50, 60, 74, 37, 100, 14, 55, 0, 9, 0, 3
70, 89, 34, 67, 71, 37, 51, 2, 0, 0, 23, 45, 49, 88, 100, 100, 5
25, 98, 0, 64, 83, 72, 79, 22, 12, 0, 9, 51, 8, 95, 100, 100, 5
20, 100, 0, 58, 14, 15, 59, 0, 98, 27, 100, 73, 64, 100, 24, 76, 0
76, 100, 33, 83, 0, 55, 43, 39, 100, 52, 87, 55, 48, 28, 15, 0, 4
33, 74, 4, 93, 73, 100, 55, 72, 38, 50, 100, 35, 73, 8, 0, 0, 3
86, 86, 44, 64, 0, 69, 39, 95, 95, 100, 100, 65, 73, 31, 57, 0, 9
0, 30, 30, 53, 65, 76, 100, 100, 93, 79, 73, 52, 50, 26, 31, 0, 1
0, 60, 24, 82, 84, 100, 100, 90, 73, 68, 43, 44, 18, 22, 14, 0, 1
88, 95, 60, 69, 74, 18, 10, 0, 0, 35, 67, 59, 100, 100, 36, 100, 8
72, 100, 6, 80, 0, 50, 100, 54, 95, 72, 67, 87, 61, 41, 77, 0, 4
25, 100, 76, 95, 75, 63, 58, 29, 54, 0, 100, 24, 61, 43, 0, 54, 7
10, 87, 17, 58, 88, 50, 86, 0, 17, 6, 0, 58, 21, 92, 100, 100, 5
59, 100, 6, 57, 100, 72, 26, 86, 64, 46, 0, 0, 91, 10, 35, 34, 8
83, 100, 50, 85, 18, 52, 10, 14, 59, 0, 100, 24, 51, 36, 0, 18, 6
0, 84, 51, 100, 90, 74, 77, 36, 57, 0, 37, 25, 32, 41, 100, 49, 7
0, 80, 35, 100, 69, 78, 49, 41, 10, 15, 5, 27, 53, 15, 100, 0, 2
20, 100, 7, 84, 0, 50, 65, 50, 100, 67, 84, 68, 77, 34, 72, 0, 4
24, 99, 77, 100, 95, 70, 44, 51, 73, 47, 100, 18, 55, 0, 0, 8, 3
70, 90, 27, 73, 1, 100, 57, 90, 84, 57, 100, 21, 66, 0, 0, 8, 9
9, 67, 32, 100, 58, 79, 43, 42, 17, 8, 0, 0, 49, 12, 100, 1, 2
100, 100, 55, 78, 21, 52, 0, 22, 27, 0, 79, 14, 53, 27, 1, 10, 6
5, 62, 21, 83, 46, 100, 43, 57, 43, 14, 0, 9, 50, 0, 100, 0, 1
100, 79, 52, 100, 0, 78, 25, 50, 83, 68, 99, 77, 83, 38, 62, 0, 9
16, 100, 1, 84, 0, 58, 29, 39, 74, 46, 100, 51, 88, 25, 78, 0, 4
88, 63, 87, 100, 7, 94, 0, 59, 73, 76, 100, 77, 85, 39, 80, 0, 9
0, 87, 40, 100, 100, 98, 89, 60, 78, 21, 62, 0, 25, 31, 61, 45, 7
55, 100, 33, 79, 14, 55, 0, 30, 57, 24, 100, 46, 64, 25, 67, 0, 4
26, 80, 58, 100, 63, 61, 38, 26, 0, 6, 22, 18, 61, 0, 100, 18, 2
32, 58, 26, 89, 73, 100, 80, 56, 42, 21, 0, 0, 50, 5, 100, 4, 2
71, 64, 100, 79, 63, 100, 0, 85, 29, 61, 100, 66, 94, 33, 95, 0, 9
25, 92, 71, 100, 75, 62, 57, 25, 30, 0, 0, 32, 47, 39, 100, 40, 7
35, 96, 0, 71, 35, 36, 36, 0, 3, 16, 9, 68, 45, 100, 100, 92, 5
99, 100, 67, 85, 22, 58, 1, 27, 36, 0, 100, 18, 77, 47, 0, 59, 6
41, 86, 80, 100, 93, 78, 50, 58, 94, 44, 100, 14, 53, 0, 0, 4, 3
34, 85, 64, 100, 90, 82, 60, 56, 100, 38, 92, 11, 44, 0, 0, 13, 3
100, 98, 60, 100, 24, 87, 3, 58, 35, 51, 58, 26, 36, 0, 0, 5, 5
88, 92, 2, 99, 16, 66, 94, 37, 70, 0, 0, 24, 42, 65, 100, 100, 8
0, 94, 9, 57, 20, 19, 7, 0, 20, 36, 70, 68, 100, 100, 18, 92, 8
92, 95, 30, 100, 34, 68, 87, 89, 84, 78, 100, 35, 64, 0, 0, 19, 9
30, 74, 55, 100, 89, 87, 66, 56, 100, 38, 92, 8, 41, 0, 0, 20, 3
42, 93, 19, 88, 0, 42, 24, 0, 83, 11, 100, 56, 75, 100, 17, 97, 0
27, 83, 0, 42, 9, 0, 65, 17, 96, 57, 100, 100, 45, 95, 10, 58, 0
27, 73, 81, 100, 83, 91, 78, 52, 62, 14, 0, 0, 29, 1, 100, 5, 1
75, 100, 42, 78, 13, 51, 0, 22, 40, 0, 100, 16, 88, 43, 22, 35, 6
0, 76, 29, 95, 92, 100, 81, 77, 75, 56, 100, 35, 85, 13, 31, 0, 3
0, 98, 75, 100, 84, 65, 54, 31, 26, 0, 100, 21, 96, 39, 6, 41, 7
62, 81, 100, 100, 84, 91, 40, 76, 67, 64, 83, 26, 46, 0, 0, 9, 5
100, 100, 70, 86, 53, 72, 37, 58, 20, 43, 10, 29, 0, 14, 13, 0, 1
32, 75, 59, 100, 88, 84, 72, 54, 100, 38, 89, 10, 39, 0, 0, 19, 3
29, 100, 4, 77, 0, 54, 64, 53, 100, 69, 71, 47, 46, 24, 32, 0, 4
0, 84, 3, 73, 30, 98, 100, 100, 90, 79, 73, 48, 61, 16, 59, 0, 7
0, 77, 34, 100, 82, 97, 72, 64, 39, 36, 4, 10, 48, 1, 100, 0, 2
10, 61, 35, 100, 69, 88, 41, 46, 0, 13, 10, 28, 53, 0, 100, 23, 2
28, 77, 40, 100, 49, 67, 29, 32, 0, 18, 32, 14, 66, 0, 100, 18, 2
86, 70, 51, 100, 0, 76, 78, 41, 100, 0, 0, 13, 40, 54, 98, 80, 8
23, 100, 0, 81, 25, 48, 100, 44, 96, 80, 85, 68, 76, 28, 65, 0, 4
0, 89, 29, 100, 66, 87, 70, 66, 84, 46, 100, 26, 75, 8, 25, 0, 3
46, 100, 38, 76, 0, 48, 47, 48, 100, 67, 91, 64, 70, 31, 44, 0, 4
26, 83, 72, 100, 84, 69, 56, 45, 100, 47, 87, 15, 36, 0, 0, 24, 3
70, 97, 16, 84, 0, 49, 12, 14, 62, 0, 95, 29, 100, 65, 92, 100, 0
48, 84, 99, 100, 100, 94, 53, 74, 48, 44, 90, 26, 55, 0, 0, 1, 5
100, 81, 54, 100, 0, 72, 43, 36, 66, 0, 26, 24, 67, 61, 95, 91, 8
13, 96, 0, 71, 78, 61, 82, 12, 7, 0, 4, 49, 15, 97, 100, 100, 5
0, 88, 35, 100, 55, 68, 49, 27, 38, 0, 19, 32, 59, 40, 100, 45, 7
87, 86, 46, 100, 17, 70, 75, 75, 100, 80, 94, 39, 58, 6, 0, 0, 9
0, 91, 59, 100, 85, 94, 54, 53, 37, 7, 21, 0, 34, 35, 100, 42, 7
22, 100, 19, 84, 0, 49, 40, 39, 97, 41, 90, 69, 93, 31, 100, 0, 4
63, 100, 33, 90, 5, 56, 10, 18, 61, 0, 100, 22, 46, 36, 0, 16, 6
28, 100, 28, 72, 0, 39, 39, 41, 100, 54, 98, 60, 96, 25, 91, 0, 4
56, 72, 38, 100, 0, 69, 45, 35, 64, 0, 2, 21, 35, 57, 100, 86, 8
72, 87, 29, 100, 0, 67, 50, 56, 92, 79, 100, 45, 98, 6, 45, 0, 9
42, 97, 4, 72, 33, 33, 42, 0, 0, 22, 56, 54, 100, 89, 44, 100, 8
41, 100, 3, 64, 0, 13, 50, 0, 95, 31, 100, 80, 50, 87, 22, 44, 0
0, 98, 70, 100, 97, 84, 87, 65, 83, 46, 100, 27, 97, 9, 30, 0, 3
15, 75, 0, 34, 24, 0, 69, 10, 98, 44, 100, 86, 58, 100, 13, 86, 0
100, 100, 77, 99, 42, 76, 16, 50, 0, 20, 28, 0, 65, 17, 25, 30, 6
0, 89, 53, 100, 91, 77, 77, 36, 49, 0, 23, 19, 43, 43, 100, 44, 7
0, 73, 7, 84, 63, 100, 100, 98, 88, 73, 80, 49, 74, 24, 77, 0, 1
0, 65, 39, 96, 45, 100, 48, 64, 56, 28, 20, 2, 12, 0, 100, 3, 1
35, 100, 0, 67, 4, 19, 52, 0, 100, 18, 100, 66, 60, 97, 10, 89, 0
24, 64, 38, 100, 68, 92, 48, 56, 17, 25, 0, 5, 51, 0, 100, 9, 2
0, 97, 51, 100, 82, 86, 84, 65, 90, 45, 100, 25, 82, 8, 35, 0, 3
0, 82, 25, 100, 36, 68, 21, 33, 13, 7, 42, 2, 71, 0, 100, 1, 2
35, 100, 2, 66, 0, 21, 41, 0, 87, 9, 100, 51, 69, 85, 23, 89, 0
46, 100, 30, 79, 0, 51, 43, 38, 86, 47, 100, 64, 81, 32, 71, 0, 4
25, 96, 76, 100, 84, 73, 43, 51, 80, 39, 100, 13, 52, 1, 0, 0, 3
12, 88, 4, 47, 15, 8, 68, 0, 100, 34, 99, 73, 54, 100, 0, 90, 0
20, 88, 1, 52, 17, 7, 69, 0, 100, 38, 85, 84, 36, 100, 0, 69, 0
97, 91, 0, 94, 19, 58, 68, 22, 12, 0, 20, 37, 81, 70, 100, 100, 8
51, 100, 7, 78, 57, 64, 87, 92, 86, 70, 100, 31, 61, 4, 0, 0, 9
28, 100, 16, 81, 0, 45, 38, 27, 85, 51, 100, 69, 80, 33, 81, 0, 4
58, 64, 69, 100, 91, 71, 72, 33, 36, 4, 0, 1, 50, 6, 100, 0, 2
35, 84, 24, 28, 54, 0, 87, 28, 100, 81, 66, 100, 30, 83, 0, 48, 0
0, 61, 0, 85, 39, 99, 100, 100, 79, 76, 57, 51, 38, 25, 33, 0, 7
12, 100, 49, 100, 65, 68, 49, 33, 27, 0, 0, 19, 44, 29, 100, 31, 7
100, 100, 59, 98, 24, 83, 7, 57, 46, 66, 60, 36, 38, 5, 0, 0, 5
57, 100, 10, 87, 0, 53, 52, 39, 95, 58, 100, 68, 87, 35, 84, 0, 4
80, 95, 0, 84, 43, 48, 100, 16, 58, 0, 37, 36, 75, 73, 82, 100, 8
0, 70, 71, 90, 100, 100, 84, 66, 76, 32, 47, 2, 5, 2, 98, 0, 1
100, 100, 37, 77, 61, 40, 67, 2, 0, 0, 34, 38, 83, 72, 70, 88, 8
0, 92, 44, 100, 78, 79, 68, 40, 58, 0, 33, 17, 53, 33, 100, 31, 7
13, 98, 8, 65, 41, 37, 29, 0, 3, 29, 0, 70, 45, 93, 100, 100, 5
79, 75, 41, 100, 3, 75, 54, 59, 79, 61, 100, 20, 54, 0, 0, 14, 9
0, 84, 48, 100, 83, 79, 69, 38, 47, 0, 14, 19, 46, 40, 100, 46, 7
27, 100, 92, 91, 100, 61, 88, 30, 71, 0, 0, 10, 8, 32, 96, 40, 7
82, 100, 0, 89, 51, 60, 100, 28, 43, 0, 3, 26, 36, 63, 43, 97, 8
100, 100, 63, 87, 35, 68, 16, 47, 2, 25, 0, 2, 32, 0, 30, 21, 6
0, 71, 7, 96, 53, 100, 100, 94, 78, 70, 52, 47, 29, 24, 14, 0, 7
0, 0, 29, 19, 53, 46, 78, 74, 100, 100, 81, 67, 65, 34, 50, 0, 1
43, 100, 33, 87, 0, 61, 2, 40, 69, 39, 85, 56, 76, 27, 100, 0, 4
100, 100, 74, 96, 45, 68, 28, 35, 32, 0, 63, 12, 38, 37, 0, 31, 6
24, 83, 62, 100, 86, 81, 59, 55, 89, 39, 100, 16, 52, 0, 0, 9, 3
100, 99, 54, 100, 23, 79, 17, 60, 61, 63, 66, 30, 39, 1, 0, 0, 5
100, 72, 47, 57, 18, 78, 60, 100, 90, 74, 83, 39, 53, 10, 0, 0, 9
84, 66, 82, 100, 26, 78, 72, 56, 99, 86, 100, 44, 72, 6, 0, 0, 9
19, 85, 20, 39, 44, 0, 86, 18, 100, 62, 73, 100, 26, 97, 0, 60, 0
100, 85, 24, 100, 2, 73, 77, 42, 85, 0, 0, 14, 33, 56, 81, 87, 8
100, 94, 76, 100, 36, 67, 3, 30, 31, 0, 90, 15, 59, 46, 0, 34, 6
59, 100, 24, 90, 0, 58, 97, 49, 100, 78, 82, 78, 65, 38, 53, 0, 4
0, 59, 46, 83, 62, 100, 57, 64, 55, 27, 25, 0, 36, 3, 100, 1, 1
100, 66, 66, 100, 0, 77, 32, 38, 60, 0, 9, 21, 51, 59, 87, 94, 8
67, 100, 26, 92, 0, 56, 9, 12, 49, 0, 88, 15, 100, 60, 70, 90, 0
19, 74, 73, 100, 44, 79, 0, 47, 53, 32, 100, 53, 53, 38, 41, 0, 4
0, 70, 68, 77, 100, 100, 30, 93, 34, 73, 79, 64, 74, 32, 75, 0, 9
0, 78, 28, 100, 59, 91, 44, 58, 22, 28, 25, 1, 63, 0, 100, 2, 2
36, 81, 42, 100, 100, 97, 71, 70, 84, 55, 94, 26, 60, 0, 0, 5, 3
53, 70, 77, 38, 67, 0, 0, 5, 45, 42, 100, 75, 86, 100, 26, 72, 8
0, 90, 42, 99, 89, 100, 84, 79, 62, 41, 57, 0, 53, 38, 100, 37, 7
100, 80, 100, 100, 77, 97, 63, 77, 43, 58, 29, 38, 11, 19, 0, 0, 1
0, 71, 26, 100, 47, 69, 31, 31, 1, 0, 0, 7, 50, 7, 100, 5, 2
0, 69, 56, 84, 100, 100, 97, 80, 84, 59, 62, 39, 38, 19, 34, 0, 1
34, 63, 51, 100, 65, 72, 39, 33, 0, 5, 2, 8, 53, 7, 100, 0, 2
55, 75, 33, 100, 0, 77, 46, 69, 85, 74, 100, 40, 85, 10, 35, 0, 9
0, 87, 23, 100, 44, 80, 36, 52, 23, 25, 25, 0, 63, 0, 100, 4, 2
17, 73, 41, 100, 55, 73, 32, 39, 0, 12, 13, 4, 58, 0, 100, 8, 2
86, 86, 10, 100, 12, 67, 84, 40, 71, 0, 0, 18, 35, 58, 100, 89, 8
99, 100, 64, 81, 25, 52, 6, 19, 55, 0, 100, 25, 60, 45, 0, 31, 6
44, 89, 85, 100, 88, 75, 64, 56, 100, 41, 82, 12, 41, 0, 0, 14, 3
0, 83, 33, 100, 68, 88, 67, 65, 79, 42, 100, 21, 59, 7, 6, 0, 3
14, 70, 50, 100, 49, 86, 47, 41, 32, 2, 0, 0, 73, 4, 100, 6, 1
0, 67, 17, 100, 56, 99, 49, 55, 25, 16, 14, 0, 56, 13, 100, 13, 2
81, 100, 3, 89, 0, 68, 86, 83, 100, 65, 100, 37, 95, 9, 0, 0, 9
33, 75, 69, 100, 90, 94, 79, 55, 55, 19, 0, 0, 34, 3, 100, 7, 1
26, 80, 42, 100, 46, 71, 26, 39, 0, 11, 34, 2, 69, 0, 100, 22, 2
12, 87, 56, 64, 83, 27, 21, 0, 0, 29, 55, 62, 100, 95, 9, 100, 8
23, 81, 65, 100, 92, 74, 67, 45, 97, 35, 100, 4, 38, 0, 0, 17, 3
0, 88, 44, 100, 80, 83, 40, 62, 58, 44, 100, 25, 70, 5, 21, 0, 3
59, 100, 34, 78, 7, 49, 0, 18, 48, 0, 100, 17, 68, 43, 11, 47, 6
23, 100, 0, 56, 8, 9, 58, 0, 98, 31, 100, 79, 55, 99, 17, 67, 0
32, 94, 70, 100, 100, 94, 71, 76, 51, 55, 53, 30, 37, 10, 0, 0, 3
8, 69, 0, 91, 45, 100, 100, 93, 75, 70, 49, 47, 26, 23, 26, 0, 7
13, 63, 34, 98, 45, 100, 44, 61, 37, 24, 0, 0, 48, 5, 100, 7, 1
0, 65, 26, 99, 36, 100, 38, 63, 40, 27, 4, 0, 23, 1, 100, 1, 1
20, 79, 58, 100, 80, 76, 46, 50, 0, 33, 4, 21, 50, 5, 100, 0, 2
100, 100, 70, 82, 36, 55, 0, 31, 37, 31, 76, 36, 77, 34, 73, 0, 4
0, 93, 61, 100, 100, 81, 86, 50, 72, 19, 55, 0, 34, 22, 99, 23, 7
38, 99, 0, 55, 5, 1, 70, 0, 100, 49, 78, 100, 23, 84, 13, 30, 0
23, 38, 42, 82, 54, 100, 46, 49, 33, 0, 0, 2, 49, 0, 100, 0, 1
22, 100, 27, 86, 0, 58, 1, 35, 71, 40, 100, 60, 96, 30, 99, 0, 4
0, 100, 10, 68, 55, 32, 18, 0, 4, 30, 57, 63, 100, 98, 10, 98, 8
0, 68, 16, 100, 51, 90, 35, 53, 7, 19, 8, 1, 58, 0, 100, 17, 2
27, 70, 36, 100, 66, 81, 57, 44, 30, 10, 0, 4, 48, 5, 100, 0, 2
21, 62, 45, 100, 45, 96, 49, 53, 51, 11, 0, 0, 56, 5, 100, 0, 1
15, 82, 42, 100, 70, 85, 63, 63, 100, 48, 82, 17, 39, 0, 0, 13, 3
23, 75, 77, 98, 100, 100, 42, 88, 23, 50, 84, 46, 62, 10, 0, 0, 5
33, 88, 0, 51, 5, 0, 69, 4, 100, 50, 85, 100, 28, 89, 11, 39, 0
16, 75, 0, 41, 27, 5, 77, 0, 100, 37, 85, 78, 43, 100, 7, 71, 0
0, 53, 28, 58, 64, 79, 100, 100, 81, 77, 58, 52, 37, 26, 19, 0, 1
54, 83, 100, 100, 89, 94, 38, 87, 38, 70, 77, 34, 42, 0, 0, 19, 5
81, 92, 29, 100, 11, 78, 72, 82, 100, 70, 94, 31, 60, 1, 0, 0, 9
10, 81, 51, 100, 92, 73, 80, 31, 51, 0, 0, 24, 38, 39, 100, 38, 7
61, 79, 57, 100, 100, 93, 65, 68, 94, 46, 77, 18, 27, 0, 0, 16, 3
31, 100, 0, 69, 0, 27, 37, 0, 87, 11, 100, 51, 71, 85, 23, 85, 0
96, 75, 82, 100, 55, 79, 96, 86, 100, 56, 89, 18, 48, 0, 0, 2, 9
38, 96, 40, 57, 61, 16, 5, 0, 0, 36, 50, 68, 100, 100, 56, 96, 8
0, 40, 35, 58, 67, 80, 100, 100, 86, 78, 68, 52, 49, 27, 38, 0, 1
100, 100, 58, 92, 22, 68, 0, 39, 8, 7, 55, 0, 74, 28, 34, 48, 6
24, 80, 38, 100, 90, 93, 58, 66, 64, 48, 100, 25, 56, 6, 0, 0, 3
42, 97, 27, 86, 0, 40, 26, 0, 86, 13, 100, 59, 65, 100, 5, 93, 0
30, 70, 57, 100, 57, 80, 62, 45, 54, 12, 0, 2, 43, 2, 100, 0, 1
38, 67, 44, 100, 85, 96, 71, 58, 40, 24, 0, 7, 43, 17, 100, 0, 2
0, 96, 52, 100, 72, 90, 57, 46, 63, 0, 23, 24, 49, 37, 100, 43, 7
0, 100, 40, 96, 49, 51, 42, 5, 20, 0, 3, 36, 51, 39, 100, 42, 7
100, 81, 67, 100, 22, 81, 0, 47, 7, 13, 52, 0, 67, 30, 22, 45, 6
0, 96, 49, 100, 77, 76, 62, 38, 51, 0, 2, 2, 25, 14, 100, 23, 7
100, 100, 55, 80, 21, 54, 0, 26, 28, 0, 98, 5, 79, 26, 7, 19, 6
96, 71, 52, 46, 31, 73, 72, 100, 100, 71, 86, 33, 52, 1, 0, 0, 9
35, 100, 16, 80, 0, 45, 56, 45, 100, 53, 59, 81, 55, 40, 54, 0, 4
86, 72, 35, 100, 0, 67, 68, 38, 100, 1, 22, 0, 43, 43, 92, 82, 8
46, 67, 71, 100, 60, 73, 58, 33, 51, 0, 0, 1, 62, 3, 100, 8, 1
49, 93, 89, 100, 94, 65, 68, 28, 50, 0, 100, 24, 60, 37, 0, 43, 7
30, 88, 74, 100, 100, 88, 66, 69, 74, 46, 90, 22, 50, 7, 0, 0, 3
49, 100, 5, 84, 0, 48, 100, 45, 80, 79, 43, 89, 38, 45, 37, 0, 4
60, 100, 36, 85, 7, 54, 4, 20, 52, 0, 100, 18, 54, 38, 0, 23, 6
90, 72, 64, 100, 24, 72, 75, 57, 94, 75, 100, 30, 61, 0, 0, 2, 9
0, 93, 55, 63, 98, 29, 72, 0, 47, 27, 93, 61, 100, 100, 34, 99, 8
0, 92, 50, 100, 70, 75, 25, 53, 58, 42, 100, 20, 58, 0, 3, 1, 3
7, 56, 36, 89, 45, 100, 42, 60, 38, 20, 0, 0, 48, 5, 100, 5, 1
100, 100, 66, 89, 48, 75, 34, 60, 17, 45, 10, 30, 3, 15, 0, 0, 1
36, 100, 65, 90, 66, 59, 48, 28, 25, 0, 0, 28, 47, 36, 100, 37, 7
0, 44, 37, 59, 71, 78, 100, 100, 88, 82, 70, 55, 55, 28, 43, 0, 1
100, 100, 70, 100, 27, 97, 5, 62, 34, 58, 61, 36, 41, 1, 0, 0, 5
100, 91, 0, 91, 41, 60, 92, 25, 20, 0, 0, 29, 55, 64, 88, 100, 8
100, 100, 65, 80, 38, 56, 15, 29, 8, 0, 48, 8, 36, 27, 0, 13, 6
25, 100, 0, 63, 2, 17, 43, 0, 86, 10, 100, 52, 74, 90, 32, 97, 0
0, 53, 33, 71, 76, 93, 100, 100, 79, 74, 53, 49, 28, 25, 12, 0, 1
100, 100, 50, 80, 19, 59, 0, 36, 0, 13, 53, 0, 78, 19, 3, 19, 6
0, 96, 9, 97, 50, 100, 47, 64, 22, 32, 19, 0, 60, 5, 100, 19, 2
7, 68, 23, 100, 0, 51, 15, 1, 80, 0, 100, 48, 64, 91, 1, 89, 0
42, 100, 13, 73, 0, 42, 52, 35, 100, 48, 92, 56, 92, 25, 97, 0, 4
0, 92, 48, 100, 68, 67, 64, 33, 48, 0, 9, 24, 39, 49, 100, 58, 7
22, 86, 62, 100, 82, 74, 59, 60, 100, 42, 93, 11, 40, 0, 0, 17, 3
29, 100, 24, 75, 0, 48, 27, 33, 89, 37, 87, 51, 89, 22, 100, 0, 4
24, 91, 22, 61, 38, 25, 1, 0, 0, 39, 0, 78, 46, 95, 100, 100, 5
38, 85, 60, 100, 58, 72, 33, 45, 0, 24, 15, 10, 58, 0, 100, 10, 2
24, 96, 19, 69, 58, 30, 16, 0, 2, 42, 0, 90, 52, 100, 100, 94, 5
38, 85, 75, 100, 92, 84, 71, 58, 100, 37, 82, 11, 41, 0, 0, 6, 3
100, 100, 65, 92, 27, 69, 0, 40, 8, 7, 58, 0, 87, 21, 41, 33, 6
62, 97, 85, 100, 42, 77, 49, 67, 100, 57, 94, 23, 50, 0, 0, 9, 5
0, 69, 27, 95, 66, 100, 76, 66, 61, 31, 37, 1, 58, 0, 100, 6, 2
100, 100, 64, 90, 24, 52, 37, 9, 96, 0, 92, 42, 29, 50, 0, 17, 6
0, 100, 33, 93, 67, 92, 100, 94, 78, 71, 57, 49, 38, 25, 27, 0, 7
57, 100, 23, 74, 2, 45, 0, 16, 47, 0, 100, 13, 72, 34, 16, 23, 6
0, 100, 34, 81, 48, 42, 44, 0, 15, 8, 14, 31, 57, 32, 100, 30, 7
14, 77, 34, 100, 52, 74, 30, 41, 0, 13, 25, 5, 66, 0, 100, 23, 2
82, 100, 24, 94, 52, 46, 75, 0, 0, 13, 38, 56, 100, 92, 64, 99, 8
22, 69, 40, 100, 79, 87, 69, 52, 41, 22, 0, 0, 46, 2, 100, 0, 2
56, 85, 95, 100, 100, 97, 47, 95, 7, 71, 57, 52, 48, 0, 0, 11, 5
80, 94, 33, 100, 47, 57, 96, 85, 87, 92, 100, 44, 76, 0, 0, 19, 9
100, 100, 49, 80, 17, 51, 0, 19, 34, 0, 91, 15, 77, 44, 23, 39, 6
80, 93, 0, 100, 7, 62, 78, 34, 64, 0, 0, 20, 56, 56, 100, 90, 8
30, 86, 20, 58, 68, 35, 32, 0, 0, 18, 16, 64, 39, 100, 100, 100, 5
82, 100, 49, 75, 26, 47, 17, 18, 56, 0, 100, 18, 55, 31, 0, 20, 6
44, 92, 62, 100, 100, 91, 76, 64, 91, 43, 83, 14, 42, 0, 0, 13, 3
100, 55, 77, 100, 0, 88, 56, 48, 90, 0, 15, 1, 49, 50, 98, 81, 8
0, 45, 35, 62, 67, 82, 100, 100, 91, 74, 74, 50, 56, 24, 38, 0, 1
100, 93, 66, 100, 40, 81, 39, 51, 76, 45, 72, 14, 37, 0, 0, 4, 5
56, 100, 0, 98, 6, 72, 60, 78, 77, 72, 100, 33, 89, 1, 33, 0, 9
28, 100, 12, 86, 0, 67, 22, 52, 58, 46, 93, 38, 100, 19, 91, 0, 4
100, 72, 74, 100, 35, 73, 65, 53, 84, 65, 90, 25, 55, 0, 0, 2, 9
100, 100, 76, 87, 64, 72, 50, 58, 38, 44, 24, 29, 12, 14, 0, 0, 1
6, 92, 45, 100, 54, 59, 47, 16, 32, 0, 0, 36, 43, 52, 100, 56, 7
11, 77, 39, 100, 52, 68, 33, 32, 0, 5, 7, 12, 54, 9, 100, 0, 2
1, 96, 0, 75, 23, 98, 86, 100, 100, 90, 75, 56, 57, 19, 54, 0, 7
21, 79, 64, 100, 84, 72, 62, 42, 87, 45, 100, 15, 46, 0, 0, 16, 3
28, 100, 0, 56, 15, 6, 65, 0, 100, 38, 92, 90, 43, 99, 7, 63, 0
100, 100, 52, 83, 17, 60, 0, 33, 10, 6, 63, 0, 65, 24, 13, 36, 6
54, 70, 54, 100, 93, 96, 75, 58, 42, 24, 0, 0, 44, 12, 100, 11, 2
88, 100, 53, 80, 22, 54, 0, 27, 9, 0, 100, 7, 44, 18, 6, 4, 6
94, 100, 47, 78, 14, 50, 0, 22, 39, 0, 100, 19, 81, 46, 8, 53, 6
100, 100, 60, 76, 36, 49, 26, 21, 57, 0, 91, 23, 62, 47, 0, 49, 6
27, 70, 60, 100, 94, 88, 73, 52, 39, 20, 0, 0, 45, 18, 100, 4, 2
43, 87, 43, 51, 47, 14, 0, 0, 29, 33, 71, 63, 100, 96, 45, 100, 8
75, 88, 100, 100, 61, 88, 97, 80, 100, 40, 87, 4, 39, 0, 0, 22, 9
100, 100, 58, 90, 25, 68, 4, 44, 0, 20, 35, 0, 60, 18, 7, 34, 6
100, 99, 62, 100, 36, 78, 47, 51, 82, 44, 69, 14, 34, 0, 0, 14, 5
7, 100, 2, 76, 0, 46, 52, 30, 100, 40, 100, 58, 94, 29, 93, 0, 4
0, 91, 70, 100, 100, 83, 76, 43, 66, 0, 53, 5, 21, 43, 92, 46, 7
0, 88, 42, 100, 84, 89, 80, 69, 80, 48, 100, 28, 78, 9, 28, 0, 3
47, 100, 88, 93, 100, 74, 63, 61, 46, 43, 59, 21, 42, 4, 0, 0, 3
61, 100, 26, 77, 13, 50, 11, 23, 39, 0, 100, 14, 68, 37, 0, 48, 6
43, 100, 10, 76, 0, 47, 10, 18, 53, 0, 100, 12, 86, 36, 33, 38, 6
41, 84, 58, 100, 62, 66, 35, 38, 0, 19, 24, 6, 64, 0, 100, 16, 2
71, 100, 28, 74, 0, 45, 66, 50, 100, 70, 75, 85, 62, 42, 51, 0, 4
16, 100, 75, 98, 60, 62, 33, 53, 100, 45, 84, 10, 18, 0, 0, 23, 3
2, 97, 8, 66, 45, 31, 12, 0, 0, 37, 2, 91, 50, 100, 100, 100, 5
45, 99, 29, 73, 72, 36, 49, 0, 0, 23, 45, 59, 100, 92, 39, 100, 8
7, 81, 0, 58, 14, 8, 67, 0, 100, 42, 91, 94, 39, 100, 16, 55, 0
46, 100, 28, 68, 0, 35, 63, 40, 96, 58, 93, 63, 93, 27, 100, 0, 4
6, 91, 23, 60, 73, 41, 41, 0, 8, 29, 0, 81, 38, 96, 100, 100, 5
100, 100, 74, 98, 45, 76, 46, 52, 83, 42, 76, 12, 38, 0, 0, 1, 5
100, 54, 78, 100, 30, 92, 0, 48, 14, 1, 66, 0, 99, 40, 84, 79, 0
94, 100, 100, 100, 94, 84, 82, 66, 65, 49, 41, 33, 18, 16, 0, 0, 1
31, 96, 17, 64, 44, 28, 20, 0, 5, 36, 0, 77, 44, 97, 100, 100, 5
32, 84, 65, 100, 76, 75, 66, 46, 100, 30, 79, 7, 40, 0, 0, 3, 3
22, 83, 62, 100, 73, 69, 43, 41, 0, 26, 6, 12, 52, 1, 100, 0, 2
23, 100, 0, 71, 18, 44, 72, 46, 100, 70, 76, 60, 56, 31, 55, 0, 4
0, 60, 31, 70, 64, 88, 100, 100, 90, 75, 79, 50, 73, 25, 70, 0, 1
4, 96, 76, 100, 60, 97, 17, 79, 65, 70, 100, 29, 43, 0, 0, 26, 5
26, 60, 43, 100, 60, 74, 37, 33, 0, 10, 17, 16, 59, 9, 100, 0, 2
52, 100, 15, 72, 0, 32, 24, 0, 69, 8, 100, 40, 92, 81, 49, 89, 0
67, 100, 33, 79, 6, 49, 0, 16, 47, 0, 100, 12, 70, 29, 13, 25, 6
100, 94, 41, 92, 94, 100, 89, 64, 63, 49, 100, 21, 52, 0, 0, 10, 3
88, 100, 42, 80, 0, 48, 99, 52, 100, 76, 73, 86, 65, 39, 78, 0, 4
54, 84, 81, 100, 91, 79, 66, 55, 100, 39, 86, 12, 42, 0, 0, 14, 3
1, 92, 71, 100, 100, 72, 66, 35, 27, 0, 76, 28, 72, 52, 0, 56, 7
44, 65, 64, 100, 100, 88, 80, 49, 45, 17, 0, 0, 29, 11, 79, 1, 2
29, 82, 70, 100, 90, 78, 53, 52, 100, 47, 92, 13, 44, 0, 0, 11, 3
23, 71, 64, 100, 68, 88, 58, 52, 59, 16, 0, 5, 28, 0, 100, 4, 1
54, 100, 18, 69, 0, 30, 27, 0, 72, 18, 100, 54, 84, 91, 34, 93, 0
100, 100, 64, 77, 38, 52, 23, 26, 36, 0, 87, 13, 64, 37, 0, 46, 6
80, 64, 51, 54, 24, 77, 69, 100, 100, 73, 90, 35, 56, 4, 0, 0, 9
2, 74, 7, 43, 62, 33, 41, 0, 0, 3, 4, 50, 48, 79, 100, 100, 5
33, 80, 0, 47, 13, 0, 74, 8, 100, 54, 79, 100, 29, 76, 25, 26, 0
8, 78, 36, 100, 48, 72, 28, 38, 0, 9, 11, 3, 57, 0, 100, 6, 2
0, 74, 18, 100, 67, 99, 57, 66, 27, 36, 0, 5, 48, 0, 100, 5, 2
100, 96, 38, 100, 48, 69, 85, 36, 65, 2, 0, 0, 33, 28, 86, 53, 8
100, 80, 38, 100, 6, 65, 91, 39, 82, 0, 0, 16, 48, 53, 100, 89, 8
25, 81, 45, 100, 54, 72, 33, 41, 0, 16, 15, 6, 61, 0, 100, 20, 2
44, 91, 20, 83, 94, 48, 100, 4, 0, 0, 11, 45, 67, 87, 7, 100, 8
43, 78, 3, 49, 0, 9, 57, 0, 98, 30, 100, 70, 60, 100, 39, 69, 0
49, 100, 32, 71, 0, 36, 62, 38, 100, 42, 58, 70, 55, 32, 64, 0, 4
2, 84, 48, 100, 100, 96, 67, 70, 60, 49, 95, 29, 61, 4, 0, 0, 3
31, 60, 62, 88, 92, 100, 85, 70, 88, 40, 88, 10, 0, 0, 100, 4, 1
53, 100, 2, 77, 66, 46, 100, 10, 17, 0, 0, 33, 68, 62, 66, 98, 8
0, 68, 57, 96, 82, 100, 70, 59, 65, 18, 18, 3, 19, 0, 100, 2, 1
33, 86, 21, 56, 91, 44, 65, 1, 0, 0, 2, 51, 26, 94, 100, 100, 5
95, 72, 46, 68, 46, 100, 91, 99, 100, 66, 85, 32, 49, 6, 0, 0, 9
17, 61, 43, 100, 47, 92, 51, 48, 57, 3, 0, 2, 42, 3, 100, 0, 1
87, 100, 49, 88, 50, 46, 42, 6, 0, 0, 10, 36, 58, 51, 100, 75, 8
36, 100, 8, 70, 0, 27, 28, 0, 68, 10, 96, 44, 100, 84, 61, 86, 0
83, 100, 32, 99, 0, 68, 2, 30, 33, 0, 82, 12, 100, 48, 88, 86, 0
100, 99, 32, 100, 23, 64, 93, 33, 75, 0, 0, 21, 39, 58, 79, 94, 8
40, 100, 0, 70, 5, 36, 74, 41, 100, 75, 79, 65, 48, 32, 15, 0, 4
97, 86, 61, 100, 25, 69, 79, 87, 89, 79, 100, 34, 58, 3, 0, 0, 9
27, 81, 67, 100, 95, 91, 68, 61, 100, 50, 92, 17, 50, 0, 0, 5, 3
19, 91, 9, 66, 63, 43, 42, 0, 0, 12, 11, 64, 34, 100, 100, 97, 5
86, 82, 46, 100, 43, 66, 86, 32, 63, 0, 0, 12, 46, 45, 100, 75, 8
0, 74, 34, 100, 83, 99, 81, 63, 48, 31, 6, 6, 47, 4, 100, 0, 2
74, 100, 43, 73, 94, 38, 100, 0, 51, 8, 79, 46, 91, 84, 0, 88, 8
30, 83, 65, 53, 91, 13, 11, 0, 0, 34, 67, 64, 100, 100, 22, 97, 8
0, 49, 25, 58, 62, 79, 100, 100, 96, 79, 81, 53, 67, 26, 58, 0, 1
34, 76, 59, 100, 66, 73, 37, 46, 0, 23, 19, 13, 61, 0, 100, 20, 2
23, 86, 9, 42, 16, 0, 67, 12, 100, 50, 99, 92, 43, 100, 0, 70, 0
0, 87, 47, 100, 96, 88, 100, 54, 87, 21, 61, 0, 39, 15, 96, 17, 7
0, 72, 29, 97, 79, 100, 100, 69, 86, 34, 65, 0, 43, 21, 88, 30, 7
65, 100, 0, 96, 24, 75, 79, 93, 91, 68, 100, 31, 69, 0, 2, 1, 9
5, 79, 32, 48, 32, 7, 0, 0, 31, 37, 78, 68, 100, 100, 41, 77, 8
2, 85, 43, 100, 66, 79, 54, 52, 100, 39, 97, 13, 51, 2, 0, 0, 3
42, 86, 71, 100, 69, 72, 98, 54, 100, 26, 76, 3, 32, 0, 0, 18, 3
0, 83, 47, 97, 100, 100, 96, 68, 72, 35, 56, 0, 52, 27, 86, 43, 7
20, 80, 54, 100, 83, 84, 58, 63, 100, 49, 87, 17, 45, 0, 0, 14, 3
1, 73, 49, 100, 55, 92, 51, 56, 46, 20, 0, 2, 30, 1, 100, 0, 1
42, 86, 24, 44, 36, 0, 82, 3, 100, 48, 86, 92, 34, 100, 0, 63, 0
0, 91, 40, 58, 62, 22, 22, 0, 22, 35, 69, 67, 100, 100, 18, 91, 8
18, 96, 4, 70, 0, 99, 62, 100, 100, 97, 82, 62, 72, 25, 64, 0, 7
24, 100, 0, 81, 3, 55, 65, 52, 100, 72, 66, 52, 34, 27, 24, 0, 4
32, 78, 59, 100, 91, 88, 68, 58, 100, 41, 94, 12, 43, 0, 0, 10, 3
10, 78, 43, 100, 78, 86, 57, 59, 100, 46, 82, 17, 41, 0, 0, 9, 3
69, 100, 34, 75, 0, 44, 46, 30, 100, 44, 90, 68, 67, 35, 55, 0, 4
47, 100, 12, 76, 0, 50, 47, 39, 100, 58, 81, 51, 59, 26, 55, 0, 4
100, 100, 69, 80, 36, 54, 17, 27, 19, 0, 83, 3, 67, 29, 0, 40, 6
26, 93, 63, 100, 77, 78, 56, 54, 100, 41, 98, 17, 52, 6, 0, 0, 3
13, 94, 0, 52, 16, 11, 66, 0, 100, 32, 90, 74, 48, 100, 5, 78, 0
11, 75, 4, 45, 21, 1, 81, 0, 100, 43, 88, 87, 29, 100, 0, 67, 0
43, 89, 93, 100, 66, 91, 40, 64, 82, 43, 100, 15, 52, 0, 0, 1, 5
43, 81, 11, 69, 78, 51, 100, 17, 27, 0, 0, 32, 14, 80, 84, 100, 5
38, 100, 37, 81, 12, 55, 0, 28, 52, 27, 100, 42, 86, 26, 65, 0, 4
20, 85, 62, 100, 71, 72, 45, 52, 98, 47, 100, 17, 53, 0, 0, 0, 3
65, 100, 24, 84, 0, 48, 9, 10, 61, 0, 100, 24, 58, 47, 2, 46, 6
100, 100, 54, 85, 21, 57, 0, 27, 23, 0, 75, 7, 57, 29, 3, 23, 6
0, 87, 32, 100, 75, 90, 64, 45, 49, 0, 82, 10, 100, 33, 54, 37, 7
59, 85, 25, 71, 88, 35, 79, 0, 7, 29, 62, 64, 100, 100, 0, 99, 8
13, 98, 0, 74, 51, 57, 32, 0, 2, 22, 4, 85, 41, 100, 100, 100, 5
6, 83, 0, 39, 24, 0, 73, 11, 100, 51, 82, 94, 35, 100, 6, 62, 0
0, 98, 49, 100, 100, 99, 88, 65, 61, 33, 34, 0, 21, 18, 44, 41, 7
54, 82, 12, 67, 0, 28, 34, 0, 83, 8, 100, 46, 73, 82, 28, 100, 0
29, 84, 1, 73, 64, 48, 65, 6, 0, 0, 1, 47, 26, 89, 100, 100, 5
16, 88, 58, 100, 96, 82, 72, 55, 100, 34, 98, 7, 48, 0, 0, 10, 3
7, 90, 55, 100, 93, 82, 79, 54, 41, 31, 0, 10, 40, 0, 100, 0, 3
0, 35, 39, 52, 71, 75, 100, 100, 82, 76, 59, 51, 36, 25, 9, 0, 1
87, 90, 38, 100, 0, 82, 46, 71, 100, 71, 73, 47, 38, 24, 27, 0, 9
46, 87, 62, 65, 97, 100, 32, 89, 62, 66, 100, 48, 71, 4, 0, 0, 9
100, 97, 76, 100, 29, 72, 0, 39, 15, 8, 95, 0, 78, 22, 0, 16, 6
51, 78, 0, 68, 47, 34, 100, 0, 19, 7, 63, 43, 85, 82, 9, 100, 8
30, 83, 8, 43, 19, 3, 71, 0, 100, 36, 87, 78, 39, 100, 0, 73, 0
84, 83, 22, 76, 8, 95, 72, 100, 100, 76, 77, 47, 41, 22, 0, 0, 9
0, 89, 14, 72, 35, 59, 53, 12, 14, 0, 11, 64, 42, 97, 100, 100, 5
2, 100, 12, 84, 0, 57, 29, 37, 82, 48, 100, 52, 76, 27, 62, 0, 4
16, 94, 0, 60, 53, 50, 47, 0, 17, 11, 13, 70, 46, 100, 100, 96, 5
68, 55, 98, 94, 35, 100, 0, 65, 75, 80, 100, 61, 76, 20, 6, 0, 9
100, 100, 68, 78, 39, 55, 14, 32, 0, 5, 34, 0, 57, 23, 15, 19, 6
100, 80, 55, 100, 18, 75, 77, 67, 93, 71, 87, 35, 66, 2, 0, 0, 9
10, 58, 26, 99, 67, 100, 59, 57, 29, 22, 0, 0, 50, 7, 100, 0, 2
45, 100, 2, 72, 0, 49, 81, 55, 100, 79, 88, 66, 59, 33, 33, 0, 4
0, 92, 44, 100, 88, 91, 82, 66, 55, 44, 26, 23, 51, 6, 100, 0, 2
100, 90, 95, 100, 59, 70, 27, 38, 6, 5, 54, 0, 65, 27, 0, 18, 6
84, 100, 35, 84, 5, 55, 0, 21, 44, 0, 100, 7, 63, 18, 9, 7, 6
81, 100, 35, 78, 0, 47, 69, 52, 100, 66, 72, 91, 62, 44, 60, 0, 4
40, 82, 58, 100, 79, 77, 57, 62, 100, 44, 83, 16, 37, 0, 0, 11, 3
100, 100, 60, 85, 72, 61, 96, 91, 95, 59, 79, 24, 43, 1, 0, 0, 9
19, 94, 78, 100, 100, 82, 67, 50, 34, 20, 0, 0, 13, 31, 74, 33, 7
36, 88, 100, 100, 83, 93, 25, 76, 39, 53, 97, 45, 60, 17, 0, 0, 5
0, 100, 17, 100, 10, 74, 4, 48, 42, 29, 100, 44, 81, 25, 98, 0, 4
0, 91, 35, 100, 67, 72, 61, 35, 45, 0, 21, 13, 40, 27, 100, 29, 7
73, 92, 0, 100, 23, 63, 77, 31, 50, 0, 7, 30, 52, 66, 100, 98, 8
100, 85, 48, 67, 0, 74, 32, 100, 77, 92, 80, 61, 77, 30, 75, 0, 9
0, 81, 30, 100, 100, 94, 85, 68, 49, 33, 30, 0, 20, 40, 80, 49, 7
0, 88, 41, 100, 91, 91, 73, 46, 50, 1, 32, 0, 45, 27, 100, 37, 7
24, 90, 76, 71, 65, 100, 30, 72, 93, 72, 100, 33, 61, 0, 0, 18, 9
19, 100, 0, 73, 18, 53, 100, 63, 100, 78, 62, 53, 25, 27, 0, 0, 4
0, 49, 16, 59, 52, 80, 90, 100, 100, 84, 82, 56, 64, 28, 50, 0, 1
0, 41, 25, 63, 60, 81, 95, 100, 100, 83, 88, 55, 76, 27, 67, 0, 1
0, 58, 44, 39, 75, 9, 55, 0, 25, 30, 15, 63, 49, 90, 100, 100, 5
0, 81, 38, 100, 71, 82, 54, 41, 33, 0, 26, 14, 43, 46, 100, 55, 7
67, 79, 33, 62, 100, 30, 71, 0, 43, 32, 87, 68, 93, 100, 0, 79, 8
61, 85, 74, 100, 92, 77, 65, 54, 91, 38, 100, 14, 54, 0, 0, 4, 3
9, 70, 41, 100, 100, 85, 68, 42, 27, 2, 75, 0, 45, 42, 0, 80, 8
32, 83, 12, 92, 5, 41, 38, 0, 100, 28, 98, 76, 36, 100, 0, 60, 0
0, 38, 29, 60, 60, 80, 96, 100, 100, 78, 96, 52, 93, 26, 93, 0, 1
22, 99, 0, 54, 50, 55, 56, 0, 14, 2, 22, 66, 48, 100, 100, 96, 5
72, 100, 22, 84, 0, 54, 5, 21, 50, 0, 100, 15, 75, 42, 21, 34, 6
22, 75, 58, 41, 38, 0, 0, 8, 55, 39, 100, 74, 60, 100, 7, 76, 8
0, 66, 24, 96, 56, 100, 45, 63, 24, 30, 15, 0, 57, 4, 100, 7, 2
55, 100, 21, 73, 7, 42, 17, 10, 66, 0, 100, 24, 55, 40, 0, 32, 6
89, 94, 56, 100, 15, 83, 34, 56, 89, 54, 100, 19, 55, 0, 0, 10, 5
31, 100, 0, 69, 31, 48, 100, 52, 100, 91, 84, 79, 72, 39, 59, 0, 4
93, 67, 83, 100, 35, 88, 71, 85, 100, 93, 72, 59, 39, 28, 0, 0, 9
100, 100, 49, 93, 17, 64, 0, 31, 18, 0, 71, 5, 63, 32, 8, 27, 6
23, 100, 3, 93, 0, 61, 59, 43, 100, 57, 76, 61, 41, 32, 20, 0, 4
0, 83, 43, 100, 77, 78, 45, 49, 61, 44, 100, 21, 58, 0, 4, 6, 3
0, 53, 30, 82, 62, 100, 52, 61, 50, 21, 20, 3, 45, 0, 100, 3, 1
36, 100, 22, 96, 0, 69, 6, 42, 68, 42, 100, 51, 64, 26, 50, 0, 4
19, 86, 63, 100, 89, 80, 51, 57, 72, 37, 100, 14, 49, 0, 0, 2, 3
0, 71, 1, 21, 47, 0, 93, 10, 100, 59, 66, 95, 19, 100, 10, 59, 0
74, 100, 36, 82, 0, 53, 25, 31, 85, 33, 100, 62, 61, 35, 48, 0, 4
0, 90, 62, 100, 100, 82, 78, 48, 63, 13, 52, 0, 24, 31, 85, 44, 7
25, 75, 85, 100, 49, 72, 18, 40, 0, 7, 51, 0, 100, 28, 49, 29, 6
20, 69, 35, 100, 100, 95, 61, 53, 19, 11, 67, 0, 35, 38, 0, 80, 8
9, 100, 1, 82, 0, 48, 66, 46, 100, 77, 81, 58, 59, 23, 48, 0, 4
0, 79, 47, 96, 100, 100, 80, 74, 39, 51, 5, 26, 25, 4, 82, 0, 2
0, 78, 33, 100, 70, 79, 53, 43, 10, 23, 10, 32, 57, 20, 100, 0, 2
80, 100, 24, 98, 28, 70, 92, 91, 94, 86, 100, 50, 70, 18, 0, 0, 9
0, 96, 31, 100, 81, 93, 76, 48, 56, 1, 44, 0, 49, 32, 100, 35, 7
0, 45, 29, 67, 62, 89, 100, 100, 84, 75, 65, 50, 53, 26, 49, 0, 1
80, 100, 52, 63, 7, 35, 0, 32, 67, 34, 100, 53, 77, 36, 53, 0, 4
0, 94, 35, 100, 60, 71, 55, 29, 49, 0, 29, 39, 50, 57, 100, 57, 7
31, 89, 0, 57, 4, 14, 61, 0, 100, 33, 95, 77, 47, 100, 16, 72, 0
2, 90, 60, 100, 100, 72, 72, 36, 40, 0, 88, 12, 79, 29, 0, 31, 7
100, 67, 70, 100, 24, 88, 0, 46, 9, 0, 57, 2, 92, 34, 91, 75, 0
0, 76, 47, 71, 96, 96, 28, 100, 17, 77, 90, 74, 100, 37, 100, 0, 9
2, 85, 29, 100, 37, 71, 23, 41, 0, 15, 17, 0, 58, 2, 100, 8, 2
8, 95, 97, 100, 43, 94, 2, 69, 47, 64, 100, 38, 72, 0, 0, 19, 5
0, 89, 15, 100, 56, 97, 39, 64, 12, 33, 12, 2, 57, 0, 100, 11, 2
0, 81, 39, 97, 96, 100, 91, 78, 95, 52, 100, 25, 54, 9, 0, 0, 3
0, 69, 22, 93, 55, 100, 65, 73, 46, 41, 33, 8, 65, 0, 100, 4, 2
39, 100, 10, 76, 0, 41, 52, 25, 89, 45, 100, 67, 78, 33, 57, 0, 4
37, 90, 19, 57, 66, 43, 40, 5, 0, 0, 21, 50, 52, 90, 100, 100, 5
19, 89, 10, 61, 50, 28, 25, 0, 3, 31, 0, 75, 40, 98, 100, 100, 5
29, 76, 50, 100, 70, 74, 50, 42, 18, 16, 0, 0, 50, 7, 100, 7, 2
89, 68, 81, 100, 34, 80, 34, 40, 30, 0, 0, 8, 38, 42, 100, 59, 8
0, 100, 52, 97, 70, 80, 80, 61, 95, 44, 100, 25, 66, 10, 18, 0, 3
33, 100, 19, 85, 0, 68, 0, 49, 24, 34, 57, 25, 90, 18, 100, 0, 4
10, 60, 0, 85, 41, 95, 100, 100, 95, 78, 67, 52, 43, 27, 37, 0, 7
100, 100, 64, 80, 36, 60, 12, 38, 0, 16, 28, 0, 74, 15, 12, 10, 6
73, 100, 26, 72, 0, 43, 84, 37, 100, 56, 76, 65, 65, 33, 66, 0, 4
24, 100, 0, 82, 0, 49, 65, 51, 100, 82, 81, 63, 49, 32, 21, 0, 4
82, 100, 49, 65, 0, 36, 10, 27, 85, 24, 100, 45, 88, 27, 91, 0, 4
0, 61, 20, 91, 73, 100, 88, 76, 61, 58, 100, 32, 78, 2, 25, 0, 3
49, 76, 63, 100, 67, 77, 34, 53, 0, 29, 8, 13, 53, 1, 100, 0, 2
64, 100, 38, 98, 0, 75, 23, 61, 85, 46, 100, 48, 69, 24, 43, 0, 4
