@relation penbased-3
@attribute At1 integer [0, 100]
@attribute At2 integer [0, 100]
@attribute At3 integer [0, 100]
@attribute At4 integer [0, 100]
@attribute At5 integer [0, 100]
@attribute At6 integer [0, 100]
@attribute At7 integer [0, 100]
@attribute At8 integer [0, 100]
@attribute At9 integer [0, 100]
@attribute At10 integer [0, 100]
@attribute At11 integer [0, 100]
@attribute At12 integer [0, 100]
@attribute At13 integer [0, 100]
@attribute At14 integer [0, 100]
@attribute At15 integer [0, 100]
@attribute At16 integer [0, 100]
@attribute Class {0, 1, 2, 3, 4, 5, 6, 7, 8, 9}
@inputs At1, At2, At3, At4, At5, At6, At7, At8, At9, At10, At11, At12, At13, At14, At15, At16
@outputs Class
@data
24, 66, 43, 100, 59, 65, 34, 28, 0, 1, 16, 11, 58, 0, 100, 1, 2
36, 92, 7, 83, 0, 37, 26, 0, 77, 6, 100, 46, 84, 89, 36, 100, 0
5, 90, 46, 98, 89, 100, 100, 81, 77, 59, 62, 34, 37, 14, 0, 0, 3
0, 75, 31, 72, 67, 84, 100, 100, 94, 82, 80, 54, 68, 27, 56, 0, 1
0, 97, 42, 100, 67, 71, 53, 35, 34, 0, 16, 23, 40, 42, 100, 42, 7
26, 79, 69, 100, 92, 85, 56, 56, 90, 42, 100, 15, 51, 0, 0, 2, 3
46, 100, 21, 85, 0, 60, 24, 42, 68, 44, 100, 49, 76, 25, 58, 0, 4
0, 65, 38, 79, 62, 100, 72, 86, 77, 65, 79, 43, 83, 21, 100, 0, 1
22, 55, 10, 60, 0, 18, 46, 0, 89, 28, 100, 70, 68, 100, 29, 69, 0
49, 83, 8, 57, 0, 17, 51, 0, 93, 28, 100, 70, 61, 100, 8, 86, 0
2, 85, 31, 100, 76, 74, 62, 37, 47, 0, 100, 8, 68, 30, 0, 41, 7
48, 100, 15, 83, 0, 39, 23, 1, 71, 0, 100, 34, 86, 77, 44, 98, 0
45, 85, 93, 100, 100, 98, 48, 88, 7, 62, 48, 48, 48, 18, 0, 0, 5
46, 83, 87, 100, 100, 79, 75, 54, 90, 36, 100, 13, 49, 0, 0, 12, 3
14, 100, 1, 54, 51, 47, 36, 0, 0, 14, 6, 71, 42, 93, 100, 97, 5
16, 59, 0, 31, 31, 0, 78, 15, 100, 55, 87, 98, 40, 100, 6, 67, 0
0, 70, 63, 80, 90, 100, 100, 89, 100, 67, 92, 44, 84, 22, 71, 0, 1
80, 100, 60, 76, 26, 52, 0, 28, 46, 11, 97, 29, 100, 24, 100, 0, 4
0, 96, 40, 100, 60, 66, 58, 27, 41, 0, 20, 35, 54, 42, 100, 46, 7
33, 93, 8, 58, 0, 20, 35, 0, 78, 21, 100, 55, 94, 93, 48, 100, 0
77, 100, 53, 90, 0, 43, 13, 0, 86, 34, 100, 84, 73, 51, 10, 9, 0
100, 100, 71, 95, 30, 64, 1, 27, 32, 0, 82, 19, 54, 51, 0, 48, 6
100, 100, 14, 90, 74, 55, 79, 97, 37, 62, 0, 39, 36, 0, 39, 44, 8
85, 100, 56, 72, 42, 39, 55, 7, 100, 0, 95, 30, 46, 37, 0, 23, 6
100, 96, 66, 100, 63, 85, 85, 88, 78, 53, 66, 20, 35, 0, 0, 12, 9
0, 84, 34, 100, 67, 85, 60, 44, 31, 19, 26, 20, 64, 13, 100, 0, 2
0, 95, 35, 100, 59, 78, 61, 52, 46, 27, 22, 5, 56, 0, 100, 1, 2
0, 69, 10, 54, 67, 37, 47, 0, 14, 13, 17, 54, 34, 92, 100, 100, 5
0, 100, 67, 94, 83, 65, 57, 33, 41, 0, 0, 20, 29, 31, 100, 32, 7
10, 78, 40, 100, 100, 99, 70, 53, 29, 12, 0, 0, 7, 45, 70, 55, 7
12, 86, 62, 100, 92, 86, 54, 64, 81, 46, 100, 22, 62, 0, 0, 5, 3
79, 97, 0, 100, 9, 73, 89, 87, 100, 95, 79, 63, 60, 30, 57, 0, 9
0, 71, 39, 81, 74, 99, 100, 100, 78, 75, 53, 50, 28, 26, 11, 0, 1
0, 99, 48, 100, 100, 96, 90, 55, 58, 15, 33, 0, 40, 40, 92, 37, 7
7, 89, 0, 45, 16, 5, 51, 0, 84, 20, 100, 61, 84, 100, 50, 98, 0
38, 100, 18, 81, 0, 52, 36, 38, 95, 42, 100, 60, 83, 31, 85, 0, 4
48, 100, 39, 64, 0, 31, 89, 31, 100, 59, 77, 85, 71, 42, 63, 0, 4
84, 81, 39, 100, 0, 66, 9, 18, 60, 0, 100, 33, 89, 80, 36, 92, 0
66, 94, 100, 100, 81, 96, 50, 81, 47, 50, 54, 19, 26, 0, 0, 12, 5
35, 96, 100, 100, 44, 93, 0, 73, 27, 60, 85, 46, 76, 17, 21, 0, 5
100, 95, 87, 100, 49, 74, 16, 43, 6, 6, 52, 0, 48, 29, 0, 39, 6
29, 97, 31, 70, 61, 42, 50, 0, 0, 20, 17, 60, 41, 98, 100, 100, 5
100, 100, 50, 76, 0, 36, 76, 35, 99, 62, 89, 96, 80, 45, 72, 0, 4
0, 90, 46, 100, 100, 98, 87, 76, 56, 56, 74, 34, 56, 12, 8, 0, 3
53, 79, 44, 55, 22, 10, 0, 0, 32, 36, 66, 69, 100, 100, 61, 83, 8
0, 12, 50, 48, 84, 87, 24, 100, 29, 65, 100, 35, 84, 0, 9, 11, 8
45, 100, 12, 82, 0, 41, 17, 4, 62, 0, 100, 21, 96, 60, 54, 66, 0
52, 96, 84, 100, 100, 79, 73, 58, 84, 35, 90, 11, 47, 0, 0, 5, 3
17, 89, 0, 55, 65, 58, 69, 11, 11, 0, 10, 60, 31, 100, 100, 96, 5
33, 95, 4, 69, 0, 27, 39, 0, 88, 16, 100, 56, 69, 89, 17, 100, 0
45, 79, 57, 100, 100, 93, 86, 66, 70, 44, 87, 20, 46, 6, 0, 0, 3
0, 82, 37, 62, 83, 30, 65, 0, 46, 32, 81, 66, 100, 100, 23, 90, 8
29, 89, 84, 100, 80, 73, 36, 50, 94, 38, 100, 9, 41, 0, 0, 17, 3
86, 90, 28, 100, 0, 52, 46, 4, 26, 0, 25, 51, 100, 83, 73, 99, 8
34, 89, 14, 84, 0, 38, 24, 0, 75, 3, 100, 42, 82, 86, 34, 100, 0
13, 87, 0, 57, 60, 37, 42, 0, 12, 16, 14, 59, 30, 98, 100, 100, 5
14, 70, 46, 100, 48, 78, 41, 36, 21, 0, 0, 3, 50, 1, 100, 1, 1
0, 44, 30, 61, 67, 80, 100, 100, 96, 80, 83, 53, 68, 26, 62, 0, 1
0, 68, 38, 78, 91, 96, 100, 100, 78, 75, 62, 49, 59, 24, 81, 0, 1
10, 89, 30, 100, 49, 73, 29, 42, 0, 16, 20, 19, 64, 20, 100, 0, 2
70, 91, 25, 69, 0, 35, 6, 0, 58, 0, 97, 25, 100, 63, 85, 100, 0
5, 85, 47, 100, 95, 93, 55, 70, 78, 50, 100, 29, 49, 14, 0, 0, 3
9, 100, 10, 91, 0, 61, 0, 31, 55, 24, 90, 45, 88, 29, 100, 0, 4
0, 34, 25, 52, 62, 76, 100, 100, 81, 79, 57, 53, 37, 27, 25, 0, 1
26, 100, 38, 78, 66, 38, 45, 0, 15, 33, 0, 77, 34, 97, 100, 100, 5
0, 35, 39, 53, 72, 75, 100, 100, 83, 80, 61, 54, 41, 27, 24, 0, 1
0, 66, 44, 83, 92, 100, 100, 85, 81, 64, 61, 42, 40, 21, 22, 0, 1
9, 78, 39, 100, 86, 87, 51, 58, 79, 50, 100, 19, 54, 0, 0, 11, 3
18, 92, 66, 100, 93, 81, 49, 56, 0, 35, 14, 16, 75, 10, 100, 0, 2
3, 79, 36, 59, 88, 39, 66, 0, 15, 14, 0, 55, 27, 89, 100, 100, 5
50, 60, 47, 100, 92, 95, 88, 47, 48, 15, 0, 0, 49, 5, 100, 3, 2
0, 55, 41, 82, 72, 100, 66, 65, 63, 29, 31, 0, 33, 4, 100, 5, 1
32, 94, 23, 68, 60, 34, 33, 0, 0, 26, 17, 69, 41, 98, 100, 100, 5
3, 87, 50, 100, 100, 100, 78, 76, 76, 52, 90, 30, 47, 13, 0, 0, 3
14, 73, 52, 100, 66, 98, 50, 55, 35, 12, 0, 7, 50, 3, 100, 0, 1
73, 100, 35, 81, 10, 51, 11, 19, 59, 0, 100, 19, 62, 44, 0, 47, 6
0, 76, 42, 100, 51, 91, 43, 52, 46, 13, 100, 7, 71, 2, 31, 0, 1
48, 100, 18, 59, 43, 74, 53, 82, 41, 22, 0, 0, 38, 1, 100, 0, 1
79, 81, 57, 100, 17, 82, 62, 65, 99, 52, 100, 16, 52, 1, 0, 0, 9
45, 69, 58, 100, 94, 83, 75, 47, 39, 18, 0, 0, 50, 9, 100, 2, 2
31, 85, 63, 100, 75, 71, 39, 43, 0, 17, 11, 4, 58, 1, 100, 0, 2
0, 77, 26, 100, 49, 87, 39, 54, 15, 26, 24, 11, 62, 4, 100, 0, 2
0, 81, 41, 79, 79, 96, 100, 100, 95, 74, 87, 49, 78, 23, 78, 0, 1
0, 95, 31, 100, 78, 97, 54, 47, 23, 0, 17, 5, 44, 39, 100, 48, 7
22, 100, 0, 55, 40, 59, 53, 2, 19, 0, 20, 66, 41, 99, 100, 98, 5
34, 71, 16, 65, 17, 23, 0, 0, 1, 42, 44, 75, 100, 100, 46, 91, 8
21, 83, 55, 100, 92, 86, 73, 61, 92, 35, 100, 9, 52, 0, 0, 0, 3
3, 70, 0, 25, 41, 0, 89, 18, 100, 61, 75, 100, 25, 100, 14, 58, 0
34, 78, 60, 100, 100, 81, 70, 57, 94, 39, 89, 9, 39, 0, 0, 17, 3
0, 79, 65, 71, 100, 100, 27, 90, 3, 62, 78, 68, 70, 41, 35, 0, 9
95, 85, 100, 100, 61, 71, 41, 36, 50, 0, 93, 3, 58, 30, 0, 26, 6
6, 76, 33, 100, 73, 75, 52, 39, 6, 16, 0, 31, 52, 17, 100, 0, 2
31, 78, 0, 57, 14, 13, 59, 0, 100, 23, 98, 69, 62, 100, 19, 91, 0
49, 84, 55, 100, 100, 98, 72, 72, 48, 50, 81, 31, 49, 8, 0, 0, 3
0, 92, 44, 100, 80, 88, 43, 67, 71, 45, 100, 23, 54, 7, 2, 0, 3
100, 100, 59, 82, 25, 57, 0, 28, 14, 0, 59, 14, 46, 39, 0, 30, 6
57, 100, 35, 87, 9, 58, 0, 28, 29, 2, 100, 0, 71, 16, 5, 5, 6
39, 100, 5, 79, 0, 47, 55, 42, 100, 64, 80, 60, 52, 30, 28, 0, 4
0, 87, 36, 100, 56, 71, 37, 40, 1, 19, 15, 19, 61, 16, 100, 0, 2
100, 71, 46, 71, 18, 92, 66, 100, 91, 74, 75, 45, 44, 19, 0, 0, 9
12, 67, 42, 36, 57, 4, 12, 0, 0, 38, 12, 73, 55, 87, 100, 100, 5
100, 100, 67, 76, 39, 51, 15, 23, 29, 0, 73, 10, 46, 26, 0, 22, 6
100, 100, 70, 86, 30, 60, 0, 29, 11, 0, 70, 9, 76, 32, 16, 35, 6
100, 100, 56, 100, 19, 75, 0, 43, 12, 10, 62, 0, 68, 14, 15, 12, 6
81, 82, 0, 95, 19, 62, 84, 29, 45, 0, 24, 33, 83, 68, 100, 100, 8
44, 100, 58, 57, 100, 88, 40, 95, 63, 62, 77, 60, 67, 10, 0, 0, 9
13, 59, 0, 63, 42, 82, 90, 100, 100, 80, 80, 54, 59, 27, 45, 0, 1
100, 100, 31, 89, 36, 55, 70, 22, 23, 0, 0, 28, 43, 58, 86, 89, 8
51, 100, 86, 94, 69, 61, 37, 34, 0, 12, 9, 0, 54, 2, 100, 0, 2
0, 94, 49, 99, 100, 100, 73, 67, 54, 26, 45, 0, 22, 39, 71, 50, 7
0, 89, 26, 100, 35, 51, 32, 0, 13, 13, 22, 32, 60, 40, 100, 46, 7
53, 93, 3, 71, 47, 34, 23, 0, 0, 29, 59, 63, 100, 100, 9, 98, 8
11, 31, 0, 51, 59, 76, 100, 100, 67, 77, 44, 51, 33, 26, 48, 0, 1
5, 77, 0, 64, 21, 5, 71, 0, 100, 49, 67, 100, 19, 93, 13, 28, 0
100, 100, 76, 95, 50, 72, 26, 49, 6, 26, 0, 0, 46, 2, 25, 20, 6
0, 39, 33, 59, 67, 79, 100, 100, 100, 88, 81, 59, 65, 30, 53, 0, 1
32, 71, 47, 100, 83, 80, 70, 46, 31, 24, 0, 7, 50, 2, 100, 0, 2
11, 100, 6, 86, 0, 47, 30, 16, 74, 33, 100, 68, 87, 39, 79, 0, 4
0, 90, 41, 100, 72, 84, 54, 55, 26, 30, 13, 3, 56, 0, 100, 4, 2
100, 94, 53, 80, 68, 39, 68, 0, 0, 0, 17, 36, 62, 69, 88, 100, 8
100, 100, 54, 81, 19, 59, 0, 34, 11, 9, 71, 0, 84, 17, 17, 17, 6
63, 66, 58, 100, 11, 76, 36, 38, 63, 0, 0, 3, 36, 36, 100, 62, 8
9, 77, 18, 100, 74, 95, 66, 68, 34, 43, 0, 19, 37, 2, 100, 0, 2
39, 90, 14, 75, 0, 34, 26, 0, 75, 0, 100, 35, 82, 74, 42, 100, 0
40, 100, 23, 83, 0, 50, 54, 38, 100, 52, 97, 68, 68, 36, 57, 0, 4
0, 64, 40, 78, 76, 100, 100, 99, 87, 71, 64, 44, 39, 18, 16, 0, 1
32, 71, 55, 100, 72, 77, 56, 44, 32, 12, 0, 4, 43, 13, 100, 0, 2
100, 73, 76, 100, 0, 88, 21, 64, 98, 78, 96, 65, 86, 32, 82, 0, 9
10, 77, 0, 52, 30, 100, 31, 100, 44, 44, 18, 0, 21, 8, 100, 12, 1
74, 100, 50, 99, 13, 67, 0, 31, 35, 0, 100, 10, 79, 43, 10, 52, 6
62, 44, 98, 76, 65, 100, 3, 84, 0, 52, 70, 49, 100, 35, 84, 0, 9
29, 96, 15, 53, 33, 12, 79, 0, 100, 38, 82, 80, 38, 100, 0, 74, 0
3, 81, 57, 100, 100, 92, 63, 49, 23, 7, 0, 0, 30, 32, 93, 34, 7
25, 40, 21, 0, 60, 4, 89, 35, 100, 75, 71, 100, 30, 90, 0, 63, 0
48, 97, 89, 100, 77, 71, 49, 46, 16, 23, 0, 0, 50, 3, 100, 7, 2
70, 100, 35, 59, 96, 65, 56, 93, 67, 71, 100, 53, 66, 3, 0, 0, 9
40, 98, 51, 100, 0, 61, 11, 16, 93, 0, 100, 37, 18, 51, 24, 19, 6
0, 93, 43, 100, 91, 87, 70, 44, 50, 0, 35, 5, 39, 44, 100, 53, 7
33, 93, 0, 55, 61, 58, 91, 25, 37, 0, 29, 53, 36, 100, 100, 93, 5
87, 93, 59, 100, 21, 86, 6, 53, 69, 56, 100, 31, 59, 4, 0, 0, 5
62, 57, 100, 85, 52, 100, 0, 76, 39, 64, 79, 57, 52, 24, 5, 0, 9
0, 62, 18, 98, 56, 100, 42, 60, 14, 25, 11, 0, 55, 6, 100, 12, 2
0, 100, 44, 97, 54, 61, 41, 23, 23, 0, 9, 38, 52, 44, 100, 41, 7
27, 86, 31, 62, 41, 100, 40, 55, 46, 10, 0, 0, 45, 2, 100, 5, 1
46, 79, 37, 60, 59, 22, 0, 0, 19, 35, 78, 64, 100, 97, 29, 100, 8
77, 100, 47, 64, 0, 36, 34, 39, 100, 39, 93, 73, 61, 38, 37, 0, 4
100, 100, 56, 87, 24, 59, 5, 27, 29, 0, 79, 9, 38, 24, 0, 2, 6
64, 89, 100, 100, 47, 87, 7, 64, 25, 53, 74, 43, 51, 14, 0, 0, 5
67, 99, 62, 62, 97, 13, 0, 0, 7, 34, 100, 59, 100, 100, 10, 93, 8
60, 100, 36, 75, 14, 50, 0, 23, 47, 14, 89, 30, 100, 26, 86, 0, 4
82, 100, 39, 78, 17, 48, 19, 17, 66, 0, 100, 21, 44, 31, 0, 13, 6
0, 64, 21, 100, 27, 86, 24, 43, 8, 4, 6, 0, 53, 2, 100, 6, 1
81, 100, 55, 92, 17, 61, 3, 26, 41, 0, 100, 14, 65, 44, 0, 60, 6
62, 100, 26, 74, 15, 43, 8, 12, 57, 0, 100, 19, 52, 35, 0, 23, 6
90, 78, 43, 100, 0, 73, 63, 68, 95, 94, 100, 51, 79, 11, 16, 0, 9
100, 83, 64, 100, 50, 65, 75, 26, 35, 0, 0, 22, 46, 53, 100, 78, 8
18, 100, 23, 69, 57, 39, 29, 0, 0, 27, 0, 75, 40, 94, 100, 99, 5
7, 72, 34, 100, 79, 95, 67, 61, 33, 33, 0, 5, 48, 0, 100, 1, 2
2, 65, 29, 35, 46, 2, 12, 0, 0, 41, 18, 73, 58, 88, 100, 100, 5
18, 83, 53, 100, 67, 75, 43, 47, 12, 22, 0, 0, 50, 11, 100, 22, 2
60, 91, 14, 80, 50, 59, 56, 7, 0, 0, 4, 45, 41, 91, 100, 100, 5
39, 89, 37, 59, 65, 29, 24, 0, 6, 37, 0, 80, 38, 100, 100, 98, 5
36, 53, 100, 82, 55, 100, 2, 69, 36, 34, 74, 0, 0, 14, 62, 44, 8
40, 88, 78, 100, 71, 66, 68, 61, 100, 39, 70, 7, 19, 0, 0, 27, 3
44, 77, 19, 50, 39, 19, 0, 0, 8, 31, 19, 66, 57, 87, 100, 100, 5
0, 85, 21, 100, 72, 84, 65, 43, 56, 0, 37, 1, 42, 28, 100, 28, 7
46, 90, 14, 79, 9, 19, 61, 0, 100, 47, 76, 100, 18, 85, 0, 28, 0
0, 48, 36, 61, 69, 78, 100, 100, 95, 94, 70, 64, 48, 34, 33, 0, 1
100, 94, 29, 100, 0, 72, 70, 79, 88, 98, 64, 65, 50, 33, 43, 0, 9
0, 56, 44, 88, 67, 100, 68, 54, 70, 7, 11, 1, 37, 0, 100, 3, 1
17, 37, 24, 0, 73, 14, 100, 50, 89, 90, 43, 100, 11, 66, 0, 25, 0
40, 100, 16, 81, 0, 59, 22, 40, 81, 47, 100, 44, 79, 22, 67, 0, 4
0, 51, 33, 75, 68, 100, 51, 85, 53, 59, 58, 33, 65, 7, 100, 0, 1
73, 100, 31, 79, 4, 48, 0, 15, 49, 0, 100, 14, 66, 33, 10, 28, 6
18, 87, 0, 92, 50, 96, 100, 100, 71, 78, 47, 54, 33, 27, 35, 0, 7
8, 85, 46, 100, 58, 73, 36, 42, 5, 15, 0, 0, 50, 0, 100, 2, 2
52, 100, 26, 68, 0, 36, 52, 36, 100, 40, 84, 69, 62, 35, 48, 0, 4
71, 64, 55, 100, 0, 98, 19, 69, 74, 80, 100, 49, 67, 10, 13, 0, 9
24, 88, 0, 46, 54, 45, 20, 0, 24, 55, 38, 95, 51, 94, 100, 100, 5
55, 61, 81, 100, 68, 79, 56, 33, 30, 0, 0, 1, 51, 2, 100, 6, 1
52, 69, 61, 100, 100, 93, 77, 60, 42, 31, 0, 3, 26, 0, 97, 1, 2
74, 95, 21, 75, 0, 36, 20, 0, 75, 25, 100, 64, 78, 100, 19, 82, 0
26, 80, 50, 100, 100, 95, 58, 72, 50, 47, 90, 20, 53, 0, 0, 5, 3
100, 100, 68, 95, 26, 98, 27, 55, 70, 53, 73, 15, 35, 0, 0, 16, 5
3, 90, 41, 100, 100, 100, 89, 68, 54, 33, 19, 0, 0, 15, 54, 23, 7
39, 83, 17, 65, 37, 26, 17, 0, 0, 36, 44, 70, 100, 100, 32, 93, 8
4, 85, 39, 100, 83, 85, 57, 60, 59, 41, 100, 21, 62, 0, 0, 1, 3
44, 75, 21, 38, 0, 0, 18, 28, 56, 60, 100, 90, 82, 100, 28, 81, 8
92, 100, 49, 88, 8, 59, 56, 45, 100, 69, 82, 56, 39, 29, 0, 0, 4
0, 93, 64, 100, 100, 80, 76, 44, 52, 8, 27, 0, 30, 24, 96, 31, 7
43, 77, 53, 100, 95, 94, 68, 67, 80, 53, 100, 29, 57, 7, 0, 0, 3
4, 54, 55, 75, 97, 98, 100, 100, 69, 75, 40, 50, 13, 25, 0, 0, 1
19, 100, 36, 96, 34, 58, 13, 28, 0, 12, 34, 5, 67, 0, 100, 4, 2
52, 100, 33, 80, 0, 57, 32, 42, 82, 43, 100, 50, 69, 26, 43, 0, 4
33, 90, 66, 100, 66, 71, 63, 64, 100, 44, 78, 14, 27, 0, 0, 24, 3
40, 64, 67, 82, 100, 100, 81, 80, 60, 60, 38, 40, 15, 20, 0, 0, 1
9, 86, 48, 100, 68, 76, 59, 46, 33, 21, 0, 0, 49, 3, 100, 6, 2
0, 44, 36, 58, 70, 79, 100, 100, 82, 74, 69, 47, 59, 20, 54, 0, 1
3, 97, 90, 100, 100, 71, 75, 38, 61, 4, 31, 0, 0, 26, 90, 28, 7
75, 72, 25, 76, 0, 37, 16, 0, 70, 23, 100, 61, 88, 100, 31, 83, 0
100, 66, 74, 100, 24, 88, 43, 63, 94, 77, 89, 36, 52, 1, 0, 0, 9
93, 100, 59, 79, 95, 68, 100, 90, 100, 60, 88, 32, 52, 10, 0, 0, 9
0, 56, 40, 66, 74, 85, 100, 100, 79, 76, 62, 51, 47, 25, 42, 0, 1
0, 93, 54, 100, 80, 69, 70, 35, 66, 0, 28, 27, 19, 47, 100, 52, 7
15, 73, 39, 100, 93, 95, 81, 62, 43, 34, 0, 10, 39, 0, 100, 4, 2
90, 100, 43, 79, 0, 56, 51, 58, 100, 69, 97, 61, 79, 28, 60, 0, 4
0, 95, 53, 100, 91, 86, 78, 47, 68, 7, 47, 0, 24, 24, 100, 27, 7
7, 88, 0, 42, 19, 0, 67, 1, 100, 35, 93, 79, 49, 100, 3, 89, 0
26, 94, 75, 100, 92, 77, 45, 59, 81, 43, 100, 11, 51, 0, 0, 1, 3
98, 100, 51, 77, 21, 49, 7, 18, 49, 0, 100, 16, 42, 23, 0, 1, 6
40, 80, 63, 100, 100, 91, 84, 67, 52, 46, 18, 28, 0, 6, 47, 0, 2
5, 68, 23, 100, 63, 78, 55, 32, 14, 4, 0, 15, 50, 10, 100, 0, 2
100, 89, 60, 100, 53, 63, 92, 81, 100, 54, 92, 11, 44, 0, 0, 13, 9
40, 94, 0, 66, 5, 23, 55, 0, 98, 26, 100, 70, 62, 100, 6, 84, 0
44, 90, 0, 79, 79, 43, 95, 0, 13, 10, 50, 55, 100, 98, 19, 100, 8
27, 76, 62, 100, 84, 76, 66, 41, 37, 11, 0, 3, 50, 1, 100, 0, 2
13, 89, 54, 100, 100, 97, 90, 72, 68, 48, 73, 21, 44, 1, 0, 0, 3
43, 81, 72, 100, 100, 78, 77, 49, 41, 25, 0, 5, 39, 0, 93, 2, 2
16, 72, 40, 100, 94, 95, 84, 64, 47, 37, 0, 14, 31, 1, 100, 0, 2
14, 76, 50, 100, 100, 95, 71, 64, 59, 52, 83, 20, 42, 0, 0, 18, 3
72, 100, 51, 87, 0, 56, 66, 48, 100, 62, 75, 84, 47, 42, 19, 0, 4
38, 100, 40, 90, 0, 63, 36, 46, 93, 47, 100, 59, 63, 31, 40, 0, 4
0, 58, 35, 62, 70, 83, 100, 100, 91, 74, 82, 49, 74, 23, 78, 0, 1
0, 69, 26, 77, 92, 97, 100, 100, 76, 75, 55, 50, 39, 25, 29, 0, 1
2, 100, 58, 99, 63, 67, 38, 34, 19, 0, 0, 32, 42, 44, 100, 44, 7
61, 60, 88, 97, 10, 100, 16, 66, 91, 82, 100, 46, 82, 5, 0, 0, 9
0, 100, 7, 100, 89, 100, 100, 98, 55, 76, 29, 50, 12, 24, 14, 0, 7
11, 68, 44, 100, 50, 88, 36, 46, 24, 5, 0, 5, 50, 1, 100, 0, 1
0, 73, 26, 100, 56, 72, 40, 31, 3, 10, 19, 22, 63, 13, 100, 0, 2
0, 0, 18, 27, 48, 49, 76, 73, 100, 100, 94, 73, 82, 40, 82, 9, 1
45, 67, 19, 31, 48, 0, 85, 26, 100, 74, 69, 100, 28, 80, 0, 43, 0
44, 56, 99, 74, 100, 100, 30, 80, 0, 49, 74, 64, 62, 39, 36, 0, 9
0, 67, 46, 91, 100, 100, 83, 56, 52, 15, 22, 0, 29, 28, 85, 29, 7
0, 81, 27, 100, 58, 90, 45, 58, 25, 30, 23, 0, 61, 2, 100, 6, 2
4, 80, 3, 52, 47, 54, 55, 0, 10, 2, 0, 80, 43, 100, 100, 95, 5
100, 100, 80, 100, 38, 71, 11, 34, 31, 0, 81, 12, 53, 45, 0, 45, 6
100, 83, 66, 93, 11, 100, 3, 64, 58, 56, 91, 23, 47, 0, 0, 7, 5
30, 94, 73, 100, 29, 91, 6, 52, 51, 46, 100, 24, 45, 0, 0, 14, 5
56, 97, 16, 100, 0, 55, 18, 11, 67, 0, 100, 36, 91, 82, 44, 98, 0
20, 92, 22, 100, 0, 63, 41, 40, 100, 41, 95, 74, 69, 39, 57, 0, 4
57, 70, 57, 100, 55, 66, 33, 36, 0, 16, 23, 9, 60, 0, 100, 3, 2
100, 89, 80, 100, 41, 91, 47, 63, 70, 38, 77, 9, 40, 0, 0, 4, 5
0, 84, 41, 100, 86, 75, 33, 52, 54, 45, 100, 19, 51, 0, 2, 13, 3
55, 93, 100, 100, 73, 100, 34, 78, 44, 56, 77, 36, 45, 9, 0, 0, 5
24, 91, 10, 69, 65, 40, 46, 0, 0, 11, 8, 57, 29, 98, 100, 100, 5
5, 78, 30, 100, 50, 72, 30, 38, 0, 13, 25, 2, 62, 0, 100, 5, 2
30, 78, 64, 100, 90, 82, 62, 57, 95, 42, 100, 17, 52, 4, 0, 0, 3
88, 100, 100, 99, 52, 74, 14, 46, 0, 14, 57, 0, 84, 20, 18, 26, 6
100, 100, 46, 87, 8, 60, 0, 26, 33, 0, 85, 8, 64, 35, 8, 30, 6
0, 42, 7, 64, 52, 83, 100, 100, 94, 78, 67, 52, 43, 26, 22, 0, 1
74, 100, 46, 72, 8, 49, 0, 38, 52, 34, 100, 41, 96, 32, 96, 0, 4
97, 95, 48, 100, 13, 67, 0, 25, 41, 0, 91, 16, 100, 56, 68, 91, 0
0, 100, 53, 97, 100, 96, 71, 58, 57, 14, 44, 0, 33, 35, 90, 38, 7
100, 89, 39, 75, 0, 78, 55, 100, 93, 85, 70, 54, 35, 24, 23, 0, 9
100, 100, 56, 66, 0, 37, 8, 34, 83, 43, 86, 71, 57, 35, 24, 0, 4
80, 81, 34, 100, 0, 70, 45, 39, 76, 0, 28, 12, 57, 54, 100, 85, 8
2, 20, 44, 53, 63, 100, 14, 98, 53, 59, 100, 25, 57, 0, 0, 13, 8
30, 61, 67, 79, 100, 100, 91, 90, 63, 68, 37, 46, 15, 23, 0, 0, 1
24, 86, 22, 100, 76, 90, 49, 64, 57, 50, 100, 27, 70, 1, 0, 0, 3
48, 76, 62, 100, 93, 79, 67, 39, 28, 8, 0, 12, 51, 16, 100, 0, 2
18, 92, 11, 56, 43, 23, 21, 0, 4, 37, 0, 74, 47, 92, 100, 100, 5
49, 99, 5, 74, 0, 24, 46, 0, 98, 21, 100, 70, 55, 100, 5, 79, 0
32, 87, 26, 62, 65, 29, 45, 0, 19, 35, 0, 75, 30, 100, 100, 100, 5
0, 82, 42, 100, 73, 100, 63, 58, 52, 16, 19, 8, 50, 3, 100, 0, 1
39, 95, 9, 72, 63, 48, 57, 9, 0, 0, 19, 47, 38, 92, 100, 100, 5
41, 96, 91, 100, 46, 94, 5, 63, 42, 48, 100, 32, 63, 5, 0, 0, 5
0, 78, 31, 100, 66, 77, 58, 34, 20, 12, 15, 21, 58, 13, 100, 0, 2
77, 83, 47, 72, 78, 27, 22, 0, 0, 30, 68, 60, 100, 100, 20, 90, 8
10, 94, 0, 98, 65, 100, 100, 100, 66, 76, 47, 49, 36, 22, 52, 0, 7
76, 100, 37, 88, 0, 54, 44, 33, 96, 58, 100, 66, 60, 33, 23, 0, 4
38, 100, 4, 76, 0, 46, 70, 41, 100, 64, 86, 62, 66, 31, 54, 0, 4
0, 95, 32, 100, 78, 94, 73, 55, 61, 13, 50, 0, 53, 32, 100, 32, 7
19, 88, 53, 100, 92, 84, 71, 53, 36, 29, 0, 5, 48, 1, 100, 0, 2
59, 100, 41, 79, 14, 56, 0, 31, 51, 21, 100, 33, 85, 25, 79, 0, 4
62, 100, 26, 78, 0, 45, 8, 9, 54, 0, 100, 8, 62, 20, 17, 11, 6
42, 96, 100, 100, 80, 98, 32, 76, 58, 60, 86, 28, 48, 0, 0, 14, 5
0, 54, 62, 77, 100, 100, 75, 77, 75, 53, 85, 30, 100, 6, 98, 0, 1
33, 85, 69, 100, 78, 78, 53, 56, 100, 44, 93, 16, 48, 1, 0, 0, 3
45, 91, 88, 100, 100, 77, 69, 54, 100, 39, 99, 12, 51, 0, 0, 1, 3
16, 84, 56, 100, 72, 65, 46, 29, 8, 0, 0, 16, 50, 17, 100, 5, 2
44, 86, 14, 77, 0, 34, 28, 1, 70, 0, 100, 33, 85, 76, 48, 100, 0
2, 97, 14, 66, 50, 90, 14, 100, 62, 75, 100, 37, 75, 2, 0, 0, 9
56, 92, 96, 81, 35, 63, 38, 100, 88, 69, 100, 24, 46, 0, 0, 25, 9
0, 59, 5, 73, 61, 91, 100, 100, 75, 75, 52, 51, 33, 25, 25, 0, 1
100, 100, 60, 84, 29, 57, 11, 26, 35, 0, 83, 12, 53, 37, 0, 31, 6
36, 100, 13, 75, 57, 65, 100, 78, 63, 85, 41, 57, 18, 29, 0, 0, 4
75, 61, 85, 100, 22, 82, 37, 42, 55, 2, 0, 0, 31, 36, 100, 60, 8
67, 100, 25, 81, 0, 49, 0, 15, 51, 0, 100, 20, 63, 40, 9, 26, 6
32, 62, 2, 35, 0, 6, 57, 0, 97, 22, 100, 52, 77, 80, 30, 100, 0
0, 16, 33, 43, 69, 71, 100, 100, 97, 91, 77, 60, 57, 30, 44, 0, 1
0, 0, 42, 11, 83, 34, 100, 68, 77, 100, 29, 99, 41, 69, 90, 61, 9
58, 100, 100, 93, 96, 69, 54, 58, 83, 45, 81, 17, 45, 0, 0, 3, 3
40, 100, 9, 66, 0, 26, 43, 0, 100, 17, 100, 56, 61, 88, 0, 89, 0
66, 89, 100, 100, 99, 81, 77, 61, 64, 38, 67, 15, 38, 1, 0, 0, 3
0, 46, 47, 71, 66, 100, 59, 98, 59, 68, 68, 38, 87, 8, 100, 0, 1
40, 93, 100, 100, 62, 94, 7, 79, 42, 64, 90, 39, 61, 10, 0, 0, 5
17, 64, 38, 100, 98, 94, 63, 62, 67, 49, 100, 15, 42, 0, 0, 17, 3
2, 86, 4, 37, 31, 0, 74, 10, 100, 49, 80, 90, 35, 100, 0, 72, 0
0, 21, 49, 57, 79, 100, 15, 81, 45, 44, 100, 15, 29, 0, 5, 25, 8
52, 100, 25, 67, 0, 33, 46, 28, 100, 33, 99, 65, 73, 35, 53, 0, 4
43, 80, 46, 100, 83, 79, 61, 39, 20, 12, 0, 14, 51, 16, 100, 0, 2
0, 85, 42, 97, 30, 75, 23, 21, 72, 0, 100, 47, 87, 100, 36, 99, 0
16, 95, 46, 100, 100, 95, 72, 63, 39, 32, 6, 0, 0, 32, 56, 35, 7
0, 62, 22, 89, 69, 100, 86, 77, 59, 50, 28, 26, 47, 4, 100, 0, 2
100, 100, 55, 99, 20, 93, 23, 53, 67, 54, 80, 20, 43, 0, 0, 3, 5
68, 100, 29, 90, 0, 59, 1, 17, 38, 0, 77, 13, 100, 48, 78, 82, 0
20, 91, 61, 100, 71, 78, 59, 51, 100, 34, 86, 11, 37, 0, 0, 1, 3
77, 82, 55, 100, 45, 76, 91, 81, 100, 47, 90, 14, 46, 0, 0, 10, 9
86, 100, 32, 81, 0, 57, 30, 37, 100, 51, 86, 46, 41, 23, 11, 0, 4
36, 86, 0, 75, 35, 34, 12, 0, 11, 35, 75, 68, 100, 100, 12, 89, 8
57, 82, 58, 100, 96, 90, 72, 61, 100, 45, 86, 15, 44, 0, 0, 4, 3
17, 97, 67, 100, 100, 76, 73, 40, 33, 6, 0, 0, 15, 30, 94, 29, 7
13, 71, 30, 100, 60, 79, 40, 42, 6, 13, 0, 9, 51, 11, 100, 0, 2
40, 85, 1, 60, 43, 46, 26, 2, 0, 0, 9, 53, 42, 89, 100, 100, 5
12, 100, 3, 86, 0, 61, 35, 54, 72, 54, 100, 53, 90, 27, 88, 0, 4
100, 100, 61, 85, 61, 60, 91, 82, 92, 54, 75, 23, 42, 1, 0, 0, 9
55, 89, 23, 90, 0, 49, 18, 8, 73, 0, 100, 37, 83, 80, 32, 100, 0
21, 71, 0, 33, 22, 0, 72, 10, 100, 44, 93, 84, 47, 100, 1, 82, 0
65, 100, 0, 79, 67, 41, 99, 0, 10, 3, 41, 42, 100, 80, 6, 90, 8
36, 80, 71, 100, 97, 79, 70, 49, 100, 37, 88, 5, 41, 0, 0, 15, 3
26, 64, 34, 100, 65, 77, 43, 36, 1, 11, 0, 8, 50, 4, 100, 0, 2
10, 75, 0, 40, 22, 4, 58, 0, 89, 25, 100, 67, 78, 100, 44, 89, 0
0, 40, 30, 61, 67, 82, 100, 100, 88, 75, 72, 49, 56, 25, 40, 0, 1
0, 43, 26, 68, 70, 100, 73, 80, 67, 41, 55, 3, 27, 0, 100, 0, 1
48, 63, 42, 100, 94, 99, 94, 62, 90, 54, 100, 19, 51, 0, 0, 11, 3
71, 96, 32, 100, 0, 58, 5, 15, 71, 1, 100, 42, 30, 41, 10, 0, 6
75, 100, 100, 99, 83, 83, 75, 66, 50, 49, 25, 33, 8, 17, 0, 0, 1
73, 95, 7, 76, 78, 40, 100, 2, 0, 0, 37, 41, 82, 82, 51, 100, 8
0, 91, 7, 98, 47, 100, 85, 94, 100, 72, 85, 47, 66, 24, 52, 0, 7
62, 100, 22, 78, 0, 44, 2, 6, 48, 0, 88, 24, 100, 60, 63, 80, 0
84, 70, 94, 100, 48, 90, 60, 66, 100, 68, 78, 32, 47, 0, 0, 2, 9
1, 63, 3, 27, 37, 0, 79, 18, 100, 54, 89, 90, 41, 100, 0, 80, 0
73, 99, 37, 100, 62, 73, 89, 91, 99, 51, 100, 13, 52, 0, 0, 1, 9
38, 100, 0, 74, 20, 48, 99, 45, 100, 65, 75, 63, 58, 31, 43, 0, 4
27, 88, 2, 49, 13, 1, 70, 0, 100, 43, 93, 91, 35, 100, 0, 63, 0
0, 70, 50, 84, 100, 100, 94, 82, 81, 56, 65, 29, 50, 3, 54, 0, 1
8, 96, 0, 50, 12, 6, 58, 0, 96, 28, 100, 71, 59, 95, 11, 100, 0
27, 85, 68, 100, 100, 86, 54, 69, 84, 49, 98, 23, 54, 5, 0, 0, 3
68, 73, 63, 100, 15, 86, 68, 68, 100, 66, 98, 25, 51, 4, 0, 0, 9
60, 74, 89, 100, 96, 78, 68, 50, 34, 24, 0, 2, 51, 7, 100, 0, 2
87, 100, 45, 83, 14, 54, 0, 21, 42, 0, 100, 8, 77, 31, 18, 29, 6
54, 74, 72, 100, 76, 70, 57, 38, 26, 9, 0, 3, 50, 0, 100, 1, 2
27, 100, 3, 76, 0, 46, 69, 43, 100, 64, 90, 64, 85, 32, 87, 0, 4
12, 80, 57, 100, 76, 74, 56, 41, 28, 10, 0, 4, 42, 13, 100, 0, 2
0, 89, 44, 100, 72, 73, 71, 36, 70, 0, 56, 11, 49, 32, 100, 29, 7
67, 78, 54, 100, 0, 83, 36, 43, 61, 0, 15, 14, 51, 54, 100, 80, 8
0, 59, 41, 80, 94, 100, 100, 91, 68, 68, 35, 45, 6, 22, 0, 0, 1
27, 100, 75, 100, 76, 75, 52, 52, 92, 34, 100, 9, 51, 0, 0, 4, 3
37, 100, 11, 72, 0, 33, 26, 0, 74, 7, 100, 42, 81, 79, 36, 99, 0
5, 67, 30, 100, 60, 78, 41, 39, 5, 10, 0, 20, 49, 6, 100, 0, 2
55, 100, 20, 75, 0, 48, 0, 19, 41, 0, 100, 8, 78, 30, 27, 25, 6
0, 86, 26, 100, 68, 97, 84, 62, 75, 19, 55, 0, 57, 23, 100, 23, 7
0, 71, 24, 100, 60, 100, 61, 63, 41, 29, 16, 0, 58, 3, 100, 2, 2
0, 25, 26, 48, 66, 73, 100, 100, 96, 93, 72, 62, 48, 31, 31, 0, 1
95, 71, 100, 100, 39, 100, 0, 76, 55, 76, 93, 59, 76, 29, 55, 0, 9
0, 0, 33, 12, 66, 35, 90, 61, 100, 89, 57, 100, 25, 79, 58, 60, 9
59, 100, 20, 78, 0, 46, 8, 13, 66, 0, 100, 23, 46, 36, 14, 14, 6
43, 100, 0, 88, 67, 47, 85, 0, 17, 16, 83, 56, 100, 93, 17, 74, 8
0, 79, 28, 100, 48, 75, 38, 54, 92, 54, 100, 28, 61, 8, 9, 0, 3
43, 67, 83, 33, 78, 0, 9, 9, 57, 41, 100, 73, 57, 100, 0, 78, 8
0, 81, 9, 100, 40, 85, 33, 54, 11, 26, 18, 9, 60, 4, 100, 0, 2
49, 75, 44, 100, 23, 73, 43, 37, 47, 0, 0, 16, 40, 45, 100, 68, 8
100, 90, 64, 100, 45, 68, 81, 70, 85, 61, 81, 27, 52, 0, 0, 9, 9
45, 93, 9, 78, 72, 76, 47, 100, 55, 79, 100, 46, 67, 8, 0, 0, 9
36, 100, 0, 70, 32, 46, 93, 53, 100, 88, 74, 67, 52, 33, 31, 0, 4
7, 94, 0, 100, 57, 100, 100, 98, 58, 79, 33, 52, 19, 25, 22, 0, 7
60, 100, 35, 75, 8, 47, 0, 17, 46, 0, 100, 12, 70, 26, 25, 6, 6
80, 86, 46, 100, 0, 78, 42, 57, 100, 75, 98, 62, 88, 29, 75, 0, 9
56, 76, 66, 100, 0, 88, 23, 60, 90, 71, 100, 68, 87, 31, 92, 0, 9
59, 78, 60, 100, 7, 94, 0, 65, 53, 57, 100, 42, 80, 14, 32, 0, 9
5, 42, 0, 7, 44, 0, 87, 15, 100, 64, 68, 100, 25, 93, 20, 48, 0
81, 60, 96, 100, 0, 98, 49, 54, 96, 11, 13, 0, 33, 45, 100, 86, 8
0, 66, 43, 100, 49, 89, 19, 42, 48, 10, 100, 5, 38, 1, 3, 0, 1
44, 82, 79, 100, 100, 81, 73, 56, 82, 45, 80, 17, 42, 0, 0, 13, 3
100, 100, 81, 99, 48, 74, 19, 47, 0, 15, 30, 0, 51, 25, 8, 29, 6
20, 97, 9, 89, 0, 49, 66, 47, 100, 70, 75, 100, 71, 50, 73, 0, 4
0, 89, 40, 100, 64, 70, 55, 27, 38, 0, 15, 30, 57, 36, 100, 39, 7
72, 71, 73, 100, 29, 87, 66, 73, 100, 54, 92, 16, 48, 0, 0, 9, 9
100, 94, 51, 83, 0, 76, 40, 100, 80, 96, 58, 61, 29, 30, 8, 0, 9
0, 93, 8, 100, 64, 98, 100, 83, 88, 62, 64, 42, 42, 21, 35, 0, 7
70, 100, 17, 88, 36, 66, 89, 90, 88, 78, 100, 42, 68, 9, 0, 0, 9
17, 100, 5, 91, 0, 59, 58, 51, 100, 77, 60, 60, 30, 30, 6, 0, 4
23, 79, 0, 65, 3, 19, 44, 0, 88, 18, 100, 62, 71, 100, 26, 96, 0
97, 75, 60, 100, 35, 68, 68, 32, 49, 0, 0, 22, 39, 57, 100, 83, 8
33, 77, 64, 100, 100, 89, 68, 62, 78, 43, 86, 12, 44, 0, 0, 2, 3
0, 37, 34, 55, 68, 77, 100, 100, 72, 77, 50, 52, 30, 26, 22, 0, 1
100, 78, 45, 64, 0, 72, 22, 100, 54, 90, 63, 59, 61, 29, 64, 0, 9
49, 100, 31, 65, 0, 29, 50, 31, 100, 33, 87, 71, 65, 35, 43, 0, 4
34, 100, 16, 50, 59, 40, 33, 0, 0, 14, 10, 70, 48, 95, 100, 94, 5
0, 90, 60, 100, 100, 83, 72, 47, 40, 13, 4, 0, 25, 29, 92, 29, 7
23, 66, 82, 89, 100, 100, 85, 63, 79, 25, 45, 0, 0, 2, 77, 4, 1
17, 100, 30, 92, 17, 64, 0, 37, 57, 27, 89, 46, 89, 28, 100, 0, 4
64, 100, 38, 67, 2, 38, 0, 28, 62, 32, 100, 53, 88, 34, 79, 0, 4
11, 100, 24, 67, 54, 32, 39, 0, 8, 29, 0, 71, 43, 88, 100, 90, 5
65, 92, 19, 70, 0, 36, 6, 0, 62, 1, 97, 31, 100, 67, 77, 100, 0
0, 54, 59, 54, 100, 23, 45, 0, 41, 34, 79, 69, 65, 100, 13, 75, 8
95, 31, 44, 2, 0, 26, 11, 69, 60, 100, 100, 73, 84, 30, 40, 0, 0
63, 100, 32, 73, 11, 45, 0, 14, 45, 0, 100, 10, 68, 19, 13, 10, 6
0, 64, 2, 26, 35, 0, 77, 12, 100, 46, 96, 85, 58, 100, 19, 80, 0
31, 96, 44, 76, 24, 100, 41, 50, 48, 7, 0, 0, 49, 14, 100, 23, 1
0, 87, 37, 96, 98, 100, 100, 87, 80, 65, 63, 44, 52, 22, 62, 0, 7
31, 100, 12, 87, 0, 55, 22, 26, 72, 31, 100, 60, 74, 31, 60, 0, 4
44, 84, 80, 100, 84, 73, 50, 60, 100, 49, 86, 16, 33, 0, 0, 23, 3
29, 87, 66, 100, 100, 97, 74, 76, 69, 52, 72, 29, 38, 12, 0, 0, 3
100, 100, 61, 85, 25, 58, 0, 28, 23, 0, 77, 9, 85, 39, 30, 50, 6
0, 97, 54, 100, 100, 93, 81, 55, 69, 16, 56, 0, 18, 32, 74, 42, 7
0, 80, 34, 100, 86, 100, 83, 73, 51, 50, 100, 37, 85, 12, 36, 0, 3
55, 100, 13, 73, 46, 41, 50, 7, 0, 0, 16, 56, 48, 94, 100, 86, 5
0, 74, 26, 98, 64, 100, 76, 71, 56, 41, 30, 14, 60, 1, 100, 0, 2
42, 100, 40, 83, 5, 51, 0, 47, 55, 40, 100, 51, 85, 38, 76, 0, 4
80, 100, 29, 84, 0, 47, 7, 8, 79, 7, 100, 41, 30, 35, 20, 0, 6
97, 100, 54, 83, 0, 48, 3, 10, 84, 0, 100, 39, 14, 51, 8, 18, 6
60, 100, 45, 92, 21, 63, 0, 33, 38, 26, 86, 40, 100, 30, 91, 0, 4
58, 100, 35, 74, 0, 42, 33, 40, 96, 42, 100, 66, 88, 36, 94, 0, 4
64, 83, 16, 87, 11, 43, 0, 0, 5, 33, 54, 68, 100, 100, 25, 90, 8
90, 100, 53, 76, 29, 46, 26, 13, 67, 0, 100, 24, 51, 37, 0, 28, 6
100, 100, 48, 96, 15, 64, 0, 31, 25, 0, 95, 8, 94, 38, 25, 31, 6
0, 60, 49, 78, 97, 100, 100, 94, 92, 71, 77, 47, 59, 23, 33, 0, 1
100, 84, 56, 96, 2, 100, 3, 58, 37, 52, 78, 31, 46, 0, 0, 10, 5
16, 93, 32, 55, 61, 19, 34, 0, 1, 34, 0, 76, 45, 100, 100, 96, 5
0, 100, 93, 100, 100, 78, 62, 40, 33, 0, 13, 5, 1, 39, 94, 43, 7
0, 60, 56, 77, 89, 100, 89, 96, 81, 72, 78, 47, 78, 23, 100, 0, 1
12, 100, 0, 74, 4, 42, 74, 44, 100, 58, 77, 65, 74, 32, 65, 0, 4
65, 81, 100, 48, 88, 10, 7, 0, 40, 35, 97, 68, 78, 100, 0, 87, 8
72, 100, 27, 81, 0, 47, 6, 9, 56, 0, 100, 19, 63, 30, 16, 14, 6
17, 98, 80, 100, 100, 67, 67, 33, 26, 0, 0, 7, 0, 23, 89, 19, 7
13, 94, 0, 51, 55, 45, 34, 0, 0, 16, 0, 71, 39, 98, 100, 100, 5
0, 64, 16, 100, 57, 89, 40, 48, 2, 17, 1, 18, 49, 0, 100, 0, 2
58, 86, 82, 100, 100, 80, 73, 60, 84, 36, 75, 16, 37, 9, 0, 0, 3
7, 85, 49, 97, 97, 100, 100, 77, 86, 48, 88, 20, 46, 7, 0, 0, 3
50, 100, 9, 73, 0, 34, 24, 0, 78, 19, 100, 55, 77, 89, 21, 78, 0
50, 51, 100, 74, 70, 100, 0, 93, 4, 69, 78, 60, 90, 32, 76, 0, 9
77, 57, 87, 100, 0, 95, 43, 55, 100, 15, 40, 0, 28, 45, 86, 85, 8
9, 90, 46, 100, 74, 74, 62, 42, 29, 18, 0, 0, 49, 2, 100, 1, 2
39, 91, 66, 100, 55, 67, 31, 39, 0, 19, 32, 15, 66, 0, 100, 1, 2
31, 63, 69, 79, 100, 100, 87, 85, 64, 62, 43, 40, 21, 17, 0, 0, 1
87, 68, 34, 60, 0, 89, 59, 100, 78, 64, 100, 28, 82, 0, 3, 8, 9
0, 97, 62, 100, 80, 76, 69, 38, 62, 0, 14, 18, 3, 39, 100, 38, 7
100, 100, 70, 81, 38, 56, 14, 27, 32, 0, 86, 7, 53, 22, 0, 16, 6
16, 67, 35, 100, 50, 70, 36, 34, 15, 0, 0, 21, 48, 20, 100, 9, 2
100, 88, 62, 100, 23, 85, 0, 54, 4, 18, 39, 0, 58, 26, 18, 32, 6
27, 95, 39, 62, 75, 32, 39, 0, 0, 19, 12, 65, 45, 97, 100, 100, 5
59, 100, 27, 80, 0, 56, 11, 35, 70, 35, 100, 45, 88, 23, 87, 0, 4
33, 86, 9, 65, 75, 71, 72, 25, 3, 0, 0, 46, 12, 93, 100, 100, 5
100, 85, 73, 84, 3, 63, 8, 91, 82, 100, 79, 65, 36, 32, 0, 0, 9
65, 100, 22, 75, 0, 36, 22, 0, 73, 8, 100, 45, 84, 86, 37, 99, 0
44, 69, 70, 100, 89, 75, 59, 40, 19, 14, 0, 13, 51, 11, 100, 0, 2
27, 73, 15, 37, 41, 0, 81, 7, 100, 50, 78, 92, 37, 100, 0, 77, 0
73, 90, 24, 77, 0, 39, 20, 0, 73, 2, 100, 40, 97, 81, 52, 100, 0
35, 69, 55, 100, 87, 81, 70, 44, 34, 17, 0, 4, 50, 5, 100, 0, 2
77, 100, 48, 60, 0, 32, 50, 40, 100, 49, 91, 86, 70, 43, 52, 0, 4
0, 86, 40, 100, 85, 89, 53, 63, 53, 41, 100, 26, 74, 4, 22, 0, 3
19, 80, 46, 100, 46, 66, 28, 35, 0, 12, 24, 1, 63, 0, 100, 1, 2
0, 94, 39, 100, 54, 63, 55, 20, 47, 0, 19, 32, 58, 35, 100, 36, 7
36, 79, 20, 100, 67, 81, 53, 43, 0, 20, 8, 25, 59, 0, 100, 17, 2
27, 97, 0, 57, 6, 14, 58, 0, 100, 30, 100, 72, 57, 100, 11, 74, 0
54, 94, 100, 100, 60, 99, 25, 75, 41, 58, 73, 39, 44, 10, 0, 0, 5
90, 100, 53, 73, 19, 46, 0, 16, 41, 0, 100, 8, 81, 26, 20, 29, 6
0, 63, 63, 33, 72, 0, 20, 9, 58, 42, 100, 74, 56, 100, 7, 71, 8
17, 100, 0, 81, 2, 62, 42, 46, 100, 52, 79, 39, 77, 19, 89, 0, 4
46, 100, 4, 75, 7, 24, 53, 0, 100, 21, 89, 68, 44, 97, 0, 88, 0
44, 83, 58, 67, 66, 100, 35, 78, 93, 79, 100, 33, 59, 0, 0, 28, 9
84, 76, 80, 100, 5, 88, 0, 60, 76, 63, 100, 62, 83, 30, 79, 0, 9
14, 73, 0, 27, 38, 0, 84, 10, 100, 55, 75, 96, 31, 100, 9, 60, 0
0, 71, 39, 94, 100, 100, 100, 73, 54, 48, 11, 23, 33, 1, 95, 0, 2
13, 81, 24, 100, 89, 97, 100, 75, 63, 52, 97, 22, 55, 0, 0, 12, 3
3, 15, 44, 51, 88, 88, 46, 100, 42, 63, 100, 31, 72, 0, 0, 17, 8
29, 91, 100, 100, 79, 100, 4, 95, 21, 68, 68, 42, 68, 14, 0, 0, 5
59, 55, 100, 80, 66, 100, 9, 89, 0, 63, 58, 55, 82, 33, 62, 0, 9
100, 100, 39, 90, 1, 59, 0, 22, 46, 0, 93, 22, 54, 46, 0, 26, 6
3, 77, 0, 37, 34, 0, 84, 19, 100, 64, 66, 100, 20, 71, 22, 25, 0
100, 84, 49, 78, 79, 39, 84, 0, 0, 13, 37, 50, 93, 85, 18, 100, 8
0, 73, 30, 100, 62, 86, 46, 48, 13, 22, 21, 21, 58, 4, 100, 0, 2
17, 85, 30, 54, 91, 46, 70, 0, 26, 14, 0, 62, 32, 93, 100, 100, 5
26, 100, 7, 77, 0, 44, 43, 35, 86, 46, 100, 67, 91, 33, 79, 0, 4
0, 100, 20, 98, 78, 98, 100, 92, 61, 72, 33, 48, 15, 22, 25, 0, 7
98, 85, 30, 100, 0, 68, 77, 64, 84, 78, 100, 39, 94, 0, 15, 1, 9
48, 72, 78, 100, 100, 80, 69, 48, 32, 22, 0, 18, 45, 17, 88, 0, 2
70, 100, 21, 78, 0, 40, 11, 0, 65, 6, 94, 43, 100, 82, 45, 88, 0
34, 89, 0, 64, 47, 49, 61, 8, 25, 0, 33, 53, 45, 100, 100, 92, 5
0, 70, 33, 100, 100, 94, 100, 59, 75, 25, 47, 0, 69, 34, 14, 61, 8
33, 92, 72, 100, 100, 88, 80, 69, 61, 49, 67, 27, 35, 12, 0, 0, 3
30, 100, 25, 82, 0, 48, 11, 38, 64, 45, 100, 54, 91, 37, 85, 0, 4
24, 73, 85, 63, 100, 24, 35, 0, 18, 33, 66, 67, 79, 100, 0, 88, 8
4, 88, 19, 58, 59, 31, 24, 0, 6, 35, 0, 76, 44, 98, 100, 100, 5
14, 79, 49, 100, 64, 71, 38, 39, 0, 15, 9, 16, 55, 0, 100, 10, 2
59, 84, 20, 66, 59, 29, 15, 0, 0, 36, 58, 66, 100, 100, 24, 92, 8
100, 100, 54, 80, 25, 54, 0, 29, 0, 2, 75, 0, 89, 18, 19, 31, 6
0, 96, 35, 100, 50, 62, 36, 21, 16, 0, 2, 41, 46, 52, 100, 55, 7
100, 97, 69, 100, 39, 86, 59, 62, 78, 36, 63, 9, 30, 2, 0, 0, 5
29, 96, 5, 100, 0, 72, 4, 45, 47, 36, 77, 51, 75, 23, 100, 0, 4
91, 67, 83, 100, 25, 86, 24, 43, 41, 0, 0, 6, 36, 33, 100, 36, 8
69, 100, 35, 94, 12, 59, 9, 23, 55, 0, 100, 20, 38, 28, 0, 2, 6
16, 100, 0, 71, 12, 37, 69, 27, 100, 34, 75, 71, 57, 40, 39, 0, 4
2, 100, 96, 97, 76, 67, 65, 33, 59, 0, 35, 9, 0, 37, 100, 37, 7
11, 70, 0, 31, 32, 0, 89, 9, 100, 47, 78, 84, 27, 100, 2, 66, 0
82, 83, 39, 100, 10, 64, 71, 33, 72, 0, 0, 10, 42, 48, 100, 82, 8
39, 90, 0, 69, 72, 55, 69, 12, 2, 0, 7, 47, 22, 91, 100, 100, 5
5, 32, 36, 54, 71, 75, 100, 100, 71, 78, 43, 53, 17, 27, 0, 0, 1
28, 75, 42, 100, 87, 95, 68, 61, 87, 42, 100, 10, 51, 0, 0, 12, 3
36, 100, 30, 100, 5, 57, 0, 38, 78, 30, 100, 54, 95, 38, 94, 0, 4
78, 97, 44, 68, 100, 30, 65, 0, 38, 35, 84, 77, 76, 100, 0, 72, 8
99, 81, 62, 100, 27, 81, 68, 59, 100, 63, 91, 21, 50, 0, 0, 7, 9
0, 96, 50, 100, 100, 94, 95, 60, 70, 27, 55, 0, 30, 25, 82, 23, 7
0, 83, 50, 100, 92, 75, 66, 38, 36, 0, 34, 6, 28, 34, 100, 36, 7
4, 58, 19, 15, 66, 0, 100, 33, 99, 78, 57, 100, 15, 71, 0, 29, 0
0, 65, 46, 80, 88, 100, 100, 94, 76, 69, 53, 45, 29, 20, 26, 0, 1
20, 91, 59, 100, 100, 91, 84, 71, 52, 53, 64, 32, 39, 12, 0, 0, 3
0, 66, 30, 90, 69, 100, 65, 62, 39, 29, 12, 1, 57, 0, 100, 3, 2
31, 81, 51, 100, 83, 85, 50, 62, 88, 41, 100, 14, 53, 0, 0, 5, 3
0, 100, 62, 89, 71, 59, 54, 29, 40, 0, 2, 20, 5, 42, 100, 49, 7
49, 92, 58, 48, 66, 4, 0, 0, 39, 36, 100, 65, 92, 100, 25, 88, 8
51, 100, 23, 74, 7, 34, 35, 0, 99, 6, 100, 34, 34, 31, 0, 1, 6
0, 88, 46, 100, 83, 78, 66, 39, 45, 0, 15, 15, 32, 37, 100, 38, 7
12, 96, 3, 66, 76, 40, 64, 0, 16, 17, 0, 60, 7, 98, 100, 100, 5
0, 94, 39, 100, 86, 100, 100, 88, 70, 69, 46, 47, 32, 24, 40, 0, 7
0, 95, 51, 100, 100, 90, 72, 56, 50, 20, 36, 0, 17, 37, 69, 46, 7
0, 52, 31, 78, 60, 100, 56, 61, 56, 22, 33, 2, 55, 0, 100, 2, 1
58, 58, 100, 94, 45, 100, 41, 59, 72, 20, 10, 0, 0, 31, 67, 57, 8
0, 36, 29, 54, 67, 76, 100, 100, 80, 76, 58, 50, 36, 25, 18, 0, 1
51, 75, 45, 31, 71, 0, 100, 24, 96, 71, 66, 100, 30, 91, 0, 63, 0
20, 78, 75, 75, 100, 100, 0, 93, 35, 77, 97, 64, 82, 32, 65, 0, 9
83, 100, 35, 80, 9, 50, 4, 17, 53, 0, 100, 21, 55, 31, 0, 15, 6
64, 87, 0, 100, 35, 53, 78, 6, 19, 0, 61, 41, 100, 82, 44, 78, 8
68, 100, 43, 58, 0, 20, 61, 16, 100, 43, 95, 86, 93, 44, 94, 0, 4
12, 100, 6, 77, 0, 50, 37, 37, 94, 44, 87, 53, 92, 26, 100, 0, 4
71, 100, 40, 70, 19, 35, 21, 0, 79, 4, 100, 35, 42, 43, 0, 21, 6
33, 45, 75, 70, 79, 100, 72, 44, 100, 10, 94, 9, 37, 8, 0, 0, 1
12, 89, 27, 100, 16, 72, 0, 44, 36, 24, 97, 41, 100, 28, 95, 0, 4
11, 58, 65, 35, 67, 0, 4, 19, 41, 53, 100, 81, 57, 100, 0, 79, 8
0, 73, 63, 78, 100, 100, 97, 97, 88, 73, 77, 47, 65, 23, 55, 0, 1
29, 100, 23, 80, 0, 51, 28, 41, 100, 43, 77, 62, 71, 31, 66, 0, 4
99, 80, 77, 100, 28, 81, 60, 62, 100, 70, 84, 33, 55, 0, 0, 4, 9
51, 86, 45, 100, 9, 51, 13, 0, 69, 22, 100, 71, 54, 95, 0, 68, 0
76, 76, 39, 100, 0, 76, 41, 39, 73, 0, 17, 7, 35, 47, 100, 69, 8
0, 100, 62, 99, 100, 92, 66, 61, 43, 25, 21, 0, 11, 34, 73, 37, 7
51, 100, 10, 75, 0, 33, 31, 0, 82, 6, 100, 44, 75, 82, 28, 90, 0
46, 99, 0, 59, 77, 45, 84, 1, 24, 0, 10, 48, 16, 93, 100, 100, 5
78, 81, 41, 91, 41, 44, 56, 0, 0, 18, 48, 60, 100, 100, 33, 91, 8
91, 100, 52, 89, 24, 57, 13, 22, 57, 0, 100, 23, 60, 49, 0, 43, 6
0, 47, 41, 65, 76, 88, 100, 100, 74, 75, 49, 51, 31, 26, 24, 0, 1
70, 100, 51, 76, 18, 49, 0, 36, 53, 41, 100, 44, 90, 34, 84, 0, 4
9, 80, 24, 98, 88, 100, 78, 72, 65, 52, 100, 30, 64, 5, 0, 0, 3
42, 100, 20, 80, 0, 47, 39, 38, 100, 37, 98, 66, 83, 31, 83, 0, 4
100, 72, 75, 100, 43, 80, 82, 78, 92, 53, 88, 17, 47, 0, 0, 7, 9
52, 85, 10, 62, 0, 20, 41, 0, 87, 22, 100, 62, 70, 96, 20, 100, 0
77, 100, 41, 71, 0, 40, 7, 18, 75, 30, 100, 52, 70, 37, 57, 0, 4
10, 89, 32, 98, 36, 100, 0, 68, 31, 49, 100, 29, 60, 0, 1, 15, 5
77, 100, 0, 87, 36, 41, 60, 0, 6, 19, 70, 56, 100, 97, 12, 90, 8
41, 89, 75, 99, 100, 100, 83, 79, 59, 59, 35, 39, 10, 19, 0, 0, 1
68, 66, 100, 98, 57, 100, 27, 68, 73, 72, 78, 37, 45, 5, 0, 0, 9
35, 92, 21, 64, 66, 36, 37, 0, 0, 15, 10, 69, 46, 100, 100, 100, 5
4, 92, 4, 62, 42, 32, 13, 0, 2, 34, 0, 72, 38, 100, 100, 97, 5
0, 54, 35, 70, 88, 93, 100, 100, 71, 75, 45, 50, 27, 25, 25, 0, 1
3, 83, 47, 67, 51, 25, 0, 0, 11, 37, 65, 69, 100, 100, 21, 92, 8
90, 100, 0, 96, 8, 65, 83, 83, 100, 96, 85, 64, 75, 32, 81, 0, 9
0, 41, 34, 54, 68, 76, 100, 100, 87, 79, 68, 50, 51, 20, 43, 0, 1
0, 63, 43, 77, 70, 100, 62, 63, 54, 25, 27, 1, 49, 2, 100, 0, 1
0, 82, 36, 100, 83, 88, 64, 62, 83, 48, 100, 16, 57, 0, 14, 13, 3
77, 100, 31, 84, 0, 44, 1, 0, 60, 5, 100, 40, 83, 81, 32, 72, 0
34, 100, 0, 76, 0, 35, 32, 1, 85, 0, 100, 38, 85, 77, 36, 84, 0
10, 89, 21, 52, 75, 44, 60, 0, 12, 12, 0, 60, 36, 93, 100, 100, 5
6, 97, 65, 100, 100, 82, 70, 56, 42, 28, 27, 0, 0, 27, 47, 38, 7
99, 100, 41, 89, 4, 61, 0, 26, 42, 0, 100, 4, 75, 33, 16, 38, 6
0, 65, 33, 84, 78, 100, 100, 94, 75, 71, 48, 48, 23, 24, 4, 0, 1
14, 61, 12, 21, 48, 0, 85, 24, 100, 63, 83, 99, 36, 100, 0, 75, 0
92, 100, 50, 79, 20, 56, 0, 34, 56, 22, 100, 41, 66, 23, 50, 0, 4
0, 65, 2, 94, 58, 100, 98, 88, 72, 59, 100, 28, 69, 5, 24, 0, 3
13, 77, 21, 58, 46, 25, 11, 0, 0, 42, 2, 88, 49, 98, 100, 100, 5
49, 72, 46, 100, 0, 71, 48, 35, 79, 0, 11, 21, 40, 58, 100, 86, 8
20, 67, 0, 27, 36, 0, 84, 17, 100, 60, 77, 100, 31, 85, 10, 44, 0
0, 75, 19, 99, 57, 100, 66, 73, 56, 46, 38, 20, 55, 2, 100, 0, 2
61, 73, 52, 100, 14, 72, 54, 36, 58, 0, 0, 17, 45, 49, 100, 79, 8
15, 100, 4, 72, 0, 38, 48, 31, 100, 38, 96, 64, 81, 32, 63, 0, 4
11, 74, 22, 100, 93, 98, 91, 69, 49, 41, 0, 17, 25, 0, 100, 6, 2
51, 81, 86, 100, 81, 85, 81, 58, 88, 31, 56, 6, 0, 0, 100, 2, 1
39, 99, 0, 65, 74, 52, 74, 9, 21, 0, 23, 50, 24, 99, 100, 100, 5
25, 100, 0, 66, 14, 33, 76, 29, 100, 47, 74, 82, 48, 42, 29, 0, 4
54, 95, 22, 100, 0, 61, 86, 62, 100, 75, 57, 100, 48, 49, 47, 0, 4
0, 56, 56, 69, 82, 92, 92, 100, 85, 75, 85, 50, 86, 24, 100, 0, 1
66, 100, 39, 86, 11, 64, 36, 45, 100, 57, 66, 45, 32, 23, 0, 0, 4
31, 88, 3, 84, 77, 100, 100, 96, 69, 72, 37, 49, 14, 24, 0, 0, 1
13, 87, 61, 100, 100, 86, 69, 59, 73, 51, 87, 21, 46, 0, 0, 5, 3
3, 97, 42, 63, 100, 31, 61, 0, 0, 19, 38, 57, 80, 95, 32, 100, 8
0, 48, 30, 66, 72, 87, 100, 100, 73, 75, 47, 50, 22, 25, 0, 0, 1
0, 91, 27, 100, 69, 83, 60, 42, 54, 0, 100, 22, 76, 44, 23, 49, 7
8, 83, 0, 96, 50, 99, 100, 100, 85, 79, 67, 53, 52, 26, 45, 0, 7
59, 86, 87, 100, 100, 75, 68, 52, 76, 36, 97, 13, 51, 0, 0, 5, 3
0, 86, 45, 100, 95, 93, 75, 69, 95, 39, 100, 7, 50, 0, 1, 12, 3
70, 100, 43, 82, 16, 49, 0, 16, 41, 0, 100, 21, 47, 31, 12, 4, 6
100, 97, 54, 100, 40, 72, 87, 88, 94, 80, 61, 40, 26, 0, 0, 9, 9
74, 100, 50, 65, 0, 37, 3, 36, 74, 39, 100, 61, 70, 39, 51, 0, 4
0, 75, 14, 31, 47, 0, 89, 10, 100, 54, 76, 93, 35, 100, 13, 62, 0
93, 100, 48, 89, 12, 59, 0, 25, 43, 0, 100, 18, 61, 43, 0, 29, 6
100, 99, 45, 100, 22, 65, 69, 74, 88, 88, 86, 44, 58, 6, 0, 0, 9
17, 88, 56, 100, 100, 99, 92, 75, 61, 55, 70, 29, 42, 9, 0, 0, 3
26, 80, 23, 56, 60, 24, 28, 0, 0, 24, 13, 68, 47, 97, 100, 100, 5
100, 100, 47, 91, 11, 59, 0, 22, 49, 4, 97, 25, 38, 29, 17, 0, 6
0, 88, 49, 100, 85, 75, 71, 36, 48, 0, 13, 28, 44, 42, 100, 46, 7
70, 98, 0, 99, 36, 48, 93, 0, 4, 0, 16, 46, 100, 79, 48, 100, 8
34, 80, 61, 100, 56, 60, 28, 28, 0, 0, 33, 5, 67, 7, 100, 7, 2
88, 79, 80, 100, 15, 88, 59, 85, 100, 75, 76, 46, 38, 19, 0, 0, 9
100, 100, 53, 77, 20, 40, 13, 0, 65, 15, 94, 51, 56, 78, 0, 78, 0
14, 81, 23, 100, 81, 97, 61, 66, 60, 50, 100, 33, 60, 7, 0, 0, 3
84, 100, 58, 83, 35, 55, 24, 26, 48, 0, 100, 15, 65, 35, 0, 24, 6
65, 99, 27, 100, 45, 68, 74, 96, 91, 75, 100, 26, 59, 0, 0, 5, 9
0, 91, 40, 100, 65, 69, 62, 29, 48, 0, 16, 31, 51, 40, 100, 48, 7
27, 84, 56, 100, 100, 90, 80, 65, 86, 36, 90, 5, 46, 0, 0, 4, 3
33, 85, 25, 50, 37, 14, 0, 0, 6, 39, 12, 75, 56, 87, 100, 100, 5
100, 100, 47, 92, 12, 61, 0, 25, 36, 0, 85, 20, 49, 38, 28, 11, 6
58, 88, 96, 100, 100, 82, 81, 57, 88, 30, 85, 7, 42, 0, 0, 5, 3
7, 79, 36, 100, 54, 78, 30, 49, 0, 24, 9, 6, 55, 3, 100, 0, 2
100, 100, 66, 98, 29, 67, 4, 31, 19, 0, 68, 12, 49, 35, 0, 21, 6
28, 83, 66, 100, 100, 86, 81, 60, 94, 43, 96, 18, 54, 0, 0, 2, 3
32, 100, 23, 90, 0, 46, 57, 28, 100, 35, 75, 80, 46, 45, 22, 0, 4
89, 76, 40, 100, 9, 61, 100, 29, 91, 0, 0, 25, 64, 63, 91, 100, 8
42, 97, 6, 74, 100, 80, 40, 100, 0, 84, 82, 66, 57, 32, 12, 0, 9
0, 72, 0, 77, 23, 64, 73, 37, 25, 0, 9, 62, 33, 100, 100, 100, 5
0, 87, 30, 100, 67, 91, 58, 43, 38, 0, 30, 24, 57, 46, 100, 49, 7
0, 5, 53, 33, 90, 65, 100, 98, 83, 100, 73, 67, 73, 33, 77, 0, 1
77, 95, 33, 100, 0, 64, 0, 20, 50, 0, 100, 21, 57, 35, 19, 3, 6
21, 100, 15, 75, 0, 44, 36, 33, 100, 35, 69, 44, 40, 32, 50, 0, 4
18, 75, 51, 100, 100, 96, 79, 65, 41, 40, 0, 17, 9, 0, 63, 2, 2
52, 100, 16, 70, 0, 35, 3, 0, 66, 10, 100, 41, 98, 77, 51, 93, 0
25, 94, 0, 52, 12, 7, 64, 0, 100, 36, 90, 80, 40, 100, 0, 71, 0
32, 89, 14, 91, 0, 44, 15, 1, 62, 0, 100, 28, 85, 73, 45, 100, 0
0, 75, 25, 100, 90, 83, 45, 56, 59, 47, 100, 18, 43, 0, 6, 19, 3
0, 73, 30, 100, 74, 97, 69, 58, 53, 20, 54, 0, 53, 32, 100, 38, 7
66, 82, 2, 100, 0, 67, 57, 37, 62, 0, 6, 22, 32, 60, 100, 84, 8
38, 100, 20, 61, 26, 20, 65, 0, 100, 27, 92, 67, 48, 85, 0, 79, 0
100, 100, 82, 90, 51, 62, 26, 32, 12, 0, 56, 6, 46, 26, 0, 12, 6
0, 84, 37, 100, 82, 96, 85, 67, 59, 41, 31, 15, 51, 0, 100, 2, 2
100, 90, 60, 100, 18, 84, 70, 88, 89, 71, 66, 44, 37, 18, 0, 0, 9
82, 100, 40, 81, 6, 52, 0, 18, 51, 0, 100, 16, 58, 35, 8, 20, 6
84, 72, 65, 100, 16, 73, 51, 36, 65, 0, 0, 5, 37, 39, 100, 61, 8
0, 91, 52, 100, 92, 84, 73, 43, 62, 0, 42, 0, 45, 23, 100, 28, 7
34, 79, 69, 100, 60, 75, 41, 26, 13, 0, 0, 8, 50, 7, 100, 5, 1
8, 99, 48, 100, 75, 68, 66, 25, 63, 0, 100, 25, 51, 37, 0, 41, 7
40, 99, 100, 87, 43, 100, 30, 56, 73, 44, 98, 9, 38, 0, 0, 31, 5
25, 100, 22, 71, 0, 51, 52, 52, 77, 65, 95, 70, 100, 32, 90, 0, 4
0, 91, 44, 100, 58, 77, 48, 39, 47, 0, 25, 19, 53, 39, 100, 47, 7
100, 100, 58, 86, 27, 66, 7, 43, 0, 18, 34, 0, 72, 14, 43, 29, 6
45, 87, 84, 100, 66, 67, 79, 64, 100, 33, 80, 0, 36, 0, 0, 25, 3
84, 100, 44, 91, 59, 76, 100, 87, 89, 62, 70, 37, 38, 17, 0, 0, 9
14, 69, 67, 100, 59, 98, 60, 55, 62, 12, 0, 0, 3, 2, 100, 0, 1
64, 75, 43, 100, 40, 60, 100, 28, 81, 0, 0, 6, 38, 44, 72, 75, 8
33, 100, 84, 95, 81, 73, 58, 56, 100, 38, 99, 13, 51, 0, 0, 2, 3
0, 56, 23, 63, 61, 81, 100, 100, 88, 77, 69, 52, 53, 26, 44, 0, 1
51, 100, 11, 91, 0, 59, 34, 34, 96, 49, 100, 57, 62, 29, 34, 0, 4
65, 72, 24, 45, 21, 0, 69, 8, 100, 47, 90, 93, 42, 100, 0, 75, 0
40, 100, 5, 67, 0, 28, 40, 0, 94, 18, 100, 57, 58, 84, 3, 67, 0
0, 77, 23, 100, 67, 73, 64, 36, 41, 0, 6, 24, 33, 44, 100, 45, 7
77, 100, 29, 80, 0, 53, 2, 21, 45, 0, 100, 6, 68, 29, 14, 27, 6
0, 92, 20, 100, 68, 94, 49, 46, 24, 0, 14, 16, 44, 48, 100, 56, 7
31, 81, 58, 100, 100, 100, 81, 76, 65, 50, 78, 22, 41, 7, 0, 0, 3
30, 80, 66, 100, 88, 77, 48, 51, 71, 44, 100, 18, 52, 0, 0, 5, 3
11, 23, 44, 0, 87, 15, 100, 50, 83, 84, 41, 100, 0, 80, 2, 46, 0
26, 83, 18, 45, 40, 0, 89, 6, 100, 54, 71, 94, 21, 100, 0, 57, 0
3, 100, 0, 95, 1, 61, 41, 46, 84, 53, 100, 67, 84, 34, 88, 0, 4
32, 82, 67, 100, 100, 85, 69, 58, 70, 36, 88, 10, 44, 0, 0, 7, 3
0, 58, 6, 67, 53, 85, 100, 100, 76, 75, 52, 51, 34, 26, 40, 0, 1
91, 100, 56, 91, 19, 62, 0, 30, 22, 0, 100, 5, 99, 33, 19, 44, 6
4, 77, 42, 100, 97, 95, 77, 62, 90, 49, 100, 15, 49, 0, 0, 12, 3
20, 77, 61, 100, 100, 80, 48, 46, 9, 7, 68, 0, 25, 39, 0, 82, 8
0, 58, 36, 70, 71, 86, 100, 100, 84, 75, 69, 51, 56, 25, 46, 0, 1
0, 81, 29, 100, 61, 87, 56, 49, 34, 17, 35, 0, 69, 2, 100, 5, 2
0, 91, 47, 100, 100, 81, 88, 44, 60, 10, 37, 0, 24, 32, 96, 40, 7
0, 55, 41, 80, 62, 100, 48, 66, 35, 32, 11, 0, 7, 4, 100, 4, 1
4, 81, 35, 100, 45, 75, 25, 56, 82, 53, 100, 25, 57, 6, 0, 0, 3
1, 85, 48, 100, 100, 100, 70, 76, 91, 51, 100, 18, 52, 3, 0, 0, 3
31, 70, 47, 100, 91, 75, 51, 50, 71, 48, 100, 18, 51, 0, 0, 17, 3
85, 64, 85, 100, 39, 81, 71, 56, 98, 71, 100, 30, 64, 0, 0, 2, 9
100, 100, 67, 98, 41, 80, 44, 50, 78, 42, 68, 16, 35, 2, 0, 0, 5
100, 95, 75, 100, 42, 70, 0, 44, 42, 33, 85, 49, 83, 31, 85, 0, 4
100, 100, 49, 77, 17, 51, 2, 24, 24, 0, 100, 10, 73, 35, 0, 42, 6
51, 54, 100, 87, 36, 100, 19, 62, 44, 22, 2, 0, 0, 37, 78, 57, 8
53, 64, 73, 100, 70, 83, 67, 42, 36, 11, 0, 0, 49, 4, 100, 9, 1
100, 89, 34, 100, 0, 75, 76, 78, 83, 62, 90, 35, 85, 8, 5, 0, 9
56, 97, 15, 77, 0, 35, 23, 0, 70, 3, 100, 36, 95, 78, 54, 100, 0
8, 100, 67, 99, 72, 65, 55, 31, 32, 0, 0, 26, 36, 47, 100, 52, 7
8, 96, 55, 100, 62, 67, 42, 30, 25, 0, 0, 36, 41, 49, 100, 50, 7
100, 100, 58, 96, 20, 95, 0, 62, 28, 58, 66, 45, 55, 11, 17, 0, 5
0, 94, 33, 100, 52, 83, 64, 65, 77, 47, 100, 30, 89, 13, 52, 0, 3
12, 100, 10, 90, 0, 56, 58, 43, 100, 65, 97, 70, 91, 35, 90, 0, 4
24, 72, 50, 100, 61, 64, 33, 33, 0, 12, 29, 19, 64, 0, 100, 10, 2
24, 96, 34, 62, 72, 36, 37, 0, 15, 40, 0, 89, 50, 99, 100, 100, 5
64, 100, 10, 99, 0, 71, 56, 77, 72, 71, 100, 37, 75, 8, 19, 0, 9
100, 100, 63, 100, 32, 78, 8, 53, 0, 23, 23, 0, 63, 8, 44, 32, 6
47, 100, 12, 70, 0, 41, 65, 43, 100, 49, 51, 69, 49, 33, 50, 0, 4
73, 100, 13, 64, 66, 49, 100, 93, 43, 70, 0, 28, 17, 0, 29, 34, 8
0, 100, 59, 97, 81, 66, 63, 32, 44, 0, 3, 25, 37, 34, 100, 39, 7
100, 100, 56, 89, 22, 59, 0, 26, 24, 0, 77, 11, 77, 39, 22, 36, 6
64, 65, 100, 100, 41, 85, 67, 42, 64, 0, 0, 16, 20, 59, 81, 74, 8
48, 73, 27, 86, 0, 48, 7, 5, 53, 0, 91, 27, 100, 71, 66, 100, 0
100, 100, 60, 90, 32, 70, 11, 48, 0, 23, 16, 0, 44, 12, 8, 6, 6
10, 68, 35, 100, 59, 72, 37, 30, 0, 3, 15, 14, 58, 2, 100, 0, 2
24, 100, 31, 56, 45, 16, 16, 0, 0, 43, 15, 81, 57, 87, 100, 88, 5
95, 79, 73, 100, 61, 72, 98, 95, 100, 55, 84, 16, 36, 0, 0, 1, 9
25, 70, 40, 100, 68, 81, 47, 46, 18, 14, 0, 0, 53, 3, 100, 12, 2
53, 92, 100, 100, 66, 94, 40, 66, 49, 39, 87, 18, 48, 0, 0, 4, 5
0, 91, 25, 63, 86, 33, 75, 0, 14, 11, 53, 43, 100, 75, 75, 100, 8
46, 100, 11, 80, 0, 55, 51, 43, 100, 62, 81, 48, 65, 24, 73, 0, 4
6, 97, 62, 100, 89, 70, 62, 34, 42, 0, 100, 25, 76, 40, 0, 36, 7
62, 100, 13, 81, 0, 50, 100, 56, 77, 78, 57, 88, 62, 35, 65, 0, 4
47, 91, 28, 66, 70, 32, 98, 0, 40, 11, 2, 47, 0, 81, 100, 100, 5
100, 100, 69, 83, 40, 58, 15, 31, 0, 0, 36, 1, 43, 27, 6, 20, 6
0, 77, 32, 100, 83, 79, 89, 39, 68, 0, 27, 0, 33, 23, 100, 25, 7
100, 96, 60, 100, 22, 79, 0, 51, 1, 21, 34, 0, 67, 16, 27, 34, 6
7, 77, 33, 100, 56, 77, 34, 37, 0, 4, 4, 0, 53, 5, 100, 20, 2
66, 94, 20, 75, 77, 39, 77, 0, 0, 15, 39, 53, 100, 89, 0, 100, 8
95, 100, 46, 78, 11, 44, 7, 6, 66, 0, 100, 29, 48, 46, 0, 28, 6
35, 79, 43, 65, 79, 27, 16, 0, 0, 34, 60, 68, 100, 100, 3, 92, 8
38, 100, 0, 71, 19, 44, 91, 41, 100, 58, 71, 77, 63, 38, 61, 0, 4
100, 100, 46, 84, 76, 42, 74, 0, 0, 14, 26, 56, 81, 92, 51, 99, 8
100, 100, 54, 77, 20, 49, 0, 19, 41, 0, 100, 11, 76, 38, 11, 35, 6
83, 100, 35, 96, 65, 77, 94, 94, 100, 58, 95, 22, 53, 3, 0, 0, 9
100, 100, 55, 80, 23, 54, 5, 26, 27, 0, 81, 7, 58, 29, 0, 27, 6
4, 57, 39, 95, 49, 100, 51, 47, 24, 8, 0, 0, 53, 2, 100, 5, 1
0, 70, 38, 100, 100, 98, 84, 53, 53, 6, 69, 0, 98, 30, 36, 31, 7
22, 100, 0, 75, 5, 49, 61, 47, 100, 68, 86, 52, 70, 26, 69, 0, 4
29, 100, 15, 81, 4, 62, 0, 43, 20, 27, 59, 24, 95, 18, 100, 0, 4
100, 100, 48, 81, 14, 53, 0, 24, 35, 0, 97, 12, 43, 29, 4, 16, 6
87, 100, 11, 90, 62, 63, 100, 28, 53, 0, 0, 23, 45, 57, 94, 89, 8
6, 67, 0, 93, 50, 100, 100, 100, 83, 74, 60, 50, 39, 26, 25, 0, 7
8, 75, 15, 56, 100, 33, 75, 0, 30, 9, 12, 44, 0, 79, 88, 100, 5
21, 100, 8, 82, 0, 63, 11, 46, 39, 36, 73, 30, 100, 18, 100, 0, 4
0, 73, 28, 100, 69, 100, 60, 68, 36, 38, 11, 9, 51, 0, 100, 6, 2
14, 83, 0, 74, 8, 94, 62, 100, 100, 97, 75, 63, 61, 26, 56, 0, 7
41, 89, 29, 61, 76, 47, 49, 7, 0, 0, 21, 46, 51, 89, 100, 100, 5
0, 99, 57, 100, 79, 89, 63, 45, 59, 0, 32, 6, 33, 27, 100, 32, 7
0, 91, 42, 100, 71, 75, 59, 37, 51, 0, 27, 34, 50, 54, 100, 56, 7
46, 100, 18, 76, 0, 32, 29, 0, 77, 18, 100, 59, 75, 98, 23, 96, 0
64, 74, 73, 52, 100, 13, 35, 0, 47, 37, 95, 72, 56, 100, 0, 76, 8
100, 100, 55, 89, 21, 59, 0, 27, 29, 0, 88, 11, 70, 39, 4, 37, 6
0, 93, 59, 100, 89, 71, 72, 35, 48, 0, 22, 24, 35, 48, 100, 51, 7
48, 92, 89, 100, 100, 83, 81, 63, 81, 42, 77, 21, 42, 6, 0, 0, 3
0, 75, 23, 100, 63, 85, 72, 42, 70, 0, 29, 12, 51, 25, 100, 32, 7
32, 100, 0, 74, 9, 46, 73, 52, 100, 83, 77, 64, 53, 32, 32, 0, 4
0, 97, 43, 96, 87, 100, 100, 93, 70, 73, 42, 51, 19, 26, 17, 0, 7
23, 93, 5, 56, 19, 13, 68, 0, 100, 35, 92, 79, 45, 100, 0, 78, 0
0, 86, 47, 100, 94, 84, 87, 40, 65, 0, 39, 6, 45, 38, 100, 42, 7
15, 82, 5, 53, 43, 23, 10, 0, 2, 41, 0, 84, 49, 98, 100, 100, 5
56, 100, 26, 75, 0, 46, 34, 32, 81, 32, 96, 61, 86, 29, 100, 0, 4
100, 100, 61, 79, 25, 51, 0, 20, 38, 0, 91, 17, 61, 42, 5, 28, 6
40, 100, 0, 86, 7, 63, 100, 63, 68, 90, 46, 80, 52, 39, 40, 0, 4
24, 95, 97, 100, 22, 92, 19, 55, 71, 70, 100, 32, 54, 0, 0, 21, 5
22, 73, 64, 90, 16, 100, 38, 82, 87, 63, 100, 26, 52, 7, 0, 0, 9
32, 78, 57, 100, 86, 87, 70, 60, 100, 42, 93, 16, 50, 0, 0, 7, 3
13, 68, 69, 100, 72, 97, 70, 50, 67, 3, 0, 0, 24, 3, 100, 6, 1
36, 69, 56, 100, 79, 82, 60, 47, 29, 17, 0, 0, 50, 4, 100, 12, 2
100, 100, 47, 87, 13, 57, 0, 22, 41, 0, 92, 16, 62, 43, 23, 23, 6
62, 91, 79, 64, 90, 100, 56, 78, 97, 64, 100, 21, 51, 0, 0, 16, 9
0, 63, 22, 66, 64, 87, 100, 100, 76, 75, 53, 50, 27, 25, 7, 0, 1
100, 97, 75, 100, 45, 86, 44, 59, 75, 44, 69, 18, 35, 6, 0, 0, 5
28, 95, 0, 55, 8, 8, 55, 0, 93, 32, 100, 79, 59, 100, 15, 78, 0
56, 94, 97, 100, 49, 85, 35, 54, 83, 42, 100, 21, 53, 2, 0, 0, 5
89, 73, 61, 100, 22, 71, 68, 37, 76, 0, 0, 0, 40, 34, 100, 64, 8
27, 100, 19, 89, 0, 65, 43, 53, 100, 55, 78, 44, 46, 24, 30, 0, 4
11, 78, 0, 56, 53, 41, 46, 0, 3, 10, 4, 70, 46, 100, 100, 94, 5
27, 70, 60, 100, 59, 84, 57, 44, 54, 6, 0, 5, 46, 2, 100, 0, 1
63, 100, 6, 82, 83, 55, 100, 20, 24, 0, 0, 34, 22, 70, 13, 95, 8
40, 100, 11, 66, 0, 22, 35, 0, 78, 16, 100, 55, 83, 95, 39, 99, 0
53, 80, 38, 100, 0, 77, 66, 72, 70, 67, 100, 30, 68, 3, 2, 0, 9
27, 91, 37, 99, 100, 100, 78, 77, 63, 53, 75, 29, 57, 5, 0, 0, 3
37, 87, 100, 100, 56, 91, 19, 67, 22, 54, 79, 42, 59, 16, 0, 0, 5
0, 81, 38, 100, 66, 74, 42, 36, 6, 10, 10, 1, 55, 6, 100, 0, 2
100, 100, 70, 87, 29, 60, 0, 30, 3, 0, 71, 5, 73, 30, 2, 25, 6
67, 93, 26, 70, 0, 35, 15, 0, 63, 12, 92, 46, 100, 86, 62, 100, 0
17, 94, 5, 57, 52, 30, 16, 0, 0, 28, 5, 72, 39, 98, 100, 100, 5
8, 79, 56, 100, 71, 92, 64, 51, 53, 11, 0, 1, 42, 1, 100, 0, 1
0, 53, 31, 81, 51, 100, 50, 62, 46, 25, 15, 0, 59, 1, 100, 3, 1
0, 38, 36, 55, 66, 78, 97, 100, 100, 88, 88, 58, 77, 29, 66, 0, 1
38, 85, 36, 100, 49, 70, 32, 39, 0, 17, 23, 1, 64, 0, 100, 16, 2
63, 100, 45, 97, 0, 78, 0, 61, 49, 44, 100, 47, 63, 24, 37, 0, 4
47, 100, 5, 78, 0, 46, 74, 47, 100, 79, 74, 64, 38, 32, 3, 0, 4
100, 100, 56, 88, 16, 58, 0, 23, 40, 0, 97, 18, 54, 42, 0, 22, 6
76, 100, 25, 87, 50, 60, 86, 86, 91, 69, 100, 31, 55, 9, 0, 0, 9
20, 100, 13, 75, 45, 41, 31, 0, 0, 12, 6, 57, 44, 89, 100, 100, 5
3, 68, 21, 100, 52, 87, 32, 51, 0, 22, 15, 4, 61, 0, 100, 14, 2
0, 88, 34, 99, 70, 100, 68, 71, 46, 43, 33, 11, 64, 0, 100, 5, 2
7, 54, 0, 89, 71, 100, 100, 83, 71, 45, 45, 6, 32, 0, 67, 21, 7
100, 100, 63, 90, 23, 63, 0, 32, 16, 0, 70, 6, 53, 31, 0, 22, 6
10, 79, 14, 68, 85, 47, 64, 2, 0, 0, 0, 49, 12, 93, 100, 100, 5
20, 100, 42, 87, 29, 67, 13, 48, 0, 28, 13, 9, 55, 2, 100, 0, 2
0, 96, 45, 100, 60, 66, 55, 31, 40, 0, 11, 30, 45, 48, 100, 56, 7
0, 93, 42, 100, 69, 72, 68, 36, 66, 0, 42, 15, 50, 33, 100, 35, 7
93, 100, 47, 90, 9, 61, 0, 27, 35, 0, 100, 4, 84, 31, 18, 27, 6
100, 100, 47, 97, 43, 75, 91, 90, 92, 67, 92, 24, 51, 0, 0, 9, 9
100, 100, 0, 91, 32, 54, 92, 20, 17, 0, 19, 36, 75, 71, 47, 92, 8
0, 75, 39, 97, 95, 100, 100, 70, 65, 42, 23, 18, 12, 0, 69, 1, 2
0, 75, 20, 100, 49, 94, 42, 58, 28, 25, 38, 0, 70, 4, 100, 12, 2
6, 72, 0, 98, 45, 100, 100, 98, 77, 76, 48, 51, 25, 25, 30, 0, 7
21, 97, 27, 57, 82, 40, 50, 0, 0, 0, 0, 60, 41, 96, 100, 100, 5
6, 95, 88, 100, 34, 98, 6, 74, 43, 62, 100, 38, 75, 0, 0, 13, 5
11, 65, 34, 100, 66, 77, 42, 38, 4, 8, 0, 2, 50, 7, 100, 0, 2
100, 92, 65, 100, 39, 79, 37, 49, 73, 45, 69, 16, 36, 0, 0, 4, 5
0, 97, 48, 97, 100, 100, 67, 68, 39, 35, 23, 0, 7, 22, 60, 33, 7
100, 68, 75, 100, 28, 83, 44, 42, 49, 0, 0, 4, 31, 40, 90, 59, 8
50, 100, 17, 86, 0, 58, 53, 46, 100, 70, 79, 55, 53, 27, 36, 0, 4
56, 99, 18, 67, 0, 27, 33, 0, 84, 22, 100, 61, 82, 99, 32, 100, 0
95, 66, 100, 100, 40, 98, 29, 61, 34, 23, 0, 0, 11, 34, 73, 56, 8
0, 93, 45, 100, 81, 71, 81, 32, 69, 0, 21, 25, 35, 31, 100, 34, 7
0, 62, 30, 95, 36, 100, 34, 64, 41, 29, 0, 2, 16, 4, 100, 0, 1
100, 99, 52, 100, 42, 65, 41, 29, 11, 0, 0, 30, 40, 58, 100, 70, 8
48, 88, 82, 100, 100, 77, 67, 55, 99, 35, 93, 11, 47, 1, 0, 0, 3
100, 87, 86, 100, 41, 76, 9, 49, 0, 18, 46, 0, 78, 22, 15, 26, 6
33, 76, 41, 100, 57, 71, 34, 37, 0, 14, 25, 16, 65, 0, 100, 17, 2
22, 100, 2, 84, 0, 67, 31, 55, 67, 47, 97, 35, 100, 17, 93, 0, 4
0, 75, 46, 58, 67, 22, 21, 0, 29, 36, 74, 67, 100, 100, 36, 86, 8
0, 70, 34, 93, 82, 100, 93, 72, 67, 44, 33, 20, 49, 3, 100, 0, 2
26, 81, 55, 100, 69, 75, 68, 62, 100, 46, 78, 16, 36, 0, 0, 16, 3
78, 100, 21, 80, 49, 44, 95, 76, 91, 80, 100, 34, 62, 0, 0, 13, 9
100, 82, 29, 97, 14, 62, 60, 22, 0, 0, 27, 39, 99, 72, 77, 100, 8
4, 64, 32, 98, 38, 100, 40, 62, 40, 23, 0, 0, 32, 4, 100, 4, 1
76, 100, 40, 87, 0, 68, 8, 56, 68, 45, 100, 42, 68, 21, 44, 0, 4
0, 98, 45, 100, 70, 95, 57, 48, 55, 0, 23, 25, 50, 34, 100, 38, 7
16, 100, 10, 57, 64, 35, 25, 0, 0, 31, 5, 80, 39, 96, 100, 94, 5
44, 85, 93, 100, 100, 92, 45, 81, 51, 68, 93, 36, 50, 0, 0, 17, 5
46, 85, 42, 100, 52, 73, 32, 41, 0, 16, 21, 7, 62, 0, 100, 17, 2
38, 50, 49, 98, 59, 100, 56, 50, 34, 7, 0, 9, 52, 4, 100, 0, 1
12, 69, 88, 84, 100, 100, 71, 80, 47, 60, 29, 40, 12, 19, 0, 0, 1
77, 96, 0, 100, 21, 61, 90, 30, 62, 0, 12, 24, 56, 62, 100, 100, 8
4, 65, 14, 100, 24, 66, 16, 28, 0, 1, 34, 0, 66, 0, 100, 0, 2
46, 69, 93, 73, 81, 100, 55, 81, 100, 62, 93, 22, 48, 7, 0, 0, 9
41, 90, 72, 100, 86, 75, 60, 50, 100, 35, 89, 10, 44, 0, 0, 5, 3
8, 100, 0, 83, 0, 52, 63, 44, 100, 67, 82, 63, 69, 31, 61, 0, 4
6, 95, 75, 100, 81, 65, 48, 27, 41, 0, 100, 24, 70, 45, 0, 49, 7
92, 93, 50, 100, 41, 65, 88, 79, 100, 74, 91, 29, 53, 0, 0, 4, 9
100, 100, 100, 92, 67, 77, 33, 62, 33, 46, 33, 30, 0, 15, 0, 0, 1
84, 100, 52, 90, 13, 57, 2, 19, 58, 0, 100, 25, 46, 44, 0, 19, 6
0, 81, 54, 71, 81, 100, 11, 97, 29, 74, 100, 82, 84, 41, 83, 0, 9
63, 67, 74, 100, 99, 80, 73, 39, 35, 7, 0, 3, 51, 4, 100, 0, 2
15, 81, 54, 100, 91, 81, 43, 55, 44, 49, 100, 32, 66, 3, 0, 0, 3
50, 100, 27, 77, 0, 45, 41, 30, 100, 40, 84, 67, 63, 33, 46, 0, 4
0, 69, 37, 96, 100, 100, 100, 65, 68, 34, 20, 9, 32, 0, 97, 1, 2
83, 100, 38, 82, 81, 87, 94, 85, 100, 53, 100, 20, 53, 6, 0, 0, 9
87, 94, 47, 82, 96, 43, 82, 0, 0, 4, 29, 43, 100, 74, 97, 100, 8
43, 89, 15, 49, 22, 0, 72, 3, 100, 46, 83, 92, 30, 100, 0, 66, 0
100, 54, 48, 62, 0, 75, 25, 100, 65, 90, 60, 59, 48, 30, 33, 0, 9
37, 82, 57, 100, 53, 65, 30, 36, 0, 16, 30, 0, 66, 2, 100, 19, 2
66, 100, 41, 77, 0, 49, 18, 29, 77, 30, 100, 63, 90, 30, 95, 0, 4
0, 61, 34, 91, 51, 100, 48, 60, 45, 19, 4, 0, 48, 1, 100, 3, 1
43, 100, 30, 64, 49, 28, 30, 0, 0, 25, 18, 59, 58, 73, 100, 78, 5
0, 97, 40, 100, 68, 74, 58, 34, 51, 0, 24, 34, 48, 56, 100, 60, 7
76, 49, 70, 92, 27, 100, 0, 66, 3, 19, 41, 0, 80, 21, 100, 57, 0
12, 91, 79, 100, 45, 95, 29, 63, 88, 68, 100, 24, 52, 0, 0, 23, 5
33, 82, 53, 99, 100, 100, 73, 72, 81, 48, 89, 20, 48, 2, 0, 0, 3
100, 100, 45, 87, 12, 59, 0, 26, 27, 0, 87, 8, 87, 37, 27, 31, 6
100, 100, 56, 82, 22, 55, 0, 25, 26, 0, 78, 9, 61, 36, 6, 38, 6
88, 100, 25, 87, 61, 58, 92, 89, 89, 63, 100, 23, 47, 0, 0, 23, 9
50, 91, 100, 100, 90, 97, 62, 69, 100, 43, 99, 11, 51, 0, 0, 1, 5
14, 71, 40, 100, 49, 70, 27, 36, 0, 5, 25, 0, 66, 2, 100, 19, 2
61, 100, 1, 74, 0, 47, 100, 48, 95, 73, 64, 76, 54, 36, 52, 0, 4
100, 100, 62, 87, 34, 64, 13, 37, 0, 9, 29, 0, 40, 25, 1, 22, 6
0, 88, 37, 100, 79, 94, 92, 73, 90, 52, 100, 31, 93, 10, 54, 0, 3
30, 100, 10, 85, 0, 66, 0, 48, 27, 34, 65, 28, 96, 18, 100, 0, 4
42, 100, 12, 74, 0, 45, 65, 51, 100, 76, 85, 55, 62, 27, 37, 0, 4
24, 96, 91, 100, 100, 95, 32, 92, 25, 62, 87, 51, 62, 0, 0, 6, 5
100, 100, 55, 85, 15, 56, 8, 21, 56, 0, 99, 24, 53, 45, 0, 26, 6
0, 87, 56, 98, 100, 100, 84, 80, 67, 60, 56, 40, 51, 20, 44, 0, 1
41, 100, 0, 75, 11, 49, 96, 50, 100, 56, 52, 70, 54, 35, 57, 0, 4
0, 90, 41, 100, 69, 86, 59, 64, 45, 43, 33, 22, 49, 3, 100, 0, 2
13, 58, 40, 100, 49, 97, 46, 45, 25, 3, 0, 1, 50, 1, 100, 0, 1
35, 100, 0, 73, 11, 42, 76, 37, 100, 67, 82, 61, 54, 30, 27, 0, 4
100, 71, 72, 100, 34, 78, 84, 71, 98, 71, 91, 29, 48, 2, 0, 0, 9
0, 69, 24, 100, 61, 94, 38, 37, 34, 0, 38, 4, 76, 2, 100, 7, 2
0, 53, 39, 81, 46, 100, 48, 66, 47, 31, 24, 0, 36, 5, 100, 7, 1
20, 62, 39, 98, 44, 100, 37, 62, 41, 24, 0, 0, 30, 0, 100, 0, 1
100, 100, 58, 94, 21, 66, 5, 35, 17, 4, 74, 0, 62, 29, 0, 37, 6
8, 66, 26, 100, 38, 89, 37, 48, 28, 9, 0, 0, 49, 5, 100, 7, 1
0, 97, 31, 100, 51, 70, 53, 34, 42, 0, 28, 21, 61, 37, 100, 44, 7
10, 94, 84, 100, 37, 97, 21, 67, 63, 60, 100, 32, 60, 0, 0, 18, 5
7, 79, 40, 100, 47, 66, 34, 30, 6, 0, 0, 8, 49, 9, 100, 9, 2
0, 91, 36, 100, 66, 79, 73, 39, 63, 0, 39, 19, 61, 33, 100, 33, 7
20, 56, 34, 14, 70, 0, 100, 26, 94, 70, 65, 100, 27, 95, 0, 64, 0
1, 80, 0, 73, 22, 99, 71, 100, 100, 98, 83, 65, 67, 32, 55, 0, 7
76, 66, 82, 100, 0, 88, 49, 53, 97, 15, 32, 0, 38, 39, 100, 72, 8
11, 100, 0, 48, 17, 0, 68, 4, 100, 46, 89, 94, 40, 92, 13, 50, 0
16, 70, 39, 75, 80, 100, 62, 68, 53, 36, 50, 6, 0, 0, 100, 3, 1
44, 100, 15, 79, 0, 47, 68, 42, 100, 71, 82, 60, 52, 30, 25, 0, 4
64, 70, 100, 100, 53, 89, 81, 82, 96, 66, 99, 23, 54, 0, 0, 11, 9
14, 84, 43, 52, 44, 12, 0, 0, 19, 38, 59, 69, 100, 100, 57, 98, 8
100, 100, 61, 92, 96, 89, 88, 70, 89, 44, 88, 18, 49, 4, 0, 0, 9
0, 72, 32, 100, 45, 99, 42, 68, 39, 37, 20, 7, 26, 2, 100, 0, 1
35, 80, 0, 46, 6, 2, 57, 0, 95, 33, 100, 79, 59, 100, 30, 66, 0
4, 97, 0, 51, 18, 8, 68, 0, 100, 36, 91, 81, 44, 100, 11, 68, 0
100, 76, 52, 100, 0, 71, 53, 37, 64, 0, 37, 23, 75, 59, 88, 85, 8
74, 100, 49, 87, 26, 59, 20, 28, 29, 0, 100, 11, 86, 39, 0, 49, 6
11, 85, 0, 70, 26, 96, 92, 100, 100, 87, 81, 55, 65, 21, 60, 0, 7
8, 72, 0, 99, 47, 99, 100, 100, 77, 77, 53, 53, 35, 27, 31, 0, 7
28, 81, 59, 100, 72, 73, 43, 55, 96, 48, 100, 16, 50, 0, 0, 10, 3
0, 81, 51, 100, 96, 81, 89, 40, 67, 0, 37, 17, 41, 50, 100, 53, 7
0, 88, 24, 100, 40, 76, 24, 50, 4, 25, 23, 4, 62, 0, 100, 0, 2
38, 95, 87, 100, 82, 65, 53, 45, 100, 44, 93, 11, 38, 0, 0, 25, 3
0, 36, 32, 57, 65, 78, 100, 100, 83, 77, 60, 52, 40, 26, 21, 0, 1
0, 92, 27, 100, 77, 97, 70, 70, 37, 46, 12, 20, 49, 2, 100, 0, 2
35, 100, 4, 69, 5, 30, 42, 0, 92, 24, 100, 63, 60, 93, 0, 78, 0
28, 100, 24, 57, 49, 24, 31, 0, 0, 25, 24, 60, 59, 83, 100, 90, 5
31, 100, 47, 91, 12, 58, 0, 24, 74, 20, 100, 45, 78, 36, 65, 0, 4
100, 100, 68, 95, 33, 72, 7, 45, 0, 15, 38, 0, 55, 25, 11, 33, 6
27, 71, 17, 60, 0, 21, 35, 0, 77, 23, 100, 60, 88, 100, 44, 91, 0
100, 100, 59, 78, 23, 53, 1, 23, 27, 0, 77, 10, 54, 34, 0, 36, 6
76, 100, 44, 86, 11, 55, 0, 19, 46, 0, 100, 14, 59, 36, 13, 26, 6
44, 100, 13, 80, 0, 59, 49, 49, 100, 59, 69, 39, 38, 20, 18, 0, 4
100, 100, 77, 97, 45, 71, 17, 43, 0, 12, 32, 0, 62, 24, 24, 29, 6
88, 100, 39, 75, 9, 48, 0, 21, 55, 0, 100, 21, 76, 48, 0, 61, 6
7, 100, 15, 64, 28, 27, 0, 0, 7, 34, 67, 63, 100, 94, 20, 91, 8
15, 82, 55, 100, 94, 82, 67, 45, 28, 17, 0, 6, 51, 13, 100, 0, 2
0, 95, 68, 100, 84, 86, 70, 43, 67, 0, 32, 12, 38, 31, 100, 38, 7
100, 76, 70, 100, 0, 73, 64, 38, 73, 0, 17, 23, 83, 58, 79, 88, 8
0, 82, 49, 100, 98, 82, 91, 46, 73, 11, 46, 0, 38, 21, 100, 19, 7
39, 76, 61, 100, 57, 57, 33, 21, 0, 1, 27, 16, 64, 11, 100, 0, 2
100, 100, 71, 90, 50, 90, 39, 67, 70, 55, 59, 31, 31, 13, 0, 0, 5
0, 93, 24, 56, 49, 21, 80, 0, 100, 35, 83, 81, 52, 100, 23, 91, 0
49, 84, 100, 100, 83, 93, 30, 78, 57, 68, 87, 35, 53, 0, 0, 8, 5
38, 90, 88, 100, 100, 97, 47, 83, 11, 65, 62, 48, 45, 0, 0, 13, 5
40, 100, 6, 71, 0, 39, 62, 36, 100, 65, 94, 63, 66, 31, 38, 0, 4
19, 80, 34, 100, 53, 70, 33, 32, 0, 1, 1, 0, 51, 1, 100, 11, 2
83, 100, 14, 75, 0, 42, 97, 44, 100, 67, 64, 81, 60, 40, 58, 0, 4
19, 100, 10, 46, 29, 0, 75, 15, 100, 58, 65, 92, 19, 85, 0, 40, 0
0, 100, 57, 100, 96, 92, 81, 54, 70, 14, 54, 0, 45, 39, 100, 48, 7
23, 89, 0, 52, 11, 14, 60, 0, 96, 30, 100, 70, 63, 100, 11, 92, 0
62, 100, 29, 75, 0, 42, 68, 41, 100, 56, 71, 75, 62, 37, 61, 0, 4
50, 85, 100, 100, 96, 90, 67, 73, 46, 55, 21, 36, 0, 18, 0, 0, 1
65, 83, 24, 100, 18, 71, 79, 37, 78, 0, 0, 22, 44, 59, 100, 92, 8
62, 100, 26, 73, 0, 45, 80, 46, 100, 58, 73, 64, 63, 32, 63, 0, 4
76, 80, 80, 100, 19, 88, 74, 79, 100, 78, 98, 40, 55, 12, 0, 0, 9
37, 74, 74, 100, 88, 68, 62, 32, 22, 3, 0, 11, 49, 4, 100, 0, 2
2, 70, 23, 100, 50, 79, 32, 35, 0, 1, 10, 0, 54, 0, 100, 1, 2
41, 72, 44, 100, 84, 94, 72, 58, 41, 26, 0, 0, 41, 14, 100, 6, 2
13, 88, 0, 100, 49, 100, 89, 88, 100, 66, 94, 43, 79, 21, 60, 0, 9
24, 86, 0, 45, 17, 0, 66, 2, 100, 35, 88, 82, 44, 100, 2, 78, 0
86, 92, 30, 100, 1, 69, 0, 30, 32, 0, 85, 15, 100, 51, 86, 89, 0
0, 67, 41, 40, 48, 0, 9, 0, 40, 38, 83, 72, 100, 100, 35, 79, 8
100, 75, 55, 100, 20, 72, 65, 60, 84, 65, 98, 21, 53, 0, 0, 2, 9
14, 40, 19, 0, 58, 11, 85, 42, 100, 81, 70, 100, 30, 86, 0, 59, 0
49, 80, 88, 75, 65, 100, 55, 85, 99, 62, 100, 28, 56, 6, 0, 0, 9
100, 100, 69, 94, 28, 66, 0, 33, 7, 0, 72, 3, 79, 32, 11, 33, 6
84, 94, 39, 100, 28, 61, 88, 66, 100, 92, 91, 46, 60, 7, 0, 0, 9
86, 70, 70, 100, 28, 79, 42, 39, 30, 0, 0, 16, 41, 46, 100, 62, 8
72, 100, 66, 68, 93, 98, 44, 83, 90, 74, 100, 30, 60, 0, 0, 9, 9
65, 100, 4, 79, 73, 52, 100, 17, 31, 0, 0, 35, 49, 68, 69, 97, 8
87, 100, 43, 83, 13, 55, 0, 23, 30, 0, 80, 5, 100, 28, 50, 29, 6
66, 96, 66, 77, 71, 32, 33, 0, 0, 31, 49, 64, 100, 96, 48, 100, 8
0, 62, 33, 90, 46, 100, 48, 64, 55, 27, 30, 5, 44, 0, 100, 5, 1
19, 79, 53, 100, 91, 92, 83, 65, 93, 45, 100, 22, 54, 6, 0, 0, 3
49, 79, 58, 100, 91, 85, 80, 58, 100, 44, 85, 20, 44, 7, 0, 0, 3
32, 100, 0, 80, 6, 56, 100, 56, 57, 88, 47, 84, 55, 38, 60, 0, 4
30, 83, 69, 100, 66, 65, 38, 35, 0, 12, 4, 7, 52, 8, 100, 0, 2
76, 99, 17, 100, 22, 77, 78, 86, 100, 73, 95, 36, 56, 10, 0, 0, 9
93, 81, 43, 100, 22, 69, 63, 36, 60, 0, 0, 2, 33, 31, 100, 47, 8
84, 61, 100, 100, 43, 96, 33, 49, 34, 0, 0, 9, 31, 50, 90, 69, 8
11, 100, 0, 60, 1, 19, 45, 0, 89, 26, 100, 65, 65, 95, 13, 82, 0
30, 100, 9, 74, 0, 47, 50, 36, 100, 56, 94, 52, 70, 26, 62, 0, 4
59, 100, 5, 95, 38, 72, 62, 89, 73, 56, 100, 22, 60, 1, 0, 0, 9
100, 99, 68, 100, 32, 67, 8, 31, 24, 0, 69, 21, 34, 46, 0, 22, 6
100, 97, 80, 100, 46, 99, 36, 73, 62, 63, 53, 42, 26, 21, 0, 0, 5
63, 86, 32, 66, 58, 32, 30, 0, 5, 19, 0, 57, 41, 84, 100, 100, 5
12, 71, 0, 26, 48, 0, 97, 36, 100, 82, 42, 100, 4, 60, 5, 15, 0
30, 81, 2, 67, 0, 25, 33, 0, 74, 26, 100, 63, 88, 100, 37, 89, 0
100, 78, 52, 100, 17, 76, 86, 39, 72, 0, 0, 25, 60, 64, 84, 92, 8
24, 78, 51, 100, 91, 89, 70, 63, 98, 43, 100, 17, 53, 0, 0, 10, 3
7, 95, 47, 100, 68, 69, 50, 34, 27, 0, 0, 19, 44, 31, 100, 35, 7
45, 100, 44, 81, 7, 51, 0, 31, 68, 35, 100, 52, 89, 34, 80, 0, 4
100, 100, 89, 85, 74, 71, 59, 57, 41, 43, 24, 29, 9, 14, 0, 0, 1
42, 76, 79, 100, 86, 89, 45, 64, 60, 42, 100, 20, 56, 0, 0, 2, 5
0, 88, 55, 100, 85, 79, 21, 55, 22, 48, 100, 39, 73, 13, 1, 0, 3
9, 98, 61, 100, 69, 65, 54, 30, 33, 0, 0, 32, 19, 37, 100, 43, 7
11, 90, 0, 41, 31, 0, 82, 0, 100, 46, 77, 92, 30, 100, 3, 58, 0
45, 84, 68, 100, 77, 73, 53, 45, 100, 35, 86, 11, 37, 0, 0, 16, 3
40, 81, 77, 100, 100, 86, 78, 59, 97, 36, 93, 10, 47, 0, 0, 10, 3
15, 65, 44, 92, 55, 100, 54, 62, 45, 25, 0, 0, 36, 1, 100, 5, 1
23, 90, 55, 100, 54, 66, 26, 40, 0, 31, 32, 19, 65, 2, 100, 0, 2
100, 100, 59, 85, 89, 80, 84, 60, 82, 36, 92, 13, 52, 1, 0, 0, 9
61, 80, 97, 90, 60, 100, 67, 80, 100, 58, 83, 24, 44, 4, 0, 0, 9
1, 83, 45, 100, 100, 93, 67, 66, 66, 50, 96, 23, 62, 0, 0, 5, 3
100, 72, 77, 100, 20, 74, 71, 56, 94, 81, 95, 39, 65, 0, 0, 0, 9
63, 88, 87, 80, 71, 100, 71, 78, 100, 61, 99, 21, 52, 0, 0, 12, 9
31, 69, 49, 100, 60, 70, 34, 36, 0, 13, 29, 21, 65, 0, 100, 16, 2
23, 71, 52, 100, 40, 91, 40, 57, 40, 24, 0, 0, 29, 4, 100, 4, 1
0, 71, 22, 100, 61, 91, 49, 54, 21, 22, 6, 0, 53, 8, 100, 7, 2
0, 15, 29, 40, 59, 68, 85, 97, 100, 100, 79, 67, 60, 34, 46, 0, 1
35, 70, 75, 47, 75, 10, 0, 0, 18, 36, 68, 68, 100, 100, 23, 79, 8
57, 100, 22, 72, 0, 31, 25, 0, 75, 13, 100, 50, 75, 87, 26, 85, 0
88, 99, 45, 82, 78, 75, 90, 100, 100, 68, 93, 36, 59, 9, 0, 0, 9
100, 92, 64, 100, 37, 77, 20, 50, 11, 21, 22, 0, 35, 26, 0, 40, 6
31, 88, 5, 50, 4, 8, 57, 0, 100, 30, 100, 71, 56, 100, 0, 92, 0
100, 74, 46, 65, 0, 78, 36, 100, 78, 88, 80, 58, 78, 28, 88, 0, 9
100, 81, 83, 96, 26, 100, 0, 88, 16, 54, 69, 40, 87, 6, 34, 0, 5
34, 100, 9, 68, 61, 65, 67, 24, 0, 0, 3, 45, 20, 92, 100, 99, 5
100, 97, 40, 100, 0, 65, 35, 27, 39, 0, 40, 38, 87, 73, 87, 100, 8
76, 70, 32, 100, 10, 71, 85, 41, 100, 4, 4, 0, 0, 39, 54, 73, 8
55, 89, 32, 100, 5, 65, 0, 28, 43, 0, 100, 19, 51, 31, 16, 0, 6
100, 95, 38, 99, 35, 65, 70, 29, 32, 0, 0, 27, 36, 64, 65, 100, 8
55, 83, 100, 100, 93, 83, 82, 56, 84, 28, 71, 2, 0, 0, 73, 3, 1
0, 95, 37, 99, 77, 100, 100, 74, 98, 37, 95, 0, 70, 13, 77, 31, 7
0, 44, 15, 0, 62, 5, 95, 40, 100, 88, 60, 100, 27, 64, 11, 17, 0
26, 87, 64, 100, 66, 57, 39, 21, 0, 0, 15, 29, 57, 21, 100, 21, 2
39, 94, 100, 100, 99, 98, 36, 92, 50, 69, 93, 39, 61, 7, 0, 0, 5
19, 71, 55, 100, 100, 99, 73, 66, 55, 44, 97, 22, 55, 0, 0, 4, 3
21, 87, 61, 100, 71, 66, 38, 36, 0, 12, 15, 1, 60, 1, 100, 0, 2
0, 66, 1, 64, 26, 53, 63, 26, 12, 0, 12, 52, 33, 91, 100, 100, 5
0, 81, 54, 58, 100, 82, 33, 100, 37, 81, 82, 55, 72, 20, 12, 0, 9
21, 100, 25, 88, 0, 54, 20, 43, 85, 42, 100, 72, 91, 36, 82, 0, 4
100, 100, 58, 88, 24, 61, 1, 31, 14, 0, 67, 1, 48, 27, 0, 19, 6
29, 100, 0, 66, 11, 24, 52, 0, 98, 14, 100, 55, 61, 83, 11, 85, 0
39, 94, 0, 31, 42, 0, 100, 43, 95, 100, 30, 69, 49, 53, 30, 28, 0
17, 91, 63, 100, 66, 75, 56, 53, 100, 36, 94, 10, 40, 0, 0, 9, 3
0, 0, 39, 12, 76, 32, 96, 58, 97, 84, 59, 100, 53, 77, 100, 63, 9
43, 100, 13, 73, 54, 39, 39, 0, 0, 7, 13, 61, 46, 100, 100, 100, 5
0, 95, 48, 100, 89, 80, 78, 38, 51, 0, 27, 21, 51, 39, 100, 31, 7
17, 71, 38, 100, 90, 85, 68, 51, 66, 44, 100, 15, 53, 0, 0, 18, 3
45, 77, 74, 100, 100, 87, 74, 58, 81, 40, 74, 6, 37, 0, 0, 11, 3
21, 94, 44, 73, 100, 100, 13, 100, 16, 80, 61, 66, 23, 33, 0, 0, 9
97, 82, 62, 100, 13, 69, 63, 59, 100, 88, 96, 41, 64, 1, 0, 0, 9
0, 88, 37, 100, 78, 81, 76, 41, 78, 0, 31, 17, 47, 37, 100, 43, 7
29, 66, 53, 100, 92, 91, 81, 52, 50, 18, 0, 0, 42, 6, 100, 6, 2
0, 100, 47, 86, 100, 79, 68, 52, 42, 23, 30, 0, 66, 25, 82, 40, 7
80, 80, 31, 75, 43, 100, 75, 75, 89, 39, 100, 4, 53, 0, 0, 3, 9
0, 51, 51, 75, 90, 100, 56, 92, 46, 66, 51, 40, 77, 15, 100, 0, 1
100, 100, 57, 78, 29, 51, 22, 19, 61, 0, 97, 21, 57, 40, 0, 35, 6
2, 78, 35, 98, 100, 100, 84, 65, 54, 32, 20, 0, 0, 29, 60, 33, 7
100, 100, 33, 95, 0, 60, 47, 28, 48, 0, 5, 21, 40, 59, 87, 92, 8
37, 89, 73, 100, 58, 72, 81, 59, 100, 29, 75, 2, 30, 0, 0, 23, 3
31, 92, 5, 50, 59, 42, 43, 0, 1, 3, 0, 63, 45, 92, 100, 100, 5
13, 76, 0, 33, 40, 0, 92, 20, 100, 67, 63, 100, 18, 68, 29, 24, 0
0, 100, 75, 94, 72, 59, 56, 22, 45, 0, 8, 32, 20, 43, 100, 41, 7
61, 88, 100, 100, 96, 81, 75, 60, 80, 36, 81, 13, 44, 0, 0, 1, 3
22, 73, 0, 49, 15, 0, 74, 10, 100, 56, 68, 100, 14, 87, 1, 36, 0
100, 100, 59, 90, 29, 62, 4, 31, 15, 0, 64, 10, 52, 37, 0, 29, 6
100, 91, 71, 100, 38, 83, 78, 87, 88, 70, 64, 42, 35, 18, 0, 0, 9
0, 68, 8, 100, 33, 90, 37, 50, 25, 11, 45, 0, 72, 6, 100, 13, 2
0, 95, 46, 100, 87, 84, 78, 44, 63, 6, 42, 0, 41, 37, 100, 44, 7
0, 84, 48, 100, 83, 77, 80, 38, 75, 0, 37, 12, 46, 34, 100, 44, 7
66, 94, 0, 92, 38, 48, 90, 5, 11, 0, 36, 45, 100, 84, 18, 100, 8
0, 100, 27, 100, 64, 99, 100, 96, 78, 73, 50, 47, 33, 13, 36, 0, 7
58, 100, 18, 84, 0, 41, 11, 0, 58, 0, 100, 20, 96, 61, 64, 96, 0
59, 100, 20, 79, 0, 50, 2, 20, 43, 0, 100, 7, 69, 22, 12, 12, 6
100, 100, 72, 92, 35, 64, 5, 33, 0, 0, 53, 3, 79, 28, 24, 36, 6
0, 50, 42, 71, 81, 95, 100, 100, 74, 75, 52, 50, 39, 25, 39, 0, 1
31, 96, 0, 55, 57, 54, 64, 6, 20, 0, 22, 61, 39, 99, 100, 100, 5
40, 82, 0, 48, 8, 0, 65, 5, 100, 45, 99, 93, 45, 100, 5, 64, 0
83, 96, 20, 81, 67, 41, 54, 0, 0, 27, 65, 62, 100, 100, 15, 93, 8
13, 100, 17, 79, 0, 52, 56, 55, 100, 65, 93, 53, 77, 27, 73, 0, 4
38, 100, 0, 76, 0, 47, 77, 47, 100, 71, 79, 64, 64, 32, 56, 0, 4
26, 75, 59, 41, 65, 3, 0, 0, 14, 36, 63, 66, 100, 100, 36, 90, 8
0, 60, 37, 78, 79, 96, 100, 100, 79, 75, 59, 50, 40, 25, 22, 0, 1
73, 100, 23, 83, 3, 53, 0, 22, 42, 0, 100, 14, 53, 32, 9, 13, 6
0, 45, 35, 66, 74, 90, 100, 100, 78, 75, 52, 50, 30, 25, 24, 0, 1
92, 88, 69, 100, 60, 61, 100, 82, 97, 73, 70, 34, 38, 0, 0, 0, 9
54, 75, 36, 100, 78, 94, 62, 55, 25, 26, 0, 11, 49, 4, 100, 0, 2
13, 95, 62, 100, 72, 61, 58, 19, 37, 0, 0, 31, 47, 37, 100, 35, 7
40, 80, 61, 100, 77, 76, 65, 54, 100, 40, 86, 13, 46, 0, 0, 1, 3
99, 100, 51, 99, 56, 77, 100, 90, 96, 67, 78, 38, 45, 14, 0, 0, 9
87, 100, 36, 71, 85, 35, 52, 0, 0, 13, 51, 49, 100, 85, 44, 97, 8
33, 100, 16, 84, 0, 62, 24, 41, 100, 48, 98, 46, 91, 23, 96, 0, 4
45, 84, 73, 100, 100, 98, 82, 72, 69, 43, 61, 14, 31, 0, 0, 2, 3
0, 85, 41, 100, 62, 73, 57, 36, 49, 0, 27, 20, 53, 32, 100, 35, 7
100, 100, 54, 83, 23, 56, 5, 24, 32, 0, 77, 11, 46, 34, 0, 28, 6
0, 92, 35, 100, 82, 80, 75, 40, 67, 0, 41, 8, 42, 33, 100, 34, 7
31, 96, 18, 51, 27, 100, 26, 67, 40, 17, 0, 0, 44, 6, 100, 7, 1
35, 96, 12, 50, 51, 38, 52, 0, 0, 2, 10, 53, 37, 95, 100, 100, 5
40, 81, 69, 100, 97, 80, 66, 55, 100, 41, 100, 15, 53, 0, 0, 0, 3
64, 77, 86, 100, 100, 79, 83, 54, 79, 28, 90, 5, 36, 0, 0, 1, 3
41, 80, 60, 100, 100, 97, 98, 73, 94, 48, 75, 26, 42, 9, 0, 0, 3
60, 100, 0, 73, 11, 49, 100, 53, 88, 76, 64, 83, 59, 41, 58, 0, 4
15, 62, 56, 100, 100, 88, 74, 43, 41, 0, 88, 8, 65, 50, 0, 60, 8
85, 76, 67, 68, 16, 78, 59, 100, 100, 85, 79, 53, 41, 26, 0, 0, 9
0, 62, 33, 81, 70, 99, 100, 100, 85, 75, 67, 50, 51, 25, 37, 0, 1
0, 55, 20, 68, 65, 88, 100, 100, 76, 75, 51, 50, 28, 25, 11, 0, 1
96, 36, 83, 81, 42, 100, 9, 65, 0, 20, 42, 0, 88, 20, 100, 62, 0
12, 64, 57, 46, 46, 0, 0, 3, 44, 41, 100, 74, 90, 100, 25, 79, 8
0, 82, 33, 100, 77, 89, 87, 57, 72, 25, 53, 0, 51, 27, 100, 24, 7
11, 72, 45, 100, 100, 98, 90, 60, 49, 31, 0, 10, 15, 2, 74, 0, 2
75, 69, 79, 100, 14, 88, 71, 70, 92, 84, 100, 36, 58, 0, 0, 9, 9
2, 59, 0, 86, 41, 100, 100, 100, 88, 79, 59, 55, 38, 28, 35, 0, 7
54, 89, 75, 100, 90, 75, 69, 48, 100, 30, 83, 8, 40, 0, 0, 8, 3
85, 83, 100, 76, 81, 100, 50, 67, 93, 69, 95, 21, 47, 0, 0, 23, 9
11, 99, 57, 100, 66, 54, 41, 8, 51, 0, 100, 29, 59, 41, 0, 51, 7
27, 70, 59, 100, 27, 66, 14, 26, 48, 0, 100, 19, 59, 40, 0, 30, 6
52, 89, 15, 63, 0, 21, 33, 0, 73, 16, 100, 54, 88, 96, 48, 100, 0
100, 81, 60, 100, 33, 68, 82, 62, 94, 80, 87, 36, 52, 0, 0, 2, 9
5, 96, 66, 100, 72, 65, 54, 24, 31, 0, 0, 38, 41, 53, 100, 51, 7
58, 100, 15, 81, 0, 34, 32, 0, 81, 6, 100, 49, 77, 92, 29, 94, 0
0, 81, 26, 100, 62, 100, 67, 74, 59, 50, 47, 24, 61, 3, 100, 0, 2
39, 76, 64, 100, 89, 81, 66, 50, 100, 34, 91, 6, 41, 0, 0, 18, 3
19, 100, 1, 79, 0, 57, 39, 46, 87, 51, 87, 41, 81, 19, 100, 0, 4
84, 100, 12, 80, 0, 59, 88, 62, 100, 92, 61, 79, 40, 40, 27, 0, 4
46, 100, 5, 73, 0, 41, 61, 41, 100, 57, 84, 69, 69, 35, 67, 0, 4
94, 95, 42, 100, 35, 71, 86, 84, 100, 66, 100, 25, 55, 2, 0, 0, 9
0, 89, 59, 100, 100, 74, 82, 35, 51, 0, 10, 18, 35, 42, 100, 48, 7
34, 87, 63, 100, 100, 93, 69, 64, 69, 37, 86, 13, 44, 0, 0, 0, 3
7, 70, 36, 100, 55, 98, 48, 61, 44, 24, 0, 0, 35, 6, 100, 5, 1
46, 73, 64, 100, 100, 89, 80, 57, 48, 26, 0, 0, 14, 14, 92, 11, 2
12, 77, 40, 100, 74, 85, 58, 55, 100, 40, 94, 14, 49, 2, 0, 0, 3
60, 100, 31, 87, 12, 70, 0, 53, 12, 36, 47, 26, 83, 16, 100, 0, 4
59, 65, 100, 98, 31, 100, 10, 64, 83, 67, 85, 52, 60, 13, 0, 0, 9
100, 100, 69, 79, 33, 59, 0, 38, 48, 34, 90, 47, 71, 24, 71, 0, 4
63, 100, 35, 79, 0, 55, 42, 39, 87, 48, 85, 51, 83, 20, 100, 0, 4
0, 63, 16, 90, 100, 100, 90, 73, 53, 40, 22, 6, 11, 0, 48, 18, 7
