@relation penbased-3
@attribute At1 integer [0, 100]
@attribute At2 integer [0, 100]
@attribute At3 integer [0, 100]
@attribute At4 integer [0, 100]
@attribute At5 integer [0, 100]
@attribute At6 integer [0, 100]
@attribute At7 integer [0, 100]
@attribute At8 integer [0, 100]
@attribute At9 integer [0, 100]
@attribute At10 integer [0, 100]
@attribute At11 integer [0, 100]
@attribute At12 integer [0, 100]
@attribute At13 integer [0, 100]
@attribute At14 integer [0, 100]
@attribute At15 integer [0, 100]
@attribute At16 integer [0, 100]
@attribute Class {0, 1, 2, 3, 4, 5, 6, 7, 8, 9}
@inputs At1, At2, At3, At4, At5, At6, At7, At8, At9, At10, At11, At12, At13, At14, At15, At16
@outputs Class
@data
0, 100, 7, 92, 5, 68, 19, 45, 86, 34, 100, 45, 74, 23, 67, 0, 4
0, 39, 2, 62, 11, 5, 63, 0, 100, 43, 89, 99, 36, 100, 0, 57, 0
0, 46, 49, 64, 78, 87, 100, 100, 91, 75, 85, 49, 75, 24, 89, 0, 1
10, 86, 34, 66, 68, 34, 34, 0, 4, 26, 0, 69, 34, 95, 100, 100, 5
11, 100, 0, 69, 15, 43, 87, 47, 100, 65, 74, 67, 71, 33, 66, 0, 4
46, 100, 10, 83, 34, 64, 100, 77, 71, 82, 49, 54, 22, 27, 0, 0, 4
40, 99, 51, 66, 79, 26, 39, 0, 0, 27, 8, 77, 46, 100, 100, 94, 5
30, 86, 67, 100, 77, 77, 53, 50, 78, 40, 100, 17, 56, 0, 0, 5, 3
64, 93, 0, 67, 97, 67, 89, 100, 14, 70, 100, 68, 96, 36, 28, 0, 9
60, 100, 20, 76, 0, 39, 10, 1, 69, 0, 100, 33, 56, 40, 15, 10, 6
1, 88, 0, 54, 59, 31, 36, 0, 11, 28, 4, 68, 28, 97, 100, 100, 5
0, 84, 50, 100, 72, 79, 37, 52, 51, 41, 100, 27, 62, 3, 3, 0, 3
0, 100, 61, 100, 100, 93, 63, 64, 36, 33, 14, 0, 9, 29, 47, 42, 7
0, 82, 75, 56, 100, 12, 22, 0, 22, 41, 92, 73, 84, 100, 2, 80, 8
35, 76, 0, 42, 11, 0, 65, 5, 100, 41, 97, 85, 49, 100, 9, 69, 0
8, 77, 47, 100, 100, 96, 71, 66, 100, 46, 99, 13, 46, 0, 0, 13, 3
0, 60, 38, 80, 80, 100, 100, 92, 80, 69, 65, 46, 55, 23, 55, 0, 1
40, 72, 16, 50, 96, 69, 70, 100, 0, 73, 65, 57, 100, 47, 94, 0, 9
33, 58, 19, 90, 78, 100, 91, 62, 51, 28, 0, 2, 37, 1, 100, 0, 2
73, 98, 35, 100, 0, 59, 0, 13, 71, 8, 100, 45, 29, 41, 9, 0, 6
100, 77, 92, 100, 49, 76, 18, 48, 0, 15, 38, 0, 75, 23, 29, 27, 6
14, 94, 4, 63, 43, 36, 36, 0, 10, 27, 0, 72, 47, 92, 100, 100, 5
0, 42, 34, 57, 64, 79, 95, 100, 100, 85, 81, 57, 62, 28, 45, 0, 1
88, 80, 12, 80, 100, 100, 100, 91, 65, 68, 29, 46, 6, 23, 0, 0, 1
26, 74, 19, 49, 64, 21, 20, 0, 1, 25, 0, 64, 45, 87, 100, 100, 5
0, 65, 43, 76, 93, 96, 100, 100, 71, 75, 48, 50, 26, 25, 5, 0, 1
21, 92, 85, 100, 90, 67, 67, 34, 49, 0, 0, 26, 27, 43, 100, 42, 7
27, 100, 0, 74, 40, 54, 100, 59, 84, 91, 57, 64, 43, 32, 33, 0, 4
58, 100, 0, 89, 44, 53, 100, 21, 63, 0, 62, 36, 87, 80, 25, 91, 8
0, 75, 29, 79, 71, 91, 100, 100, 82, 74, 68, 48, 57, 21, 58, 0, 1
69, 100, 31, 73, 39, 55, 89, 62, 100, 84, 63, 57, 31, 28, 0, 0, 4
0, 87, 55, 100, 100, 81, 74, 41, 49, 0, 20, 10, 32, 32, 99, 35, 7
52, 100, 29, 73, 0, 47, 19, 42, 69, 37, 100, 54, 90, 30, 88, 0, 4
0, 89, 47, 100, 89, 87, 74, 61, 45, 37, 15, 14, 43, 0, 100, 1, 2
100, 100, 68, 78, 37, 55, 13, 29, 11, 0, 51, 2, 41, 20, 0, 20, 6
62, 45, 95, 75, 69, 100, 4, 86, 0, 59, 74, 57, 100, 32, 94, 0, 9
56, 83, 28, 61, 90, 23, 24, 0, 22, 40, 100, 72, 72, 100, 0, 72, 8
70, 100, 46, 70, 12, 38, 0, 25, 52, 29, 100, 41, 96, 38, 90, 0, 4
10, 97, 2, 47, 24, 1, 74, 0, 100, 43, 82, 90, 33, 100, 0, 65, 0
36, 63, 0, 67, 53, 84, 100, 100, 83, 74, 66, 47, 53, 21, 51, 0, 1
22, 83, 62, 100, 92, 78, 51, 53, 55, 37, 100, 17, 55, 0, 0, 7, 3
86, 79, 47, 100, 18, 62, 65, 27, 66, 0, 0, 3, 46, 39, 100, 71, 8
38, 96, 49, 68, 74, 100, 24, 87, 91, 80, 100, 30, 54, 0, 0, 32, 9
86, 78, 48, 100, 14, 72, 19, 35, 2, 0, 0, 29, 49, 59, 100, 88, 8
40, 76, 62, 100, 62, 69, 34, 40, 0, 16, 12, 11, 57, 10, 100, 0, 2
17, 82, 56, 100, 100, 90, 64, 66, 85, 40, 94, 12, 48, 3, 0, 0, 3
63, 77, 30, 100, 0, 59, 12, 13, 67, 0, 100, 37, 88, 83, 34, 88, 0
0, 89, 10, 55, 51, 30, 48, 0, 18, 23, 20, 66, 49, 94, 100, 100, 5
84, 100, 37, 82, 7, 55, 0, 25, 35, 0, 100, 7, 85, 30, 23, 19, 6
23, 63, 31, 100, 64, 84, 54, 45, 28, 10, 0, 5, 50, 3, 100, 0, 2
31, 93, 12, 78, 71, 36, 31, 0, 21, 33, 100, 65, 69, 100, 0, 78, 8
29, 74, 97, 77, 100, 100, 0, 84, 2, 59, 100, 71, 44, 35, 7, 0, 9
0, 95, 50, 100, 100, 86, 90, 49, 66, 15, 49, 0, 23, 32, 76, 41, 7
44, 97, 9, 62, 0, 13, 41, 0, 82, 26, 100, 72, 63, 100, 17, 92, 0
80, 100, 31, 86, 63, 74, 100, 95, 83, 70, 81, 41, 56, 15, 0, 0, 9
45, 82, 39, 100, 82, 99, 64, 43, 25, 5, 0, 0, 50, 4, 100, 0, 2
20, 85, 0, 61, 18, 22, 50, 0, 86, 11, 100, 51, 79, 87, 45, 100, 0
29, 75, 29, 85, 100, 100, 85, 81, 59, 61, 38, 41, 15, 20, 0, 0, 1
100, 94, 54, 96, 9, 100, 0, 60, 43, 52, 72, 24, 41, 0, 13, 8, 5
0, 62, 21, 100, 27, 80, 26, 35, 4, 4, 12, 0, 55, 2, 100, 5, 1
0, 90, 47, 100, 65, 69, 48, 31, 37, 0, 14, 34, 49, 40, 100, 39, 7
0, 84, 46, 100, 96, 88, 94, 50, 83, 11, 62, 0, 45, 26, 100, 26, 7
8, 80, 40, 100, 61, 67, 38, 31, 0, 12, 21, 27, 61, 10, 100, 0, 2
35, 73, 77, 55, 100, 20, 39, 0, 37, 35, 79, 68, 86, 100, 0, 84, 8
27, 100, 34, 93, 0, 62, 25, 44, 100, 44, 91, 65, 68, 32, 51, 0, 4
57, 94, 39, 100, 11, 69, 0, 35, 23, 4, 97, 0, 100, 24, 41, 5, 6
8, 95, 8, 58, 61, 47, 54, 0, 20, 21, 0, 68, 37, 100, 100, 100, 5
19, 78, 29, 36, 13, 0, 8, 27, 58, 49, 100, 79, 55, 100, 0, 88, 8
100, 100, 61, 87, 70, 65, 93, 92, 89, 64, 74, 28, 41, 6, 0, 0, 9
55, 40, 100, 64, 92, 100, 48, 81, 45, 40, 55, 0, 0, 4, 11, 38, 8
22, 98, 71, 100, 100, 80, 59, 61, 99, 39, 95, 10, 47, 0, 0, 10, 3
57, 82, 65, 100, 100, 88, 89, 64, 79, 39, 75, 13, 39, 2, 0, 0, 3
0, 91, 34, 100, 65, 83, 43, 56, 12, 36, 25, 13, 63, 7, 100, 0, 2
25, 85, 59, 100, 86, 89, 86, 67, 100, 45, 88, 24, 49, 9, 0, 0, 3
42, 49, 34, 94, 81, 100, 85, 53, 48, 16, 0, 0, 45, 3, 100, 3, 2
1, 91, 11, 49, 72, 47, 53, 0, 13, 12, 0, 68, 36, 97, 100, 100, 5
29, 94, 90, 100, 43, 100, 8, 70, 56, 61, 100, 39, 61, 11, 0, 0, 5
19, 91, 22, 58, 50, 24, 25, 0, 4, 37, 0, 73, 44, 94, 100, 100, 5
66, 100, 25, 80, 4, 53, 0, 25, 26, 0, 94, 0, 100, 22, 45, 8, 6
0, 73, 30, 100, 68, 87, 56, 51, 25, 22, 2, 2, 51, 4, 100, 0, 2
50, 100, 5, 82, 71, 42, 91, 0, 7, 18, 78, 56, 100, 92, 0, 90, 8
43, 82, 85, 44, 100, 3, 17, 0, 0, 34, 62, 64, 90, 100, 7, 95, 8
0, 55, 53, 77, 100, 100, 87, 95, 87, 71, 87, 47, 87, 23, 80, 0, 1
37, 100, 48, 71, 0, 44, 63, 37, 100, 37, 89, 63, 80, 29, 74, 0, 4
21, 100, 0, 64, 2, 23, 40, 0, 86, 18, 100, 56, 75, 91, 30, 81, 0
60, 80, 12, 50, 3, 0, 57, 10, 97, 50, 100, 100, 46, 92, 0, 59, 0
71, 92, 48, 62, 100, 82, 59, 100, 87, 75, 87, 47, 55, 0, 0, 5, 9
4, 80, 50, 100, 100, 91, 71, 60, 46, 44, 89, 25, 51, 0, 0, 6, 3
18, 99, 6, 51, 22, 6, 69, 0, 100, 37, 90, 83, 44, 100, 0, 80, 0
71, 100, 29, 69, 0, 32, 24, 0, 76, 18, 100, 56, 85, 95, 31, 98, 0
42, 80, 19, 62, 51, 28, 13, 0, 0, 26, 11, 70, 46, 100, 100, 98, 5
69, 97, 0, 90, 24, 45, 81, 3, 0, 0, 46, 45, 100, 89, 20, 100, 8
13, 96, 56, 100, 56, 75, 30, 53, 0, 32, 3, 11, 51, 5, 100, 0, 2
33, 100, 13, 89, 0, 61, 49, 58, 100, 76, 63, 55, 37, 28, 20, 0, 4
100, 100, 60, 89, 26, 65, 3, 36, 0, 4, 43, 0, 51, 26, 12, 31, 6
93, 69, 100, 100, 44, 95, 12, 68, 68, 69, 80, 46, 50, 17, 0, 0, 9
52, 100, 19, 73, 0, 44, 6, 14, 58, 0, 100, 17, 60, 36, 19, 20, 6
56, 86, 100, 100, 64, 92, 18, 73, 48, 62, 81, 38, 50, 7, 0, 0, 5
19, 100, 0, 63, 3, 30, 63, 47, 100, 77, 91, 75, 77, 38, 68, 0, 4
0, 59, 9, 36, 43, 0, 91, 20, 100, 65, 65, 100, 15, 84, 10, 41, 0
60, 90, 26, 82, 49, 39, 35, 0, 0, 23, 56, 54, 100, 90, 37, 100, 8
38, 58, 85, 86, 85, 100, 70, 60, 59, 21, 0, 0, 23, 3, 100, 8, 1
0, 80, 33, 100, 65, 77, 63, 39, 58, 0, 35, 25, 55, 39, 100, 41, 7
68, 100, 42, 75, 0, 52, 44, 50, 100, 66, 86, 46, 51, 20, 41, 0, 4
18, 26, 43, 0, 77, 5, 100, 43, 88, 86, 55, 100, 21, 88, 0, 52, 0
100, 91, 67, 100, 27, 71, 0, 35, 17, 0, 68, 4, 58, 34, 23, 15, 6
0, 61, 35, 82, 90, 100, 100, 93, 69, 71, 44, 47, 23, 24, 8, 0, 1
100, 100, 63, 85, 83, 78, 93, 84, 90, 52, 77, 23, 45, 0, 0, 2, 9
88, 100, 53, 84, 77, 69, 100, 86, 88, 60, 73, 35, 43, 13, 0, 0, 9
0, 82, 38, 100, 74, 76, 49, 36, 15, 0, 6, 11, 35, 38, 100, 43, 7
70, 100, 49, 82, 26, 52, 19, 20, 62, 3, 100, 19, 43, 20, 0, 0, 6
5, 88, 50, 100, 76, 80, 44, 58, 73, 43, 100, 21, 59, 3, 0, 0, 3
69, 100, 22, 80, 0, 34, 31, 0, 80, 28, 100, 75, 56, 99, 7, 71, 0
86, 71, 100, 100, 58, 79, 24, 51, 0, 17, 28, 0, 43, 25, 2, 21, 6
40, 89, 0, 25, 46, 0, 100, 49, 70, 100, 44, 78, 95, 62, 34, 22, 0
55, 79, 82, 100, 98, 81, 69, 60, 100, 42, 85, 19, 45, 5, 0, 0, 3
4, 91, 47, 100, 100, 87, 68, 44, 45, 0, 25, 5, 0, 36, 76, 35, 7
20, 80, 61, 100, 68, 73, 38, 44, 0, 20, 16, 19, 58, 0, 100, 15, 2
100, 100, 12, 94, 0, 72, 85, 83, 94, 85, 81, 56, 65, 27, 62, 0, 9
2, 96, 53, 100, 100, 91, 67, 71, 55, 49, 79, 24, 46, 6, 0, 0, 3
0, 85, 43, 100, 68, 87, 50, 61, 92, 44, 100, 14, 55, 0, 8, 8, 3
5, 84, 38, 100, 53, 73, 32, 42, 0, 19, 29, 32, 69, 23, 100, 0, 2
0, 100, 73, 100, 100, 88, 71, 50, 60, 10, 46, 0, 20, 35, 97, 38, 7
0, 88, 52, 100, 68, 67, 50, 33, 23, 0, 9, 27, 30, 51, 100, 58, 7
44, 99, 0, 71, 48, 65, 73, 32, 12, 0, 5, 45, 19, 96, 100, 100, 5
59, 100, 34, 70, 0, 38, 33, 30, 100, 34, 95, 66, 73, 35, 53, 0, 4
17, 68, 27, 100, 68, 86, 54, 49, 21, 20, 0, 5, 50, 4, 100, 0, 2
11, 85, 0, 46, 12, 5, 53, 0, 88, 25, 100, 68, 73, 100, 34, 92, 0
36, 81, 36, 70, 80, 36, 52, 0, 0, 22, 29, 63, 35, 94, 100, 100, 5
0, 56, 34, 77, 69, 100, 100, 95, 84, 72, 62, 47, 41, 24, 25, 0, 1
31, 67, 40, 100, 81, 97, 69, 53, 39, 15, 0, 1, 49, 5, 100, 0, 2
100, 99, 81, 100, 43, 74, 13, 44, 0, 8, 44, 0, 60, 27, 13, 35, 6
0, 77, 30, 100, 74, 96, 56, 63, 75, 43, 100, 14, 59, 0, 13, 5, 3
21, 73, 8, 40, 36, 0, 77, 1, 100, 44, 82, 90, 41, 100, 0, 86, 0
0, 94, 69, 100, 97, 69, 72, 34, 49, 0, 90, 32, 100, 50, 19, 49, 7
0, 65, 51, 74, 87, 96, 100, 100, 78, 75, 54, 50, 32, 25, 12, 0, 1
64, 67, 95, 100, 83, 88, 73, 48, 53, 11, 0, 0, 42, 0, 100, 2, 1
0, 88, 52, 100, 100, 77, 75, 39, 44, 2, 17, 0, 15, 30, 87, 38, 7
15, 100, 0, 74, 20, 45, 82, 47, 100, 64, 84, 68, 77, 34, 73, 0, 4
57, 100, 51, 71, 10, 47, 0, 43, 54, 36, 100, 48, 85, 33, 71, 0, 4
0, 55, 39, 74, 76, 95, 100, 100, 87, 75, 72, 50, 61, 25, 57, 0, 1
46, 92, 45, 62, 38, 22, 0, 0, 9, 39, 57, 70, 100, 100, 27, 98, 8
30, 94, 0, 58, 4, 14, 52, 0, 94, 29, 100, 71, 60, 100, 10, 86, 0
46, 94, 100, 100, 64, 97, 17, 76, 22, 53, 70, 33, 56, 3, 0, 0, 5
81, 85, 10, 79, 42, 38, 56, 0, 0, 21, 45, 62, 100, 100, 29, 82, 8
12, 14, 56, 48, 100, 84, 53, 100, 32, 65, 80, 30, 62, 0, 0, 17, 8
29, 70, 56, 36, 43, 2, 3, 0, 0, 42, 13, 76, 56, 90, 100, 100, 5
28, 77, 62, 100, 100, 85, 67, 58, 96, 40, 92, 9, 41, 0, 0, 18, 3
100, 100, 47, 88, 18, 55, 16, 18, 57, 0, 95, 29, 51, 38, 0, 16, 6
100, 100, 68, 96, 37, 75, 14, 51, 0, 22, 21, 0, 54, 10, 15, 18, 6
51, 100, 33, 77, 0, 53, 11, 32, 77, 36, 100, 53, 76, 27, 60, 0, 4
23, 100, 0, 65, 5, 23, 52, 0, 100, 21, 95, 62, 53, 92, 12, 66, 0
52, 95, 100, 100, 70, 91, 26, 77, 26, 55, 64, 43, 43, 14, 0, 0, 5
36, 81, 69, 90, 100, 100, 80, 80, 60, 60, 41, 40, 20, 19, 0, 0, 1
64, 100, 100, 92, 94, 56, 72, 22, 72, 0, 91, 31, 52, 59, 0, 80, 8
33, 100, 16, 78, 0, 52, 18, 31, 58, 29, 98, 34, 100, 25, 100, 0, 4
11, 100, 7, 95, 0, 73, 11, 51, 71, 50, 100, 44, 85, 22, 78, 0, 4
34, 67, 98, 74, 100, 100, 32, 90, 0, 63, 69, 65, 85, 41, 64, 0, 9
62, 98, 22, 72, 0, 29, 28, 0, 77, 15, 100, 57, 86, 100, 37, 97, 0
38, 100, 27, 89, 8, 67, 0, 44, 40, 32, 100, 41, 83, 22, 81, 0, 4
32, 86, 0, 61, 10, 4, 57, 0, 100, 30, 97, 87, 50, 100, 4, 87, 0
67, 100, 18, 81, 44, 39, 35, 0, 0, 28, 53, 57, 100, 88, 42, 94, 8
35, 100, 0, 74, 1, 45, 68, 36, 100, 58, 88, 54, 79, 24, 72, 0, 4
33, 91, 79, 100, 100, 79, 79, 56, 41, 37, 0, 20, 37, 7, 93, 0, 2
0, 79, 38, 100, 100, 94, 93, 66, 55, 41, 9, 19, 18, 0, 89, 2, 2
17, 100, 5, 71, 0, 40, 60, 39, 100, 58, 85, 61, 77, 29, 69, 0, 4
0, 85, 30, 100, 48, 73, 33, 40, 9, 13, 24, 0, 65, 4, 100, 10, 2
100, 84, 55, 99, 4, 72, 49, 33, 43, 0, 0, 28, 41, 69, 97, 100, 8
60, 100, 14, 67, 100, 55, 80, 98, 39, 56, 0, 13, 80, 0, 50, 45, 8
100, 100, 45, 85, 9, 58, 0, 23, 44, 0, 99, 11, 84, 40, 26, 47, 6
35, 97, 35, 61, 44, 19, 0, 0, 23, 38, 61, 68, 100, 99, 51, 100, 8
62, 76, 0, 82, 29, 100, 90, 98, 100, 74, 90, 49, 75, 25, 70, 0, 9
33, 65, 68, 100, 73, 89, 56, 40, 37, 0, 0, 8, 50, 5, 100, 6, 1
96, 66, 64, 100, 0, 88, 31, 54, 86, 72, 100, 42, 87, 0, 19, 3, 9
48, 62, 60, 100, 61, 56, 37, 19, 0, 0, 20, 13, 60, 8, 100, 1, 2
0, 89, 20, 97, 64, 100, 100, 90, 95, 66, 78, 44, 57, 22, 40, 0, 7
48, 97, 7, 76, 22, 35, 0, 0, 5, 31, 49, 65, 100, 95, 52, 100, 8
26, 88, 33, 56, 93, 36, 64, 0, 11, 10, 0, 55, 31, 88, 100, 100, 5
0, 89, 78, 100, 100, 82, 66, 45, 58, 5, 33, 0, 12, 26, 98, 36, 7
29, 100, 11, 85, 0, 65, 3, 45, 46, 39, 83, 39, 84, 19, 100, 0, 4
100, 100, 54, 92, 19, 67, 0, 35, 22, 6, 71, 0, 89, 25, 48, 46, 6
100, 99, 52, 79, 0, 70, 26, 100, 80, 100, 81, 65, 57, 32, 35, 0, 9
59, 100, 9, 86, 61, 44, 74, 0, 0, 1, 53, 39, 100, 82, 35, 88, 8
100, 99, 57, 100, 18, 79, 16, 45, 61, 52, 78, 22, 39, 0, 0, 7, 5
61, 91, 88, 100, 100, 81, 78, 61, 63, 38, 60, 14, 34, 0, 0, 1, 3
66, 91, 22, 73, 50, 27, 19, 0, 0, 33, 65, 60, 100, 96, 24, 100, 8
59, 100, 24, 68, 24, 19, 69, 0, 100, 42, 74, 85, 21, 63, 0, 19, 0
51, 94, 100, 100, 48, 91, 6, 66, 42, 50, 87, 28, 60, 5, 0, 0, 5
41, 100, 6, 89, 0, 57, 12, 25, 54, 4, 100, 24, 55, 25, 17, 0, 6
0, 39, 35, 58, 69, 76, 100, 100, 86, 88, 69, 60, 52, 30, 45, 0, 1
34, 74, 75, 100, 100, 69, 76, 27, 34, 0, 0, 10, 49, 15, 100, 5, 2
100, 100, 39, 84, 58, 51, 88, 20, 25, 0, 0, 24, 42, 54, 98, 81, 8
93, 73, 57, 100, 0, 81, 36, 55, 100, 71, 99, 43, 91, 6, 26, 0, 9
0, 100, 52, 98, 100, 88, 56, 59, 41, 19, 60, 0, 41, 30, 92, 36, 7
55, 85, 100, 100, 82, 94, 38, 74, 90, 65, 94, 36, 52, 13, 0, 0, 5
88, 81, 51, 100, 11, 79, 60, 69, 100, 69, 95, 24, 53, 0, 0, 1, 9
12, 66, 51, 92, 100, 100, 74, 70, 36, 42, 0, 15, 35, 0, 100, 9, 2
35, 100, 0, 80, 45, 41, 96, 3, 44, 0, 34, 38, 100, 67, 78, 93, 8
100, 100, 52, 79, 18, 54, 0, 25, 28, 0, 85, 9, 66, 34, 3, 39, 6
30, 100, 11, 73, 0, 44, 75, 44, 100, 63, 97, 61, 84, 30, 79, 0, 4
40, 100, 13, 69, 0, 30, 22, 0, 73, 19, 100, 53, 92, 91, 39, 95, 0
57, 100, 33, 94, 8, 59, 3, 22, 48, 0, 100, 15, 57, 32, 0, 19, 6
22, 67, 56, 87, 100, 100, 72, 80, 44, 60, 17, 40, 0, 19, 22, 0, 1
25, 81, 35, 52, 74, 23, 28, 0, 12, 35, 0, 71, 25, 96, 100, 100, 5
63, 100, 17, 67, 0, 29, 58, 24, 100, 35, 86, 88, 82, 53, 78, 0, 4
19, 100, 0, 71, 10, 43, 53, 34, 93, 43, 100, 55, 80, 27, 59, 0, 4
14, 76, 43, 100, 72, 79, 46, 45, 12, 15, 0, 0, 50, 4, 100, 7, 2
23, 72, 0, 35, 16, 0, 69, 8, 100, 40, 93, 78, 49, 100, 14, 75, 0
0, 51, 56, 74, 100, 100, 85, 91, 75, 63, 75, 36, 80, 8, 85, 0, 1
54, 88, 24, 76, 66, 51, 47, 2, 0, 0, 18, 48, 50, 92, 100, 100, 5
1, 99, 58, 100, 100, 91, 69, 61, 33, 30, 1, 0, 0, 33, 57, 36, 7
86, 100, 37, 91, 7, 60, 0, 27, 36, 0, 100, 5, 83, 31, 20, 25, 6
26, 25, 23, 41, 62, 71, 100, 100, 88, 93, 55, 62, 24, 31, 0, 0, 1
12, 78, 0, 31, 30, 0, 67, 1, 100, 27, 96, 76, 63, 100, 39, 73, 0
65, 100, 56, 100, 17, 67, 0, 31, 36, 0, 100, 6, 73, 38, 10, 55, 6
10, 55, 33, 86, 95, 100, 88, 70, 48, 43, 0, 18, 28, 0, 100, 2, 2
10, 60, 31, 100, 61, 82, 37, 36, 2, 0, 0, 0, 50, 2, 100, 3, 2
14, 78, 44, 100, 63, 79, 41, 52, 13, 29, 0, 2, 50, 0, 100, 8, 2
65, 100, 19, 69, 22, 53, 95, 56, 100, 72, 48, 94, 26, 46, 0, 0, 4
27, 84, 20, 51, 38, 11, 0, 0, 2, 47, 9, 93, 54, 100, 100, 99, 5
53, 91, 19, 73, 0, 30, 23, 0, 67, 14, 100, 46, 90, 86, 48, 100, 0
0, 92, 39, 100, 100, 99, 78, 65, 44, 32, 9, 0, 4, 24, 56, 34, 7
12, 75, 3, 59, 67, 25, 20, 0, 27, 36, 95, 68, 100, 100, 0, 95, 8
57, 91, 22, 70, 0, 24, 37, 0, 81, 21, 100, 67, 69, 100, 30, 73, 0
0, 78, 54, 100, 100, 81, 78, 43, 49, 8, 35, 0, 32, 38, 95, 49, 7
62, 100, 0, 57, 94, 71, 34, 93, 26, 47, 13, 0, 100, 37, 8, 39, 8
20, 100, 5, 78, 0, 55, 64, 63, 100, 83, 81, 55, 61, 25, 45, 0, 4
16, 85, 45, 100, 96, 93, 85, 66, 88, 40, 100, 15, 52, 4, 0, 0, 3
79, 100, 31, 77, 0, 51, 68, 43, 100, 68, 76, 53, 41, 27, 14, 0, 4
0, 96, 55, 100, 100, 84, 96, 52, 74, 21, 52, 0, 19, 27, 67, 39, 7
100, 81, 58, 64, 29, 89, 74, 100, 87, 65, 91, 29, 63, 0, 0, 9, 9
0, 89, 21, 72, 62, 94, 11, 100, 57, 73, 100, 45, 74, 13, 9, 0, 9
44, 85, 76, 100, 79, 70, 54, 41, 23, 16, 0, 0, 50, 5, 100, 1, 2
52, 69, 82, 100, 75, 76, 61, 35, 47, 0, 0, 8, 50, 7, 100, 8, 1
0, 90, 45, 100, 85, 88, 57, 64, 69, 40, 100, 17, 67, 1, 17, 0, 3
37, 98, 2, 64, 48, 38, 17, 0, 0, 26, 2, 72, 38, 99, 100, 100, 5
12, 100, 0, 75, 11, 44, 98, 39, 100, 56, 68, 68, 58, 32, 60, 0, 4
0, 97, 41, 100, 78, 89, 53, 46, 35, 0, 14, 31, 47, 47, 100, 54, 7
6, 82, 49, 100, 100, 89, 70, 63, 30, 40, 85, 26, 60, 4, 0, 0, 3
88, 95, 43, 99, 8, 65, 0, 23, 40, 0, 88, 21, 100, 61, 79, 100, 0
46, 94, 16, 98, 0, 48, 30, 1, 87, 0, 100, 51, 80, 100, 27, 85, 0
85, 90, 10, 65, 100, 69, 34, 100, 53, 41, 0, 0, 92, 5, 35, 48, 8
21, 77, 54, 100, 57, 70, 31, 37, 0, 11, 17, 3, 58, 1, 100, 0, 2
0, 80, 25, 100, 61, 89, 51, 57, 28, 28, 0, 2, 50, 0, 100, 1, 2
100, 100, 29, 88, 45, 52, 79, 16, 16, 0, 0, 33, 42, 68, 44, 98, 8
30, 87, 65, 100, 83, 80, 73, 61, 100, 39, 81, 14, 41, 0, 0, 4, 3
44, 73, 77, 100, 100, 68, 78, 28, 68, 0, 100, 33, 56, 51, 0, 53, 8
20, 91, 27, 61, 66, 35, 47, 0, 0, 21, 11, 66, 44, 95, 100, 100, 5
11, 85, 44, 59, 47, 21, 7, 0, 0, 38, 5, 75, 50, 92, 100, 100, 5
0, 100, 5, 86, 2, 66, 3, 45, 38, 34, 68, 39, 81, 19, 100, 0, 4
20, 100, 17, 60, 51, 27, 17, 0, 6, 40, 0, 82, 42, 96, 100, 96, 5
47, 82, 83, 100, 100, 67, 67, 33, 28, 0, 1, 14, 0, 41, 78, 35, 7
32, 53, 41, 90, 100, 100, 94, 60, 56, 25, 0, 0, 30, 9, 99, 11, 2
33, 83, 1, 71, 0, 13, 62, 0, 100, 48, 73, 100, 16, 77, 8, 20, 0
24, 93, 49, 100, 100, 90, 67, 63, 50, 35, 97, 17, 54, 0, 0, 6, 3
54, 98, 14, 71, 0, 23, 40, 0, 86, 22, 100, 69, 64, 100, 18, 86, 0
76, 100, 59, 66, 89, 23, 9, 0, 0, 31, 80, 62, 100, 96, 2, 86, 8
14, 100, 14, 87, 0, 59, 11, 35, 100, 40, 97, 54, 83, 27, 100, 0, 4
36, 70, 42, 100, 69, 70, 55, 32, 19, 3, 0, 8, 50, 9, 100, 0, 2
89, 90, 49, 100, 14, 73, 11, 41, 49, 17, 100, 28, 41, 24, 0, 0, 6
68, 77, 77, 100, 100, 87, 65, 66, 81, 44, 98, 21, 52, 7, 0, 0, 3
27, 100, 15, 67, 0, 29, 40, 17, 100, 17, 97, 39, 67, 37, 62, 0, 4
35, 100, 5, 67, 0, 26, 38, 0, 88, 14, 100, 53, 68, 87, 17, 84, 0
0, 48, 13, 65, 47, 83, 82, 100, 100, 94, 77, 63, 54, 33, 45, 0, 1
0, 94, 47, 97, 97, 100, 92, 56, 84, 13, 67, 0, 48, 19, 100, 23, 7
17, 60, 36, 95, 44, 100, 42, 59, 37, 18, 0, 0, 51, 1, 100, 5, 1
43, 39, 100, 73, 69, 100, 7, 70, 60, 36, 57, 0, 0, 16, 67, 48, 8
54, 100, 29, 71, 0, 41, 46, 42, 100, 46, 71, 67, 55, 36, 48, 0, 4
0, 82, 41, 100, 90, 88, 69, 59, 73, 48, 100, 19, 56, 0, 3, 5, 3
58, 85, 14, 54, 35, 2, 100, 58, 65, 100, 21, 48, 60, 64, 0, 0, 0
16, 90, 61, 100, 76, 63, 61, 26, 31, 0, 0, 32, 43, 30, 100, 38, 7
70, 100, 37, 79, 11, 56, 0, 32, 51, 19, 92, 36, 80, 23, 100, 0, 4
100, 94, 52, 77, 4, 77, 47, 100, 97, 88, 76, 55, 35, 28, 0, 0, 9
38, 81, 92, 100, 100, 66, 65, 33, 37, 0, 100, 20, 67, 51, 0, 72, 8
0, 100, 8, 74, 95, 80, 62, 96, 16, 78, 100, 64, 85, 28, 58, 0, 9
0, 72, 19, 100, 27, 60, 10, 21, 2, 1, 35, 0, 68, 1, 100, 8, 2
20, 75, 0, 45, 29, 11, 69, 0, 100, 26, 90, 73, 56, 100, 17, 94, 0
100, 96, 76, 100, 43, 78, 16, 53, 0, 23, 20, 0, 51, 18, 12, 25, 6
2, 71, 32, 61, 100, 44, 100, 0, 29, 5, 0, 50, 23, 89, 98, 100, 5
72, 85, 40, 100, 61, 68, 100, 90, 85, 87, 88, 54, 63, 16, 0, 0, 9
100, 100, 48, 89, 12, 65, 0, 38, 15, 12, 79, 0, 70, 26, 3, 23, 6
22, 85, 49, 100, 71, 77, 45, 51, 11, 30, 0, 11, 51, 7, 100, 0, 2
37, 100, 3, 86, 0, 51, 19, 22, 72, 21, 100, 47, 76, 33, 65, 0, 4
0, 29, 4, 45, 41, 71, 78, 96, 100, 100, 75, 67, 50, 33, 25, 0, 1
14, 76, 57, 100, 63, 55, 13, 72, 71, 86, 100, 37, 52, 0, 0, 21, 9
4, 90, 53, 100, 100, 91, 66, 68, 78, 39, 97, 9, 51, 0, 0, 4, 3
28, 100, 21, 67, 63, 34, 39, 0, 7, 29, 0, 68, 25, 95, 100, 96, 5
100, 100, 49, 97, 15, 65, 0, 28, 33, 0, 85, 17, 62, 39, 20, 12, 6
68, 76, 75, 100, 33, 82, 78, 74, 75, 55, 100, 23, 55, 4, 0, 0, 9
66, 100, 37, 93, 9, 62, 0, 30, 29, 0, 100, 1, 91, 23, 22, 13, 6
46, 78, 26, 54, 84, 100, 0, 75, 24, 42, 29, 0, 100, 44, 20, 39, 8
63, 100, 41, 63, 0, 36, 88, 40, 100, 63, 72, 78, 76, 39, 82, 0, 4
29, 100, 8, 62, 0, 20, 41, 0, 87, 19, 100, 59, 60, 86, 8, 89, 0
72, 100, 31, 77, 4, 50, 0, 21, 40, 0, 100, 5, 88, 28, 28, 36, 6
2, 90, 0, 63, 39, 52, 60, 6, 23, 0, 15, 64, 43, 99, 100, 100, 5
20, 92, 5, 100, 0, 76, 2, 52, 52, 33, 95, 47, 80, 23, 100, 0, 4
56, 71, 31, 100, 16, 66, 24, 23, 0, 0, 17, 34, 57, 57, 100, 76, 8
100, 100, 47, 82, 13, 57, 0, 31, 8, 6, 92, 0, 97, 20, 5, 27, 6
21, 99, 0, 60, 3, 17, 50, 0, 94, 25, 100, 68, 64, 100, 15, 90, 0
93, 77, 47, 100, 8, 68, 70, 33, 74, 0, 0, 20, 52, 57, 100, 92, 8
41, 82, 66, 100, 100, 78, 62, 51, 77, 43, 95, 13, 49, 0, 0, 8, 3
0, 70, 8, 100, 56, 91, 69, 50, 38, 15, 10, 10, 58, 0, 100, 15, 2
0, 100, 58, 94, 73, 68, 54, 34, 34, 0, 19, 1, 40, 21, 100, 19, 7
43, 84, 76, 100, 100, 78, 62, 55, 83, 43, 99, 14, 53, 0, 0, 7, 3
13, 78, 38, 100, 41, 68, 24, 36, 0, 10, 33, 3, 68, 0, 100, 3, 2
32, 63, 52, 100, 86, 69, 70, 24, 24, 0, 0, 4, 53, 2, 100, 1, 2
53, 98, 88, 100, 100, 80, 78, 60, 58, 40, 57, 17, 35, 0, 0, 3, 3
0, 66, 46, 79, 100, 100, 97, 91, 71, 68, 46, 46, 26, 23, 23, 0, 1
100, 81, 65, 97, 24, 100, 7, 64, 41, 57, 65, 25, 31, 0, 0, 5, 5
0, 80, 34, 100, 60, 80, 34, 53, 1, 29, 0, 4, 49, 0, 100, 1, 2
61, 100, 96, 98, 83, 49, 46, 14, 0, 0, 6, 29, 54, 27, 100, 8, 2
55, 95, 100, 100, 54, 91, 28, 55, 54, 53, 76, 30, 43, 0, 0, 1, 5
54, 97, 20, 73, 48, 34, 35, 0, 0, 22, 50, 50, 100, 78, 71, 100, 8
4, 93, 50, 100, 82, 79, 49, 50, 70, 45, 100, 19, 56, 0, 0, 10, 3
84, 100, 38, 77, 8, 50, 0, 22, 40, 0, 100, 9, 54, 25, 2, 13, 6
36, 93, 31, 55, 79, 100, 0, 73, 31, 53, 27, 0, 100, 37, 32, 46, 8
36, 100, 21, 66, 0, 31, 20, 24, 93, 22, 100, 45, 80, 35, 81, 0, 4
13, 92, 85, 100, 97, 71, 68, 35, 31, 0, 0, 12, 25, 34, 100, 30, 7
52, 79, 71, 100, 92, 78, 67, 52, 100, 35, 84, 9, 39, 0, 0, 8, 3
0, 59, 46, 76, 100, 100, 100, 100, 79, 76, 57, 50, 46, 24, 50, 0, 1
0, 89, 38, 100, 65, 85, 55, 60, 69, 37, 100, 18, 81, 0, 45, 1, 3
0, 95, 27, 100, 32, 63, 15, 31, 11, 10, 41, 7, 70, 3, 100, 0, 2
0, 96, 41, 100, 76, 87, 55, 44, 36, 0, 34, 16, 55, 42, 100, 47, 7
26, 94, 0, 80, 47, 41, 68, 0, 5, 9, 52, 46, 100, 84, 36, 100, 8
0, 94, 60, 100, 100, 79, 86, 44, 66, 10, 43, 0, 16, 32, 74, 43, 7
34, 100, 24, 70, 0, 41, 27, 26, 86, 27, 100, 51, 98, 31, 97, 0, 4
50, 80, 47, 100, 0, 81, 53, 68, 100, 72, 98, 31, 67, 0, 8, 2, 9
19, 100, 16, 55, 10, 96, 16, 48, 24, 2, 0, 0, 50, 11, 100, 16, 1
48, 88, 28, 58, 34, 9, 0, 0, 25, 42, 66, 77, 100, 100, 49, 78, 8
0, 39, 47, 63, 88, 87, 100, 100, 76, 75, 53, 50, 29, 25, 29, 0, 1
25, 83, 12, 54, 62, 29, 37, 0, 6, 20, 0, 62, 37, 92, 100, 100, 5
44, 100, 0, 79, 0, 49, 61, 40, 100, 64, 92, 61, 62, 31, 34, 0, 4
100, 100, 57, 97, 21, 66, 0, 32, 17, 0, 85, 3, 64, 23, 4, 3, 6
100, 100, 49, 92, 19, 64, 12, 31, 39, 3, 91, 0, 56, 22, 0, 24, 6
18, 60, 39, 100, 45, 82, 46, 32, 20, 0, 0, 1, 50, 4, 100, 11, 1
61, 91, 29, 100, 47, 74, 74, 85, 100, 51, 97, 12, 50, 0, 0, 11, 9
2, 79, 48, 100, 81, 75, 59, 33, 22, 0, 0, 3, 49, 13, 100, 6, 2
16, 87, 66, 100, 86, 81, 48, 57, 77, 46, 100, 21, 60, 0, 0, 2, 3
97, 73, 50, 79, 47, 100, 97, 90, 100, 64, 77, 39, 43, 17, 0, 0, 9
50, 96, 89, 100, 92, 71, 66, 48, 100, 29, 80, 4, 36, 0, 0, 10, 3
37, 100, 13, 66, 52, 35, 26, 0, 0, 18, 17, 65, 50, 96, 100, 86, 5
83, 100, 34, 79, 8, 52, 0, 23, 37, 0, 100, 12, 93, 38, 28, 33, 6
0, 62, 35, 70, 68, 85, 100, 100, 99, 80, 90, 53, 85, 27, 87, 0, 1
80, 81, 42, 77, 10, 46, 0, 2, 42, 0, 82, 19, 100, 60, 77, 100, 0
16, 100, 0, 72, 17, 48, 61, 46, 100, 48, 93, 58, 81, 29, 71, 0, 4
49, 100, 16, 79, 0, 49, 5, 18, 49, 0, 100, 4, 59, 24, 24, 19, 6
31, 100, 33, 69, 91, 89, 0, 93, 84, 84, 93, 57, 100, 16, 4, 0, 9
25, 88, 98, 100, 95, 66, 65, 33, 75, 0, 5, 22, 0, 37, 100, 39, 7
48, 100, 15, 75, 0, 38, 12, 3, 52, 0, 86, 24, 100, 60, 76, 91, 0
46, 100, 31, 95, 8, 69, 0, 41, 56, 39, 100, 50, 65, 26, 54, 0, 4
5, 82, 3, 100, 86, 90, 85, 64, 28, 42, 100, 24, 84, 2, 0, 0, 3
64, 53, 100, 79, 62, 100, 0, 84, 29, 68, 93, 57, 87, 28, 60, 0, 9
0, 43, 35, 61, 67, 81, 100, 100, 93, 75, 86, 50, 82, 25, 81, 0, 1
63, 100, 33, 73, 0, 46, 41, 42, 100, 44, 72, 65, 64, 32, 49, 0, 4
100, 100, 58, 89, 34, 55, 25, 18, 58, 0, 79, 32, 39, 48, 0, 27, 6
79, 78, 42, 100, 27, 66, 68, 30, 50, 0, 0, 22, 45, 54, 100, 82, 8
94, 100, 35, 94, 3, 58, 0, 21, 74, 14, 100, 43, 21, 34, 19, 0, 6
0, 91, 52, 100, 100, 85, 96, 48, 79, 12, 50, 0, 28, 25, 83, 22, 7
0, 63, 54, 77, 91, 99, 100, 100, 83, 75, 67, 50, 50, 25, 48, 0, 1
0, 54, 16, 68, 59, 83, 99, 100, 100, 90, 74, 62, 51, 32, 34, 0, 1
0, 88, 40, 100, 79, 86, 67, 44, 64, 0, 100, 15, 70, 32, 23, 37, 7
100, 82, 61, 100, 50, 68, 72, 31, 38, 0, 0, 16, 31, 49, 78, 76, 8
100, 93, 79, 92, 24, 100, 0, 67, 42, 44, 92, 28, 67, 0, 25, 2, 5
42, 59, 53, 100, 87, 81, 61, 41, 22, 12, 0, 1, 50, 1, 100, 0, 2
0, 57, 31, 69, 66, 85, 100, 100, 88, 75, 73, 50, 61, 23, 53, 0, 1
100, 100, 53, 93, 22, 60, 14, 21, 58, 0, 97, 26, 58, 54, 0, 50, 6
24, 85, 3, 50, 84, 52, 59, 5, 0, 0, 1, 52, 11, 94, 100, 100, 5
63, 91, 66, 100, 100, 87, 65, 60, 28, 35, 0, 7, 47, 0, 88, 0, 2
37, 90, 31, 68, 100, 85, 49, 100, 0, 81, 75, 67, 67, 33, 34, 0, 9
32, 85, 67, 55, 95, 10, 4, 0, 12, 40, 95, 71, 100, 100, 0, 87, 8
37, 93, 0, 65, 80, 80, 41, 100, 3, 65, 100, 80, 92, 39, 47, 0, 9
30, 92, 57, 71, 81, 97, 0, 100, 25, 77, 100, 69, 77, 26, 31, 0, 9
84, 78, 27, 54, 6, 82, 65, 100, 89, 65, 100, 28, 69, 0, 0, 10, 9
0, 90, 49, 100, 60, 67, 55, 32, 65, 0, 21, 28, 28, 48, 100, 53, 7
2, 82, 42, 100, 100, 97, 76, 73, 42, 53, 85, 33, 56, 8, 0, 0, 3
0, 94, 8, 99, 55, 100, 95, 89, 100, 65, 82, 41, 55, 20, 26, 0, 7
68, 100, 59, 72, 25, 44, 0, 33, 54, 32, 100, 35, 98, 35, 86, 0, 4
6, 88, 8, 57, 48, 28, 23, 0, 5, 32, 0, 73, 41, 97, 100, 100, 5
100, 79, 64, 100, 23, 81, 63, 69, 97, 74, 79, 38, 48, 7, 0, 0, 9
50, 100, 22, 84, 0, 54, 45, 34, 100, 41, 100, 64, 88, 32, 84, 0, 4
26, 93, 61, 100, 69, 74, 79, 55, 100, 32, 81, 8, 41, 0, 0, 4, 3
0, 100, 52, 100, 88, 81, 73, 45, 58, 8, 36, 0, 39, 21, 100, 19, 7
0, 80, 50, 100, 82, 72, 58, 34, 22, 0, 9, 7, 29, 38, 100, 44, 7
0, 58, 26, 62, 63, 85, 100, 100, 76, 75, 51, 51, 32, 25, 20, 0, 1
33, 100, 0, 84, 3, 54, 52, 41, 100, 46, 69, 59, 51, 30, 41, 0, 4
86, 100, 34, 98, 0, 62, 9, 22, 57, 0, 100, 25, 94, 66, 51, 94, 0
100, 80, 60, 62, 0, 48, 26, 79, 81, 100, 90, 67, 59, 32, 30, 0, 9
5, 73, 25, 99, 75, 100, 63, 70, 80, 40, 100, 9, 51, 0, 0, 4, 3
0, 100, 33, 100, 67, 99, 100, 94, 89, 68, 67, 44, 51, 17, 50, 0, 7
40, 81, 5, 60, 8, 2, 62, 0, 100, 44, 92, 99, 38, 100, 0, 55, 0
0, 97, 62, 100, 100, 81, 81, 48, 55, 17, 26, 0, 10, 27, 73, 33, 7
100, 95, 52, 99, 0, 100, 18, 68, 70, 65, 82, 28, 42, 0, 1, 7, 5
18, 68, 50, 54, 100, 19, 30, 0, 24, 35, 84, 68, 90, 100, 0, 84, 8
39, 84, 17, 56, 31, 11, 74, 0, 100, 38, 87, 81, 44, 100, 0, 87, 0
60, 100, 28, 88, 7, 59, 0, 28, 33, 2, 100, 0, 87, 15, 22, 4, 6
37, 100, 0, 81, 21, 53, 100, 56, 92, 89, 56, 64, 37, 32, 18, 0, 4
30, 90, 100, 100, 65, 93, 0, 76, 37, 61, 100, 42, 78, 12, 8, 0, 5
0, 45, 58, 67, 94, 91, 100, 100, 82, 75, 67, 50, 58, 25, 58, 0, 1
44, 72, 69, 100, 100, 86, 67, 61, 76, 49, 77, 13, 37, 0, 0, 19, 3
19, 97, 39, 96, 0, 49, 29, 35, 100, 48, 98, 100, 86, 52, 92, 0, 4
0, 97, 49, 100, 100, 95, 89, 60, 60, 28, 30, 0, 24, 36, 77, 39, 7
0, 41, 31, 62, 64, 81, 99, 100, 100, 77, 84, 50, 65, 24, 58, 0, 1
0, 90, 48, 100, 100, 95, 82, 64, 56, 32, 42, 0, 17, 24, 70, 26, 7
100, 99, 43, 100, 8, 68, 38, 32, 25, 0, 0, 30, 41, 63, 95, 86, 8
13, 74, 0, 44, 31, 0, 86, 4, 100, 55, 67, 100, 18, 84, 23, 30, 0
0, 77, 49, 100, 100, 74, 85, 37, 58, 0, 93, 13, 69, 48, 5, 74, 8
7, 72, 77, 75, 76, 100, 0, 81, 18, 61, 100, 74, 69, 40, 50, 0, 9
100, 85, 59, 98, 11, 100, 6, 59, 34, 48, 68, 23, 30, 0, 0, 10, 5
41, 94, 71, 72, 95, 33, 34, 0, 0, 27, 51, 63, 100, 100, 41, 94, 8
76, 81, 25, 100, 35, 64, 94, 31, 75, 0, 0, 22, 28, 58, 100, 88, 8
45, 92, 69, 100, 69, 70, 60, 44, 100, 28, 78, 4, 33, 0, 0, 15, 3
9, 100, 0, 80, 37, 67, 100, 72, 100, 85, 77, 57, 53, 28, 36, 0, 4
61, 100, 100, 84, 84, 62, 37, 53, 71, 39, 87, 15, 47, 0, 0, 4, 3
0, 20, 23, 43, 50, 65, 76, 87, 100, 100, 88, 66, 77, 34, 79, 0, 1
1, 97, 68, 98, 39, 100, 21, 63, 55, 50, 100, 25, 46, 0, 0, 19, 5
72, 100, 11, 75, 0, 44, 87, 50, 100, 68, 59, 96, 49, 48, 54, 0, 4
43, 89, 25, 59, 76, 31, 41, 0, 0, 21, 6, 65, 33, 100, 100, 99, 5
38, 71, 72, 36, 81, 0, 12, 11, 57, 45, 100, 80, 49, 100, 0, 70, 8
3, 100, 2, 84, 0, 53, 29, 32, 70, 45, 100, 61, 88, 30, 95, 0, 4
15, 77, 42, 100, 76, 87, 41, 62, 93, 56, 100, 29, 58, 7, 0, 0, 3
34, 90, 35, 62, 51, 24, 8, 0, 0, 40, 1, 82, 46, 100, 100, 99, 5
0, 93, 57, 100, 100, 84, 89, 45, 82, 5, 63, 0, 39, 26, 100, 35, 7
81, 99, 44, 100, 43, 78, 93, 94, 100, 62, 98, 24, 58, 0, 0, 5, 9
0, 92, 38, 100, 87, 93, 70, 71, 72, 47, 100, 22, 64, 3, 15, 0, 3
0, 82, 32, 75, 70, 88, 100, 100, 89, 75, 75, 50, 61, 25, 54, 0, 1
51, 63, 59, 100, 79, 70, 56, 31, 20, 0, 0, 6, 47, 24, 100, 19, 2
100, 100, 52, 87, 19, 61, 0, 30, 12, 0, 63, 4, 49, 24, 0, 14, 6
15, 94, 57, 100, 59, 66, 33, 35, 0, 8, 7, 0, 53, 2, 100, 1, 2
47, 73, 61, 100, 100, 83, 79, 52, 96, 38, 90, 6, 43, 0, 0, 17, 3
63, 81, 92, 100, 100, 70, 76, 38, 43, 10, 0, 0, 46, 4, 97, 7, 2
10, 91, 20, 59, 83, 56, 100, 13, 40, 0, 3, 42, 0, 82, 60, 100, 5
29, 100, 0, 61, 8, 14, 59, 0, 100, 33, 97, 80, 48, 91, 18, 53, 0
85, 100, 37, 79, 13, 47, 14, 14, 67, 0, 100, 26, 51, 40, 0, 21, 6
52, 100, 21, 67, 29, 14, 72, 0, 100, 40, 80, 88, 35, 97, 0, 65, 0
100, 100, 72, 88, 52, 60, 34, 31, 32, 0, 75, 4, 51, 25, 0, 24, 6
0, 88, 33, 100, 64, 87, 47, 56, 22, 31, 28, 6, 64, 1, 100, 0, 2
66, 96, 100, 100, 89, 95, 51, 89, 65, 52, 72, 15, 37, 0, 0, 1, 5
96, 84, 49, 76, 12, 91, 74, 100, 100, 75, 78, 47, 45, 21, 0, 0, 9
46, 66, 100, 82, 59, 100, 0, 80, 41, 64, 94, 56, 62, 27, 24, 0, 9
46, 100, 0, 75, 14, 57, 85, 57, 100, 82, 74, 63, 53, 31, 46, 0, 4
5, 100, 10, 71, 33, 71, 33, 80, 48, 37, 40, 0, 0, 4, 100, 6, 1
78, 80, 48, 100, 11, 66, 0, 27, 43, 0, 100, 19, 42, 36, 6, 18, 6
15, 92, 0, 94, 56, 98, 100, 100, 66, 79, 46, 53, 37, 27, 43, 0, 7
7, 64, 57, 80, 100, 100, 87, 85, 74, 59, 67, 34, 52, 9, 0, 0, 1
20, 88, 58, 100, 89, 79, 43, 57, 67, 49, 100, 25, 59, 2, 0, 0, 3
38, 75, 62, 100, 56, 76, 28, 50, 0, 24, 4, 0, 52, 1, 100, 6, 2
32, 100, 12, 93, 0, 46, 22, 4, 72, 0, 100, 38, 85, 82, 34, 92, 0
0, 66, 78, 89, 100, 100, 88, 75, 78, 51, 72, 26, 56, 3, 69, 0, 1
21, 66, 50, 100, 82, 73, 66, 32, 24, 7, 0, 21, 50, 12, 100, 0, 2
59, 77, 15, 63, 88, 31, 47, 0, 14, 26, 66, 62, 100, 100, 0, 99, 8
20, 100, 4, 86, 0, 66, 2, 46, 37, 29, 100, 38, 72, 20, 70, 0, 4
50, 74, 65, 100, 70, 62, 40, 25, 0, 0, 4, 3, 52, 5, 100, 8, 2
0, 69, 38, 86, 62, 100, 52, 53, 57, 5, 100, 3, 51, 3, 11, 0, 1
56, 91, 35, 57, 100, 97, 23, 100, 50, 58, 99, 88, 75, 32, 0, 0, 9
0, 55, 27, 75, 60, 93, 100, 100, 100, 74, 89, 50, 75, 25, 64, 0, 1
20, 82, 11, 97, 93, 100, 100, 76, 61, 52, 11, 30, 0, 7, 85, 0, 2
46, 100, 16, 86, 0, 42, 100, 52, 68, 79, 54, 98, 56, 49, 61, 0, 4
0, 100, 66, 99, 86, 79, 64, 40, 44, 0, 9, 20, 33, 44, 100, 47, 7
64, 100, 22, 69, 55, 35, 16, 0, 0, 16, 12, 63, 42, 97, 100, 96, 5
61, 100, 21, 76, 0, 44, 10, 10, 60, 0, 98, 23, 100, 58, 79, 90, 0
0, 39, 62, 67, 86, 100, 6, 87, 38, 54, 100, 26, 72, 0, 1, 17, 8
62, 100, 88, 96, 60, 74, 82, 56, 100, 31, 84, 5, 41, 0, 0, 11, 3
35, 77, 44, 100, 100, 99, 71, 69, 80, 39, 90, 7, 33, 0, 0, 24, 3
0, 66, 46, 84, 100, 100, 83, 80, 71, 60, 62, 40, 54, 20, 62, 0, 1
79, 100, 46, 82, 13, 52, 0, 18, 48, 0, 100, 18, 58, 37, 0, 27, 6
0, 100, 60, 97, 100, 73, 82, 36, 64, 0, 88, 15, 89, 38, 23, 40, 7
100, 88, 32, 100, 0, 64, 55, 31, 40, 0, 5, 30, 55, 66, 91, 98, 8
63, 93, 69, 100, 38, 67, 16, 31, 43, 4, 100, 22, 48, 25, 0, 0, 6
14, 87, 44, 65, 71, 100, 0, 87, 44, 69, 94, 72, 100, 23, 36, 0, 9
89, 100, 38, 85, 8, 54, 0, 20, 45, 0, 100, 12, 88, 40, 29, 39, 6
14, 84, 24, 100, 81, 89, 42, 65, 27, 47, 100, 37, 71, 12, 0, 0, 3
0, 96, 21, 97, 79, 100, 100, 98, 67, 76, 48, 50, 33, 23, 31, 0, 7
41, 75, 46, 100, 87, 86, 70, 53, 38, 25, 0, 19, 53, 18, 100, 0, 2
48, 86, 16, 51, 0, 11, 37, 0, 77, 29, 100, 66, 81, 100, 31, 92, 0
100, 98, 60, 100, 12, 99, 28, 64, 73, 58, 78, 21, 39, 0, 0, 3, 5
9, 81, 5, 24, 54, 0, 99, 38, 100, 94, 48, 100, 8, 56, 0, 4, 0
55, 100, 22, 77, 2, 47, 0, 16, 46, 0, 100, 10, 80, 30, 31, 16, 6
13, 72, 27, 98, 93, 100, 100, 75, 58, 54, 85, 37, 56, 14, 0, 0, 3
43, 84, 0, 77, 48, 37, 28, 0, 1, 25, 68, 57, 100, 97, 21, 100, 8
35, 94, 0, 66, 51, 54, 48, 13, 1, 0, 17, 47, 35, 94, 100, 100, 5
0, 86, 34, 100, 60, 86, 42, 60, 70, 43, 100, 26, 70, 8, 29, 0, 3
62, 95, 12, 76, 74, 39, 100, 0, 21, 6, 30, 57, 65, 100, 0, 66, 8
81, 100, 56, 78, 22, 54, 0, 30, 46, 14, 100, 27, 100, 25, 87, 0, 4
57, 60, 61, 61, 100, 100, 37, 99, 62, 78, 93, 52, 67, 2, 0, 0, 9
44, 97, 13, 100, 56, 87, 61, 95, 92, 58, 100, 14, 53, 0, 0, 4, 9
10, 100, 0, 76, 21, 48, 81, 52, 100, 73, 88, 65, 86, 32, 88, 0, 4
0, 0, 39, 9, 74, 28, 95, 52, 100, 79, 73, 100, 42, 85, 77, 67, 9
7, 48, 16, 2, 69, 0, 100, 38, 94, 84, 44, 100, 4, 67, 0, 22, 0
0, 83, 41, 100, 72, 81, 32, 55, 74, 48, 100, 19, 54, 0, 0, 15, 3
62, 100, 38, 71, 0, 46, 6, 41, 58, 33, 100, 52, 83, 34, 72, 0, 4
66, 82, 15, 81, 25, 36, 52, 0, 0, 12, 52, 55, 100, 100, 35, 76, 8
0, 55, 58, 77, 100, 100, 89, 97, 63, 73, 37, 49, 11, 24, 0, 0, 1
29, 100, 14, 81, 0, 50, 64, 44, 100, 62, 92, 64, 84, 32, 83, 0, 4
0, 94, 59, 100, 99, 76, 86, 37, 62, 0, 29, 14, 39, 35, 100, 35, 7
31, 100, 12, 65, 0, 26, 28, 0, 71, 22, 100, 55, 93, 92, 44, 89, 0
100, 100, 76, 77, 55, 54, 35, 29, 31, 2, 67, 0, 41, 18, 0, 22, 6
2, 86, 46, 100, 62, 74, 26, 48, 60, 44, 100, 23, 61, 0, 0, 8, 3
70, 91, 100, 100, 61, 86, 35, 60, 60, 50, 64, 21, 34, 0, 0, 15, 5
0, 67, 38, 84, 84, 100, 100, 95, 81, 71, 64, 48, 48, 23, 38, 0, 1
0, 53, 48, 77, 100, 100, 89, 83, 77, 58, 64, 33, 57, 8, 95, 0, 1
63, 88, 34, 100, 4, 70, 64, 66, 99, 68, 100, 29, 63, 0, 0, 7, 9
23, 94, 8, 59, 83, 45, 64, 0, 24, 2, 0, 48, 23, 92, 100, 100, 5
5, 100, 52, 100, 96, 79, 84, 38, 60, 0, 100, 13, 53, 34, 0, 49, 7
62, 57, 100, 81, 75, 100, 23, 85, 0, 58, 55, 50, 90, 32, 84, 0, 9
0, 81, 41, 100, 76, 81, 69, 40, 55, 0, 30, 16, 51, 31, 100, 32, 7
20, 100, 10, 69, 0, 38, 38, 23, 94, 30, 100, 60, 81, 30, 72, 0, 4
0, 94, 47, 100, 99, 92, 100, 60, 75, 30, 52, 0, 22, 28, 67, 39, 7
100, 100, 46, 88, 23, 59, 12, 30, 28, 0, 96, 6, 77, 31, 0, 25, 6
97, 94, 58, 100, 30, 76, 67, 58, 100, 35, 84, 4, 37, 0, 0, 15, 5
78, 100, 34, 79, 9, 52, 0, 24, 29, 0, 100, 7, 76, 23, 13, 9, 6
46, 89, 79, 100, 85, 73, 67, 61, 100, 40, 76, 12, 27, 0, 0, 22, 3
32, 84, 52, 43, 94, 72, 36, 100, 33, 80, 100, 56, 74, 15, 0, 0, 9
52, 100, 0, 36, 36, 0, 100, 52, 40, 73, 15, 45, 65, 60, 5, 2, 0
6, 100, 0, 68, 37, 50, 90, 51, 100, 89, 79, 84, 58, 43, 48, 0, 4
41, 100, 26, 100, 0, 75, 6, 47, 55, 41, 100, 49, 70, 25, 79, 0, 4
22, 76, 54, 100, 62, 58, 39, 20, 0, 0, 13, 24, 57, 27, 100, 23, 2
0, 100, 18, 93, 9, 56, 51, 32, 100, 53, 84, 74, 70, 37, 64, 0, 4
58, 54, 98, 85, 96, 100, 79, 64, 52, 27, 0, 0, 10, 3, 100, 5, 1
2, 55, 50, 76, 93, 100, 100, 98, 90, 70, 83, 42, 62, 14, 0, 0, 1
57, 100, 20, 77, 0, 49, 2, 19, 46, 0, 100, 13, 83, 38, 35, 26, 6
46, 48, 100, 74, 87, 100, 10, 86, 30, 68, 90, 58, 43, 29, 0, 0, 9
0, 57, 10, 60, 49, 80, 88, 100, 100, 90, 81, 61, 67, 30, 58, 0, 1
69, 100, 86, 68, 98, 98, 32, 81, 100, 77, 98, 51, 82, 6, 0, 0, 9
29, 100, 49, 61, 97, 83, 41, 95, 73, 51, 100, 39, 60, 0, 0, 18, 9
31, 87, 22, 49, 83, 100, 0, 74, 45, 67, 23, 0, 100, 37, 15, 38, 8
18, 73, 29, 100, 92, 98, 61, 71, 55, 49, 100, 24, 65, 0, 0, 2, 3
31, 100, 0, 64, 1, 16, 43, 0, 83, 25, 100, 71, 65, 98, 20, 84, 0
20, 67, 45, 100, 17, 73, 0, 38, 62, 24, 100, 42, 78, 32, 50, 0, 4
94, 72, 56, 72, 39, 95, 88, 100, 100, 73, 71, 46, 37, 22, 0, 0, 9
0, 55, 30, 67, 66, 82, 100, 100, 81, 82, 61, 56, 46, 28, 39, 0, 1
0, 94, 59, 100, 86, 75, 72, 37, 61, 0, 37, 10, 28, 33, 100, 35, 7
16, 96, 0, 59, 34, 22, 100, 30, 74, 77, 49, 100, 46, 50, 40, 0, 4
48, 89, 100, 100, 62, 92, 23, 66, 58, 55, 92, 36, 51, 13, 0, 0, 5
0, 60, 31, 75, 65, 88, 100, 100, 82, 75, 63, 51, 48, 25, 57, 0, 1
100, 100, 38, 87, 2, 62, 48, 51, 94, 28, 70, 0, 0, 4, 2, 28, 5
7, 67, 22, 100, 46, 70, 35, 32, 0, 5, 2, 0, 51, 5, 100, 9, 2
0, 75, 24, 100, 47, 75, 37, 41, 8, 15, 28, 26, 66, 20, 100, 0, 2
0, 96, 59, 100, 100, 74, 95, 36, 75, 0, 97, 7, 97, 28, 34, 30, 7
41, 78, 68, 100, 78, 83, 70, 57, 100, 34, 82, 5, 41, 0, 0, 9, 3
79, 70, 18, 71, 38, 100, 72, 80, 85, 48, 100, 16, 57, 0, 0, 15, 9
29, 100, 18, 97, 9, 62, 0, 31, 71, 35, 100, 54, 94, 35, 89, 0, 4
100, 96, 47, 92, 36, 58, 58, 20, 17, 0, 0, 33, 27, 69, 65, 100, 8
8, 97, 74, 100, 100, 79, 71, 40, 38, 3, 5, 0, 0, 28, 68, 31, 7
20, 89, 59, 100, 88, 75, 55, 50, 64, 31, 100, 8, 53, 0, 0, 2, 3
57, 90, 0, 88, 46, 52, 100, 19, 39, 0, 33, 37, 69, 75, 39, 100, 8
33, 74, 71, 100, 60, 71, 47, 30, 26, 0, 0, 3, 50, 2, 100, 4, 1
9, 88, 49, 100, 64, 76, 21, 56, 72, 46, 100, 21, 59, 2, 0, 0, 3
89, 75, 77, 100, 0, 83, 38, 56, 100, 81, 91, 50, 74, 12, 2, 0, 9
45, 100, 30, 79, 0, 47, 8, 41, 68, 38, 100, 52, 96, 35, 91, 0, 4
12, 82, 34, 45, 49, 0, 18, 2, 0, 48, 4, 89, 51, 100, 100, 99, 5
68, 93, 100, 100, 97, 76, 72, 57, 43, 38, 13, 21, 0, 1, 39, 0, 2
45, 100, 26, 70, 0, 34, 21, 26, 82, 25, 100, 59, 82, 41, 78, 0, 4
88, 77, 30, 96, 46, 48, 68, 0, 0, 2, 45, 46, 100, 88, 38, 100, 8
100, 100, 54, 80, 19, 56, 0, 31, 17, 7, 81, 0, 98, 20, 31, 17, 6
20, 84, 39, 45, 43, 9, 7, 0, 0, 47, 15, 91, 57, 100, 100, 88, 5
17, 94, 0, 57, 16, 10, 64, 0, 100, 32, 98, 80, 55, 100, 14, 73, 0
6, 97, 63, 100, 95, 79, 48, 60, 67, 52, 100, 28, 56, 8, 0, 0, 3
0, 82, 44, 100, 69, 81, 38, 54, 68, 46, 100, 20, 61, 0, 6, 6, 3
100, 100, 50, 79, 13, 52, 0, 20, 44, 0, 100, 13, 61, 28, 6, 17, 6
50, 65, 81, 100, 76, 77, 61, 31, 40, 0, 0, 11, 50, 10, 100, 13, 1
31, 93, 0, 56, 9, 10, 61, 0, 100, 32, 95, 79, 50, 100, 10, 68, 0
0, 98, 76, 100, 84, 77, 58, 39, 37, 0, 15, 17, 23, 43, 100, 43, 7
0, 80, 38, 100, 95, 95, 57, 71, 51, 51, 100, 31, 95, 2, 36, 0, 3
60, 100, 47, 71, 19, 38, 0, 32, 52, 34, 100, 43, 97, 37, 83, 0, 4
0, 57, 51, 68, 85, 92, 100, 100, 85, 73, 73, 46, 64, 18, 63, 0, 1
0, 95, 45, 100, 60, 64, 43, 20, 23, 0, 5, 39, 52, 40, 100, 36, 7
37, 75, 46, 100, 69, 80, 40, 44, 1, 15, 0, 16, 50, 7, 100, 0, 2
0, 85, 34, 100, 100, 94, 82, 45, 49, 0, 11, 3, 29, 31, 96, 31, 7
0, 71, 44, 85, 85, 100, 100, 96, 95, 71, 88, 46, 86, 21, 85, 0, 1
76, 100, 52, 60, 0, 27, 58, 27, 100, 55, 98, 85, 95, 42, 90, 0, 4
0, 54, 53, 76, 98, 100, 91, 94, 84, 68, 79, 42, 70, 16, 100, 0, 1
1, 80, 33, 100, 84, 93, 54, 64, 84, 44, 100, 15, 52, 0, 0, 1, 3
0, 73, 25, 100, 54, 99, 39, 65, 18, 35, 22, 7, 61, 5, 100, 0, 2
0, 96, 58, 100, 86, 86, 65, 44, 55, 0, 38, 11, 38, 39, 100, 42, 7
38, 77, 86, 97, 100, 100, 41, 92, 23, 56, 80, 44, 56, 12, 0, 0, 5
0, 81, 44, 100, 100, 86, 79, 45, 49, 5, 29, 0, 26, 34, 90, 32, 7
0, 56, 30, 73, 64, 87, 99, 100, 100, 79, 85, 52, 79, 23, 97, 0, 1
23, 73, 30, 100, 80, 93, 60, 61, 90, 44, 100, 10, 50, 0, 0, 15, 3
92, 78, 42, 100, 0, 70, 41, 36, 86, 2, 19, 0, 28, 34, 100, 63, 8
40, 97, 0, 60, 54, 41, 43, 0, 12, 13, 20, 60, 33, 99, 100, 100, 5
0, 44, 41, 62, 78, 85, 100, 100, 87, 75, 70, 50, 55, 25, 41, 0, 1
47, 100, 77, 100, 72, 55, 42, 19, 0, 0, 5, 12, 52, 7, 100, 0, 2
0, 100, 3, 84, 5, 60, 16, 37, 60, 35, 80, 45, 80, 21, 100, 0, 4
40, 79, 45, 55, 69, 19, 15, 0, 13, 36, 67, 68, 100, 100, 0, 99, 8
91, 70, 83, 100, 15, 98, 40, 70, 100, 72, 100, 37, 70, 7, 0, 0, 9
0, 98, 42, 100, 65, 64, 47, 23, 21, 0, 3, 40, 51, 46, 100, 49, 7
95, 100, 33, 81, 0, 42, 2, 0, 68, 5, 100, 45, 97, 86, 36, 73, 0
61, 85, 47, 100, 8, 70, 0, 34, 41, 7, 100, 11, 55, 24, 9, 0, 6
16, 90, 0, 57, 13, 12, 62, 0, 100, 30, 90, 76, 45, 100, 3, 77, 0
68, 92, 22, 71, 0, 27, 36, 0, 84, 22, 100, 66, 67, 100, 17, 83, 0
20, 62, 15, 17, 58, 0, 99, 20, 100, 65, 69, 100, 23, 98, 0, 60, 0
0, 85, 33, 100, 82, 80, 51, 56, 67, 45, 100, 17, 53, 0, 11, 20, 3
34, 100, 24, 84, 0, 51, 28, 36, 93, 35, 100, 66, 91, 32, 84, 0, 4
23, 75, 20, 52, 49, 17, 17, 0, 0, 43, 9, 78, 53, 92, 100, 100, 5
0, 62, 53, 80, 100, 100, 83, 91, 63, 68, 47, 46, 33, 22, 33, 0, 1
92, 90, 56, 100, 33, 66, 78, 66, 100, 69, 100, 31, 65, 0, 0, 2, 9
32, 81, 62, 100, 65, 76, 39, 52, 10, 28, 0, 2, 50, 0, 100, 3, 2
35, 95, 51, 60, 72, 15, 22, 0, 0, 36, 53, 66, 100, 99, 33, 100, 8
96, 100, 52, 84, 18, 49, 0, 13, 46, 0, 95, 28, 100, 66, 52, 95, 0
18, 95, 6, 63, 16, 11, 65, 0, 100, 40, 84, 90, 31, 100, 0, 57, 0
42, 81, 69, 100, 93, 85, 66, 60, 73, 41, 100, 20, 58, 0, 0, 4, 3
35, 91, 46, 100, 20, 65, 4, 29, 38, 0, 100, 20, 38, 37, 0, 8, 6
44, 80, 21, 68, 74, 38, 62, 0, 0, 5, 15, 51, 33, 90, 100, 100, 5
100, 100, 76, 96, 42, 68, 22, 37, 30, 5, 87, 0, 67, 25, 0, 18, 6
5, 80, 37, 100, 58, 73, 34, 37, 0, 8, 5, 0, 52, 2, 100, 7, 2
0, 86, 48, 100, 92, 75, 84, 22, 46, 0, 2, 29, 49, 49, 100, 62, 7
2, 63, 0, 92, 39, 96, 83, 100, 100, 87, 81, 59, 68, 30, 60, 0, 7
100, 100, 60, 92, 20, 63, 0, 30, 24, 0, 83, 11, 69, 41, 5, 49, 6
1, 84, 0, 69, 72, 41, 94, 3, 11, 0, 4, 45, 13, 91, 100, 100, 5
65, 94, 23, 100, 25, 67, 74, 75, 74, 50, 100, 15, 58, 0, 0, 14, 9
13, 82, 44, 100, 51, 72, 30, 44, 0, 20, 7, 7, 55, 6, 100, 0, 2
13, 76, 35, 100, 57, 74, 40, 42, 10, 14, 0, 13, 51, 11, 100, 0, 2
82, 100, 33, 82, 12, 51, 18, 18, 65, 0, 100, 20, 42, 30, 0, 9, 6
37, 100, 16, 60, 63, 42, 31, 0, 3, 19, 0, 75, 47, 90, 100, 97, 5
33, 79, 83, 99, 100, 100, 47, 84, 0, 62, 22, 38, 53, 14, 1, 0, 5
26, 100, 0, 88, 0, 66, 7, 45, 48, 27, 95, 41, 86, 21, 100, 0, 4
0, 100, 73, 99, 100, 83, 83, 51, 67, 20, 43, 0, 2, 27, 70, 28, 7
59, 77, 0, 77, 49, 38, 93, 0, 10, 6, 38, 45, 100, 79, 52, 100, 8
22, 89, 0, 58, 44, 32, 27, 0, 1, 33, 5, 84, 48, 100, 100, 91, 5
26, 100, 0, 75, 2, 47, 61, 41, 100, 63, 93, 56, 84, 27, 75, 0, 4
53, 97, 0, 72, 66, 38, 95, 0, 29, 15, 71, 55, 100, 98, 15, 100, 8
2, 91, 48, 100, 68, 69, 52, 34, 37, 0, 0, 24, 43, 34, 100, 31, 7
9, 92, 56, 100, 54, 58, 33, 18, 10, 0, 0, 36, 50, 38, 100, 38, 7
0, 96, 42, 100, 66, 73, 55, 36, 44, 0, 20, 31, 50, 44, 100, 46, 7
0, 84, 36, 100, 65, 78, 53, 46, 22, 19, 15, 17, 62, 19, 100, 0, 2
58, 100, 21, 85, 0, 52, 3, 17, 51, 0, 100, 17, 60, 35, 12, 19, 6
71, 100, 22, 89, 48, 69, 51, 80, 75, 47, 100, 16, 57, 0, 0, 7, 9
18, 95, 0, 56, 2, 13, 41, 0, 79, 24, 100, 62, 84, 99, 40, 100, 0
4, 97, 81, 100, 100, 67, 66, 33, 30, 0, 0, 9, 0, 36, 82, 35, 7
67, 75, 79, 100, 94, 74, 72, 42, 38, 15, 0, 0, 47, 5, 100, 1, 2
33, 90, 57, 56, 91, 20, 9, 0, 0, 33, 76, 64, 100, 100, 4, 96, 8
38, 42, 96, 71, 100, 100, 32, 77, 43, 38, 62, 0, 0, 5, 49, 39, 8
0, 80, 58, 100, 100, 81, 62, 44, 26, 5, 30, 0, 8, 35, 75, 34, 7
0, 100, 40, 97, 100, 83, 92, 53, 77, 23, 59, 0, 24, 25, 100, 33, 7
13, 65, 39, 100, 72, 82, 49, 44, 11, 15, 0, 0, 50, 4, 100, 6, 2
72, 70, 100, 100, 25, 94, 0, 63, 72, 74, 92, 57, 66, 23, 9, 0, 9
0, 83, 18, 50, 63, 16, 23, 0, 3, 35, 50, 68, 100, 100, 13, 95, 8
100, 89, 41, 100, 0, 77, 59, 71, 84, 87, 57, 57, 30, 29, 7, 0, 9
18, 91, 86, 100, 100, 99, 36, 85, 1, 49, 70, 37, 68, 2, 0, 0, 5
99, 69, 86, 100, 32, 91, 62, 70, 100, 66, 98, 27, 57, 0, 0, 1, 9
56, 100, 39, 68, 70, 27, 29, 0, 0, 33, 62, 60, 100, 90, 30, 95, 8
16, 92, 11, 30, 51, 0, 94, 0, 100, 57, 63, 98, 20, 100, 0, 43, 0
100, 63, 39, 53, 0, 66, 36, 93, 82, 100, 89, 67, 88, 33, 91, 0, 9
70, 100, 42, 81, 6, 59, 0, 36, 90, 37, 100, 45, 69, 23, 60, 0, 4
0, 0, 36, 14, 65, 34, 89, 57, 100, 83, 73, 100, 37, 89, 68, 73, 9
24, 91, 14, 58, 68, 42, 59, 0, 0, 14, 11, 59, 32, 98, 100, 100, 5
32, 92, 100, 99, 100, 100, 33, 88, 12, 48, 81, 39, 71, 6, 0, 0, 5
33, 73, 66, 88, 100, 100, 79, 80, 58, 60, 36, 41, 16, 20, 0, 0, 1
7, 91, 6, 50, 71, 40, 74, 0, 12, 13, 0, 56, 16, 94, 100, 100, 5
0, 82, 33, 100, 61, 87, 49, 50, 24, 18, 24, 0, 68, 0, 100, 8, 2
33, 63, 67, 82, 100, 100, 84, 85, 59, 64, 37, 43, 16, 21, 0, 0, 1
3, 95, 0, 47, 13, 2, 60, 0, 98, 28, 100, 74, 62, 100, 18, 92, 0
41, 100, 1, 61, 0, 33, 67, 36, 100, 46, 85, 91, 64, 46, 43, 0, 4
0, 23, 27, 45, 56, 68, 83, 94, 100, 100, 87, 66, 75, 33, 66, 0, 1
24, 85, 14, 63, 69, 38, 60, 0, 24, 16, 0, 55, 32, 91, 100, 100, 5
0, 100, 63, 100, 79, 71, 61, 36, 47, 0, 21, 5, 36, 29, 100, 31, 7
15, 100, 0, 78, 3, 46, 66, 43, 100, 58, 95, 72, 92, 36, 90, 0, 4
62, 100, 20, 96, 0, 60, 9, 22, 59, 0, 100, 25, 48, 35, 5, 8, 6
21, 100, 19, 81, 11, 50, 0, 23, 65, 30, 100, 43, 65, 30, 68, 0, 4
1, 73, 29, 100, 74, 97, 56, 63, 21, 34, 0, 4, 50, 0, 100, 0, 2
42, 99, 55, 61, 71, 24, 18, 0, 0, 30, 64, 61, 100, 94, 9, 100, 8
20, 70, 29, 100, 63, 82, 53, 46, 29, 14, 0, 0, 50, 3, 100, 4, 2
81, 100, 32, 82, 6, 55, 0, 27, 23, 0, 100, 0, 97, 25, 16, 18, 6
95, 82, 71, 100, 27, 77, 77, 73, 100, 80, 93, 42, 56, 13, 0, 0, 9
70, 100, 100, 97, 70, 81, 45, 65, 30, 49, 20, 33, 0, 16, 0, 0, 1
100, 100, 79, 80, 54, 59, 32, 38, 21, 16, 50, 0, 79, 16, 0, 16, 6
88, 100, 42, 77, 12, 50, 0, 22, 45, 0, 100, 17, 73, 44, 15, 49, 6
29, 80, 0, 41, 14, 0, 70, 14, 100, 53, 100, 96, 49, 100, 19, 62, 0
5, 70, 56, 44, 60, 3, 0, 0, 30, 39, 84, 72, 100, 100, 32, 74, 8
23, 70, 51, 100, 74, 82, 51, 46, 20, 15, 0, 4, 50, 0, 100, 2, 2
88, 100, 100, 95, 75, 79, 38, 64, 25, 47, 12, 32, 0, 16, 12, 0, 1
29, 97, 0, 57, 22, 10, 68, 0, 100, 40, 83, 90, 37, 100, 12, 57, 0
11, 45, 17, 6, 55, 0, 88, 25, 100, 61, 79, 94, 38, 100, 0, 84, 0
15, 84, 0, 57, 5, 17, 52, 0, 95, 28, 100, 67, 70, 100, 20, 87, 0
0, 67, 25, 100, 49, 73, 36, 33, 6, 0, 1, 6, 53, 3, 100, 11, 2
0, 95, 39, 100, 67, 73, 53, 30, 40, 0, 21, 40, 53, 45, 100, 40, 7
100, 100, 82, 91, 64, 75, 50, 59, 27, 43, 14, 27, 0, 11, 0, 0, 1
21, 85, 57, 100, 63, 71, 30, 55, 85, 47, 100, 15, 48, 0, 0, 11, 3
54, 87, 85, 100, 76, 71, 65, 47, 100, 21, 77, 0, 33, 5, 0, 22, 3
19, 76, 53, 100, 92, 81, 73, 40, 33, 13, 0, 0, 49, 5, 100, 6, 2
18, 73, 62, 100, 53, 85, 53, 53, 52, 20, 0, 0, 8, 6, 100, 6, 1
9, 49, 42, 63, 82, 85, 100, 100, 76, 74, 51, 48, 29, 22, 0, 0, 1
57, 94, 100, 100, 48, 82, 24, 48, 71, 64, 85, 31, 54, 0, 0, 1, 5
70, 100, 54, 86, 29, 53, 23, 16, 69, 0, 100, 23, 50, 36, 0, 21, 6
100, 99, 52, 100, 17, 70, 0, 32, 24, 0, 68, 16, 40, 45, 3, 28, 6
75, 100, 31, 92, 1, 55, 0, 10, 46, 0, 84, 31, 100, 73, 68, 99, 0
87, 100, 49, 77, 19, 52, 0, 24, 25, 0, 83, 2, 100, 25, 45, 31, 6
33, 100, 2, 54, 0, 5, 62, 0, 100, 42, 91, 92, 32, 95, 4, 49, 0
100, 100, 70, 89, 57, 74, 43, 59, 35, 45, 17, 29, 9, 14, 0, 0, 1
0, 100, 81, 100, 68, 62, 34, 26, 24, 0, 92, 28, 100, 50, 5, 46, 7
23, 63, 0, 84, 47, 100, 98, 90, 100, 66, 81, 43, 51, 21, 19, 0, 9
100, 100, 64, 78, 33, 56, 13, 32, 3, 8, 54, 0, 54, 17, 0, 9, 6
16, 86, 44, 100, 35, 59, 12, 25, 0, 4, 33, 3, 66, 1, 100, 0, 2
0, 84, 54, 100, 100, 79, 95, 42, 69, 8, 29, 0, 28, 26, 90, 30, 7
0, 53, 34, 82, 45, 100, 43, 65, 50, 30, 40, 0, 37, 2, 100, 7, 1
25, 100, 1, 63, 0, 21, 41, 0, 87, 16, 100, 57, 74, 93, 25, 89, 0
30, 100, 21, 86, 0, 58, 32, 36, 80, 43, 100, 61, 91, 30, 89, 0, 4
100, 77, 64, 61, 9, 74, 54, 100, 100, 85, 91, 51, 59, 19, 0, 0, 9
57, 100, 84, 99, 79, 71, 68, 47, 100, 30, 77, 9, 38, 0, 0, 3, 3
1, 61, 11, 100, 19, 66, 2, 27, 0, 1, 33, 0, 66, 1, 100, 3, 2
100, 100, 54, 91, 22, 66, 0, 40, 3, 13, 54, 0, 81, 23, 24, 31, 6
24, 84, 2, 39, 26, 0, 77, 10, 100, 53, 84, 97, 33, 100, 0, 63, 0
0, 54, 53, 37, 52, 0, 22, 6, 57, 39, 92, 72, 100, 100, 48, 77, 8
0, 51, 25, 69, 65, 88, 100, 100, 82, 76, 65, 50, 55, 26, 51, 0, 1
0, 61, 34, 81, 84, 100, 100, 94, 84, 71, 70, 47, 55, 24, 48, 0, 1
51, 90, 100, 100, 73, 93, 42, 67, 81, 46, 96, 14, 49, 0, 0, 6, 5
0, 95, 62, 100, 98, 78, 70, 37, 50, 0, 100, 27, 88, 46, 26, 48, 7
38, 82, 77, 100, 100, 96, 51, 90, 13, 71, 58, 52, 46, 0, 0, 14, 5
14, 77, 37, 100, 51, 74, 32, 41, 0, 18, 33, 16, 68, 0, 100, 18, 2
42, 100, 22, 74, 0, 48, 43, 34, 97, 39, 100, 53, 78, 27, 64, 0, 4
84, 68, 73, 100, 9, 84, 37, 60, 100, 81, 90, 46, 59, 9, 0, 0, 9
0, 94, 59, 100, 90, 99, 100, 76, 31, 51, 85, 46, 73, 23, 3, 0, 3
47, 50, 88, 41, 100, 1, 0, 0, 18, 41, 88, 76, 84, 100, 12, 73, 8
0, 54, 30, 84, 54, 100, 53, 64, 46, 27, 5, 0, 41, 0, 100, 4, 1
100, 100, 65, 88, 26, 61, 0, 30, 13, 0, 71, 6, 61, 34, 2, 34, 6
0, 75, 60, 100, 69, 89, 66, 51, 73, 13, 13, 2, 35, 0, 100, 3, 1
22, 86, 100, 100, 32, 97, 0, 69, 13, 59, 92, 55, 86, 19, 15, 0, 5
38, 70, 61, 100, 91, 86, 72, 53, 39, 24, 0, 0, 47, 12, 100, 11, 2
67, 96, 100, 100, 43, 86, 17, 51, 67, 69, 91, 37, 52, 7, 0, 0, 5
67, 86, 100, 84, 66, 100, 56, 79, 96, 66, 96, 23, 52, 0, 0, 15, 9
20, 88, 67, 100, 100, 92, 69, 72, 62, 49, 80, 26, 51, 7, 0, 0, 3
0, 89, 45, 100, 77, 80, 72, 45, 70, 10, 59, 0, 48, 24, 100, 28, 7
84, 100, 34, 84, 69, 76, 91, 80, 90, 55, 100, 29, 60, 11, 0, 0, 9
100, 62, 79, 100, 34, 94, 4, 59, 0, 13, 44, 0, 79, 22, 85, 61, 0
32, 90, 21, 41, 46, 0, 91, 17, 100, 66, 64, 100, 15, 88, 0, 42, 0
53, 100, 3, 75, 0, 43, 76, 41, 100, 74, 73, 61, 38, 31, 7, 0, 4
27, 60, 44, 100, 42, 90, 44, 45, 47, 3, 0, 0, 50, 2, 100, 6, 1
80, 82, 23, 83, 0, 96, 67, 100, 100, 77, 91, 51, 67, 25, 45, 0, 9
26, 100, 0, 60, 5, 16, 50, 0, 93, 25, 100, 67, 52, 75, 13, 48, 0
17, 98, 77, 100, 85, 66, 68, 32, 42, 0, 0, 26, 38, 50, 100, 60, 7
33, 84, 84, 100, 94, 76, 50, 54, 93, 47, 100, 19, 52, 0, 0, 6, 3
14, 86, 0, 42, 25, 0, 71, 3, 100, 43, 86, 89, 41, 100, 5, 69, 0
44, 95, 23, 49, 22, 0, 68, 4, 100, 45, 100, 94, 47, 100, 0, 75, 0
72, 100, 16, 89, 52, 60, 100, 86, 92, 72, 93, 28, 55, 0, 0, 19, 9
0, 80, 43, 100, 89, 83, 80, 50, 63, 17, 47, 0, 30, 26, 100, 30, 7
100, 100, 51, 81, 7, 61, 0, 42, 67, 51, 51, 46, 23, 23, 9, 0, 4
0, 64, 19, 92, 100, 100, 87, 73, 61, 37, 39, 0, 31, 24, 96, 42, 7
0, 87, 44, 100, 84, 87, 53, 59, 53, 41, 100, 26, 69, 5, 18, 0, 3
36, 93, 12, 61, 87, 55, 79, 16, 11, 0, 0, 48, 25, 92, 100, 100, 5
100, 93, 52, 100, 38, 70, 89, 83, 99, 72, 92, 30, 56, 1, 0, 0, 9
0, 59, 46, 76, 91, 100, 82, 66, 71, 34, 65, 0, 33, 8, 100, 10, 1
67, 100, 22, 81, 0, 46, 12, 11, 64, 0, 100, 27, 94, 63, 77, 99, 0
56, 100, 18, 69, 0, 36, 61, 34, 100, 41, 78, 77, 71, 39, 66, 0, 4
46, 100, 18, 84, 0, 61, 44, 49, 100, 56, 93, 47, 74, 24, 61, 0, 4
77, 69, 97, 100, 28, 80, 53, 38, 78, 0, 0, 7, 30, 43, 100, 69, 8
6, 87, 25, 60, 80, 43, 47, 4, 0, 0, 4, 54, 39, 93, 100, 100, 5
100, 100, 52, 97, 23, 87, 27, 58, 74, 54, 78, 19, 39, 0, 0, 13, 5
13, 80, 43, 100, 74, 88, 64, 56, 100, 36, 78, 8, 36, 0, 0, 19, 3
17, 100, 18, 55, 64, 42, 40, 0, 12, 27, 0, 75, 45, 95, 100, 99, 5
42, 77, 50, 88, 8, 48, 0, 1, 63, 0, 98, 43, 100, 91, 38, 100, 0
0, 33, 35, 48, 64, 74, 92, 100, 100, 97, 80, 65, 60, 33, 43, 0, 1
14, 69, 34, 100, 50, 74, 29, 36, 0, 21, 36, 23, 68, 0, 100, 14, 2
100, 100, 62, 87, 21, 59, 0, 27, 30, 0, 95, 9, 73, 34, 5, 30, 6
100, 90, 53, 100, 37, 61, 91, 65, 99, 84, 97, 41, 62, 7, 0, 0, 9
81, 100, 59, 98, 21, 65, 0, 29, 33, 0, 100, 10, 86, 37, 20, 25, 6
17, 66, 45, 100, 42, 82, 45, 40, 41, 0, 0, 9, 51, 10, 100, 10, 1
31, 96, 100, 100, 56, 96, 30, 72, 61, 60, 99, 33, 56, 0, 0, 15, 5
96, 86, 33, 100, 31, 66, 100, 32, 66, 0, 0, 27, 72, 60, 78, 98, 8
25, 100, 16, 68, 0, 34, 48, 35, 90, 49, 89, 58, 92, 23, 100, 0, 4
78, 69, 87, 100, 0, 90, 16, 63, 100, 80, 87, 63, 50, 31, 28, 0, 9
6, 100, 54, 96, 81, 56, 64, 6, 36, 0, 0, 38, 51, 35, 100, 32, 7
70, 62, 100, 93, 27, 100, 27, 67, 66, 33, 55, 0, 0, 15, 47, 45, 8
100, 100, 60, 82, 32, 56, 13, 28, 22, 0, 70, 8, 40, 24, 0, 19, 6
0, 92, 54, 100, 65, 83, 63, 63, 85, 44, 100, 24, 63, 8, 7, 0, 3
32, 68, 49, 100, 91, 92, 59, 47, 13, 11, 0, 23, 46, 0, 100, 5, 2
34, 94, 26, 63, 62, 29, 51, 0, 68, 35, 100, 69, 83, 100, 0, 86, 8
30, 100, 17, 80, 0, 43, 43, 32, 85, 53, 100, 75, 82, 38, 67, 0, 4
0, 91, 50, 100, 84, 73, 79, 36, 66, 0, 27, 21, 45, 37, 100, 37, 7
40, 100, 25, 83, 3, 51, 2, 17, 49, 0, 100, 17, 60, 38, 0, 35, 6
12, 83, 89, 77, 80, 100, 0, 84, 62, 74, 100, 73, 83, 36, 75, 0, 9
17, 78, 53, 100, 68, 73, 37, 41, 0, 14, 25, 25, 62, 0, 100, 15, 2
45, 100, 4, 74, 0, 39, 19, 6, 69, 0, 100, 29, 100, 64, 79, 98, 0
23, 81, 0, 54, 48, 78, 100, 100, 98, 86, 69, 58, 44, 29, 28, 0, 1
41, 67, 100, 96, 9, 100, 0, 66, 88, 79, 96, 74, 62, 37, 42, 0, 9
0, 66, 26, 100, 64, 88, 73, 43, 63, 0, 34, 33, 57, 54, 100, 60, 7
23, 95, 85, 100, 49, 95, 20, 65, 70, 64, 100, 31, 57, 0, 0, 13, 5
75, 97, 0, 100, 47, 68, 100, 35, 63, 0, 5, 23, 39, 63, 86, 97, 8
73, 89, 16, 89, 0, 100, 57, 99, 96, 81, 100, 53, 86, 27, 73, 0, 9
0, 85, 20, 100, 47, 85, 33, 53, 12, 23, 27, 0, 64, 2, 100, 9, 2
51, 87, 78, 100, 95, 79, 99, 50, 100, 22, 71, 6, 35, 1, 0, 0, 3
0, 100, 57, 100, 68, 81, 72, 62, 91, 43, 100, 24, 62, 8, 9, 0, 3
38, 91, 77, 100, 100, 87, 73, 67, 66, 46, 82, 24, 48, 8, 0, 0, 3
0, 85, 47, 93, 100, 100, 66, 69, 37, 35, 16, 0, 0, 17, 41, 26, 7
39, 97, 17, 63, 65, 49, 45, 0, 0, 5, 14, 60, 42, 100, 100, 98, 5
60, 98, 50, 100, 20, 70, 0, 38, 7, 8, 83, 0, 100, 24, 13, 20, 6
90, 64, 87, 100, 21, 100, 0, 67, 66, 62, 100, 69, 66, 34, 51, 0, 9
100, 100, 63, 81, 34, 57, 10, 30, 10, 0, 48, 10, 38, 37, 0, 24, 6
21, 68, 39, 100, 49, 76, 27, 43, 0, 12, 3, 0, 53, 2, 100, 13, 2
0, 99, 57, 100, 84, 73, 74, 36, 67, 0, 2, 18, 26, 32, 100, 40, 7
38, 100, 7, 83, 0, 35, 32, 0, 81, 10, 100, 54, 70, 92, 21, 90, 0
0, 95, 45, 100, 92, 99, 70, 63, 52, 25, 38, 0, 51, 33, 100, 37, 7
11, 87, 46, 100, 74, 88, 55, 61, 100, 49, 89, 21, 50, 2, 0, 0, 3
28, 100, 33, 79, 0, 49, 12, 21, 71, 26, 100, 54, 63, 34, 48, 0, 4
60, 100, 16, 74, 0, 43, 67, 33, 100, 62, 88, 61, 55, 30, 24, 0, 4
0, 63, 24, 100, 62, 81, 42, 37, 3, 6, 1, 9, 51, 2, 100, 0, 2
68, 90, 91, 100, 56, 88, 96, 81, 100, 43, 84, 7, 40, 0, 0, 20, 9
26, 73, 0, 66, 38, 100, 50, 90, 20, 47, 6, 19, 52, 0, 100, 9, 2
100, 100, 60, 93, 22, 70, 0, 35, 14, 0, 60, 6, 65, 38, 21, 49, 6
58, 94, 80, 100, 81, 71, 73, 44, 100, 21, 75, 1, 31, 0, 0, 13, 3
0, 81, 46, 100, 97, 83, 100, 44, 77, 7, 38, 0, 33, 24, 94, 31, 7
52, 100, 100, 99, 45, 92, 15, 56, 57, 64, 82, 38, 49, 4, 0, 0, 5
22, 87, 0, 71, 21, 98, 100, 100, 97, 83, 76, 53, 58, 22, 36, 0, 7
16, 72, 46, 100, 85, 97, 72, 60, 100, 46, 86, 13, 43, 0, 0, 9, 3
11, 94, 0, 48, 23, 6, 72, 0, 100, 36, 84, 80, 39, 100, 5, 69, 0
12, 96, 12, 52, 62, 32, 20, 0, 0, 32, 4, 78, 36, 99, 100, 100, 5
61, 79, 98, 79, 73, 100, 53, 78, 100, 67, 84, 37, 44, 16, 0, 0, 9
12, 60, 0, 28, 29, 0, 74, 10, 100, 41, 94, 79, 56, 100, 16, 84, 0
5, 96, 72, 100, 69, 74, 51, 37, 49, 0, 0, 27, 48, 36, 100, 39, 7
0, 75, 23, 96, 68, 100, 100, 86, 72, 62, 77, 33, 50, 12, 10, 0, 3
32, 88, 11, 55, 17, 9, 72, 0, 100, 40, 91, 86, 37, 100, 0, 67, 0
27, 100, 0, 66, 6, 28, 45, 0, 100, 20, 100, 57, 76, 92, 21, 90, 0
82, 86, 54, 100, 32, 66, 93, 75, 97, 79, 100, 37, 70, 0, 0, 7, 9
59, 79, 92, 70, 76, 100, 66, 82, 100, 59, 82, 19, 44, 0, 0, 1, 9
66, 100, 26, 99, 42, 77, 86, 95, 87, 64, 100, 25, 60, 0, 0, 1, 9
70, 98, 0, 89, 60, 61, 100, 26, 49, 0, 12, 31, 46, 68, 81, 100, 8
100, 97, 26, 100, 66, 60, 89, 18, 8, 0, 0, 31, 62, 65, 77, 98, 8
33, 75, 51, 100, 63, 71, 36, 31, 0, 0, 4, 16, 52, 15, 100, 17, 2
0, 78, 19, 95, 58, 100, 92, 89, 100, 67, 92, 44, 81, 21, 67, 0, 9
90, 100, 52, 84, 17, 55, 0, 22, 42, 0, 100, 8, 72, 30, 13, 25, 6
100, 100, 52, 83, 16, 58, 0, 31, 16, 5, 84, 0, 66, 23, 7, 24, 6
4, 89, 0, 73, 23, 99, 87, 100, 100, 88, 79, 59, 59, 29, 44, 0, 7
22, 91, 3, 65, 65, 51, 54, 0, 0, 2, 9, 55, 28, 100, 100, 99, 5
65, 97, 70, 100, 39, 66, 24, 28, 55, 0, 100, 19, 53, 34, 0, 21, 6
20, 87, 100, 100, 80, 83, 40, 66, 20, 49, 0, 33, 0, 15, 100, 0, 1
47, 66, 50, 100, 92, 98, 78, 55, 47, 18, 0, 0, 46, 19, 100, 0, 2
57, 100, 30, 71, 0, 42, 37, 41, 88, 60, 100, 65, 90, 32, 92, 0, 4
67, 92, 0, 93, 16, 57, 100, 29, 78, 0, 14, 25, 43, 64, 67, 100, 8
2, 66, 0, 30, 18, 0, 58, 6, 88, 32, 100, 65, 83, 95, 43, 100, 0
23, 100, 16, 73, 0, 42, 73, 48, 98, 75, 89, 62, 91, 28, 100, 0, 4
100, 100, 62, 83, 34, 64, 14, 43, 0, 22, 4, 0, 44, 12, 36, 30, 6
0, 33, 40, 52, 73, 75, 100, 100, 100, 86, 87, 58, 76, 29, 73, 0, 1
0, 98, 80, 100, 100, 68, 87, 33, 59, 0, 19, 16, 10, 43, 93, 49, 7
8, 65, 0, 92, 47, 97, 100, 100, 75, 77, 53, 52, 37, 25, 41, 0, 7
0, 92, 58, 100, 74, 68, 57, 34, 36, 0, 71, 20, 100, 47, 36, 42, 7
11, 80, 0, 34, 31, 0, 77, 17, 100, 60, 72, 100, 24, 94, 3, 51, 0
0, 85, 51, 100, 81, 71, 76, 35, 58, 0, 31, 25, 35, 55, 100, 61, 7
0, 79, 61, 54, 100, 21, 61, 0, 43, 34, 82, 69, 82, 100, 0, 92, 8
13, 87, 5, 54, 40, 24, 6, 0, 3, 38, 0, 77, 44, 95, 100, 100, 5
100, 89, 68, 100, 22, 89, 0, 55, 49, 66, 83, 43, 63, 9, 14, 0, 5
37, 100, 10, 79, 0, 41, 56, 31, 97, 53, 100, 76, 74, 38, 49, 0, 4
6, 78, 53, 100, 61, 70, 55, 54, 100, 35, 82, 3, 21, 0, 0, 26, 3
9, 59, 39, 87, 61, 100, 46, 59, 22, 22, 0, 3, 50, 2, 100, 0, 1
68, 98, 70, 100, 36, 79, 0, 59, 60, 49, 100, 47, 73, 23, 51, 0, 4
37, 93, 2, 89, 0, 33, 42, 0, 92, 11, 100, 65, 60, 100, 9, 91, 0
37, 100, 20, 83, 0, 59, 37, 42, 100, 47, 93, 48, 70, 24, 50, 0, 4
100, 100, 55, 94, 27, 70, 6, 44, 0, 14, 29, 0, 43, 25, 2, 25, 6
100, 96, 62, 100, 33, 83, 26, 45, 57, 42, 75, 19, 40, 0, 0, 1, 5
31, 95, 24, 52, 49, 23, 14, 0, 0, 40, 19, 78, 56, 99, 100, 100, 5
100, 91, 33, 100, 7, 73, 76, 39, 67, 0, 0, 25, 48, 68, 91, 94, 8
100, 100, 55, 86, 93, 81, 97, 76, 97, 51, 93, 26, 55, 7, 0, 0, 9
6, 100, 32, 98, 66, 71, 62, 34, 41, 0, 0, 27, 39, 41, 100, 46, 7
52, 89, 1, 100, 0, 72, 60, 76, 68, 73, 100, 39, 88, 6, 27, 0, 9
2, 79, 32, 100, 52, 70, 39, 36, 12, 6, 0, 7, 50, 7, 100, 0, 2
61, 100, 34, 75, 0, 44, 55, 37, 100, 49, 76, 70, 66, 35, 70, 0, 4
26, 82, 76, 100, 81, 76, 35, 51, 55, 49, 100, 28, 64, 0, 0, 2, 3
100, 74, 81, 100, 33, 92, 4, 62, 0, 26, 31, 0, 61, 21, 24, 42, 6
100, 86, 67, 100, 24, 80, 0, 50, 0, 16, 41, 0, 63, 24, 18, 35, 6
96, 91, 37, 100, 56, 59, 93, 91, 94, 71, 100, 26, 56, 0, 0, 20, 9
53, 96, 98, 100, 100, 85, 67, 68, 71, 45, 78, 22, 45, 6, 0, 0, 3
42, 100, 44, 88, 11, 57, 0, 33, 77, 40, 100, 64, 91, 34, 93, 0, 4
36, 92, 7, 77, 0, 30, 35, 0, 81, 15, 100, 58, 76, 99, 27, 100, 0
72, 100, 28, 85, 0, 61, 100, 67, 89, 84, 64, 84, 64, 41, 59, 0, 4
15, 84, 0, 64, 18, 97, 78, 98, 100, 100, 79, 65, 68, 29, 65, 0, 7
19, 86, 17, 47, 59, 32, 21, 0, 1, 38, 0, 90, 49, 98, 100, 100, 5
81, 100, 27, 92, 0, 59, 2, 22, 47, 0, 95, 23, 100, 61, 88, 97, 0
0, 62, 34, 93, 81, 100, 85, 61, 53, 28, 11, 17, 56, 19, 100, 0, 2
28, 100, 1, 75, 0, 45, 70, 38, 100, 66, 88, 58, 60, 29, 34, 0, 4
33, 99, 0, 55, 1, 4, 66, 0, 100, 45, 91, 96, 34, 100, 13, 51, 0
31, 100, 0, 81, 21, 58, 100, 62, 74, 88, 54, 80, 58, 40, 66, 0, 4
0, 86, 47, 100, 100, 91, 68, 72, 58, 51, 74, 31, 76, 10, 11, 0, 3
26, 77, 0, 33, 28, 0, 69, 15, 100, 52, 85, 97, 44, 100, 4, 84, 0
81, 80, 28, 87, 0, 53, 8, 16, 61, 0, 100, 25, 100, 62, 84, 100, 0
100, 100, 62, 80, 31, 56, 9, 29, 12, 0, 59, 2, 48, 23, 0, 18, 6
38, 90, 0, 75, 0, 32, 42, 0, 93, 23, 100, 66, 60, 100, 1, 94, 0
55, 85, 67, 100, 86, 75, 67, 47, 100, 31, 83, 9, 38, 0, 0, 8, 3
21, 67, 27, 49, 39, 21, 0, 0, 12, 28, 26, 59, 48, 88, 100, 100, 5
56, 100, 0, 98, 10, 73, 64, 82, 81, 70, 100, 33, 64, 7, 8, 0, 9
23, 75, 53, 100, 75, 78, 44, 50, 0, 32, 2, 18, 50, 8, 100, 0, 2
33, 100, 0, 72, 7, 46, 77, 39, 100, 62, 90, 61, 69, 30, 57, 0, 4
9, 57, 38, 96, 51, 100, 46, 52, 36, 5, 0, 0, 51, 0, 100, 2, 1
43, 100, 18, 71, 0, 39, 35, 22, 100, 32, 98, 63, 76, 31, 58, 0, 4
25, 95, 18, 52, 59, 29, 22, 0, 0, 16, 18, 66, 52, 99, 100, 100, 5
100, 100, 55, 94, 17, 64, 0, 32, 17, 0, 88, 2, 64, 22, 24, 13, 6
0, 84, 32, 66, 88, 88, 25, 100, 29, 79, 100, 67, 89, 34, 83, 0, 9
24, 63, 8, 43, 36, 0, 86, 11, 100, 61, 68, 100, 14, 91, 0, 42, 0
6, 90, 63, 100, 98, 91, 63, 72, 84, 50, 100, 27, 57, 10, 0, 0, 3
65, 100, 37, 83, 13, 64, 0, 43, 24, 28, 63, 27, 100, 22, 97, 0, 4
42, 93, 74, 100, 77, 71, 58, 45, 100, 34, 82, 10, 38, 0, 0, 8, 3
0, 68, 34, 93, 99, 100, 100, 66, 66, 35, 13, 11, 1, 0, 76, 2, 2
0, 34, 39, 52, 74, 75, 100, 100, 92, 83, 77, 55, 62, 28, 52, 0, 1
100, 96, 56, 100, 50, 72, 92, 90, 92, 65, 85, 24, 47, 0, 0, 4, 9
77, 84, 48, 72, 68, 33, 38, 0, 0, 17, 50, 48, 100, 79, 64, 100, 8
98, 68, 72, 100, 25, 83, 0, 39, 27, 0, 77, 4, 100, 47, 95, 83, 0
0, 77, 15, 100, 46, 100, 45, 64, 31, 31, 35, 0, 67, 1, 100, 8, 2
61, 93, 51, 73, 71, 35, 40, 0, 0, 24, 44, 58, 100, 88, 51, 100, 8
58, 100, 30, 90, 0, 63, 37, 46, 90, 38, 100, 56, 80, 27, 70, 0, 4
100, 100, 84, 90, 60, 75, 40, 60, 20, 44, 8, 29, 0, 14, 4, 0, 1
38, 71, 48, 95, 100, 100, 87, 72, 83, 48, 92, 20, 49, 0, 0, 0, 3
0, 92, 51, 100, 100, 89, 77, 54, 54, 18, 31, 0, 22, 37, 78, 46, 7
0, 38, 32, 56, 66, 78, 99, 100, 100, 91, 81, 60, 62, 31, 46, 0, 1
14, 91, 56, 100, 68, 67, 53, 33, 35, 0, 0, 12, 41, 29, 100, 35, 7
4, 61, 26, 97, 38, 100, 28, 60, 16, 21, 0, 2, 49, 2, 100, 0, 1
0, 100, 45, 100, 68, 83, 76, 66, 89, 48, 100, 30, 87, 12, 53, 0, 3
67, 88, 95, 100, 47, 75, 18, 50, 81, 62, 100, 29, 64, 0, 0, 7, 5
96, 83, 57, 100, 38, 65, 90, 72, 100, 72, 100, 25, 54, 2, 0, 0, 9
0, 76, 26, 100, 52, 87, 42, 47, 19, 17, 37, 3, 69, 5, 100, 0, 2
0, 81, 35, 92, 100, 100, 95, 70, 73, 32, 67, 0, 34, 20, 96, 31, 7
78, 100, 31, 86, 57, 71, 88, 89, 100, 53, 94, 17, 50, 1, 0, 0, 9
14, 99, 49, 72, 60, 100, 25, 93, 75, 70, 100, 35, 59, 7, 0, 0, 9
32, 93, 80, 100, 100, 64, 63, 26, 36, 0, 96, 29, 78, 42, 0, 38, 7
21, 78, 51, 100, 57, 62, 33, 27, 0, 1, 23, 10, 62, 12, 100, 0, 2
51, 86, 74, 100, 91, 81, 70, 61, 100, 40, 87, 14, 45, 0, 0, 12, 3
80, 100, 31, 81, 51, 67, 95, 84, 97, 55, 100, 27, 64, 5, 0, 0, 9
49, 100, 14, 71, 0, 24, 33, 0, 73, 8, 100, 45, 83, 89, 44, 95, 0
86, 53, 90, 92, 36, 100, 0, 62, 0, 16, 52, 0, 100, 27, 100, 66, 0
9, 91, 45, 100, 58, 61, 49, 18, 31, 0, 0, 35, 46, 47, 100, 46, 7
0, 92, 36, 100, 56, 70, 41, 30, 27, 0, 4, 37, 51, 43, 100, 43, 7
100, 100, 51, 80, 16, 53, 0, 23, 31, 0, 93, 9, 87, 35, 28, 27, 6
24, 65, 42, 100, 42, 86, 43, 45, 44, 6, 0, 0, 50, 4, 100, 7, 1
57, 93, 0, 71, 61, 42, 100, 6, 31, 0, 40, 42, 71, 82, 21, 100, 8
96, 63, 100, 100, 45, 95, 11, 63, 0, 25, 36, 0, 48, 29, 19, 19, 6
0, 85, 33, 100, 55, 82, 44, 57, 28, 32, 17, 8, 55, 0, 100, 1, 2
11, 68, 31, 95, 89, 100, 71, 71, 72, 54, 100, 26, 60, 2, 0, 0, 3
14, 100, 52, 100, 72, 63, 62, 23, 33, 0, 0, 23, 50, 25, 100, 27, 7
19, 100, 21, 99, 0, 49, 9, 0, 72, 4, 100, 50, 73, 95, 7, 90, 0
100, 89, 74, 100, 34, 76, 6, 45, 0, 11, 41, 0, 57, 32, 12, 45, 6
0, 62, 19, 93, 84, 100, 100, 66, 71, 32, 20, 6, 25, 0, 93, 2, 2
31, 100, 17, 68, 64, 37, 43, 0, 10, 21, 0, 74, 39, 100, 100, 98, 5
53, 62, 70, 73, 77, 100, 70, 75, 63, 48, 35, 22, 0, 5, 100, 0, 1
0, 87, 25, 100, 72, 96, 47, 64, 81, 47, 100, 18, 57, 0, 7, 0, 3
7, 56, 33, 100, 46, 97, 39, 43, 5, 11, 0, 7, 49, 2, 100, 0, 1
0, 94, 42, 100, 66, 71, 59, 35, 42, 0, 14, 26, 54, 37, 100, 36, 7
0, 56, 7, 86, 34, 100, 84, 96, 100, 83, 74, 57, 50, 29, 38, 0, 7
33, 75, 42, 100, 82, 91, 71, 62, 97, 41, 100, 15, 53, 0, 0, 9, 3
22, 76, 43, 69, 95, 100, 0, 96, 20, 71, 100, 81, 82, 41, 69, 0, 9
0, 63, 22, 89, 83, 100, 84, 67, 57, 35, 14, 8, 33, 0, 100, 7, 2
0, 93, 49, 100, 88, 89, 78, 68, 57, 49, 41, 28, 51, 9, 100, 0, 2
15, 83, 6, 48, 65, 46, 45, 0, 8, 20, 0, 74, 43, 94, 100, 100, 5
100, 100, 57, 97, 22, 68, 0, 37, 11, 5, 92, 0, 92, 28, 3, 25, 6
52, 100, 32, 69, 0, 35, 17, 24, 96, 26, 100, 55, 91, 37, 86, 0, 4
8, 82, 47, 100, 70, 76, 56, 48, 100, 49, 84, 16, 42, 0, 0, 13, 3
44, 100, 0, 72, 0, 42, 100, 43, 99, 60, 59, 70, 53, 35, 65, 0, 4
77, 82, 48, 100, 31, 73, 100, 38, 85, 0, 0, 22, 61, 57, 97, 92, 8
95, 100, 51, 76, 22, 51, 11, 24, 27, 0, 100, 13, 78, 36, 0, 40, 6
100, 100, 57, 81, 24, 59, 0, 34, 0, 8, 47, 0, 65, 22, 14, 23, 6
0, 53, 32, 70, 41, 100, 41, 76, 41, 47, 32, 17, 32, 1, 100, 0, 1
72, 94, 14, 85, 53, 44, 63, 1, 0, 0, 47, 38, 100, 75, 39, 100, 8
100, 100, 54, 94, 17, 68, 0, 32, 21, 0, 65, 9, 52, 40, 14, 22, 6
49, 100, 24, 82, 0, 54, 20, 37, 82, 40, 82, 54, 80, 25, 100, 0, 4
89, 83, 58, 100, 32, 68, 77, 64, 100, 74, 88, 29, 48, 4, 0, 0, 9
86, 100, 36, 84, 89, 89, 95, 71, 95, 44, 100, 18, 59, 0, 0, 0, 9
36, 73, 59, 100, 91, 78, 71, 46, 95, 35, 100, 5, 38, 0, 0, 19, 3
100, 100, 59, 83, 31, 63, 11, 42, 0, 20, 17, 0, 69, 8, 48, 24, 6
0, 78, 27, 100, 55, 82, 58, 35, 50, 0, 36, 24, 67, 37, 100, 40, 7
100, 100, 87, 86, 60, 71, 40, 57, 20, 43, 20, 29, 13, 14, 0, 0, 1
0, 77, 35, 100, 47, 95, 44, 61, 38, 27, 0, 0, 36, 3, 100, 5, 1
52, 100, 14, 74, 14, 37, 0, 0, 11, 30, 57, 61, 100, 94, 41, 100, 8
0, 88, 10, 98, 50, 100, 44, 66, 27, 34, 19, 0, 59, 3, 100, 13, 2
78, 72, 60, 100, 0, 72, 56, 37, 100, 0, 31, 3, 57, 43, 95, 83, 8
6, 85, 0, 41, 24, 0, 69, 7, 100, 44, 85, 88, 40, 100, 3, 71, 0
90, 100, 45, 93, 66, 75, 94, 92, 100, 53, 92, 16, 49, 0, 0, 0, 9
72, 100, 40, 92, 5, 60, 0, 25, 49, 0, 100, 22, 42, 38, 11, 19, 6
3, 71, 38, 100, 45, 92, 42, 56, 38, 20, 0, 1, 32, 0, 100, 3, 1
17, 99, 7, 62, 29, 25, 12, 0, 0, 36, 59, 68, 100, 100, 15, 85, 8
18, 95, 22, 59, 73, 44, 44, 0, 11, 31, 0, 85, 51, 100, 100, 99, 5
62, 100, 46, 92, 0, 71, 19, 57, 94, 51, 100, 47, 60, 24, 35, 0, 4
0, 61, 38, 73, 77, 90, 100, 100, 78, 76, 58, 51, 41, 25, 26, 0, 1
0, 89, 44, 66, 63, 30, 36, 0, 34, 34, 68, 67, 100, 100, 53, 95, 8
100, 100, 59, 84, 28, 56, 13, 26, 41, 0, 100, 9, 54, 22, 0, 6, 6
14, 69, 39, 100, 53, 71, 35, 33, 0, 8, 28, 12, 72, 0, 100, 26, 2
21, 100, 21, 83, 0, 55, 29, 41, 85, 45, 100, 55, 86, 28, 86, 0, 4
10, 67, 42, 100, 43, 97, 45, 58, 48, 19, 0, 0, 42, 3, 100, 2, 1
0, 88, 28, 100, 71, 96, 63, 66, 36, 39, 23, 9, 64, 0, 100, 2, 2
16, 75, 0, 30, 27, 0, 71, 13, 100, 49, 96, 95, 52, 100, 24, 65, 0
0, 86, 47, 100, 91, 88, 56, 62, 58, 40, 100, 19, 59, 4, 8, 0, 3
29, 100, 0, 68, 9, 23, 47, 0, 90, 10, 100, 54, 73, 91, 30, 97, 0
0, 58, 40, 79, 83, 100, 100, 92, 87, 69, 73, 46, 63, 22, 80, 0, 1
23, 96, 79, 100, 100, 86, 74, 66, 72, 44, 88, 23, 53, 6, 0, 0, 3
22, 83, 0, 55, 48, 40, 45, 0, 15, 25, 15, 72, 52, 100, 100, 85, 5
0, 93, 60, 100, 99, 88, 73, 47, 55, 5, 39, 0, 38, 34, 100, 36, 7
0, 86, 26, 100, 55, 96, 57, 68, 45, 41, 42, 12, 68, 1, 100, 0, 2
0, 42, 40, 60, 74, 81, 100, 100, 90, 74, 78, 48, 66, 23, 65, 0, 1
80, 100, 100, 97, 48, 68, 7, 38, 0, 7, 91, 0, 98, 22, 9, 12, 6
5, 85, 56, 100, 82, 78, 38, 55, 52, 48, 100, 29, 63, 5, 0, 0, 3
52, 86, 60, 50, 50, 14, 0, 0, 27, 32, 73, 61, 100, 94, 40, 100, 8
0, 69, 32, 74, 70, 96, 100, 100, 91, 75, 81, 50, 70, 25, 64, 0, 1
8, 87, 0, 83, 38, 96, 95, 100, 100, 82, 81, 50, 68, 16, 62, 0, 7
38, 100, 19, 71, 0, 39, 26, 22, 72, 30, 100, 51, 64, 32, 47, 0, 4
98, 100, 43, 83, 7, 51, 0, 15, 50, 0, 100, 26, 83, 54, 19, 46, 6
0, 66, 47, 97, 50, 100, 51, 60, 50, 20, 1, 0, 35, 4, 100, 9, 1
100, 69, 54, 61, 13, 77, 56, 100, 96, 77, 90, 44, 58, 14, 0, 0, 9
0, 100, 50, 97, 100, 91, 74, 63, 55, 29, 42, 0, 20, 31, 68, 36, 7
0, 45, 0, 61, 48, 82, 100, 100, 97, 78, 72, 51, 45, 24, 33, 0, 1
31, 88, 6, 58, 14, 13, 64, 0, 100, 33, 96, 77, 49, 100, 0, 81, 0
0, 72, 9, 100, 68, 94, 74, 63, 49, 34, 6, 9, 30, 0, 100, 1, 2
0, 54, 49, 75, 96, 100, 91, 75, 69, 45, 51, 16, 27, 0, 100, 6, 1
40, 94, 22, 95, 0, 45, 23, 0, 83, 10, 100, 58, 61, 100, 19, 75, 0
30, 100, 19, 80, 0, 53, 11, 32, 74, 40, 100, 56, 89, 28, 85, 0, 4
100, 100, 67, 90, 39, 70, 14, 47, 0, 19, 22, 0, 37, 21, 3, 30, 6
0, 78, 23, 100, 77, 99, 100, 75, 70, 50, 30, 28, 29, 6, 84, 0, 2
1, 90, 0, 54, 20, 16, 68, 0, 100, 31, 99, 71, 61, 100, 26, 75, 0
0, 63, 24, 100, 52, 79, 37, 37, 5, 3, 6, 0, 53, 2, 100, 1, 2
0, 89, 44, 100, 91, 89, 77, 53, 63, 17, 83, 0, 100, 15, 50, 20, 7
100, 100, 56, 78, 24, 53, 0, 27, 11, 0, 74, 3, 56, 23, 6, 14, 6
37, 90, 4, 97, 35, 57, 100, 22, 49, 0, 0, 33, 54, 72, 35, 100, 8
0, 20, 57, 51, 94, 89, 38, 100, 44, 61, 100, 30, 76, 0, 12, 14, 8
30, 71, 4, 60, 0, 11, 54, 0, 100, 32, 97, 80, 45, 100, 6, 66, 0
0, 38, 36, 54, 68, 78, 100, 100, 78, 75, 59, 50, 44, 25, 34, 0, 1
0, 94, 48, 98, 96, 100, 98, 68, 84, 32, 68, 0, 52, 30, 100, 30, 7
68, 93, 24, 82, 28, 39, 45, 3, 0, 0, 8, 66, 48, 99, 100, 100, 5
15, 100, 0, 76, 8, 50, 62, 47, 100, 62, 82, 57, 82, 28, 85, 0, 4
50, 81, 74, 100, 100, 75, 75, 43, 36, 20, 0, 28, 47, 23, 84, 0, 2
0, 81, 24, 100, 92, 97, 98, 52, 80, 5, 34, 0, 32, 23, 100, 33, 7
30, 93, 34, 78, 75, 100, 18, 95, 79, 75, 100, 37, 72, 5, 0, 0, 9
1, 85, 40, 100, 91, 78, 41, 52, 47, 45, 100, 20, 56, 0, 0, 15, 3
23, 74, 42, 38, 51, 0, 0, 7, 26, 42, 81, 69, 100, 97, 25, 100, 8
62, 60, 100, 76, 99, 100, 32, 93, 0, 69, 59, 53, 78, 28, 56, 0, 9
0, 82, 35, 100, 73, 84, 65, 46, 32, 19, 14, 23, 59, 16, 100, 0, 2
0, 69, 52, 60, 100, 77, 74, 100, 23, 89, 47, 69, 55, 36, 51, 0, 9
31, 90, 0, 50, 17, 0, 64, 0, 96, 43, 100, 99, 58, 100, 21, 63, 0
59, 54, 100, 82, 84, 100, 68, 62, 57, 24, 0, 0, 2, 0, 84, 4, 1
2, 78, 33, 100, 88, 97, 86, 71, 79, 41, 100, 11, 54, 0, 0, 4, 3
100, 100, 59, 86, 28, 58, 9, 28, 34, 0, 91, 9, 53, 23, 0, 9, 6
0, 100, 55, 94, 72, 63, 54, 31, 32, 0, 13, 8, 39, 28, 100, 27, 7
57, 100, 0, 75, 62, 40, 62, 0, 2, 15, 56, 53, 100, 93, 23, 95, 8
0, 91, 44, 100, 79, 74, 64, 37, 53, 0, 27, 23, 40, 38, 100, 39, 7
24, 88, 71, 100, 85, 77, 53, 53, 83, 37, 100, 14, 52, 0, 0, 5, 3
27, 100, 8, 70, 0, 40, 14, 9, 65, 0, 100, 22, 62, 42, 14, 33, 6
4, 58, 0, 22, 46, 0, 99, 17, 100, 54, 72, 88, 20, 100, 7, 66, 0
0, 91, 0, 100, 57, 99, 100, 99, 64, 78, 45, 53, 37, 26, 44, 0, 7
77, 99, 43, 77, 34, 36, 0, 0, 23, 34, 66, 68, 100, 100, 39, 78, 8
7, 89, 44, 100, 100, 80, 69, 40, 47, 0, 91, 15, 85, 35, 0, 35, 7
0, 70, 19, 100, 43, 77, 36, 44, 13, 15, 11, 15, 57, 14, 100, 0, 2
45, 36, 76, 67, 100, 100, 96, 74, 92, 39, 86, 9, 0, 0, 92, 0, 1
31, 87, 0, 59, 9, 13, 51, 0, 91, 25, 100, 68, 64, 100, 21, 94, 0
36, 95, 10, 59, 19, 10, 66, 0, 100, 37, 97, 85, 48, 100, 0, 81, 0
33, 77, 0, 60, 75, 69, 78, 26, 12, 0, 15, 46, 23, 93, 100, 100, 5
30, 96, 0, 66, 11, 8, 66, 0, 100, 47, 79, 100, 28, 81, 31, 30, 0
37, 55, 100, 72, 94, 100, 52, 75, 57, 37, 57, 0, 0, 2, 9, 36, 8
7, 86, 22, 63, 95, 54, 100, 9, 30, 0, 1, 46, 0, 93, 75, 100, 5
7, 69, 17, 100, 30, 70, 20, 33, 0, 2, 25, 0, 62, 2, 100, 7, 2
31, 100, 32, 94, 1, 56, 0, 13, 53, 0, 100, 21, 56, 37, 5, 18, 6
15, 52, 29, 87, 31, 100, 31, 64, 29, 27, 0, 1, 40, 0, 100, 1, 1
12, 78, 43, 100, 100, 97, 78, 66, 38, 40, 0, 13, 38, 0, 100, 3, 2
62, 99, 0, 92, 32, 50, 100, 24, 67, 0, 1, 19, 38, 64, 48, 100, 8
52, 98, 100, 100, 100, 80, 63, 61, 93, 40, 96, 16, 51, 3, 0, 0, 3
55, 100, 22, 90, 0, 54, 12, 16, 58, 4, 100, 20, 56, 25, 18, 0, 6
25, 93, 0, 55, 22, 0, 76, 5, 100, 59, 61, 100, 15, 67, 11, 7, 0
31, 74, 71, 100, 74, 79, 62, 35, 44, 0, 0, 4, 50, 4, 100, 7, 1
47, 85, 41, 100, 77, 82, 61, 53, 100, 36, 93, 10, 43, 0, 0, 10, 3
0, 93, 43, 100, 68, 75, 60, 38, 62, 0, 100, 24, 83, 41, 34, 45, 7
0, 69, 26, 100, 54, 67, 45, 23, 5, 0, 6, 0, 53, 0, 100, 1, 2
26, 82, 39, 100, 73, 76, 63, 45, 29, 20, 0, 13, 53, 17, 100, 0, 2
61, 88, 98, 100, 100, 95, 62, 89, 32, 64, 56, 33, 38, 3, 0, 0, 5
53, 81, 66, 100, 86, 70, 77, 35, 43, 9, 0, 8, 51, 11, 100, 0, 2
28, 97, 20, 71, 0, 26, 28, 0, 74, 21, 100, 63, 73, 100, 24, 96, 0
12, 52, 65, 54, 100, 23, 47, 0, 39, 33, 74, 67, 68, 100, 0, 90, 8
2, 73, 26, 98, 100, 100, 98, 76, 43, 55, 64, 39, 64, 15, 0, 0, 3
33, 76, 68, 100, 71, 64, 42, 29, 4, 0, 0, 15, 49, 15, 100, 7, 2
0, 98, 22, 65, 100, 89, 17, 100, 18, 74, 85, 70, 58, 30, 1, 0, 9
32, 66, 87, 42, 73, 0, 0, 7, 37, 43, 100, 72, 92, 100, 30, 76, 8
53, 79, 0, 92, 19, 58, 80, 27, 57, 0, 26, 34, 80, 68, 100, 100, 8
0, 42, 22, 57, 69, 79, 100, 100, 69, 75, 38, 51, 14, 26, 3, 0, 1
58, 84, 91, 100, 100, 84, 77, 60, 87, 35, 80, 10, 41, 1, 0, 0, 3
51, 85, 83, 100, 100, 90, 81, 66, 73, 40, 73, 16, 39, 2, 0, 0, 3
0, 63, 37, 44, 42, 6, 1, 0, 25, 36, 65, 67, 100, 100, 46, 80, 8
78, 99, 21, 85, 0, 50, 5, 14, 59, 0, 100, 27, 100, 65, 79, 100, 0
0, 100, 52, 94, 74, 60, 71, 23, 55, 0, 9, 21, 43, 31, 100, 31, 7
36, 100, 3, 88, 0, 64, 54, 55, 100, 67, 73, 45, 46, 23, 29, 0, 4
0, 66, 39, 83, 100, 100, 100, 82, 84, 62, 68, 41, 58, 20, 50, 0, 1
100, 94, 72, 100, 49, 93, 44, 64, 68, 53, 55, 29, 29, 13, 0, 0, 5
49, 80, 46, 69, 65, 27, 30, 0, 0, 33, 49, 67, 100, 100, 27, 99, 8
4, 64, 27, 100, 31, 83, 26, 39, 0, 8, 5, 3, 52, 2, 100, 0, 1
45, 97, 9, 67, 0, 26, 36, 0, 82, 14, 100, 53, 79, 93, 32, 100, 0
14, 91, 38, 75, 69, 39, 35, 0, 0, 18, 8, 66, 35, 100, 100, 96, 5
0, 39, 38, 57, 69, 79, 100, 100, 90, 74, 71, 49, 53, 24, 34, 0, 1
13, 72, 1, 33, 27, 0, 75, 10, 100, 44, 88, 83, 43, 100, 0, 82, 0
0, 92, 40, 100, 100, 86, 91, 45, 65, 6, 30, 0, 21, 30, 92, 36, 7
93, 69, 79, 100, 18, 84, 57, 60, 94, 73, 100, 34, 70, 1, 0, 0, 9
0, 86, 29, 100, 62, 95, 51, 62, 31, 32, 34, 2, 69, 0, 100, 6, 2
100, 100, 69, 76, 33, 52, 0, 27, 58, 33, 87, 53, 56, 28, 38, 0, 4
30, 82, 0, 70, 42, 34, 0, 0, 18, 34, 80, 67, 100, 100, 8, 82, 8
72, 72, 90, 100, 0, 94, 5, 59, 91, 65, 100, 68, 60, 34, 25, 0, 9
3, 58, 20, 100, 41, 80, 22, 38, 0, 8, 33, 4, 66, 3, 100, 0, 2
0, 74, 16, 80, 57, 96, 100, 100, 86, 75, 66, 50, 47, 25, 39, 0, 1
38, 100, 12, 86, 0, 69, 6, 51, 35, 40, 68, 31, 91, 17, 100, 0, 4
45, 90, 13, 52, 88, 46, 74, 5, 0, 0, 4, 43, 26, 90, 100, 100, 5
17, 94, 97, 100, 45, 94, 20, 67, 47, 73, 100, 42, 68, 0, 0, 16, 5
0, 71, 20, 92, 69, 100, 69, 77, 71, 54, 100, 34, 82, 12, 35, 0, 3
100, 100, 49, 85, 16, 57, 0, 28, 23, 0, 89, 5, 94, 31, 27, 26, 6
99, 100, 46, 86, 12, 59, 0, 28, 27, 0, 89, 2, 100, 29, 38, 30, 6
86, 100, 39, 77, 4, 51, 0, 25, 29, 0, 100, 11, 89, 36, 18, 51, 6
100, 90, 90, 100, 54, 73, 31, 43, 29, 12, 88, 8, 58, 18, 0, 0, 6
100, 100, 100, 87, 55, 68, 5, 50, 45, 38, 68, 41, 29, 21, 0, 0, 4
0, 74, 32, 100, 72, 88, 49, 56, 7, 34, 0, 21, 49, 11, 100, 0, 2
0, 82, 35, 100, 58, 85, 42, 57, 21, 29, 15, 0, 58, 2, 100, 11, 2
72, 100, 48, 88, 0, 69, 17, 57, 77, 46, 100, 44, 63, 23, 32, 0, 4
0, 77, 27, 100, 54, 89, 33, 60, 11, 32, 16, 3, 58, 0, 100, 3, 2
26, 100, 0, 70, 44, 54, 100, 53, 77, 78, 46, 69, 36, 34, 28, 0, 4
