@relation yeast-2
@attribute Mcg real [0.11, 1.0]
@attribute Gvh real [0.13, 1.0]
@attribute Alm real [0.21, 1.0]
@attribute Mit real [0.0, 1.0]
@attribute Erl real [0.5, 1.0]
@attribute Pox real [0.0, 0.83]
@attribute Vac real [0.0, 0.73]
@attribute Nuc real [0.0, 1.0]
@attribute Class {MIT, NUC, CYT, ME1, ME2, ME3, EXC, VAC, POX, ERL}
@inputs Mcg, Gvh, Alm, Mit, Erl, Pox, Vac, Nuc
@outputs Class
@data
0.61, 0.6, 0.55, 0.21, 0.5, 0.0, 0.5, 0.25, NUC
0.45, 0.4, 0.5, 0.16, 0.5, 0.0, 0.5, 0.22, CYT
0.46, 0.53, 0.52, 0.15, 0.5, 0.0, 0.58, 0.22, CYT
0.86, 0.68, 0.39, 0.24, 0.5, 0.0, 0.54, 0.22, ME2
0.41, 0.53, 0.45, 0.14, 0.5, 0.0, 0.52, 0.66, ME3
0.45, 0.58, 0.48, 0.67, 0.5, 0.0, 0.52, 0.22, MIT
0.47, 0.52, 0.5, 0.4, 0.5, 0.0, 0.41, 0.22, CYT
0.44, 0.52, 0.41, 0.23, 0.5, 0.0, 0.51, 0.22, NUC
0.45, 0.51, 0.5, 0.16, 0.5, 0.0, 0.52, 1.0, NUC
0.4, 0.62, 0.52, 0.31, 0.5, 0.0, 0.49, 0.31, CYT
0.29, 0.32, 0.58, 0.15, 0.5, 0.0, 0.5, 0.3, CYT
0.42, 0.31, 0.5, 0.15, 0.5, 0.0, 0.53, 0.22, NUC
0.26, 0.5, 0.33, 0.28, 0.5, 0.0, 0.51, 0.22, ME3
0.39, 0.42, 0.38, 0.4, 0.5, 0.0, 0.49, 0.47, ME3
0.32, 0.57, 0.5, 0.15, 0.5, 0.0, 0.53, 0.22, CYT
0.37, 0.42, 0.51, 0.11, 0.5, 0.0, 0.57, 0.22, CYT
0.75, 0.7, 0.38, 0.27, 0.5, 0.0, 0.49, 0.22, ME1
0.63, 0.56, 0.45, 0.58, 0.5, 0.0, 0.51, 0.22, MIT
0.72, 0.61, 0.37, 0.3, 0.5, 0.0, 0.57, 0.22, MIT
0.52, 0.77, 0.38, 0.34, 0.5, 0.0, 0.51, 0.22, MIT
0.5, 0.41, 0.44, 0.5, 0.5, 0.0, 0.42, 0.22, MIT
0.55, 0.45, 0.45, 0.54, 0.5, 0.0, 0.5, 0.22, MIT
0.58, 0.56, 0.45, 0.12, 0.5, 0.0, 0.51, 0.22, NUC
0.41, 0.45, 0.53, 0.17, 0.5, 0.0, 0.51, 0.25, NUC
0.45, 0.27, 0.57, 0.36, 0.5, 0.0, 0.52, 0.18, CYT
0.2, 0.26, 0.52, 0.14, 0.5, 0.0, 0.53, 0.44, CYT
0.44, 0.68, 0.45, 0.51, 0.5, 0.0, 0.52, 0.41, MIT
0.27, 0.39, 0.66, 0.11, 0.5, 0.0, 0.44, 0.22, MIT
0.38, 0.48, 0.59, 0.22, 0.5, 0.0, 0.46, 0.22, CYT
0.56, 0.52, 0.55, 0.19, 0.5, 0.0, 0.54, 0.22, CYT
0.57, 0.59, 0.44, 0.16, 0.5, 0.0, 0.52, 0.22, ME2
0.55, 0.46, 0.46, 0.31, 0.5, 0.0, 0.58, 0.48, NUC
0.25, 0.4, 0.51, 0.18, 0.5, 0.0, 0.5, 0.27, CYT
0.54, 0.55, 0.42, 0.22, 0.5, 0.0, 0.48, 0.22, ME3
0.45, 0.4, 0.56, 0.14, 0.5, 0.0, 0.54, 0.22, CYT
0.5, 0.5, 0.48, 0.17, 0.5, 0.0, 0.47, 0.26, CYT
0.23, 0.3, 0.58, 0.22, 0.5, 0.0, 0.48, 0.27, NUC
0.49, 0.31, 0.34, 0.13, 0.5, 0.0, 0.52, 0.22, ME3
0.85, 0.85, 0.3, 0.31, 0.5, 0.0, 0.55, 0.42, ME1
0.61, 0.54, 0.49, 0.16, 0.5, 0.0, 0.54, 0.42, CYT
0.61, 0.54, 0.49, 0.19, 0.5, 0.0, 0.54, 0.47, CYT
0.51, 0.68, 0.49, 0.59, 0.5, 0.0, 0.54, 0.27, MIT
0.41, 0.3, 0.49, 0.28, 0.5, 0.0, 0.54, 0.22, CYT
0.49, 0.41, 0.32, 0.21, 0.5, 0.0, 0.5, 0.32, ME3
0.5, 0.45, 0.49, 0.3, 0.5, 0.0, 0.47, 0.4, NUC
0.67, 0.63, 0.34, 0.41, 0.5, 0.0, 0.6, 0.33, ME1
0.84, 0.63, 0.38, 0.23, 0.5, 0.0, 0.53, 0.22, EXC
0.77, 0.6, 0.42, 0.33, 0.5, 0.0, 0.57, 0.22, ME2
0.39, 0.37, 0.56, 0.15, 0.5, 0.0, 0.5, 0.27, CYT
0.72, 0.58, 0.42, 0.28, 0.5, 0.0, 0.48, 0.22, MIT
0.46, 0.57, 0.52, 0.28, 0.5, 0.0, 0.52, 0.22, NUC
0.4, 0.53, 0.61, 0.21, 0.5, 0.0, 0.48, 0.33, NUC
0.55, 0.65, 0.5, 0.28, 0.5, 0.0, 0.55, 0.22, NUC
0.66, 0.54, 0.49, 0.16, 0.5, 0.0, 0.54, 0.36, NUC
0.52, 0.5, 0.59, 0.31, 0.5, 0.0, 0.5, 0.22, MIT
0.38, 0.54, 0.54, 0.41, 0.5, 0.0, 0.51, 0.22, MIT
0.54, 0.64, 0.5, 0.13, 0.5, 0.0, 0.49, 0.22, MIT
0.49, 0.44, 0.45, 0.55, 0.5, 0.0, 0.48, 0.22, MIT
0.49, 0.46, 0.42, 0.46, 0.5, 0.0, 0.55, 0.22, NUC
0.46, 0.44, 0.53, 0.31, 0.5, 0.0, 0.48, 0.22, MIT
0.49, 0.6, 0.55, 0.17, 0.5, 0.0, 0.44, 0.22, CYT
0.53, 0.61, 0.51, 0.49, 0.5, 0.0, 0.54, 0.27, MIT
0.4, 0.53, 0.44, 0.18, 0.5, 0.0, 0.54, 0.31, NUC
0.5, 0.5, 0.54, 0.16, 0.5, 0.0, 0.49, 0.22, POX
0.45, 0.46, 0.61, 0.2, 0.5, 0.0, 0.62, 0.22, CYT
0.4, 0.36, 0.55, 0.15, 0.5, 0.0, 0.53, 0.22, VAC
0.48, 0.52, 0.49, 0.35, 0.5, 0.5, 0.51, 0.22, MIT
0.57, 0.49, 0.5, 0.2, 0.5, 0.0, 0.51, 0.28, CYT
0.74, 0.72, 0.5, 0.28, 0.5, 0.0, 0.49, 0.27, EXC
0.31, 0.3, 0.34, 0.19, 0.5, 0.0, 0.55, 0.3, ME3
0.47, 0.54, 0.53, 0.77, 0.5, 0.0, 0.52, 0.36, MIT
0.5, 0.45, 0.53, 0.21, 0.5, 0.0, 0.28, 0.22, NUC
0.55, 0.63, 0.54, 0.16, 0.5, 0.0, 0.45, 0.27, CYT
0.33, 0.21, 0.53, 0.15, 1.0, 0.0, 0.52, 0.5, NUC
0.37, 0.44, 0.51, 0.56, 0.5, 0.0, 0.5, 0.38, NUC
0.68, 0.53, 0.44, 0.31, 0.5, 0.0, 0.51, 0.22, MIT
0.39, 0.16, 0.59, 0.08, 0.5, 0.0, 0.51, 0.27, NUC
0.47, 0.43, 0.48, 0.16, 0.5, 0.0, 0.46, 0.27, NUC
0.43, 0.41, 0.51, 0.34, 0.5, 0.0, 0.49, 0.28, NUC
0.54, 0.53, 0.53, 0.17, 0.5, 0.0, 0.51, 0.39, NUC
0.53, 0.46, 0.54, 0.37, 0.5, 0.0, 0.51, 0.3, NUC
0.57, 0.51, 0.58, 0.22, 0.5, 0.0, 0.51, 0.22, NUC
0.37, 0.58, 0.5, 0.22, 0.5, 0.0, 0.47, 0.22, NUC
0.5, 0.36, 0.64, 0.37, 0.5, 0.0, 0.37, 0.33, NUC
0.54, 0.55, 0.56, 0.14, 0.5, 0.0, 0.5, 0.25, CYT
0.45, 0.5, 0.57, 0.29, 0.5, 0.0, 0.44, 0.11, CYT
0.61, 0.38, 0.57, 0.36, 0.5, 0.0, 0.44, 0.21, CYT
0.37, 0.45, 0.53, 0.14, 0.5, 0.0, 0.49, 0.22, NUC
0.46, 0.35, 0.69, 0.18, 0.5, 0.0, 0.3, 0.25, CYT
0.46, 0.35, 0.69, 0.18, 0.5, 0.0, 0.3, 0.25, CYT
0.56, 0.35, 0.47, 0.35, 0.5, 0.0, 0.52, 0.22, CYT
0.44, 0.62, 0.53, 0.27, 0.5, 0.0, 0.49, 0.22, NUC
0.32, 0.44, 0.54, 0.21, 0.5, 0.0, 0.4, 0.19, CYT
0.51, 0.4, 0.5, 0.28, 0.5, 0.0, 0.48, 0.27, CYT
0.5, 0.48, 0.48, 0.23, 0.5, 0.0, 0.53, 0.68, CYT
0.39, 0.46, 0.33, 0.18, 0.5, 0.0, 0.53, 0.22, ME3
0.38, 0.4, 0.53, 0.12, 0.5, 0.0, 0.55, 0.22, CYT
0.55, 0.55, 0.52, 0.13, 0.5, 0.0, 0.53, 0.25, CYT
0.46, 0.44, 0.58, 0.17, 0.5, 0.0, 0.55, 0.22, CYT
0.51, 0.51, 0.32, 0.27, 0.5, 0.0, 0.54, 0.22, ME3
0.47, 0.52, 0.54, 0.25, 0.5, 0.0, 0.54, 0.29, MIT
0.52, 0.55, 0.39, 0.09, 1.0, 0.0, 0.55, 0.25, ME3
0.42, 0.28, 0.49, 0.22, 0.5, 0.0, 0.55, 0.34, NUC
0.37, 0.47, 0.49, 0.12, 0.5, 0.0, 0.47, 0.31, NUC
0.27, 0.46, 0.52, 0.17, 0.5, 0.0, 0.49, 0.44, NUC
0.52, 0.31, 0.56, 0.16, 0.5, 0.0, 0.55, 0.22, NUC
0.6, 0.62, 0.54, 0.11, 0.5, 0.0, 0.51, 0.22, NUC
0.47, 0.32, 0.51, 0.24, 0.5, 0.0, 0.54, 0.27, NUC
0.61, 0.5, 0.61, 0.21, 0.5, 0.0, 0.55, 0.54, CYT
0.5, 0.52, 0.51, 0.22, 0.5, 0.0, 0.46, 0.37, CYT
0.41, 0.42, 0.23, 0.16, 0.5, 0.0, 0.4, 0.22, ME3
0.49, 0.55, 0.41, 0.19, 0.5, 0.0, 0.48, 0.31, ME3
0.74, 0.82, 0.46, 0.24, 0.5, 0.0, 0.5, 0.31, EXC
0.58, 0.37, 0.58, 0.16, 0.5, 0.0, 0.51, 0.22, NUC
0.31, 0.4, 0.31, 0.17, 0.5, 0.0, 0.52, 0.22, ME3
0.62, 0.42, 0.47, 0.16, 0.5, 0.0, 0.52, 0.22, CYT
0.59, 0.51, 0.47, 0.21, 0.5, 0.0, 0.47, 0.22, CYT
0.57, 0.35, 0.5, 0.43, 0.5, 0.0, 0.53, 0.22, CYT
0.42, 0.5, 0.59, 0.17, 0.5, 0.0, 0.51, 0.22, CYT
0.33, 0.36, 0.62, 0.26, 0.5, 0.0, 0.55, 0.22, CYT
0.48, 0.39, 0.56, 0.23, 0.5, 0.0, 0.6, 0.22, CYT
0.51, 0.49, 0.48, 0.55, 0.5, 0.0, 0.52, 0.58, CYT
0.36, 0.51, 0.51, 0.17, 0.5, 0.0, 0.52, 0.22, VAC
0.64, 0.56, 0.52, 0.17, 0.5, 0.0, 0.54, 0.47, NUC
0.45, 0.51, 0.43, 0.22, 0.5, 0.0, 0.57, 0.22, NUC
0.24, 0.25, 0.57, 0.28, 0.5, 0.0, 0.51, 0.11, CYT
0.22, 0.53, 0.36, 0.22, 0.5, 0.0, 0.54, 0.31, ME3
0.2, 0.6, 0.5, 0.29, 0.5, 0.0, 0.51, 0.22, ME3
0.92, 0.66, 0.52, 0.23, 0.5, 0.0, 0.53, 0.22, ME1
0.85, 0.85, 0.3, 0.31, 0.5, 0.0, 0.55, 0.42, ME1
0.38, 0.4, 0.39, 0.19, 0.5, 0.0, 0.46, 0.62, NUC
0.25, 0.4, 0.52, 0.15, 0.5, 0.0, 0.56, 0.28, NUC
0.39, 0.58, 0.47, 0.18, 0.5, 0.0, 0.48, 0.22, MIT
0.81, 0.62, 0.43, 0.17, 0.5, 0.0, 0.53, 0.22, ME2
0.4, 0.44, 0.49, 0.47, 0.5, 0.0, 0.49, 0.27, NUC
0.81, 0.9, 0.39, 0.41, 0.5, 0.0, 0.53, 0.22, ME2
0.57, 0.61, 0.55, 0.67, 0.5, 0.0, 0.48, 0.22, MIT
0.6, 0.51, 0.52, 0.45, 0.5, 0.0, 0.5, 0.27, MIT
0.45, 0.53, 0.51, 0.42, 0.5, 0.0, 0.52, 0.22, MIT
0.39, 0.44, 0.54, 0.24, 0.5, 0.0, 0.51, 0.49, NUC
0.3, 0.33, 0.55, 0.12, 0.5, 0.0, 0.53, 0.38, CYT
0.47, 0.55, 0.57, 0.17, 0.5, 0.0, 0.52, 0.66, NUC
0.37, 0.4, 0.38, 0.18, 0.5, 0.0, 0.51, 0.22, ME3
0.66, 0.65, 0.54, 0.4, 0.5, 0.0, 0.51, 0.22, EXC
0.5, 0.43, 0.5, 0.17, 0.5, 0.0, 0.46, 0.47, NUC
0.54, 0.43, 0.48, 0.27, 0.5, 0.0, 0.44, 0.41, CYT
0.4, 0.36, 0.32, 0.16, 0.5, 0.0, 0.51, 0.27, VAC
0.82, 0.63, 0.47, 0.18, 0.5, 0.0, 0.5, 0.22, POX
