@relation .a/segment-3/segment-3
@attribute Region-centroid-col real [1.0, 254.0]
@attribute Region-centroid-row real [11.0, 251.0]
@attribute Region-pixel-count real [9.0, 10.0]
@attribute Short-line-density-5 real [0.0, 0.33333334]
@attribute Short-line-density-2 real [0.0, 0.22222222]
@attribute Vedge-mean real [0.0, 29.222221]
@attribute Vegde-sd real [0.0, 991.7184]
@attribute Hedge-mean real [0.0, 44.722225]
@attribute Hedge-sd real [-1.5894573E-8, 1386.3292]
@attribute Intensity-mean real [0.0, 143.44444]
@attribute Rawred-mean real [0.0, 137.11111]
@attribute Rawblue-mean real [0.0, 150.88889]
@attribute Rawgreen-mean real [0.0, 142.55556]
@attribute Exred-mean real [-49.666668, 9.888889]
@attribute Exblue-mean real [-12.444445, 82.0]
@attribute Exgreen-mean real [-33.88889, 24.666666]
@attribute Value-mean real [0.0, 150.88889]
@attribute Saturatoin-mean real [0.0, 1.0]
@attribute Hue-mean real [-3.0441751, 2.9124804]
@attribute Class {1, 2, 3, 4, 5, 6, 7}
@inputs Region-centroid-col, Region-centroid-row, Region-pixel-count, Short-line-density-5, Short-line-density-2, Vedge-mean, Vegde-sd, Hedge-mean, Hedge-sd, Intensity-mean, Rawred-mean, Rawblue-mean, Rawgreen-mean, Exred-mean, Exblue-mean, Exgreen-mean, Value-mean, Saturatoin-mean, Hue-mean
@outputs Class
@data
69.0, 85.0, 9.0, 0.11111111, 0.0, 3.1111114, 8.207409, 3.944444, 9.440739, 21.444445, 20.444445, 28.11111, 15.777778, -3.0, 20.0, -17.0, 28.11111, 0.43740398, -1.6598793, 1
243.0, 120.0, 9.0, 0.0, 0.0, 4.4444447, 4.359749, 1.5555547, 1.8338387, 47.851852, 44.77778, 56.333332, 42.444443, -9.222222, 25.444445, -16.222221, 56.333332, 0.2453213, -1.9107349, 4
160.0, 41.0, 9.0, 0.0, 0.0, 0.8333333, 0.8096638, 0.22222225, 0.17213258, 0.7037037, 0.5555556, 1.2222222, 0.33333334, -0.44444445, 1.5555556, -1.1111112, 1.2222222, 0.537037, -1.8451205, 5
96.0, 13.0, 9.0, 0.0, 0.0, 0.8333308, 0.47777966, 0.55555725, 0.20740579, 131.77777, 122.111115, 144.77777, 128.44444, -29.0, 39.0, -10.0, 144.77777, 0.1565683, -2.386251, 2
97.0, 130.0, 9.0, 0.0, 0.0, 0.72222215, 0.50740737, 1.0555556, 0.685185, 5.851852, 7.3333335, 6.888889, 3.3333333, 4.4444447, 3.1111112, -7.5555553, 7.6666665, 0.5701058, -0.96304834, 1
98.0, 41.0, 9.0, 0.0, 0.0, 1.7222265, 0.77407277, 1.1111145, 0.87406844, 137.14815, 130.66667, 147.22223, 133.55556, -19.444445, 30.222221, -10.777778, 147.22223, 0.112421244, -2.2685292, 2
23.0, 85.0, 9.0, 0.0, 0.0, 1.4444445, 1.0518525, 1.777778, 0.96296287, 17.962963, 18.88889, 21.88889, 13.111111, 2.7777777, 11.777778, -14.555555, 21.88889, 0.39975148, -1.386867, 1
14.0, 28.0, 9.0, 0.0, 0.0, 0.55555344, 0.07407452, 1.2222214, 0.4296262, 110.48148, 97.888885, 131.11111, 102.44444, -37.77778, 61.88889, -24.11111, 131.11111, 0.25329855, -2.238865, 2
4.0, 96.0, 9.0, 0.0, 0.0, 2.222222, 2.9629638, 1.5555555, 2.2518516, 3.5555556, 0.8888889, 7.7777777, 2.0, -8.0, 12.666667, -4.6666665, 7.7777777, 0.91006523, -2.2444818, 3
166.0, 154.0, 9.0, 0.0, 0.0, 0.11111113, 0.029629637, 0.44444445, 0.074074075, 0.7037037, 0.22222222, 1.8888888, 0.0, -1.4444444, 3.5555556, -2.1111112, 1.8888888, 1.0, -2.0175102, 5
182.0, 39.0, 9.0, 0.0, 0.0, 5.5000005, 5.737789, 0.611111, 0.8798151, 9.518518, 7.3333335, 14.333333, 6.888889, -6.5555553, 14.444445, -7.888889, 14.333333, 0.5760211, -2.0362277, 5
236.0, 102.0, 9.0, 0.0, 0.0, 1.0555559, 0.06296285, 1.7777792, 1.229628, 51.703705, 46.22222, 64.333336, 44.555557, -16.444445, 37.88889, -21.444445, 64.333336, 0.30700684, -2.0098543, 4
6.0, 174.0, 9.0, 0.0, 0.0, 1.8888888, 1.0074061, 2.8888886, 4.0296297, 19.074074, 15.111111, 17.777779, 24.333334, -11.888889, -3.8888888, 15.777778, 24.333334, 0.38186744, 2.3950183, 7
198.0, 183.0, 9.0, 0.0, 0.0, 1.0555547, 1.1816497, 3.3888881, 1.5974506, 54.037037, 48.88889, 66.55556, 46.666668, -15.444445, 37.555557, -22.11111, 66.55556, 0.2986217, -1.9749589, 6
80.0, 116.0, 9.0, 0.0, 0.0, 1.5, 1.6333328, 1.5555557, 0.87407404, 21.703703, 21.222221, 27.555555, 16.333334, -1.4444444, 17.555555, -16.11111, 27.555555, 0.40736422, -1.6322426, 1
13.0, 191.0, 9.0, 0.0, 0.0, 3.5555556, 5.4074097, 7.777778, 40.02962, 25.296297, 23.555555, 29.88889, 22.444445, -5.2222223, 13.777778, -8.555555, 30.11111, 0.2371126, -1.8582636, 6
82.0, 109.0, 9.0, 0.11111111, 0.0, 0.722223, 0.24074084, 1.3333336, 0.8000008, 17.777779, 19.222221, 21.0, 13.111111, 4.3333335, 9.666667, -14.0, 21.0, 0.37602362, -1.2765617, 1
181.0, 162.0, 9.0, 0.0, 0.0, 2.6666653, 7.155551, 13.388888, 9.662939, 42.185184, 36.444443, 51.333332, 38.77778, -17.222221, 27.444445, -10.222222, 51.333332, 0.28552282, -2.3274822, 6
47.0, 232.0, 9.0, 0.0, 0.0, 1.2777778, 1.254621, 1.0, 0.8944273, 12.703704, 11.0, 9.0, 18.11111, -5.111111, -11.111111, 16.222221, 18.11111, 0.50096595, 1.875362, 7
23.0, 85.0, 9.0, 0.0, 0.0, 1.4444445, 1.0518525, 1.777778, 0.96296287, 17.962963, 18.88889, 21.88889, 13.111111, 2.7777777, 11.777778, -14.555555, 21.88889, 0.39975148, -1.386867, 1
145.0, 155.0, 9.0, 0.0, 0.11111111, 4.944444, 35.618523, 9.944445, 121.396286, 11.296296, 7.7777777, 17.555555, 8.555555, -10.555555, 18.777779, -8.222222, 17.555555, 0.74729437, -2.1405313, 5
231.0, 30.0, 9.0, 0.0, 0.11111111, 0.72222215, 0.7123252, 2.9999998, 2.7968237, 7.037037, 4.7777777, 11.666667, 4.666667, -6.7777777, 13.888889, -7.111111, 11.666667, 0.6137184, -2.047276, 5
33.0, 142.0, 9.0, 0.0, 0.0, 1.888889, 1.3770607, 0.88888884, 1.4089661, 3.851852, 1.6666666, 7.2222223, 2.6666667, -6.5555553, 10.111111, -3.5555556, 7.2222223, 0.8135803, -2.2806025, 3
14.0, 146.0, 9.0, 0.11111111, 0.0, 0.888889, 0.4740738, 1.1111112, 0.7407407, 10.592592, 8.0, 15.666667, 8.111112, -7.7777777, 15.222222, -7.4444447, 15.666667, 0.48786426, -2.1089108, 4
56.0, 107.0, 9.0, 0.0, 0.11111111, 4.555556, 13.407408, 6.7777786, 23.185177, 7.962963, 4.5555553, 13.0, 6.3333335, -10.222222, 15.111111, -4.888889, 13.0, 0.7305922, -2.2917624, 3
167.0, 189.0, 9.0, 0.0, 0.0, 3.7777774, 2.2377224, 3.7777774, 1.544405, 58.407406, 51.333332, 72.44444, 51.444443, -21.222221, 42.11111, -20.88889, 72.44444, 0.29552308, -2.1013258, 6
222.0, 189.0, 9.0, 0.0, 0.0, 0.833333, 1.0055403, 1.0000006, 1.1925697, 17.296297, 14.555555, 14.111111, 23.222221, -8.222222, -9.555555, 17.777779, 23.222221, 0.41042024, 2.0604427, 7
209.0, 94.0, 9.0, 0.0, 0.0, 1.0000002, 0.7601168, 0.6111111, 0.49065334, 9.111111, 5.888889, 15.222222, 6.2222223, -9.666667, 18.333334, -8.666667, 15.222222, 0.6197129, -2.1293402, 5
174.0, 77.0, 9.0, 0.0, 0.0, 1.0000025, 0.31110775, 1.2777761, 1.3518436, 135.92592, 128.55556, 147.33334, 131.88889, -22.11111, 34.22222, -12.111111, 147.33334, 0.12738518, -2.2771459, 2
112.0, 197.0, 9.0, 0.0, 0.0, 4.2222233, 2.9938211, 4.9444447, 3.1227946, 50.333332, 44.666668, 62.22222, 44.11111, -17.0, 35.666668, -18.666666, 62.22222, 0.29632849, -2.0712209, 6
95.0, 47.0, 9.0, 0.0, 0.0, 0.7222201, 0.3296295, 1.4999987, 0.47777686, 107.111115, 93.22222, 128.77779, 99.333336, -41.666668, 65.0, -23.333334, 128.77779, 0.2759571, -2.2710717, 2
224.0, 242.0, 9.0, 0.0, 0.0, 1.8888888, 0.829629, 2.222222, 3.2740743, 11.740741, 8.666667, 10.777778, 15.777778, -9.222222, -2.8888888, 12.111111, 15.777778, 0.45454717, 2.386597, 7
249.0, 207.0, 9.0, 0.22222222, 0.0, 2.7222226, 0.9289574, 0.888889, 0.27216536, 12.148149, 9.555555, 10.333334, 16.555555, -7.7777777, -5.4444447, 13.222222, 16.555555, 0.43238926, 2.2172632, 7
169.0, 104.0, 9.0, 0.0, 0.0, 1.5555555, 1.7722139, 5.611111, 2.2550344, 18.518518, 16.0, 23.333334, 16.222223, -7.5555553, 14.444445, -6.888889, 23.333334, 0.31471258, -2.1139183, 5
2.0, 63.0, 9.0, 0.0, 0.0, 1.2222219, 0.5629627, 1.4999999, 0.7000005, 18.074074, 17.222223, 23.666666, 13.333333, -2.5555556, 16.777779, -14.222222, 23.666666, 0.43502074, -1.6838473, 1
170.0, 189.0, 9.0, 0.0, 0.0, 2.277778, 1.3235757, 2.4444447, 1.7847092, 51.11111, 45.77778, 63.333332, 44.22222, -16.0, 36.666668, -20.666666, 63.333332, 0.30134642, -2.0089307, 6
166.0, 65.0, 9.0, 0.0, 0.0, 0.7777774, 0.7851876, 0.7222214, 0.3296294, 97.333336, 82.77778, 121.111115, 88.111115, -43.666668, 71.333336, -27.666666, 121.111115, 0.316474, -2.2391438, 2
132.0, 223.0, 9.0, 0.0, 0.0, 2.1111112, 0.72008204, 1.7777777, 0.9349196, 16.518518, 13.222222, 13.444445, 22.88889, -9.888889, -9.222222, 19.11111, 22.88889, 0.43312526, 2.1195462, 7
236.0, 193.0, 9.0, 0.0, 0.0, 2.6666653, 1.6865476, 4.0555553, 3.2756124, 49.11111, 43.333332, 61.22222, 42.77778, -17.333334, 36.333332, -19.0, 61.22222, 0.30314395, -2.0654206, 6
57.0, 89.0, 9.0, 0.11111111, 0.0, 0.5555547, 0.27216887, 1.2777786, 0.77220285, 106.07407, 93.111115, 125.44444, 99.666664, -38.88889, 58.11111, -19.222221, 125.44444, 0.25774616, -2.3062038, 2
88.0, 88.0, 9.0, 0.0, 0.0, 0.833333, 0.4777776, 2.888889, 2.3851826, 22.148148, 21.333334, 28.444445, 16.666668, -2.4444444, 18.88889, -16.444445, 28.444445, 0.41330814, -1.6537874, 1
10.0, 137.0, 9.0, 0.0, 0.0, 0.5555555, 0.07407411, 0.2777778, 0.018518511, 0.9259259, 0.11111111, 2.6666667, 0.0, -2.4444444, 5.2222223, -2.7777777, 2.6666667, 1.0, -2.0561552, 5
202.0, 63.0, 9.0, 0.0, 0.0, 0.38888907, 0.3277309, 0.44444466, 0.27216563, 6.0740743, 4.0, 10.555555, 3.6666667, -6.2222223, 13.444445, -7.2222223, 10.555555, 0.65353537, -2.04457, 5
215.0, 219.0, 9.0, 0.0, 0.0, 2.5555556, 2.2377238, 3.2222223, 2.491467, 13.222222, 10.333334, 10.222222, 19.11111, -8.666667, -9.0, 17.666666, 19.11111, 0.49459508, 2.0861003, 7
55.0, 128.0, 9.0, 0.0, 0.0, 0.3333334, 0.044444483, 0.38888893, 0.1518518, 5.037037, 6.888889, 5.4444447, 2.7777777, 5.5555553, 1.2222222, -6.7777777, 6.888889, 0.59391534, -0.6886007, 1
226.0, 83.0, 9.0, 0.0, 0.0, 0.8888893, 0.5185186, 1.0555521, 0.50740635, 90.62963, 74.55556, 116.888885, 80.44444, -48.22222, 78.77778, -30.555555, 116.888885, 0.36206177, -2.2390528, 2
167.0, 190.0, 9.0, 0.0, 0.0, 3.055556, 0.85418355, 5.055556, 2.784215, 51.074074, 44.88889, 63.22222, 45.11111, -18.555555, 36.444443, -17.88889, 63.22222, 0.29895782, -2.1126902, 6
57.0, 119.0, 9.0, 0.0, 0.0, 2.2777774, 2.0266733, 1.7777777, 1.721326, 20.592592, 12.222222, 33.666668, 15.888889, -25.11111, 39.22222, -14.111111, 33.666668, 0.6356236, -2.2681484, 3
138.0, 116.0, 9.0, 0.0, 0.0, 0.6111111, 0.15185188, 0.4444445, 0.20740739, 6.4814816, 7.5555553, 8.222222, 3.6666667, 3.2222223, 5.2222223, -8.444445, 8.333334, 0.5591711, -1.1910701, 1
189.0, 115.0, 9.0, 0.0, 0.0, 0.16666675, 0.033333365, 0.33333325, 0.13333328, 6.6666665, 8.222222, 7.888889, 3.8888888, 4.6666665, 3.6666667, -8.333333, 8.444445, 0.53858024, -0.96514446, 1
64.0, 49.0, 9.0, 0.0, 0.0, 0.94444656, 0.2407416, 0.7222252, 0.4185201, 108.888885, 97.111115, 128.88889, 100.666664, -35.333332, 60.0, -24.666666, 128.88889, 0.246491, -2.211659, 2
92.0, 62.0, 9.0, 0.0, 0.0, 1.8888868, 1.3109239, 1.8888868, 0.72008234, 123.48148, 112.333336, 139.33334, 118.77778, -33.444443, 47.555557, -14.111111, 139.33334, 0.19369136, -2.3434038, 2
217.0, 73.0, 9.0, 0.0, 0.0, 0.88888884, 0.78518516, 1.7222223, 0.86296207, 4.851852, 1.7777778, 9.666667, 3.1111112, -9.222222, 14.444445, -5.2222223, 9.666667, 0.82250714, -2.268176, 3
97.0, 126.0, 9.0, 0.0, 0.0, 1.0555555, 0.37407416, 1.0000001, 0.8444445, 6.4814816, 7.6666665, 8.0, 3.7777777, 3.5555556, 4.5555553, -8.111111, 8.333334, 0.5515873, -1.1181307, 1
94.0, 135.0, 9.0, 0.0, 0.0, 2.277778, 1.2629623, 0.5555555, 0.38518512, 2.1851852, 0.7777778, 4.888889, 0.8888889, -4.2222223, 8.111111, -3.8888888, 4.888889, 0.88800704, -2.1109743, 5
127.0, 118.0, 9.0, 0.22222222, 0.0, 1.722222, 1.5296288, 3.444444, 9.496296, 22.74074, 21.555555, 29.0, 17.666668, -3.5555556, 18.777779, -15.222222, 29.0, 0.3903984, -1.707392, 1
49.0, 95.0, 9.0, 0.0, 0.0, 1.6666665, 5.911111, 3.0, 3.2888885, 5.185185, 2.2222223, 9.444445, 3.8888888, -8.888889, 12.777778, -3.8888888, 9.444445, 0.79410774, -2.3264554, 3
180.0, 162.0, 9.0, 0.0, 0.0, 3.1111095, 5.762963, 12.944446, 9.396256, 41.48148, 35.666668, 50.555557, 38.22222, -17.444445, 27.222221, -9.777778, 50.555557, 0.29110643, -2.3353713, 6
161.0, 147.0, 9.0, 0.0, 0.0, 0.0, 0.0, 0.0, 0.0, 0.0, 0.0, 0.0, 0.0, 0.0, 0.0, 0.0, 0.0, 0.0, 0.0, 5
44.0, 79.0, 9.0, 0.0, 0.0, 0.44444403, 0.34426486, 0.7777786, 0.4036864, 107.74074, 93.888885, 126.55556, 102.77778, -41.555557, 56.444443, -14.888889, 126.55556, 0.2580791, -2.3779652, 2
129.0, 91.0, 9.0, 0.0, 0.11111111, 27.277779, 752.24066, 25.277779, 377.9295, 44.296295, 38.444443, 52.666668, 41.77778, -17.555555, 25.11111, -7.5555553, 52.666668, 0.34888473, -2.3202722, 3
142.0, 111.0, 9.0, 0.0, 0.0, 1.1111113, 0.45541987, 0.55555534, 0.34426492, 28.74074, 24.555555, 35.88889, 25.777779, -12.555555, 21.444445, -8.888889, 35.88889, 0.31548372, -2.2026672, 5
14.0, 134.0, 9.0, 0.0, 0.0, 0.38888884, 0.062962994, 0.38888893, 0.062963024, 5.296296, 6.7777777, 6.2222223, 2.8888888, 4.4444447, 2.7777777, -7.2222223, 7.0, 0.5873016, -0.91263086, 1
149.0, 92.0, 9.0, 0.0, 0.0, 1.2222223, 0.5629636, 2.3333333, 3.822222, 23.666666, 23.11111, 30.333334, 17.555555, -1.6666666, 20.0, -18.333334, 30.333334, 0.4209725, -1.6377774, 1
150.0, 158.0, 9.0, 0.0, 0.0, 2.166667, 1.6333338, 1.388889, 0.41851807, 8.444445, 7.0, 12.222222, 6.111111, -4.3333335, 11.333333, -7.0, 12.222222, 0.50308645, -1.9434487, 4
207.0, 58.0, 9.0, 0.0, 0.0, 0.7777774, 0.34426582, 0.88888806, 0.58372843, 110.37037, 97.666664, 128.11111, 105.333336, -38.11111, 53.22222, -15.111111, 128.11111, 0.2375665, -2.3572707, 2
147.0, 193.0, 9.0, 0.0, 0.0, 6.6111126, 3.6050377, 7.055556, 5.4095254, 51.74074, 46.555557, 63.0, 45.666668, -15.555555, 33.77778, -18.222221, 63.0, 0.27526647, -2.0801742, 6
66.0, 160.0, 9.0, 0.0, 0.0, 3.0000007, 4.044447, 2.777778, 0.4296295, 22.851852, 18.222221, 31.555555, 18.777779, -13.888889, 26.11111, -12.222222, 31.555555, 0.4260139, -2.1387258, 4
170.0, 159.0, 9.0, 0.11111111, 0.0, 2.2777777, 1.420746, 1.611111, 1.1816499, 20.518518, 20.333334, 22.333334, 18.88889, -0.5555556, 5.4444447, -4.888889, 22.333334, 0.15127982, -1.5966792, 4
39.0, 17.0, 9.0, 0.0, 0.0, 1.1111107, 1.0886621, 0.88889056, 0.8073737, 71.18519, 63.333332, 87.333336, 62.88889, -23.555555, 48.444443, -24.88889, 87.333336, 0.2848739, -2.0751612, 4
71.0, 197.0, 9.0, 0.0, 0.0, 2.7222233, 1.8549237, 4.555556, 2.1464868, 55.444443, 49.11111, 69.55556, 47.666668, -19.0, 42.333332, -23.333334, 69.55556, 0.31473875, -2.0243213, 6
72.0, 111.0, 9.0, 0.0, 0.0, 0.5, 0.3, 0.9444444, 1.396296, 1.2962962, 0.0, 3.5555556, 0.33333334, -3.8888888, 6.7777777, -2.8888888, 3.5555556, 1.0, -2.1394942, 3
58.0, 25.0, 9.0, 0.0, 0.0, 0.7777799, 0.50184816, 0.3888893, 0.3277306, 112.22222, 97.77778, 131.33334, 107.55556, -43.333332, 57.333332, -14.0, 131.33334, 0.25541002, -2.3968942, 2
24.0, 93.0, 9.0, 0.0, 0.0, 1.6111094, 0.7722033, 2.0555553, 1.7309806, 62.851852, 54.77778, 79.22222, 54.555557, -24.222221, 49.11111, -24.88889, 79.22222, 0.3155379, -2.0837152, 4
69.0, 17.0, 9.0, 0.0, 0.0, 0.61111194, 0.10740544, 0.6666667, 0.3111077, 130.2963, 120.77778, 143.88889, 126.22222, -28.555555, 40.77778, -12.222222, 143.88889, 0.1606036, -2.3394933, 2
232.0, 175.0, 9.0, 0.0, 0.0, 1.1666669, 0.62360954, 2.8333333, 2.1679492, 15.37037, 12.444445, 13.555555, 20.11111, -8.777778, -5.4444447, 14.222222, 20.11111, 0.38741234, 2.2421958, 7
79.0, 44.0, 9.0, 0.0, 0.0, 4.8888893, 3.2018518, 2.1111126, 1.1287482, 58.666668, 50.11111, 75.55556, 50.333332, -25.666666, 50.666668, -25.0, 75.55556, 0.33991683, -2.1026516, 4
9.0, 80.0, 9.0, 0.0, 0.0, 2.9444444, 13.751853, 16.666666, 71.5111, 23.62963, 17.333334, 31.666666, 21.88889, -18.88889, 24.11111, -5.2222223, 31.666666, 0.5142537, -2.4315135, 3
170.0, 121.0, 9.0, 0.0, 0.0, 2.166667, 1.8348485, 2.7222223, 1.9254632, 32.37037, 28.666666, 40.555557, 27.88889, -11.111111, 24.555555, -13.444445, 40.555557, 0.3134271, -2.0242684, 4
56.0, 196.0, 9.0, 0.0, 0.0, 2.38889, 1.4207458, 4.444445, 4.3902254, 50.074074, 44.333332, 62.22222, 43.666668, -17.222221, 36.444443, -19.222221, 62.22222, 0.2979628, -2.0547533, 6
113.0, 128.0, 9.0, 0.0, 0.0, 0.22222222, 0.07407408, 0.38888887, 0.15185186, 0.7407407, 0.0, 2.2222223, 0.0, -2.2222223, 4.4444447, -2.2222223, 2.2222223, 1.0, -2.0943952, 3
31.0, 96.0, 9.0, 0.0, 0.0, 2.3333333, 3.6, 2.7777777, 6.162962, 3.7777777, 1.0, 8.0, 2.3333335, -8.333333, 12.666667, -4.3333335, 8.0, 0.90923554, -2.268209, 3
101.0, 121.0, 9.0, 0.11111111, 0.0, 0.6666667, 0.843274, 1.5, 0.88819396, 3.4074075, 1.1111112, 6.0, 3.1111112, -6.888889, 7.7777777, -0.8888889, 6.0, 0.8435185, -2.5191648, 3
154.0, 249.0, 9.0, 0.0, 0.0, 3.5, 2.306994, 4.5555553, 3.5381527, 18.0, 14.666667, 15.666667, 23.666666, -10.0, -7.0, 17.0, 23.666666, 0.39839673, 2.214996, 7
184.0, 44.0, 9.0, 0.0, 0.0, 0.50000125, 0.12222207, 1.0, 0.7555569, 99.0, 85.0, 121.44444, 90.55556, -42.0, 67.333336, -25.333334, 121.44444, 0.30001867, -2.2545414, 2
18.0, 90.0, 9.0, 0.0, 0.0, 1.0555555, 0.37407416, 0.6666667, 0.22222227, 2.8148148, 0.5555556, 6.888889, 1.0, -6.7777777, 12.222222, -5.4444447, 6.888889, 0.9261464, -2.1643226, 3
88.0, 115.0, 9.0, 0.0, 0.0, 1.666667, 1.8222212, 4.166667, 4.2111125, 22.037037, 21.333334, 28.0, 16.777779, -2.1111112, 17.88889, -15.777778, 28.0, 0.3973624, -1.6195486, 1
240.0, 75.0, 9.0, 0.0, 0.0, 29.222221, 749.76294, 10.222221, 99.0963, 38.037037, 29.777779, 50.666668, 33.666668, -24.777779, 37.88889, -13.111111, 50.666668, 0.46491185, -2.2841873, 3
81.0, 126.0, 9.0, 0.0, 0.11111111, 1.9444443, 1.12963, 1.0555555, 0.28518513, 2.9629629, 0.5555556, 6.5555553, 1.7777778, -7.2222223, 10.777778, -3.5555556, 6.5555553, 0.93570626, -2.2890973, 3
146.0, 238.0, 9.0, 0.0, 0.0, 2.0555556, 0.59629667, 2.6666665, 1.8666656, 17.777779, 15.0, 16.555555, 21.777779, -8.333333, -3.6666667, 12.0, 21.777779, 0.3152556, 2.3374724, 7
220.0, 36.0, 9.0, 0.0, 0.0, 0.94444275, 0.8004619, 1.0555559, 0.85418165, 114.03704, 100.77778, 132.44444, 108.888885, -39.77778, 55.22222, -15.444445, 132.44444, 0.23908533, -2.3622375, 2
22.0, 60.0, 9.0, 0.0, 0.0, 0.5, 0.30000025, 1.2777777, 0.7296294, 19.925926, 19.333334, 25.777779, 14.666667, -1.7777778, 17.555555, -15.777778, 25.777779, 0.43048432, -1.650048, 1
115.0, 81.0, 9.0, 0.0, 0.0, 0.72222394, 0.64693224, 0.72222394, 0.38968277, 105.92593, 91.888885, 124.888885, 101.0, -42.11111, 56.88889, -14.777778, 124.888885, 0.26421982, -2.3822613, 2
209.0, 66.0, 9.0, 0.0, 0.0, 1.0555559, 0.4629649, 1.1111132, 0.60740495, 93.44444, 79.111115, 117.333336, 83.888885, -43.0, 71.666664, -28.666666, 117.333336, 0.32571116, -2.2248445, 2
170.0, 88.0, 9.0, 0.0, 0.0, 0.72222203, 0.3896814, 0.8333333, 0.4594679, 22.333334, 18.222221, 29.333334, 19.444445, -12.333333, 21.0, -8.666667, 29.333334, 0.3786151, -2.2082899, 5
28.0, 162.0, 9.0, 0.11111111, 0.0, 1.1666666, 0.6236098, 1.4444443, 1.3277662, 25.11111, 19.666668, 26.11111, 29.555555, -16.333334, 3.0, 13.333333, 29.555555, 0.33512673, 2.769038, 7
24.0, 15.0, 9.0, 0.0, 0.0, 0.8333346, 0.6912141, 1.1111107, 0.54432976, 70.07407, 61.0, 87.44444, 61.77778, -27.222221, 52.11111, -24.88889, 87.44444, 0.30227023, -2.1249814, 4
233.0, 105.0, 9.0, 0.0, 0.0, 6.277777, 2.313408, 0.9444445, 0.742867, 15.185185, 12.666667, 19.777779, 13.111111, -7.5555553, 13.777778, -6.2222223, 19.777779, 0.35376814, -2.1615713, 5
177.0, 190.0, 9.0, 0.0, 0.0, 0.94444466, 0.82775986, 1.3888893, 0.9525794, 52.407406, 47.333332, 64.55556, 45.333332, -15.222222, 36.444443, -21.222221, 64.55556, 0.29773334, -1.9858987, 6
59.0, 99.0, 9.0, 0.0, 0.0, 0.77777785, 0.8296297, 0.99999994, 0.3555556, 2.0370371, 0.11111111, 5.5555553, 0.44444445, -5.7777777, 10.555555, -4.7777777, 5.5555553, 0.9861111, -2.149743, 3
117.0, 246.0, 9.0, 0.0, 0.0, 2.277778, 5.6185174, 2.6666665, 5.866666, 15.444445, 12.0, 14.333333, 20.0, -10.333333, -3.3333333, 13.666667, 20.0, 0.3959547, 2.395692, 7
107.0, 129.0, 9.0, 0.0, 0.0, 0.55555564, 0.56296325, 0.8888889, 0.8740743, 6.6666665, 8.444445, 7.5555553, 4.0, 5.3333335, 2.6666667, -8.0, 8.444445, 0.53055555, -0.8439043, 1
159.0, 210.0, 9.0, 0.0, 0.0, 1.4999999, 1.3666656, 1.5555555, 2.1629632, 12.962963, 9.444445, 12.0, 17.444445, -10.555555, -2.8888888, 13.444445, 17.444445, 0.4604365, 2.4287496, 7
67.0, 34.0, 9.0, 0.0, 0.0, 1.1111113, 1.2232314, 0.555556, 0.5837306, 54.25926, 46.22222, 70.333336, 46.22222, -24.11111, 48.22222, -24.11111, 70.333336, 0.34747013, -2.0945199, 4
96.0, 236.0, 9.0, 0.0, 0.0, 1.7222222, 3.840741, 1.7222223, 1.1296297, 13.962963, 10.777778, 12.444445, 18.666668, -9.555555, -4.5555553, 14.111111, 18.666668, 0.42423514, 2.3206298, 7
241.0, 90.0, 9.0, 0.0, 0.11111111, 5.6666665, 23.377783, 6.7777786, 63.76296, 9.0, 4.7777777, 15.666667, 6.5555553, -12.666667, 20.0, -7.3333335, 15.666667, 0.7629189, -2.2663894, 3
185.0, 102.0, 9.0, 0.0, 0.0, 11.055557, 73.70736, 0.44444528, 0.20740719, 56.77778, 51.11111, 69.111115, 50.11111, -17.0, 37.0, -20.0, 69.111115, 0.27435303, -2.034054, 4
143.0, 34.0, 9.0, 0.0, 0.0, 1.0555547, 0.9289564, 1.388888, 0.8798136, 125.48148, 113.666664, 142.0, 120.77778, -35.444443, 49.555557, -14.111111, 142.0, 0.19951604, -2.3572717, 2
62.0, 26.0, 9.0, 0.0, 0.0, 0.7777774, 0.27216512, 0.44444403, 0.40368605, 112.22222, 98.333336, 130.88889, 107.44444, -41.666668, 56.0, -14.333333, 130.88889, 0.24869815, -2.38614, 2
121.0, 113.0, 9.0, 0.0, 0.0, 1.722222, 1.5296303, 2.944444, 1.5296295, 20.25926, 20.0, 25.444445, 15.333333, -0.7777778, 15.555555, -14.777778, 25.444445, 0.39658895, -1.5856091, 1
118.0, 126.0, 9.0, 0.0, 0.0, 0.6666667, 0.39999974, 1.8333336, 2.1222224, 20.555555, 16.11111, 28.666666, 16.88889, -13.333333, 24.333334, -11.0, 28.666666, 0.437078, -2.1588047, 4
99.0, 149.0, 9.0, 0.0, 0.0, 3.6666667, 4.577775, 2.111111, 1.5851847, 21.37037, 16.666668, 30.0, 17.444445, -14.111111, 25.88889, -11.777778, 30.0, 0.4451721, -2.1417873, 4
210.0, 114.0, 9.0, 0.0, 0.0, 1.2777778, 1.3074073, 0.61111087, 0.06296301, 16.185184, 11.444445, 25.0, 12.111111, -14.222222, 26.444445, -12.222222, 25.0, 0.5462072, -2.1416595, 5
145.0, 248.0, 9.0, 0.0, 0.0, 2.0555553, 1.7180947, 2.111111, 1.3770607, 26.88889, 23.222221, 25.11111, 32.333336, -11.0, -5.3333335, 16.333334, 32.333336, 0.2916751, 2.2850983, 7
20.0, 134.0, 9.0, 0.0, 0.0, 0.6666667, 0.088888995, 0.61111116, 0.24074072, 2.9629629, 1.1111112, 6.4444447, 1.3333334, -5.5555553, 10.444445, -4.888889, 6.4444447, 0.8292328, -2.133095, 5
51.0, 237.0, 9.0, 0.11111111, 0.0, 2.5555556, 2.5356712, 2.3333333, 1.2292727, 14.148149, 11.111111, 13.0, 18.333334, -9.111111, -3.4444444, 12.555555, 18.333334, 0.39798474, 2.3784301, 7
121.0, 113.0, 9.0, 0.0, 0.0, 1.722222, 1.5296303, 2.944444, 1.5296295, 20.25926, 20.0, 25.444445, 15.333333, -0.7777778, 15.555555, -14.777778, 25.444445, 0.39658895, -1.5856091, 1
152.0, 98.0, 9.0, 0.0, 0.0, 7.0000014, 3.8873014, 1.0555559, 0.7722023, 28.777779, 24.88889, 37.11111, 24.333334, -11.666667, 25.0, -13.333333, 37.11111, 0.34639803, -2.0429404, 4
212.0, 234.0, 9.0, 0.0, 0.0, 0.4444445, 0.11851848, 1.0555555, 0.28518525, 7.111111, 6.0, 4.2222223, 11.111111, -3.3333333, -8.666667, 12.0, 11.111111, 0.62132436, 1.8382597, 7
35.0, 67.0, 9.0, 0.11111111, 0.0, 2.6666653, 1.1352928, 3.833332, 1.9407902, 106.07407, 92.111115, 125.55556, 100.55556, -41.88889, 58.444443, -16.555555, 125.55556, 0.26643977, -2.3573377, 2
171.0, 187.0, 9.0, 0.0, 0.11111111, 2.9444454, 1.7309813, 2.6666672, 2.4312778, 48.37037, 43.333332, 60.11111, 41.666668, -15.111111, 35.22222, -20.11111, 60.11111, 0.3067255, -1.9985466, 6
159.0, 111.0, 9.0, 0.0, 0.0, 0.4444445, 0.074074045, 0.61111116, 0.1518519, 5.9259257, 7.6666665, 6.888889, 3.2222223, 5.2222223, 2.8888888, -8.111111, 7.6666665, 0.5813492, -0.87266606, 1
74.0, 129.0, 9.0, 0.0, 0.0, 0.22222222, 0.029629637, 0.11111111, 0.029629635, 0.5185185, 0.0, 1.5555556, 0.0, -1.5555556, 3.1111112, -1.5555556, 1.5555556, 1.0, -2.0943952, 3
83.0, 198.0, 9.0, 0.0, 0.0, 2.3888886, 1.4969089, 4.833334, 3.0092454, 59.77778, 53.11111, 74.0, 52.22222, -20.0, 42.666668, -22.666666, 74.0, 0.2963139, -2.0505745, 6
163.0, 177.0, 9.0, 0.11111111, 0.0, 1.1666673, 0.7, 2.5, 0.7888896, 24.518518, 21.222221, 21.444445, 30.88889, -9.888889, -9.222222, 19.11111, 30.88889, 0.3211389, 2.1254158, 7
134.0, 148.0, 9.0, 0.0, 0.0, 0.11111113, 0.17213261, 0.055555556, 0.13608277, 0.037037037, 0.0, 0.11111111, 0.0, -0.11111111, 0.22222222, -0.11111111, 0.11111111, 0.11111111, -2.0943952, 5
140.0, 25.0, 9.0, 0.0, 0.0, 0.99999875, 1.4666697, 1.1111107, 0.118517555, 128.0, 117.77778, 142.33334, 123.888885, -30.666666, 43.0, -12.333333, 142.33334, 0.17250364, -2.3545518, 2
114.0, 193.0, 9.0, 0.0, 0.0, 3.166666, 2.4653153, 4.5, 2.5011096, 57.814816, 51.11111, 72.55556, 49.77778, -20.11111, 44.22222, -24.11111, 72.55556, 0.3140923, -2.033804, 6
11.0, 200.0, 9.0, 0.0, 0.0, 3.1666667, 3.0313182, 3.9444447, 2.480293, 53.555557, 46.444443, 67.333336, 46.88889, -21.333334, 41.333332, -20.0, 67.333336, 0.31303197, -2.1167326, 6
120.0, 227.0, 9.0, 0.0, 0.0, 1.4444442, 1.186342, 1.8888887, 0.80737346, 12.62963, 9.444445, 11.0, 17.444445, -9.555555, -4.888889, 14.444445, 17.444445, 0.45836443, 2.2918468, 7
2.0, 95.0, 9.0, 0.11111111, 0.0, 2.0555565, 1.3402592, 0.88889056, 0.91084033, 55.62963, 47.444443, 71.66667, 47.77778, -24.555555, 48.11111, -23.555555, 71.66667, 0.3377558, -2.1078582, 4
136.0, 45.0, 9.0, 0.0, 0.0, 1.222222, 1.5444059, 2.0555553, 1.5263131, 53.074074, 48.11111, 63.77778, 47.333332, -14.888889, 32.11111, -17.222221, 63.77778, 0.25936732, -2.0459049, 4
47.0, 119.0, 9.0, 0.11111111, 0.0, 2.2777777, 2.2746592, 1.3333334, 1.3824296, 4.3703704, 2.1111112, 6.7777777, 4.2222223, -6.7777777, 7.2222223, -0.44444445, 6.7777777, 0.7329263, -2.587228, 3
104.0, 139.0, 9.0, 0.0, 0.0, 0.33333334, 0.5163977, 0.33333334, 0.5163977, 0.6666667, 0.0, 1.7777778, 0.22222222, -2.0, 3.3333333, -1.3333334, 1.7777778, 1.0, -2.1507304, 3
58.0, 113.0, 9.0, 0.0, 0.0, 3.4444447, 1.2232318, 0.7222223, 0.38968182, 20.851852, 16.88889, 28.444445, 17.222223, -11.888889, 22.777779, -10.888889, 28.444445, 0.4148072, -2.1256926, 5
133.0, 125.0, 9.0, 0.0, 0.0, 1.4444433, 2.8296287, 2.1111114, 1.3185211, 66.25926, 61.11111, 79.111115, 58.555557, -15.444445, 38.555557, -23.11111, 79.111115, 0.2598418, -1.9632003, 4
45.0, 126.0, 9.0, 0.0, 0.0, 7.0, 3.870114, 2.5555556, 1.7971169, 10.185185, 4.888889, 17.222223, 8.444445, -15.888889, 21.11111, -5.2222223, 17.222223, 0.7364309, -2.4498394, 3
160.0, 110.0, 9.0, 0.0, 0.0, 0.833333, 0.6912145, 0.4444437, 0.2721654, 31.62963, 27.222221, 39.333336, 28.333334, -13.222222, 23.11111, -9.888889, 39.333336, 0.3074441, -2.1872416, 5
178.0, 138.0, 9.0, 0.0, 0.0, 0.11111108, 0.17213255, 0.05555554, 0.13608274, 1.3703704, 1.0, 3.1111112, 0.0, -1.1111112, 5.2222223, -4.111111, 3.1111112, 1.0, -1.755017, 5
214.0, 79.0, 9.0, 0.0, 0.0, 1.2777778, 0.86296296, 1.3333334, 0.53333336, 4.851852, 2.0, 9.222222, 3.3333333, -8.555555, 13.111111, -4.5555553, 9.222222, 0.7916667, -2.2889814, 3
11.0, 50.0, 9.0, 0.11111111, 0.0, 1.7777773, 1.0036945, 1.111112, 0.9108403, 109.25926, 93.888885, 130.33334, 103.55556, -46.11111, 63.22222, -17.11111, 130.33334, 0.27970007, -2.3720198, 2
226.0, 176.0, 9.0, 0.0, 0.0, 3.0555546, 3.2756119, 2.3888893, 2.870668, 56.925926, 50.444443, 71.44444, 48.88889, -19.444445, 43.555557, -24.11111, 71.44444, 0.3158616, -2.0217843, 6
159.0, 138.0, 9.0, 0.0, 0.0, 0.16666667, 0.16666667, 0.3333334, 0.13333334, 2.6666667, 1.1111112, 5.888889, 1.0, -4.6666665, 9.666667, -5.0, 5.888889, 0.82685184, -2.0778158, 5
242.0, 81.0, 9.0, 0.0, 0.0, 1.5, 1.1444466, 1.2222227, 0.7407415, 38.25926, 34.555557, 47.22222, 33.0, -11.111111, 26.88889, -15.777778, 47.22222, 0.30079645, -1.9845657, 4
204.0, 156.0, 9.0, 0.0, 0.0, 0.5000003, 0.27888626, 1.9999996, 0.55777323, 23.703703, 17.333334, 25.444445, 28.333334, -19.11111, 5.2222223, 13.888889, 28.333334, 0.38903406, 2.8649306, 7
10.0, 112.0, 9.0, 0.0, 0.0, 0.33333334, 0.42163706, 0.50000006, 0.1825741, 0.44444445, 0.0, 1.2222222, 0.11111111, -1.3333334, 2.3333333, -1.0, 1.2222222, 0.6666667, -2.1519136, 3
96.0, 80.0, 9.0, 0.11111111, 0.0, 1.5555557, 4.162963, 2.5000002, 1.9, 26.0, 24.0, 34.444447, 19.555555, -6.0, 25.333334, -19.333334, 34.444447, 0.4324709, -1.7735944, 1
244.0, 134.0, 9.0, 0.11111111, 0.0, 2.1111126, 1.1287498, 1.0000006, 0.7302964, 44.703705, 37.11111, 58.22222, 38.77778, -22.777779, 40.555557, -17.777779, 58.22222, 0.36128438, -2.1753492, 4
214.0, 161.0, 9.0, 0.0, 0.0, 3.7222223, 0.72963357, 11.5, 18.922234, 40.444443, 35.333336, 49.666668, 36.333336, -15.333333, 27.666666, -12.333333, 49.666668, 0.29805613, -2.198939, 6
217.0, 77.0, 9.0, 0.0, 0.0, 1.5555553, 2.74074, 1.6666666, 0.53333336, 40.22222, 37.22222, 48.22222, 35.22222, -9.0, 24.0, -15.0, 48.22222, 0.26919183, -1.9320657, 4
230.0, 124.0, 9.0, 0.0, 0.0, 0.2777778, 0.10740743, 0.2777778, 0.15185183, 0.6666667, 0.0, 2.0, 0.0, -2.0, 4.0, -2.0, 2.0, 1.0, -2.0943952, 3
103.0, 216.0, 9.0, 0.0, 0.0, 1.4999999, 0.56666666, 0.8333332, 1.1888888, 7.0740743, 5.111111, 5.0, 11.111111, -5.888889, -6.2222223, 12.111111, 11.111111, 0.59312356, 2.0792952, 7
156.0, 154.0, 9.0, 0.0, 0.0, 0.2777778, 0.3277307, 0.77777773, 0.544331, 1.7407408, 1.0, 3.5555556, 0.6666667, -2.2222223, 5.4444447, -3.2222223, 3.5555556, 0.8388889, -1.9882019, 5
236.0, 240.0, 9.0, 0.0, 0.0, 2.5555553, 1.6688874, 3.3888886, 2.4532666, 22.481482, 19.555555, 19.777779, 28.11111, -8.777778, -8.111111, 16.88889, 28.11111, 0.329382, 2.1418114, 7
14.0, 135.0, 9.0, 0.0, 0.0, 0.27777776, 0.062962964, 0.27777776, 0.06296293, 2.8888888, 1.6666666, 6.0, 1.0, -3.6666667, 9.333333, -5.6666665, 6.0, 0.83227515, -1.958546, 5
138.0, 137.0, 9.0, 0.11111111, 0.0, 1.666667, 1.7777779, 1.0000001, 0.17777735, 7.6296296, 3.1111112, 13.888889, 5.888889, -13.555555, 18.777779, -5.2222223, 13.888889, 0.77986646, -2.3607821, 3
68.0, 128.0, 9.0, 0.0, 0.0, 21.333334, 5.955534, 1.3333341, 0.8444443, 35.592594, 32.11111, 43.77778, 30.88889, -10.444445, 24.555555, -14.111111, 43.77778, 0.31617704, -1.9818461, 4
27.0, 248.0, 9.0, 0.11111111, 0.0, 1.611111, 0.6469295, 3.1666667, 1.7224005, 15.296296, 14.777778, 12.888889, 18.222221, -1.5555556, -7.2222223, 8.777778, 18.222221, 0.31222734, 1.7835119, 7
21.0, 122.0, 9.0, 0.0, 0.0, 0.44444445, 0.4036867, 0.44444445, 0.4036867, 0.5555556, 0.0, 1.2222222, 0.44444445, -1.6666666, 2.0, -0.33333334, 1.2222222, 0.5555556, -2.4445627, 3
252.0, 201.0, 9.0, 0.0, 0.0, 4.6111107, 5.495115, 5.5555553, 5.795274, 40.296295, 35.77778, 49.0, 36.11111, -13.555555, 26.11111, -12.555555, 49.0, 0.2753682, -2.1758256, 6
35.0, 62.0, 9.0, 0.0, 0.0, 0.7777786, 0.5185192, 1.2222227, 1.051853, 21.222221, 20.777779, 27.222221, 15.666667, -1.3333334, 18.0, -16.666666, 27.222221, 0.423121, -1.6203984, 1
200.0, 193.0, 9.0, 0.0, 0.0, 2.555556, 2.0403337, 4.6111107, 3.5926886, 41.185184, 37.444443, 50.0, 36.11111, -11.222222, 26.444445, -15.222222, 50.0, 0.27987626, -1.9958013, 6
14.0, 110.0, 9.0, 0.0, 0.0, 1.7222224, 5.3518505, 2.6666667, 1.0222229, 17.925926, 18.88889, 21.444445, 13.444445, 2.8888888, 10.555555, -13.444445, 21.444445, 0.36884832, -1.3450956, 1
119.0, 169.0, 9.0, 0.0, 0.0, 1.166667, 0.98319227, 0.9999997, 0.91893625, 25.962963, 20.88889, 25.0, 32.0, -15.222222, -2.8888888, 18.11111, 32.0, 0.34778315, 2.4790645, 7
52.0, 170.0, 9.0, 0.0, 0.0, 0.55555564, 0.4554201, 0.94444436, 0.38968262, 25.444445, 20.11111, 25.333334, 30.88889, -16.0, -0.33333334, 16.333334, 30.88889, 0.34911168, 2.6040132, 7
216.0, 126.0, 9.0, 0.0, 0.0, 0.5555555, 0.20740744, 0.5555556, 0.07407395, 4.9259257, 6.4444447, 5.7777777, 2.5555556, 4.5555553, 2.5555556, -7.111111, 6.5555553, 0.6111111, -0.877707, 1
93.0, 29.0, 9.0, 0.0, 0.0, 1.2222239, 1.2296363, 1.3888906, 1.5740819, 128.48148, 119.0, 142.77777, 123.666664, -28.444445, 42.88889, -14.444445, 142.77777, 0.16648434, -2.2977605, 2
207.0, 217.0, 9.0, 0.0, 0.0, 0.77777785, 0.47407398, 2.0555556, 0.9074081, 6.296296, 5.0, 4.2222223, 9.666667, -3.8888888, -6.2222223, 10.111111, 9.666667, 0.58261186, 1.9761382, 7
4.0, 248.0, 9.0, 0.0, 0.0, 3.333334, 1.8135293, 3.2222226, 1.2590408, 19.555555, 15.555555, 16.666668, 26.444445, -12.0, -8.666667, 20.666666, 26.444445, 0.42215064, 2.205099, 7
121.0, 112.0, 9.0, 0.0, 0.0, 2.3888886, 1.7690756, 0.5000003, 0.2788867, 23.703703, 19.444445, 32.333336, 19.333334, -12.777778, 25.88889, -13.111111, 32.333336, 0.40954432, -2.0852482, 5
4.0, 189.0, 9.0, 0.0, 0.0, 2.0555565, 3.8851852, 11.722221, 114.59634, 26.444445, 23.444445, 33.0, 22.88889, -9.0, 19.666666, -10.666667, 33.0, 0.27147257, -2.1010017, 6
137.0, 182.0, 9.0, 0.0, 0.0, 1.8333334, 3.8555553, 3.6111107, 9.218522, 34.925926, 31.444445, 42.88889, 30.444445, -10.444445, 23.88889, -13.444445, 42.88889, 0.28575617, -2.0011246, 6
68.0, 198.0, 9.0, 0.0, 0.11111111, 2.8888886, 2.8803296, 3.0555553, 2.8706684, 58.074074, 51.444443, 71.888885, 50.88889, -19.88889, 41.444443, -21.555555, 71.888885, 0.29130092, -2.0648882, 6
37.0, 103.0, 9.0, 0.0, 0.0, 1.7777777, 2.1256804, 2.9444447, 3.421609, 3.851852, 1.8888888, 6.2222223, 3.4444444, -5.888889, 7.111111, -1.2222222, 6.2222223, 0.79907405, -2.497929, 3
155.0, 140.0, 9.0, 0.0, 0.0, 0.44444442, 0.11851859, 0.66666675, 0.08888887, 5.0, 6.5555553, 5.5555553, 2.8888888, 4.6666665, 1.6666666, -6.3333335, 6.6666665, 0.56415343, -0.7836471, 1
38.0, 94.0, 9.0, 0.11111111, 0.0, 1.3888906, 1.0417213, 0.88888806, 0.7793629, 68.111115, 61.11111, 82.66667, 60.555557, -21.0, 43.666668, -22.666666, 82.66667, 0.26725835, -2.0685365, 4
130.0, 189.0, 9.0, 0.11111111, 0.0, 2.4999993, 0.9831926, 2.1111114, 2.8100357, 58.62963, 51.77778, 73.333336, 50.77778, -20.555555, 44.11111, -23.555555, 73.333336, 0.30798513, -2.0480576, 6
80.0, 87.0, 9.0, 0.0, 0.11111111, 24.388891, 572.9964, 44.722225, 1386.3292, 67.44444, 58.77778, 79.0, 64.55556, -26.0, 34.666668, -8.666667, 79.0, 0.30628127, -2.4221272, 3
34.0, 242.0, 9.0, 0.0, 0.0, 1.611111, 1.638653, 2.4444447, 1.1088866, 14.814815, 11.333333, 15.666667, 17.444445, -10.444445, 2.5555556, 7.888889, 17.444445, 0.35316142, 2.835614, 7
93.0, 231.0, 9.0, 0.0, 0.0, 2.4444444, 2.42963, 2.6666667, 3.1555562, 12.296296, 8.777778, 11.111111, 17.0, -10.555555, -3.5555556, 14.111111, 17.0, 0.48521596, 2.3913069, 7
141.0, 17.0, 9.0, 0.11111111, 0.22222222, 3.7222226, 4.4493027, 5.0, 2.319004, 44.592594, 40.333336, 54.0, 39.444443, -12.777778, 28.222221, -15.444445, 54.0, 0.26818594, -2.030048, 4
188.0, 190.0, 9.0, 0.0, 0.0, 1.9444447, 0.9756285, 2.055556, 1.103865, 48.88889, 44.22222, 60.0, 42.444443, -14.0, 33.333332, -19.333334, 60.0, 0.29230747, -1.9863075, 6
136.0, 77.0, 9.0, 0.22222222, 0.0, 1.888889, 1.4962952, 3.0555556, 5.618516, 26.407408, 24.555555, 34.444447, 20.222221, -5.5555553, 24.11111, -18.555555, 34.444447, 0.4132174, -1.7688724, 1
243.0, 166.0, 9.0, 0.0, 0.0, 0.61111116, 0.3296294, 0.72222203, 0.32962978, 13.37037, 11.222222, 12.111111, 16.777779, -6.4444447, -3.7777777, 10.222222, 16.777779, 0.33051255, 2.2642767, 7
138.0, 133.0, 9.0, 0.0, 0.0, 0.6666667, 0.44444433, 1.1666666, 0.21111093, 6.4444447, 7.7777777, 7.888889, 3.6666667, 4.0, 4.3333335, -8.333333, 8.222222, 0.5582011, -1.0776595, 1
33.0, 142.0, 9.0, 0.0, 0.0, 0.11111113, 0.029629637, 0.11111113, 0.029629637, 0.037037037, 0.0, 0.11111111, 0.0, -0.11111111, 0.22222222, -0.11111111, 0.11111111, 0.11111111, -2.0943952, 3
8.0, 162.0, 9.0, 0.11111111, 0.0, 1.611111, 2.0629625, 0.3333334, 0.13333334, 8.37037, 6.6666665, 12.0, 6.4444447, -5.111111, 10.888889, -5.7777777, 12.0, 0.48480532, -2.0449464, 4
49.0, 40.0, 9.0, 0.0, 0.0, 0.99999875, 0.42163533, 0.8333333, 0.72265035, 125.111115, 114.0, 141.55556, 119.77778, -33.333332, 49.333332, -16.0, 141.55556, 0.19453695, -2.3136847, 2
123.0, 194.0, 9.0, 0.0, 0.0, 2.555556, 1.7847078, 9.111109, 7.7133846, 60.814816, 54.333332, 74.888885, 53.22222, -19.444445, 42.22222, -22.777779, 74.888885, 0.29238248, -2.033605, 6
228.0, 20.0, 9.0, 0.0, 0.0, 1.0555547, 0.49065518, 0.8333333, 0.7527733, 125.0, 114.0, 140.55556, 120.44444, -33.0, 46.666668, -13.666667, 140.55556, 0.18889166, -2.348006, 2
73.0, 31.0, 9.0, 0.0, 0.0, 0.555556, 0.4554202, 0.8888893, 0.34426534, 126.85185, 115.55556, 143.11111, 121.888885, -33.88889, 48.77778, -14.888889, 143.11111, 0.19245563, -2.3348312, 2
113.0, 114.0, 9.0, 0.0, 0.0, 0.94444466, 0.5074079, 0.33333364, 0.08888922, 25.814816, 21.0, 34.666668, 21.777779, -14.444445, 26.555555, -12.111111, 34.666668, 0.39392713, -2.1527398, 5
183.0, 157.0, 9.0, 0.0, 0.0, 0.6666667, 0.4216376, 2.1111114, 0.62063295, 19.666666, 16.444445, 18.666668, 23.88889, -9.666667, -3.0, 12.666667, 23.88889, 0.31418663, 2.4052022, 7
48.0, 83.0, 9.0, 0.0, 0.0, 2.277778, 4.0185175, 2.3333333, 1.6888885, 6.259259, 2.2222223, 11.888889, 4.666667, -12.111111, 16.88889, -4.7777777, 11.888889, 0.82735026, -2.3450046, 3
166.0, 66.0, 9.0, 0.0, 0.0, 0.7777767, 0.6554609, 5.2777767, 4.959466, 41.62963, 40.555557, 46.333332, 38.0, -3.2222223, 14.111111, -10.888889, 46.333332, 0.17887476, -1.7485459, 4
157.0, 85.0, 9.0, 0.0, 0.0, 1.2222223, 1.2412657, 0.22222233, 0.17213264, 18.925926, 14.555555, 26.88889, 15.333333, -13.111111, 23.88889, -10.777778, 26.88889, 0.45902446, -2.1609125, 5
164.0, 45.0, 9.0, 0.0, 0.0, 1.0555559, 0.59629923, 1.0, 0.22221947, 101.92593, 88.111115, 124.55556, 93.111115, -41.444443, 67.888885, -26.444445, 124.55556, 0.29250294, -2.238324, 2
22.0, 116.0, 9.0, 0.0, 0.0, 0.38888875, 0.10740741, 0.33333325, 0.13333334, 5.6296296, 6.7777777, 7.0, 3.1111112, 3.4444444, 4.111111, -7.5555553, 7.3333335, 0.57539684, -1.0996237, 1
63.0, 203.0, 9.0, 0.0, 0.0, 4.277778, 3.7913144, 3.4444447, 4.0368657, 58.48148, 52.444443, 71.66667, 51.333332, -18.11111, 39.555557, -21.444445, 71.66667, 0.28710723, -2.0346415, 6
21.0, 53.0, 9.0, 0.0, 0.0, 0.888889, 0.5185181, 1.1666666, 0.43333283, 21.555555, 20.88889, 27.444445, 16.333334, -2.0, 17.666666, -15.666667, 27.444445, 0.40413755, -1.6621771, 1
6.0, 154.0, 9.0, 0.0, 0.0, 0.11111113, 0.029629631, 0.11111111, 0.029629635, 0.074074075, 0.0, 0.22222222, 0.0, -0.22222222, 0.44444445, -0.22222222, 0.22222222, 0.22222222, -2.0943952, 5
250.0, 160.0, 9.0, 0.0, 0.0, 2.1111114, 1.1851863, 1.5555553, 2.740741, 42.814816, 36.444443, 55.333332, 36.666668, -19.11111, 37.555557, -18.444445, 55.333332, 0.34714225, -2.1023183, 6
139.0, 16.0, 9.0, 0.0, 0.0, 0.6666667, 0.35555902, 0.9444478, 0.06296336, 140.40741, 134.66667, 149.88889, 136.66667, -17.222221, 28.444445, -11.222222, 149.88889, 0.101526454, -2.2328947, 2
198.0, 122.0, 9.0, 0.0, 0.0, 1.5, 0.8777781, 11.444446, 103.762955, 36.185184, 32.666668, 44.0, 31.88889, -10.555555, 23.444445, -12.888889, 44.0, 0.29184964, -2.035377, 4
118.0, 126.0, 9.0, 0.0, 0.0, 0.6666667, 0.39999974, 1.8333336, 2.1222224, 20.555555, 16.11111, 28.666666, 16.88889, -13.333333, 24.333334, -11.0, 28.666666, 0.437078, -2.1588047, 4
120.0, 108.0, 9.0, 0.0, 0.0, 4.611111, 3.498677, 1.666666, 1.5634735, 58.074074, 52.666668, 69.55556, 52.0, -16.222221, 34.444443, -18.222221, 69.55556, 0.25245842, -2.0538688, 4
166.0, 110.0, 9.0, 0.0, 0.11111111, 0.61111134, 0.24074027, 2.1111114, 2.2962978, 29.296297, 23.0, 40.444443, 24.444445, -18.88889, 33.444443, -14.555555, 40.444443, 0.4318249, -2.182018, 5
84.0, 40.0, 9.0, 0.0, 0.0, 1.1666641, 0.16666654, 1.2222214, 2.1185126, 127.40741, 117.44444, 142.22223, 122.55556, -29.88889, 44.444443, -14.555555, 142.22223, 0.17420864, -2.3087664, 2
204.0, 161.0, 9.0, 0.0, 0.0, 1.2777799, 0.5074075, 9.222222, 73.0963, 44.074074, 38.0, 54.555557, 39.666668, -18.222221, 31.444445, -13.222222, 54.555557, 0.3081043, -2.2382925, 6
183.0, 182.0, 9.0, 0.0, 0.0, 2.8333328, 2.0949671, 3.5555553, 2.561829, 58.962963, 52.88889, 73.333336, 50.666668, -18.222221, 43.11111, -24.88889, 73.333336, 0.30882537, -1.992052, 6
212.0, 140.0, 9.0, 0.0, 0.0, 3.8333333, 4.204495, 0.66666657, 0.6666667, 2.8888888, 2.6666667, 3.3333333, 2.6666667, -0.6666667, 1.3333334, -0.6666667, 3.3333333, 0.06888328, -2.0943952, 5
127.0, 118.0, 9.0, 0.0, 0.0, 11.555554, 10.22995, 0.8333337, 0.6912154, 34.333332, 30.777779, 41.666668, 30.555555, -10.666667, 22.0, -11.333333, 41.666668, 0.29394883, -2.0776675, 4
39.0, 111.0, 9.0, 0.0, 0.0, 0.72222227, 0.37407416, 0.8888889, 0.4296295, 6.037037, 7.0, 7.6666665, 3.4444444, 2.8888888, 4.888889, -7.7777777, 7.888889, 0.56291884, -1.1757725, 1
38.0, 202.0, 9.0, 0.0, 0.0, 2.166666, 1.0697863, 8.333334, 2.5121903, 57.333332, 50.22222, 71.55556, 50.22222, -21.333334, 42.666668, -21.333334, 71.55556, 0.30251354, -2.0937457, 6
44.0, 33.0, 9.0, 0.0, 0.0, 1.1666641, 0.9368973, 1.0555534, 0.8541826, 125.888885, 114.666664, 141.77779, 121.22222, -33.666668, 47.666668, -14.0, 141.77779, 0.19121477, -2.3480024, 2
173.0, 90.0, 9.0, 0.0, 0.0, 0.6666667, 0.2666664, 0.8333327, 0.3444444, 23.518518, 17.333334, 34.444447, 18.777779, -18.555555, 32.77778, -14.222222, 34.444447, 0.4967188, -2.182442, 5
146.0, 125.0, 9.0, 0.11111111, 0.0, 0.99999744, 0.44444707, 2.1666667, 1.9444479, 69.333336, 63.22222, 83.111115, 61.666668, -18.333334, 41.333332, -23.0, 83.111115, 0.2575994, -2.0195448, 4
35.0, 112.0, 9.0, 0.11111111, 0.0, 0.88888913, 0.2962967, 0.55555564, 0.16296294, 16.185184, 12.111111, 23.88889, 12.555555, -12.222222, 23.11111, -10.888889, 23.88889, 0.492526, -2.1333125, 5
206.0, 133.0, 9.0, 0.0, 0.0, 0.055555556, 0.13608277, 0.055555556, 0.13608277, 0.37037036, 0.0, 1.1111112, 0.0, -1.1111112, 2.2222223, -1.1111112, 1.1111112, 1.0, -2.0943952, 5
33.0, 131.0, 9.0, 0.0, 0.0, 0.44444445, 0.80737346, 1.0, 1.0954453, 0.7407407, 0.22222222, 1.7777778, 0.22222222, -1.5555556, 3.1111112, -1.5555556, 1.7777778, 0.4074074, -2.0943952, 3
53.0, 198.0, 9.0, 0.0, 0.0, 1.7222233, 1.8549244, 5.111111, 1.6009259, 51.666668, 45.555557, 64.22222, 45.22222, -18.333334, 37.666668, -19.333334, 64.22222, 0.29970714, -2.0726159, 6
199.0, 100.0, 9.0, 0.0, 0.0, 2.3888886, 1.4407414, 2.4444444, 6.02963, 6.0740743, 2.7777777, 11.555555, 3.8888888, -9.888889, 16.444445, -6.5555553, 11.555555, 0.7738155, -2.2262468, 3
174.0, 145.0, 9.0, 0.0, 0.0, 0.0, 0.0, 0.0, 0.0, 0.0, 0.0, 0.0, 0.0, 0.0, 0.0, 0.0, 0.0, 0.0, 0.0, 5
154.0, 128.0, 9.0, 0.0, 0.0, 0.5, 0.30000007, 0.33333325, 0.044444434, 5.962963, 7.3333335, 7.2222223, 3.3333333, 4.111111, 3.7777777, -7.888889, 7.6666665, 0.56371254, -1.0050536, 1
8.0, 39.0, 9.0, 0.11111111, 0.0, 1.3888906, 1.129629, 1.8333334, 0.699999, 113.37037, 102.55556, 132.0, 105.55556, -32.444443, 55.88889, -23.444445, 132.0, 0.22295359, -2.1981578, 2
104.0, 134.0, 9.0, 0.0, 0.0, 0.5, 0.18257418, 0.8333333, 0.27888662, 1.7777778, 0.11111111, 3.8888888, 1.3333334, -5.0, 6.3333335, -1.3333334, 3.8888888, 0.9777778, -2.4225056, 3
164.0, 202.0, 9.0, 0.11111111, 0.0, 1.4999999, 1.8226964, 1.6111112, 0.82775855, 15.111111, 12.0, 14.777778, 18.555555, -9.333333, -1.0, 10.333333, 18.555555, 0.35402012, 2.5227482, 7
19.0, 63.0, 9.0, 0.0, 0.0, 1.2777777, 1.5740732, 2.1111114, 3.096295, 20.925926, 19.666668, 27.777779, 15.333333, -3.7777777, 20.555555, -16.777779, 27.777779, 0.44724983, -1.7268302, 1
89.0, 221.0, 9.0, 0.0, 0.0, 1.3888888, 1.4851848, 1.4444445, 1.5851862, 14.074074, 10.666667, 12.444445, 19.11111, -10.222222, -4.888889, 15.111111, 19.11111, 0.44601154, 2.3172119, 7
150.0, 158.0, 9.0, 0.0, 0.0, 2.166667, 1.6333338, 1.388889, 0.41851807, 8.444445, 7.0, 12.222222, 6.111111, -4.3333335, 11.333333, -7.0, 12.222222, 0.50308645, -1.9434487, 4
224.0, 34.0, 9.0, 0.0, 0.0, 1.3333321, 0.9660913, 1.0000013, 0.63245475, 123.22222, 111.44444, 140.0, 118.22222, -35.333332, 50.333332, -15.0, 140.0, 0.20392033, -2.3433814, 2
