@relation penbased-1
@attribute At1 integer [0, 100]
@attribute At2 integer [0, 100]
@attribute At3 integer [0, 100]
@attribute At4 integer [0, 100]
@attribute At5 integer [0, 100]
@attribute At6 integer [0, 100]
@attribute At7 integer [0, 100]
@attribute At8 integer [0, 100]
@attribute At9 integer [0, 100]
@attribute At10 integer [0, 100]
@attribute At11 integer [0, 100]
@attribute At12 integer [0, 100]
@attribute At13 integer [0, 100]
@attribute At14 integer [0, 100]
@attribute At15 integer [0, 100]
@attribute At16 integer [0, 100]
@attribute Class {0, 1, 2, 3, 4, 5, 6, 7, 8, 9}
@inputs At1, At2, At3, At4, At5, At6, At7, At8, At9, At10, At11, At12, At13, At14, At15, At16
@outputs Class
@data
0, 89, 27, 100, 42, 75, 29, 45, 15, 15, 37, 0, 69, 2, 100, 6, 2
100, 100, 88, 99, 49, 74, 17, 47, 0, 16, 37, 0, 73, 16, 20, 20, 6
60, 100, 20, 76, 0, 39, 10, 1, 69, 0, 100, 33, 56, 40, 15, 10, 6
100, 99, 67, 100, 24, 68, 0, 32, 27, 0, 99, 8, 77, 40, 9, 55, 6
0, 82, 75, 56, 100, 12, 22, 0, 22, 41, 92, 73, 84, 100, 2, 80, 8
0, 60, 38, 80, 80, 100, 100, 92, 80, 69, 65, 46, 55, 23, 55, 0, 1
33, 58, 19, 90, 78, 100, 91, 62, 51, 28, 0, 2, 37, 1, 100, 0, 2
22, 55, 10, 60, 0, 18, 46, 0, 89, 28, 100, 70, 68, 100, 29, 69, 0
96, 100, 52, 95, 48, 76, 96, 98, 100, 85, 71, 54, 39, 25, 0, 0, 9
100, 70, 58, 100, 10, 75, 0, 24, 48, 0, 100, 19, 97, 68, 45, 81, 0
0, 42, 30, 56, 59, 72, 86, 94, 100, 100, 80, 68, 62, 35, 53, 0, 1
72, 100, 38, 84, 13, 63, 0, 40, 40, 28, 88, 31, 100, 22, 84, 0, 4
30, 100, 16, 84, 0, 51, 28, 26, 80, 33, 100, 65, 79, 34, 68, 0, 4
83, 86, 44, 100, 0, 74, 58, 67, 100, 94, 89, 63, 77, 31, 75, 0, 9
69, 100, 31, 73, 39, 55, 89, 62, 100, 84, 63, 57, 31, 28, 0, 0, 4
78, 100, 40, 94, 16, 58, 5, 21, 53, 0, 100, 27, 36, 30, 0, 0, 6
0, 89, 47, 100, 89, 87, 74, 61, 45, 37, 15, 14, 43, 0, 100, 1, 2
95, 68, 77, 100, 21, 76, 60, 38, 68, 0, 0, 15, 29, 53, 100, 81, 8
100, 100, 52, 80, 20, 52, 6, 20, 45, 0, 99, 12, 59, 30, 0, 25, 6
77, 100, 53, 90, 0, 43, 13, 0, 86, 34, 100, 84, 73, 51, 10, 9, 0
38, 73, 5, 64, 0, 15, 53, 0, 98, 34, 100, 83, 47, 100, 20, 60, 0
45, 100, 1, 67, 0, 24, 69, 24, 100, 48, 73, 98, 80, 53, 90, 0, 4
93, 91, 40, 100, 15, 79, 23, 36, 72, 53, 100, 21, 57, 0, 0, 6, 5
0, 94, 46, 100, 100, 97, 82, 62, 48, 30, 17, 0, 18, 34, 74, 38, 7
9, 32, 60, 62, 80, 100, 6, 93, 36, 56, 100, 27, 57, 0, 0, 25, 8
0, 52, 37, 73, 76, 94, 100, 100, 75, 75, 53, 49, 35, 22, 28, 0, 1
86, 79, 47, 100, 18, 62, 65, 27, 66, 0, 0, 3, 46, 39, 100, 71, 8
32, 76, 70, 100, 100, 72, 66, 38, 7, 19, 0, 33, 59, 18, 91, 0, 2
100, 100, 26, 97, 1, 66, 45, 33, 29, 0, 0, 26, 38, 61, 87, 93, 8
21, 85, 8, 46, 61, 47, 39, 0, 0, 13, 11, 66, 35, 98, 100, 100, 5
100, 100, 62, 86, 30, 66, 7, 41, 0, 12, 36, 0, 59, 18, 17, 25, 6
23, 83, 0, 48, 10, 9, 53, 0, 91, 23, 100, 63, 75, 97, 31, 100, 0
37, 79, 78, 100, 94, 68, 60, 37, 10, 19, 0, 31, 55, 24, 100, 0, 2
29, 74, 97, 77, 100, 100, 0, 84, 2, 59, 100, 71, 44, 35, 7, 0, 9
64, 100, 34, 73, 100, 39, 94, 3, 0, 0, 38, 38, 90, 74, 76, 95, 8
0, 84, 25, 100, 58, 74, 51, 37, 38, 0, 15, 20, 43, 33, 100, 32, 7
44, 97, 9, 62, 0, 13, 41, 0, 82, 26, 100, 72, 63, 100, 17, 92, 0
72, 100, 36, 98, 39, 81, 82, 99, 100, 84, 70, 48, 37, 16, 0, 0, 9
93, 100, 52, 82, 19, 52, 12, 18, 60, 0, 100, 21, 44, 32, 0, 10, 6
45, 70, 77, 35, 58, 0, 0, 10, 48, 42, 100, 71, 84, 100, 26, 81, 8
68, 100, 50, 79, 15, 51, 0, 47, 54, 38, 100, 49, 91, 35, 87, 0, 4
8, 58, 56, 77, 100, 100, 88, 95, 60, 72, 36, 48, 12, 24, 0, 0, 1
78, 99, 0, 100, 17, 63, 57, 28, 47, 0, 7, 31, 45, 65, 100, 95, 8
10, 86, 51, 100, 84, 78, 53, 48, 85, 40, 100, 14, 52, 0, 0, 0, 3
50, 89, 52, 100, 0, 67, 23, 45, 96, 48, 100, 76, 60, 39, 38, 0, 4
16, 38, 67, 29, 43, 0, 22, 25, 66, 57, 100, 94, 50, 100, 0, 74, 8
0, 58, 42, 78, 90, 99, 100, 100, 87, 75, 78, 50, 76, 25, 84, 0, 1
13, 87, 0, 57, 60, 37, 42, 0, 12, 16, 14, 59, 30, 98, 100, 100, 5
100, 100, 61, 87, 70, 65, 93, 92, 89, 64, 74, 28, 41, 6, 0, 0, 9
0, 67, 14, 25, 57, 0, 100, 22, 95, 75, 54, 100, 7, 87, 4, 39, 0
66, 91, 100, 100, 90, 89, 53, 77, 29, 52, 58, 30, 38, 4, 0, 0, 5
7, 100, 74, 93, 38, 60, 0, 93, 70, 92, 100, 44, 67, 0, 4, 7, 9
0, 44, 30, 61, 67, 80, 100, 100, 96, 80, 83, 53, 68, 26, 62, 0, 1
0, 83, 35, 100, 71, 91, 63, 46, 57, 0, 40, 17, 60, 34, 100, 34, 7
100, 94, 63, 100, 30, 71, 8, 39, 6, 6, 57, 0, 54, 19, 0, 10, 6
0, 81, 7, 96, 58, 100, 100, 100, 89, 75, 77, 50, 67, 25, 56, 0, 7
70, 91, 25, 69, 0, 35, 6, 0, 58, 0, 97, 25, 100, 63, 85, 100, 0
100, 95, 0, 78, 93, 59, 81, 100, 62, 44, 2, 5, 96, 0, 48, 48, 8
0, 100, 53, 100, 100, 88, 84, 56, 61, 24, 42, 0, 18, 31, 56, 46, 7
55, 70, 73, 100, 62, 66, 49, 26, 30, 0, 0, 2, 50, 3, 100, 6, 1
32, 89, 67, 100, 100, 93, 79, 71, 66, 47, 68, 22, 40, 6, 0, 0, 3
100, 100, 58, 85, 23, 59, 0, 30, 9, 0, 58, 5, 60, 34, 7, 25, 6
100, 100, 56, 81, 33, 51, 26, 18, 63, 0, 93, 25, 47, 38, 0, 20, 6
9, 78, 39, 100, 86, 87, 51, 58, 79, 50, 100, 19, 54, 0, 0, 11, 3
63, 93, 36, 100, 30, 74, 58, 85, 80, 53, 100, 20, 60, 0, 0, 8, 9
10, 100, 4, 67, 11, 70, 2, 80, 19, 33, 0, 0, 21, 8, 100, 12, 1
34, 100, 15, 78, 0, 43, 56, 37, 100, 43, 78, 70, 54, 36, 41, 0, 4
23, 88, 68, 100, 100, 84, 73, 60, 82, 37, 98, 12, 52, 0, 0, 3, 3
0, 90, 37, 98, 89, 100, 67, 52, 50, 0, 33, 18, 48, 40, 100, 47, 7
0, 82, 43, 100, 100, 94, 90, 65, 55, 41, 13, 18, 28, 1, 92, 0, 2
4, 77, 29, 100, 80, 98, 68, 69, 93, 46, 100, 13, 52, 0, 0, 4, 3
0, 99, 91, 100, 79, 69, 60, 35, 50, 0, 17, 3, 9, 28, 100, 37, 7
44, 100, 16, 79, 0, 53, 20, 33, 61, 32, 100, 37, 85, 28, 81, 0, 4
22, 100, 9, 68, 0, 35, 22, 16, 100, 18, 88, 37, 50, 33, 57, 0, 4
52, 100, 19, 73, 0, 44, 6, 14, 58, 0, 100, 17, 60, 36, 19, 20, 6
14, 100, 66, 86, 66, 57, 50, 28, 31, 0, 0, 9, 25, 29, 100, 30, 7
55, 89, 52, 100, 0, 71, 16, 53, 100, 60, 100, 65, 57, 33, 27, 0, 4
56, 86, 100, 100, 64, 92, 18, 73, 48, 62, 81, 38, 50, 7, 0, 0, 5
31, 78, 0, 57, 14, 13, 59, 0, 100, 23, 98, 69, 62, 100, 19, 91, 0
75, 87, 39, 100, 30, 65, 83, 75, 100, 70, 91, 31, 57, 0, 0, 9, 9
35, 100, 21, 73, 0, 46, 18, 30, 77, 30, 100, 53, 87, 27, 79, 0, 4
0, 73, 46, 84, 87, 100, 100, 92, 86, 69, 76, 46, 69, 22, 67, 0, 1
27, 99, 50, 100, 40, 57, 19, 21, 0, 14, 33, 15, 65, 0, 100, 12, 2
19, 100, 0, 52, 75, 73, 100, 28, 27, 0, 3, 46, 1, 94, 92, 99, 5
15, 100, 4, 75, 0, 50, 55, 41, 100, 57, 85, 49, 83, 24, 77, 0, 4
45, 72, 18, 100, 0, 64, 64, 33, 98, 0, 7, 5, 26, 41, 100, 68, 8
0, 93, 44, 100, 79, 72, 76, 35, 53, 0, 29, 2, 43, 28, 100, 32, 7
63, 100, 46, 78, 19, 55, 0, 32, 54, 24, 100, 44, 87, 24, 74, 0, 4
99, 100, 54, 77, 26, 52, 17, 23, 51, 0, 100, 14, 61, 35, 0, 27, 6
16, 100, 18, 77, 0, 47, 26, 29, 88, 35, 100, 58, 74, 30, 59, 0, 4
17, 85, 51, 100, 83, 82, 55, 53, 59, 39, 100, 20, 55, 0, 0, 3, 3
68, 100, 42, 75, 0, 52, 44, 50, 100, 66, 86, 46, 51, 20, 41, 0, 4
100, 100, 79, 89, 57, 75, 36, 60, 14, 44, 0, 29, 0, 13, 29, 0, 1
100, 81, 52, 62, 17, 77, 57, 100, 79, 68, 75, 31, 52, 0, 0, 12, 9
18, 26, 43, 0, 77, 5, 100, 43, 88, 86, 55, 100, 21, 88, 0, 52, 0
100, 100, 70, 86, 30, 60, 0, 29, 11, 0, 70, 9, 76, 32, 16, 35, 6
0, 44, 24, 55, 62, 78, 100, 100, 100, 80, 95, 52, 91, 24, 81, 0, 1
44, 68, 58, 44, 100, 7, 0, 0, 7, 36, 78, 68, 93, 100, 11, 74, 8
46, 84, 72, 100, 83, 83, 82, 60, 100, 36, 77, 12, 39, 0, 0, 3, 3
46, 95, 0, 94, 18, 100, 94, 92, 59, 61, 4, 32, 49, 7, 100, 0, 2
0, 94, 49, 99, 100, 100, 73, 67, 54, 26, 45, 0, 22, 39, 71, 50, 7
41, 100, 0, 65, 41, 43, 61, 12, 6, 0, 24, 47, 42, 93, 100, 98, 5
100, 100, 55, 91, 79, 72, 94, 93, 86, 66, 80, 35, 48, 11, 0, 0, 9
8, 90, 81, 100, 76, 97, 12, 80, 64, 70, 100, 44, 66, 15, 0, 0, 5
0, 82, 46, 100, 88, 91, 45, 68, 49, 43, 100, 25, 83, 6, 23, 0, 3
46, 99, 82, 100, 82, 72, 77, 56, 100, 31, 75, 7, 38, 0, 0, 6, 3
0, 80, 8, 100, 37, 81, 32, 49, 11, 22, 23, 6, 62, 5, 100, 0, 2
0, 53, 84, 42, 100, 6, 10, 0, 2, 34, 66, 66, 86, 100, 5, 84, 8
0, 85, 43, 100, 68, 87, 50, 61, 92, 44, 100, 14, 55, 0, 8, 8, 3
0, 93, 46, 100, 100, 80, 85, 47, 47, 18, 26, 0, 19, 33, 90, 30, 7
0, 88, 52, 100, 68, 67, 50, 33, 23, 0, 9, 27, 30, 51, 100, 58, 7
56, 100, 17, 77, 0, 46, 45, 27, 100, 42, 83, 53, 38, 28, 6, 0, 4
68, 100, 27, 81, 0, 51, 45, 29, 99, 43, 100, 63, 77, 32, 69, 0, 4
65, 82, 93, 100, 93, 71, 69, 44, 36, 20, 0, 0, 48, 12, 100, 16, 2
9, 77, 18, 100, 74, 95, 66, 68, 34, 43, 0, 19, 37, 2, 100, 0, 2
0, 97, 62, 100, 99, 84, 77, 50, 62, 15, 52, 0, 26, 33, 100, 38, 7
84, 92, 41, 91, 37, 46, 66, 0, 0, 9, 46, 49, 100, 85, 33, 100, 8
32, 71, 55, 100, 72, 77, 56, 44, 32, 12, 0, 4, 43, 13, 100, 0, 2
26, 87, 63, 100, 83, 83, 57, 57, 100, 40, 90, 10, 41, 0, 0, 12, 3
0, 73, 4, 100, 70, 100, 93, 70, 61, 38, 15, 12, 31, 0, 100, 6, 2
100, 98, 49, 100, 13, 69, 6, 30, 40, 0, 93, 13, 61, 41, 0, 41, 6
39, 92, 89, 100, 95, 77, 53, 57, 91, 45, 100, 17, 55, 0, 0, 2, 3
19, 93, 9, 74, 100, 94, 25, 100, 1, 49, 0, 0, 93, 16, 46, 60, 8
42, 87, 77, 100, 75, 76, 70, 52, 100, 34, 88, 10, 44, 0, 0, 5, 3
0, 77, 30, 100, 74, 96, 56, 63, 75, 43, 100, 14, 59, 0, 13, 5, 3
0, 80, 32, 100, 64, 76, 58, 36, 46, 0, 11, 30, 47, 39, 100, 41, 7
82, 83, 100, 100, 54, 76, 17, 47, 0, 13, 46, 0, 50, 30, 0, 27, 6
31, 72, 12, 35, 35, 0, 77, 17, 100, 56, 89, 96, 43, 100, 0, 84, 0
0, 72, 52, 84, 100, 100, 94, 96, 85, 72, 81, 48, 79, 24, 75, 0, 1
64, 67, 95, 100, 83, 88, 73, 48, 53, 11, 0, 0, 42, 0, 100, 2, 1
48, 100, 89, 100, 76, 77, 69, 56, 100, 35, 89, 11, 45, 0, 0, 8, 3
0, 100, 57, 98, 100, 100, 76, 62, 58, 23, 53, 0, 30, 36, 88, 43, 7
46, 92, 45, 62, 38, 22, 0, 0, 9, 39, 57, 70, 100, 100, 27, 98, 8
0, 93, 58, 100, 97, 74, 73, 41, 41, 9, 27, 0, 19, 27, 100, 33, 7
6, 79, 42, 95, 100, 100, 35, 88, 0, 56, 62, 41, 64, 0, 2, 0, 5
0, 51, 31, 60, 66, 79, 100, 100, 90, 79, 66, 53, 43, 28, 27, 0, 1
74, 100, 2, 49, 29, 0, 100, 54, 61, 95, 0, 39, 75, 77, 6, 21, 0
44, 100, 21, 72, 0, 47, 68, 54, 100, 75, 85, 53, 61, 25, 43, 0, 4
42, 95, 0, 64, 48, 42, 21, 0, 0, 18, 5, 72, 42, 100, 100, 98, 5
26, 100, 21, 65, 91, 32, 66, 0, 38, 25, 91, 61, 100, 99, 0, 98, 8
55, 92, 17, 78, 55, 38, 50, 0, 0, 21, 56, 55, 100, 92, 25, 100, 8
0, 3, 28, 0, 62, 18, 87, 43, 100, 71, 89, 100, 54, 98, 78, 80, 9
67, 99, 62, 62, 97, 13, 0, 0, 7, 34, 100, 59, 100, 100, 10, 93, 8
55, 73, 57, 100, 92, 89, 75, 50, 43, 16, 0, 0, 44, 19, 100, 12, 2
40, 88, 95, 100, 88, 100, 40, 77, 72, 61, 100, 33, 58, 7, 0, 0, 5
4, 84, 50, 100, 57, 79, 39, 52, 90, 41, 100, 15, 52, 0, 0, 5, 3
100, 100, 68, 96, 37, 75, 14, 51, 0, 22, 21, 0, 54, 10, 15, 18, 6
8, 100, 25, 75, 84, 99, 0, 100, 20, 83, 100, 81, 60, 39, 13, 0, 9
26, 85, 68, 100, 91, 79, 68, 54, 83, 40, 100, 16, 56, 0, 0, 7, 3
100, 98, 54, 100, 52, 68, 83, 95, 95, 61, 92, 18, 48, 0, 0, 2, 9
23, 88, 0, 55, 25, 50, 64, 20, 17, 0, 21, 54, 35, 97, 100, 100, 5
7, 69, 0, 25, 36, 0, 74, 10, 100, 49, 85, 95, 45, 100, 17, 67, 0
17, 67, 55, 93, 71, 100, 61, 56, 48, 13, 0, 1, 37, 0, 100, 0, 1
12, 69, 26, 99, 79, 100, 70, 73, 79, 49, 100, 15, 53, 0, 0, 12, 3
59, 100, 37, 69, 0, 34, 46, 33, 100, 38, 81, 51, 63, 43, 46, 0, 4
39, 88, 82, 100, 100, 68, 68, 34, 34, 0, 16, 10, 0, 45, 78, 50, 7
36, 60, 40, 100, 57, 68, 36, 29, 0, 3, 15, 8, 59, 0, 100, 10, 2
35, 100, 0, 74, 1, 45, 68, 36, 100, 58, 88, 54, 79, 24, 72, 0, 4
0, 79, 38, 100, 100, 94, 93, 66, 55, 41, 9, 19, 18, 0, 89, 2, 2
0, 48, 36, 61, 69, 78, 100, 100, 95, 94, 70, 64, 48, 34, 33, 0, 1
0, 91, 61, 100, 78, 69, 58, 34, 56, 0, 38, 28, 34, 48, 100, 45, 7
44, 94, 6, 74, 0, 28, 35, 0, 78, 13, 100, 53, 76, 91, 32, 100, 0
25, 79, 59, 100, 100, 88, 63, 63, 35, 41, 80, 21, 54, 0, 0, 6, 3
27, 100, 0, 74, 60, 43, 100, 3, 34, 0, 29, 44, 74, 81, 10, 58, 8
28, 87, 1, 56, 76, 75, 67, 28, 1, 0, 0, 46, 18, 94, 100, 100, 5
62, 76, 0, 82, 29, 100, 90, 98, 100, 74, 90, 49, 75, 25, 70, 0, 9
73, 100, 31, 79, 4, 48, 0, 15, 49, 0, 100, 14, 66, 33, 10, 28, 6
69, 98, 89, 64, 97, 100, 62, 79, 99, 77, 100, 29, 60, 2, 0, 0, 9
100, 100, 21, 86, 45, 47, 86, 11, 3, 0, 0, 33, 65, 65, 99, 96, 8
0, 85, 27, 100, 54, 85, 44, 55, 22, 29, 33, 7, 66, 2, 100, 0, 2
32, 92, 75, 100, 79, 63, 56, 28, 29, 0, 0, 33, 42, 46, 100, 48, 7
26, 88, 33, 56, 93, 36, 64, 0, 11, 10, 0, 55, 31, 88, 100, 100, 5
26, 80, 50, 100, 100, 95, 58, 72, 50, 47, 90, 20, 53, 0, 0, 5, 3
36, 68, 72, 100, 81, 90, 63, 46, 47, 7, 0, 2, 49, 0, 100, 2, 1
61, 91, 88, 100, 100, 81, 78, 61, 63, 38, 60, 14, 34, 0, 0, 1, 3
32, 80, 71, 100, 100, 85, 62, 61, 78, 50, 83, 14, 40, 0, 0, 20, 3
0, 100, 45, 94, 69, 70, 56, 35, 42, 0, 15, 19, 45, 33, 100, 35, 7
0, 57, 33, 76, 58, 100, 78, 99, 78, 74, 78, 49, 83, 24, 100, 0, 1
51, 94, 100, 100, 48, 91, 6, 66, 42, 50, 87, 28, 60, 5, 0, 0, 5
56, 100, 19, 76, 0, 33, 24, 0, 74, 25, 100, 65, 70, 87, 23, 60, 0
100, 100, 39, 84, 58, 51, 88, 20, 25, 0, 0, 24, 42, 54, 98, 81, 8
5, 56, 5, 16, 56, 0, 100, 29, 97, 68, 59, 100, 8, 93, 0, 55, 0
0, 63, 55, 75, 84, 97, 100, 100, 91, 75, 81, 50, 77, 25, 81, 0, 1
73, 68, 100, 100, 48, 100, 20, 71, 79, 77, 84, 46, 48, 15, 0, 0, 9
34, 98, 58, 68, 75, 100, 10, 96, 67, 67, 100, 36, 50, 0, 0, 22, 9
32, 90, 65, 100, 100, 90, 75, 71, 59, 50, 68, 27, 39, 10, 0, 0, 3
80, 89, 54, 100, 40, 68, 81, 78, 100, 46, 92, 10, 46, 0, 0, 6, 9
5, 84, 40, 100, 79, 82, 26, 62, 56, 46, 100, 22, 65, 0, 0, 8, 3
1, 92, 0, 49, 26, 0, 80, 1, 100, 51, 74, 100, 24, 83, 27, 29, 0
22, 67, 56, 87, 100, 100, 72, 80, 44, 60, 17, 40, 0, 19, 22, 0, 1
39, 94, 74, 100, 62, 74, 66, 67, 100, 45, 85, 16, 36, 0, 0, 12, 3
5, 65, 2, 25, 41, 0, 89, 11, 100, 54, 70, 92, 23, 100, 0, 64, 0
25, 85, 48, 100, 100, 97, 92, 76, 65, 57, 70, 33, 44, 13, 0, 0, 3
100, 97, 57, 100, 26, 87, 21, 51, 63, 45, 75, 12, 37, 0, 0, 3, 5
100, 66, 74, 100, 24, 88, 43, 63, 94, 77, 89, 36, 52, 1, 0, 0, 9
1, 99, 58, 100, 100, 91, 69, 61, 33, 30, 1, 0, 0, 33, 57, 36, 7
100, 100, 49, 86, 17, 59, 0, 28, 18, 0, 76, 6, 61, 29, 7, 17, 6
0, 95, 53, 100, 91, 86, 78, 47, 68, 7, 47, 0, 24, 24, 100, 27, 7
0, 51, 8, 20, 40, 0, 78, 11, 100, 43, 95, 81, 61, 100, 27, 85, 0
7, 88, 0, 42, 19, 0, 67, 1, 100, 35, 93, 79, 49, 100, 3, 89, 0
100, 100, 44, 80, 11, 47, 0, 11, 56, 0, 100, 30, 55, 44, 0, 19, 6
79, 100, 50, 63, 0, 34, 15, 35, 93, 36, 100, 71, 64, 37, 43, 0, 4
40, 80, 63, 100, 100, 91, 84, 67, 52, 46, 18, 28, 0, 6, 47, 0, 2
11, 83, 41, 100, 47, 67, 25, 35, 8, 0, 0, 31, 49, 32, 100, 31, 7
35, 90, 24, 61, 100, 100, 12, 84, 0, 29, 49, 0, 96, 57, 7, 28, 8
100, 89, 60, 100, 53, 63, 92, 81, 100, 54, 92, 11, 44, 0, 0, 13, 9
3, 74, 33, 100, 81, 92, 51, 64, 85, 47, 100, 16, 53, 0, 0, 9, 3
44, 90, 0, 79, 79, 43, 95, 0, 13, 10, 50, 55, 100, 98, 19, 100, 8
0, 86, 27, 100, 46, 77, 43, 45, 31, 16, 34, 0, 66, 1, 100, 2, 2
32, 64, 50, 100, 52, 92, 42, 53, 38, 14, 0, 0, 50, 0, 100, 5, 1
100, 100, 21, 86, 64, 41, 71, 0, 13, 23, 73, 66, 74, 100, 0, 70, 8
0, 93, 43, 100, 70, 72, 68, 34, 56, 0, 31, 32, 52, 48, 100, 53, 7
14, 76, 50, 100, 100, 95, 71, 64, 59, 52, 83, 20, 42, 0, 0, 18, 3
0, 51, 27, 72, 61, 85, 95, 100, 100, 91, 82, 61, 67, 30, 72, 0, 1
0, 96, 55, 100, 100, 84, 96, 52, 74, 21, 52, 0, 19, 27, 67, 39, 7
17, 100, 0, 60, 12, 16, 59, 0, 100, 27, 95, 70, 51, 93, 15, 63, 0
27, 90, 64, 100, 67, 70, 37, 43, 0, 22, 12, 18, 64, 19, 100, 0, 2
61, 60, 88, 97, 10, 100, 16, 66, 91, 82, 100, 46, 82, 5, 0, 0, 9
41, 90, 62, 100, 29, 74, 2, 47, 0, 22, 64, 33, 100, 28, 88, 0, 4
15, 78, 6, 33, 34, 0, 79, 17, 100, 58, 81, 99, 34, 100, 0, 68, 0
14, 91, 0, 96, 56, 100, 100, 90, 87, 66, 62, 44, 35, 22, 10, 0, 7
18, 59, 41, 100, 76, 81, 54, 35, 15, 0, 0, 14, 49, 14, 100, 1, 2
18, 66, 34, 100, 76, 84, 51, 50, 0, 26, 12, 26, 58, 0, 100, 20, 2
28, 100, 15, 65, 0, 29, 40, 20, 100, 17, 99, 36, 67, 36, 59, 0, 4
53, 94, 100, 100, 60, 90, 28, 65, 42, 52, 72, 35, 46, 7, 0, 0, 5
0, 40, 31, 62, 68, 78, 100, 100, 91, 91, 67, 62, 46, 33, 36, 0, 1
38, 100, 14, 71, 0, 42, 54, 51, 100, 58, 64, 70, 49, 35, 45, 0, 4
88, 95, 43, 99, 8, 65, 0, 23, 40, 0, 88, 21, 100, 61, 79, 100, 0
8, 85, 67, 100, 74, 68, 44, 34, 12, 0, 0, 31, 34, 46, 100, 46, 7
50, 83, 26, 62, 58, 100, 14, 60, 2, 30, 50, 0, 100, 51, 0, 34, 8
38, 100, 5, 61, 66, 52, 66, 19, 0, 0, 6, 51, 24, 97, 100, 98, 5
0, 47, 7, 58, 48, 79, 90, 100, 100, 81, 85, 54, 67, 27, 51, 0, 1
41, 58, 99, 39, 100, 1, 27, 0, 33, 40, 80, 75, 66, 100, 0, 83, 8
7, 96, 59, 100, 100, 89, 65, 67, 71, 52, 92, 31, 52, 12, 0, 0, 3
12, 78, 50, 100, 79, 77, 44, 46, 1, 23, 0, 13, 53, 7, 100, 0, 2
30, 87, 65, 100, 83, 80, 73, 61, 100, 39, 81, 14, 41, 0, 0, 4, 3
100, 100, 56, 93, 23, 65, 0, 31, 18, 0, 65, 4, 61, 22, 17, 9, 6
100, 94, 53, 100, 21, 84, 14, 52, 62, 44, 81, 14, 43, 0, 0, 17, 5
0, 100, 5, 86, 2, 66, 3, 45, 38, 34, 68, 39, 81, 19, 100, 0, 4
24, 100, 0, 81, 19, 52, 82, 49, 100, 77, 80, 66, 67, 33, 59, 0, 4
0, 100, 36, 90, 100, 85, 66, 61, 35, 19, 33, 0, 63, 34, 25, 28, 7
65, 98, 41, 74, 100, 100, 32, 85, 10, 60, 0, 0, 73, 12, 33, 62, 8
0, 85, 32, 100, 65, 88, 49, 52, 21, 24, 30, 6, 65, 4, 100, 0, 2
73, 100, 48, 70, 23, 41, 21, 9, 69, 1, 100, 22, 46, 17, 0, 0, 6
100, 84, 78, 100, 69, 82, 87, 83, 80, 51, 77, 17, 45, 0, 0, 8, 9
0, 62, 31, 82, 100, 100, 100, 80, 81, 60, 38, 40, 6, 20, 12, 0, 1
33, 100, 0, 76, 45, 78, 67, 86, 86, 57, 100, 26, 80, 0, 29, 3, 9
0, 40, 29, 56, 67, 77, 100, 100, 100, 82, 82, 53, 64, 25, 45, 0, 1
24, 82, 62, 100, 76, 71, 52, 40, 13, 16, 0, 13, 52, 13, 100, 0, 2
21, 100, 1, 76, 0, 47, 65, 41, 100, 58, 83, 61, 75, 30, 75, 0, 4
0, 100, 64, 100, 100, 70, 88, 32, 57, 0, 96, 30, 82, 43, 16, 44, 7
15, 96, 3, 61, 57, 49, 42, 0, 10, 13, 0, 66, 44, 95, 100, 100, 5
50, 54, 80, 96, 38, 100, 37, 50, 46, 0, 0, 15, 45, 45, 100, 61, 8
32, 72, 57, 93, 100, 100, 87, 78, 62, 56, 61, 30, 44, 7, 0, 0, 3
64, 93, 0, 72, 81, 70, 75, 100, 8, 75, 100, 83, 83, 41, 44, 0, 9
41, 96, 91, 100, 46, 94, 5, 63, 42, 48, 100, 32, 63, 5, 0, 0, 5
58, 85, 14, 54, 35, 2, 100, 58, 65, 100, 21, 48, 60, 64, 0, 0, 0
26, 91, 70, 100, 86, 75, 49, 52, 11, 29, 0, 3, 49, 0, 100, 3, 2
88, 82, 55, 100, 0, 81, 38, 61, 100, 76, 94, 56, 75, 26, 63, 0, 9
29, 98, 0, 55, 43, 36, 43, 0, 21, 17, 28, 64, 41, 98, 100, 100, 5
9, 100, 0, 75, 78, 72, 100, 92, 74, 93, 56, 62, 38, 31, 21, 0, 4
19, 100, 42, 95, 7, 58, 0, 44, 83, 34, 86, 68, 90, 34, 100, 0, 4
0, 22, 36, 47, 70, 73, 100, 100, 90, 89, 66, 60, 46, 30, 27, 0, 1
0, 81, 16, 59, 74, 39, 65, 0, 8, 6, 4, 50, 33, 88, 100, 100, 5
100, 94, 52, 77, 4, 77, 47, 100, 97, 88, 76, 55, 35, 28, 0, 0, 9
69, 100, 31, 77, 8, 53, 0, 27, 27, 3, 92, 0, 100, 20, 39, 12, 6
10, 81, 37, 100, 56, 62, 44, 21, 0, 13, 35, 25, 75, 0, 100, 30, 2
4, 76, 0, 33, 34, 0, 84, 17, 100, 61, 72, 100, 25, 90, 14, 45, 0
20, 60, 0, 83, 15, 39, 100, 9, 30, 0, 47, 54, 67, 100, 2, 59, 8
95, 100, 66, 81, 31, 52, 12, 18, 53, 0, 100, 18, 56, 35, 0, 28, 6
60, 100, 36, 67, 0, 39, 46, 48, 99, 58, 100, 62, 77, 29, 52, 0, 4
45, 91, 88, 100, 100, 77, 69, 54, 100, 39, 99, 12, 51, 0, 0, 1, 3
44, 86, 14, 77, 0, 34, 28, 1, 70, 0, 100, 33, 85, 76, 48, 100, 0
29, 85, 82, 100, 100, 100, 43, 85, 27, 51, 81, 32, 57, 0, 0, 0, 5
19, 92, 58, 100, 100, 100, 94, 79, 73, 55, 69, 25, 40, 5, 0, 0, 3
10, 93, 0, 54, 21, 74, 52, 100, 65, 46, 53, 0, 26, 4, 100, 5, 1
100, 100, 48, 89, 12, 65, 0, 38, 15, 12, 79, 0, 70, 26, 3, 23, 6
0, 77, 40, 64, 54, 28, 43, 0, 27, 36, 13, 72, 49, 96, 100, 100, 5
19, 64, 30, 100, 36, 85, 41, 47, 42, 9, 0, 0, 50, 4, 100, 12, 1
58, 100, 17, 77, 0, 47, 8, 16, 57, 0, 100, 21, 68, 42, 9, 37, 6
85, 78, 60, 100, 28, 69, 85, 68, 97, 68, 100, 30, 66, 0, 0, 9, 9
62, 100, 39, 79, 0, 52, 13, 39, 80, 44, 100, 63, 86, 32, 71, 0, 4
50, 50, 97, 72, 87, 100, 25, 95, 0, 65, 60, 56, 100, 35, 91, 0, 9
1, 85, 46, 100, 70, 88, 55, 58, 97, 39, 100, 10, 51, 0, 0, 2, 3
32, 62, 2, 35, 0, 6, 57, 0, 97, 22, 100, 52, 77, 80, 30, 100, 0
35, 84, 71, 100, 100, 79, 72, 52, 35, 31, 0, 9, 39, 0, 88, 0, 2
18, 84, 0, 49, 14, 13, 58, 0, 92, 25, 100, 63, 73, 93, 27, 100, 0
0, 34, 55, 65, 89, 100, 82, 58, 82, 17, 39, 1, 9, 0, 100, 1, 1
16, 69, 59, 84, 100, 100, 90, 82, 68, 61, 44, 40, 19, 20, 0, 0, 1
25, 94, 6, 58, 87, 30, 85, 0, 0, 17, 49, 53, 100, 89, 35, 100, 8
75, 100, 61, 79, 100, 96, 57, 96, 65, 66, 82, 36, 51, 10, 0, 0, 9
0, 100, 15, 95, 1, 63, 33, 40, 100, 48, 94, 65, 93, 32, 90, 0, 4
78, 83, 20, 58, 27, 0, 100, 50, 61, 100, 0, 38, 68, 69, 3, 8, 0
19, 100, 14, 79, 5, 59, 0, 38, 27, 20, 100, 34, 81, 21, 70, 0, 4
52, 93, 95, 100, 100, 98, 54, 92, 28, 61, 58, 36, 42, 2, 0, 0, 5
88, 76, 78, 100, 26, 87, 59, 86, 100, 83, 76, 48, 42, 18, 0, 0, 9
29, 100, 8, 62, 0, 20, 41, 0, 87, 19, 100, 59, 60, 86, 8, 89, 0
0, 76, 33, 100, 82, 92, 45, 70, 69, 45, 100, 16, 58, 0, 13, 10, 3
30, 75, 47, 100, 64, 69, 47, 35, 15, 8, 0, 0, 50, 5, 100, 0, 2
33, 76, 51, 100, 77, 77, 41, 42, 0, 15, 2, 0, 51, 5, 100, 12, 2
9, 96, 13, 59, 76, 45, 60, 0, 3, 12, 0, 63, 24, 100, 100, 100, 5
22, 100, 20, 75, 0, 40, 0, 25, 67, 30, 100, 39, 84, 36, 79, 0, 4
12, 92, 1, 58, 62, 38, 50, 0, 0, 15, 2, 59, 30, 96, 100, 100, 5
89, 100, 35, 79, 11, 52, 0, 25, 19, 0, 97, 1, 100, 23, 22, 21, 6
0, 90, 22, 100, 93, 85, 76, 42, 53, 0, 32, 1, 17, 34, 100, 39, 7
0, 76, 27, 100, 63, 82, 58, 40, 26, 12, 20, 16, 60, 8, 100, 0, 2
33, 77, 30, 100, 63, 73, 43, 36, 0, 16, 29, 16, 78, 0, 100, 32, 2
100, 100, 53, 79, 19, 54, 11, 24, 45, 0, 98, 8, 51, 21, 0, 7, 6
14, 57, 56, 78, 100, 100, 98, 90, 82, 62, 75, 35, 63, 8, 0, 0, 1
76, 100, 28, 96, 0, 66, 2, 32, 45, 9, 100, 17, 53, 26, 19, 0, 6
51, 71, 53, 100, 87, 83, 69, 43, 34, 11, 0, 6, 50, 14, 100, 0, 2
0, 79, 25, 100, 51, 80, 53, 46, 37, 15, 30, 0, 65, 3, 100, 1, 2
38, 85, 0, 59, 48, 53, 68, 18, 22, 0, 24, 50, 37, 94, 100, 100, 5
0, 95, 27, 100, 32, 63, 15, 31, 11, 10, 41, 7, 70, 3, 100, 0, 2
69, 100, 31, 77, 7, 50, 0, 23, 31, 0, 100, 2, 94, 24, 33, 21, 6
0, 37, 15, 60, 52, 81, 92, 100, 100, 82, 80, 55, 60, 27, 43, 0, 1
34, 100, 2, 82, 0, 28, 32, 0, 70, 10, 100, 44, 89, 90, 53, 100, 0
83, 100, 49, 77, 19, 49, 3, 20, 39, 0, 100, 12, 65, 31, 0, 26, 6
15, 63, 36, 100, 68, 70, 50, 24, 8, 0, 0, 6, 50, 5, 100, 4, 2
0, 96, 41, 100, 76, 87, 55, 44, 36, 0, 34, 16, 55, 42, 100, 47, 7
94, 97, 56, 96, 0, 100, 5, 67, 58, 53, 100, 27, 63, 0, 11, 1, 5
0, 98, 67, 93, 47, 100, 19, 68, 45, 55, 100, 33, 73, 0, 17, 7, 5
36, 80, 71, 100, 97, 79, 70, 49, 100, 37, 88, 5, 41, 0, 0, 15, 3
0, 65, 13, 100, 55, 87, 48, 42, 15, 9, 1, 17, 51, 12, 100, 0, 2
57, 100, 34, 71, 0, 45, 7, 41, 61, 41, 100, 56, 80, 32, 70, 0, 4
94, 100, 53, 75, 11, 52, 0, 41, 52, 38, 99, 43, 100, 38, 91, 0, 4
0, 43, 26, 68, 70, 100, 73, 80, 67, 41, 55, 3, 27, 0, 100, 0, 1
71, 96, 32, 100, 0, 58, 5, 15, 71, 1, 100, 42, 30, 41, 10, 0, 6
13, 87, 41, 62, 93, 44, 78, 0, 28, 15, 0, 62, 39, 92, 100, 100, 5
59, 61, 91, 100, 37, 92, 36, 46, 45, 0, 0, 6, 35, 36, 100, 38, 8
73, 95, 7, 76, 78, 40, 100, 2, 0, 0, 37, 41, 82, 82, 51, 100, 8
37, 89, 25, 54, 80, 20, 15, 0, 0, 26, 62, 58, 100, 97, 23, 100, 8
26, 84, 66, 100, 100, 83, 79, 55, 85, 35, 90, 9, 44, 0, 0, 10, 3
0, 83, 37, 100, 84, 98, 76, 76, 80, 44, 100, 13, 62, 0, 15, 4, 3
27, 100, 0, 69, 1, 26, 33, 0, 73, 8, 100, 41, 91, 77, 52, 75, 0
60, 74, 89, 100, 96, 78, 68, 50, 34, 24, 0, 2, 51, 7, 100, 0, 2
66, 88, 100, 70, 83, 100, 42, 70, 96, 71, 95, 38, 64, 0, 0, 1, 9
30, 96, 0, 66, 59, 46, 55, 2, 10, 0, 20, 48, 34, 95, 100, 100, 5
65, 67, 72, 100, 1, 75, 32, 37, 61, 0, 0, 4, 32, 44, 100, 74, 8
47, 91, 80, 100, 66, 70, 81, 65, 100, 37, 76, 6, 36, 0, 0, 18, 3
11, 47, 58, 70, 100, 100, 73, 70, 50, 34, 28, 0, 0, 12, 70, 10, 1
0, 58, 34, 75, 76, 96, 100, 100, 95, 75, 85, 49, 76, 24, 88, 0, 1
48, 100, 20, 80, 0, 51, 55, 43, 100, 56, 90, 62, 86, 30, 73, 0, 4
12, 80, 57, 100, 76, 74, 56, 41, 28, 10, 0, 4, 42, 13, 100, 0, 2
98, 100, 64, 86, 38, 54, 31, 20, 72, 0, 100, 26, 51, 39, 0, 24, 6
0, 54, 61, 75, 100, 100, 94, 98, 65, 74, 42, 49, 35, 23, 68, 0, 1
0, 98, 60, 100, 94, 82, 69, 42, 50, 0, 26, 5, 18, 31, 100, 28, 7
0, 100, 53, 97, 91, 69, 72, 29, 31, 0, 5, 35, 46, 49, 100, 41, 7
16, 100, 0, 68, 20, 26, 53, 0, 92, 11, 100, 54, 72, 86, 33, 96, 0
0, 57, 12, 100, 47, 86, 40, 39, 10, 6, 16, 3, 58, 6, 100, 0, 2
55, 100, 20, 75, 0, 48, 0, 19, 41, 0, 100, 8, 78, 30, 27, 25, 6
18, 100, 16, 91, 0, 64, 22, 39, 100, 41, 86, 55, 61, 28, 61, 0, 4
20, 71, 6, 34, 44, 0, 95, 19, 100, 62, 69, 100, 15, 92, 0, 51, 0
43, 78, 68, 100, 100, 85, 82, 58, 76, 37, 78, 14, 36, 0, 0, 10, 3
47, 83, 84, 68, 100, 91, 35, 100, 73, 78, 93, 47, 48, 20, 0, 0, 9
0, 71, 24, 100, 60, 100, 61, 63, 41, 29, 16, 0, 58, 3, 100, 2, 2
42, 91, 48, 52, 52, 15, 8, 0, 0, 31, 11, 70, 53, 90, 100, 100, 5
0, 84, 46, 86, 91, 100, 100, 94, 85, 70, 72, 45, 61, 20, 62, 0, 1
43, 67, 83, 33, 78, 0, 9, 9, 57, 41, 100, 73, 57, 100, 0, 78, 8
33, 89, 74, 100, 93, 81, 54, 60, 74, 38, 100, 16, 56, 0, 0, 0, 3
89, 100, 34, 81, 9, 54, 0, 25, 26, 0, 98, 6, 100, 26, 32, 25, 6
0, 37, 35, 57, 67, 80, 100, 100, 87, 76, 69, 50, 56, 25, 46, 0, 1
73, 66, 32, 81, 100, 100, 95, 87, 64, 65, 27, 43, 5, 22, 0, 0, 1
0, 99, 37, 100, 72, 81, 73, 37, 49, 0, 33, 24, 62, 40, 100, 44, 7
0, 86, 35, 100, 89, 89, 68, 63, 58, 46, 100, 25, 71, 2, 8, 0, 3
95, 100, 50, 82, 19, 58, 0, 31, 18, 6, 73, 0, 100, 14, 44, 12, 6
100, 100, 56, 82, 27, 55, 6, 27, 20, 0, 91, 10, 69, 30, 0, 22, 6
0, 78, 30, 100, 62, 91, 48, 59, 24, 31, 14, 3, 57, 1, 100, 0, 2
21, 61, 65, 78, 100, 100, 85, 83, 79, 57, 77, 30, 60, 6, 0, 0, 1
27, 60, 73, 91, 85, 100, 80, 62, 76, 25, 0, 9, 4, 0, 100, 8, 1
100, 100, 69, 89, 46, 60, 27, 30, 32, 0, 68, 18, 40, 35, 0, 18, 6
0, 71, 36, 67, 73, 77, 100, 100, 98, 95, 86, 62, 74, 30, 60, 0, 1
70, 94, 98, 100, 100, 79, 70, 61, 75, 35, 62, 12, 26, 0, 0, 0, 3
0, 100, 33, 100, 67, 99, 100, 94, 89, 68, 67, 44, 51, 17, 50, 0, 7
30, 82, 8, 69, 36, 30, 2, 0, 0, 36, 14, 84, 54, 100, 100, 97, 5
51, 100, 17, 77, 17, 21, 63, 0, 100, 42, 83, 93, 29, 99, 0, 52, 0
51, 88, 41, 100, 10, 63, 10, 20, 57, 0, 100, 26, 53, 42, 0, 26, 6
0, 27, 34, 51, 70, 75, 100, 100, 83, 77, 68, 52, 55, 26, 47, 0, 1
100, 68, 56, 48, 0, 64, 14, 100, 77, 98, 90, 61, 61, 25, 10, 0, 9
39, 82, 69, 100, 96, 80, 60, 61, 100, 44, 88, 14, 43, 0, 0, 10, 3
53, 92, 99, 100, 100, 74, 61, 53, 83, 39, 95, 13, 48, 0, 0, 6, 3
55, 80, 68, 100, 85, 77, 68, 49, 100, 28, 80, 2, 34, 0, 0, 21, 3
30, 90, 0, 53, 1, 11, 55, 0, 99, 28, 100, 70, 63, 100, 18, 75, 0
69, 91, 10, 95, 34, 46, 50, 0, 0, 23, 62, 50, 100, 87, 36, 100, 8
69, 65, 10, 59, 0, 88, 54, 100, 100, 80, 94, 49, 61, 22, 14, 0, 9
0, 90, 60, 100, 100, 83, 72, 47, 40, 13, 4, 0, 25, 29, 92, 29, 7
0, 94, 73, 100, 81, 64, 56, 27, 47, 0, 5, 34, 19, 45, 100, 45, 7
100, 99, 43, 100, 8, 68, 38, 32, 25, 0, 0, 30, 41, 63, 95, 86, 8
11, 100, 12, 69, 60, 44, 38, 0, 4, 29, 0, 79, 35, 99, 100, 99, 5
34, 80, 65, 100, 100, 80, 80, 51, 41, 28, 0, 7, 37, 0, 95, 5, 2
10, 79, 21, 59, 36, 16, 0, 0, 2, 46, 11, 94, 55, 100, 100, 86, 5
14, 65, 36, 100, 67, 82, 50, 40, 17, 6, 0, 0, 50, 4, 100, 2, 2
21, 97, 0, 61, 11, 14, 60, 0, 100, 30, 92, 78, 49, 100, 23, 76, 0
1, 55, 7, 100, 30, 92, 20, 45, 0, 4, 23, 0, 61, 10, 100, 12, 2
74, 100, 26, 78, 0, 48, 2, 16, 56, 0, 100, 20, 56, 40, 9, 25, 6
35, 74, 71, 42, 100, 9, 62, 0, 76, 38, 89, 76, 48, 100, 0, 82, 8
0, 95, 57, 100, 100, 74, 73, 35, 32, 0, 5, 25, 34, 46, 100, 47, 7
78, 100, 41, 73, 0, 48, 35, 37, 100, 40, 83, 59, 56, 30, 37, 0, 4
45, 92, 69, 100, 69, 70, 60, 44, 100, 28, 78, 4, 33, 0, 0, 15, 3
38, 84, 23, 100, 68, 93, 41, 64, 78, 52, 100, 24, 60, 0, 0, 1, 3
0, 82, 56, 100, 100, 91, 71, 57, 38, 24, 3, 0, 5, 33, 70, 36, 7
26, 88, 9, 63, 0, 20, 36, 0, 80, 18, 100, 57, 76, 94, 31, 100, 0
29, 87, 66, 100, 100, 97, 74, 76, 69, 52, 72, 29, 38, 12, 0, 0, 3
59, 100, 9, 64, 0, 23, 61, 17, 100, 28, 73, 82, 57, 60, 50, 0, 4
0, 97, 54, 100, 100, 93, 81, 55, 69, 16, 56, 0, 18, 32, 74, 42, 7
53, 80, 78, 100, 14, 80, 55, 65, 92, 64, 100, 24, 50, 0, 0, 20, 9
0, 91, 44, 100, 80, 78, 75, 38, 58, 0, 48, 9, 52, 40, 100, 40, 7
8, 63, 31, 79, 90, 100, 100, 92, 67, 69, 33, 47, 10, 23, 0, 0, 1
25, 87, 53, 100, 65, 64, 38, 33, 0, 19, 46, 19, 87, 0, 100, 31, 2
74, 76, 31, 60, 0, 76, 37, 100, 85, 94, 100, 60, 86, 27, 54, 0, 9
42, 100, 40, 83, 5, 51, 0, 47, 55, 40, 100, 51, 85, 38, 76, 0, 4
57, 70, 81, 100, 72, 71, 60, 35, 50, 0, 0, 4, 49, 6, 100, 9, 1
12, 54, 58, 77, 100, 100, 83, 92, 67, 69, 42, 45, 21, 21, 0, 0, 1
100, 100, 55, 94, 19, 70, 0, 36, 12, 3, 57, 0, 66, 30, 20, 35, 6
14, 86, 52, 100, 60, 76, 41, 55, 100, 52, 98, 27, 60, 8, 0, 0, 3
19, 68, 32, 100, 68, 79, 59, 39, 25, 10, 0, 4, 50, 4, 100, 0, 2
1, 72, 34, 100, 60, 84, 43, 46, 13, 13, 0, 0, 54, 2, 100, 4, 2
100, 100, 52, 87, 19, 61, 0, 30, 12, 0, 63, 4, 49, 24, 0, 14, 6
59, 79, 35, 73, 72, 36, 35, 0, 5, 24, 0, 70, 32, 100, 100, 97, 5
19, 100, 0, 71, 2, 43, 77, 39, 100, 58, 98, 60, 80, 30, 71, 0, 4
11, 66, 43, 39, 40, 5, 1, 0, 0, 44, 22, 73, 61, 88, 100, 100, 5
23, 100, 17, 69, 0, 35, 34, 22, 100, 22, 99, 39, 56, 34, 43, 0, 4
63, 67, 13, 77, 39, 100, 96, 93, 100, 67, 75, 43, 40, 20, 0, 0, 9
0, 65, 16, 93, 49, 100, 65, 77, 48, 45, 36, 11, 66, 0, 100, 1, 2
95, 100, 46, 80, 13, 53, 0, 25, 28, 0, 100, 10, 62, 32, 8, 18, 6
16, 94, 56, 100, 76, 76, 43, 52, 6, 30, 0, 6, 49, 1, 100, 0, 2
65, 81, 100, 48, 88, 10, 7, 0, 40, 35, 97, 68, 78, 100, 0, 87, 8
0, 90, 22, 62, 79, 45, 56, 0, 22, 40, 4, 93, 25, 99, 100, 100, 5
0, 88, 33, 100, 64, 87, 47, 56, 22, 31, 28, 6, 64, 1, 100, 0, 2
66, 96, 100, 100, 89, 95, 51, 89, 65, 52, 72, 15, 37, 0, 0, 1, 5
72, 63, 21, 54, 0, 80, 46, 100, 95, 84, 100, 50, 78, 18, 34, 0, 9
46, 100, 0, 75, 14, 57, 85, 57, 100, 82, 74, 63, 53, 31, 46, 0, 4
11, 82, 59, 100, 83, 74, 41, 50, 67, 45, 100, 20, 60, 0, 0, 11, 3
58, 86, 82, 100, 100, 80, 73, 60, 84, 36, 75, 16, 37, 9, 0, 0, 3
100, 94, 4, 100, 2, 57, 87, 19, 0, 0, 7, 44, 78, 87, 7, 91, 8
17, 100, 0, 56, 34, 28, 100, 31, 100, 66, 68, 97, 68, 48, 75, 0, 4
0, 86, 7, 95, 64, 100, 100, 87, 86, 65, 66, 43, 48, 22, 51, 0, 7
7, 85, 49, 97, 97, 100, 100, 77, 86, 48, 88, 20, 46, 7, 0, 0, 3
97, 98, 19, 80, 100, 57, 69, 100, 45, 50, 0, 19, 73, 0, 31, 43, 8
17, 100, 0, 75, 1, 49, 67, 46, 100, 61, 88, 54, 89, 27, 94, 0, 4
22, 87, 25, 55, 77, 43, 53, 0, 11, 18, 0, 69, 38, 91, 100, 100, 5
68, 100, 11, 89, 59, 45, 61, 0, 0, 17, 65, 55, 100, 100, 18, 98, 8
56, 100, 17, 71, 0, 31, 28, 0, 80, 16, 100, 56, 80, 93, 28, 89, 0
39, 91, 66, 100, 55, 67, 31, 39, 0, 19, 32, 15, 66, 0, 100, 1, 2
63, 100, 21, 81, 0, 51, 7, 19, 56, 0, 100, 17, 54, 33, 0, 19, 6
59, 77, 15, 63, 88, 31, 47, 0, 14, 26, 66, 62, 100, 100, 0, 99, 8
100, 88, 62, 100, 23, 85, 0, 54, 4, 18, 39, 0, 58, 26, 18, 32, 6
100, 89, 63, 94, 14, 100, 13, 65, 61, 60, 78, 20, 35, 0, 0, 12, 5
12, 73, 22, 100, 72, 80, 26, 54, 56, 47, 100, 20, 50, 0, 0, 18, 3
42, 67, 69, 100, 79, 59, 47, 22, 2, 0, 0, 16, 50, 24, 100, 19, 2
68, 100, 44, 64, 0, 36, 42, 38, 100, 41, 86, 73, 59, 38, 52, 0, 4
93, 100, 52, 91, 23, 57, 11, 20, 60, 0, 100, 29, 41, 30, 0, 0, 6
0, 82, 30, 100, 64, 78, 50, 38, 55, 0, 25, 35, 46, 46, 100, 44, 7
32, 74, 61, 100, 59, 82, 53, 36, 35, 1, 0, 0, 50, 3, 100, 1, 1
0, 55, 27, 75, 60, 93, 100, 100, 100, 74, 89, 50, 75, 25, 64, 0, 1
69, 97, 37, 54, 57, 0, 0, 4, 30, 46, 100, 66, 84, 100, 12, 94, 8
31, 84, 67, 50, 68, 2, 0, 0, 37, 40, 100, 70, 70, 100, 2, 82, 8
100, 100, 59, 94, 55, 69, 87, 93, 91, 63, 76, 25, 43, 1, 0, 0, 9
100, 98, 66, 100, 30, 90, 17, 60, 48, 48, 64, 17, 34, 0, 0, 6, 5
16, 91, 0, 49, 61, 55, 54, 2, 14, 0, 0, 57, 33, 96, 100, 100, 5
39, 96, 63, 100, 52, 43, 28, 0, 0, 4, 33, 15, 66, 0, 100, 0, 2
100, 100, 65, 75, 36, 47, 20, 17, 51, 0, 96, 21, 54, 34, 0, 22, 6
98, 76, 59, 100, 16, 76, 74, 42, 77, 0, 0, 9, 31, 48, 100, 76, 8
0, 91, 44, 100, 74, 78, 71, 51, 48, 26, 12, 5, 42, 0, 100, 1, 2
55, 72, 100, 100, 97, 96, 81, 59, 72, 22, 19, 3, 0, 0, 74, 6, 1
51, 79, 78, 100, 100, 79, 67, 53, 96, 42, 96, 13, 49, 0, 0, 11, 3
66, 100, 73, 96, 34, 72, 0, 48, 39, 31, 100, 46, 75, 26, 64, 0, 4
92, 100, 83, 89, 37, 59, 0, 27, 30, 0, 100, 8, 90, 30, 20, 23, 6
0, 83, 30, 100, 61, 78, 64, 39, 52, 0, 31, 24, 61, 48, 100, 57, 7
79, 98, 0, 87, 39, 48, 95, 13, 28, 0, 46, 40, 100, 77, 58, 100, 8
43, 84, 0, 77, 48, 37, 28, 0, 1, 25, 68, 57, 100, 97, 21, 100, 8
0, 100, 45, 99, 83, 79, 71, 39, 66, 0, 100, 23, 55, 40, 6, 48, 7
0, 99, 27, 100, 49, 83, 51, 55, 43, 29, 44, 3, 72, 0, 100, 2, 2
34, 100, 22, 67, 0, 36, 34, 23, 86, 30, 100, 61, 94, 33, 91, 0, 4
37, 85, 73, 100, 100, 77, 72, 50, 99, 39, 84, 9, 40, 0, 0, 14, 3
44, 97, 13, 100, 56, 87, 61, 95, 92, 58, 100, 14, 53, 0, 0, 4, 9
32, 81, 70, 100, 95, 83, 69, 55, 35, 31, 0, 9, 49, 2, 100, 0, 2
100, 100, 39, 90, 1, 59, 0, 22, 46, 0, 93, 22, 54, 46, 0, 26, 6
49, 72, 99, 97, 100, 100, 81, 60, 66, 20, 0, 0, 9, 3, 99, 8, 1
56, 100, 11, 85, 0, 39, 28, 0, 80, 4, 100, 47, 83, 90, 32, 92, 0
73, 69, 100, 100, 0, 95, 39, 54, 85, 13, 7, 0, 13, 40, 89, 73, 8
100, 100, 71, 87, 45, 65, 21, 41, 4, 16, 34, 0, 53, 16, 0, 22, 6
71, 95, 25, 88, 0, 43, 15, 0, 64, 11, 100, 50, 87, 95, 38, 100, 0
0, 89, 23, 100, 79, 94, 73, 48, 51, 2, 31, 0, 42, 31, 100, 30, 7
26, 71, 52, 100, 76, 76, 50, 40, 12, 11, 0, 0, 50, 2, 100, 5, 2
42, 90, 91, 100, 100, 76, 56, 57, 86, 49, 89, 17, 46, 0, 0, 12, 3
46, 65, 81, 100, 70, 82, 60, 28, 24, 0, 0, 0, 50, 3, 100, 9, 1
0, 57, 14, 91, 50, 100, 55, 66, 37, 32, 24, 0, 62, 6, 100, 15, 2
11, 84, 0, 66, 58, 67, 99, 41, 41, 0, 6, 33, 8, 84, 100, 100, 5
14, 79, 49, 100, 64, 71, 38, 39, 0, 15, 9, 16, 55, 0, 100, 10, 2
0, 96, 35, 100, 50, 62, 36, 21, 16, 0, 2, 41, 46, 52, 100, 55, 7
100, 91, 85, 100, 49, 78, 18, 52, 0, 23, 25, 0, 69, 9, 30, 20, 6
89, 100, 43, 93, 11, 60, 0, 24, 44, 0, 100, 26, 66, 49, 4, 26, 6
3, 74, 21, 100, 26, 66, 10, 32, 0, 0, 34, 0, 67, 6, 100, 6, 2
0, 100, 73, 98, 100, 80, 77, 44, 61, 8, 36, 0, 3, 27, 78, 30, 7
91, 67, 83, 100, 25, 86, 24, 43, 41, 0, 0, 6, 36, 33, 100, 36, 8
5, 70, 34, 100, 85, 83, 56, 52, 75, 43, 100, 12, 41, 0, 0, 20, 3
31, 100, 12, 65, 0, 26, 28, 0, 71, 22, 100, 55, 93, 92, 44, 89, 0
0, 99, 40, 100, 66, 66, 58, 24, 38, 0, 11, 37, 42, 51, 100, 53, 7
35, 100, 73, 100, 19, 87, 10, 53, 73, 47, 100, 16, 46, 0, 0, 19, 5
16, 100, 0, 71, 12, 37, 69, 27, 100, 34, 75, 71, 57, 40, 39, 0, 4
100, 97, 62, 100, 33, 86, 38, 61, 72, 51, 63, 21, 36, 0, 0, 0, 5
0, 53, 48, 77, 100, 100, 89, 83, 77, 58, 64, 33, 57, 8, 95, 0, 1
0, 57, 12, 65, 52, 83, 94, 100, 100, 82, 75, 55, 52, 28, 35, 0, 1
30, 89, 0, 64, 22, 22, 63, 0, 100, 24, 90, 68, 51, 97, 5, 100, 0
49, 62, 71, 100, 100, 81, 83, 39, 57, 1, 78, 0, 51, 33, 0, 49, 8
100, 85, 66, 100, 36, 78, 50, 50, 90, 36, 87, 2, 44, 0, 0, 4, 5
21, 98, 97, 100, 60, 98, 7, 71, 26, 50, 100, 37, 78, 8, 0, 0, 5
0, 63, 21, 63, 63, 80, 99, 100, 100, 80, 99, 52, 99, 24, 96, 0, 1
39, 90, 0, 69, 72, 55, 69, 12, 2, 0, 7, 47, 22, 91, 100, 100, 5
3, 40, 14, 59, 55, 81, 100, 100, 82, 76, 51, 51, 21, 26, 0, 0, 1
36, 100, 30, 100, 5, 57, 0, 38, 78, 30, 100, 54, 95, 38, 94, 0, 4
68, 90, 62, 80, 100, 34, 54, 0, 0, 21, 55, 58, 97, 100, 29, 96, 8
0, 100, 14, 99, 63, 82, 61, 40, 34, 0, 17, 19, 45, 33, 100, 39, 7
26, 67, 0, 38, 29, 0, 81, 20, 100, 66, 64, 100, 17, 74, 26, 28, 0
8, 87, 0, 41, 21, 0, 70, 16, 100, 55, 97, 100, 45, 97, 9, 63, 0
100, 92, 79, 100, 47, 89, 46, 61, 68, 37, 66, 9, 34, 0, 0, 1, 5
0, 83, 50, 100, 92, 75, 66, 38, 36, 0, 34, 6, 28, 34, 100, 36, 7
0, 79, 28, 58, 99, 80, 48, 100, 12, 79, 100, 68, 87, 34, 84, 0, 9
35, 77, 53, 100, 66, 74, 42, 45, 8, 19, 0, 15, 51, 11, 100, 0, 2
100, 100, 74, 92, 44, 63, 19, 32, 22, 0, 67, 6, 38, 24, 0, 5, 6
56, 100, 17, 72, 0, 29, 34, 0, 79, 20, 100, 60, 74, 96, 31, 83, 0
45, 100, 4, 75, 0, 47, 80, 39, 100, 64, 82, 57, 66, 28, 68, 0, 4
25, 85, 24, 62, 55, 100, 42, 55, 49, 8, 0, 0, 46, 3, 100, 5, 1
19, 74, 52, 85, 100, 100, 95, 82, 70, 60, 41, 39, 14, 17, 0, 0, 1
77, 100, 42, 79, 14, 57, 0, 33, 16, 9, 77, 0, 100, 17, 42, 21, 6
0, 55, 37, 75, 80, 94, 100, 100, 80, 76, 63, 51, 47, 25, 39, 0, 1
88, 81, 43, 100, 31, 74, 86, 69, 100, 57, 86, 17, 38, 0, 0, 7, 9
32, 90, 74, 100, 82, 58, 50, 23, 3, 4, 0, 18, 52, 17, 100, 0, 2
100, 96, 42, 100, 8, 76, 0, 43, 55, 42, 92, 20, 62, 0, 6, 8, 5
26, 86, 0, 53, 63, 40, 72, 0, 29, 3, 31, 49, 27, 92, 100, 100, 5
0, 36, 29, 54, 67, 76, 100, 100, 80, 76, 58, 50, 36, 25, 18, 0, 1
89, 100, 52, 74, 30, 43, 19, 11, 63, 0, 100, 23, 56, 44, 0, 41, 6
60, 100, 25, 76, 1, 49, 0, 21, 42, 0, 100, 7, 62, 18, 5, 6, 6
20, 78, 75, 75, 100, 100, 0, 93, 35, 77, 97, 64, 82, 32, 65, 0, 9
0, 78, 28, 100, 58, 88, 45, 56, 24, 28, 12, 1, 55, 0, 100, 2, 2
56, 91, 24, 100, 47, 77, 83, 87, 100, 48, 99, 8, 51, 0, 0, 14, 9
100, 100, 57, 92, 57, 58, 94, 84, 96, 73, 86, 30, 48, 0, 0, 6, 9
16, 89, 76, 100, 100, 100, 32, 90, 22, 62, 81, 41, 67, 3, 0, 0, 5
0, 88, 47, 100, 100, 94, 97, 62, 75, 31, 52, 0, 38, 22, 58, 43, 7
33, 45, 75, 70, 79, 100, 72, 44, 100, 10, 94, 9, 37, 8, 0, 0, 1
16, 96, 0, 59, 34, 22, 100, 30, 74, 77, 49, 100, 46, 50, 40, 0, 4
29, 100, 23, 80, 0, 51, 28, 41, 100, 43, 77, 62, 71, 31, 66, 0, 4
0, 0, 45, 14, 85, 34, 100, 60, 88, 88, 43, 100, 37, 76, 88, 65, 9
6, 93, 75, 100, 100, 86, 63, 58, 28, 29, 0, 0, 10, 27, 52, 40, 7
0, 94, 62, 100, 83, 71, 66, 35, 47, 0, 10, 20, 25, 38, 100, 39, 7
23, 100, 0, 65, 7, 21, 44, 0, 89, 16, 100, 56, 72, 91, 28, 96, 0
0, 60, 31, 75, 65, 88, 100, 100, 82, 75, 63, 51, 48, 25, 57, 0, 1
26, 100, 15, 94, 0, 62, 19, 37, 67, 49, 100, 59, 83, 30, 81, 0, 4
28, 92, 12, 44, 35, 0, 83, 11, 100, 57, 72, 100, 25, 95, 0, 52, 0
79, 70, 18, 71, 38, 100, 72, 80, 85, 48, 100, 16, 57, 0, 0, 15, 9
0, 77, 20, 100, 50, 86, 34, 51, 6, 23, 20, 7, 60, 4, 100, 0, 2
100, 96, 47, 92, 36, 58, 58, 20, 17, 0, 0, 33, 27, 69, 65, 100, 8
8, 90, 4, 58, 66, 36, 44, 0, 2, 19, 0, 63, 25, 99, 100, 100, 5
100, 100, 54, 99, 16, 79, 0, 51, 48, 51, 76, 27, 47, 1, 1, 0, 5
90, 100, 100, 94, 50, 79, 40, 63, 20, 47, 10, 32, 0, 16, 0, 0, 1
100, 100, 19, 93, 0, 53, 27, 11, 1, 0, 29, 41, 79, 77, 54, 96, 8
4, 92, 62, 100, 100, 81, 53, 55, 0, 32, 18, 12, 84, 7, 88, 0, 2
1, 76, 0, 42, 16, 0, 65, 2, 100, 35, 95, 79, 50, 100, 3, 84, 0
47, 100, 3, 99, 14, 80, 43, 82, 72, 50, 100, 17, 58, 0, 0, 12, 9
7, 72, 1, 38, 31, 0, 82, 11, 100, 56, 76, 99, 26, 100, 0, 58, 0
22, 95, 0, 53, 14, 5, 70, 0, 100, 41, 91, 89, 41, 100, 10, 59, 0
0, 76, 23, 100, 62, 85, 41, 52, 59, 47, 100, 24, 71, 0, 28, 16, 3
15, 100, 28, 93, 0, 62, 13, 37, 82, 33, 100, 64, 91, 31, 89, 0, 4
9, 82, 52, 100, 66, 81, 38, 55, 89, 45, 100, 17, 55, 0, 0, 7, 3
0, 65, 55, 81, 100, 100, 89, 86, 77, 65, 70, 43, 62, 21, 65, 0, 1
39, 100, 75, 61, 100, 98, 34, 81, 9, 30, 72, 0, 83, 45, 0, 50, 8
10, 89, 32, 98, 36, 100, 0, 68, 31, 49, 100, 29, 60, 0, 1, 15, 5
0, 80, 17, 100, 53, 94, 75, 73, 77, 47, 63, 23, 61, 1, 100, 0, 2
68, 66, 100, 98, 57, 100, 27, 68, 73, 72, 78, 37, 45, 5, 0, 0, 9
9, 88, 49, 100, 64, 76, 21, 56, 72, 46, 100, 21, 59, 2, 0, 0, 3
40, 100, 70, 60, 90, 100, 31, 94, 84, 63, 100, 31, 52, 0, 0, 28, 9
26, 100, 0, 76, 25, 52, 89, 48, 100, 84, 70, 68, 42, 34, 15, 0, 4
67, 93, 40, 100, 68, 76, 76, 92, 100, 55, 94, 13, 49, 0, 0, 6, 9
0, 82, 32, 100, 69, 84, 47, 58, 82, 46, 100, 21, 66, 0, 13, 1, 3
53, 100, 26, 80, 0, 59, 4, 37, 60, 35, 100, 41, 65, 22, 43, 0, 4
14, 84, 0, 53, 79, 83, 9, 100, 8, 66, 100, 80, 67, 38, 14, 0, 9
0, 65, 24, 95, 56, 100, 54, 59, 34, 23, 33, 0, 66, 4, 100, 5, 2
45, 100, 30, 79, 0, 47, 8, 41, 68, 38, 100, 52, 96, 35, 91, 0, 4
88, 100, 26, 93, 38, 69, 100, 88, 93, 83, 91, 51, 57, 22, 0, 0, 9
15, 95, 77, 100, 100, 72, 70, 42, 31, 13, 0, 0, 17, 32, 95, 37, 7
71, 100, 31, 81, 0, 56, 62, 50, 100, 75, 75, 56, 46, 28, 31, 0, 4
34, 93, 7, 61, 0, 25, 34, 0, 81, 12, 100, 46, 98, 83, 62, 100, 0
73, 78, 30, 100, 0, 70, 75, 39, 92, 0, 21, 21, 75, 60, 100, 88, 8
0, 77, 25, 100, 53, 86, 43, 52, 17, 21, 1, 0, 51, 0, 100, 0, 2
18, 72, 59, 38, 64, 0, 0, 9, 50, 41, 100, 73, 73, 100, 9, 80, 8
92, 100, 50, 79, 20, 56, 0, 34, 56, 22, 100, 41, 66, 23, 50, 0, 4
79, 93, 20, 100, 30, 81, 92, 80, 100, 52, 94, 16, 43, 0, 0, 19, 9
42, 100, 10, 77, 0, 47, 68, 43, 100, 68, 83, 60, 66, 30, 68, 0, 4
100, 100, 58, 79, 30, 53, 18, 24, 42, 0, 93, 10, 52, 23, 0, 16, 6
78, 100, 33, 80, 0, 57, 69, 56, 100, 68, 70, 75, 43, 38, 16, 0, 4
1, 80, 33, 100, 84, 93, 54, 64, 84, 44, 100, 15, 52, 0, 0, 1, 3
34, 100, 28, 92, 0, 55, 46, 37, 100, 38, 80, 76, 65, 40, 54, 0, 4
76, 76, 47, 100, 0, 84, 48, 66, 83, 68, 100, 33, 87, 0, 26, 0, 9
54, 95, 22, 100, 0, 61, 86, 62, 100, 75, 57, 100, 48, 49, 47, 0, 4
72, 91, 21, 75, 13, 30, 53, 0, 100, 24, 100, 69, 55, 100, 0, 88, 0
100, 100, 61, 99, 24, 66, 0, 31, 22, 0, 93, 13, 70, 33, 3, 18, 6
71, 73, 92, 100, 18, 81, 25, 45, 45, 9, 0, 0, 18, 33, 100, 52, 8
33, 100, 100, 99, 66, 98, 7, 86, 32, 65, 81, 38, 66, 5, 0, 0, 5
0, 100, 48, 91, 93, 84, 77, 41, 54, 0, 26, 7, 49, 27, 100, 25, 7
18, 85, 41, 46, 37, 1, 3, 0, 0, 47, 7, 91, 53, 97, 100, 100, 5
16, 78, 44, 100, 95, 95, 75, 66, 51, 43, 100, 31, 59, 9, 0, 0, 3
50, 100, 5, 73, 0, 22, 49, 0, 100, 33, 98, 82, 41, 99, 8, 57, 0
0, 95, 36, 100, 77, 83, 76, 40, 54, 0, 26, 24, 54, 34, 100, 39, 7
93, 100, 48, 89, 12, 59, 0, 25, 43, 0, 100, 18, 61, 43, 0, 29, 6
65, 100, 93, 92, 71, 68, 80, 47, 100, 24, 70, 6, 34, 0, 0, 7, 3
100, 100, 51, 87, 18, 60, 0, 29, 20, 0, 71, 2, 58, 28, 8, 17, 6
81, 91, 57, 100, 66, 81, 100, 94, 99, 67, 88, 40, 50, 18, 0, 0, 9
0, 41, 30, 60, 43, 85, 67, 100, 74, 75, 76, 49, 78, 24, 100, 0, 1
100, 100, 46, 90, 13, 60, 0, 28, 30, 0, 83, 16, 85, 49, 30, 43, 6
34, 100, 24, 84, 0, 51, 28, 36, 93, 35, 100, 66, 91, 32, 84, 0, 4
59, 100, 24, 75, 0, 46, 0, 16, 49, 0, 100, 13, 60, 32, 3, 25, 6
78, 100, 32, 74, 0, 43, 74, 36, 100, 56, 88, 64, 60, 32, 38, 0, 4
60, 100, 19, 81, 0, 44, 14, 7, 62, 0, 97, 27, 100, 66, 62, 86, 0
43, 100, 25, 88, 0, 58, 23, 34, 93, 53, 100, 53, 75, 24, 68, 0, 4
60, 78, 100, 100, 38, 100, 0, 76, 70, 79, 96, 56, 75, 27, 44, 0, 9
0, 93, 50, 100, 90, 82, 73, 41, 56, 0, 29, 20, 47, 34, 100, 32, 7
0, 76, 45, 100, 88, 76, 71, 37, 45, 0, 35, 3, 29, 33, 100, 36, 7
29, 88, 64, 100, 55, 73, 29, 50, 0, 26, 0, 2, 50, 0, 100, 3, 2
8, 100, 0, 83, 15, 51, 99, 53, 100, 80, 90, 68, 85, 34, 81, 0, 4
9, 88, 10, 49, 62, 40, 30, 0, 0, 22, 0, 73, 40, 97, 100, 100, 5
33, 85, 25, 50, 37, 14, 0, 0, 6, 39, 12, 75, 56, 87, 100, 100, 5
58, 88, 96, 100, 100, 82, 81, 57, 88, 30, 85, 7, 42, 0, 0, 5, 3
100, 74, 51, 62, 0, 73, 25, 100, 76, 96, 78, 63, 68, 31, 59, 0, 9
46, 92, 11, 51, 20, 0, 84, 16, 100, 66, 51, 100, 0, 64, 8, 15, 0
5, 80, 37, 100, 58, 73, 34, 37, 0, 8, 5, 0, 52, 2, 100, 7, 2
0, 86, 48, 100, 92, 75, 84, 22, 46, 0, 2, 29, 49, 49, 100, 62, 7
2, 63, 0, 92, 39, 96, 83, 100, 100, 87, 81, 59, 68, 30, 60, 0, 7
33, 100, 21, 70, 0, 37, 29, 27, 83, 35, 100, 62, 88, 35, 80, 0, 4
56, 100, 6, 76, 0, 55, 78, 62, 100, 84, 68, 57, 44, 29, 32, 0, 4
0, 94, 45, 100, 75, 76, 61, 38, 52, 0, 93, 14, 100, 38, 37, 41, 7
56, 95, 42, 62, 38, 17, 0, 0, 27, 38, 64, 69, 100, 100, 53, 94, 8
76, 93, 28, 69, 100, 75, 34, 100, 38, 41, 0, 0, 72, 12, 21, 52, 8
37, 100, 16, 60, 63, 42, 31, 0, 3, 19, 0, 75, 47, 90, 100, 97, 5
17, 89, 0, 49, 2, 7, 51, 0, 91, 26, 100, 66, 67, 98, 18, 100, 0
22, 99, 32, 74, 100, 93, 15, 100, 42, 83, 100, 69, 55, 33, 0, 0, 9
10, 100, 26, 94, 18, 72, 0, 50, 41, 36, 100, 43, 72, 22, 77, 0, 4
73, 100, 47, 86, 18, 58, 0, 29, 8, 0, 77, 4, 100, 29, 29, 29, 6
54, 93, 100, 90, 38, 70, 63, 100, 100, 63, 96, 21, 35, 0, 0, 34, 9
8, 67, 47, 100, 100, 83, 72, 42, 32, 5, 80, 0, 45, 35, 0, 69, 8
81, 100, 49, 81, 76, 38, 50, 0, 0, 17, 58, 51, 100, 91, 30, 98, 8
89, 71, 35, 68, 20, 90, 80, 100, 100, 73, 82, 45, 48, 20, 0, 0, 9
100, 78, 70, 100, 38, 76, 83, 75, 86, 59, 83, 27, 58, 0, 0, 11, 9
21, 81, 52, 100, 100, 100, 85, 76, 64, 53, 83, 29, 44, 13, 0, 0, 3
40, 100, 12, 76, 0, 33, 30, 0, 82, 1, 100, 39, 75, 78, 30, 100, 0
100, 78, 43, 100, 2, 72, 51, 35, 46, 0, 0, 24, 50, 58, 76, 90, 8
22, 89, 0, 58, 44, 32, 27, 0, 1, 33, 5, 84, 48, 100, 100, 91, 5
100, 100, 82, 90, 51, 62, 26, 32, 12, 0, 56, 6, 46, 26, 0, 12, 6
0, 100, 11, 93, 7, 62, 32, 44, 68, 52, 100, 58, 86, 29, 71, 0, 4
0, 62, 48, 80, 89, 100, 96, 78, 100, 55, 96, 33, 96, 10, 85, 0, 1
100, 91, 63, 100, 42, 58, 83, 69, 97, 94, 70, 45, 37, 0, 0, 1, 9
84, 72, 65, 100, 16, 73, 51, 36, 65, 0, 0, 5, 37, 39, 100, 61, 8
17, 100, 0, 65, 8, 23, 53, 0, 100, 22, 96, 63, 56, 94, 8, 80, 0
98, 86, 69, 100, 34, 75, 76, 68, 90, 50, 100, 16, 53, 2, 0, 0, 9
0, 100, 13, 96, 4, 69, 11, 42, 61, 43, 93, 53, 87, 26, 100, 0, 4
67, 75, 79, 100, 94, 74, 72, 42, 38, 15, 0, 0, 47, 5, 100, 1, 2
39, 84, 83, 100, 84, 62, 55, 25, 9, 6, 0, 4, 50, 7, 100, 0, 2
8, 99, 48, 100, 75, 68, 66, 25, 63, 0, 100, 25, 51, 37, 0, 41, 7
84, 100, 72, 98, 38, 66, 18, 31, 44, 0, 100, 14, 64, 39, 0, 27, 6
67, 76, 87, 100, 96, 74, 70, 50, 100, 26, 76, 1, 34, 0, 0, 20, 3
100, 100, 58, 86, 27, 66, 7, 43, 0, 18, 34, 0, 72, 14, 43, 29, 6
100, 89, 41, 100, 0, 77, 59, 71, 84, 87, 57, 57, 30, 29, 7, 0, 9
14, 52, 0, 56, 36, 78, 74, 100, 100, 96, 79, 64, 58, 32, 39, 0, 1
100, 88, 54, 76, 12, 80, 46, 100, 79, 84, 53, 54, 20, 28, 0, 0, 9
0, 95, 43, 100, 66, 65, 61, 25, 47, 0, 11, 32, 41, 44, 100, 55, 7
27, 97, 71, 100, 77, 79, 67, 60, 100, 40, 87, 12, 45, 1, 0, 0, 3
33, 100, 84, 95, 81, 73, 58, 56, 100, 38, 99, 13, 51, 0, 0, 2, 3
0, 75, 34, 100, 65, 66, 57, 10, 29, 0, 13, 41, 57, 51, 100, 62, 7
0, 0, 36, 14, 65, 34, 89, 57, 100, 83, 73, 100, 37, 89, 68, 73, 9
23, 93, 1, 59, 16, 19, 64, 0, 100, 29, 94, 72, 52, 100, 0, 90, 0
32, 92, 100, 99, 100, 100, 33, 88, 12, 48, 81, 39, 71, 6, 0, 0, 5
0, 81, 42, 99, 92, 100, 100, 68, 78, 32, 60, 0, 47, 38, 89, 40, 7
44, 100, 14, 65, 0, 25, 29, 0, 72, 17, 100, 51, 87, 89, 42, 86, 0
0, 78, 23, 100, 62, 79, 68, 40, 59, 0, 31, 18, 49, 39, 100, 44, 7
69, 70, 61, 100, 2, 84, 23, 41, 48, 0, 0, 23, 43, 59, 100, 84, 8
59, 100, 10, 71, 99, 78, 31, 96, 0, 45, 41, 0, 100, 35, 23, 61, 8
23, 90, 0, 47, 16, 0, 74, 12, 100, 57, 76, 100, 20, 79, 2, 33, 0
39, 94, 47, 100, 47, 61, 26, 23, 3, 0, 0, 39, 50, 50, 100, 63, 7
0, 84, 50, 100, 100, 86, 70, 44, 49, 0, 21, 8, 20, 28, 84, 30, 7
24, 85, 14, 63, 69, 38, 60, 0, 24, 16, 0, 55, 32, 91, 100, 100, 5
35, 96, 0, 71, 35, 36, 36, 0, 3, 16, 9, 68, 45, 100, 100, 92, 5
1, 73, 29, 100, 74, 97, 56, 63, 21, 34, 0, 4, 50, 0, 100, 0, 2
41, 86, 80, 100, 93, 78, 50, 58, 94, 44, 100, 14, 53, 0, 0, 4, 3
18, 90, 11, 43, 34, 0, 87, 20, 100, 67, 57, 100, 10, 73, 0, 24, 0
57, 76, 47, 100, 89, 95, 62, 64, 71, 49, 100, 23, 57, 1, 0, 0, 3
100, 98, 60, 100, 24, 87, 3, 58, 35, 51, 58, 26, 36, 0, 0, 5, 5
70, 100, 100, 97, 70, 81, 45, 65, 30, 49, 20, 33, 0, 16, 0, 0, 1
59, 89, 42, 23, 29, 42, 25, 100, 100, 82, 75, 46, 98, 0, 0, 3, 3
29, 80, 0, 41, 14, 0, 70, 14, 100, 53, 100, 96, 49, 100, 19, 62, 0
0, 55, 46, 58, 73, 82, 100, 100, 92, 75, 89, 50, 84, 25, 89, 0, 1
23, 70, 51, 100, 74, 82, 51, 46, 20, 15, 0, 4, 50, 0, 100, 2, 2
29, 97, 0, 57, 22, 10, 68, 0, 100, 40, 83, 90, 37, 100, 12, 57, 0
77, 64, 100, 96, 45, 100, 35, 63, 34, 25, 0, 0, 0, 36, 48, 62, 8
99, 88, 74, 100, 56, 75, 100, 85, 99, 57, 89, 17, 46, 0, 0, 4, 9
100, 65, 92, 100, 39, 93, 9, 62, 0, 27, 31, 0, 60, 26, 19, 28, 6
24, 72, 50, 100, 61, 64, 33, 33, 0, 12, 29, 19, 64, 0, 100, 10, 2
11, 98, 0, 55, 52, 36, 45, 0, 17, 22, 11, 72, 42, 100, 100, 99, 5
24, 100, 17, 56, 58, 34, 37, 0, 0, 23, 12, 59, 51, 85, 100, 93, 5
75, 100, 31, 92, 1, 55, 0, 10, 46, 0, 84, 31, 100, 73, 68, 99, 0
77, 100, 28, 90, 0, 50, 15, 10, 72, 0, 100, 33, 48, 45, 21, 11, 6
100, 75, 62, 62, 54, 95, 93, 100, 98, 63, 81, 28, 46, 0, 0, 1, 9
12, 87, 0, 77, 35, 97, 100, 100, 98, 78, 81, 43, 73, 6, 72, 0, 7
0, 100, 81, 100, 68, 62, 34, 26, 24, 0, 92, 28, 100, 50, 5, 46, 7
100, 100, 83, 96, 67, 80, 50, 64, 37, 48, 20, 32, 7, 16, 0, 0, 1
84, 96, 0, 100, 28, 66, 100, 36, 68, 0, 2, 21, 46, 60, 88, 95, 8
24, 100, 31, 56, 45, 16, 16, 0, 0, 43, 15, 81, 57, 87, 100, 88, 5
71, 98, 76, 100, 39, 75, 0, 51, 39, 36, 100, 49, 76, 26, 86, 0, 4
46, 100, 38, 76, 0, 48, 47, 48, 100, 67, 91, 64, 70, 31, 44, 0, 4
27, 94, 1, 60, 0, 20, 38, 0, 81, 16, 100, 53, 92, 93, 51, 100, 0
0, 62, 47, 88, 67, 100, 63, 65, 59, 29, 46, 2, 34, 0, 100, 0, 1
62, 81, 22, 80, 0, 38, 23, 0, 71, 4, 100, 43, 84, 88, 40, 100, 0
2, 91, 0, 56, 28, 21, 43, 0, 39, 33, 76, 65, 100, 100, 37, 96, 8
25, 100, 1, 63, 0, 21, 41, 0, 87, 16, 100, 57, 74, 93, 25, 89, 0
22, 95, 97, 100, 100, 98, 18, 95, 32, 70, 100, 47, 72, 0, 0, 16, 5
100, 100, 77, 87, 57, 72, 40, 58, 26, 45, 14, 30, 3, 14, 0, 0, 1
59, 93, 14, 69, 0, 33, 24, 0, 78, 12, 100, 47, 85, 83, 36, 100, 0
32, 100, 86, 86, 100, 56, 81, 27, 46, 0, 0, 17, 38, 34, 98, 47, 7
0, 100, 46, 98, 95, 82, 95, 41, 84, 0, 49, 9, 45, 22, 100, 28, 7
14, 90, 65, 100, 100, 84, 57, 65, 71, 53, 91, 26, 56, 3, 0, 0, 3
20, 82, 71, 100, 100, 96, 41, 87, 10, 71, 62, 48, 54, 0, 0, 0, 5
57, 100, 84, 99, 79, 71, 68, 47, 100, 30, 77, 9, 38, 0, 0, 3, 3
0, 56, 32, 78, 78, 98, 100, 100, 85, 75, 76, 50, 73, 24, 76, 0, 1
13, 78, 77, 78, 74, 100, 0, 89, 49, 78, 99, 71, 91, 35, 100, 0, 9
63, 100, 33, 90, 5, 56, 10, 18, 61, 0, 100, 22, 46, 36, 0, 16, 6
0, 44, 11, 72, 48, 93, 98, 100, 100, 74, 70, 50, 64, 27, 82, 0, 3
51, 90, 100, 100, 73, 93, 42, 67, 81, 46, 96, 14, 49, 0, 0, 6, 5
28, 100, 28, 72, 0, 39, 39, 41, 100, 54, 98, 60, 96, 25, 91, 0, 4
7, 77, 33, 100, 56, 77, 34, 37, 0, 4, 4, 0, 53, 5, 100, 20, 2
84, 68, 73, 100, 9, 84, 37, 60, 100, 81, 90, 46, 59, 9, 0, 0, 9
47, 50, 88, 41, 100, 1, 0, 0, 18, 41, 88, 76, 84, 100, 12, 73, 8
100, 98, 65, 100, 19, 94, 0, 61, 44, 67, 74, 44, 51, 13, 6, 0, 5
44, 86, 90, 86, 60, 100, 61, 82, 100, 58, 94, 20, 49, 4, 0, 0, 9
22, 86, 100, 100, 32, 97, 0, 69, 13, 59, 92, 55, 86, 19, 15, 0, 5
100, 80, 66, 55, 22, 67, 55, 100, 100, 80, 94, 40, 59, 5, 0, 0, 9
0, 46, 37, 65, 74, 85, 100, 100, 82, 74, 63, 49, 40, 24, 15, 0, 1
35, 93, 23, 80, 0, 41, 2, 0, 55, 3, 92, 34, 100, 75, 61, 100, 0
0, 96, 41, 100, 79, 85, 84, 43, 78, 0, 56, 8, 58, 29, 100, 28, 7
58, 100, 3, 99, 0, 64, 57, 65, 71, 70, 100, 30, 70, 0, 13, 3, 9
73, 100, 35, 86, 3, 53, 0, 16, 54, 0, 100, 22, 53, 42, 4, 30, 6
6, 67, 0, 93, 50, 100, 100, 100, 83, 74, 60, 50, 39, 26, 25, 0, 7
80, 82, 23, 83, 0, 96, 67, 100, 100, 77, 91, 51, 67, 25, 45, 0, 9
20, 88, 1, 52, 17, 7, 69, 0, 100, 38, 85, 84, 36, 100, 0, 69, 0
42, 75, 70, 100, 75, 66, 51, 29, 14, 0, 0, 6, 49, 13, 100, 15, 2
77, 100, 48, 75, 16, 52, 0, 26, 47, 18, 100, 36, 89, 25, 79, 0, 4
72, 100, 34, 82, 0, 59, 51, 53, 100, 48, 99, 51, 71, 26, 51, 0, 4
14, 86, 0, 42, 25, 0, 71, 3, 100, 43, 86, 89, 41, 100, 5, 69, 0
44, 95, 23, 49, 22, 0, 68, 4, 100, 45, 100, 94, 47, 100, 0, 75, 0
67, 72, 24, 71, 0, 86, 41, 100, 84, 97, 100, 65, 88, 32, 68, 0, 9
0, 61, 0, 85, 39, 99, 100, 100, 79, 76, 57, 51, 38, 25, 33, 0, 7
80, 95, 0, 84, 43, 48, 100, 16, 58, 0, 37, 36, 75, 73, 82, 100, 8
0, 80, 43, 100, 89, 83, 80, 50, 63, 17, 47, 0, 30, 26, 100, 30, 7
19, 81, 0, 41, 11, 0, 52, 10, 84, 40, 100, 80, 67, 100, 29, 82, 0
0, 92, 44, 100, 78, 79, 68, 40, 58, 0, 33, 17, 53, 33, 100, 31, 7
12, 90, 0, 83, 42, 94, 100, 100, 83, 77, 61, 51, 41, 26, 35, 0, 7
0, 64, 19, 92, 100, 100, 87, 73, 61, 37, 39, 0, 31, 24, 96, 42, 7
0, 62, 20, 90, 58, 100, 58, 71, 37, 41, 23, 9, 58, 0, 100, 4, 2
56, 100, 26, 75, 0, 46, 34, 32, 81, 32, 96, 61, 86, 29, 100, 0, 4
74, 100, 0, 96, 2, 68, 74, 81, 60, 70, 86, 37, 100, 6, 21, 0, 9
100, 71, 29, 72, 0, 90, 59, 100, 98, 79, 98, 51, 83, 25, 59, 0, 9
24, 95, 97, 100, 22, 92, 19, 55, 71, 70, 100, 32, 54, 0, 0, 21, 5
100, 100, 95, 85, 84, 70, 71, 55, 55, 41, 36, 27, 14, 13, 0, 0, 1
100, 97, 64, 100, 35, 79, 29, 42, 74, 44, 82, 17, 43, 0, 0, 3, 5
32, 78, 57, 100, 86, 87, 70, 60, 100, 42, 93, 16, 50, 0, 0, 7, 3
100, 100, 53, 91, 20, 64, 0, 32, 9, 1, 59, 0, 64, 23, 16, 23, 6
94, 88, 77, 100, 31, 73, 0, 44, 6, 13, 69, 0, 100, 23, 20, 30, 6
52, 100, 31, 70, 46, 34, 25, 0, 0, 19, 50, 50, 100, 81, 69, 99, 8
100, 100, 52, 85, 20, 55, 2, 22, 37, 0, 80, 24, 46, 47, 0, 26, 6
23, 72, 44, 100, 73, 86, 51, 50, 19, 20, 0, 8, 50, 0, 100, 11, 2
19, 100, 0, 65, 49, 36, 33, 0, 1, 14, 4, 67, 41, 94, 100, 97, 5
28, 76, 80, 85, 44, 100, 48, 85, 100, 71, 96, 37, 51, 15, 0, 0, 9
17, 66, 45, 100, 42, 82, 45, 40, 41, 0, 0, 9, 51, 10, 100, 10, 1
23, 93, 0, 70, 15, 100, 70, 99, 100, 93, 87, 60, 76, 27, 65, 0, 7
26, 81, 9, 61, 52, 33, 25, 0, 0, 22, 13, 73, 50, 100, 100, 92, 5
0, 60, 40, 87, 57, 100, 52, 66, 55, 32, 43, 2, 24, 0, 100, 5, 1
40, 100, 11, 66, 0, 22, 35, 0, 78, 16, 100, 55, 83, 95, 39, 99, 0
97, 76, 57, 100, 17, 72, 0, 28, 36, 0, 81, 19, 100, 56, 88, 88, 0
81, 100, 79, 99, 34, 67, 3, 33, 25, 0, 100, 9, 76, 37, 0, 26, 6
34, 75, 0, 44, 0, 3, 47, 0, 86, 29, 100, 67, 74, 100, 24, 91, 0
44, 100, 22, 68, 0, 38, 54, 40, 100, 48, 95, 65, 93, 32, 100, 0, 4
19, 65, 24, 100, 46, 81, 27, 45, 0, 12, 10, 1, 56, 0, 100, 4, 2
100, 100, 70, 87, 29, 60, 0, 30, 3, 0, 71, 5, 73, 30, 2, 25, 6
15, 72, 38, 100, 49, 67, 29, 29, 0, 16, 33, 22, 66, 8, 100, 0, 2
97, 85, 53, 100, 12, 78, 74, 74, 97, 86, 100, 44, 61, 12, 0, 0, 9
67, 93, 26, 70, 0, 35, 15, 0, 63, 12, 92, 46, 100, 86, 62, 100, 0
72, 100, 37, 86, 12, 55, 0, 23, 43, 0, 100, 14, 57, 34, 8, 20, 6
29, 87, 92, 100, 94, 98, 34, 81, 36, 45, 100, 37, 64, 7, 0, 0, 5
0, 66, 26, 100, 64, 88, 73, 43, 63, 0, 34, 33, 57, 54, 100, 60, 7
100, 93, 73, 100, 43, 98, 34, 66, 50, 50, 61, 34, 31, 17, 0, 0, 5
8, 93, 96, 100, 52, 95, 12, 73, 35, 61, 100, 39, 83, 0, 0, 5, 5
75, 97, 0, 100, 47, 68, 100, 35, 63, 0, 5, 23, 39, 63, 86, 97, 8
51, 87, 78, 100, 95, 79, 99, 50, 100, 22, 71, 6, 35, 1, 0, 0, 3
100, 100, 86, 98, 72, 81, 55, 64, 41, 47, 24, 30, 14, 13, 0, 0, 1
100, 84, 19, 100, 0, 67, 64, 34, 67, 0, 5, 19, 58, 55, 77, 89, 8
0, 95, 51, 100, 73, 92, 64, 47, 62, 0, 39, 17, 52, 33, 100, 36, 7
0, 76, 13, 100, 63, 100, 100, 96, 75, 73, 50, 48, 30, 23, 46, 0, 7
39, 97, 17, 63, 65, 49, 45, 0, 0, 5, 14, 60, 42, 100, 100, 98, 5
61, 100, 49, 80, 20, 56, 0, 32, 54, 23, 100, 40, 74, 26, 71, 0, 4
29, 69, 48, 100, 61, 71, 35, 35, 0, 5, 0, 0, 50, 2, 100, 14, 2
100, 100, 62, 85, 30, 61, 7, 32, 0, 0, 40, 0, 34, 25, 1, 11, 6
0, 99, 57, 100, 84, 73, 74, 36, 67, 0, 2, 18, 26, 32, 100, 40, 7
100, 100, 61, 92, 33, 63, 11, 31, 8, 0, 52, 19, 48, 43, 0, 28, 6
58, 100, 23, 77, 0, 47, 52, 34, 100, 50, 97, 62, 76, 31, 70, 0, 4
28, 100, 33, 79, 0, 49, 12, 21, 71, 26, 100, 54, 63, 34, 48, 0, 4
20, 100, 42, 87, 29, 67, 13, 48, 0, 28, 13, 9, 55, 2, 100, 0, 2
2, 60, 0, 18, 33, 0, 73, 19, 100, 53, 98, 92, 54, 100, 14, 83, 0
66, 100, 27, 88, 42, 50, 45, 11, 0, 0, 7, 34, 53, 53, 100, 70, 8
42, 99, 10, 59, 15, 12, 66, 0, 100, 38, 98, 84, 49, 100, 0, 75, 0
100, 100, 63, 99, 28, 85, 27, 49, 67, 40, 88, 16, 46, 0, 0, 1, 5
100, 94, 67, 100, 39, 100, 37, 68, 62, 52, 58, 32, 28, 16, 0, 0, 5
23, 81, 65, 100, 92, 74, 67, 45, 97, 35, 100, 4, 38, 0, 0, 17, 3
23, 100, 0, 56, 8, 9, 58, 0, 98, 31, 100, 79, 55, 99, 17, 67, 0
0, 93, 42, 100, 69, 72, 68, 36, 66, 0, 42, 15, 50, 33, 100, 35, 7
0, 75, 39, 97, 95, 100, 100, 70, 65, 42, 23, 18, 12, 0, 69, 1, 2
0, 79, 46, 100, 82, 84, 36, 59, 70, 49, 100, 21, 50, 0, 6, 15, 3
11, 65, 34, 100, 66, 77, 42, 38, 4, 8, 0, 2, 50, 7, 100, 0, 2
100, 88, 57, 100, 19, 79, 0, 44, 16, 9, 62, 0, 59, 29, 15, 33, 6
87, 69, 68, 100, 0, 76, 42, 38, 86, 0, 21, 7, 51, 47, 100, 85, 8
22, 87, 0, 71, 21, 98, 100, 100, 97, 83, 76, 53, 58, 22, 36, 0, 7
100, 100, 73, 90, 55, 75, 55, 60, 36, 45, 18, 30, 0, 15, 0, 0, 1
0, 97, 48, 97, 100, 100, 67, 68, 39, 35, 23, 0, 7, 22, 60, 33, 7
100, 100, 57, 85, 27, 63, 5, 39, 0, 14, 35, 0, 66, 20, 27, 29, 6
65, 100, 17, 83, 52, 40, 60, 0, 0, 24, 34, 65, 100, 93, 66, 99, 8
100, 100, 4, 85, 92, 59, 99, 21, 11, 0, 0, 32, 73, 62, 49, 86, 8
33, 88, 0, 51, 5, 0, 69, 4, 100, 50, 85, 100, 28, 89, 11, 39, 0
0, 62, 30, 95, 36, 100, 34, 64, 41, 29, 0, 2, 16, 4, 100, 0, 1
0, 99, 58, 100, 66, 68, 49, 34, 31, 0, 14, 18, 39, 36, 100, 41, 7
100, 97, 47, 100, 35, 69, 67, 37, 57, 4, 0, 0, 22, 30, 66, 56, 8
33, 76, 41, 100, 57, 71, 34, 37, 0, 14, 25, 16, 65, 0, 100, 17, 2
67, 100, 24, 79, 0, 51, 0, 20, 43, 0, 100, 6, 88, 28, 29, 30, 6
45, 100, 19, 72, 0, 41, 47, 31, 100, 32, 82, 63, 78, 33, 80, 0, 4
13, 69, 37, 100, 52, 73, 32, 37, 0, 9, 15, 12, 59, 0, 100, 5, 2
93, 55, 78, 100, 28, 94, 49, 67, 93, 75, 100, 29, 60, 2, 0, 0, 9
3, 62, 28, 94, 39, 100, 41, 60, 36, 22, 0, 0, 50, 7, 100, 13, 1
15, 97, 66, 100, 72, 64, 54, 20, 34, 0, 0, 37, 52, 40, 100, 45, 7
22, 57, 50, 98, 61, 100, 56, 50, 35, 10, 0, 2, 52, 6, 100, 0, 1
2, 78, 35, 100, 88, 85, 47, 58, 100, 50, 98, 15, 43, 0, 0, 23, 3
35, 96, 42, 100, 16, 65, 7, 28, 44, 0, 100, 16, 62, 35, 0, 22, 6
14, 78, 56, 100, 88, 80, 71, 41, 36, 12, 0, 0, 49, 12, 100, 7, 2
58, 81, 90, 100, 100, 96, 58, 86, 38, 67, 67, 36, 39, 0, 0, 10, 5
46, 85, 42, 100, 52, 73, 32, 41, 0, 16, 21, 7, 62, 0, 100, 17, 2
70, 100, 82, 88, 40, 64, 0, 40, 32, 26, 100, 42, 90, 27, 86, 0, 4
0, 77, 33, 100, 55, 77, 38, 42, 11, 12, 2, 0, 51, 8, 100, 8, 2
0, 46, 49, 68, 72, 100, 68, 88, 64, 55, 55, 22, 9, 1, 100, 0, 1
17, 94, 0, 66, 11, 93, 63, 100, 100, 98, 81, 64, 62, 29, 47, 0, 7
65, 97, 70, 100, 39, 66, 24, 28, 55, 0, 100, 19, 53, 34, 0, 21, 6
100, 100, 100, 92, 67, 77, 33, 62, 33, 46, 33, 30, 0, 15, 0, 0, 1
100, 100, 55, 93, 17, 74, 0, 53, 57, 47, 84, 43, 55, 22, 29, 0, 4
63, 90, 100, 100, 62, 84, 42, 58, 82, 46, 79, 17, 42, 3, 0, 0, 5
43, 93, 23, 65, 55, 27, 21, 0, 0, 33, 48, 64, 100, 93, 45, 100, 8
50, 71, 74, 100, 100, 81, 75, 47, 42, 17, 0, 1, 39, 11, 91, 0, 2
30, 100, 0, 65, 0, 20, 41, 0, 85, 12, 100, 54, 77, 93, 33, 99, 0
100, 100, 62, 83, 34, 64, 14, 43, 0, 22, 4, 0, 44, 12, 36, 30, 6
18, 93, 10, 55, 55, 27, 13, 0, 0, 34, 5, 81, 45, 100, 100, 98, 5
100, 54, 48, 62, 0, 75, 25, 100, 65, 90, 60, 59, 48, 30, 33, 0, 9
49, 100, 5, 84, 0, 48, 100, 45, 80, 79, 43, 89, 38, 45, 37, 0, 4
74, 100, 49, 87, 12, 56, 0, 23, 44, 0, 100, 17, 42, 34, 2, 20, 6
0, 91, 51, 96, 88, 100, 67, 55, 64, 7, 47, 0, 48, 19, 100, 24, 7
28, 100, 5, 77, 0, 53, 39, 40, 87, 44, 100, 46, 80, 23, 63, 0, 4
0, 92, 58, 100, 74, 68, 57, 34, 36, 0, 71, 20, 100, 47, 36, 42, 7
76, 99, 51, 100, 15, 64, 0, 25, 46, 0, 100, 22, 41, 42, 3, 17, 6
0, 93, 55, 63, 98, 29, 72, 0, 47, 27, 93, 61, 100, 100, 34, 99, 8
0, 64, 16, 100, 47, 79, 35, 40, 6, 6, 11, 9, 58, 0, 100, 4, 2
18, 82, 0, 38, 23, 0, 70, 6, 100, 41, 85, 83, 39, 100, 4, 74, 0
0, 79, 61, 54, 100, 21, 61, 0, 43, 34, 82, 69, 82, 100, 0, 92, 8
100, 64, 98, 100, 51, 78, 52, 39, 48, 0, 0, 4, 31, 38, 95, 57, 8
100, 100, 66, 89, 48, 75, 34, 60, 17, 45, 10, 30, 3, 15, 0, 0, 1
0, 74, 29, 100, 65, 86, 73, 44, 64, 0, 31, 8, 60, 35, 100, 40, 7
0, 80, 35, 100, 75, 96, 59, 62, 100, 56, 99, 22, 64, 0, 24, 6, 3
9, 59, 39, 87, 61, 100, 46, 59, 22, 22, 0, 3, 50, 2, 100, 0, 1
19, 80, 45, 100, 49, 64, 29, 27, 0, 0, 25, 8, 63, 14, 100, 21, 2
94, 92, 100, 100, 77, 83, 62, 65, 43, 47, 26, 29, 15, 12, 0, 0, 1
0, 86, 41, 100, 77, 86, 58, 58, 98, 42, 100, 16, 58, 1, 8, 0, 3
60, 95, 84, 73, 85, 100, 36, 87, 99, 76, 100, 39, 64, 9, 0, 0, 9
100, 91, 33, 100, 7, 73, 76, 39, 67, 0, 0, 25, 48, 68, 91, 94, 8
14, 71, 40, 100, 49, 70, 27, 36, 0, 5, 25, 0, 66, 2, 100, 19, 2
2, 96, 63, 100, 60, 81, 54, 62, 73, 43, 100, 26, 62, 10, 0, 0, 3
100, 100, 55, 86, 93, 81, 97, 76, 97, 51, 93, 26, 55, 7, 0, 0, 9
61, 100, 1, 74, 0, 47, 100, 48, 95, 73, 64, 76, 54, 36, 52, 0, 4
20, 78, 63, 100, 92, 84, 46, 59, 60, 50, 100, 30, 62, 3, 0, 0, 3
11, 88, 57, 100, 100, 88, 61, 66, 67, 50, 91, 24, 55, 2, 0, 0, 3
63, 96, 3, 100, 26, 61, 54, 21, 9, 0, 0, 28, 50, 56, 100, 84, 8
42, 100, 12, 74, 0, 45, 65, 51, 100, 76, 85, 55, 62, 27, 37, 0, 4
44, 100, 2, 69, 0, 38, 71, 39, 100, 50, 60, 74, 56, 37, 58, 0, 4
46, 85, 75, 100, 79, 72, 53, 56, 100, 46, 95, 15, 49, 0, 0, 15, 3
19, 75, 64, 99, 100, 100, 48, 90, 5, 63, 53, 51, 47, 2, 0, 0, 5
100, 88, 69, 100, 34, 82, 8, 56, 0, 23, 26, 0, 50, 22, 22, 42, 6
13, 58, 40, 100, 49, 97, 46, 45, 25, 3, 0, 1, 50, 1, 100, 0, 1
0, 62, 34, 93, 81, 100, 85, 61, 53, 28, 11, 17, 56, 19, 100, 0, 2
26, 100, 6, 58, 59, 94, 100, 50, 61, 0, 0, 0, 30, 60, 16, 98, 9
14, 95, 85, 100, 45, 96, 9, 68, 44, 57, 100, 33, 59, 0, 0, 16, 5
26, 77, 0, 33, 28, 0, 69, 15, 100, 52, 85, 97, 44, 100, 4, 84, 0
56, 85, 95, 100, 100, 97, 47, 95, 7, 71, 57, 52, 48, 0, 0, 11, 5
17, 86, 1, 59, 18, 11, 72, 0, 100, 42, 82, 90, 28, 100, 0, 56, 0
21, 89, 13, 64, 67, 42, 42, 0, 0, 17, 5, 68, 34, 100, 100, 97, 5
100, 97, 74, 100, 42, 89, 31, 56, 59, 39, 67, 10, 34, 0, 0, 0, 5
0, 100, 60, 100, 100, 92, 62, 58, 42, 16, 41, 0, 22, 41, 84, 45, 7
61, 96, 13, 89, 0, 41, 37, 0, 94, 10, 100, 60, 64, 100, 6, 97, 0
100, 100, 54, 92, 19, 77, 12, 53, 58, 56, 73, 27, 43, 1, 0, 0, 5
21, 89, 36, 100, 24, 61, 0, 31, 1, 21, 32, 2, 67, 0, 100, 17, 2
80, 93, 0, 100, 7, 62, 78, 34, 64, 0, 0, 20, 56, 56, 100, 90, 8
16, 70, 39, 75, 80, 100, 62, 68, 53, 36, 50, 6, 0, 0, 100, 3, 1
10, 66, 30, 100, 39, 90, 45, 54, 41, 17, 0, 0, 43, 4, 100, 3, 1
15, 80, 46, 100, 65, 77, 57, 47, 100, 37, 90, 10, 46, 0, 0, 3, 3
24, 74, 46, 100, 67, 72, 61, 38, 34, 8, 0, 0, 47, 7, 100, 5, 2
11, 77, 39, 100, 52, 68, 33, 32, 0, 5, 7, 12, 54, 9, 100, 0, 2
33, 63, 52, 100, 46, 80, 41, 39, 29, 0, 0, 1, 49, 2, 100, 0, 1
16, 100, 0, 56, 21, 15, 62, 0, 100, 22, 97, 69, 62, 98, 25, 82, 0
8, 72, 0, 99, 47, 99, 100, 100, 77, 77, 53, 53, 35, 27, 31, 0, 7
42, 93, 74, 100, 77, 71, 58, 45, 100, 34, 82, 10, 38, 0, 0, 8, 3
38, 95, 87, 100, 82, 65, 53, 45, 100, 44, 93, 11, 38, 0, 0, 25, 3
100, 96, 56, 100, 50, 72, 92, 90, 92, 65, 85, 24, 47, 0, 0, 4, 9
51, 100, 12, 82, 0, 36, 24, 0, 70, 9, 100, 46, 85, 88, 40, 88, 0
43, 87, 43, 51, 47, 14, 0, 0, 29, 33, 71, 63, 100, 96, 45, 100, 8
98, 68, 72, 100, 25, 83, 0, 39, 27, 0, 77, 4, 100, 47, 95, 83, 0
0, 88, 35, 100, 73, 97, 98, 69, 91, 26, 68, 0, 62, 14, 100, 12, 7
0, 77, 15, 100, 46, 100, 45, 64, 31, 31, 35, 0, 67, 1, 100, 8, 2
31, 100, 47, 91, 12, 58, 0, 24, 74, 20, 100, 45, 78, 36, 65, 0, 4
41, 100, 69, 100, 54, 69, 24, 50, 0, 36, 35, 31, 68, 14, 100, 0, 2
100, 100, 55, 98, 17, 83, 0, 52, 43, 61, 65, 37, 44, 7, 4, 0, 5
27, 95, 0, 62, 9, 20, 57, 0, 100, 27, 98, 70, 61, 100, 8, 85, 0
28, 100, 69, 99, 65, 65, 47, 32, 22, 0, 0, 27, 39, 38, 100, 38, 7
100, 100, 47, 84, 14, 51, 0, 13, 44, 0, 79, 31, 43, 51, 10, 19, 6
60, 94, 40, 72, 97, 36, 93, 0, 0, 15, 30, 52, 100, 86, 37, 100, 8
100, 100, 84, 90, 60, 75, 40, 60, 20, 44, 8, 29, 0, 14, 4, 0, 1
32, 76, 79, 66, 75, 100, 40, 89, 88, 66, 100, 26, 52, 6, 0, 0, 9
45, 99, 29, 73, 72, 36, 49, 0, 0, 23, 45, 59, 100, 92, 39, 100, 8
4, 61, 26, 97, 38, 100, 28, 60, 16, 21, 0, 2, 49, 2, 100, 0, 1
7, 100, 15, 64, 28, 27, 0, 0, 7, 34, 67, 63, 100, 94, 20, 91, 8
16, 88, 0, 68, 63, 38, 84, 0, 22, 15, 57, 58, 100, 99, 58, 100, 8
90, 69, 63, 100, 21, 75, 60, 67, 91, 59, 100, 17, 54, 0, 0, 6, 9
3, 67, 43, 91, 57, 100, 49, 63, 36, 27, 0, 0, 43, 4, 100, 5, 1
94, 100, 100, 100, 94, 84, 82, 66, 65, 49, 41, 33, 18, 16, 0, 0, 1
0, 100, 19, 85, 19, 63, 98, 65, 100, 67, 62, 46, 33, 23, 12, 0, 4
40, 63, 4, 75, 0, 97, 43, 100, 84, 89, 100, 61, 91, 29, 75, 0, 9
51, 86, 74, 100, 91, 81, 70, 61, 100, 40, 87, 14, 45, 0, 0, 12, 3
80, 100, 31, 81, 51, 67, 95, 84, 97, 55, 100, 27, 64, 5, 0, 0, 9
100, 97, 82, 100, 45, 75, 15, 47, 0, 13, 39, 0, 58, 24, 12, 25, 6
86, 53, 90, 92, 36, 100, 0, 62, 0, 16, 52, 0, 100, 27, 100, 66, 0
100, 94, 41, 92, 94, 100, 89, 64, 63, 49, 100, 21, 52, 0, 0, 10, 3
69, 100, 24, 81, 0, 50, 47, 36, 100, 60, 80, 60, 39, 32, 25, 0, 4
88, 93, 2, 100, 22, 66, 100, 37, 75, 0, 0, 11, 28, 52, 88, 86, 8
29, 81, 6, 54, 22, 7, 76, 0, 100, 45, 87, 93, 34, 100, 0, 64, 0
10, 88, 0, 72, 25, 97, 90, 100, 100, 89, 81, 56, 71, 22, 59, 0, 7
57, 93, 0, 71, 61, 42, 100, 6, 31, 0, 40, 42, 71, 82, 21, 100, 8
96, 63, 100, 100, 45, 95, 11, 63, 0, 25, 36, 0, 48, 29, 19, 19, 6
0, 77, 58, 73, 82, 100, 15, 94, 38, 74, 100, 71, 80, 35, 67, 0, 9
14, 100, 52, 100, 72, 63, 62, 23, 33, 0, 0, 23, 50, 25, 100, 27, 7
0, 62, 19, 93, 84, 100, 100, 66, 71, 32, 20, 6, 25, 0, 93, 2, 2
83, 91, 2, 100, 21, 67, 77, 36, 62, 0, 0, 17, 42, 54, 100, 87, 8
43, 78, 3, 49, 0, 9, 57, 0, 98, 30, 100, 70, 60, 100, 39, 69, 0
100, 92, 52, 100, 31, 64, 84, 74, 86, 77, 89, 35, 56, 0, 0, 11, 9
28, 69, 100, 87, 40, 100, 0, 67, 80, 68, 91, 70, 45, 35, 7, 0, 9
100, 78, 67, 100, 25, 78, 64, 67, 94, 66, 93, 26, 54, 0, 0, 1, 9
31, 60, 62, 88, 92, 100, 85, 70, 88, 40, 88, 10, 0, 0, 100, 4, 1
53, 100, 2, 77, 66, 46, 100, 10, 17, 0, 0, 33, 68, 62, 66, 98, 8
87, 100, 49, 88, 50, 46, 42, 6, 0, 0, 10, 36, 58, 51, 100, 75, 8
34, 81, 6, 42, 22, 0, 70, 10, 100, 48, 92, 91, 42, 100, 0, 73, 0
58, 100, 5, 75, 0, 41, 100, 44, 75, 79, 48, 89, 44, 38, 37, 0, 4
87, 100, 43, 83, 13, 55, 0, 23, 30, 0, 80, 5, 100, 28, 50, 29, 6
86, 100, 36, 84, 89, 89, 95, 71, 95, 44, 100, 18, 59, 0, 0, 0, 9
8, 49, 60, 72, 100, 100, 75, 74, 48, 45, 29, 15, 0, 0, 88, 1, 1
96, 77, 68, 100, 33, 73, 79, 67, 100, 73, 94, 25, 51, 1, 0, 0, 9
0, 36, 39, 49, 72, 74, 100, 100, 97, 87, 84, 58, 71, 28, 73, 0, 1
0, 81, 33, 100, 68, 91, 38, 65, 11, 36, 20, 5, 60, 1, 100, 0, 2
81, 80, 34, 100, 0, 73, 63, 65, 89, 77, 100, 36, 89, 0, 22, 1, 9
99, 66, 41, 58, 19, 84, 70, 100, 100, 70, 93, 34, 59, 3, 0, 0, 9
0, 26, 31, 43, 61, 67, 91, 94, 100, 100, 84, 67, 68, 34, 56, 0, 1
55, 100, 15, 89, 0, 39, 23, 0, 69, 6, 100, 44, 90, 92, 47, 91, 0
45, 99, 5, 77, 0, 30, 34, 0, 79, 19, 100, 62, 74, 100, 25, 100, 0
0, 84, 34, 100, 100, 98, 88, 75, 80, 52, 100, 30, 80, 9, 20, 0, 3
6, 85, 0, 41, 24, 0, 69, 7, 100, 44, 85, 88, 40, 100, 3, 71, 0
72, 100, 40, 92, 5, 60, 0, 25, 49, 0, 100, 22, 42, 38, 11, 19, 6
36, 100, 0, 73, 1, 28, 41, 0, 89, 17, 100, 61, 74, 98, 21, 94, 0
62, 100, 46, 92, 0, 71, 19, 57, 94, 51, 100, 47, 60, 24, 35, 0, 4
0, 86, 37, 98, 79, 100, 60, 82, 81, 57, 100, 31, 70, 9, 30, 0, 3
86, 100, 39, 79, 11, 52, 0, 23, 35, 0, 100, 9, 92, 33, 22, 34, 6
30, 91, 51, 64, 61, 25, 6, 0, 0, 34, 49, 67, 100, 100, 43, 95, 8
15, 90, 58, 100, 100, 92, 71, 72, 53, 51, 66, 28, 48, 7, 0, 0, 3
53, 93, 0, 64, 51, 34, 53, 0, 18, 17, 0, 54, 16, 88, 100, 100, 5
0, 56, 43, 77, 75, 99, 100, 100, 98, 75, 94, 50, 92, 25, 100, 0, 1
14, 69, 39, 100, 53, 71, 35, 33, 0, 8, 28, 12, 72, 0, 100, 26, 2
47, 85, 12, 75, 0, 34, 26, 0, 74, 8, 100, 44, 92, 85, 47, 100, 0
0, 43, 32, 58, 67, 79, 100, 100, 89, 76, 76, 51, 63, 25, 59, 0, 1
0, 88, 28, 100, 71, 96, 63, 66, 36, 39, 23, 9, 64, 0, 100, 2, 2
100, 84, 42, 100, 0, 72, 39, 36, 75, 0, 32, 16, 63, 55, 69, 91, 8
23, 66, 31, 100, 61, 84, 48, 46, 20, 13, 0, 0, 50, 2, 100, 2, 2
16, 59, 30, 100, 55, 87, 34, 45, 0, 12, 2, 0, 51, 4, 100, 7, 2
0, 58, 40, 79, 83, 100, 100, 92, 87, 69, 73, 46, 63, 22, 80, 0, 1
100, 100, 59, 85, 89, 80, 84, 60, 82, 36, 92, 13, 52, 1, 0, 0, 9
0, 98, 66, 100, 64, 66, 32, 34, 2, 0, 47, 20, 100, 47, 28, 50, 7
0, 3, 29, 24, 57, 50, 83, 77, 100, 100, 80, 69, 64, 35, 51, 0, 1
31, 68, 46, 100, 81, 88, 63, 49, 29, 16, 0, 5, 50, 0, 100, 12, 2
82, 100, 2, 92, 8, 61, 75, 80, 71, 79, 100, 44, 81, 11, 0, 0, 9
0, 95, 43, 100, 77, 72, 65, 32, 47, 0, 10, 32, 39, 52, 100, 53, 7
44, 100, 19, 82, 0, 59, 47, 48, 100, 59, 80, 46, 54, 24, 41, 0, 4
99, 98, 40, 100, 39, 68, 96, 77, 86, 83, 100, 38, 62, 6, 0, 0, 9
0, 65, 61, 80, 100, 100, 94, 88, 86, 65, 84, 43, 86, 20, 92, 0, 1
19, 94, 53, 100, 69, 67, 50, 31, 21, 0, 0, 29, 49, 34, 100, 37, 7
81, 100, 60, 89, 22, 66, 0, 40, 42, 25, 100, 36, 94, 27, 75, 0, 4
0, 85, 21, 100, 66, 98, 83, 77, 90, 53, 100, 30, 75, 10, 35, 0, 3
57, 100, 22, 72, 0, 31, 25, 0, 75, 13, 100, 50, 75, 87, 26, 85, 0
0, 45, 0, 61, 48, 82, 100, 100, 97, 78, 72, 51, 45, 24, 33, 0, 1
18, 78, 53, 100, 90, 81, 43, 57, 90, 55, 100, 22, 52, 0, 0, 16, 3
33, 76, 48, 100, 100, 97, 74, 50, 44, 4, 77, 0, 39, 40, 0, 79, 8
0, 89, 61, 100, 90, 74, 69, 37, 42, 2, 27, 0, 35, 30, 100, 38, 7
30, 100, 19, 80, 0, 53, 11, 32, 74, 40, 100, 56, 89, 28, 85, 0, 4
32, 99, 35, 63, 56, 21, 17, 0, 0, 36, 12, 82, 54, 100, 100, 83, 5
6, 83, 0, 39, 24, 0, 73, 11, 100, 51, 82, 94, 35, 100, 6, 62, 0
100, 100, 56, 82, 19, 56, 0, 25, 30, 0, 87, 2, 84, 16, 30, 9, 6
52, 100, 21, 75, 5, 49, 0, 22, 34, 1, 100, 0, 95, 22, 35, 16, 6
54, 82, 12, 67, 0, 28, 34, 0, 83, 8, 100, 46, 73, 82, 28, 100, 0
86, 100, 43, 83, 71, 66, 100, 87, 83, 67, 76, 40, 48, 17, 0, 0, 9
56, 100, 100, 98, 27, 97, 24, 66, 78, 48, 95, 11, 32, 0, 0, 26, 5
11, 100, 0, 68, 22, 14, 66, 0, 100, 35, 78, 88, 34, 100, 13, 51, 0
0, 89, 44, 100, 91, 89, 77, 53, 63, 17, 83, 0, 100, 15, 50, 20, 7
12, 78, 7, 36, 33, 2, 83, 0, 100, 38, 85, 78, 43, 100, 0, 80, 0
27, 100, 21, 83, 0, 47, 36, 42, 100, 49, 96, 75, 86, 37, 84, 0, 4
0, 35, 39, 52, 71, 75, 100, 100, 82, 76, 59, 51, 36, 25, 9, 0, 1
36, 91, 62, 98, 100, 100, 44, 94, 1, 65, 46, 44, 51, 0, 0, 2, 5
19, 74, 47, 100, 81, 83, 57, 51, 18, 26, 0, 9, 54, 6, 100, 0, 2
0, 95, 48, 100, 89, 80, 78, 38, 51, 0, 27, 21, 51, 39, 100, 31, 7
100, 100, 56, 78, 24, 53, 0, 27, 11, 0, 74, 3, 56, 23, 6, 14, 6
45, 77, 74, 100, 100, 87, 74, 58, 81, 40, 74, 6, 37, 0, 0, 11, 3
0, 20, 57, 51, 94, 89, 38, 100, 44, 61, 100, 30, 76, 0, 12, 14, 8
100, 100, 68, 78, 39, 55, 14, 32, 0, 5, 34, 0, 57, 23, 15, 19, 6
24, 100, 0, 69, 8, 35, 55, 34, 100, 40, 95, 79, 90, 39, 80, 0, 4
45, 100, 2, 72, 0, 49, 81, 55, 100, 79, 88, 66, 59, 33, 33, 0, 4
48, 100, 24, 75, 5, 40, 2, 5, 59, 0, 100, 26, 43, 30, 0, 5, 6
35, 100, 17, 68, 0, 36, 50, 37, 100, 36, 81, 58, 62, 35, 56, 0, 4
59, 54, 100, 82, 84, 100, 68, 62, 57, 24, 0, 0, 2, 0, 84, 4, 1
37, 89, 73, 100, 58, 72, 81, 59, 100, 29, 75, 2, 30, 0, 0, 23, 3
93, 100, 46, 78, 13, 51, 0, 21, 38, 0, 100, 8, 78, 28, 15, 22, 6
82, 100, 49, 85, 19, 61, 0, 34, 51, 36, 100, 51, 81, 27, 69, 0, 4
45, 86, 32, 66, 93, 87, 12, 100, 80, 79, 100, 46, 88, 13, 0, 0, 9
0, 100, 17, 100, 10, 74, 4, 48, 42, 29, 100, 44, 81, 25, 98, 0, 4
0, 94, 45, 100, 54, 68, 47, 34, 40, 0, 13, 29, 47, 41, 100, 46, 7
0, 69, 57, 88, 100, 100, 79, 80, 64, 60, 57, 40, 57, 20, 93, 0, 1
81, 100, 39, 77, 17, 42, 22, 5, 78, 0, 100, 31, 45, 46, 0, 27, 6
0, 71, 34, 80, 88, 100, 100, 93, 78, 69, 66, 46, 53, 23, 41, 0, 1
19, 100, 0, 73, 18, 53, 100, 63, 100, 78, 62, 53, 25, 27, 0, 0, 4
4, 79, 65, 100, 67, 86, 67, 58, 67, 29, 23, 5, 0, 0, 100, 5, 1
59, 100, 20, 79, 0, 50, 2, 20, 43, 0, 100, 7, 69, 22, 12, 12, 6
0, 81, 38, 100, 71, 82, 54, 41, 33, 0, 26, 14, 43, 46, 100, 55, 7
37, 100, 28, 83, 10, 47, 16, 11, 66, 0, 100, 23, 51, 35, 0, 23, 6
27, 100, 16, 71, 0, 36, 27, 21, 100, 25, 91, 49, 54, 34, 56, 0, 4
40, 100, 7, 58, 51, 41, 13, 0, 0, 25, 5, 75, 35, 98, 100, 98, 5
43, 89, 79, 64, 79, 100, 32, 77, 88, 78, 100, 36, 69, 0, 0, 3, 9
61, 95, 20, 91, 0, 42, 25, 0, 79, 12, 100, 58, 67, 100, 20, 99, 0
45, 80, 69, 100, 85, 75, 57, 53, 100, 45, 81, 14, 33, 0, 0, 14, 3
52, 98, 100, 100, 100, 80, 63, 61, 93, 40, 96, 16, 51, 3, 0, 0, 3
50, 84, 85, 100, 100, 64, 73, 27, 32, 0, 0, 18, 45, 31, 81, 0, 2
25, 93, 0, 55, 22, 0, 76, 5, 100, 59, 61, 100, 15, 67, 11, 7, 0
100, 100, 60, 94, 33, 62, 22, 29, 47, 0, 98, 12, 58, 35, 0, 27, 6
51, 58, 83, 100, 0, 92, 3, 49, 68, 10, 13, 0, 15, 43, 100, 77, 8
0, 45, 26, 66, 62, 84, 100, 100, 80, 75, 57, 50, 36, 25, 18, 0, 1
0, 79, 47, 96, 100, 100, 80, 74, 39, 51, 5, 26, 25, 4, 82, 0, 2
81, 82, 59, 100, 0, 64, 71, 46, 100, 60, 74, 93, 64, 46, 55, 0, 4
58, 67, 24, 85, 86, 100, 92, 70, 48, 42, 0, 14, 29, 0, 100, 7, 2
32, 66, 87, 42, 73, 0, 0, 7, 37, 43, 100, 72, 92, 100, 30, 76, 8
86, 100, 32, 92, 1, 55, 0, 16, 60, 0, 100, 31, 31, 34, 7, 1, 6
15, 70, 20, 32, 54, 0, 96, 24, 100, 66, 68, 100, 16, 92, 0, 52, 0
35, 77, 6, 50, 3, 8, 58, 0, 100, 29, 94, 70, 52, 100, 0, 84, 0
6, 78, 0, 37, 19, 0, 76, 3, 100, 40, 99, 80, 51, 100, 7, 73, 0
43, 95, 20, 65, 45, 25, 9, 0, 0, 27, 20, 71, 55, 91, 100, 100, 5
0, 82, 44, 98, 100, 100, 93, 75, 53, 55, 78, 35, 58, 13, 7, 0, 3
0, 76, 30, 48, 53, 9, 11, 0, 47, 34, 97, 66, 100, 100, 38, 85, 8
78, 99, 21, 85, 0, 50, 5, 14, 59, 0, 100, 27, 100, 65, 79, 100, 0
12, 64, 57, 46, 46, 0, 0, 3, 44, 41, 100, 74, 90, 100, 25, 79, 8
0, 92, 28, 100, 67, 74, 70, 35, 48, 0, 5, 24, 45, 34, 100, 34, 7
75, 69, 79, 100, 14, 88, 71, 70, 92, 84, 100, 36, 58, 0, 0, 9, 9
0, 94, 35, 100, 60, 71, 55, 29, 49, 0, 29, 39, 50, 57, 100, 57, 7
54, 89, 75, 100, 90, 75, 69, 48, 100, 30, 83, 8, 40, 0, 0, 8, 3
100, 100, 53, 89, 19, 63, 0, 31, 13, 0, 63, 1, 75, 29, 29, 43, 6
0, 75, 36, 100, 81, 93, 97, 51, 96, 5, 73, 0, 53, 21, 100, 25, 7
42, 85, 24, 51, 75, 38, 52, 4, 0, 0, 17, 49, 50, 85, 100, 100, 5
26, 71, 48, 100, 74, 74, 46, 37, 5, 12, 0, 11, 50, 8, 100, 0, 2
0, 87, 52, 100, 96, 82, 45, 58, 39, 42, 100, 28, 73, 4, 8, 0, 3
0, 69, 22, 93, 55, 100, 65, 73, 46, 41, 33, 8, 65, 0, 100, 4, 2
65, 89, 26, 100, 0, 70, 51, 63, 84, 70, 100, 31, 70, 3, 17, 0, 9
39, 100, 10, 76, 0, 41, 52, 25, 89, 45, 100, 67, 78, 33, 57, 0, 4
28, 89, 64, 100, 100, 92, 79, 71, 59, 51, 68, 27, 39, 9, 0, 0, 3
100, 100, 100, 90, 50, 75, 25, 60, 0, 45, 0, 30, 0, 15, 0, 0, 1
41, 96, 6, 63, 0, 11, 48, 0, 92, 31, 100, 82, 51, 100, 18, 62, 0
0, 73, 43, 100, 44, 95, 38, 62, 37, 29, 16, 0, 22, 2, 100, 3, 1
100, 98, 85, 99, 38, 100, 26, 71, 66, 56, 79, 36, 40, 18, 0, 0, 5
13, 52, 35, 92, 40, 100, 43, 57, 45, 13, 0, 0, 51, 1, 100, 0, 1
21, 87, 0, 38, 26, 0, 67, 6, 100, 41, 92, 95, 52, 100, 21, 65, 0
31, 95, 2, 68, 64, 58, 62, 10, 0, 0, 10, 52, 31, 100, 100, 100, 5
100, 100, 60, 87, 30, 59, 0, 38, 51, 31, 84, 54, 71, 32, 74, 0, 4
0, 70, 3, 91, 45, 100, 100, 100, 75, 75, 51, 50, 34, 24, 39, 0, 7
10, 60, 0, 85, 41, 95, 100, 100, 95, 78, 67, 52, 43, 27, 37, 0, 7
100, 100, 61, 83, 25, 58, 5, 29, 20, 1, 75, 0, 57, 20, 0, 14, 6
24, 100, 0, 82, 0, 49, 65, 51, 100, 82, 81, 63, 49, 32, 21, 0, 4
27, 100, 88, 86, 100, 56, 90, 25, 58, 0, 0, 24, 8, 42, 100, 45, 7
100, 90, 90, 100, 54, 73, 31, 43, 29, 12, 88, 8, 58, 18, 0, 0, 6
34, 100, 0, 71, 5, 40, 75, 32, 100, 58, 94, 64, 80, 32, 64, 0, 4
27, 77, 59, 100, 82, 75, 58, 43, 23, 15, 0, 0, 49, 10, 100, 9, 2
36, 100, 22, 80, 0, 50, 49, 39, 100, 54, 75, 62, 58, 31, 59, 0, 4
61, 100, 32, 70, 0, 41, 18, 28, 77, 29, 100, 49, 95, 34, 92, 0, 4
