@relation penbased-1
@attribute At1 integer [0, 100]
@attribute At2 integer [0, 100]
@attribute At3 integer [0, 100]
@attribute At4 integer [0, 100]
@attribute At5 integer [0, 100]
@attribute At6 integer [0, 100]
@attribute At7 integer [0, 100]
@attribute At8 integer [0, 100]
@attribute At9 integer [0, 100]
@attribute At10 integer [0, 100]
@attribute At11 integer [0, 100]
@attribute At12 integer [0, 100]
@attribute At13 integer [0, 100]
@attribute At14 integer [0, 100]
@attribute At15 integer [0, 100]
@attribute At16 integer [0, 100]
@attribute Class {0, 1, 2, 3, 4, 5, 6, 7, 8, 9}
@inputs At1, At2, At3, At4, At5, At6, At7, At8, At9, At10, At11, At12, At13, At14, At15, At16
@outputs Class
@data
74, 87, 31, 100, 0, 69, 62, 64, 100, 79, 100, 38, 84, 0, 18, 1, 9
100, 100, 72, 99, 36, 78, 34, 54, 79, 47, 64, 13, 19, 0, 0, 2, 5
0, 85, 38, 100, 81, 88, 87, 50, 84, 12, 58, 0, 53, 22, 100, 24, 7
73, 62, 53, 100, 0, 72, 82, 39, 100, 0, 15, 14, 52, 57, 90, 94, 8
27, 76, 1, 42, 16, 0, 70, 3, 100, 40, 92, 84, 44, 100, 0, 73, 0
0, 93, 62, 100, 100, 78, 69, 43, 50, 5, 35, 0, 15, 35, 86, 37, 7
29, 72, 45, 100, 78, 78, 60, 41, 25, 12, 0, 4, 50, 6, 100, 0, 2
1, 88, 0, 54, 59, 31, 36, 0, 11, 28, 4, 68, 28, 97, 100, 100, 5
41, 96, 17, 76, 50, 37, 31, 0, 0, 34, 1, 86, 49, 98, 100, 100, 5
18, 73, 0, 73, 10, 24, 54, 0, 100, 22, 95, 71, 52, 100, 5, 84, 0
0, 84, 50, 100, 72, 79, 37, 52, 51, 41, 100, 27, 62, 3, 3, 0, 3
0, 100, 61, 100, 100, 93, 63, 64, 36, 33, 14, 0, 9, 29, 47, 42, 7
100, 79, 67, 100, 26, 76, 41, 38, 47, 0, 0, 8, 38, 38, 96, 58, 8
94, 79, 40, 100, 13, 65, 59, 30, 67, 0, 0, 17, 45, 52, 100, 83, 8
46, 100, 21, 85, 0, 60, 24, 42, 68, 44, 100, 49, 76, 25, 58, 0, 4
0, 100, 54, 98, 91, 85, 71, 52, 62, 17, 74, 0, 100, 32, 42, 37, 7
18, 88, 2, 54, 40, 25, 2, 0, 0, 30, 20, 70, 45, 100, 100, 93, 5
0, 87, 37, 100, 19, 70, 5, 42, 88, 49, 100, 58, 84, 28, 88, 0, 4
73, 98, 35, 100, 0, 59, 0, 13, 71, 8, 100, 45, 29, 41, 9, 0, 6
49, 83, 8, 57, 0, 17, 51, 0, 93, 28, 100, 70, 61, 100, 8, 86, 0
22, 93, 0, 95, 50, 97, 100, 100, 67, 81, 43, 56, 28, 28, 30, 0, 7
53, 87, 32, 47, 98, 64, 69, 100, 58, 69, 100, 61, 71, 3, 0, 0, 9
2, 85, 31, 100, 76, 74, 62, 37, 47, 0, 100, 8, 68, 30, 0, 41, 7
14, 100, 1, 54, 51, 47, 36, 0, 0, 14, 6, 71, 42, 93, 100, 97, 5
100, 100, 64, 98, 26, 85, 36, 63, 76, 58, 75, 24, 42, 1, 0, 0, 5
67, 100, 36, 82, 0, 60, 5, 37, 66, 38, 100, 50, 73, 25, 56, 0, 4
36, 90, 86, 100, 87, 73, 47, 49, 92, 44, 100, 16, 53, 0, 0, 1, 3
100, 100, 92, 85, 75, 71, 58, 57, 58, 42, 33, 28, 8, 14, 0, 0, 1
44, 80, 80, 100, 100, 85, 72, 59, 92, 38, 93, 14, 49, 3, 0, 0, 3
0, 0, 38, 13, 71, 34, 94, 61, 100, 90, 63, 100, 44, 76, 73, 53, 9
76, 82, 34, 77, 0, 84, 55, 100, 100, 85, 77, 52, 38, 25, 3, 0, 9
100, 100, 50, 98, 16, 67, 0, 30, 26, 0, 80, 8, 81, 34, 29, 24, 6
10, 97, 2, 47, 24, 1, 74, 0, 100, 43, 82, 90, 33, 100, 0, 65, 0
39, 81, 72, 100, 100, 77, 71, 51, 95, 43, 95, 16, 50, 0, 0, 1, 3
41, 53, 60, 100, 100, 89, 70, 42, 33, 0, 72, 16, 54, 62, 0, 72, 8
100, 97, 66, 100, 30, 88, 24, 55, 54, 59, 61, 27, 38, 0, 0, 1, 5
43, 100, 98, 96, 77, 97, 37, 70, 60, 53, 100, 20, 47, 0, 0, 14, 5
10, 100, 24, 93, 0, 61, 0, 37, 69, 35, 100, 57, 80, 34, 70, 0, 4
45, 92, 19, 94, 42, 68, 58, 100, 89, 69, 100, 24, 55, 0, 0, 3, 9
38, 76, 58, 100, 21, 65, 0, 27, 44, 0, 100, 22, 45, 36, 22, 8, 6
0, 89, 28, 100, 64, 85, 43, 61, 9, 44, 23, 21, 62, 11, 100, 0, 2
24, 87, 0, 62, 7, 0, 61, 0, 100, 44, 80, 100, 29, 93, 7, 36, 0
13, 71, 40, 100, 65, 69, 41, 34, 0, 12, 2, 8, 51, 6, 100, 0, 2
0, 58, 4, 67, 42, 83, 79, 100, 100, 98, 81, 66, 65, 34, 66, 0, 1
25, 76, 45, 100, 77, 66, 57, 25, 9, 3, 0, 7, 53, 6, 100, 0, 2
0, 36, 35, 56, 68, 78, 100, 100, 94, 76, 80, 51, 70, 25, 70, 0, 1
0, 99, 50, 100, 100, 91, 54, 57, 32, 0, 69, 13, 70, 28, 31, 23, 7
0, 71, 39, 81, 74, 99, 100, 100, 78, 75, 53, 50, 28, 26, 11, 0, 1
0, 99, 48, 100, 100, 96, 90, 55, 58, 15, 33, 0, 40, 40, 92, 37, 7
23, 63, 31, 100, 64, 84, 54, 45, 28, 10, 0, 5, 50, 3, 100, 0, 2
0, 98, 40, 100, 78, 88, 59, 42, 32, 0, 28, 14, 47, 41, 100, 42, 7
38, 100, 18, 81, 0, 52, 36, 38, 95, 42, 100, 60, 83, 31, 85, 0, 4
99, 100, 61, 78, 37, 40, 41, 0, 99, 0, 100, 33, 47, 50, 0, 28, 6
15, 90, 57, 100, 82, 85, 60, 62, 100, 47, 86, 23, 44, 8, 0, 0, 3
32, 72, 57, 100, 76, 71, 56, 35, 21, 7, 0, 4, 51, 0, 100, 6, 2
31, 100, 4, 70, 0, 37, 66, 36, 100, 50, 66, 68, 36, 34, 14, 0, 4
35, 44, 41, 2, 81, 14, 100, 60, 81, 100, 40, 85, 9, 49, 0, 0, 0
100, 77, 58, 100, 16, 69, 0, 27, 40, 0, 93, 15, 95, 58, 53, 89, 0
0, 75, 8, 100, 40, 91, 28, 59, 7, 31, 13, 8, 56, 5, 100, 0, 2
0, 57, 36, 83, 62, 100, 54, 64, 47, 28, 12, 0, 30, 2, 100, 3, 1
0, 87, 9, 47, 80, 54, 80, 7, 24, 0, 2, 50, 25, 91, 100, 100, 5
29, 100, 3, 82, 0, 52, 60, 51, 100, 78, 90, 56, 81, 27, 75, 0, 4
27, 90, 0, 77, 64, 52, 72, 11, 8, 0, 7, 41, 29, 84, 100, 100, 5
8, 100, 0, 77, 0, 55, 29, 38, 71, 55, 71, 42, 71, 20, 100, 0, 4
45, 79, 57, 100, 100, 93, 86, 66, 70, 44, 87, 20, 46, 6, 0, 0, 3
62, 99, 19, 100, 55, 82, 71, 98, 99, 58, 100, 14, 49, 0, 0, 20, 9
86, 90, 28, 100, 0, 52, 46, 4, 26, 0, 25, 51, 100, 83, 73, 99, 8
100, 86, 63, 100, 20, 78, 22, 43, 76, 47, 90, 13, 36, 0, 0, 24, 5
15, 72, 0, 39, 57, 42, 43, 0, 16, 15, 11, 62, 36, 93, 100, 100, 5
13, 84, 66, 100, 90, 80, 52, 54, 75, 51, 100, 24, 60, 0, 0, 1, 3
100, 100, 65, 79, 39, 56, 17, 32, 8, 5, 49, 0, 47, 18, 0, 12, 6
0, 81, 11, 100, 55, 97, 100, 96, 86, 76, 66, 51, 48, 26, 38, 0, 7
0, 78, 36, 100, 79, 99, 85, 67, 70, 41, 100, 16, 63, 0, 24, 16, 3
62, 86, 87, 100, 100, 79, 85, 54, 85, 25, 64, 4, 29, 0, 0, 12, 3
48, 53, 10, 54, 0, 0, 49, 6, 88, 48, 100, 100, 48, 84, 7, 44, 0
48, 97, 9, 67, 100, 64, 66, 100, 24, 57, 0, 0, 87, 8, 15, 41, 8
0, 86, 46, 100, 100, 76, 81, 38, 58, 0, 53, 6, 8, 38, 83, 40, 7
17, 100, 17, 69, 60, 36, 30, 0, 0, 20, 0, 73, 41, 91, 100, 92, 5
30, 100, 0, 78, 56, 82, 44, 78, 75, 51, 100, 22, 72, 0, 15, 7, 9
25, 91, 61, 100, 74, 75, 44, 55, 94, 43, 100, 16, 53, 0, 0, 6, 3
20, 85, 3, 55, 0, 17, 38, 0, 79, 23, 100, 58, 83, 92, 35, 100, 0
50, 100, 5, 82, 71, 42, 91, 0, 7, 18, 78, 56, 100, 92, 0, 90, 8
25, 89, 65, 55, 100, 21, 20, 0, 0, 30, 55, 62, 94, 95, 22, 100, 8
32, 94, 23, 68, 60, 34, 33, 0, 0, 26, 17, 69, 41, 98, 100, 100, 5
0, 100, 51, 85, 100, 74, 63, 37, 26, 0, 15, 12, 38, 31, 100, 37, 7
100, 100, 53, 82, 18, 57, 0, 29, 14, 0, 69, 1, 64, 20, 12, 7, 6
0, 42, 42, 55, 73, 77, 100, 100, 81, 77, 61, 52, 46, 26, 39, 0, 1
0, 50, 13, 63, 56, 83, 100, 100, 94, 75, 75, 50, 54, 24, 31, 0, 1
0, 64, 37, 82, 85, 99, 100, 100, 85, 75, 76, 50, 70, 24, 67, 0, 1
24, 91, 67, 100, 61, 65, 36, 33, 0, 6, 0, 13, 50, 3, 100, 0, 2
96, 85, 31, 100, 44, 64, 96, 27, 37, 0, 0, 31, 72, 62, 100, 91, 8
29, 100, 16, 77, 0, 41, 70, 34, 100, 64, 89, 67, 57, 34, 26, 0, 4
33, 88, 39, 59, 63, 100, 0, 65, 28, 43, 40, 0, 100, 42, 25, 47, 8
0, 61, 15, 62, 51, 81, 89, 100, 100, 80, 86, 53, 72, 26, 57, 0, 1
35, 88, 30, 57, 50, 17, 11, 0, 0, 38, 56, 68, 100, 100, 20, 100, 8
33, 100, 13, 89, 0, 61, 49, 58, 100, 76, 63, 55, 37, 28, 20, 0, 4
34, 29, 0, 51, 37, 76, 92, 100, 100, 80, 84, 53, 74, 26, 74, 0, 1
93, 69, 100, 100, 44, 95, 12, 68, 68, 69, 80, 46, 50, 17, 0, 0, 9
3, 70, 0, 25, 41, 0, 89, 18, 100, 61, 75, 100, 25, 100, 14, 58, 0
7, 91, 57, 100, 8, 96, 0, 54, 57, 50, 100, 21, 46, 0, 1, 14, 5
0, 95, 40, 100, 74, 80, 40, 55, 1, 35, 15, 12, 63, 8, 100, 0, 2
0, 65, 49, 81, 91, 100, 100, 90, 78, 67, 56, 45, 36, 22, 16, 0, 1
77, 96, 29, 90, 66, 73, 66, 100, 100, 64, 93, 19, 49, 0, 0, 20, 9
7, 100, 0, 73, 57, 81, 49, 80, 76, 52, 100, 23, 65, 0, 1, 2, 9
60, 90, 26, 82, 49, 39, 35, 0, 0, 23, 56, 54, 100, 90, 37, 100, 8
98, 100, 50, 76, 20, 42, 21, 5, 77, 0, 100, 34, 45, 37, 0, 10, 6
100, 100, 67, 76, 39, 51, 15, 23, 29, 0, 73, 10, 46, 26, 0, 22, 6
7, 78, 78, 100, 100, 93, 98, 51, 98, 9, 22, 0, 0, 1, 93, 2, 1
0, 100, 38, 100, 70, 74, 55, 30, 26, 0, 19, 44, 59, 50, 100, 54, 7
100, 100, 56, 100, 19, 75, 0, 43, 12, 10, 62, 0, 68, 14, 15, 12, 6
7, 96, 18, 69, 68, 41, 46, 0, 11, 25, 0, 71, 29, 96, 100, 100, 5
14, 86, 46, 100, 50, 63, 34, 28, 0, 5, 18, 8, 62, 1, 100, 0, 2
49, 93, 0, 55, 28, 74, 63, 100, 62, 50, 59, 3, 24, 1, 100, 0, 1
15, 66, 14, 100, 50, 89, 37, 51, 7, 18, 0, 12, 50, 8, 100, 0, 2
3, 92, 12, 64, 60, 28, 18, 0, 0, 32, 67, 55, 100, 91, 33, 100, 8
5, 88, 50, 100, 76, 80, 44, 58, 73, 43, 100, 21, 59, 3, 0, 0, 3
0, 91, 0, 97, 52, 100, 100, 93, 100, 69, 78, 47, 58, 24, 44, 0, 7
60, 59, 98, 26, 48, 0, 25, 19, 77, 49, 100, 85, 43, 100, 0, 70, 8
5, 77, 0, 64, 21, 5, 71, 0, 100, 49, 67, 100, 19, 93, 13, 28, 0
89, 92, 20, 100, 11, 67, 43, 34, 54, 0, 0, 24, 34, 56, 100, 82, 8
10, 99, 36, 98, 100, 100, 91, 68, 58, 34, 24, 0, 0, 3, 36, 22, 7
23, 100, 9, 78, 0, 45, 57, 28, 100, 38, 58, 62, 42, 32, 43, 0, 4
0, 31, 52, 59, 46, 100, 11, 81, 65, 52, 100, 17, 38, 0, 9, 26, 8
0, 74, 13, 100, 55, 100, 100, 98, 79, 80, 59, 55, 45, 28, 42, 0, 7
0, 67, 35, 98, 88, 100, 64, 65, 49, 39, 100, 22, 63, 0, 8, 1, 3
30, 49, 24, 9, 60, 0, 90, 31, 100, 71, 75, 100, 32, 90, 0, 63, 0
4, 100, 23, 65, 89, 36, 100, 0, 20, 8, 32, 49, 79, 85, 0, 89, 8
100, 73, 76, 100, 0, 88, 21, 64, 98, 78, 96, 65, 86, 32, 82, 0, 9
80, 74, 100, 100, 56, 70, 29, 35, 36, 0, 100, 13, 67, 38, 0, 24, 6
24, 66, 55, 84, 100, 100, 79, 80, 52, 60, 29, 40, 12, 20, 0, 0, 1
100, 77, 61, 100, 21, 79, 71, 70, 81, 73, 78, 33, 53, 0, 0, 2, 9
16, 76, 2, 44, 16, 0, 84, 12, 100, 57, 75, 100, 9, 88, 0, 44, 0
40, 78, 30, 100, 79, 88, 71, 54, 42, 24, 0, 0, 43, 4, 100, 10, 2
12, 58, 62, 79, 100, 100, 88, 85, 62, 64, 50, 42, 25, 21, 0, 0, 1
25, 77, 15, 82, 0, 40, 21, 0, 73, 0, 100, 38, 85, 79, 37, 100, 0
100, 100, 44, 84, 17, 56, 8, 27, 34, 0, 84, 17, 53, 35, 0, 15, 6
0, 88, 52, 100, 100, 77, 75, 39, 44, 2, 17, 0, 15, 30, 87, 38, 7
0, 99, 36, 100, 93, 97, 100, 64, 83, 32, 61, 0, 28, 28, 76, 40, 7
51, 60, 47, 100, 16, 68, 75, 35, 83, 0, 0, 2, 31, 39, 100, 68, 8
42, 73, 53, 100, 94, 83, 79, 49, 43, 21, 0, 0, 47, 10, 100, 14, 2
63, 78, 83, 100, 100, 80, 78, 53, 42, 30, 0, 8, 30, 0, 93, 3, 2
55, 100, 15, 77, 0, 47, 42, 28, 86, 43, 100, 62, 84, 31, 80, 0, 4
100, 100, 74, 88, 46, 69, 22, 47, 0, 24, 3, 0, 36, 11, 7, 23, 6
100, 100, 64, 87, 28, 59, 0, 30, 7, 0, 72, 3, 76, 31, 20, 49, 6
60, 82, 21, 74, 0, 25, 34, 0, 82, 27, 100, 75, 54, 100, 14, 75, 0
28, 77, 62, 100, 100, 85, 67, 58, 96, 40, 92, 9, 41, 0, 0, 18, 3
70, 92, 12, 52, 26, 0, 100, 43, 88, 100, 13, 58, 61, 68, 0, 11, 0
0, 72, 1, 100, 49, 100, 72, 71, 43, 39, 10, 10, 51, 0, 100, 1, 2
100, 100, 66, 95, 27, 65, 0, 29, 25, 0, 77, 12, 70, 43, 16, 44, 6
0, 64, 21, 100, 27, 86, 24, 43, 8, 4, 6, 0, 53, 2, 100, 6, 1
0, 33, 31, 60, 69, 86, 81, 100, 72, 72, 72, 44, 76, 16, 100, 0, 1
65, 93, 68, 73, 92, 23, 13, 0, 0, 38, 87, 65, 100, 100, 5, 98, 8
51, 100, 33, 77, 0, 53, 11, 32, 77, 36, 100, 53, 76, 27, 60, 0, 4
90, 78, 43, 100, 0, 73, 63, 68, 95, 94, 100, 51, 79, 11, 16, 0, 9
18, 100, 23, 69, 57, 39, 29, 0, 0, 27, 0, 75, 40, 94, 100, 99, 5
61, 90, 67, 61, 99, 100, 9, 71, 17, 56, 0, 0, 100, 25, 17, 61, 8
22, 71, 41, 100, 51, 93, 46, 54, 40, 15, 0, 1, 46, 2, 100, 0, 1
39, 89, 37, 59, 65, 29, 24, 0, 6, 37, 0, 80, 38, 100, 100, 98, 5
36, 100, 0, 76, 21, 49, 73, 39, 100, 60, 70, 64, 72, 31, 85, 0, 4
75, 75, 36, 100, 6, 68, 62, 35, 100, 0, 0, 6, 31, 41, 93, 74, 8
15, 79, 43, 100, 51, 68, 29, 31, 0, 2, 30, 7, 65, 0, 100, 1, 2
3, 85, 38, 100, 59, 78, 45, 48, 22, 21, 0, 0, 52, 0, 100, 1, 2
37, 100, 0, 60, 94, 94, 3, 89, 29, 54, 0, 0, 100, 28, 8, 38, 8
40, 100, 16, 81, 0, 59, 22, 40, 81, 47, 100, 44, 79, 22, 67, 0, 4
58, 96, 17, 64, 0, 26, 29, 0, 75, 27, 100, 65, 83, 100, 33, 79, 0
75, 93, 46, 87, 10, 49, 0, 8, 58, 0, 100, 31, 66, 66, 22, 100, 0
52, 100, 26, 68, 0, 36, 52, 36, 100, 40, 84, 69, 62, 35, 48, 0, 4
25, 67, 41, 100, 80, 91, 61, 53, 24, 26, 0, 15, 49, 6, 100, 0, 2
65, 64, 86, 80, 75, 100, 0, 79, 18, 54, 100, 68, 78, 41, 49, 0, 9
11, 59, 51, 85, 53, 100, 46, 58, 38, 16, 0, 5, 51, 0, 100, 1, 1
0, 62, 27, 64, 61, 84, 100, 100, 90, 77, 70, 51, 50, 25, 35, 0, 1
54, 100, 29, 87, 6, 55, 0, 23, 48, 0, 100, 21, 40, 35, 12, 17, 6
24, 88, 0, 46, 54, 45, 20, 0, 24, 55, 38, 95, 51, 94, 100, 100, 5
38, 100, 6, 62, 44, 35, 7, 0, 0, 23, 9, 72, 45, 98, 100, 96, 5
74, 98, 43, 100, 69, 89, 90, 82, 100, 38, 84, 3, 41, 0, 0, 8, 9
27, 90, 0, 65, 55, 44, 62, 5, 19, 0, 24, 50, 29, 95, 100, 100, 5
100, 79, 64, 100, 30, 86, 63, 73, 77, 63, 72, 27, 42, 0, 0, 5, 9
54, 69, 78, 100, 70, 55, 39, 18, 0, 0, 16, 23, 58, 18, 100, 10, 2
75, 100, 40, 90, 11, 59, 0, 27, 32, 0, 98, 5, 100, 28, 38, 16, 6
66, 91, 22, 73, 50, 27, 19, 0, 0, 33, 65, 60, 100, 96, 24, 100, 8
0, 87, 37, 100, 59, 64, 45, 15, 27, 0, 20, 38, 60, 44, 100, 51, 7
0, 88, 18, 100, 68, 97, 59, 70, 55, 50, 100, 37, 84, 11, 35, 0, 3
39, 83, 17, 65, 37, 26, 17, 0, 0, 36, 44, 70, 100, 100, 32, 93, 8
100, 100, 54, 88, 22, 64, 0, 35, 6, 7, 57, 0, 65, 21, 14, 21, 6
8, 77, 39, 95, 86, 100, 100, 80, 68, 59, 73, 35, 40, 15, 0, 0, 3
0, 93, 64, 100, 100, 80, 76, 44, 52, 8, 27, 0, 30, 24, 96, 31, 7
5, 96, 37, 100, 66, 76, 42, 45, 4, 22, 0, 3, 50, 1, 100, 0, 2
55, 99, 55, 68, 77, 26, 38, 0, 0, 13, 20, 56, 49, 92, 100, 100, 5
100, 100, 22, 97, 23, 62, 94, 33, 69, 0, 0, 18, 25, 59, 78, 95, 8
20, 84, 58, 100, 59, 74, 53, 53, 100, 42, 98, 15, 53, 0, 0, 1, 3
15, 80, 0, 32, 35, 0, 80, 14, 100, 61, 71, 100, 24, 86, 13, 40, 0
11, 71, 16, 100, 53, 79, 44, 41, 9, 14, 0, 6, 50, 3, 100, 0, 2
0, 94, 28, 100, 65, 100, 100, 97, 79, 75, 61, 51, 50, 26, 48, 0, 7
13, 100, 59, 98, 64, 58, 37, 21, 15, 0, 0, 41, 49, 49, 100, 55, 7
75, 72, 25, 76, 0, 37, 16, 0, 70, 23, 100, 61, 88, 100, 31, 83, 0
31, 81, 54, 46, 51, 6, 7, 0, 0, 42, 13, 84, 55, 96, 100, 100, 5
55, 72, 53, 100, 100, 95, 86, 66, 73, 38, 88, 5, 42, 0, 0, 17, 3
43, 100, 10, 75, 0, 45, 46, 34, 100, 35, 93, 60, 88, 29, 78, 0, 4
0, 79, 27, 99, 66, 100, 81, 75, 58, 49, 34, 22, 61, 4, 100, 0, 2
28, 92, 40, 48, 96, 67, 45, 100, 37, 90, 100, 62, 68, 19, 0, 0, 9
23, 80, 14, 80, 77, 100, 100, 70, 66, 39, 0, 19, 23, 12, 97, 0, 2
52, 100, 0, 98, 27, 78, 41, 82, 67, 48, 100, 16, 63, 0, 3, 10, 9
31, 100, 5, 81, 0, 59, 27, 41, 72, 41, 100, 43, 81, 22, 69, 0, 4
0, 52, 38, 60, 72, 78, 100, 100, 96, 81, 84, 54, 74, 27, 73, 0, 1
0, 92, 39, 100, 100, 99, 78, 65, 44, 32, 9, 0, 4, 24, 56, 34, 7
53, 100, 30, 67, 59, 35, 24, 0, 6, 30, 0, 75, 41, 99, 100, 98, 5
46, 100, 9, 78, 0, 51, 4, 24, 37, 0, 100, 7, 67, 24, 22, 6, 6
100, 100, 62, 90, 31, 61, 12, 28, 33, 0, 78, 13, 44, 27, 0, 10, 6
14, 73, 60, 100, 100, 93, 74, 55, 38, 20, 0, 0, 2, 35, 63, 28, 7
0, 82, 36, 100, 77, 84, 78, 43, 73, 3, 50, 0, 48, 26, 100, 32, 7
0, 92, 49, 100, 100, 83, 80, 45, 71, 6, 64, 0, 36, 31, 100, 42, 7
0, 86, 73, 100, 100, 96, 71, 61, 36, 25, 3, 0, 6, 38, 85, 43, 7
30, 69, 38, 100, 82, 88, 76, 53, 43, 24, 0, 0, 43, 6, 100, 6, 2
34, 100, 0, 62, 71, 54, 76, 11, 16, 0, 10, 48, 22, 88, 100, 95, 5
0, 93, 41, 100, 61, 77, 34, 52, 0, 30, 4, 10, 51, 3, 100, 0, 2
54, 73, 92, 92, 100, 100, 65, 80, 42, 61, 19, 41, 8, 20, 0, 0, 1
13, 78, 44, 47, 36, 0, 0, 0, 48, 39, 100, 74, 85, 100, 20, 79, 8
55, 100, 18, 78, 0, 49, 5, 20, 46, 0, 100, 12, 68, 29, 10, 22, 6
100, 100, 72, 90, 35, 66, 6, 38, 0, 8, 50, 0, 69, 19, 14, 22, 6
44, 73, 77, 100, 100, 68, 78, 28, 68, 0, 100, 33, 56, 51, 0, 53, 8
23, 58, 66, 77, 100, 100, 95, 87, 81, 59, 71, 30, 52, 3, 0, 0, 1
52, 95, 8, 73, 10, 22, 55, 0, 100, 24, 96, 74, 51, 100, 0, 91, 0
13, 100, 10, 79, 0, 48, 4, 19, 75, 22, 87, 49, 89, 29, 100, 0, 4
36, 93, 98, 100, 43, 98, 8, 72, 65, 55, 100, 26, 63, 1, 0, 0, 5
23, 100, 46, 57, 100, 79, 49, 89, 0, 48, 20, 0, 79, 22, 24, 53, 8
42, 94, 1, 70, 0, 26, 44, 0, 92, 22, 100, 66, 64, 100, 17, 84, 0
100, 100, 89, 94, 89, 79, 78, 63, 56, 47, 33, 31, 22, 16, 0, 0, 1
57, 99, 1, 100, 39, 80, 64, 95, 78, 58, 100, 22, 59, 0, 0, 5, 9
0, 83, 43, 100, 72, 76, 35, 51, 69, 45, 100, 21, 59, 0, 5, 0, 3
97, 95, 48, 100, 13, 67, 0, 25, 41, 0, 91, 16, 100, 56, 68, 91, 0
82, 77, 45, 100, 0, 78, 47, 58, 100, 81, 94, 56, 87, 22, 88, 0, 9
80, 81, 34, 100, 0, 70, 45, 39, 76, 0, 28, 12, 57, 54, 100, 85, 8
56, 88, 10, 61, 0, 15, 50, 0, 91, 35, 100, 81, 52, 100, 9, 67, 0
0, 43, 32, 61, 68, 82, 100, 100, 85, 75, 66, 49, 45, 24, 25, 0, 1
0, 88, 40, 100, 65, 81, 51, 55, 30, 29, 11, 4, 51, 0, 100, 6, 2
48, 51, 100, 74, 72, 100, 0, 85, 6, 62, 88, 60, 99, 31, 82, 0, 9
0, 96, 41, 100, 100, 88, 59, 49, 34, 0, 53, 4, 64, 33, 8, 34, 7
0, 95, 43, 100, 100, 92, 85, 70, 48, 32, 54, 0, 93, 35, 50, 38, 7
100, 83, 20, 100, 0, 68, 71, 36, 89, 0, 17, 15, 42, 55, 98, 91, 8
100, 100, 77, 94, 47, 71, 23, 43, 14, 12, 50, 0, 42, 20, 0, 29, 6
0, 96, 40, 100, 70, 75, 57, 37, 41, 0, 22, 36, 50, 51, 100, 57, 7
0, 93, 35, 100, 84, 100, 100, 81, 85, 61, 70, 40, 55, 20, 52, 0, 7
0, 95, 49, 100, 83, 77, 72, 38, 60, 0, 42, 4, 49, 28, 100, 29, 7
33, 100, 0, 72, 6, 23, 54, 0, 100, 30, 88, 77, 35, 97, 2, 64, 0
21, 100, 22, 74, 0, 45, 34, 36, 100, 33, 97, 62, 84, 31, 77, 0, 4
14, 64, 18, 100, 100, 95, 84, 67, 50, 28, 30, 0, 0, 39, 72, 42, 7
63, 85, 26, 59, 64, 42, 53, 0, 0, 1, 22, 44, 46, 87, 100, 100, 5
0, 56, 34, 68, 69, 83, 100, 100, 97, 75, 87, 50, 78, 24, 76, 0, 1
0, 100, 8, 74, 95, 80, 62, 96, 16, 78, 100, 64, 85, 28, 58, 0, 9
42, 96, 100, 100, 80, 98, 32, 76, 58, 60, 86, 28, 48, 0, 0, 14, 5
100, 100, 52, 86, 74, 68, 96, 94, 100, 59, 95, 23, 54, 0, 0, 0, 9
74, 100, 37, 86, 6, 56, 0, 22, 45, 0, 100, 10, 55, 32, 0, 34, 6
74, 88, 25, 100, 0, 50, 22, 1, 78, 0, 100, 47, 63, 88, 8, 91, 0
0, 94, 41, 100, 71, 77, 53, 39, 42, 0, 15, 32, 47, 42, 100, 40, 7
56, 92, 96, 81, 35, 63, 38, 100, 88, 69, 100, 24, 46, 0, 0, 25, 9
36, 100, 13, 75, 57, 65, 100, 78, 63, 85, 41, 57, 18, 29, 0, 0, 4
0, 74, 44, 86, 94, 100, 100, 85, 79, 64, 54, 42, 31, 21, 8, 0, 1
22, 85, 49, 100, 71, 77, 45, 51, 11, 30, 0, 11, 51, 7, 100, 0, 2
0, 29, 4, 45, 41, 71, 78, 96, 100, 100, 75, 67, 50, 33, 25, 0, 1
0, 16, 33, 43, 69, 71, 100, 100, 97, 91, 77, 60, 57, 30, 44, 0, 1
0, 100, 51, 99, 70, 67, 57, 27, 59, 0, 100, 26, 57, 41, 5, 40, 7
28, 100, 21, 67, 63, 34, 39, 0, 7, 29, 0, 68, 25, 95, 100, 96, 5
0, 86, 57, 100, 100, 78, 71, 46, 36, 14, 30, 0, 4, 32, 74, 34, 7
78, 99, 77, 83, 99, 100, 75, 86, 100, 58, 100, 28, 57, 9, 0, 0, 9
63, 100, 36, 83, 9, 49, 0, 13, 57, 0, 100, 27, 51, 42, 14, 14, 6
22, 61, 54, 94, 62, 100, 56, 58, 51, 17, 0, 4, 55, 1, 100, 0, 1
0, 93, 63, 100, 100, 90, 89, 47, 77, 5, 51, 0, 27, 26, 94, 36, 7
0, 58, 18, 26, 49, 0, 86, 18, 100, 50, 86, 82, 45, 100, 17, 77, 0
15, 100, 99, 97, 100, 78, 68, 41, 40, 2, 29, 0, 0, 36, 81, 45, 7
100, 96, 56, 69, 0, 63, 35, 98, 98, 100, 94, 57, 59, 20, 40, 0, 9
38, 89, 84, 100, 79, 73, 46, 49, 91, 42, 100, 16, 52, 0, 0, 7, 3
52, 90, 100, 100, 60, 92, 32, 60, 79, 57, 86, 22, 44, 0, 0, 14, 5
55, 90, 44, 56, 29, 13, 0, 0, 28, 38, 64, 69, 100, 100, 63, 99, 8
55, 66, 51, 100, 86, 87, 63, 42, 25, 9, 0, 4, 50, 8, 100, 0, 2
17, 64, 38, 100, 98, 94, 63, 62, 67, 49, 100, 15, 42, 0, 0, 17, 3
0, 66, 33, 67, 65, 82, 95, 100, 100, 92, 80, 62, 67, 29, 78, 0, 1
100, 100, 62, 86, 43, 56, 42, 25, 71, 0, 91, 23, 51, 40, 0, 34, 6
48, 73, 62, 80, 100, 100, 88, 85, 60, 64, 38, 42, 15, 21, 0, 0, 1
71, 100, 40, 85, 0, 63, 19, 42, 88, 45, 100, 52, 80, 26, 69, 0, 4
0, 85, 42, 97, 30, 75, 23, 21, 72, 0, 100, 47, 87, 100, 36, 99, 0
0, 92, 33, 100, 95, 80, 83, 40, 56, 0, 35, 9, 20, 36, 100, 43, 7
36, 100, 5, 66, 0, 22, 40, 0, 85, 19, 100, 59, 65, 89, 15, 94, 0
28, 90, 97, 100, 100, 68, 61, 33, 18, 0, 0, 8, 7, 29, 82, 31, 7
42, 100, 41, 78, 18, 51, 0, 23, 60, 24, 94, 41, 89, 27, 100, 0, 4
0, 0, 46, 16, 85, 41, 100, 72, 73, 100, 18, 95, 19, 66, 76, 55, 9
5, 73, 48, 68, 100, 100, 27, 88, 0, 59, 76, 71, 72, 42, 53, 0, 9
9, 84, 4, 56, 43, 26, 22, 0, 0, 27, 18, 67, 44, 94, 100, 100, 5
36, 52, 0, 50, 6, 6, 56, 0, 97, 30, 100, 76, 58, 100, 24, 68, 0
0, 59, 46, 76, 100, 100, 100, 100, 79, 76, 57, 50, 46, 24, 50, 0, 1
34, 100, 18, 63, 63, 34, 34, 0, 0, 15, 14, 58, 40, 93, 100, 89, 5
67, 88, 100, 72, 85, 100, 54, 70, 94, 83, 92, 35, 59, 0, 0, 2, 9
0, 78, 34, 100, 80, 91, 63, 57, 57, 43, 100, 25, 72, 0, 24, 1, 3
0, 39, 44, 60, 83, 83, 100, 100, 73, 76, 50, 51, 33, 26, 22, 0, 1
0, 98, 72, 100, 73, 70, 57, 36, 50, 0, 18, 2, 26, 27, 100, 36, 7
100, 92, 60, 100, 57, 80, 94, 97, 81, 72, 64, 43, 34, 20, 0, 0, 9
100, 100, 61, 85, 61, 60, 91, 82, 92, 54, 75, 23, 42, 1, 0, 0, 9
65, 84, 31, 100, 0, 63, 15, 16, 62, 0, 100, 30, 89, 78, 44, 94, 0
9, 45, 0, 65, 45, 89, 100, 100, 88, 75, 79, 50, 61, 25, 52, 0, 1
23, 72, 77, 94, 77, 100, 64, 63, 48, 26, 0, 0, 5, 6, 100, 8, 1
56, 100, 29, 73, 0, 41, 30, 35, 100, 34, 95, 65, 78, 31, 80, 0, 4
13, 88, 60, 100, 100, 86, 64, 59, 72, 42, 98, 17, 50, 3, 0, 0, 3
19, 100, 16, 55, 10, 96, 16, 48, 24, 2, 0, 0, 50, 11, 100, 16, 1
13, 90, 54, 100, 92, 87, 70, 63, 96, 42, 100, 17, 56, 3, 0, 0, 3
35, 97, 68, 100, 100, 69, 75, 34, 44, 0, 91, 15, 75, 34, 0, 33, 7
65, 100, 0, 79, 67, 41, 99, 0, 10, 3, 41, 42, 100, 80, 6, 90, 8
42, 100, 34, 75, 0, 48, 3, 42, 58, 38, 100, 53, 85, 33, 71, 0, 4
88, 82, 45, 100, 8, 79, 63, 77, 100, 68, 93, 25, 51, 0, 0, 12, 9
100, 100, 49, 92, 19, 64, 12, 31, 39, 3, 91, 0, 56, 22, 0, 24, 6
14, 100, 6, 77, 0, 47, 79, 50, 100, 63, 73, 62, 76, 31, 77, 0, 4
34, 86, 22, 40, 39, 0, 83, 17, 100, 61, 70, 96, 22, 100, 0, 64, 0
74, 100, 28, 78, 0, 52, 0, 24, 37, 0, 100, 6, 76, 26, 13, 19, 6
6, 100, 2, 97, 0, 69, 15, 42, 59, 39, 100, 51, 84, 27, 76, 0, 4
23, 79, 37, 100, 56, 68, 42, 32, 0, 14, 36, 12, 83, 0, 100, 33, 2
0, 91, 7, 98, 47, 100, 85, 94, 100, 72, 85, 47, 66, 24, 52, 0, 7
0, 48, 36, 63, 68, 84, 100, 100, 86, 75, 72, 50, 58, 24, 55, 0, 1
38, 84, 70, 100, 96, 81, 76, 54, 100, 27, 75, 1, 29, 0, 0, 24, 3
70, 77, 30, 69, 0, 81, 44, 100, 79, 82, 80, 54, 80, 26, 100, 0, 9
27, 88, 2, 49, 13, 1, 70, 0, 100, 43, 93, 91, 35, 100, 0, 63, 0
100, 100, 58, 89, 34, 55, 25, 18, 58, 0, 79, 32, 39, 48, 0, 27, 6
18, 100, 22, 79, 0, 47, 28, 35, 94, 35, 98, 64, 100, 34, 91, 0, 4
25, 93, 5, 74, 7, 29, 48, 0, 94, 27, 100, 72, 55, 100, 0, 82, 0
0, 79, 25, 100, 49, 80, 27, 48, 0, 19, 24, 1, 62, 0, 100, 2, 2
42, 59, 53, 100, 87, 81, 61, 41, 22, 12, 0, 1, 50, 1, 100, 0, 2
0, 89, 44, 100, 72, 73, 71, 36, 70, 0, 56, 11, 49, 32, 100, 29, 7
67, 78, 54, 100, 0, 83, 36, 43, 61, 0, 15, 14, 51, 54, 100, 80, 8
28, 94, 99, 100, 69, 95, 22, 70, 51, 53, 100, 27, 67, 0, 0, 9, 5
0, 82, 28, 100, 62, 87, 54, 54, 27, 28, 22, 10, 61, 4, 100, 0, 2
0, 45, 46, 68, 77, 93, 100, 100, 92, 74, 92, 48, 95, 23, 74, 0, 1
52, 80, 30, 66, 96, 70, 65, 100, 28, 62, 100, 69, 80, 20, 0, 0, 9
34, 91, 100, 100, 71, 96, 18, 75, 38, 60, 89, 46, 61, 16, 0, 0, 5
70, 100, 37, 75, 0, 49, 40, 39, 100, 46, 87, 57, 57, 29, 31, 0, 4
72, 100, 3, 76, 100, 63, 49, 99, 29, 45, 0, 28, 53, 0, 33, 48, 8
29, 61, 97, 31, 78, 0, 0, 12, 45, 45, 100, 77, 80, 100, 9, 73, 8
67, 100, 27, 75, 0, 44, 15, 11, 73, 3, 100, 25, 40, 25, 3, 0, 6
16, 89, 50, 100, 71, 67, 45, 35, 0, 19, 10, 30, 57, 19, 100, 0, 2
0, 80, 24, 100, 46, 69, 47, 30, 47, 0, 19, 30, 58, 36, 100, 38, 7
60, 84, 94, 100, 100, 75, 72, 51, 39, 30, 0, 12, 46, 7, 94, 0, 2
100, 79, 64, 100, 23, 81, 63, 69, 97, 74, 79, 38, 48, 7, 0, 0, 9
49, 83, 11, 70, 0, 24, 39, 0, 89, 20, 100, 62, 69, 100, 35, 79, 0
56, 87, 91, 100, 81, 72, 61, 58, 100, 41, 87, 12, 38, 0, 0, 12, 3
50, 100, 41, 90, 0, 63, 3, 50, 80, 42, 100, 57, 59, 29, 29, 0, 4
17, 60, 46, 80, 100, 100, 89, 89, 60, 67, 34, 45, 17, 22, 0, 0, 1
7, 94, 0, 100, 57, 100, 100, 98, 58, 79, 33, 52, 19, 25, 22, 0, 7
19, 68, 44, 100, 81, 82, 67, 44, 30, 18, 0, 7, 50, 5, 100, 0, 2
0, 57, 15, 62, 59, 80, 100, 100, 100, 83, 78, 55, 57, 28, 37, 0, 1
100, 100, 53, 91, 16, 58, 0, 20, 49, 0, 99, 24, 64, 56, 5, 53, 6
0, 96, 50, 100, 97, 86, 86, 51, 59, 18, 46, 0, 47, 32, 100, 42, 7
79, 100, 42, 81, 10, 54, 0, 26, 24, 0, 100, 5, 88, 31, 8, 40, 6
41, 79, 56, 100, 89, 82, 65, 55, 84, 38, 100, 9, 51, 0, 0, 5, 3
35, 100, 38, 79, 6, 48, 67, 39, 100, 63, 76, 57, 34, 30, 0, 0, 4
100, 100, 81, 99, 48, 74, 19, 47, 0, 15, 30, 0, 51, 25, 8, 29, 6
71, 100, 39, 87, 11, 63, 0, 37, 42, 25, 100, 37, 74, 24, 53, 0, 4
12, 100, 0, 79, 2, 48, 52, 47, 100, 58, 82, 67, 73, 34, 66, 0, 4
37, 100, 0, 81, 21, 53, 100, 56, 92, 89, 56, 64, 37, 32, 18, 0, 4
35, 100, 79, 98, 70, 58, 40, 25, 0, 0, 4, 17, 53, 19, 100, 2, 2
0, 37, 39, 53, 71, 76, 100, 100, 88, 81, 67, 53, 45, 25, 17, 0, 1
0, 40, 37, 61, 68, 85, 98, 100, 100, 75, 95, 50, 85, 24, 80, 0, 1
44, 72, 69, 100, 100, 86, 67, 61, 76, 49, 77, 13, 37, 0, 0, 19, 3
5, 100, 23, 86, 6, 57, 0, 29, 65, 30, 100, 54, 89, 28, 93, 0, 4
67, 73, 41, 100, 16, 67, 73, 34, 78, 0, 0, 10, 35, 47, 100, 77, 8
100, 100, 43, 89, 7, 61, 0, 28, 31, 0, 87, 8, 71, 38, 11, 45, 6
100, 100, 67, 92, 37, 69, 13, 43, 0, 14, 30, 0, 51, 21, 11, 20, 6
43, 83, 54, 100, 73, 79, 51, 60, 100, 49, 88, 19, 42, 0, 0, 10, 3
38, 100, 20, 77, 0, 55, 4, 31, 60, 29, 100, 46, 79, 23, 63, 0, 4
28, 58, 25, 97, 68, 100, 69, 59, 44, 22, 0, 0, 47, 10, 100, 1, 2
15, 97, 35, 100, 55, 78, 26, 55, 0, 32, 33, 14, 78, 5, 100, 0, 2
28, 94, 42, 57, 42, 18, 2, 0, 0, 37, 16, 78, 56, 95, 100, 100, 5
41, 80, 54, 100, 92, 83, 76, 49, 43, 19, 0, 0, 43, 17, 100, 2, 2
57, 82, 81, 100, 84, 78, 57, 57, 100, 51, 86, 20, 47, 2, 0, 0, 3
22, 94, 0, 92, 27, 100, 100, 99, 68, 51, 48, 0, 24, 24, 94, 36, 7
7, 98, 0, 58, 20, 18, 56, 0, 91, 15, 100, 58, 77, 94, 40, 100, 0
49, 100, 79, 95, 61, 63, 67, 47, 100, 27, 73, 4, 31, 0, 0, 13, 3
84, 85, 37, 100, 0, 72, 58, 65, 100, 93, 82, 66, 65, 33, 61, 0, 9
67, 63, 78, 83, 100, 100, 83, 80, 61, 60, 33, 40, 11, 20, 0, 0, 1
93, 97, 65, 100, 65, 67, 95, 98, 100, 62, 82, 21, 41, 0, 0, 15, 9
42, 100, 18, 67, 0, 34, 2, 0, 67, 8, 97, 39, 100, 73, 43, 88, 0
0, 87, 37, 96, 98, 100, 100, 87, 80, 65, 63, 44, 52, 22, 62, 0, 7
100, 100, 61, 85, 25, 58, 0, 28, 23, 0, 77, 9, 85, 39, 30, 50, 6
1, 97, 68, 98, 39, 100, 21, 63, 55, 50, 100, 25, 46, 0, 0, 19, 5
0, 89, 52, 100, 94, 89, 77, 63, 49, 40, 19, 17, 40, 0, 100, 3, 2
48, 100, 32, 65, 0, 26, 50, 24, 100, 41, 85, 86, 81, 46, 76, 0, 4
96, 100, 55, 79, 68, 64, 100, 89, 99, 57, 84, 25, 46, 1, 0, 0, 9
35, 92, 12, 47, 21, 0, 71, 8, 100, 48, 82, 94, 32, 100, 0, 66, 0
38, 71, 72, 36, 81, 0, 12, 11, 57, 45, 100, 80, 49, 100, 0, 70, 8
15, 77, 42, 100, 76, 87, 41, 62, 93, 56, 100, 29, 58, 7, 0, 0, 3
0, 93, 57, 100, 100, 84, 89, 45, 82, 5, 63, 0, 39, 26, 100, 35, 7
60, 100, 45, 92, 21, 63, 0, 33, 38, 26, 86, 40, 100, 30, 91, 0, 4
0, 92, 40, 100, 100, 99, 84, 65, 48, 33, 13, 0, 12, 26, 74, 28, 7
58, 100, 35, 74, 0, 42, 33, 40, 96, 42, 100, 66, 88, 36, 94, 0, 4
29, 100, 21, 76, 0, 47, 6, 32, 79, 35, 100, 58, 99, 28, 93, 0, 4
0, 78, 28, 100, 79, 82, 63, 48, 59, 48, 100, 22, 55, 0, 9, 8, 3
80, 71, 59, 100, 18, 73, 44, 34, 50, 0, 0, 20, 46, 50, 100, 74, 8
47, 73, 61, 100, 100, 83, 79, 52, 96, 38, 90, 6, 43, 0, 0, 17, 3
100, 100, 53, 93, 14, 66, 0, 32, 16, 0, 73, 4, 76, 36, 19, 37, 6
63, 81, 92, 100, 100, 70, 76, 38, 43, 10, 0, 0, 46, 4, 97, 7, 2
89, 93, 31, 100, 40, 50, 53, 0, 0, 0, 46, 41, 100, 79, 36, 85, 8
100, 82, 60, 78, 31, 99, 82, 100, 100, 73, 77, 44, 41, 20, 0, 0, 9
16, 71, 20, 100, 52, 81, 36, 49, 5, 22, 0, 2, 50, 3, 100, 0, 2
39, 91, 81, 100, 70, 59, 25, 81, 82, 85, 100, 37, 57, 0, 0, 24, 9
0, 82, 38, 100, 71, 79, 40, 51, 59, 41, 100, 20, 64, 0, 9, 5, 3
40, 94, 0, 65, 51, 39, 51, 0, 11, 15, 5, 63, 35, 93, 100, 100, 5
18, 89, 30, 62, 82, 47, 73, 0, 20, 11, 0, 65, 43, 96, 100, 100, 5
34, 55, 100, 75, 86, 100, 0, 90, 2, 68, 86, 56, 75, 27, 27, 0, 9
5, 28, 50, 60, 69, 100, 17, 90, 60, 58, 100, 24, 49, 0, 0, 22, 8
0, 73, 36, 77, 81, 98, 100, 100, 92, 75, 84, 49, 78, 23, 93, 0, 1
31, 94, 85, 100, 100, 77, 78, 49, 59, 21, 43, 0, 0, 19, 51, 25, 7
15, 83, 50, 100, 100, 94, 79, 71, 76, 48, 91, 20, 50, 2, 0, 0, 3
76, 98, 35, 100, 58, 73, 83, 91, 100, 47, 97, 4, 47, 0, 0, 14, 9
100, 88, 52, 70, 0, 62, 25, 94, 76, 100, 76, 63, 50, 28, 31, 0, 9
20, 76, 54, 100, 88, 82, 61, 53, 20, 28, 0, 19, 59, 21, 100, 0, 2
22, 82, 17, 46, 42, 10, 1, 0, 0, 42, 14, 82, 56, 94, 100, 100, 5
21, 66, 50, 100, 82, 73, 66, 32, 24, 7, 0, 21, 50, 12, 100, 0, 2
41, 91, 15, 59, 25, 6, 70, 0, 100, 39, 78, 85, 32, 100, 0, 68, 0
60, 89, 69, 100, 100, 88, 69, 68, 48, 47, 76, 29, 40, 13, 0, 0, 3
24, 86, 3, 62, 49, 32, 42, 0, 0, 19, 9, 61, 37, 94, 100, 100, 5
35, 93, 2, 69, 0, 26, 36, 0, 79, 2, 100, 39, 81, 77, 42, 100, 0
15, 55, 0, 35, 15, 1, 54, 0, 88, 19, 100, 53, 80, 85, 45, 100, 0
91, 95, 43, 100, 25, 65, 72, 59, 100, 64, 92, 23, 52, 0, 0, 8, 9
51, 100, 17, 70, 0, 32, 19, 0, 69, 10, 100, 42, 90, 79, 45, 97, 0
0, 96, 26, 100, 76, 100, 100, 99, 64, 80, 47, 54, 40, 26, 39, 0, 7
33, 100, 15, 85, 0, 40, 13, 0, 46, 3, 76, 25, 100, 61, 84, 95, 0
44, 100, 24, 68, 0, 34, 37, 33, 84, 38, 100, 57, 86, 39, 80, 0, 4
7, 91, 34, 60, 77, 100, 0, 69, 8, 39, 32, 0, 100, 43, 8, 39, 8
10, 82, 15, 51, 70, 36, 54, 0, 20, 28, 0, 73, 42, 91, 100, 100, 5
0, 62, 20, 8, 58, 0, 91, 32, 100, 92, 65, 100, 30, 70, 11, 17, 0
57, 100, 0, 83, 48, 72, 100, 93, 89, 74, 67, 47, 48, 21, 56, 0, 9
100, 98, 58, 100, 23, 90, 32, 60, 72, 57, 69, 19, 33, 0, 0, 14, 5
23, 76, 39, 100, 50, 67, 29, 35, 0, 11, 29, 8, 65, 7, 100, 0, 2
0, 92, 45, 100, 53, 68, 40, 33, 31, 0, 5, 32, 47, 43, 100, 45, 7
32, 64, 0, 65, 1, 20, 46, 0, 91, 21, 100, 66, 64, 100, 15, 92, 0
27, 97, 0, 57, 6, 14, 58, 0, 100, 30, 100, 72, 57, 100, 11, 74, 0
0, 90, 38, 100, 77, 95, 68, 69, 87, 50, 100, 19, 70, 0, 32, 6, 3
55, 100, 16, 79, 0, 39, 5, 0, 61, 1, 100, 31, 67, 61, 5, 67, 0
60, 91, 0, 85, 19, 37, 82, 27, 31, 0, 3, 30, 40, 74, 100, 100, 5
35, 93, 94, 100, 100, 94, 44, 82, 47, 48, 98, 31, 58, 6, 0, 0, 5
17, 100, 0, 81, 2, 62, 42, 46, 100, 52, 79, 39, 77, 19, 89, 0, 4
0, 92, 35, 100, 80, 99, 70, 53, 55, 0, 35, 13, 56, 31, 100, 32, 7
0, 100, 53, 99, 66, 67, 59, 33, 53, 0, 36, 18, 38, 42, 100, 42, 7
9, 81, 5, 24, 54, 0, 99, 38, 100, 94, 48, 100, 8, 56, 0, 4, 0
16, 95, 39, 100, 67, 82, 48, 57, 87, 36, 100, 12, 49, 0, 0, 3, 3
90, 100, 39, 78, 4, 49, 0, 18, 59, 0, 100, 24, 41, 39, 10, 13, 6
100, 100, 64, 81, 39, 55, 24, 26, 37, 0, 76, 11, 41, 24, 0, 10, 6
0, 93, 46, 100, 94, 90, 83, 52, 69, 14, 49, 0, 49, 28, 100, 28, 7
2, 100, 74, 100, 100, 76, 65, 46, 35, 15, 17, 0, 0, 33, 74, 37, 7
0, 30, 29, 53, 65, 77, 100, 100, 100, 80, 85, 53, 73, 27, 69, 0, 1
26, 77, 49, 100, 100, 94, 76, 67, 73, 43, 94, 16, 51, 0, 0, 13, 3
50, 100, 10, 67, 100, 100, 14, 94, 19, 56, 0, 0, 89, 29, 1, 40, 8
53, 100, 33, 71, 0, 44, 14, 43, 68, 37, 100, 58, 85, 33, 83, 0, 4
0, 71, 39, 94, 100, 100, 100, 73, 54, 48, 11, 23, 33, 1, 95, 0, 2
21, 100, 7, 51, 37, 89, 39, 87, 44, 20, 0, 0, 30, 2, 100, 7, 1
100, 100, 56, 80, 23, 55, 0, 26, 22, 0, 76, 4, 62, 23, 10, 13, 6
57, 60, 61, 61, 100, 100, 37, 99, 62, 78, 93, 52, 67, 2, 0, 0, 9
0, 46, 42, 66, 79, 88, 100, 100, 84, 75, 72, 49, 63, 23, 60, 0, 1
26, 97, 97, 100, 63, 99, 0, 82, 34, 59, 100, 43, 79, 9, 9, 0, 5
44, 100, 8, 62, 0, 14, 50, 0, 99, 31, 100, 78, 45, 90, 11, 49, 0
40, 100, 21, 89, 0, 55, 10, 18, 55, 0, 100, 15, 56, 27, 26, 1, 6
26, 96, 92, 100, 72, 100, 9, 81, 41, 64, 100, 40, 67, 5, 0, 0, 5
0, 82, 37, 100, 75, 87, 61, 55, 34, 27, 9, 5, 56, 5, 100, 0, 2
100, 100, 52, 94, 22, 70, 1, 44, 0, 15, 39, 0, 70, 19, 29, 28, 6
16, 65, 27, 100, 50, 70, 33, 33, 0, 3, 1, 0, 50, 5, 100, 4, 2
81, 79, 38, 57, 13, 88, 61, 100, 84, 65, 100, 28, 75, 0, 0, 5, 9
11, 76, 30, 100, 42, 68, 27, 34, 0, 5, 16, 17, 58, 8, 100, 0, 2
0, 97, 30, 96, 71, 98, 100, 100, 67, 83, 47, 56, 32, 28, 24, 0, 7
73, 100, 22, 62, 0, 0, 65, 14, 100, 73, 42, 82, 51, 65, 41, 37, 0
24, 73, 85, 63, 100, 24, 35, 0, 18, 33, 66, 67, 79, 100, 0, 88, 8
34, 78, 39, 53, 100, 24, 49, 0, 44, 35, 77, 70, 76, 100, 0, 80, 8
53, 73, 69, 100, 100, 84, 78, 53, 73, 44, 90, 16, 46, 0, 0, 12, 3
100, 100, 50, 100, 34, 60, 69, 25, 43, 0, 0, 18, 27, 58, 65, 92, 8
100, 100, 67, 90, 33, 75, 25, 60, 0, 45, 0, 30, 0, 15, 0, 0, 1
13, 79, 31, 100, 73, 82, 59, 45, 17, 19, 0, 23, 53, 17, 100, 0, 2
13, 83, 0, 61, 4, 15, 54, 0, 98, 28, 100, 73, 55, 100, 16, 71, 0
42, 96, 17, 70, 0, 30, 24, 0, 69, 11, 100, 44, 92, 84, 49, 100, 0
100, 100, 48, 88, 14, 60, 0, 28, 26, 0, 75, 11, 58, 42, 5, 49, 6
20, 75, 32, 25, 66, 0, 100, 8, 98, 59, 68, 90, 32, 100, 0, 78, 0
5, 92, 82, 100, 100, 67, 57, 32, 12, 0, 80, 11, 70, 46, 0, 66, 8
4, 98, 10, 100, 0, 69, 4, 40, 62, 43, 56, 55, 63, 24, 100, 0, 4
0, 67, 38, 84, 84, 100, 100, 95, 81, 71, 64, 48, 48, 23, 38, 0, 1
31, 67, 35, 99, 81, 100, 73, 56, 37, 23, 0, 2, 50, 0, 100, 3, 2
30, 71, 43, 100, 44, 90, 38, 37, 56, 0, 100, 10, 42, 6, 0, 5, 1
63, 88, 34, 100, 4, 70, 64, 66, 99, 68, 100, 29, 63, 0, 0, 7, 9
100, 100, 46, 93, 11, 62, 0, 26, 42, 0, 96, 18, 55, 31, 35, 2, 6
53, 97, 31, 66, 44, 20, 9, 0, 0, 41, 54, 67, 100, 95, 37, 100, 8
31, 77, 35, 100, 69, 86, 51, 43, 19, 8, 0, 3, 49, 3, 100, 0, 2
17, 81, 46, 90, 100, 100, 83, 80, 59, 60, 37, 40, 13, 20, 0, 0, 1
0, 94, 47, 100, 99, 92, 100, 60, 75, 30, 52, 0, 22, 28, 67, 39, 7
0, 52, 52, 75, 87, 100, 65, 84, 63, 58, 72, 32, 98, 7, 100, 0, 1
13, 65, 0, 94, 38, 98, 78, 100, 100, 93, 83, 63, 67, 32, 57, 0, 7
97, 94, 58, 100, 30, 76, 67, 58, 100, 35, 84, 4, 37, 0, 0, 15, 5
70, 67, 100, 86, 55, 100, 0, 82, 26, 62, 92, 58, 80, 29, 75, 0, 9
100, 100, 41, 92, 20, 60, 38, 24, 0, 0, 0, 24, 47, 48, 97, 71, 8
20, 100, 18, 81, 3, 50, 0, 30, 61, 29, 100, 45, 87, 26, 86, 0, 4
25, 81, 43, 100, 46, 61, 29, 27, 0, 5, 34, 2, 68, 0, 100, 7, 2
40, 92, 100, 100, 97, 94, 43, 77, 57, 54, 89, 27, 55, 0, 0, 8, 5
46, 89, 79, 100, 85, 73, 67, 61, 100, 40, 76, 12, 27, 0, 0, 22, 3
75, 100, 26, 87, 0, 51, 4, 13, 64, 0, 100, 29, 37, 37, 15, 5, 6
0, 66, 30, 90, 69, 100, 65, 62, 39, 29, 12, 1, 57, 0, 100, 3, 2
64, 100, 26, 89, 0, 62, 50, 52, 100, 71, 76, 56, 47, 28, 27, 0, 4
13, 67, 0, 93, 78, 100, 100, 71, 60, 41, 9, 15, 9, 0, 89, 6, 2
25, 79, 5, 36, 32, 0, 75, 19, 100, 60, 81, 100, 35, 94, 0, 62, 0
92, 78, 27, 100, 0, 67, 67, 36, 100, 0, 14, 5, 40, 44, 95, 76, 8
0, 100, 18, 93, 9, 56, 51, 32, 100, 53, 84, 74, 70, 37, 64, 0, 4
84, 100, 45, 76, 0, 53, 0, 32, 86, 36, 100, 51, 66, 26, 52, 0, 4
0, 57, 35, 95, 100, 100, 95, 57, 53, 19, 43, 0, 60, 38, 0, 63, 8
63, 100, 0, 72, 5, 52, 93, 55, 100, 73, 60, 77, 34, 38, 9, 0, 4
88, 100, 42, 84, 69, 66, 100, 92, 92, 62, 83, 26, 49, 0, 0, 1, 9
18, 84, 15, 44, 39, 4, 83, 0, 100, 43, 83, 84, 37, 100, 0, 71, 0
29, 100, 49, 61, 97, 83, 41, 95, 73, 51, 100, 39, 60, 0, 0, 18, 9
10, 63, 43, 100, 100, 85, 75, 43, 35, 6, 61, 0, 58, 35, 0, 66, 8
97, 100, 83, 95, 40, 69, 10, 42, 10, 14, 97, 0, 100, 17, 0, 9, 6
23, 73, 60, 100, 54, 76, 40, 34, 22, 0, 0, 15, 50, 14, 100, 14, 1
14, 82, 45, 100, 57, 74, 43, 53, 100, 51, 100, 25, 58, 5, 0, 0, 3
0, 73, 63, 78, 100, 100, 97, 97, 88, 73, 77, 47, 65, 23, 55, 0, 1
31, 89, 0, 55, 14, 12, 64, 0, 100, 29, 94, 72, 53, 100, 3, 91, 0
100, 100, 38, 87, 2, 62, 48, 51, 94, 28, 70, 0, 0, 4, 2, 28, 5
49, 82, 6, 100, 0, 65, 19, 27, 15, 0, 8, 38, 48, 62, 100, 68, 8
0, 59, 3, 18, 39, 0, 78, 18, 100, 54, 90, 92, 49, 100, 17, 75, 0
51, 83, 20, 78, 51, 49, 50, 4, 0, 0, 21, 46, 47, 93, 100, 100, 5
86, 98, 19, 85, 47, 41, 74, 0, 0, 10, 42, 49, 100, 84, 51, 100, 8
0, 12, 25, 38, 48, 65, 77, 90, 100, 100, 97, 66, 91, 32, 88, 0, 1
85, 100, 68, 99, 19, 70, 0, 33, 27, 0, 100, 8, 87, 42, 19, 59, 6
52, 77, 22, 60, 62, 30, 38, 0, 0, 16, 8, 70, 52, 86, 100, 100, 5
70, 100, 51, 76, 18, 49, 0, 36, 53, 41, 100, 44, 90, 34, 84, 0, 4
46, 92, 73, 100, 100, 83, 66, 66, 73, 44, 75, 20, 37, 8, 0, 0, 3
9, 80, 24, 98, 88, 100, 78, 72, 65, 52, 100, 30, 64, 5, 0, 0, 3
43, 100, 27, 92, 0, 62, 53, 53, 100, 73, 80, 60, 50, 30, 19, 0, 4
76, 100, 58, 64, 19, 32, 0, 26, 76, 31, 100, 57, 79, 36, 63, 0, 4
45, 100, 9, 76, 40, 64, 100, 70, 76, 79, 53, 53, 25, 26, 0, 0, 4
55, 100, 23, 73, 0, 41, 4, 7, 55, 0, 100, 19, 68, 36, 31, 15, 6
37, 100, 0, 84, 6, 56, 100, 58, 94, 82, 58, 97, 41, 48, 47, 0, 4
6, 74, 37, 58, 100, 45, 91, 2, 26, 0, 0, 46, 20, 85, 85, 100, 5
35, 92, 21, 64, 66, 36, 37, 0, 0, 15, 10, 69, 46, 100, 100, 100, 5
18, 78, 53, 100, 85, 85, 48, 61, 71, 46, 100, 20, 56, 0, 0, 5, 3
0, 41, 34, 54, 68, 76, 100, 100, 87, 79, 68, 50, 51, 20, 43, 0, 1
4, 75, 55, 68, 100, 95, 46, 100, 0, 72, 51, 64, 62, 43, 35, 0, 9
23, 97, 6, 54, 65, 45, 43, 0, 0, 12, 0, 65, 33, 95, 100, 100, 5
77, 100, 31, 84, 0, 44, 1, 0, 60, 5, 100, 40, 83, 81, 32, 72, 0
24, 100, 12, 72, 0, 40, 36, 25, 82, 28, 100, 58, 83, 33, 75, 0, 4
0, 89, 32, 100, 70, 97, 73, 70, 67, 43, 100, 27, 90, 5, 52, 0, 3
20, 84, 39, 45, 43, 9, 7, 0, 0, 47, 15, 91, 57, 100, 100, 88, 5
6, 97, 63, 100, 95, 79, 48, 60, 67, 52, 100, 28, 56, 8, 0, 0, 3
100, 100, 66, 88, 32, 66, 7, 39, 0, 10, 44, 0, 62, 18, 14, 22, 6
31, 93, 0, 56, 9, 10, 61, 0, 100, 32, 95, 79, 50, 100, 10, 68, 0
21, 89, 0, 68, 50, 37, 49, 0, 7, 15, 3, 68, 39, 99, 100, 100, 5
100, 100, 48, 100, 9, 75, 8, 52, 61, 56, 85, 25, 49, 0, 0, 5, 5
100, 100, 57, 85, 26, 62, 2, 36, 0, 7, 44, 0, 70, 20, 24, 22, 6
54, 90, 22, 65, 100, 77, 48, 100, 14, 49, 0, 0, 73, 16, 44, 66, 8
0, 65, 25, 79, 55, 100, 62, 92, 62, 68, 62, 44, 78, 22, 100, 0, 1
100, 100, 82, 92, 46, 70, 16, 44, 0, 15, 36, 0, 60, 20, 12, 32, 6
48, 88, 91, 69, 76, 100, 16, 75, 93, 75, 100, 56, 84, 11, 0, 0, 9
10, 46, 0, 71, 38, 94, 79, 100, 76, 75, 72, 50, 76, 24, 100, 0, 1
35, 90, 75, 100, 88, 74, 58, 54, 100, 41, 88, 14, 44, 4, 0, 0, 3
0, 100, 19, 90, 8, 60, 1, 29, 53, 24, 95, 43, 96, 30, 100, 0, 4
26, 100, 11, 80, 0, 46, 69, 33, 100, 52, 88, 66, 55, 33, 20, 0, 4
0, 54, 35, 63, 68, 80, 98, 100, 100, 85, 81, 57, 64, 29, 50, 0, 1
0, 53, 40, 72, 82, 95, 100, 100, 68, 75, 38, 51, 18, 25, 10, 0, 1
100, 87, 52, 100, 13, 75, 65, 62, 96, 76, 84, 41, 60, 7, 0, 0, 9
0, 96, 58, 100, 86, 86, 65, 44, 55, 0, 38, 11, 38, 39, 100, 42, 7
4, 87, 17, 67, 40, 34, 9, 0, 0, 39, 2, 84, 48, 100, 100, 97, 5
39, 86, 78, 61, 100, 100, 33, 85, 83, 74, 83, 54, 75, 6, 0, 0, 9
93, 100, 60, 90, 0, 55, 82, 50, 100, 78, 90, 86, 80, 41, 71, 0, 4
0, 56, 56, 69, 82, 92, 92, 100, 85, 75, 85, 50, 86, 24, 100, 0, 1
40, 97, 0, 60, 54, 41, 43, 0, 12, 13, 20, 60, 33, 99, 100, 100, 5
66, 100, 39, 86, 11, 64, 36, 45, 100, 57, 66, 45, 32, 23, 0, 0, 4
47, 100, 77, 100, 72, 55, 42, 19, 0, 0, 5, 12, 52, 7, 100, 0, 2
87, 100, 48, 100, 17, 67, 6, 31, 38, 0, 100, 12, 52, 29, 0, 4, 6
85, 100, 67, 82, 32, 50, 0, 30, 51, 35, 100, 39, 82, 35, 55, 0, 4
80, 50, 77, 96, 21, 100, 58, 55, 77, 9, 0, 0, 24, 46, 100, 82, 8
0, 48, 30, 66, 72, 87, 100, 100, 73, 75, 47, 50, 22, 25, 0, 0, 1
28, 85, 11, 63, 82, 37, 88, 0, 9, 1, 0, 46, 16, 88, 100, 100, 5
63, 80, 88, 100, 97, 67, 72, 33, 32, 6, 0, 7, 51, 21, 100, 0, 2
40, 96, 83, 100, 81, 72, 73, 61, 100, 35, 79, 6, 35, 0, 0, 19, 3
70, 100, 43, 82, 16, 49, 0, 16, 41, 0, 100, 21, 47, 31, 12, 4, 6
100, 97, 54, 100, 40, 72, 87, 88, 94, 80, 61, 40, 26, 0, 0, 9, 9
78, 100, 51, 83, 25, 52, 11, 20, 52, 0, 100, 22, 64, 46, 0, 37, 6
11, 93, 65, 100, 98, 81, 58, 56, 62, 40, 100, 16, 53, 0, 0, 10, 3
0, 100, 54, 93, 57, 77, 57, 61, 61, 46, 61, 30, 68, 14, 100, 0, 1
17, 88, 56, 100, 100, 99, 92, 75, 61, 55, 70, 29, 42, 9, 0, 0, 3
47, 65, 63, 100, 77, 72, 49, 31, 11, 1, 0, 0, 50, 1, 100, 3, 2
100, 100, 57, 84, 24, 58, 0, 29, 12, 0, 69, 5, 64, 32, 4, 35, 6
29, 94, 54, 100, 54, 64, 31, 32, 0, 10, 26, 7, 62, 3, 100, 0, 2
0, 88, 49, 100, 85, 75, 71, 36, 48, 0, 13, 28, 44, 42, 100, 46, 7
10, 85, 53, 100, 87, 78, 41, 55, 64, 47, 100, 21, 56, 0, 0, 9, 3
6, 36, 60, 64, 74, 100, 19, 83, 62, 51, 100, 18, 40, 0, 0, 28, 8
100, 81, 66, 100, 29, 82, 5, 52, 31, 45, 68, 28, 46, 0, 0, 2, 5
26, 68, 0, 32, 32, 0, 77, 1, 100, 41, 79, 87, 36, 100, 6, 65, 0
0, 92, 55, 100, 68, 67, 55, 32, 42, 0, 2, 28, 35, 44, 100, 50, 7
66, 59, 100, 85, 54, 100, 0, 84, 24, 61, 88, 54, 93, 30, 80, 0, 9
81, 100, 22, 84, 0, 41, 18, 0, 82, 18, 100, 60, 61, 96, 13, 69, 0
0, 43, 33, 62, 70, 80, 100, 100, 80, 78, 66, 52, 58, 26, 58, 0, 1
76, 100, 29, 95, 51, 70, 100, 85, 100, 59, 96, 15, 50, 0, 0, 15, 9
0, 75, 15, 53, 77, 22, 33, 0, 20, 34, 72, 67, 100, 100, 5, 89, 8
41, 100, 36, 64, 0, 30, 45, 34, 96, 46, 87, 77, 89, 38, 100, 0, 4
0, 77, 29, 100, 78, 87, 55, 59, 67, 50, 100, 23, 66, 0, 12, 7, 3
18, 95, 6, 63, 16, 11, 65, 0, 100, 40, 84, 90, 31, 100, 0, 57, 0
12, 83, 50, 100, 85, 67, 63, 23, 16, 0, 0, 18, 52, 18, 100, 1, 2
11, 17, 54, 54, 99, 92, 42, 100, 31, 64, 100, 35, 75, 0, 0, 13, 8
20, 85, 89, 100, 100, 68, 62, 34, 22, 0, 0, 12, 20, 32, 100, 40, 7
0, 62, 42, 79, 79, 100, 100, 98, 85, 73, 69, 48, 52, 23, 27, 0, 1
24, 70, 38, 100, 79, 88, 67, 50, 34, 20, 0, 11, 50, 6, 100, 0, 2
0, 100, 3, 84, 1, 63, 7, 43, 52, 38, 55, 35, 62, 14, 100, 0, 4
46, 100, 28, 98, 7, 64, 13, 29, 55, 6, 100, 15, 46, 17, 0, 0, 6
0, 100, 48, 97, 100, 84, 86, 43, 76, 2, 98, 0, 95, 30, 40, 43, 7
100, 100, 60, 92, 20, 63, 0, 30, 24, 0, 83, 11, 69, 41, 5, 49, 6
90, 100, 52, 75, 26, 48, 11, 19, 49, 0, 100, 18, 38, 24, 0, 2, 6
40, 100, 15, 68, 85, 73, 24, 89, 77, 59, 100, 32, 52, 0, 0, 29, 9
32, 100, 23, 90, 0, 46, 57, 28, 100, 35, 75, 80, 46, 45, 22, 0, 4
13, 82, 44, 100, 51, 72, 30, 44, 0, 20, 7, 7, 55, 6, 100, 0, 2
0, 87, 30, 100, 67, 91, 58, 43, 38, 0, 30, 24, 57, 46, 100, 49, 7
83, 73, 74, 100, 4, 82, 0, 59, 74, 73, 100, 54, 65, 21, 2, 0, 9
21, 100, 15, 75, 0, 44, 36, 33, 100, 35, 69, 44, 40, 32, 50, 0, 4
0, 83, 38, 100, 79, 90, 77, 47, 74, 4, 62, 0, 54, 32, 100, 39, 7
32, 100, 39, 76, 0, 48, 11, 38, 91, 39, 100, 64, 86, 31, 71, 0, 4
18, 75, 51, 100, 100, 96, 79, 65, 41, 40, 0, 17, 9, 0, 63, 2, 2
25, 100, 9, 78, 0, 34, 29, 0, 81, 6, 100, 47, 77, 85, 24, 96, 0
0, 84, 35, 100, 69, 81, 65, 55, 100, 37, 91, 9, 48, 0, 15, 12, 3
66, 72, 27, 100, 0, 75, 45, 39, 63, 0, 11, 24, 50, 61, 100, 87, 8
0, 57, 14, 73, 54, 90, 100, 100, 100, 74, 80, 47, 55, 22, 49, 0, 1
0, 71, 35, 74, 75, 94, 100, 100, 89, 73, 77, 46, 72, 18, 57, 0, 1
29, 50, 0, 15, 40, 0, 83, 22, 100, 65, 70, 100, 24, 95, 15, 50, 0
40, 88, 100, 100, 38, 91, 0, 64, 41, 52, 96, 38, 62, 11, 0, 0, 5
32, 89, 14, 91, 0, 44, 15, 1, 62, 0, 100, 28, 85, 73, 45, 100, 0
78, 100, 41, 82, 14, 52, 0, 19, 42, 0, 100, 12, 91, 38, 29, 38, 6
0, 75, 25, 100, 90, 83, 45, 56, 59, 47, 100, 18, 43, 0, 6, 19, 3
0, 73, 30, 100, 74, 97, 69, 58, 53, 20, 54, 0, 53, 32, 100, 38, 7
0, 52, 28, 69, 58, 84, 89, 100, 100, 95, 83, 65, 68, 33, 64, 0, 1
100, 87, 70, 100, 50, 66, 69, 28, 35, 0, 0, 17, 44, 46, 92, 72, 8
0, 82, 24, 100, 53, 84, 46, 51, 25, 23, 32, 0, 66, 1, 100, 4, 2
35, 100, 16, 68, 0, 41, 92, 36, 100, 74, 96, 76, 83, 38, 71, 0, 4
58, 100, 21, 85, 0, 52, 3, 17, 51, 0, 100, 17, 60, 35, 12, 19, 6
35, 83, 69, 100, 100, 79, 84, 52, 47, 31, 0, 12, 14, 0, 77, 2, 2
26, 71, 54, 100, 77, 81, 52, 49, 17, 21, 0, 12, 50, 12, 100, 0, 2
22, 66, 47, 100, 66, 68, 38, 28, 0, 1, 7, 2, 53, 2, 100, 0, 2
0, 100, 50, 93, 100, 93, 91, 64, 74, 31, 54, 0, 18, 23, 66, 29, 7
0, 83, 31, 100, 48, 74, 28, 42, 3, 14, 27, 0, 66, 1, 100, 4, 2
25, 71, 44, 100, 65, 81, 37, 52, 0, 30, 9, 18, 54, 10, 100, 0, 2
0, 90, 42, 99, 94, 100, 96, 63, 84, 22, 68, 0, 47, 27, 100, 25, 7
0, 95, 41, 97, 100, 100, 80, 67, 62, 23, 48, 0, 17, 38, 76, 42, 7
100, 100, 83, 85, 63, 60, 44, 34, 32, 6, 50, 0, 36, 21, 0, 15, 6
38, 87, 11, 47, 18, 2, 66, 0, 100, 35, 91, 80, 45, 100, 0, 83, 0
40, 100, 0, 58, 20, 16, 92, 10, 100, 49, 77, 100, 66, 54, 62, 0, 4
25, 92, 30, 43, 50, 1, 88, 0, 100, 45, 78, 87, 39, 100, 0, 87, 0
0, 80, 23, 100, 94, 83, 100, 50, 68, 19, 34, 0, 32, 34, 89, 50, 7
8, 70, 36, 100, 55, 69, 40, 31, 9, 0, 0, 17, 49, 10, 100, 0, 2
18, 64, 37, 100, 40, 99, 39, 59, 38, 19, 0, 0, 47, 0, 100, 1, 1
83, 100, 50, 85, 18, 52, 10, 14, 59, 0, 100, 24, 51, 36, 0, 18, 6
65, 72, 24, 45, 21, 0, 69, 8, 100, 47, 90, 93, 42, 100, 0, 75, 0
66, 83, 100, 100, 98, 98, 59, 88, 29, 67, 49, 38, 38, 10, 0, 0, 5
0, 69, 2, 99, 41, 100, 56, 72, 35, 42, 23, 11, 60, 0, 100, 1, 2
77, 100, 29, 80, 0, 53, 2, 21, 45, 0, 100, 6, 68, 29, 14, 27, 6
80, 65, 100, 100, 86, 82, 72, 43, 53, 6, 0, 0, 41, 2, 97, 1, 1
100, 76, 55, 100, 6, 70, 70, 68, 80, 82, 93, 38, 71, 0, 0, 12, 9
0, 89, 44, 100, 92, 93, 100, 61, 93, 29, 82, 0, 38, 18, 71, 32, 7
0, 93, 33, 100, 74, 83, 84, 43, 79, 1, 59, 0, 51, 24, 100, 29, 7
22, 100, 0, 81, 40, 60, 100, 66, 91, 99, 64, 67, 46, 34, 34, 0, 4
0, 87, 40, 100, 100, 98, 89, 60, 78, 21, 62, 0, 25, 31, 61, 45, 7
0, 93, 49, 100, 100, 95, 99, 60, 79, 25, 58, 0, 44, 36, 90, 40, 7
26, 80, 58, 100, 63, 61, 38, 26, 0, 6, 22, 18, 61, 0, 100, 18, 2
40, 74, 87, 93, 100, 100, 81, 73, 79, 47, 64, 20, 15, 0, 0, 6, 1
28, 74, 57, 100, 81, 74, 38, 47, 78, 49, 100, 18, 49, 0, 0, 12, 3
4, 77, 42, 100, 97, 95, 77, 62, 90, 49, 100, 15, 49, 0, 0, 12, 3
51, 100, 36, 83, 3, 52, 0, 33, 67, 38, 100, 53, 83, 34, 70, 0, 4
81, 73, 73, 100, 0, 85, 27, 60, 100, 76, 99, 64, 94, 31, 86, 0, 9
40, 93, 0, 99, 50, 100, 100, 99, 82, 88, 64, 60, 55, 30, 55, 0, 7
1, 85, 48, 100, 100, 100, 70, 76, 91, 51, 100, 18, 52, 3, 0, 0, 3
24, 88, 59, 100, 100, 91, 89, 64, 61, 42, 28, 22, 0, 0, 47, 2, 2
0, 93, 40, 100, 57, 61, 51, 17, 35, 0, 12, 37, 54, 48, 100, 49, 7
100, 100, 73, 95, 40, 69, 14, 39, 2, 2, 39, 0, 37, 29, 0, 14, 6
100, 100, 49, 77, 17, 51, 2, 24, 24, 0, 100, 10, 73, 35, 0, 42, 6
13, 67, 40, 100, 65, 78, 37, 42, 0, 11, 6, 4, 60, 0, 100, 19, 2
88, 100, 29, 100, 30, 74, 85, 83, 100, 67, 97, 27, 57, 0, 0, 5, 9
0, 76, 29, 95, 92, 100, 81, 77, 75, 56, 100, 35, 85, 13, 31, 0, 3
53, 64, 73, 100, 70, 83, 67, 42, 36, 11, 0, 0, 49, 4, 100, 9, 1
12, 91, 48, 100, 66, 77, 77, 63, 100, 42, 75, 15, 34, 0, 0, 15, 3
100, 100, 79, 86, 62, 71, 50, 57, 33, 43, 21, 28, 8, 14, 0, 0, 1
80, 100, 28, 81, 44, 70, 89, 82, 89, 54, 100, 25, 69, 4, 0, 0, 9
0, 89, 61, 100, 100, 85, 47, 65, 44, 47, 98, 29, 71, 4, 6, 0, 3
100, 100, 70, 86, 53, 72, 37, 58, 20, 43, 10, 29, 0, 14, 13, 0, 1
100, 100, 82, 91, 64, 75, 50, 59, 27, 43, 14, 27, 0, 11, 0, 0, 1
52, 100, 12, 74, 0, 41, 12, 9, 66, 0, 100, 27, 98, 60, 79, 93, 0
0, 93, 41, 100, 62, 75, 44, 39, 26, 3, 5, 0, 29, 19, 100, 28, 7
29, 100, 4, 77, 0, 54, 64, 53, 100, 69, 71, 47, 46, 24, 32, 0, 4
14, 72, 5, 25, 39, 0, 81, 20, 100, 63, 75, 100, 30, 98, 0, 65, 0
79, 100, 27, 86, 0, 53, 9, 15, 53, 0, 95, 25, 100, 63, 76, 99, 0
87, 100, 56, 95, 71, 86, 87, 81, 94, 50, 100, 19, 53, 6, 0, 0, 9
37, 80, 53, 100, 88, 83, 59, 60, 100, 44, 92, 15, 49, 0, 0, 8, 3
51, 100, 85, 98, 100, 80, 67, 67, 59, 43, 67, 17, 37, 1, 0, 0, 3
21, 65, 9, 25, 40, 0, 79, 25, 100, 61, 87, 98, 40, 100, 0, 80, 0
0, 94, 60, 100, 98, 75, 93, 40, 76, 6, 48, 0, 34, 23, 100, 24, 7
25, 100, 16, 73, 0, 44, 57, 40, 100, 54, 88, 58, 65, 29, 51, 0, 4
2, 88, 37, 76, 87, 100, 0, 93, 48, 81, 95, 70, 87, 34, 100, 0, 9
49, 100, 16, 85, 0, 64, 20, 47, 88, 51, 100, 43, 84, 22, 71, 0, 4
0, 96, 43, 100, 76, 92, 54, 48, 36, 0, 21, 13, 56, 32, 100, 36, 7
11, 100, 8, 63, 44, 36, 37, 0, 0, 21, 1, 59, 46, 84, 100, 91, 5
39, 88, 0, 66, 68, 60, 68, 15, 8, 0, 19, 47, 31, 95, 100, 100, 5
100, 91, 75, 100, 47, 79, 39, 45, 73, 40, 78, 13, 41, 0, 0, 0, 5
74, 100, 47, 84, 0, 66, 23, 53, 84, 42, 100, 44, 60, 23, 33, 0, 4
0, 75, 15, 100, 47, 91, 41, 64, 27, 38, 16, 11, 53, 1, 100, 0, 2
46, 100, 11, 80, 0, 55, 51, 43, 100, 62, 81, 48, 65, 24, 73, 0, 4
24, 84, 2, 39, 26, 0, 77, 10, 100, 53, 84, 97, 33, 100, 0, 63, 0
48, 81, 5, 96, 53, 100, 55, 68, 24, 38, 0, 7, 48, 0, 100, 2, 2
0, 54, 53, 37, 52, 0, 22, 6, 57, 39, 92, 72, 100, 100, 48, 77, 8
0, 61, 34, 81, 84, 100, 100, 94, 84, 71, 70, 47, 55, 24, 48, 0, 1
22, 100, 19, 84, 0, 49, 40, 39, 97, 41, 90, 69, 93, 31, 100, 0, 4
0, 59, 40, 78, 76, 100, 100, 100, 82, 75, 62, 49, 40, 25, 29, 0, 1
0, 91, 42, 95, 84, 100, 88, 78, 70, 38, 61, 0, 57, 38, 100, 40, 7
100, 96, 60, 100, 22, 79, 0, 51, 1, 21, 34, 0, 67, 16, 27, 34, 6
6, 76, 44, 71, 89, 100, 0, 95, 27, 79, 100, 81, 91, 40, 97, 0, 9
0, 88, 53, 100, 100, 92, 66, 62, 37, 30, 35, 0, 7, 32, 62, 36, 7
61, 92, 100, 100, 74, 85, 55, 51, 92, 36, 78, 2, 38, 0, 0, 11, 5
23, 68, 46, 100, 46, 85, 47, 48, 43, 12, 0, 0, 54, 4, 100, 2, 1
0, 96, 51, 100, 100, 96, 70, 63, 49, 27, 32, 0, 16, 36, 69, 51, 7
30, 91, 72, 60, 91, 96, 47, 100, 95, 75, 100, 19, 52, 0, 0, 1, 9
9, 56, 6, 14, 40, 0, 78, 27, 100, 62, 90, 97, 43, 100, 0, 84, 0
86, 100, 38, 72, 7, 38, 14, 3, 82, 0, 100, 34, 44, 50, 0, 28, 6
66, 94, 20, 75, 77, 39, 77, 0, 0, 15, 39, 53, 100, 89, 0, 100, 8
67, 100, 25, 89, 0, 51, 4, 8, 49, 0, 88, 26, 100, 68, 67, 97, 0
0, 89, 59, 100, 100, 74, 68, 36, 27, 0, 53, 1, 95, 28, 15, 34, 7
21, 85, 73, 100, 100, 96, 44, 87, 10, 74, 62, 51, 47, 0, 0, 11, 5
20, 88, 67, 100, 100, 92, 69, 72, 62, 49, 80, 26, 51, 7, 0, 0, 3
69, 100, 37, 70, 0, 41, 21, 32, 91, 30, 100, 56, 93, 33, 84, 0, 4
1, 66, 8, 100, 29, 77, 22, 35, 0, 2, 31, 0, 65, 4, 100, 10, 2
100, 100, 71, 77, 49, 52, 29, 29, 22, 4, 58, 0, 44, 19, 0, 7, 6
88, 63, 73, 100, 25, 98, 0, 55, 11, 11, 57, 0, 100, 23, 98, 68, 0
53, 100, 3, 75, 0, 43, 76, 41, 100, 74, 73, 61, 38, 31, 7, 0, 4
25, 96, 76, 100, 84, 73, 43, 51, 80, 39, 100, 13, 52, 1, 0, 0, 3
28, 88, 55, 100, 56, 69, 30, 41, 0, 16, 33, 7, 72, 0, 100, 26, 2
42, 100, 19, 80, 0, 47, 46, 36, 100, 45, 100, 71, 94, 36, 87, 0, 4
0, 73, 28, 100, 69, 100, 60, 68, 36, 38, 11, 9, 51, 0, 100, 6, 2
26, 100, 0, 60, 5, 16, 50, 0, 93, 25, 100, 67, 52, 75, 13, 48, 0
100, 100, 67, 81, 41, 62, 20, 41, 8, 20, 18, 0, 47, 10, 0, 20, 6
35, 84, 24, 28, 54, 0, 87, 28, 100, 81, 66, 100, 30, 83, 0, 48, 0
12, 100, 49, 100, 65, 68, 49, 33, 27, 0, 0, 19, 44, 29, 100, 31, 7
4, 73, 31, 98, 76, 100, 69, 68, 100, 42, 87, 11, 43, 0, 0, 12, 3
31, 87, 20, 59, 92, 56, 73, 15, 0, 0, 6, 44, 25, 90, 100, 100, 5
95, 100, 46, 85, 16, 55, 0, 22, 39, 0, 100, 13, 80, 39, 16, 29, 6
0, 93, 59, 100, 89, 71, 72, 35, 48, 0, 22, 24, 35, 48, 100, 51, 7
100, 100, 37, 77, 61, 40, 67, 2, 0, 0, 34, 38, 83, 72, 70, 88, 8
8, 70, 0, 96, 46, 100, 100, 98, 96, 75, 69, 50, 48, 24, 58, 0, 7
0, 49, 35, 62, 82, 82, 100, 100, 85, 74, 65, 49, 44, 24, 29, 0, 1
100, 90, 68, 100, 23, 99, 0, 71, 15, 59, 54, 49, 49, 16, 12, 0, 5
44, 85, 100, 100, 83, 85, 61, 68, 44, 51, 31, 34, 17, 17, 0, 0, 1
27, 100, 92, 91, 100, 61, 88, 30, 71, 0, 0, 10, 8, 32, 96, 40, 7
16, 100, 0, 83, 0, 65, 18, 50, 50, 41, 82, 34, 99, 18, 100, 0, 4
13, 68, 69, 100, 72, 97, 70, 50, 67, 3, 0, 0, 24, 3, 100, 6, 1
100, 100, 62, 80, 34, 58, 13, 34, 0, 10, 36, 0, 57, 21, 9, 24, 6
36, 69, 56, 100, 79, 82, 60, 47, 29, 17, 0, 0, 50, 4, 100, 12, 2
100, 97, 60, 100, 27, 77, 4, 45, 0, 6, 36, 0, 50, 34, 16, 37, 6
62, 100, 40, 74, 7, 45, 0, 29, 68, 46, 100, 59, 83, 29, 69, 0, 4
25, 77, 43, 100, 82, 84, 65, 58, 97, 41, 100, 16, 53, 5, 0, 0, 3
100, 100, 70, 89, 52, 75, 39, 61, 25, 45, 11, 31, 2, 15, 0, 0, 1
42, 77, 50, 88, 8, 48, 0, 1, 63, 0, 98, 43, 100, 91, 38, 100, 0
28, 95, 0, 55, 8, 8, 55, 0, 93, 32, 100, 79, 59, 100, 15, 78, 0
100, 99, 54, 100, 23, 79, 17, 60, 61, 63, 66, 30, 39, 1, 0, 0, 5
13, 85, 52, 100, 63, 74, 57, 55, 100, 49, 81, 18, 40, 0, 0, 7, 3
84, 66, 82, 100, 26, 78, 72, 56, 99, 86, 100, 44, 72, 6, 0, 0, 9
0, 87, 31, 100, 66, 71, 61, 35, 51, 0, 1, 13, 21, 28, 100, 34, 7
0, 83, 22, 100, 38, 70, 27, 30, 14, 0, 42, 1, 71, 2, 100, 5, 2
28, 79, 55, 100, 52, 68, 29, 39, 0, 15, 31, 1, 68, 0, 100, 23, 2
0, 59, 18, 94, 52, 100, 52, 61, 32, 26, 24, 0, 62, 7, 100, 14, 2
88, 90, 14, 100, 35, 70, 100, 38, 79, 0, 0, 11, 40, 51, 88, 89, 8
49, 92, 37, 76, 62, 35, 30, 0, 0, 28, 52, 59, 100, 91, 42, 100, 8
0, 86, 34, 100, 62, 83, 38, 53, 10, 27, 7, 0, 54, 2, 100, 5, 2
34, 78, 66, 100, 100, 87, 67, 59, 85, 49, 89, 19, 47, 0, 0, 5, 3
11, 100, 45, 66, 100, 33, 82, 0, 16, 19, 47, 53, 89, 87, 0, 87, 8
27, 70, 60, 100, 59, 84, 57, 44, 54, 6, 0, 5, 46, 2, 100, 0, 1
59, 72, 58, 100, 0, 68, 84, 35, 100, 0, 2, 18, 54, 56, 71, 84, 8
19, 64, 10, 25, 46, 0, 85, 19, 100, 64, 73, 100, 29, 99, 0, 66, 0
56, 92, 36, 64, 100, 46, 72, 5, 1, 0, 0, 44, 18, 87, 92, 100, 5
77, 100, 22, 84, 63, 60, 92, 94, 100, 63, 100, 24, 45, 0, 0, 29, 9
79, 100, 44, 95, 53, 51, 54, 8, 6, 0, 0, 36, 60, 54, 100, 83, 8
100, 100, 45, 83, 14, 61, 0, 38, 3, 14, 66, 0, 97, 15, 21, 7, 6
100, 100, 60, 82, 32, 56, 13, 28, 22, 0, 70, 8, 40, 24, 0, 19, 6
0, 68, 40, 100, 64, 96, 61, 59, 57, 23, 9, 0, 33, 3, 100, 2, 1
8, 79, 56, 100, 71, 92, 64, 51, 53, 11, 0, 1, 42, 1, 100, 0, 1
0, 70, 68, 77, 100, 100, 30, 93, 34, 73, 79, 64, 74, 32, 75, 0, 9
34, 94, 26, 63, 62, 29, 51, 0, 68, 35, 100, 69, 83, 100, 0, 86, 8
0, 63, 44, 80, 87, 100, 100, 98, 77, 74, 54, 49, 30, 25, 15, 0, 1
56, 100, 28, 72, 0, 44, 54, 50, 100, 69, 84, 59, 59, 30, 42, 0, 4
0, 53, 31, 81, 51, 100, 50, 62, 46, 25, 15, 0, 59, 1, 100, 3, 1
100, 93, 59, 100, 45, 82, 45, 54, 84, 45, 74, 27, 37, 13, 0, 0, 5
34, 74, 64, 45, 100, 10, 6, 0, 23, 36, 83, 70, 91, 100, 0, 82, 8
0, 98, 54, 100, 70, 84, 67, 65, 80, 45, 100, 27, 94, 9, 44, 0, 3
90, 100, 51, 76, 21, 49, 11, 19, 50, 0, 100, 12, 52, 23, 0, 15, 6
0, 69, 56, 84, 100, 100, 97, 80, 84, 59, 62, 39, 38, 19, 34, 0, 1
52, 87, 78, 100, 100, 84, 77, 59, 96, 37, 82, 13, 42, 3, 0, 0, 3
90, 78, 57, 100, 0, 72, 65, 37, 73, 0, 3, 23, 43, 64, 100, 84, 8
86, 100, 59, 92, 19, 64, 0, 33, 21, 2, 94, 0, 100, 25, 26, 20, 6
44, 79, 69, 100, 99, 88, 69, 62, 100, 41, 97, 12, 47, 0, 0, 15, 3
100, 99, 40, 91, 66, 49, 58, 8, 0, 0, 22, 41, 66, 76, 72, 100, 8
68, 90, 91, 100, 56, 88, 96, 81, 100, 43, 84, 7, 40, 0, 0, 20, 9
3, 72, 26, 100, 50, 80, 31, 48, 0, 19, 13, 12, 65, 0, 100, 17, 2
99, 100, 33, 82, 0, 52, 100, 53, 95, 83, 78, 90, 70, 35, 70, 0, 4
47, 85, 76, 100, 83, 73, 56, 53, 100, 38, 90, 11, 44, 0, 0, 7, 3
100, 98, 71, 100, 49, 99, 47, 70, 75, 55, 56, 32, 28, 15, 0, 0, 5
12, 72, 75, 91, 100, 100, 56, 80, 19, 60, 6, 40, 0, 20, 0, 0, 1
6, 95, 88, 100, 34, 98, 6, 74, 43, 62, 100, 38, 75, 0, 0, 13, 5
20, 79, 58, 100, 80, 76, 46, 50, 0, 33, 4, 21, 50, 5, 100, 0, 2
100, 100, 70, 82, 36, 55, 0, 31, 37, 31, 76, 36, 77, 34, 73, 0, 4
78, 88, 28, 100, 0, 75, 58, 74, 72, 73, 100, 36, 66, 6, 8, 0, 9
69, 100, 25, 86, 0, 55, 100, 58, 84, 86, 52, 89, 51, 39, 45, 0, 4
0, 68, 16, 100, 51, 90, 35, 53, 7, 19, 8, 1, 58, 0, 100, 17, 2
19, 81, 0, 39, 22, 0, 77, 17, 100, 57, 85, 100, 33, 98, 28, 56, 0
100, 71, 80, 100, 24, 83, 40, 48, 57, 12, 0, 0, 11, 33, 78, 56, 8
40, 94, 0, 51, 6, 0, 71, 5, 100, 52, 77, 100, 18, 82, 6, 32, 0
72, 92, 19, 100, 32, 58, 89, 78, 91, 83, 100, 39, 72, 0, 0, 8, 9
99, 88, 48, 100, 32, 70, 85, 86, 88, 68, 100, 27, 60, 0, 0, 4, 9
13, 79, 35, 100, 58, 77, 37, 41, 0, 12, 4, 13, 55, 0, 100, 12, 2
44, 78, 73, 100, 100, 86, 81, 60, 98, 38, 94, 12, 48, 0, 0, 3, 3
32, 88, 11, 55, 17, 9, 72, 0, 100, 40, 91, 86, 37, 100, 0, 67, 0
20, 63, 40, 98, 44, 100, 40, 63, 40, 25, 0, 1, 20, 1, 100, 0, 1
10, 81, 51, 100, 92, 73, 80, 31, 51, 0, 0, 24, 38, 39, 100, 38, 7
6, 67, 31, 100, 66, 91, 48, 52, 17, 19, 0, 0, 50, 3, 100, 3, 2
26, 81, 55, 100, 69, 75, 68, 62, 100, 46, 78, 16, 36, 0, 0, 16, 3
100, 55, 42, 50, 29, 81, 75, 100, 96, 69, 82, 33, 51, 3, 0, 0, 9
100, 100, 58, 82, 26, 53, 6, 21, 38, 0, 88, 15, 57, 36, 0, 29, 6
96, 70, 76, 100, 46, 73, 98, 69, 100, 64, 98, 24, 52, 0, 0, 2, 9
33, 75, 51, 100, 63, 71, 36, 31, 0, 0, 4, 16, 52, 15, 100, 17, 2
93, 100, 47, 99, 55, 75, 100, 84, 96, 62, 86, 21, 47, 0, 0, 3, 9
24, 80, 38, 100, 90, 93, 58, 66, 64, 48, 100, 25, 56, 6, 0, 0, 3
80, 100, 37, 76, 10, 50, 0, 22, 39, 0, 100, 13, 68, 37, 2, 46, 6
77, 96, 0, 100, 21, 61, 90, 30, 62, 0, 12, 24, 56, 62, 100, 100, 8
40, 97, 2, 65, 0, 9, 51, 0, 94, 46, 100, 100, 38, 95, 14, 44, 0
39, 51, 76, 82, 100, 100, 71, 65, 44, 31, 0, 1, 29, 0, 97, 2, 1
31, 49, 91, 77, 59, 100, 0, 73, 25, 41, 100, 57, 71, 36, 37, 0, 9
0, 100, 40, 96, 49, 51, 42, 5, 20, 0, 3, 36, 51, 39, 100, 42, 7
82, 94, 18, 100, 28, 65, 68, 30, 34, 0, 0, 24, 47, 56, 100, 86, 8
23, 100, 16, 73, 0, 42, 73, 48, 98, 75, 89, 62, 91, 28, 100, 0, 4
96, 71, 52, 46, 31, 73, 72, 100, 100, 71, 86, 33, 52, 1, 0, 0, 9
54, 96, 33, 71, 73, 34, 30, 0, 0, 29, 49, 65, 100, 100, 31, 98, 8
52, 100, 18, 79, 0, 35, 23, 0, 72, 18, 100, 57, 72, 92, 21, 85, 0
43, 89, 15, 49, 22, 0, 72, 3, 100, 46, 83, 92, 30, 100, 0, 66, 0
3, 94, 51, 100, 100, 100, 72, 79, 51, 56, 68, 30, 46, 9, 0, 0, 3
80, 98, 0, 95, 55, 68, 100, 34, 52, 0, 0, 24, 31, 64, 29, 100, 8
55, 100, 22, 88, 0, 72, 1, 53, 32, 41, 67, 32, 95, 19, 100, 0, 4
11, 80, 0, 34, 31, 0, 77, 17, 100, 60, 72, 100, 24, 94, 3, 51, 0
100, 99, 62, 100, 26, 78, 2, 48, 0, 16, 38, 0, 59, 23, 20, 38, 6
42, 100, 24, 72, 0, 43, 50, 49, 93, 70, 100, 61, 94, 29, 99, 0, 4
0, 55, 43, 71, 90, 91, 100, 100, 94, 75, 87, 50, 76, 25, 69, 0, 1
73, 90, 0, 100, 2, 65, 57, 30, 20, 0, 2, 34, 59, 69, 100, 98, 8
42, 100, 19, 71, 0, 40, 50, 25, 100, 35, 99, 60, 68, 31, 49, 0, 4
50, 100, 27, 82, 0, 58, 38, 42, 100, 55, 86, 48, 55, 24, 34, 0, 4
100, 88, 100, 100, 76, 73, 52, 44, 40, 16, 80, 0, 56, 20, 0, 1, 6
90, 100, 46, 77, 20, 49, 12, 20, 51, 0, 100, 17, 64, 41, 0, 44, 6
45, 99, 9, 100, 0, 75, 36, 56, 100, 63, 98, 49, 80, 25, 82, 0, 4
7, 80, 0, 80, 29, 100, 99, 99, 100, 90, 78, 59, 61, 28, 46, 0, 7
46, 90, 70, 87, 16, 80, 0, 94, 54, 100, 100, 82, 94, 39, 70, 0, 9
18, 98, 72, 100, 26, 89, 34, 61, 82, 45, 100, 19, 53, 4, 0, 0, 5
23, 84, 28, 57, 71, 22, 0, 0, 6, 33, 69, 66, 100, 100, 2, 90, 8
68, 98, 70, 100, 36, 79, 0, 59, 60, 49, 100, 47, 73, 23, 51, 0, 4
0, 84, 31, 100, 81, 98, 73, 74, 87, 51, 100, 29, 67, 10, 17, 0, 3
0, 98, 76, 100, 100, 68, 88, 34, 67, 0, 16, 1, 13, 16, 95, 11, 7
100, 100, 50, 80, 19, 59, 0, 36, 0, 13, 53, 0, 78, 19, 3, 19, 6
92, 47, 92, 90, 49, 100, 11, 74, 0, 27, 35, 0, 76, 18, 100, 57, 0
42, 100, 13, 73, 0, 42, 52, 35, 100, 48, 92, 56, 92, 25, 97, 0, 4
56, 100, 34, 83, 0, 63, 23, 48, 77, 39, 100, 42, 68, 22, 48, 0, 4
100, 100, 56, 82, 22, 55, 0, 25, 26, 0, 78, 9, 61, 36, 6, 38, 6
100, 96, 62, 100, 33, 83, 26, 45, 57, 42, 75, 19, 40, 0, 0, 1, 5
25, 92, 13, 64, 52, 30, 8, 0, 0, 34, 46, 68, 100, 100, 10, 89, 8
21, 87, 24, 55, 60, 29, 24, 0, 0, 17, 10, 68, 52, 90, 100, 100, 5
38, 85, 73, 100, 90, 77, 52, 56, 100, 49, 95, 18, 50, 0, 0, 11, 3
40, 100, 23, 89, 0, 59, 26, 34, 95, 45, 100, 60, 68, 31, 56, 0, 4
92, 90, 51, 100, 34, 76, 87, 79, 100, 67, 92, 29, 53, 4, 0, 0, 9
61, 100, 34, 75, 0, 44, 55, 37, 100, 49, 76, 70, 66, 35, 70, 0, 4
23, 88, 0, 47, 20, 7, 66, 0, 100, 29, 91, 76, 52, 100, 12, 78, 0
100, 74, 81, 100, 33, 92, 4, 62, 0, 26, 31, 0, 61, 21, 24, 42, 6
24, 91, 22, 61, 38, 25, 1, 0, 0, 39, 0, 78, 46, 95, 100, 100, 5
72, 100, 28, 85, 0, 61, 100, 67, 89, 84, 64, 84, 64, 41, 59, 0, 4
51, 88, 58, 54, 87, 20, 66, 0, 25, 30, 0, 63, 31, 94, 100, 100, 5
16, 82, 51, 50, 100, 17, 13, 0, 0, 32, 60, 65, 89, 100, 16, 84, 8
100, 92, 66, 100, 39, 82, 42, 57, 70, 38, 64, 9, 32, 0, 0, 8, 5
44, 100, 8, 78, 0, 41, 14, 6, 66, 0, 99, 30, 100, 67, 56, 78, 0
0, 90, 45, 100, 62, 76, 28, 53, 60, 42, 100, 26, 62, 6, 13, 0, 3
100, 91, 38, 100, 32, 62, 99, 70, 96, 83, 97, 40, 69, 1, 0, 0, 9
41, 100, 2, 77, 0, 46, 74, 42, 100, 65, 88, 62, 80, 31, 79, 0, 4
4, 62, 25, 76, 76, 97, 100, 100, 75, 74, 47, 49, 18, 23, 0, 0, 1
81, 80, 28, 87, 0, 53, 8, 16, 61, 0, 100, 25, 100, 62, 84, 100, 0
10, 94, 84, 100, 37, 97, 21, 67, 63, 60, 100, 32, 60, 0, 0, 18, 5
7, 79, 40, 100, 47, 66, 34, 30, 6, 0, 0, 8, 49, 9, 100, 9, 2
0, 87, 35, 100, 57, 82, 41, 53, 22, 26, 26, 0, 66, 7, 100, 20, 2
30, 86, 20, 58, 68, 35, 32, 0, 0, 18, 16, 64, 39, 100, 100, 100, 5
44, 92, 62, 100, 100, 91, 76, 64, 91, 43, 83, 14, 42, 0, 0, 13, 3
100, 55, 77, 100, 0, 88, 56, 48, 90, 0, 15, 1, 49, 50, 98, 81, 8
3, 74, 31, 100, 45, 72, 28, 36, 0, 6, 9, 2, 57, 0, 100, 13, 2
43, 100, 18, 71, 0, 39, 35, 22, 100, 32, 98, 63, 76, 31, 58, 0, 4
85, 91, 27, 82, 0, 48, 8, 13, 64, 0, 100, 30, 95, 66, 73, 100, 0
0, 66, 3, 93, 49, 100, 100, 98, 74, 74, 47, 50, 24, 26, 13, 0, 7
0, 45, 35, 62, 67, 82, 100, 100, 91, 74, 74, 50, 56, 24, 38, 0, 1
0, 96, 77, 100, 90, 97, 9, 96, 26, 52, 100, 45, 77, 0, 1, 16, 5
17, 97, 87, 100, 100, 66, 72, 31, 43, 0, 0, 32, 32, 45, 73, 45, 7
28, 100, 12, 86, 0, 67, 22, 52, 58, 46, 93, 38, 100, 19, 91, 0, 4
36, 80, 67, 100, 100, 92, 75, 63, 99, 41, 94, 16, 49, 3, 0, 0, 3
21, 79, 64, 100, 84, 72, 62, 42, 87, 45, 100, 15, 46, 0, 0, 16, 3
25, 86, 59, 100, 77, 81, 54, 57, 100, 42, 89, 16, 40, 0, 0, 18, 3
100, 100, 73, 78, 38, 59, 0, 41, 33, 36, 67, 43, 40, 22, 27, 0, 4
47, 100, 20, 67, 73, 35, 45, 0, 0, 2, 0, 41, 18, 79, 100, 94, 5
0, 100, 36, 95, 42, 47, 38, 0, 2, 19, 1, 47, 50, 57, 100, 63, 7
45, 84, 75, 100, 100, 79, 79, 54, 79, 40, 90, 17, 49, 0, 0, 8, 3
47, 100, 14, 69, 0, 31, 27, 0, 77, 13, 100, 48, 86, 86, 38, 98, 0
94, 100, 47, 78, 14, 50, 0, 22, 39, 0, 100, 19, 81, 46, 8, 53, 6
49, 100, 15, 80, 0, 37, 22, 1, 67, 0, 100, 31, 100, 75, 62, 92, 0
69, 94, 4, 100, 8, 70, 82, 76, 69, 85, 100, 46, 74, 11, 0, 0, 9
38, 85, 69, 100, 93, 81, 77, 54, 100, 34, 93, 9, 45, 0, 0, 13, 3
0, 74, 59, 77, 100, 100, 31, 97, 28, 72, 92, 70, 89, 35, 88, 0, 9
100, 99, 62, 100, 36, 78, 47, 51, 82, 44, 69, 14, 34, 0, 0, 14, 5
27, 71, 17, 60, 0, 21, 35, 0, 77, 23, 100, 60, 88, 100, 44, 91, 0
0, 88, 42, 100, 84, 89, 80, 69, 80, 48, 100, 28, 78, 9, 28, 0, 3
47, 100, 88, 93, 100, 74, 63, 61, 46, 43, 59, 21, 42, 4, 0, 0, 3
66, 100, 11, 88, 38, 45, 66, 1, 0, 0, 47, 40, 100, 78, 51, 88, 8
51, 87, 81, 100, 92, 72, 59, 45, 100, 39, 96, 10, 46, 0, 0, 11, 3
2, 97, 8, 66, 45, 31, 12, 0, 0, 37, 2, 91, 50, 100, 100, 100, 5
68, 84, 0, 100, 2, 65, 97, 35, 100, 0, 11, 16, 52, 58, 74, 98, 8
0, 66, 2, 93, 50, 100, 100, 98, 78, 72, 55, 47, 38, 19, 39, 0, 7
100, 100, 74, 98, 45, 76, 46, 52, 83, 42, 76, 12, 38, 0, 0, 1, 5
75, 100, 38, 82, 74, 82, 80, 71, 96, 46, 100, 20, 54, 4, 0, 0, 9
100, 100, 53, 81, 19, 56, 0, 26, 20, 0, 78, 0, 96, 24, 47, 37, 6
55, 54, 34, 74, 0, 92, 56, 100, 100, 82, 100, 54, 86, 27, 70, 0, 9
0, 67, 21, 68, 64, 86, 100, 100, 82, 75, 65, 50, 48, 25, 33, 0, 1
33, 79, 43, 100, 60, 73, 42, 38, 12, 8, 0, 9, 50, 0, 100, 8, 2
0, 71, 39, 81, 77, 100, 100, 92, 86, 69, 70, 47, 54, 24, 45, 0, 1
0, 79, 32, 100, 54, 77, 42, 43, 19, 14, 15, 0, 56, 10, 100, 11, 2
44, 100, 21, 73, 0, 35, 12, 0, 68, 6, 100, 39, 93, 77, 44, 90, 0
26, 60, 43, 100, 60, 74, 37, 33, 0, 10, 17, 16, 59, 9, 100, 0, 2
19, 80, 34, 100, 53, 70, 33, 32, 0, 1, 1, 0, 51, 1, 100, 11, 2
83, 100, 14, 75, 0, 42, 97, 44, 100, 67, 64, 81, 60, 40, 58, 0, 4
29, 100, 15, 94, 0, 56, 66, 47, 100, 58, 59, 84, 43, 43, 36, 0, 4
62, 100, 36, 81, 0, 61, 38, 53, 100, 51, 93, 45, 72, 23, 59, 0, 4
100, 100, 68, 97, 16, 90, 8, 56, 53, 57, 83, 36, 52, 8, 0, 0, 5
18, 93, 0, 67, 8, 24, 54, 0, 100, 25, 98, 69, 59, 100, 5, 86, 0
28, 95, 0, 81, 27, 72, 100, 67, 50, 100, 47, 82, 35, 30, 40, 0, 4
100, 89, 74, 100, 34, 76, 6, 45, 0, 11, 41, 0, 57, 32, 12, 45, 6
92, 79, 66, 100, 38, 64, 86, 61, 100, 78, 99, 33, 60, 0, 0, 5, 9
8, 78, 36, 100, 48, 72, 28, 38, 0, 9, 11, 3, 57, 0, 100, 6, 2
100, 100, 58, 78, 23, 55, 0, 30, 5, 3, 60, 0, 95, 22, 47, 32, 6
61, 100, 19, 87, 0, 51, 94, 47, 100, 75, 61, 94, 52, 47, 58, 0, 4
100, 99, 69, 100, 28, 73, 0, 40, 8, 4, 63, 0, 72, 34, 15, 37, 6
26, 85, 59, 100, 81, 78, 72, 54, 100, 34, 82, 9, 42, 0, 0, 1, 3
0, 99, 61, 100, 67, 66, 51, 33, 32, 0, 2, 17, 27, 32, 100, 32, 7
0, 49, 52, 62, 95, 82, 100, 100, 84, 75, 71, 50, 59, 25, 57, 0, 1
3, 60, 17, 100, 23, 84, 24, 40, 8, 3, 0, 0, 50, 5, 100, 11, 1
94, 97, 0, 90, 60, 56, 100, 18, 29, 0, 32, 38, 85, 74, 51, 100, 8
25, 81, 45, 100, 54, 72, 33, 41, 0, 16, 15, 6, 61, 0, 100, 20, 2
34, 71, 63, 100, 100, 80, 57, 53, 91, 36, 91, 5, 33, 0, 0, 15, 3
17, 92, 0, 50, 11, 7, 66, 0, 100, 35, 96, 78, 49, 100, 9, 69, 0
7, 56, 33, 100, 46, 97, 39, 43, 5, 11, 0, 7, 49, 2, 100, 0, 1
17, 77, 35, 100, 90, 93, 60, 68, 78, 53, 100, 28, 64, 5, 0, 0, 3
50, 90, 33, 62, 73, 32, 55, 0, 27, 33, 0, 66, 27, 95, 100, 100, 5
91, 60, 70, 100, 16, 88, 32, 50, 87, 76, 100, 27, 58, 0, 0, 6, 9
35, 60, 76, 44, 56, 0, 0, 3, 40, 44, 100, 80, 91, 100, 25, 68, 8
22, 76, 43, 69, 95, 100, 0, 96, 20, 71, 100, 81, 82, 41, 69, 0, 9
31, 83, 0, 52, 6, 10, 49, 0, 87, 23, 100, 65, 79, 100, 47, 73, 0
52, 100, 32, 69, 0, 35, 17, 24, 96, 26, 100, 55, 91, 37, 86, 0, 4
0, 53, 32, 70, 41, 100, 41, 76, 41, 47, 32, 17, 32, 1, 100, 0, 1
0, 94, 51, 100, 73, 73, 51, 36, 24, 0, 10, 9, 38, 34, 100, 40, 7
89, 83, 58, 100, 32, 68, 77, 64, 100, 74, 88, 29, 48, 4, 0, 0, 9
69, 99, 25, 100, 34, 72, 84, 91, 84, 68, 100, 22, 57, 0, 0, 12, 9
97, 74, 79, 100, 37, 74, 59, 35, 35, 0, 0, 19, 41, 52, 100, 71, 8
0, 90, 40, 100, 80, 85, 53, 59, 20, 35, 4, 9, 56, 0, 100, 4, 2
100, 100, 58, 87, 30, 59, 19, 27, 40, 0, 84, 8, 45, 21, 0, 12, 6
86, 82, 46, 100, 43, 66, 86, 32, 63, 0, 0, 12, 46, 45, 100, 75, 8
13, 88, 5, 45, 26, 0, 73, 7, 100, 49, 85, 93, 37, 100, 0, 70, 0
88, 100, 39, 88, 11, 58, 0, 26, 35, 0, 100, 9, 84, 34, 12, 36, 6
59, 100, 5, 95, 38, 72, 62, 89, 73, 56, 100, 22, 60, 1, 0, 0, 9
37, 100, 0, 87, 6, 57, 100, 57, 95, 85, 61, 85, 50, 42, 49, 0, 4
30, 81, 2, 67, 0, 25, 33, 0, 74, 26, 100, 63, 88, 100, 37, 89, 0
0, 72, 29, 97, 79, 100, 100, 69, 86, 34, 65, 0, 43, 21, 88, 30, 7
65, 100, 0, 96, 24, 75, 79, 93, 91, 68, 100, 31, 69, 0, 2, 1, 9
0, 61, 38, 73, 77, 90, 100, 100, 78, 76, 58, 51, 41, 25, 26, 0, 1
100, 100, 47, 96, 15, 64, 0, 29, 32, 0, 85, 16, 57, 46, 9, 30, 6
24, 100, 25, 58, 64, 36, 45, 0, 13, 23, 0, 65, 44, 90, 100, 100, 5
0, 73, 58, 96, 58, 100, 56, 64, 60, 29, 39, 0, 34, 4, 100, 5, 1
0, 82, 24, 100, 54, 99, 50, 61, 34, 27, 41, 0, 71, 6, 100, 17, 2
0, 89, 44, 66, 63, 30, 36, 0, 34, 34, 68, 67, 100, 100, 53, 95, 8
0, 88, 55, 100, 85, 79, 21, 55, 22, 48, 100, 39, 73, 13, 1, 0, 3
100, 100, 66, 85, 37, 69, 14, 51, 0, 32, 0, 12, 31, 0, 34, 11, 6
0, 62, 16, 100, 37, 82, 24, 42, 8, 8, 38, 2, 69, 0, 100, 0, 2
54, 88, 80, 100, 81, 68, 68, 41, 100, 23, 76, 1, 36, 0, 0, 13, 3
42, 86, 71, 100, 69, 72, 98, 54, 100, 26, 76, 3, 32, 0, 0, 18, 3
12, 97, 83, 100, 43, 98, 7, 69, 63, 63, 100, 23, 49, 0, 0, 22, 5
21, 100, 21, 83, 0, 55, 29, 41, 85, 45, 100, 55, 86, 28, 86, 0, 4
42, 86, 24, 44, 36, 0, 82, 3, 100, 48, 86, 92, 34, 100, 0, 63, 0
18, 84, 6, 71, 67, 37, 38, 0, 0, 27, 51, 64, 100, 100, 17, 79, 8
0, 91, 40, 58, 62, 22, 22, 0, 22, 35, 69, 67, 100, 100, 18, 91, 8
100, 100, 53, 88, 20, 61, 0, 31, 16, 1, 67, 0, 56, 27, 3, 32, 6
86, 100, 46, 81, 18, 61, 0, 40, 0, 19, 32, 0, 100, 3, 46, 10, 6
0, 93, 43, 99, 92, 100, 68, 52, 64, 0, 47, 0, 40, 36, 100, 42, 7
0, 59, 9, 64, 57, 86, 100, 100, 72, 75, 47, 51, 21, 25, 6, 0, 1
86, 100, 35, 77, 8, 51, 0, 23, 35, 0, 100, 15, 84, 42, 22, 58, 6
22, 100, 65, 96, 82, 55, 65, 14, 38, 0, 0, 29, 48, 33, 100, 33, 7
100, 83, 65, 100, 24, 79, 0, 48, 4, 14, 46, 0, 67, 26, 24, 40, 6
4, 88, 39, 100, 59, 78, 60, 55, 100, 42, 88, 19, 47, 6, 0, 0, 3
31, 69, 49, 100, 60, 70, 34, 36, 0, 13, 29, 21, 65, 0, 100, 16, 2
8, 87, 0, 83, 38, 96, 95, 100, 100, 82, 81, 50, 68, 16, 62, 0, 7
100, 100, 74, 97, 61, 81, 47, 65, 34, 49, 21, 33, 5, 16, 0, 0, 1
40, 95, 100, 100, 32, 85, 10, 58, 78, 61, 87, 29, 43, 0, 0, 6, 5
100, 70, 49, 55, 15, 73, 53, 100, 93, 85, 80, 46, 48, 14, 0, 0, 9
49, 72, 64, 100, 100, 88, 78, 52, 43, 22, 0, 1, 40, 6, 90, 0, 2
12, 61, 0, 20, 44, 0, 92, 23, 100, 64, 70, 100, 15, 92, 0, 52, 0
28, 82, 0, 39, 30, 0, 80, 5, 100, 54, 70, 99, 22, 100, 7, 50, 0
0, 79, 51, 59, 100, 29, 51, 0, 22, 26, 51, 60, 73, 94, 9, 100, 8
0, 32, 29, 55, 63, 78, 100, 100, 90, 75, 88, 50, 84, 25, 80, 0, 1
0, 89, 31, 100, 100, 80, 94, 39, 63, 0, 22, 15, 8, 37, 95, 44, 7
100, 97, 40, 100, 0, 65, 35, 27, 39, 0, 40, 38, 87, 73, 87, 100, 8
55, 89, 32, 100, 5, 65, 0, 28, 43, 0, 100, 19, 51, 31, 16, 0, 6
21, 82, 36, 60, 82, 32, 82, 0, 37, 28, 0, 58, 34, 89, 100, 100, 5
60, 98, 34, 56, 99, 66, 74, 100, 58, 65, 100, 58, 66, 0, 0, 8, 9
100, 92, 18, 81, 46, 39, 62, 0, 1, 13, 43, 56, 74, 100, 0, 75, 8
40, 94, 22, 95, 0, 45, 23, 0, 83, 10, 100, 58, 61, 100, 19, 75, 0
100, 100, 67, 90, 39, 70, 14, 47, 0, 19, 22, 0, 37, 21, 3, 30, 6
0, 78, 23, 100, 77, 99, 100, 75, 70, 50, 30, 28, 29, 6, 84, 0, 2
0, 53, 26, 84, 32, 100, 33, 65, 36, 29, 3, 0, 6, 2, 100, 6, 1
0, 59, 31, 70, 65, 87, 100, 100, 87, 75, 75, 51, 68, 25, 60, 0, 1
21, 94, 44, 73, 100, 100, 13, 100, 16, 80, 61, 66, 23, 33, 0, 0, 9
0, 91, 28, 100, 73, 91, 55, 46, 40, 0, 28, 8, 44, 38, 100, 45, 7
0, 99, 42, 100, 23, 75, 2, 50, 23, 27, 93, 43, 81, 25, 100, 0, 4
9, 95, 3, 60, 65, 67, 66, 8, 11, 0, 0, 61, 32, 91, 100, 100, 5
54, 85, 94, 100, 96, 61, 79, 22, 84, 0, 100, 32, 53, 52, 0, 58, 8
0, 89, 14, 72, 35, 59, 53, 12, 14, 0, 11, 64, 42, 97, 100, 100, 5
9, 78, 48, 100, 100, 94, 78, 63, 85, 36, 73, 6, 19, 0, 0, 29, 3
29, 66, 53, 100, 92, 91, 81, 52, 50, 18, 0, 0, 42, 6, 100, 6, 2
23, 97, 0, 53, 20, 6, 66, 0, 100, 35, 98, 84, 53, 100, 9, 81, 0
7, 60, 100, 79, 76, 100, 24, 71, 80, 36, 84, 0, 0, 14, 47, 50, 8
30, 96, 31, 62, 60, 26, 24, 0, 8, 35, 0, 76, 35, 100, 100, 100, 5
16, 94, 0, 60, 53, 50, 47, 0, 17, 11, 13, 70, 46, 100, 100, 96, 5
10, 58, 26, 99, 67, 100, 59, 57, 29, 22, 0, 0, 50, 7, 100, 0, 2
14, 89, 57, 100, 90, 78, 49, 55, 70, 39, 100, 12, 52, 0, 0, 9, 3
100, 100, 57, 78, 29, 51, 22, 19, 61, 0, 97, 21, 57, 40, 0, 35, 6
51, 100, 29, 82, 10, 60, 0, 35, 27, 20, 69, 22, 100, 25, 100, 0, 4
62, 60, 100, 76, 99, 100, 32, 93, 0, 69, 59, 53, 78, 28, 56, 0, 9
2, 78, 35, 98, 100, 100, 84, 65, 54, 32, 20, 0, 0, 29, 60, 33, 7
100, 77, 56, 100, 0, 78, 45, 57, 85, 80, 95, 40, 93, 0, 24, 7, 9
54, 100, 35, 79, 0, 49, 19, 40, 89, 38, 100, 65, 81, 32, 65, 0, 4
31, 92, 5, 50, 59, 42, 43, 0, 1, 3, 0, 63, 45, 92, 100, 100, 5
48, 84, 38, 41, 20, 0, 0, 14, 37, 51, 89, 81, 100, 100, 36, 84, 8
0, 81, 41, 100, 60, 72, 43, 35, 20, 0, 5, 35, 48, 49, 100, 48, 7
12, 89, 0, 48, 64, 45, 71, 0, 26, 8, 6, 59, 30, 100, 100, 98, 5
0, 100, 75, 94, 72, 59, 56, 22, 45, 0, 8, 32, 20, 43, 100, 41, 7
72, 68, 42, 100, 0, 68, 61, 34, 79, 0, 1, 16, 50, 53, 100, 88, 8
34, 100, 24, 100, 0, 53, 8, 4, 59, 0, 100, 34, 69, 68, 14, 69, 0
0, 73, 49, 82, 94, 100, 100, 86, 82, 65, 65, 43, 43, 22, 29, 0, 1
68, 89, 20, 86, 0, 49, 22, 11, 70, 0, 100, 32, 94, 73, 57, 100, 0
24, 90, 76, 71, 65, 100, 30, 72, 93, 72, 100, 33, 61, 0, 0, 18, 9
30, 97, 81, 98, 43, 100, 14, 65, 58, 57, 100, 27, 48, 0, 0, 17, 5
36, 95, 10, 59, 19, 10, 66, 0, 100, 37, 97, 85, 48, 100, 0, 81, 0
49, 100, 26, 83, 0, 39, 63, 43, 100, 54, 74, 95, 62, 47, 57, 0, 4
72, 64, 54, 100, 24, 73, 54, 36, 45, 0, 0, 19, 41, 53, 100, 80, 8
35, 84, 0, 65, 4, 21, 49, 0, 95, 24, 100, 67, 64, 100, 5, 95, 0
31, 96, 0, 55, 57, 54, 64, 6, 20, 0, 22, 61, 39, 99, 100, 100, 5
15, 94, 58, 100, 100, 70, 71, 34, 31, 0, 14, 30, 0, 57, 91, 57, 7
72, 100, 22, 84, 0, 54, 5, 21, 50, 0, 100, 15, 75, 42, 21, 34, 6
60, 100, 15, 85, 0, 50, 10, 17, 57, 0, 100, 18, 69, 43, 20, 31, 6
0, 67, 45, 80, 100, 100, 50, 85, 32, 64, 23, 42, 18, 21, 14, 0, 1
34, 68, 63, 100, 65, 65, 36, 29, 0, 0, 6, 9, 52, 16, 100, 7, 2
14, 100, 75, 97, 74, 99, 21, 80, 42, 52, 100, 24, 51, 0, 0, 23, 5
92, 77, 88, 100, 46, 83, 79, 69, 100, 54, 97, 18, 53, 0, 0, 6, 9
13, 95, 62, 100, 72, 61, 58, 19, 37, 0, 0, 31, 47, 37, 100, 35, 7
0, 77, 18, 100, 62, 100, 71, 72, 72, 41, 100, 17, 75, 0, 32, 4, 3
11, 75, 33, 84, 89, 100, 100, 90, 76, 68, 49, 45, 24, 22, 0, 0, 1
83, 100, 9, 87, 57, 44, 60, 0, 0, 17, 56, 56, 100, 95, 10, 100, 8
0, 65, 51, 79, 84, 100, 100, 94, 92, 70, 83, 46, 73, 22, 78, 0, 1
87, 100, 36, 71, 85, 35, 52, 0, 0, 13, 51, 49, 100, 85, 44, 97, 8
32, 84, 79, 64, 85, 100, 35, 78, 74, 68, 100, 37, 82, 0, 0, 0, 9
46, 78, 59, 42, 51, 0, 0, 6, 47, 39, 100, 69, 90, 100, 21, 94, 8
33, 76, 68, 100, 71, 64, 42, 29, 4, 0, 0, 15, 49, 15, 100, 7, 2
25, 75, 85, 100, 49, 72, 18, 40, 0, 7, 51, 0, 100, 28, 49, 29, 6
54, 100, 96, 93, 81, 72, 77, 54, 100, 30, 83, 7, 41, 0, 0, 8, 3
81, 100, 47, 96, 14, 62, 6, 22, 53, 0, 100, 19, 46, 34, 0, 12, 6
53, 79, 0, 92, 19, 58, 80, 27, 57, 0, 26, 34, 80, 68, 100, 100, 8
100, 85, 58, 100, 10, 97, 28, 76, 77, 73, 54, 53, 21, 28, 0, 0, 9
41, 80, 60, 100, 100, 97, 98, 73, 94, 48, 75, 26, 42, 9, 0, 0, 3
18, 76, 50, 86, 100, 100, 93, 80, 70, 60, 48, 40, 23, 20, 0, 0, 1
100, 100, 44, 99, 6, 73, 15, 48, 65, 60, 85, 26, 49, 0, 0, 12, 5
98, 100, 40, 87, 9, 55, 0, 21, 47, 0, 100, 22, 39, 31, 7, 4, 6
55, 89, 85, 100, 100, 81, 78, 60, 69, 35, 64, 9, 33, 0, 0, 3, 3
0, 63, 37, 44, 42, 6, 1, 0, 25, 36, 65, 67, 100, 100, 46, 80, 8
62, 83, 62, 75, 81, 100, 74, 86, 100, 53, 90, 18, 37, 0, 0, 16, 9
45, 97, 9, 67, 0, 26, 36, 0, 82, 14, 100, 53, 79, 93, 32, 100, 0
100, 72, 58, 100, 0, 77, 46, 39, 62, 0, 24, 21, 69, 58, 69, 91, 8
100, 100, 46, 89, 13, 64, 0, 34, 25, 7, 80, 0, 80, 24, 26, 26, 6
87, 100, 36, 82, 3, 52, 0, 17, 50, 0, 100, 13, 55, 31, 0, 20, 6
53, 100, 0, 77, 10, 45, 100, 43, 87, 66, 47, 77, 35, 39, 31, 0, 4
74, 73, 31, 61, 47, 91, 93, 100, 100, 68, 83, 35, 50, 8, 0, 0, 9
0, 98, 51, 98, 100, 100, 74, 65, 50, 28, 40, 0, 44, 39, 96, 47, 7
26, 88, 0, 58, 4, 17, 54, 0, 96, 28, 100, 69, 63, 100, 12, 86, 0
31, 100, 1, 70, 0, 29, 35, 0, 82, 23, 100, 62, 85, 99, 31, 93, 0
0, 92, 57, 100, 100, 77, 77, 38, 46, 0, 25, 9, 25, 48, 92, 58, 7
59, 94, 8, 100, 17, 65, 90, 36, 76, 0, 0, 10, 48, 46, 100, 83, 8
48, 68, 57, 100, 92, 91, 76, 54, 45, 21, 0, 0, 45, 22, 100, 4, 2
0, 33, 35, 52, 67, 75, 97, 100, 100, 90, 83, 61, 68, 31, 56, 0, 1
0, 74, 16, 80, 57, 96, 100, 100, 86, 75, 66, 50, 47, 25, 39, 0, 1
0, 67, 28, 94, 91, 100, 90, 73, 69, 53, 100, 25, 61, 0, 11, 5, 3
14, 56, 27, 100, 42, 69, 26, 27, 0, 5, 33, 0, 67, 0, 100, 1, 2
0, 71, 20, 92, 69, 100, 69, 77, 71, 54, 100, 34, 82, 12, 35, 0, 3
60, 100, 31, 87, 12, 70, 0, 53, 12, 36, 47, 26, 83, 16, 100, 0, 4
100, 100, 65, 100, 40, 89, 40, 62, 74, 51, 63, 30, 30, 17, 0, 0, 5
16, 75, 43, 100, 66, 75, 44, 39, 10, 10, 0, 0, 50, 9, 100, 18, 2
21, 73, 45, 100, 85, 99, 69, 67, 100, 47, 90, 16, 46, 0, 0, 6, 3
0, 74, 32, 100, 72, 88, 49, 56, 7, 34, 0, 21, 49, 11, 100, 0, 2
0, 77, 27, 100, 54, 89, 33, 60, 11, 32, 16, 3, 58, 0, 100, 3, 2
55, 100, 48, 93, 0, 72, 34, 58, 100, 52, 97, 48, 58, 25, 32, 0, 4
