@relation penbased-1
@attribute At1 integer [0, 100]
@attribute At2 integer [0, 100]
@attribute At3 integer [0, 100]
@attribute At4 integer [0, 100]
@attribute At5 integer [0, 100]
@attribute At6 integer [0, 100]
@attribute At7 integer [0, 100]
@attribute At8 integer [0, 100]
@attribute At9 integer [0, 100]
@attribute At10 integer [0, 100]
@attribute At11 integer [0, 100]
@attribute At12 integer [0, 100]
@attribute At13 integer [0, 100]
@attribute At14 integer [0, 100]
@attribute At15 integer [0, 100]
@attribute At16 integer [0, 100]
@attribute Class {0, 1, 2, 3, 4, 5, 6, 7, 8, 9}
@inputs At1, At2, At3, At4, At5, At6, At7, At8, At9, At10, At11, At12, At13, At14, At15, At16
@outputs Class
@data
0, 39, 2, 62, 11, 5, 63, 0, 100, 43, 89, 99, 36, 100, 0, 57, 0
35, 76, 57, 100, 100, 92, 68, 66, 81, 38, 82, 9, 32, 0, 0, 17, 3
24, 66, 43, 100, 59, 65, 34, 28, 0, 1, 16, 11, 58, 0, 100, 1, 2
11, 100, 0, 69, 15, 43, 87, 47, 100, 65, 74, 67, 71, 33, 66, 0, 4
46, 100, 10, 83, 34, 64, 100, 77, 71, 82, 49, 54, 22, 27, 0, 0, 4
0, 0, 31, 15, 63, 30, 88, 52, 100, 79, 82, 100, 56, 82, 79, 64, 9
37, 91, 84, 100, 100, 96, 52, 87, 32, 57, 74, 38, 41, 1, 0, 0, 5
80, 100, 36, 100, 58, 80, 65, 82, 82, 47, 100, 14, 53, 0, 0, 7, 9
35, 76, 0, 42, 11, 0, 65, 5, 100, 41, 97, 85, 49, 100, 9, 69, 0
26, 79, 69, 100, 92, 85, 56, 56, 90, 42, 100, 15, 51, 0, 0, 2, 3
21, 88, 0, 57, 88, 58, 88, 18, 15, 0, 8, 42, 12, 83, 100, 100, 5
19, 81, 0, 41, 12, 0, 54, 1, 88, 29, 100, 71, 72, 100, 31, 91, 0
9, 100, 0, 66, 20, 25, 61, 0, 100, 21, 93, 64, 54, 91, 9, 76, 0
13, 68, 15, 30, 42, 0, 86, 19, 100, 56, 84, 90, 33, 100, 0, 73, 0
68, 100, 24, 83, 0, 41, 13, 0, 60, 3, 99, 30, 100, 71, 55, 89, 0
0, 42, 34, 57, 64, 79, 95, 100, 100, 85, 81, 57, 62, 28, 45, 0, 1
16, 59, 0, 31, 31, 0, 78, 15, 100, 55, 87, 98, 40, 100, 6, 67, 0
0, 48, 28, 64, 61, 82, 92, 100, 100, 84, 86, 56, 73, 28, 64, 0, 1
51, 100, 0, 90, 5, 57, 92, 61, 100, 70, 85, 82, 68, 40, 86, 0, 4
46, 96, 80, 100, 81, 76, 77, 60, 100, 36, 75, 12, 36, 0, 0, 6, 3
22, 98, 0, 75, 4, 18, 55, 0, 100, 36, 84, 89, 34, 100, 21, 46, 0
86, 100, 0, 95, 32, 56, 100, 22, 30, 0, 5, 36, 80, 68, 52, 99, 8
76, 85, 0, 100, 16, 63, 81, 31, 69, 0, 6, 25, 34, 64, 100, 95, 8
3, 100, 4, 83, 0, 56, 15, 31, 60, 28, 100, 42, 91, 26, 88, 0, 4
0, 78, 40, 100, 97, 78, 69, 39, 44, 0, 100, 7, 35, 37, 22, 73, 8
33, 78, 66, 100, 91, 86, 64, 60, 100, 42, 82, 10, 41, 0, 0, 7, 3
0, 84, 40, 100, 76, 71, 65, 33, 32, 0, 5, 28, 42, 44, 100, 46, 7
0, 76, 24, 100, 65, 97, 61, 63, 40, 31, 6, 5, 51, 2, 100, 0, 2
21, 100, 12, 66, 64, 49, 52, 0, 10, 16, 0, 72, 43, 94, 100, 94, 5
0, 100, 67, 94, 83, 65, 57, 33, 41, 0, 0, 20, 29, 31, 100, 32, 7
89, 100, 56, 85, 0, 62, 44, 50, 100, 54, 82, 77, 52, 38, 20, 0, 4
7, 86, 0, 62, 15, 20, 62, 0, 100, 31, 96, 73, 53, 100, 8, 78, 0
0, 98, 4, 100, 59, 100, 100, 87, 96, 64, 75, 43, 51, 22, 40, 0, 7
44, 83, 70, 100, 93, 77, 59, 50, 93, 44, 100, 16, 53, 0, 0, 3, 3
22, 77, 89, 62, 98, 100, 32, 87, 68, 63, 100, 55, 81, 11, 0, 0, 9
12, 76, 47, 100, 100, 98, 97, 72, 52, 54, 74, 30, 52, 5, 0, 0, 3
0, 99, 51, 100, 100, 96, 72, 59, 56, 16, 41, 0, 24, 39, 81, 50, 7
68, 46, 89, 75, 52, 100, 0, 80, 6, 53, 72, 54, 100, 33, 89, 0, 9
0, 12, 50, 48, 84, 87, 24, 100, 29, 65, 100, 35, 84, 0, 9, 11, 8
15, 73, 42, 100, 32, 72, 27, 39, 44, 7, 100, 0, 52, 5, 0, 3, 1
45, 100, 12, 82, 0, 41, 17, 4, 62, 0, 100, 21, 96, 60, 54, 66, 0
44, 73, 66, 100, 100, 88, 74, 57, 33, 32, 0, 21, 53, 19, 99, 0, 2
45, 100, 14, 69, 61, 42, 46, 0, 0, 3, 15, 50, 42, 91, 100, 96, 5
35, 73, 77, 55, 100, 20, 39, 0, 37, 35, 79, 68, 86, 100, 0, 84, 8
27, 100, 34, 93, 0, 62, 25, 44, 100, 44, 91, 65, 68, 32, 51, 0, 4
20, 73, 47, 100, 62, 70, 41, 35, 11, 3, 0, 15, 49, 9, 100, 0, 2
0, 84, 39, 100, 79, 78, 39, 55, 67, 48, 100, 21, 62, 0, 15, 10, 3
14, 88, 49, 100, 65, 77, 34, 53, 0, 31, 1, 7, 50, 0, 100, 0, 2
49, 100, 5, 87, 15, 59, 92, 53, 100, 84, 69, 57, 35, 28, 0, 0, 4
36, 78, 75, 100, 77, 82, 61, 34, 39, 0, 0, 8, 50, 8, 100, 7, 1
100, 100, 55, 88, 20, 61, 0, 28, 19, 0, 66, 14, 62, 43, 17, 43, 6
9, 100, 10, 91, 0, 61, 0, 31, 55, 24, 90, 45, 88, 29, 100, 0, 4
100, 100, 57, 90, 32, 60, 15, 30, 26, 0, 89, 7, 70, 34, 0, 43, 6
30, 76, 53, 100, 82, 74, 66, 39, 31, 12, 0, 3, 50, 3, 100, 0, 2
31, 93, 7, 59, 8, 20, 54, 0, 98, 27, 100, 65, 60, 94, 0, 100, 0
100, 98, 58, 100, 29, 81, 55, 55, 87, 32, 81, 4, 39, 0, 0, 1, 5
0, 23, 63, 46, 100, 87, 50, 100, 34, 57, 86, 23, 57, 0, 9, 22, 8
3, 79, 36, 59, 88, 39, 66, 0, 15, 14, 0, 55, 27, 89, 100, 100, 5
28, 6, 64, 48, 100, 91, 53, 100, 22, 59, 80, 31, 66, 0, 0, 2, 8
69, 100, 43, 92, 15, 58, 5, 21, 50, 0, 100, 20, 48, 34, 0, 15, 6
45, 87, 41, 100, 89, 96, 54, 65, 68, 55, 100, 26, 60, 0, 0, 3, 3
42, 100, 7, 72, 0, 41, 54, 38, 100, 44, 73, 73, 56, 36, 39, 0, 4
25, 100, 0, 69, 1, 20, 43, 0, 87, 16, 100, 61, 72, 100, 29, 96, 0
7, 94, 17, 51, 94, 47, 66, 0, 9, 3, 0, 56, 18, 97, 100, 100, 5
12, 55, 0, 46, 21, 6, 66, 0, 100, 30, 99, 73, 63, 100, 18, 93, 0
73, 100, 35, 81, 10, 51, 11, 19, 59, 0, 100, 19, 62, 44, 0, 47, 6
0, 78, 40, 100, 80, 86, 70, 42, 40, 7, 14, 0, 56, 18, 100, 3, 2
0, 79, 27, 100, 84, 99, 82, 75, 84, 52, 100, 28, 55, 11, 2, 0, 3
75, 80, 93, 100, 100, 81, 80, 59, 66, 35, 66, 9, 34, 0, 0, 4, 3
18, 99, 6, 51, 22, 6, 69, 0, 100, 37, 90, 83, 44, 100, 0, 80, 0
27, 82, 5, 39, 30, 0, 80, 15, 100, 59, 74, 100, 23, 95, 0, 53, 0
14, 66, 23, 100, 41, 74, 24, 34, 0, 0, 22, 15, 61, 9, 100, 3, 2
64, 92, 100, 100, 85, 98, 47, 80, 70, 54, 82, 18, 43, 0, 0, 13, 5
0, 60, 42, 80, 90, 100, 100, 97, 84, 72, 68, 47, 55, 22, 45, 0, 1
35, 100, 5, 72, 0, 40, 44, 18, 87, 30, 100, 58, 70, 30, 53, 0, 4
46, 88, 78, 100, 79, 67, 65, 47, 100, 32, 75, 7, 37, 0, 0, 5, 3
41, 75, 62, 100, 100, 94, 74, 67, 37, 43, 0, 20, 23, 2, 83, 0, 2
42, 80, 19, 62, 51, 28, 13, 0, 0, 26, 11, 70, 46, 100, 100, 98, 5
0, 77, 26, 100, 49, 87, 39, 54, 15, 26, 24, 11, 62, 4, 100, 0, 2
9, 100, 18, 82, 0, 49, 10, 24, 71, 26, 100, 51, 92, 31, 90, 0, 4
20, 100, 6, 79, 0, 49, 65, 43, 100, 66, 86, 59, 70, 29, 52, 0, 4
89, 100, 40, 79, 0, 42, 69, 38, 100, 59, 74, 87, 69, 43, 68, 0, 4
75, 100, 46, 69, 22, 37, 12, 3, 66, 0, 100, 26, 45, 34, 0, 13, 6
21, 100, 19, 70, 32, 100, 45, 52, 63, 7, 0, 0, 34, 8, 100, 13, 1
30, 84, 70, 100, 78, 69, 63, 38, 34, 10, 0, 12, 46, 14, 100, 0, 2
49, 84, 55, 100, 100, 98, 72, 72, 48, 50, 81, 31, 49, 8, 0, 0, 3
100, 94, 40, 100, 0, 68, 43, 35, 92, 5, 23, 0, 3, 34, 46, 68, 8
47, 74, 68, 100, 100, 88, 74, 60, 62, 34, 96, 18, 52, 0, 0, 4, 3
0, 59, 9, 36, 43, 0, 91, 20, 100, 65, 65, 100, 15, 84, 10, 41, 0
100, 100, 47, 79, 14, 53, 0, 26, 24, 0, 93, 2, 95, 25, 14, 25, 6
86, 86, 37, 100, 0, 74, 53, 62, 100, 86, 83, 66, 61, 32, 41, 0, 9
26, 91, 0, 80, 2, 34, 33, 0, 80, 8, 100, 50, 82, 92, 38, 100, 0
97, 100, 53, 77, 32, 44, 39, 9, 90, 0, 100, 31, 51, 49, 0, 36, 6
22, 100, 0, 80, 19, 55, 73, 48, 100, 68, 63, 57, 41, 29, 26, 0, 4
12, 63, 37, 100, 61, 76, 37, 36, 5, 1, 0, 1, 49, 3, 100, 0, 2
0, 61, 35, 82, 90, 100, 100, 93, 69, 71, 44, 47, 23, 24, 8, 0, 1
13, 59, 0, 63, 42, 82, 90, 100, 100, 80, 80, 54, 59, 27, 45, 0, 1
0, 89, 26, 100, 35, 51, 32, 0, 13, 13, 22, 32, 60, 40, 100, 46, 7
0, 5, 18, 35, 47, 63, 76, 88, 100, 100, 79, 68, 60, 35, 58, 0, 1
100, 100, 53, 84, 18, 58, 0, 28, 19, 0, 76, 4, 84, 27, 24, 27, 6
53, 93, 3, 71, 47, 34, 23, 0, 0, 29, 59, 63, 100, 100, 9, 98, 8
100, 100, 12, 94, 0, 72, 85, 83, 94, 85, 81, 56, 65, 27, 62, 0, 9
2, 96, 53, 100, 100, 91, 67, 71, 55, 49, 79, 24, 46, 6, 0, 0, 3
66, 100, 21, 85, 0, 55, 4, 23, 48, 0, 100, 12, 62, 36, 6, 25, 6
18, 76, 55, 100, 65, 62, 38, 23, 0, 0, 13, 18, 57, 20, 100, 16, 2
100, 100, 58, 83, 30, 57, 20, 26, 42, 0, 80, 9, 47, 31, 0, 39, 6
36, 81, 36, 70, 80, 36, 52, 0, 0, 22, 29, 63, 35, 94, 100, 100, 5
100, 75, 60, 100, 0, 85, 14, 53, 75, 68, 88, 78, 73, 39, 71, 0, 9
0, 24, 43, 47, 75, 73, 100, 100, 71, 82, 43, 55, 18, 28, 3, 0, 1
74, 100, 50, 99, 13, 67, 0, 31, 35, 0, 100, 10, 79, 43, 10, 52, 6
11, 100, 0, 87, 11, 48, 69, 38, 100, 50, 75, 94, 53, 49, 37, 0, 4
41, 100, 12, 74, 0, 44, 75, 46, 100, 78, 81, 75, 65, 37, 48, 0, 4
27, 95, 14, 59, 70, 43, 59, 0, 0, 10, 6, 56, 30, 96, 100, 100, 5
31, 85, 51, 100, 78, 80, 64, 63, 100, 41, 84, 11, 41, 0, 0, 10, 3
58, 100, 21, 71, 1, 35, 15, 0, 66, 2, 100, 28, 50, 32, 0, 19, 6
93, 95, 47, 100, 54, 66, 100, 80, 95, 64, 93, 20, 50, 0, 0, 9, 9
70, 92, 0, 83, 57, 49, 100, 13, 16, 0, 5, 37, 48, 74, 64, 100, 8
0, 0, 40, 9, 74, 26, 95, 52, 100, 80, 73, 100, 46, 81, 74, 63, 9
26, 97, 28, 70, 59, 35, 22, 0, 0, 23, 8, 71, 40, 100, 100, 100, 5
25, 86, 19, 83, 0, 41, 14, 0, 71, 16, 100, 55, 78, 95, 12, 100, 0
43, 95, 8, 69, 0, 31, 29, 0, 83, 20, 100, 56, 71, 90, 11, 100, 0
0, 72, 29, 100, 59, 79, 58, 23, 42, 0, 30, 30, 65, 47, 100, 64, 7
85, 69, 81, 100, 100, 66, 76, 30, 36, 5, 0, 0, 50, 7, 99, 5, 2
46, 94, 100, 100, 64, 97, 17, 76, 22, 53, 70, 33, 56, 3, 0, 0, 5
0, 73, 12, 26, 49, 0, 92, 13, 100, 60, 73, 98, 29, 100, 8, 60, 0
36, 100, 18, 76, 0, 52, 13, 33, 60, 34, 100, 39, 93, 24, 86, 0, 4
100, 94, 29, 84, 32, 41, 59, 0, 0, 1, 42, 38, 87, 74, 52, 100, 8
0, 85, 31, 100, 59, 73, 55, 36, 46, 0, 27, 26, 47, 40, 100, 39, 7
0, 100, 73, 99, 62, 66, 34, 33, 14, 0, 5, 15, 19, 43, 100, 43, 7
15, 79, 8, 36, 37, 0, 89, 21, 100, 63, 73, 100, 21, 82, 0, 43, 0
11, 80, 0, 54, 47, 32, 36, 0, 11, 24, 3, 62, 46, 87, 100, 100, 5
0, 80, 35, 100, 80, 89, 58, 61, 68, 39, 100, 15, 55, 0, 2, 3, 3
25, 84, 56, 54, 47, 17, 5, 0, 0, 35, 10, 72, 52, 90, 100, 100, 5
43, 97, 80, 79, 22, 66, 35, 100, 86, 75, 100, 23, 48, 0, 0, 24, 9
100, 100, 47, 88, 18, 55, 16, 18, 57, 0, 95, 29, 51, 38, 0, 16, 6
62, 90, 15, 77, 10, 26, 56, 0, 100, 31, 93, 81, 42, 100, 0, 70, 0
11, 82, 6, 41, 28, 0, 78, 7, 100, 48, 80, 90, 32, 100, 0, 65, 0
8, 64, 65, 74, 100, 100, 43, 93, 0, 66, 57, 72, 48, 42, 27, 0, 9
62, 100, 26, 74, 15, 43, 8, 12, 57, 0, 100, 19, 52, 35, 0, 23, 6
18, 74, 3, 67, 74, 34, 41, 0, 3, 27, 59, 63, 100, 100, 0, 95, 8
100, 80, 54, 77, 25, 96, 78, 100, 99, 74, 76, 45, 42, 20, 0, 0, 9
52, 95, 100, 100, 70, 91, 26, 77, 26, 55, 64, 43, 43, 14, 0, 0, 5
20, 100, 34, 63, 57, 25, 23, 0, 6, 39, 0, 81, 48, 95, 100, 95, 5
33, 100, 16, 78, 0, 52, 18, 31, 58, 29, 98, 34, 100, 25, 100, 0, 4
29, 100, 0, 77, 0, 53, 75, 44, 100, 63, 72, 51, 73, 25, 67, 0, 4
88, 100, 48, 94, 59, 69, 100, 85, 90, 56, 80, 23, 46, 0, 0, 12, 9
27, 100, 8, 56, 57, 41, 20, 0, 0, 24, 18, 85, 48, 97, 100, 94, 5
53, 100, 25, 70, 0, 39, 50, 34, 100, 42, 85, 64, 77, 32, 80, 0, 4
18, 83, 53, 100, 67, 75, 43, 47, 12, 22, 0, 0, 50, 11, 100, 22, 2
0, 53, 36, 77, 82, 99, 100, 100, 73, 75, 39, 50, 9, 25, 3, 0, 1
4, 88, 0, 43, 25, 4, 70, 0, 100, 35, 94, 79, 53, 100, 8, 86, 0
100, 93, 62, 77, 0, 61, 13, 88, 76, 100, 94, 67, 72, 33, 46, 0, 9
67, 66, 56, 100, 10, 74, 59, 38, 70, 0, 0, 15, 29, 54, 100, 82, 8
0, 89, 36, 100, 56, 72, 38, 40, 8, 13, 1, 0, 51, 1, 100, 0, 2
77, 94, 35, 100, 53, 74, 74, 90, 99, 52, 100, 10, 51, 0, 0, 6, 9
97, 100, 57, 82, 24, 51, 0, 20, 32, 0, 100, 12, 91, 42, 25, 56, 6
1, 90, 47, 100, 74, 83, 53, 57, 67, 32, 100, 12, 51, 1, 0, 0, 3
0, 91, 49, 96, 100, 100, 67, 62, 54, 18, 38, 0, 21, 38, 83, 40, 7
98, 98, 34, 96, 8, 59, 63, 27, 34, 0, 0, 32, 42, 70, 100, 100, 8
0, 100, 51, 99, 100, 78, 80, 42, 60, 7, 79, 0, 98, 27, 30, 38, 7
48, 99, 8, 92, 50, 73, 63, 100, 100, 67, 99, 23, 53, 0, 0, 3, 9
0, 67, 59, 100, 79, 98, 71, 54, 71, 12, 9, 1, 2, 0, 100, 3, 1
45, 98, 13, 71, 13, 21, 59, 0, 100, 34, 81, 79, 28, 100, 0, 67, 0
0, 89, 4, 47, 21, 0, 73, 2, 100, 45, 78, 89, 25, 100, 14, 54, 0
38, 79, 69, 100, 88, 80, 61, 56, 87, 38, 100, 13, 53, 0, 0, 2, 3
16, 89, 16, 100, 0, 70, 15, 42, 81, 51, 100, 61, 84, 30, 75, 0, 4
78, 79, 40, 100, 6, 71, 16, 33, 16, 0, 0, 32, 46, 58, 100, 80, 8
42, 100, 12, 68, 0, 27, 32, 0, 76, 9, 100, 44, 88, 85, 47, 85, 0
100, 99, 52, 79, 0, 70, 26, 100, 80, 100, 81, 65, 57, 32, 35, 0, 9
70, 99, 42, 69, 35, 30, 0, 0, 19, 29, 60, 58, 100, 88, 54, 100, 8
0, 100, 85, 97, 100, 69, 65, 38, 28, 7, 13, 0, 13, 34, 92, 41, 7
25, 100, 8, 84, 0, 63, 0, 44, 33, 30, 83, 34, 87, 18, 100, 0, 4
16, 73, 38, 100, 60, 76, 40, 43, 7, 16, 0, 9, 50, 0, 100, 1, 2
32, 100, 32, 79, 0, 48, 25, 28, 96, 34, 100, 64, 77, 34, 77, 0, 4
37, 94, 53, 48, 41, 6, 0, 0, 4, 45, 17, 90, 57, 100, 100, 100, 5
36, 100, 2, 70, 0, 43, 53, 42, 100, 43, 68, 70, 45, 35, 22, 0, 4
0, 80, 22, 100, 43, 71, 36, 37, 9, 8, 7, 12, 54, 16, 100, 0, 2
22, 71, 55, 44, 42, 11, 0, 0, 1, 37, 13, 71, 53, 91, 100, 100, 5
76, 69, 24, 51, 0, 72, 39, 100, 91, 99, 100, 66, 93, 32, 87, 0, 9
0, 39, 35, 58, 69, 76, 100, 100, 86, 88, 69, 60, 52, 30, 45, 0, 1
23, 85, 69, 100, 62, 68, 53, 27, 32, 0, 0, 2, 50, 5, 100, 3, 1
58, 74, 100, 100, 94, 75, 85, 35, 59, 2, 0, 0, 29, 2, 88, 3, 1
47, 100, 38, 94, 12, 68, 0, 42, 48, 39, 100, 52, 80, 26, 83, 0, 4
0, 90, 43, 100, 89, 87, 75, 59, 44, 36, 9, 14, 48, 5, 100, 0, 2
27, 81, 43, 100, 86, 84, 52, 60, 84, 43, 100, 16, 54, 0, 0, 1, 3
0, 76, 49, 100, 100, 82, 58, 41, 28, 0, 82, 15, 28, 51, 34, 88, 8
35, 100, 0, 80, 45, 41, 96, 3, 44, 0, 34, 38, 100, 67, 78, 93, 8
100, 100, 52, 79, 18, 54, 0, 25, 28, 0, 85, 9, 66, 34, 3, 39, 6
4, 54, 55, 75, 97, 98, 100, 100, 69, 75, 40, 50, 13, 25, 0, 0, 1
40, 64, 67, 82, 100, 100, 81, 80, 60, 60, 38, 40, 15, 20, 0, 0, 1
57, 100, 33, 94, 8, 59, 3, 22, 48, 0, 100, 15, 57, 32, 0, 19, 6
18, 100, 8, 53, 24, 5, 69, 0, 100, 39, 91, 87, 45, 98, 0, 79, 0
0, 56, 40, 72, 79, 90, 100, 100, 86, 74, 70, 49, 55, 23, 45, 0, 1
3, 97, 90, 100, 100, 71, 75, 38, 61, 4, 31, 0, 0, 26, 90, 28, 7
33, 87, 49, 100, 94, 83, 49, 64, 73, 47, 100, 20, 60, 0, 0, 3, 3
90, 100, 43, 79, 0, 56, 51, 58, 100, 69, 97, 61, 79, 28, 60, 0, 4
63, 100, 35, 70, 0, 41, 36, 35, 100, 40, 96, 56, 73, 34, 59, 0, 4
85, 90, 35, 100, 15, 77, 32, 53, 91, 52, 100, 22, 56, 0, 0, 7, 5
0, 93, 43, 100, 66, 77, 59, 39, 59, 0, 40, 22, 54, 42, 100, 50, 7
100, 86, 47, 100, 0, 73, 42, 43, 85, 15, 28, 0, 37, 36, 84, 66, 8
0, 20, 47, 42, 78, 70, 100, 100, 88, 86, 66, 56, 40, 27, 7, 0, 1
63, 99, 25, 77, 0, 35, 22, 0, 73, 17, 100, 58, 79, 100, 33, 91, 0
98, 100, 51, 77, 21, 49, 7, 18, 49, 0, 100, 16, 42, 23, 0, 1, 6
5, 68, 23, 100, 63, 78, 55, 32, 14, 4, 0, 15, 50, 10, 100, 0, 2
60, 90, 43, 68, 52, 22, 21, 0, 0, 39, 52, 66, 100, 95, 38, 100, 8
30, 100, 23, 69, 66, 33, 59, 0, 19, 27, 0, 67, 8, 100, 100, 97, 5
12, 88, 53, 100, 100, 94, 68, 69, 80, 39, 95, 10, 51, 0, 0, 6, 3
0, 83, 37, 99, 81, 100, 100, 74, 84, 36, 65, 0, 33, 8, 55, 27, 7
34, 100, 90, 97, 100, 73, 64, 45, 34, 15, 15, 0, 0, 32, 57, 30, 7
18, 100, 16, 90, 0, 63, 28, 44, 88, 52, 100, 53, 89, 27, 88, 0, 4
20, 100, 5, 78, 0, 55, 64, 63, 100, 83, 81, 55, 61, 25, 45, 0, 4
32, 85, 60, 100, 88, 81, 47, 59, 81, 43, 100, 15, 54, 0, 0, 4, 3
0, 89, 21, 72, 62, 94, 11, 100, 57, 73, 100, 45, 74, 13, 9, 0, 9
0, 58, 35, 62, 70, 83, 100, 100, 91, 74, 82, 49, 74, 23, 78, 0, 1
35, 98, 60, 100, 47, 63, 25, 30, 0, 4, 34, 2, 68, 0, 100, 3, 2
0, 77, 38, 89, 56, 100, 46, 57, 47, 15, 100, 11, 45, 4, 8, 0, 1
10, 68, 25, 34, 20, 0, 2, 24, 0, 66, 30, 88, 65, 95, 100, 100, 5
1, 66, 28, 93, 81, 100, 72, 75, 82, 43, 100, 12, 54, 0, 0, 2, 3
0, 100, 7, 100, 89, 100, 100, 98, 55, 76, 29, 50, 12, 24, 14, 0, 7
63, 100, 53, 74, 0, 49, 65, 48, 100, 56, 88, 62, 71, 26, 69, 0, 4
37, 98, 2, 64, 48, 38, 17, 0, 0, 26, 2, 72, 38, 99, 100, 100, 5
47, 98, 5, 67, 0, 23, 46, 0, 95, 23, 100, 67, 60, 100, 10, 83, 0
4, 100, 36, 99, 44, 59, 39, 20, 29, 0, 0, 31, 49, 39, 100, 42, 7
0, 81, 20, 100, 64, 100, 100, 85, 72, 60, 35, 42, 46, 21, 79, 0, 3
19, 89, 60, 100, 54, 69, 47, 50, 100, 48, 99, 20, 54, 2, 0, 0, 3
64, 100, 26, 75, 0, 51, 68, 52, 100, 72, 74, 56, 48, 28, 23, 0, 4
0, 0, 34, 12, 67, 28, 89, 50, 100, 77, 84, 100, 58, 85, 85, 65, 9
72, 100, 32, 80, 9, 49, 13, 16, 59, 0, 100, 24, 59, 41, 0, 31, 6
0, 84, 41, 100, 86, 75, 33, 52, 54, 45, 100, 19, 51, 0, 2, 13, 3
62, 100, 36, 92, 12, 57, 12, 19, 61, 0, 100, 22, 51, 41, 0, 27, 6
0, 43, 26, 65, 57, 84, 94, 100, 100, 79, 87, 52, 75, 26, 66, 0, 1
20, 100, 17, 60, 51, 27, 17, 0, 6, 40, 0, 82, 42, 96, 100, 96, 5
36, 77, 55, 100, 53, 57, 34, 19, 0, 0, 23, 19, 62, 14, 100, 4, 2
33, 83, 1, 71, 0, 13, 62, 0, 100, 48, 73, 100, 16, 77, 8, 20, 0
17, 36, 37, 4, 72, 0, 100, 29, 92, 75, 62, 100, 26, 96, 0, 66, 0
100, 90, 48, 100, 0, 88, 8, 60, 60, 52, 86, 22, 50, 0, 8, 12, 5
51, 94, 80, 59, 100, 100, 26, 88, 74, 67, 93, 63, 83, 9, 0, 0, 9
55, 100, 7, 74, 0, 51, 72, 52, 100, 75, 77, 66, 48, 33, 23, 0, 4
0, 93, 45, 100, 75, 73, 73, 36, 61, 0, 34, 29, 49, 45, 100, 51, 7
0, 86, 35, 97, 100, 100, 73, 67, 48, 34, 21, 0, 18, 5, 56, 24, 7
0, 93, 43, 100, 78, 77, 60, 39, 52, 0, 34, 12, 43, 38, 100, 32, 7
26, 92, 0, 54, 13, 12, 63, 0, 99, 30, 100, 74, 61, 100, 13, 80, 0
36, 70, 42, 100, 69, 70, 55, 32, 19, 3, 0, 8, 50, 9, 100, 0, 2
61, 79, 90, 100, 100, 78, 76, 54, 42, 32, 7, 13, 0, 0, 49, 3, 2
45, 92, 37, 100, 76, 99, 63, 47, 30, 5, 0, 0, 50, 8, 100, 2, 2
30, 84, 36, 100, 79, 90, 56, 63, 86, 51, 100, 26, 61, 4, 0, 0, 3
100, 100, 46, 87, 8, 60, 0, 26, 33, 0, 85, 8, 64, 35, 8, 30, 6
65, 95, 0, 77, 46, 36, 35, 0, 5, 26, 73, 61, 100, 100, 6, 84, 8
74, 100, 46, 72, 8, 49, 0, 38, 52, 34, 100, 41, 96, 32, 96, 0, 4
40, 83, 81, 46, 79, 7, 5, 0, 51, 35, 100, 71, 72, 100, 0, 77, 8
4, 100, 0, 100, 7, 69, 56, 55, 100, 67, 86, 60, 62, 31, 55, 0, 4
100, 89, 39, 75, 0, 78, 55, 100, 93, 85, 70, 54, 35, 24, 23, 0, 9
45, 93, 24, 62, 100, 89, 24, 100, 25, 51, 97, 91, 77, 32, 0, 0, 9
21, 77, 0, 35, 29, 0, 69, 7, 100, 43, 85, 89, 44, 100, 12, 73, 0
0, 52, 33, 67, 68, 82, 100, 100, 94, 77, 82, 50, 69, 23, 72, 0, 1
2, 20, 44, 53, 63, 100, 14, 98, 53, 59, 100, 25, 57, 0, 0, 13, 8
0, 88, 53, 96, 100, 100, 73, 66, 50, 31, 26, 0, 4, 34, 48, 33, 7
37, 89, 97, 100, 60, 95, 15, 72, 72, 63, 100, 35, 60, 8, 0, 0, 5
0, 93, 43, 100, 78, 83, 66, 55, 36, 31, 11, 6, 53, 0, 100, 1, 2
24, 86, 22, 100, 76, 90, 49, 64, 57, 50, 100, 27, 70, 1, 0, 0, 3
84, 100, 40, 94, 46, 68, 85, 82, 90, 48, 100, 13, 54, 0, 0, 6, 9
100, 85, 59, 100, 17, 76, 0, 39, 20, 2, 68, 0, 49, 29, 1, 21, 6
3, 69, 0, 18, 37, 0, 77, 13, 100, 54, 80, 97, 41, 100, 21, 61, 0
60, 100, 38, 82, 0, 59, 17, 39, 93, 49, 100, 47, 69, 23, 39, 0, 4
0, 82, 42, 100, 73, 100, 63, 58, 52, 16, 19, 8, 50, 3, 100, 0, 1
0, 83, 42, 100, 98, 97, 93, 71, 81, 44, 100, 15, 58, 0, 4, 7, 3
0, 94, 34, 97, 100, 100, 59, 58, 34, 10, 18, 0, 21, 37, 91, 44, 7
0, 99, 66, 100, 100, 79, 68, 41, 48, 1, 25, 0, 21, 23, 88, 25, 7
48, 99, 17, 66, 0, 26, 35, 0, 82, 24, 100, 64, 78, 100, 25, 86, 0
6, 89, 52, 100, 100, 91, 93, 65, 62, 43, 25, 23, 0, 2, 55, 0, 2
63, 81, 95, 100, 95, 62, 66, 26, 21, 0, 0, 15, 48, 35, 100, 15, 2
38, 81, 92, 100, 100, 66, 65, 33, 37, 0, 100, 20, 67, 51, 0, 72, 8
87, 74, 74, 100, 22, 87, 70, 68, 100, 72, 88, 33, 55, 0, 0, 8, 9
62, 100, 26, 78, 0, 45, 8, 9, 54, 0, 100, 8, 62, 20, 17, 11, 6
47, 84, 65, 100, 85, 75, 67, 46, 100, 35, 86, 9, 41, 0, 0, 8, 3
92, 100, 45, 88, 19, 53, 20, 14, 69, 0, 100, 31, 48, 37, 0, 13, 6
63, 100, 31, 80, 0, 49, 70, 50, 100, 67, 68, 90, 45, 45, 29, 0, 4
57, 100, 22, 81, 4, 52, 0, 23, 36, 0, 100, 9, 67, 27, 7, 15, 6
67, 100, 35, 79, 17, 48, 24, 15, 70, 0, 100, 21, 45, 21, 0, 3, 6
100, 70, 46, 94, 32, 51, 87, 9, 0, 0, 38, 46, 80, 91, 19, 100, 8
0, 59, 5, 73, 61, 91, 100, 100, 75, 75, 52, 51, 33, 25, 25, 0, 1
0, 24, 43, 59, 64, 100, 18, 94, 67, 61, 100, 23, 43, 0, 7, 29, 8
41, 94, 5, 74, 62, 66, 51, 100, 56, 68, 100, 34, 60, 2, 0, 0, 9
100, 100, 60, 84, 29, 57, 11, 26, 35, 0, 83, 12, 53, 37, 0, 31, 6
20, 100, 21, 84, 0, 52, 37, 42, 100, 46, 97, 63, 81, 31, 71, 0, 4
100, 65, 80, 96, 33, 100, 51, 76, 94, 68, 83, 33, 48, 8, 0, 0, 9
31, 74, 88, 100, 100, 95, 98, 55, 96, 16, 25, 2, 0, 0, 100, 2, 1
0, 85, 35, 100, 77, 91, 65, 65, 68, 40, 100, 19, 73, 1, 24, 0, 3
0, 40, 10, 60, 61, 78, 100, 100, 88, 81, 71, 54, 61, 27, 73, 0, 1
23, 100, 9, 68, 0, 36, 49, 25, 100, 36, 99, 65, 93, 32, 83, 0, 4
86, 100, 49, 91, 0, 54, 63, 52, 100, 64, 90, 98, 76, 45, 69, 0, 4
0, 85, 34, 100, 68, 86, 61, 55, 31, 31, 20, 9, 61, 4, 100, 0, 2
0, 42, 44, 55, 76, 78, 100, 100, 80, 74, 61, 47, 43, 21, 27, 0, 1
63, 100, 41, 63, 0, 36, 88, 40, 100, 63, 72, 78, 76, 39, 82, 0, 4
72, 100, 31, 77, 4, 50, 0, 21, 40, 0, 100, 5, 88, 28, 28, 36, 6
2, 90, 0, 63, 39, 52, 60, 6, 23, 0, 15, 64, 43, 99, 100, 100, 5
12, 69, 19, 100, 78, 99, 83, 66, 47, 35, 0, 10, 29, 3, 100, 0, 2
78, 100, 29, 92, 4, 55, 0, 16, 54, 0, 100, 29, 44, 33, 3, 2, 6
2, 86, 4, 37, 31, 0, 74, 10, 100, 49, 80, 90, 35, 100, 0, 72, 0
0, 64, 43, 81, 100, 100, 74, 83, 43, 62, 13, 42, 4, 20, 9, 0, 1
52, 100, 25, 67, 0, 33, 46, 28, 100, 33, 99, 65, 73, 35, 53, 0, 4
44, 87, 25, 100, 22, 68, 68, 85, 91, 59, 100, 18, 53, 0, 0, 3, 9
100, 99, 65, 100, 33, 77, 11, 51, 0, 22, 21, 0, 52, 19, 11, 20, 6
0, 100, 58, 94, 73, 68, 54, 34, 34, 0, 19, 1, 40, 21, 100, 19, 7
43, 80, 46, 100, 83, 79, 61, 39, 20, 12, 0, 14, 51, 16, 100, 0, 2
8, 92, 52, 100, 91, 88, 76, 61, 92, 37, 100, 14, 51, 3, 0, 0, 3
54, 77, 30, 37, 0, 0, 13, 25, 55, 54, 100, 80, 89, 100, 37, 86, 8
14, 77, 53, 100, 79, 77, 43, 46, 83, 36, 100, 9, 50, 0, 0, 1, 3
32, 95, 1, 65, 0, 25, 35, 0, 79, 13, 100, 49, 81, 85, 37, 100, 0
0, 27, 16, 50, 49, 74, 82, 98, 100, 100, 78, 67, 56, 35, 44, 0, 1
59, 100, 28, 71, 26, 20, 0, 0, 28, 40, 72, 67, 100, 99, 49, 99, 8
51, 100, 35, 74, 10, 49, 0, 22, 54, 12, 100, 32, 90, 25, 69, 0, 4
0, 66, 46, 79, 100, 100, 97, 91, 71, 68, 46, 46, 26, 23, 23, 0, 1
3, 61, 69, 34, 69, 0, 0, 13, 45, 46, 100, 78, 71, 100, 29, 71, 8
14, 79, 0, 46, 18, 7, 58, 0, 92, 25, 100, 69, 71, 100, 32, 96, 0
67, 92, 32, 87, 0, 44, 72, 50, 100, 62, 63, 100, 62, 48, 59, 0, 4
30, 100, 33, 81, 4, 54, 0, 29, 70, 27, 100, 49, 94, 29, 98, 0, 4
58, 90, 8, 63, 37, 44, 18, 0, 0, 18, 4, 74, 41, 100, 100, 98, 5
30, 86, 0, 42, 23, 0, 70, 3, 100, 41, 82, 90, 37, 100, 22, 54, 0
86, 100, 32, 81, 0, 57, 30, 37, 100, 51, 86, 46, 41, 23, 11, 0, 4
13, 92, 85, 100, 97, 71, 68, 35, 31, 0, 0, 12, 25, 34, 100, 30, 7
100, 91, 69, 100, 53, 63, 85, 70, 90, 63, 80, 23, 44, 0, 0, 7, 9
47, 97, 17, 79, 57, 40, 70, 0, 0, 17, 33, 53, 100, 79, 65, 100, 8
12, 100, 3, 86, 0, 61, 35, 54, 72, 54, 100, 53, 90, 27, 88, 0, 4
79, 90, 61, 100, 26, 73, 44, 60, 97, 50, 100, 17, 51, 0, 0, 8, 5
0, 92, 22, 99, 68, 100, 100, 87, 83, 64, 56, 44, 32, 23, 16, 0, 7
7, 89, 52, 100, 93, 70, 80, 27, 68, 0, 100, 39, 66, 53, 0, 52, 7
23, 71, 41, 100, 88, 93, 64, 60, 99, 43, 100, 9, 50, 0, 0, 12, 3
3, 86, 34, 100, 85, 89, 51, 64, 100, 45, 96, 13, 42, 0, 0, 11, 3
25, 83, 12, 54, 62, 29, 37, 0, 6, 20, 0, 62, 37, 92, 100, 100, 5
0, 88, 20, 100, 80, 92, 88, 52, 73, 9, 54, 0, 38, 28, 100, 28, 7
0, 95, 54, 100, 85, 75, 61, 38, 55, 0, 28, 12, 36, 36, 100, 23, 7
100, 100, 57, 97, 21, 66, 0, 32, 17, 0, 85, 3, 64, 23, 4, 3, 6
9, 96, 62, 100, 81, 67, 53, 31, 19, 0, 0, 37, 29, 47, 100, 47, 7
100, 100, 46, 90, 19, 71, 42, 63, 92, 56, 91, 26, 54, 2, 0, 0, 5
61, 91, 29, 100, 47, 74, 74, 85, 100, 51, 97, 12, 50, 0, 0, 11, 9
0, 100, 56, 97, 82, 65, 74, 31, 39, 0, 3, 5, 23, 34, 100, 43, 7
51, 91, 5, 86, 0, 43, 22, 0, 8, 24, 50, 61, 100, 93, 45, 100, 8
100, 100, 48, 100, 9, 68, 0, 31, 35, 0, 100, 1, 76, 29, 19, 15, 6
0, 53, 15, 63, 62, 80, 100, 100, 79, 76, 55, 51, 35, 26, 22, 0, 1
0, 75, 20, 97, 53, 100, 71, 77, 49, 46, 35, 14, 66, 2, 100, 0, 2
15, 72, 73, 100, 77, 98, 73, 60, 69, 22, 29, 0, 0, 5, 100, 3, 1
25, 88, 98, 100, 95, 66, 65, 33, 75, 0, 5, 22, 0, 37, 100, 39, 7
0, 61, 7, 11, 49, 0, 87, 28, 100, 78, 62, 100, 25, 72, 16, 20, 0
5, 82, 3, 100, 86, 90, 85, 64, 28, 42, 100, 24, 84, 2, 0, 0, 3
46, 90, 77, 100, 100, 76, 70, 50, 92, 36, 93, 8, 47, 0, 0, 6, 3
66, 92, 100, 100, 85, 91, 46, 72, 50, 43, 83, 24, 46, 3, 0, 0, 5
0, 91, 52, 100, 100, 85, 96, 48, 79, 12, 50, 0, 28, 25, 83, 22, 7
36, 86, 30, 70, 78, 35, 55, 0, 0, 21, 62, 53, 100, 89, 9, 100, 8
54, 74, 72, 100, 76, 70, 57, 38, 26, 9, 0, 3, 50, 0, 100, 1, 2
36, 100, 0, 55, 7, 0, 61, 25, 100, 76, 61, 100, 37, 69, 24, 44, 0
0, 57, 31, 69, 66, 85, 100, 100, 88, 75, 73, 50, 61, 23, 53, 0, 1
36, 85, 71, 100, 100, 82, 72, 56, 36, 35, 0, 13, 33, 0, 88, 0, 2
53, 78, 80, 100, 96, 68, 68, 35, 23, 14, 0, 20, 51, 17, 100, 0, 2
96, 100, 55, 66, 0, 37, 18, 37, 100, 42, 95, 72, 64, 36, 39, 0, 4
0, 98, 53, 100, 88, 82, 63, 40, 33, 0, 36, 6, 39, 43, 100, 47, 7
13, 93, 79, 100, 87, 72, 50, 36, 21, 0, 10, 14, 0, 46, 100, 49, 7
49, 91, 14, 65, 0, 31, 18, 0, 81, 6, 100, 38, 86, 72, 49, 100, 0
0, 86, 26, 100, 68, 97, 84, 62, 75, 19, 55, 0, 57, 23, 100, 23, 7
95, 88, 59, 100, 51, 67, 100, 81, 98, 65, 92, 28, 59, 0, 0, 4, 9
86, 62, 21, 57, 0, 80, 51, 100, 98, 82, 100, 54, 88, 27, 84, 0, 9
43, 87, 100, 100, 96, 93, 47, 72, 53, 48, 91, 34, 58, 2, 0, 0, 5
0, 79, 28, 100, 48, 75, 38, 54, 92, 54, 100, 28, 61, 8, 9, 0, 3
0, 77, 30, 100, 84, 98, 76, 65, 44, 36, 5, 10, 46, 2, 100, 0, 2
0, 45, 26, 68, 68, 88, 100, 100, 76, 75, 55, 51, 42, 26, 40, 0, 1
0, 78, 16, 100, 51, 74, 42, 37, 10, 8, 21, 18, 65, 0, 100, 19, 2
0, 93, 51, 97, 100, 100, 77, 61, 56, 22, 38, 0, 23, 30, 76, 31, 7
61, 100, 18, 82, 0, 41, 15, 0, 72, 8, 100, 47, 100, 90, 50, 82, 0
0, 91, 36, 100, 58, 64, 42, 17, 23, 0, 22, 37, 61, 42, 100, 47, 7
0, 43, 32, 60, 65, 80, 99, 100, 100, 81, 88, 54, 79, 26, 84, 0, 1
59, 78, 60, 100, 7, 94, 0, 65, 53, 57, 100, 42, 80, 14, 32, 0, 9
32, 65, 51, 100, 56, 51, 35, 6, 0, 0, 27, 19, 63, 9, 100, 16, 2
20, 100, 79, 93, 60, 94, 20, 73, 55, 55, 100, 29, 53, 0, 0, 14, 5
12, 93, 0, 97, 57, 100, 100, 88, 94, 66, 75, 43, 57, 22, 40, 0, 7
24, 86, 57, 100, 55, 72, 30, 47, 0, 26, 31, 9, 69, 1, 100, 0, 2
72, 71, 73, 100, 29, 87, 66, 73, 100, 54, 92, 16, 48, 0, 0, 9, 9
0, 93, 8, 100, 64, 98, 100, 83, 88, 62, 64, 42, 42, 21, 35, 0, 7
0, 77, 50, 100, 100, 72, 40, 39, 13, 0, 74, 1, 23, 38, 12, 77, 8
49, 91, 31, 63, 71, 29, 11, 0, 0, 32, 49, 67, 100, 100, 0, 83, 8
35, 84, 60, 100, 100, 87, 72, 60, 97, 31, 80, 3, 32, 0, 0, 23, 3
75, 77, 41, 100, 19, 68, 65, 36, 59, 0, 0, 5, 43, 38, 100, 66, 8
100, 100, 73, 83, 32, 59, 4, 33, 0, 4, 66, 0, 88, 18, 20, 18, 6
16, 77, 39, 100, 49, 64, 28, 27, 0, 0, 32, 3, 68, 6, 100, 3, 2
21, 52, 0, 48, 39, 50, 100, 51, 68, 0, 26, 29, 8, 83, 85, 100, 5
44, 95, 1, 72, 39, 36, 38, 0, 0, 24, 49, 57, 100, 90, 34, 100, 8
0, 0, 31, 14, 68, 33, 94, 57, 100, 83, 63, 100, 36, 80, 82, 74, 9
24, 78, 37, 100, 54, 62, 31, 27, 0, 18, 45, 10, 88, 0, 100, 31, 2
0, 50, 38, 68, 65, 93, 100, 100, 88, 75, 72, 50, 60, 25, 45, 0, 1
17, 100, 30, 92, 17, 64, 0, 37, 57, 27, 89, 46, 89, 28, 100, 0, 4
0, 41, 50, 71, 91, 100, 74, 59, 65, 16, 17, 0, 27, 4, 100, 5, 1
0, 69, 43, 84, 89, 100, 100, 95, 74, 71, 51, 47, 34, 21, 16, 0, 1
22, 94, 26, 62, 64, 31, 34, 0, 0, 27, 5, 72, 41, 100, 100, 97, 5
11, 100, 24, 67, 54, 32, 39, 0, 8, 29, 0, 71, 43, 88, 100, 90, 5
68, 82, 100, 100, 99, 91, 68, 75, 95, 48, 80, 21, 41, 7, 0, 0, 5
89, 100, 52, 90, 21, 62, 0, 30, 19, 2, 77, 0, 100, 19, 42, 19, 6
63, 88, 84, 100, 93, 67, 69, 34, 28, 8, 0, 14, 51, 19, 100, 0, 2
0, 54, 59, 54, 100, 23, 45, 0, 41, 34, 79, 69, 65, 100, 13, 75, 8
86, 88, 51, 100, 44, 74, 87, 95, 100, 89, 70, 51, 38, 14, 0, 0, 9
84, 88, 42, 100, 47, 69, 100, 82, 100, 58, 95, 22, 54, 0, 0, 13, 9
31, 96, 44, 76, 24, 100, 41, 50, 48, 7, 0, 0, 49, 14, 100, 23, 1
59, 85, 4, 100, 49, 50, 94, 0, 0, 24, 49, 56, 100, 88, 4, 90, 8
24, 96, 84, 99, 100, 100, 25, 93, 28, 57, 93, 36, 73, 0, 0, 1, 5
9, 100, 0, 80, 37, 67, 100, 72, 100, 85, 77, 57, 53, 28, 36, 0, 4
0, 33, 66, 60, 100, 100, 48, 78, 84, 37, 52, 0, 30, 32, 85, 68, 8
52, 100, 32, 83, 11, 53, 0, 21, 37, 0, 100, 14, 48, 22, 5, 1, 6
55, 100, 13, 73, 46, 41, 50, 7, 0, 0, 16, 56, 48, 94, 100, 86, 5
100, 100, 62, 92, 58, 59, 84, 89, 93, 70, 79, 30, 46, 0, 0, 3, 9
72, 96, 100, 100, 57, 95, 31, 65, 49, 51, 67, 29, 39, 0, 0, 3, 5
30, 100, 15, 76, 0, 48, 55, 39, 96, 56, 100, 55, 76, 28, 58, 0, 4
65, 66, 61, 100, 13, 67, 76, 34, 90, 0, 0, 5, 32, 44, 100, 75, 8
100, 100, 55, 81, 22, 56, 0, 25, 25, 0, 74, 12, 58, 39, 8, 40, 6
56, 66, 100, 94, 44, 100, 35, 64, 63, 29, 37, 0, 0, 22, 42, 54, 8
81, 99, 44, 100, 43, 78, 93, 94, 100, 62, 98, 24, 58, 0, 0, 5, 9
0, 82, 32, 75, 70, 88, 100, 100, 89, 75, 75, 50, 61, 25, 54, 0, 1
61, 79, 100, 100, 50, 99, 0, 72, 54, 75, 93, 83, 60, 42, 33, 0, 9
90, 100, 53, 76, 29, 46, 26, 13, 67, 0, 100, 24, 51, 37, 0, 28, 6
8, 44, 0, 66, 50, 89, 100, 100, 83, 75, 61, 50, 56, 25, 61, 0, 1
0, 82, 38, 100, 79, 84, 46, 56, 60, 38, 100, 18, 56, 0, 12, 6, 3
71, 100, 34, 74, 11, 42, 24, 9, 76, 0, 100, 22, 45, 24, 0, 6, 6
79, 79, 66, 100, 0, 91, 23, 64, 91, 73, 100, 62, 84, 29, 85, 0, 9
0, 84, 47, 100, 100, 88, 82, 61, 47, 38, 5, 16, 28, 0, 98, 1, 2
34, 69, 23, 100, 65, 98, 58, 63, 32, 32, 0, 3, 47, 0, 100, 7, 2
53, 91, 75, 100, 74, 69, 53, 39, 22, 13, 0, 11, 51, 15, 100, 0, 2
0, 95, 28, 100, 50, 69, 43, 27, 33, 0, 14, 36, 57, 36, 100, 41, 7
0, 70, 36, 91, 58, 100, 54, 51, 46, 4, 9, 0, 54, 0, 100, 2, 1
26, 100, 3, 75, 0, 35, 25, 3, 70, 0, 100, 29, 86, 66, 48, 88, 0
8, 86, 6, 55, 60, 35, 41, 0, 11, 27, 0, 74, 41, 89, 100, 100, 5
68, 94, 49, 100, 78, 88, 42, 61, 0, 37, 25, 16, 79, 8, 100, 0, 2
3, 100, 0, 81, 3, 55, 33, 34, 84, 36, 100, 50, 86, 25, 97, 0, 4
49, 100, 18, 82, 0, 61, 5, 40, 53, 38, 100, 43, 92, 21, 93, 0, 4
26, 90, 75, 74, 70, 100, 0, 85, 83, 80, 100, 52, 61, 20, 9, 0, 9
8, 72, 0, 36, 26, 0, 74, 3, 100, 40, 85, 83, 43, 100, 14, 66, 0
77, 57, 87, 100, 0, 95, 43, 55, 100, 15, 40, 0, 28, 45, 86, 85, 8
67, 100, 67, 85, 100, 71, 67, 57, 33, 42, 0, 28, 0, 14, 0, 0, 1
32, 100, 12, 93, 0, 46, 22, 4, 72, 0, 100, 38, 85, 82, 34, 92, 0
22, 90, 5, 55, 68, 52, 76, 9, 4, 0, 0, 43, 17, 87, 100, 100, 5
45, 85, 80, 100, 76, 72, 58, 58, 100, 44, 87, 13, 39, 0, 0, 16, 3
44, 89, 97, 100, 76, 93, 36, 67, 88, 60, 100, 29, 57, 6, 0, 0, 5
26, 91, 19, 39, 49, 0, 92, 18, 100, 70, 62, 100, 17, 88, 0, 42, 0
78, 62, 60, 100, 12, 65, 94, 32, 100, 0, 0, 14, 60, 53, 72, 83, 8
27, 95, 39, 62, 75, 32, 39, 0, 0, 19, 12, 65, 45, 97, 100, 100, 5
56, 91, 35, 57, 100, 97, 23, 100, 50, 58, 99, 88, 75, 32, 0, 0, 9
82, 95, 26, 90, 90, 75, 52, 100, 27, 81, 100, 63, 67, 25, 0, 0, 9
15, 87, 60, 100, 95, 84, 50, 66, 96, 49, 100, 18, 56, 0, 0, 1, 3
0, 63, 36, 100, 81, 93, 66, 44, 30, 5, 0, 0, 47, 19, 100, 10, 2
0, 64, 43, 73, 79, 91, 100, 100, 92, 75, 84, 49, 78, 23, 74, 0, 1
46, 100, 16, 86, 0, 42, 100, 52, 68, 79, 54, 98, 56, 49, 61, 0, 4
0, 85, 38, 100, 88, 94, 86, 67, 64, 41, 100, 21, 82, 0, 30, 1, 3
14, 71, 29, 100, 66, 76, 50, 35, 11, 7, 0, 15, 50, 8, 100, 0, 2
76, 81, 0, 82, 57, 42, 91, 0, 19, 17, 78, 57, 100, 100, 20, 84, 8
21, 100, 13, 70, 0, 38, 6, 17, 73, 20, 100, 28, 62, 32, 56, 0, 4
0, 42, 21, 66, 33, 91, 64, 100, 70, 74, 73, 49, 73, 23, 100, 0, 1
42, 81, 7, 65, 0, 20, 45, 0, 89, 32, 100, 76, 55, 100, 7, 73, 0
85, 100, 43, 76, 11, 48, 0, 17, 44, 0, 100, 10, 59, 20, 1, 10, 6
0, 95, 41, 100, 66, 67, 59, 22, 47, 0, 20, 37, 55, 48, 100, 51, 7
66, 88, 16, 70, 0, 23, 45, 0, 97, 28, 100, 74, 49, 100, 18, 66, 0
100, 100, 85, 97, 65, 65, 49, 33, 46, 0, 86, 10, 47, 24, 0, 19, 6
100, 100, 66, 86, 41, 58, 24, 29, 27, 0, 79, 2, 56, 21, 0, 26, 6
36, 79, 20, 100, 67, 81, 53, 43, 0, 20, 8, 25, 59, 0, 100, 17, 2
57, 100, 100, 100, 53, 91, 22, 66, 67, 48, 91, 20, 50, 0, 0, 8, 5
89, 100, 38, 85, 8, 54, 0, 20, 45, 0, 100, 12, 88, 40, 29, 39, 6
100, 89, 58, 100, 29, 72, 70, 75, 79, 49, 87, 8, 43, 0, 0, 8, 9
0, 100, 10, 86, 14, 67, 32, 50, 71, 51, 82, 37, 89, 18, 100, 0, 4
44, 83, 58, 67, 66, 100, 35, 78, 93, 79, 100, 33, 59, 0, 0, 28, 9
54, 100, 0, 78, 47, 62, 63, 20, 13, 0, 18, 49, 40, 95, 100, 95, 5
13, 72, 27, 98, 93, 100, 100, 75, 58, 54, 85, 37, 56, 14, 0, 0, 3
45, 100, 4, 91, 40, 77, 51, 76, 72, 49, 100, 22, 69, 0, 0, 3, 9
56, 100, 24, 73, 0, 37, 8, 2, 74, 5, 100, 36, 41, 34, 27, 0, 6
61, 97, 0, 88, 57, 60, 75, 16, 4, 0, 2, 49, 24, 98, 100, 100, 5
21, 100, 4, 74, 0, 30, 32, 0, 81, 20, 100, 59, 76, 96, 25, 90, 0
84, 100, 53, 78, 18, 50, 0, 20, 39, 0, 100, 14, 70, 37, 3, 34, 6
9, 100, 0, 77, 11, 51, 74, 53, 100, 72, 59, 50, 33, 25, 9, 0, 4
14, 73, 0, 27, 38, 0, 84, 10, 100, 55, 75, 96, 31, 100, 9, 60, 0
0, 53, 29, 73, 67, 94, 79, 100, 71, 71, 71, 41, 73, 13, 100, 0, 1
39, 100, 0, 61, 20, 14, 71, 0, 100, 37, 78, 88, 29, 100, 16, 49, 0
90, 100, 53, 75, 16, 45, 0, 35, 52, 35, 100, 44, 96, 41, 87, 0, 4
59, 55, 100, 80, 66, 100, 9, 89, 0, 63, 58, 55, 82, 33, 62, 0, 9
26, 100, 0, 70, 16, 41, 69, 42, 100, 70, 92, 63, 71, 31, 49, 0, 4
38, 100, 10, 67, 0, 28, 26, 0, 73, 13, 100, 45, 76, 77, 29, 88, 0
0, 100, 24, 98, 99, 100, 100, 90, 59, 70, 33, 47, 19, 23, 28, 0, 7
0, 83, 26, 100, 58, 92, 47, 58, 22, 31, 34, 4, 67, 0, 100, 0, 2
27, 96, 0, 59, 1, 10, 38, 0, 75, 20, 100, 59, 75, 97, 36, 100, 0
59, 60, 99, 88, 38, 100, 0, 73, 80, 74, 100, 58, 52, 29, 6, 0, 9
62, 100, 38, 71, 0, 46, 6, 41, 58, 33, 100, 52, 83, 34, 72, 0, 4
0, 18, 39, 59, 82, 100, 34, 100, 34, 62, 100, 36, 68, 0, 14, 19, 8
33, 92, 72, 100, 100, 88, 80, 69, 61, 49, 67, 27, 35, 12, 0, 0, 3
92, 76, 28, 67, 3, 100, 58, 98, 77, 61, 100, 24, 80, 0, 0, 8, 9
13, 100, 0, 98, 8, 57, 80, 54, 100, 66, 71, 95, 48, 48, 34, 0, 4
100, 100, 70, 87, 50, 73, 33, 58, 23, 43, 10, 29, 0, 15, 0, 0, 1
0, 94, 59, 100, 99, 76, 86, 37, 62, 0, 29, 14, 39, 35, 100, 35, 7
24, 77, 54, 100, 81, 83, 59, 52, 100, 36, 95, 10, 48, 0, 0, 5, 3
70, 91, 100, 100, 61, 86, 35, 60, 60, 50, 64, 21, 34, 0, 0, 15, 5
26, 95, 58, 100, 73, 74, 55, 47, 27, 23, 0, 0, 49, 2, 100, 2, 2
4, 73, 53, 91, 100, 100, 47, 88, 20, 41, 72, 36, 52, 1, 0, 0, 5
0, 87, 39, 100, 73, 81, 68, 38, 47, 0, 22, 35, 59, 52, 100, 64, 7
27, 95, 18, 56, 38, 23, 4, 0, 0, 51, 21, 91, 60, 100, 100, 99, 5
11, 77, 84, 63, 79, 100, 0, 83, 56, 67, 100, 56, 87, 7, 1, 0, 9
95, 88, 23, 100, 57, 62, 100, 24, 42, 0, 0, 31, 44, 69, 87, 97, 8
28, 75, 42, 100, 87, 95, 68, 61, 87, 42, 100, 10, 51, 0, 0, 12, 3
0, 100, 62, 97, 100, 76, 68, 46, 34, 17, 23, 0, 7, 33, 72, 36, 7
99, 81, 62, 100, 27, 81, 68, 59, 100, 63, 91, 21, 50, 0, 0, 7, 9
100, 100, 6, 98, 0, 81, 0, 65, 6, 48, 6, 32, 12, 16, 44, 0, 1
100, 100, 57, 100, 29, 77, 22, 54, 65, 53, 61, 16, 22, 0, 0, 9, 5
100, 100, 42, 83, 21, 56, 18, 27, 34, 0, 100, 0, 71, 18, 0, 7, 6
0, 96, 50, 100, 100, 94, 95, 60, 70, 27, 55, 0, 30, 25, 82, 23, 7
0, 63, 60, 78, 100, 100, 93, 91, 86, 67, 86, 41, 79, 16, 24, 0, 1
15, 77, 27, 100, 90, 87, 88, 59, 52, 33, 0, 12, 23, 0, 100, 2, 2
100, 100, 54, 99, 15, 80, 20, 47, 64, 56, 80, 24, 46, 0, 0, 2, 5
0, 42, 44, 64, 74, 87, 100, 100, 79, 75, 67, 50, 59, 25, 56, 0, 1
47, 80, 80, 97, 100, 100, 59, 89, 29, 63, 54, 33, 40, 4, 0, 0, 5
2, 78, 35, 100, 56, 78, 35, 40, 0, 11, 5, 4, 53, 2, 100, 0, 2
25, 85, 68, 51, 91, 13, 16, 0, 50, 33, 100, 65, 79, 100, 0, 89, 8
0, 85, 31, 100, 60, 91, 54, 51, 33, 18, 33, 0, 66, 3, 100, 6, 2
38, 100, 18, 88, 0, 61, 15, 37, 52, 35, 90, 38, 100, 26, 91, 0, 4
100, 100, 76, 97, 44, 70, 16, 40, 0, 6, 34, 0, 43, 31, 9, 32, 6
0, 67, 30, 79, 83, 98, 100, 100, 85, 75, 70, 50, 55, 25, 40, 0, 1
30, 78, 62, 100, 81, 77, 59, 46, 25, 19, 0, 11, 50, 5, 100, 0, 2
0, 88, 46, 100, 83, 78, 66, 39, 45, 0, 15, 15, 32, 37, 100, 38, 7
0, 88, 39, 100, 97, 87, 84, 47, 67, 7, 38, 0, 33, 26, 100, 35, 7
11, 61, 25, 100, 66, 96, 62, 55, 29, 23, 0, 0, 50, 0, 100, 1, 2
26, 93, 15, 77, 97, 45, 95, 1, 0, 0, 42, 45, 100, 88, 23, 100, 8
15, 91, 68, 100, 81, 82, 44, 56, 59, 39, 100, 20, 54, 1, 0, 0, 3
0, 86, 42, 100, 82, 78, 64, 36, 34, 0, 11, 22, 47, 36, 100, 41, 7
100, 100, 76, 78, 53, 57, 33, 35, 24, 12, 59, 0, 53, 19, 0, 21, 6
100, 71, 44, 70, 53, 100, 85, 86, 86, 51, 90, 16, 50, 0, 0, 19, 9
100, 100, 58, 83, 30, 56, 19, 25, 46, 0, 84, 16, 52, 40, 0, 46, 6
0, 65, 52, 78, 77, 100, 77, 89, 76, 66, 76, 43, 77, 19, 100, 0, 1
64, 100, 45, 87, 6, 58, 0, 23, 49, 0, 100, 21, 55, 43, 34, 22, 6
29, 100, 72, 80, 65, 52, 38, 25, 0, 0, 2, 22, 25, 47, 100, 49, 7
48, 89, 100, 100, 62, 92, 23, 66, 58, 55, 92, 36, 51, 13, 0, 0, 5
38, 99, 77, 100, 100, 78, 66, 59, 98, 35, 80, 9, 37, 0, 0, 9, 3
88, 100, 37, 88, 45, 60, 97, 79, 100, 78, 89, 40, 56, 8, 0, 0, 9
74, 100, 28, 89, 2, 59, 1, 26, 41, 0, 100, 10, 52, 26, 0, 6, 6
29, 100, 18, 97, 9, 62, 0, 31, 71, 35, 100, 54, 94, 35, 89, 0, 4
95, 100, 55, 78, 25, 51, 9, 23, 40, 0, 100, 15, 64, 34, 0, 23, 6
55, 100, 33, 72, 18, 44, 19, 15, 70, 0, 100, 20, 40, 23, 0, 1, 6
0, 78, 23, 91, 61, 97, 100, 100, 87, 75, 78, 50, 71, 24, 68, 0, 7
83, 100, 47, 77, 9, 51, 0, 43, 59, 44, 100, 58, 84, 32, 87, 0, 4
0, 71, 46, 84, 100, 100, 92, 83, 70, 62, 46, 41, 22, 21, 11, 0, 1
0, 77, 44, 85, 100, 100, 88, 84, 71, 63, 60, 41, 58, 20, 77, 0, 1
58, 100, 28, 75, 4, 43, 0, 9, 59, 0, 100, 24, 41, 34, 1, 9, 6
46, 100, 31, 86, 5, 56, 0, 24, 35, 0, 91, 1, 100, 28, 47, 32, 6
29, 100, 21, 58, 65, 40, 61, 0, 7, 12, 0, 58, 29, 94, 100, 97, 5
13, 57, 3, 18, 40, 0, 81, 28, 100, 66, 81, 100, 31, 85, 0, 54, 0
54, 71, 71, 100, 92, 77, 70, 40, 37, 10, 0, 0, 50, 7, 100, 9, 2
40, 92, 74, 99, 100, 100, 66, 92, 33, 80, 30, 39, 32, 0, 0, 0, 5
69, 100, 21, 76, 0, 36, 25, 0, 76, 21, 100, 60, 78, 97, 26, 80, 0
52, 85, 10, 62, 0, 20, 41, 0, 87, 22, 100, 62, 70, 96, 20, 100, 0
41, 89, 75, 99, 100, 100, 83, 79, 59, 59, 35, 39, 10, 19, 0, 0, 1
60, 100, 46, 57, 0, 23, 27, 14, 100, 14, 98, 57, 80, 43, 82, 0, 4
4, 92, 4, 62, 42, 32, 13, 0, 2, 34, 0, 72, 38, 100, 100, 97, 5
3, 83, 47, 67, 51, 25, 0, 0, 11, 37, 65, 69, 100, 100, 21, 92, 8
14, 73, 0, 51, 9, 12, 54, 0, 92, 27, 100, 67, 74, 100, 27, 95, 0
89, 75, 77, 100, 0, 83, 38, 56, 100, 81, 91, 50, 74, 12, 2, 0, 9
18, 76, 37, 100, 77, 79, 61, 39, 22, 10, 0, 24, 53, 19, 100, 0, 2
37, 100, 10, 81, 0, 56, 21, 35, 73, 41, 100, 44, 65, 24, 52, 0, 4
18, 82, 46, 100, 69, 73, 46, 42, 9, 16, 0, 1, 50, 3, 100, 0, 2
68, 93, 100, 100, 97, 76, 72, 57, 43, 38, 13, 21, 0, 1, 39, 0, 2
0, 79, 25, 50, 98, 25, 71, 0, 10, 16, 50, 47, 100, 76, 83, 100, 8
61, 100, 29, 76, 4, 52, 0, 28, 46, 8, 100, 29, 71, 23, 82, 0, 4
0, 82, 44, 100, 69, 81, 38, 54, 68, 46, 100, 20, 61, 0, 6, 6, 3
0, 53, 39, 62, 72, 80, 100, 100, 93, 77, 82, 51, 73, 25, 68, 0, 1
50, 65, 81, 100, 76, 77, 61, 31, 40, 0, 0, 11, 50, 10, 100, 13, 1
7, 82, 69, 100, 100, 73, 55, 37, 15, 0, 74, 0, 34, 38, 0, 72, 8
0, 75, 21, 55, 42, 22, 18, 0, 4, 35, 4, 72, 42, 96, 100, 100, 5
0, 38, 42, 60, 74, 100, 62, 61, 55, 17, 3, 1, 19, 0, 100, 5, 1
0, 78, 34, 96, 87, 100, 100, 82, 59, 63, 67, 39, 55, 15, 11, 0, 3
0, 75, 21, 100, 52, 81, 46, 44, 17, 18, 28, 24, 65, 12, 100, 0, 2
13, 77, 21, 58, 46, 25, 11, 0, 0, 42, 2, 88, 49, 98, 100, 100, 5
40, 100, 0, 75, 73, 40, 81, 0, 1, 9, 54, 51, 100, 93, 15, 98, 8
38, 77, 86, 97, 100, 100, 41, 92, 23, 56, 80, 44, 56, 12, 0, 0, 5
25, 100, 0, 66, 14, 33, 76, 29, 100, 47, 74, 82, 48, 42, 29, 0, 4
59, 43, 100, 79, 64, 100, 22, 66, 55, 28, 12, 0, 0, 27, 67, 56, 8
93, 100, 24, 77, 9, 56, 100, 53, 96, 80, 74, 73, 39, 36, 0, 0, 4
0, 96, 43, 100, 70, 70, 59, 29, 39, 0, 19, 39, 52, 45, 100, 44, 7
13, 100, 18, 72, 100, 85, 18, 95, 12, 75, 98, 67, 64, 30, 0, 0, 9
8, 83, 0, 96, 50, 99, 100, 100, 85, 79, 67, 53, 52, 26, 45, 0, 7
0, 78, 44, 100, 68, 85, 66, 46, 80, 8, 100, 0, 38, 2, 1, 7, 1
91, 70, 83, 100, 15, 98, 40, 70, 100, 72, 100, 37, 70, 7, 0, 0, 9
0, 85, 43, 100, 92, 79, 100, 45, 82, 13, 56, 0, 34, 31, 98, 39, 7
34, 100, 18, 68, 0, 35, 35, 29, 100, 29, 81, 60, 65, 32, 75, 0, 4
75, 67, 92, 100, 40, 95, 68, 70, 100, 70, 94, 29, 56, 0, 0, 0, 9
61, 85, 47, 100, 8, 70, 0, 34, 41, 7, 100, 11, 55, 24, 9, 0, 6
100, 100, 47, 91, 11, 59, 0, 22, 49, 4, 97, 25, 38, 29, 17, 0, 6
50, 100, 17, 76, 0, 49, 0, 22, 37, 0, 100, 6, 93, 29, 31, 20, 6
22, 67, 30, 100, 65, 72, 54, 31, 12, 5, 0, 12, 54, 0, 100, 13, 2
20, 62, 15, 17, 58, 0, 99, 20, 100, 65, 69, 100, 23, 98, 0, 60, 0
0, 60, 40, 79, 100, 100, 90, 86, 60, 64, 30, 42, 10, 21, 30, 0, 1
65, 100, 44, 76, 15, 53, 0, 28, 64, 19, 100, 42, 82, 25, 65, 0, 4
0, 36, 23, 56, 69, 78, 100, 100, 73, 75, 46, 50, 26, 25, 29, 0, 1
22, 62, 16, 24, 47, 0, 89, 14, 100, 52, 76, 86, 34, 100, 0, 78, 0
30, 82, 64, 100, 100, 84, 68, 62, 62, 47, 85, 23, 50, 3, 0, 0, 3
90, 100, 0, 86, 42, 44, 53, 0, 17, 15, 73, 56, 100, 99, 8, 99, 8
25, 72, 34, 100, 73, 91, 60, 50, 30, 16, 0, 9, 50, 9, 100, 0, 2
60, 73, 59, 100, 19, 73, 53, 36, 51, 0, 0, 20, 50, 52, 100, 80, 8
99, 81, 52, 58, 0, 50, 30, 82, 80, 100, 100, 70, 73, 34, 45, 0, 9
27, 84, 56, 100, 100, 90, 80, 65, 86, 36, 90, 5, 46, 0, 0, 4, 3
42, 81, 69, 100, 93, 85, 66, 60, 73, 41, 100, 20, 58, 0, 0, 4, 3
35, 91, 46, 100, 20, 65, 4, 29, 38, 0, 100, 20, 38, 37, 0, 8, 6
0, 57, 17, 77, 73, 97, 100, 100, 73, 75, 57, 50, 43, 25, 43, 0, 1
19, 76, 67, 68, 86, 100, 7, 83, 61, 61, 100, 57, 81, 16, 0, 0, 9
19, 55, 62, 76, 100, 100, 100, 98, 75, 73, 62, 49, 38, 24, 0, 0, 1
20, 73, 0, 43, 22, 0, 73, 12, 100, 54, 94, 100, 43, 96, 11, 58, 0
49, 100, 95, 93, 83, 52, 47, 21, 0, 6, 5, 28, 54, 20, 100, 0, 2
80, 100, 30, 86, 5, 55, 1, 21, 49, 0, 100, 22, 55, 35, 0, 15, 6
4, 55, 60, 77, 100, 100, 80, 92, 56, 70, 40, 46, 32, 23, 0, 0, 1
100, 82, 65, 100, 38, 78, 73, 63, 85, 54, 82, 18, 44, 0, 0, 3, 9
33, 79, 83, 99, 100, 100, 47, 84, 0, 62, 22, 38, 53, 14, 1, 0, 5
0, 89, 50, 100, 100, 89, 77, 53, 53, 16, 55, 0, 20, 29, 82, 39, 7
100, 100, 57, 87, 26, 58, 14, 26, 43, 0, 87, 13, 45, 28, 0, 10, 6
28, 100, 5, 80, 0, 53, 17, 29, 62, 31, 100, 46, 92, 27, 87, 0, 4
39, 100, 21, 77, 0, 47, 27, 37, 84, 36, 100, 60, 88, 29, 86, 0, 4
25, 94, 0, 52, 12, 7, 64, 0, 100, 36, 90, 80, 40, 100, 0, 71, 0
36, 100, 60, 100, 57, 68, 33, 41, 0, 20, 12, 8, 56, 6, 100, 0, 2
41, 80, 73, 100, 92, 76, 57, 50, 100, 40, 86, 9, 37, 0, 0, 23, 3
0, 100, 11, 91, 2, 60, 47, 47, 100, 62, 72, 57, 46, 29, 26, 0, 4
22, 99, 0, 50, 25, 3, 76, 0, 100, 47, 83, 100, 34, 99, 10, 52, 0
100, 100, 50, 81, 16, 54, 5, 25, 34, 0, 89, 14, 70, 41, 0, 49, 6
0, 61, 36, 72, 74, 91, 100, 100, 95, 73, 87, 46, 77, 19, 68, 0, 1
0, 90, 40, 100, 66, 78, 44, 48, 10, 24, 4, 0, 52, 0, 100, 2, 2
0, 86, 35, 67, 98, 33, 81, 0, 24, 22, 74, 60, 100, 100, 15, 99, 8
0, 48, 42, 71, 64, 100, 56, 56, 54, 13, 33, 0, 42, 3, 100, 3, 1
0, 45, 53, 36, 62, 0, 7, 6, 52, 38, 100, 70, 71, 100, 11, 84, 8
100, 100, 53, 81, 16, 56, 0, 25, 33, 0, 89, 3, 72, 19, 19, 9, 6
100, 100, 51, 81, 16, 56, 3, 27, 24, 0, 79, 3, 58, 29, 0, 38, 6
26, 93, 0, 54, 16, 2, 62, 0, 100, 34, 85, 86, 40, 100, 6, 65, 0
11, 100, 17, 71, 73, 37, 100, 0, 9, 11, 27, 48, 92, 79, 0, 95, 8
71, 100, 22, 89, 48, 69, 51, 80, 75, 47, 100, 16, 57, 0, 0, 7, 9
11, 82, 51, 100, 93, 89, 65, 66, 73, 51, 100, 32, 53, 14, 0, 0, 3
70, 89, 34, 67, 71, 37, 51, 2, 0, 0, 23, 45, 49, 88, 100, 100, 5
42, 84, 70, 100, 100, 87, 69, 65, 55, 43, 86, 23, 51, 5, 0, 0, 3
85, 100, 38, 80, 13, 48, 11, 14, 58, 0, 100, 22, 58, 43, 0, 42, 6
36, 100, 7, 79, 0, 45, 37, 20, 83, 32, 100, 66, 83, 34, 77, 0, 4
100, 100, 56, 88, 64, 67, 91, 96, 93, 60, 79, 24, 43, 0, 0, 11, 9
0, 80, 58, 100, 100, 81, 62, 44, 26, 5, 30, 0, 8, 35, 75, 34, 7
100, 100, 46, 80, 11, 53, 0, 23, 39, 0, 100, 12, 73, 33, 7, 25, 6
0, 86, 22, 100, 58, 82, 38, 40, 16, 0, 5, 44, 51, 56, 100, 63, 7
33, 74, 4, 93, 73, 100, 55, 72, 38, 50, 100, 35, 73, 8, 0, 0, 3
45, 87, 84, 100, 66, 67, 79, 64, 100, 33, 80, 0, 36, 0, 0, 25, 3
47, 100, 15, 78, 0, 50, 40, 29, 100, 35, 91, 54, 74, 26, 64, 0, 4
29, 88, 90, 100, 69, 95, 12, 74, 35, 58, 100, 47, 64, 17, 0, 0, 5
100, 63, 39, 53, 0, 66, 36, 93, 82, 100, 89, 67, 88, 33, 91, 0, 9
0, 95, 48, 100, 92, 85, 55, 61, 78, 34, 100, 5, 48, 0, 3, 15, 3
13, 100, 0, 72, 13, 41, 69, 42, 100, 55, 68, 77, 43, 39, 23, 0, 4
45, 71, 63, 100, 20, 78, 44, 39, 51, 0, 0, 11, 40, 40, 100, 52, 8
0, 81, 30, 100, 78, 93, 62, 65, 28, 42, 7, 14, 48, 1, 100, 0, 2
7, 91, 6, 50, 71, 40, 74, 0, 12, 13, 0, 56, 16, 94, 100, 100, 5
0, 82, 42, 100, 77, 82, 62, 41, 47, 0, 15, 26, 50, 36, 100, 30, 7
35, 84, 63, 100, 92, 81, 65, 54, 32, 30, 0, 6, 48, 1, 100, 0, 2
100, 79, 52, 100, 0, 78, 25, 50, 83, 68, 99, 77, 83, 38, 62, 0, 9
0, 82, 33, 100, 61, 87, 49, 50, 24, 18, 24, 0, 68, 0, 100, 8, 2
26, 83, 18, 45, 40, 0, 89, 6, 100, 54, 71, 94, 21, 100, 0, 57, 0
85, 100, 49, 87, 12, 57, 0, 22, 45, 0, 100, 15, 78, 47, 18, 59, 6
3, 95, 0, 47, 13, 2, 60, 0, 98, 28, 100, 74, 62, 100, 18, 92, 0
78, 96, 9, 75, 100, 66, 82, 100, 17, 54, 0, 0, 81, 18, 24, 61, 8
100, 89, 49, 73, 0, 65, 41, 93, 94, 100, 78, 64, 45, 33, 23, 0, 9
20, 77, 0, 44, 25, 0, 77, 9, 100, 54, 76, 100, 26, 100, 8, 53, 0
91, 100, 42, 86, 0, 11, 52, 0, 100, 70, 39, 77, 76, 71, 21, 7, 0
0, 81, 29, 100, 61, 87, 56, 49, 34, 17, 35, 0, 69, 2, 100, 5, 2
18, 59, 9, 22, 51, 0, 96, 21, 100, 63, 72, 100, 22, 93, 0, 55, 0
10, 81, 61, 100, 100, 76, 64, 38, 35, 0, 83, 10, 51, 48, 0, 76, 8
81, 100, 32, 82, 6, 55, 0, 27, 23, 0, 100, 0, 97, 25, 16, 18, 6
49, 100, 0, 70, 24, 56, 100, 65, 86, 85, 44, 77, 21, 38, 6, 0, 4
88, 92, 2, 99, 16, 66, 94, 37, 70, 0, 0, 24, 42, 65, 100, 100, 8
58, 64, 100, 96, 27, 100, 0, 63, 79, 65, 91, 72, 48, 36, 10, 0, 9
5, 65, 0, 89, 37, 100, 88, 97, 100, 79, 71, 53, 48, 26, 59, 0, 7
33, 86, 0, 55, 1, 12, 52, 0, 90, 34, 100, 76, 56, 100, 6, 77, 0
19, 100, 35, 93, 0, 63, 12, 36, 89, 37, 100, 66, 94, 33, 89, 0, 4
0, 94, 68, 100, 89, 68, 72, 33, 43, 0, 3, 21, 25, 50, 100, 58, 7
82, 100, 8, 92, 45, 60, 100, 29, 52, 0, 0, 24, 21, 61, 53, 98, 8
100, 89, 34, 100, 0, 75, 76, 78, 83, 62, 90, 35, 85, 8, 5, 0, 9
0, 67, 25, 100, 49, 73, 36, 33, 6, 0, 1, 6, 53, 3, 100, 11, 2
0, 95, 39, 100, 67, 73, 53, 30, 40, 0, 21, 40, 53, 45, 100, 40, 7
32, 75, 59, 100, 88, 84, 72, 54, 100, 38, 89, 10, 39, 0, 0, 19, 3
12, 100, 10, 90, 0, 56, 58, 43, 100, 65, 97, 70, 91, 35, 90, 0, 4
37, 67, 84, 100, 51, 80, 24, 41, 32, 0, 100, 4, 69, 28, 0, 13, 6
10, 61, 35, 100, 69, 88, 41, 46, 0, 13, 10, 28, 53, 0, 100, 23, 2
0, 69, 47, 81, 88, 100, 100, 91, 91, 68, 76, 45, 71, 22, 68, 0, 1
100, 93, 38, 100, 21, 67, 85, 34, 62, 0, 0, 20, 50, 57, 88, 93, 8
95, 75, 42, 100, 14, 74, 80, 39, 73, 0, 0, 20, 47, 59, 100, 84, 8
57, 93, 18, 71, 0, 34, 19, 0, 64, 4, 96, 34, 100, 73, 69, 100, 0
79, 89, 100, 100, 79, 83, 57, 67, 36, 50, 18, 34, 7, 17, 0, 0, 1
11, 64, 23, 100, 52, 84, 34, 45, 5, 10, 0, 0, 50, 3, 100, 5, 2
0, 89, 58, 100, 88, 87, 60, 44, 32, 0, 22, 3, 39, 33, 100, 40, 7
30, 73, 81, 71, 82, 100, 33, 91, 81, 68, 100, 35, 55, 9, 0, 0, 9
0, 86, 42, 100, 84, 84, 83, 42, 78, 0, 45, 15, 49, 41, 100, 48, 7
0, 91, 25, 63, 86, 33, 75, 0, 14, 11, 53, 43, 100, 75, 75, 100, 8
0, 67, 44, 80, 88, 100, 100, 88, 88, 66, 69, 44, 50, 22, 50, 0, 1
78, 75, 51, 100, 8, 75, 47, 58, 85, 60, 100, 20, 64, 0, 0, 1, 9
12, 98, 56, 100, 54, 67, 33, 33, 10, 0, 0, 34, 39, 44, 100, 44, 7
0, 51, 25, 69, 65, 88, 100, 100, 82, 76, 65, 50, 55, 26, 51, 0, 1
70, 96, 26, 100, 3, 64, 0, 24, 40, 0, 88, 14, 100, 52, 86, 92, 0
0, 70, 32, 100, 87, 94, 99, 54, 92, 13, 55, 0, 42, 20, 100, 27, 7
27, 76, 41, 100, 100, 94, 79, 66, 86, 45, 94, 16, 39, 0, 0, 10, 3
41, 100, 3, 64, 0, 13, 50, 0, 95, 31, 100, 80, 50, 87, 22, 44, 0
100, 100, 62, 80, 32, 59, 11, 38, 0, 16, 35, 0, 78, 17, 24, 8, 6
100, 100, 72, 86, 52, 71, 34, 57, 17, 43, 7, 29, 0, 14, 0, 0, 1
91, 92, 26, 100, 14, 61, 79, 63, 91, 77, 100, 35, 69, 0, 0, 18, 9
6, 65, 0, 92, 48, 100, 100, 97, 74, 73, 47, 49, 25, 24, 32, 0, 7
43, 84, 74, 100, 100, 87, 70, 64, 94, 38, 78, 11, 39, 0, 0, 1, 3
72, 100, 28, 80, 53, 47, 84, 15, 30, 0, 0, 23, 49, 50, 100, 76, 8
72, 89, 88, 80, 71, 100, 72, 85, 100, 57, 87, 18, 41, 0, 0, 21, 9
24, 64, 38, 100, 68, 92, 48, 56, 17, 25, 0, 5, 51, 0, 100, 9, 2
4, 57, 39, 95, 49, 100, 51, 47, 24, 8, 0, 0, 53, 2, 100, 5, 1
32, 90, 21, 41, 46, 0, 91, 17, 100, 66, 64, 100, 15, 88, 0, 42, 0
100, 100, 48, 81, 14, 53, 0, 24, 35, 0, 97, 12, 43, 29, 4, 16, 6
35, 100, 2, 66, 0, 21, 41, 0, 87, 9, 100, 51, 69, 85, 23, 89, 0
80, 100, 22, 76, 58, 36, 100, 0, 0, 7, 12, 38, 96, 65, 44, 91, 8
17, 98, 77, 100, 85, 66, 68, 32, 42, 0, 0, 26, 38, 50, 100, 60, 7
58, 100, 0, 84, 75, 60, 100, 24, 35, 0, 6, 32, 45, 68, 30, 98, 8
43, 72, 0, 89, 46, 100, 67, 76, 49, 47, 26, 19, 46, 0, 100, 3, 2
0, 77, 18, 100, 23, 90, 25, 57, 26, 25, 2, 0, 13, 4, 100, 8, 1
0, 82, 22, 100, 50, 91, 48, 66, 38, 42, 33, 18, 55, 1, 100, 0, 2
14, 55, 43, 100, 46, 92, 41, 36, 9, 0, 0, 2, 50, 0, 100, 1, 1
50, 70, 60, 100, 100, 97, 91, 61, 88, 47, 83, 15, 43, 0, 0, 7, 3
36, 93, 12, 61, 87, 55, 79, 16, 11, 0, 0, 48, 25, 92, 100, 100, 5
61, 100, 23, 76, 0, 38, 15, 0, 75, 11, 100, 48, 73, 85, 14, 91, 0
24, 78, 43, 100, 54, 75, 30, 43, 0, 16, 27, 4, 66, 0, 100, 22, 2
0, 59, 46, 76, 91, 100, 82, 66, 71, 34, 65, 0, 33, 8, 100, 10, 1
40, 100, 0, 86, 7, 63, 100, 63, 68, 90, 46, 80, 52, 39, 40, 0, 4
0, 84, 48, 100, 83, 79, 69, 38, 47, 0, 14, 19, 46, 40, 100, 46, 7
0, 71, 7, 96, 53, 100, 100, 94, 78, 70, 52, 47, 29, 24, 14, 0, 7
100, 100, 74, 96, 45, 68, 28, 35, 32, 0, 63, 12, 38, 37, 0, 31, 6
13, 80, 43, 100, 74, 88, 64, 56, 100, 36, 78, 8, 36, 0, 0, 19, 3
24, 83, 62, 100, 86, 81, 59, 55, 89, 39, 100, 16, 52, 0, 0, 9, 3
25, 68, 68, 43, 61, 0, 4, 9, 42, 48, 100, 82, 68, 100, 0, 74, 8
0, 33, 35, 48, 64, 74, 92, 100, 100, 97, 80, 65, 60, 33, 43, 0, 1
14, 69, 34, 100, 50, 74, 29, 36, 0, 21, 36, 23, 68, 0, 100, 14, 2
100, 90, 53, 100, 37, 61, 91, 65, 99, 84, 97, 41, 62, 7, 0, 0, 9
54, 88, 85, 100, 100, 82, 70, 60, 91, 37, 86, 11, 43, 0, 0, 14, 3
0, 82, 58, 99, 70, 100, 61, 62, 59, 24, 24, 2, 14, 0, 100, 3, 1
31, 96, 100, 100, 56, 96, 30, 72, 61, 60, 99, 33, 56, 0, 0, 15, 5
89, 73, 61, 100, 22, 71, 68, 37, 76, 0, 0, 0, 40, 34, 100, 64, 8
13, 84, 0, 67, 21, 100, 85, 100, 100, 88, 75, 52, 60, 14, 56, 0, 7
41, 77, 70, 100, 100, 78, 67, 50, 76, 38, 93, 11, 44, 0, 0, 5, 3
0, 85, 41, 100, 70, 82, 54, 53, 100, 49, 90, 21, 51, 2, 5, 0, 3
28, 93, 31, 53, 54, 15, 0, 0, 11, 36, 61, 67, 100, 100, 30, 98, 8
49, 100, 0, 79, 9, 49, 100, 50, 86, 78, 49, 86, 44, 43, 48, 0, 4
59, 100, 24, 90, 0, 58, 97, 49, 100, 78, 82, 78, 65, 38, 53, 0, 4
78, 69, 87, 100, 0, 90, 16, 63, 100, 80, 87, 63, 50, 31, 28, 0, 9
100, 100, 48, 88, 14, 59, 0, 28, 27, 0, 92, 8, 69, 29, 2, 18, 6
31, 81, 1, 43, 13, 1, 68, 0, 100, 36, 96, 79, 48, 100, 0, 80, 0
19, 74, 73, 100, 44, 79, 0, 47, 53, 32, 100, 53, 53, 38, 41, 0, 4
22, 68, 98, 38, 91, 0, 0, 2, 36, 41, 100, 76, 98, 100, 24, 73, 8
0, 84, 36, 100, 53, 79, 28, 50, 7, 22, 27, 0, 76, 5, 100, 14, 2
0, 80, 38, 100, 50, 70, 30, 37, 0, 8, 3, 3, 52, 5, 100, 0, 2
0, 78, 28, 100, 59, 91, 44, 58, 22, 28, 25, 1, 63, 0, 100, 2, 2
11, 82, 0, 40, 15, 0, 71, 11, 100, 47, 96, 88, 42, 100, 7, 67, 0
0, 68, 20, 98, 72, 100, 68, 68, 38, 38, 7, 10, 45, 0, 100, 3, 2
13, 85, 21, 100, 57, 83, 44, 58, 71, 38, 100, 17, 57, 2, 0, 0, 3
59, 100, 20, 82, 0, 49, 59, 35, 100, 58, 91, 64, 60, 32, 35, 0, 4
41, 67, 100, 96, 9, 100, 0, 66, 88, 79, 96, 74, 62, 37, 42, 0, 9
100, 100, 52, 98, 19, 69, 0, 34, 10, 0, 58, 8, 54, 41, 16, 29, 6
74, 92, 30, 100, 0, 65, 2, 25, 44, 0, 94, 20, 100, 60, 79, 98, 0
49, 100, 28, 74, 0, 47, 5, 34, 62, 39, 100, 56, 79, 28, 72, 0, 4
0, 85, 20, 100, 47, 85, 33, 53, 12, 23, 27, 0, 64, 2, 100, 9, 2
47, 100, 5, 78, 0, 46, 74, 47, 100, 79, 74, 64, 38, 32, 3, 0, 4
0, 85, 24, 100, 49, 90, 38, 56, 24, 24, 37, 0, 69, 4, 100, 14, 2
100, 79, 30, 100, 18, 66, 79, 27, 21, 0, 0, 35, 87, 65, 67, 92, 8
18, 82, 6, 46, 56, 39, 36, 0, 0, 5, 11, 63, 49, 95, 100, 100, 5
66, 100, 38, 100, 0, 71, 2, 44, 64, 36, 98, 61, 94, 34, 100, 0, 4
45, 100, 0, 74, 8, 48, 100, 45, 76, 72, 63, 64, 47, 31, 28, 0, 4
31, 76, 52, 64, 76, 26, 13, 0, 0, 35, 53, 69, 100, 100, 16, 88, 8
88, 100, 39, 100, 67, 59, 77, 17, 5, 0, 0, 31, 60, 61, 100, 94, 8
55, 75, 33, 100, 0, 77, 46, 69, 85, 74, 100, 40, 85, 10, 35, 0, 9
86, 86, 10, 100, 12, 67, 84, 40, 71, 0, 0, 18, 35, 58, 100, 89, 8
95, 67, 69, 100, 26, 94, 0, 51, 11, 7, 60, 0, 100, 28, 94, 75, 0
72, 100, 23, 84, 64, 44, 64, 0, 0, 11, 41, 49, 100, 80, 58, 99, 8
12, 60, 24, 100, 58, 90, 37, 47, 0, 14, 1, 0, 51, 0, 100, 15, 2
0, 95, 45, 100, 92, 99, 70, 63, 52, 25, 38, 0, 51, 33, 100, 37, 7
44, 89, 85, 100, 88, 75, 64, 56, 100, 41, 82, 12, 41, 0, 0, 14, 3
10, 100, 0, 58, 10, 17, 60, 0, 100, 32, 94, 73, 46, 97, 0, 74, 0
16, 76, 71, 94, 100, 100, 43, 83, 45, 52, 93, 28, 66, 2, 0, 0, 5
68, 100, 23, 80, 0, 40, 19, 0, 70, 5, 100, 42, 100, 86, 57, 93, 0
81, 100, 3, 89, 0, 68, 86, 83, 100, 65, 100, 37, 95, 9, 0, 0, 9
26, 80, 42, 100, 46, 71, 26, 39, 0, 11, 34, 2, 69, 0, 100, 22, 2
25, 100, 75, 99, 78, 57, 63, 13, 42, 0, 0, 29, 47, 41, 100, 36, 7
100, 100, 60, 93, 22, 70, 0, 35, 14, 0, 60, 6, 65, 38, 21, 49, 6
100, 100, 89, 91, 68, 76, 53, 61, 32, 46, 21, 30, 11, 15, 0, 0, 1
0, 91, 35, 100, 100, 97, 74, 65, 38, 32, 23, 0, 2, 34, 59, 38, 7
100, 100, 91, 90, 76, 75, 62, 60, 44, 45, 29, 30, 15, 15, 0, 0, 1
33, 80, 24, 99, 82, 100, 82, 77, 84, 53, 100, 30, 67, 9, 0, 0, 3
13, 63, 34, 98, 45, 100, 44, 61, 37, 24, 0, 0, 48, 5, 100, 7, 1
0, 75, 20, 100, 49, 94, 42, 58, 28, 25, 38, 0, 70, 4, 100, 12, 2
0, 81, 46, 100, 97, 83, 100, 44, 77, 7, 38, 0, 33, 24, 94, 31, 7
48, 52, 100, 77, 45, 100, 4, 70, 63, 53, 81, 53, 62, 12, 0, 0, 9
27, 94, 15, 45, 36, 0, 82, 7, 100, 52, 81, 98, 32, 100, 0, 62, 0
100, 100, 77, 76, 49, 53, 26, 30, 20, 6, 77, 0, 51, 17, 0, 10, 6
98, 100, 34, 77, 0, 37, 20, 0, 89, 0, 100, 37, 36, 51, 6, 49, 6
0, 15, 32, 39, 66, 68, 96, 99, 100, 100, 81, 67, 65, 34, 52, 0, 1
26, 98, 14, 82, 0, 37, 32, 0, 91, 14, 100, 59, 71, 100, 25, 99, 0
0, 75, 46, 58, 67, 22, 21, 0, 29, 36, 74, 67, 100, 100, 36, 86, 8
0, 94, 41, 100, 64, 78, 49, 39, 38, 0, 23, 38, 48, 58, 100, 56, 7
16, 74, 0, 50, 25, 0, 76, 3, 100, 52, 74, 99, 21, 100, 0, 51, 0
24, 64, 42, 100, 42, 92, 42, 52, 42, 13, 0, 2, 46, 1, 100, 0, 1
0, 94, 70, 100, 83, 85, 67, 43, 56, 0, 35, 9, 33, 29, 100, 34, 7
89, 100, 52, 79, 19, 51, 0, 27, 59, 39, 100, 62, 82, 31, 63, 0, 4
94, 100, 73, 92, 59, 66, 99, 93, 100, 82, 89, 44, 50, 16, 0, 0, 9
0, 100, 17, 94, 71, 87, 51, 49, 32, 11, 8, 0, 24, 22, 100, 35, 7
100, 97, 26, 100, 66, 60, 89, 18, 8, 0, 0, 31, 62, 65, 77, 98, 8
0, 86, 46, 100, 88, 77, 78, 36, 51, 0, 11, 26, 45, 37, 100, 42, 7
16, 81, 48, 100, 75, 80, 36, 62, 89, 49, 100, 19, 53, 0, 0, 3, 3
8, 94, 71, 100, 39, 96, 6, 71, 60, 71, 100, 35, 55, 0, 0, 16, 5
100, 100, 67, 84, 34, 62, 10, 38, 0, 11, 42, 0, 32, 24, 1, 20, 6
38, 96, 40, 57, 61, 16, 5, 0, 0, 36, 50, 68, 100, 100, 56, 96, 8
93, 77, 49, 100, 19, 73, 72, 68, 90, 63, 100, 20, 58, 0, 0, 10, 9
100, 82, 29, 97, 14, 62, 60, 22, 0, 0, 27, 39, 99, 72, 77, 100, 8
16, 100, 10, 57, 64, 35, 25, 0, 0, 31, 5, 80, 39, 96, 100, 94, 5
91, 100, 48, 99, 60, 83, 100, 84, 99, 47, 87, 13, 44, 0, 0, 2, 9
0, 79, 33, 100, 63, 82, 44, 49, 14, 22, 19, 1, 59, 1, 100, 0, 2
21, 74, 43, 100, 52, 64, 32, 28, 0, 6, 22, 3, 61, 0, 100, 1, 2
77, 100, 30, 79, 0, 40, 11, 0, 64, 8, 100, 42, 98, 85, 46, 95, 0
0, 78, 19, 95, 58, 100, 92, 89, 100, 67, 92, 44, 81, 21, 67, 0, 9
100, 100, 65, 89, 35, 63, 9, 34, 0, 2, 44, 0, 55, 25, 7, 19, 6
36, 100, 31, 82, 0, 50, 20, 26, 85, 39, 100, 63, 69, 32, 43, 0, 4
100, 100, 73, 76, 37, 49, 0, 25, 51, 28, 90, 40, 85, 28, 88, 0, 4
95, 100, 50, 78, 0, 57, 12, 37, 90, 43, 100, 48, 68, 25, 55, 0, 4
40, 89, 28, 61, 58, 28, 23, 0, 0, 24, 6, 63, 45, 92, 100, 100, 5
11, 75, 26, 100, 46, 81, 28, 46, 0, 17, 21, 19, 59, 0, 100, 11, 2
84, 100, 52, 90, 13, 57, 2, 19, 58, 0, 100, 25, 46, 44, 0, 19, 6
67, 92, 0, 93, 16, 57, 100, 29, 78, 0, 14, 25, 43, 64, 67, 100, 8
19, 72, 42, 99, 100, 100, 88, 71, 57, 53, 79, 23, 42, 0, 0, 15, 3
4, 67, 0, 35, 17, 0, 61, 12, 93, 43, 100, 83, 61, 100, 21, 83, 0
80, 98, 100, 92, 64, 100, 76, 76, 93, 65, 85, 18, 44, 0, 0, 15, 9
38, 100, 28, 70, 0, 41, 36, 40, 100, 38, 87, 61, 89, 28, 93, 0, 4
0, 69, 37, 96, 100, 100, 100, 65, 68, 34, 20, 9, 32, 0, 97, 1, 2
27, 72, 56, 100, 60, 66, 35, 26, 0, 12, 32, 16, 69, 0, 100, 10, 2
50, 100, 13, 80, 76, 54, 100, 16, 40, 0, 37, 42, 53, 84, 0, 98, 8
0, 57, 50, 74, 82, 97, 100, 100, 89, 75, 75, 50, 64, 25, 61, 0, 1
60, 100, 36, 85, 7, 54, 4, 20, 52, 0, 100, 18, 54, 38, 0, 23, 6
90, 72, 64, 100, 24, 72, 75, 57, 94, 75, 100, 30, 61, 0, 0, 2, 9
41, 90, 11, 65, 0, 23, 33, 0, 77, 23, 100, 60, 88, 100, 41, 96, 0
100, 100, 60, 100, 36, 91, 34, 62, 68, 56, 70, 33, 38, 14, 0, 0, 5
0, 85, 51, 100, 81, 71, 76, 35, 58, 0, 31, 25, 35, 55, 100, 61, 7
13, 87, 5, 54, 40, 24, 6, 0, 3, 38, 0, 77, 44, 95, 100, 100, 5
34, 100, 17, 85, 0, 38, 27, 0, 82, 9, 100, 53, 60, 87, 5, 89, 0
6, 78, 53, 100, 61, 70, 55, 54, 100, 35, 82, 3, 21, 0, 0, 26, 3
36, 84, 66, 100, 91, 75, 79, 46, 100, 27, 70, 4, 22, 0, 0, 25, 3
77, 87, 98, 82, 78, 100, 52, 67, 97, 65, 100, 23, 49, 0, 0, 16, 9
62, 100, 12, 72, 0, 43, 100, 45, 89, 69, 53, 88, 54, 43, 52, 0, 4
33, 100, 14, 97, 0, 80, 9, 61, 39, 48, 74, 36, 92, 18, 100, 0, 4
0, 74, 51, 63, 100, 96, 34, 100, 15, 69, 88, 83, 82, 45, 65, 0, 9
19, 99, 90, 100, 57, 94, 12, 73, 52, 60, 100, 35, 66, 0, 0, 5, 5
53, 100, 27, 65, 97, 33, 82, 0, 27, 20, 70, 58, 100, 97, 0, 91, 8
0, 83, 55, 100, 100, 79, 94, 38, 69, 0, 40, 7, 32, 48, 91, 57, 7
9, 83, 66, 72, 95, 100, 0, 91, 44, 74, 100, 73, 82, 37, 78, 0, 9
0, 46, 3, 4, 43, 0, 78, 24, 100, 57, 92, 96, 51, 100, 17, 78, 0
6, 100, 32, 98, 66, 71, 62, 34, 41, 0, 0, 27, 39, 41, 100, 46, 7
100, 97, 23, 100, 14, 67, 65, 34, 43, 0, 0, 26, 39, 62, 93, 96, 8
1, 90, 42, 100, 76, 89, 59, 61, 100, 44, 100, 18, 55, 2, 0, 0, 3
100, 100, 81, 89, 67, 74, 48, 59, 33, 45, 22, 30, 7, 15, 0, 0, 1
38, 85, 60, 100, 58, 72, 33, 45, 0, 24, 15, 10, 58, 0, 100, 10, 2
0, 96, 54, 100, 99, 80, 86, 42, 67, 6, 34, 0, 36, 25, 100, 36, 7
24, 96, 91, 100, 100, 95, 32, 92, 25, 62, 87, 51, 62, 0, 0, 6, 5
15, 84, 0, 64, 18, 97, 78, 98, 100, 100, 79, 65, 68, 29, 65, 0, 7
0, 100, 38, 98, 48, 59, 38, 19, 24, 0, 18, 39, 58, 45, 100, 46, 7
0, 96, 42, 100, 62, 62, 56, 19, 39, 0, 11, 36, 51, 52, 100, 57, 7
58, 85, 100, 100, 65, 96, 24, 70, 23, 55, 70, 48, 49, 13, 0, 0, 5
0, 67, 27, 77, 67, 93, 100, 100, 92, 75, 85, 50, 79, 25, 75, 0, 1
100, 100, 57, 98, 18, 90, 0, 62, 22, 55, 57, 40, 42, 12, 4, 0, 5
15, 85, 9, 47, 70, 44, 54, 0, 9, 12, 0, 68, 37, 97, 100, 100, 5
0, 90, 32, 100, 66, 77, 45, 39, 26, 0, 1, 20, 45, 34, 100, 39, 7
100, 71, 72, 100, 34, 78, 84, 71, 98, 71, 91, 29, 48, 2, 0, 0, 9
86, 93, 100, 100, 64, 84, 39, 67, 22, 51, 8, 34, 0, 17, 0, 0, 1
0, 86, 47, 100, 100, 91, 68, 72, 58, 51, 74, 31, 76, 10, 11, 0, 3
60, 100, 27, 82, 0, 58, 49, 46, 86, 55, 86, 63, 87, 31, 100, 0, 4
57, 100, 23, 74, 2, 45, 0, 16, 47, 0, 100, 13, 72, 34, 16, 23, 6
0, 53, 39, 81, 46, 100, 48, 66, 47, 31, 24, 0, 36, 5, 100, 7, 1
15, 79, 0, 65, 17, 100, 71, 99, 100, 96, 77, 60, 58, 24, 47, 0, 7
69, 95, 74, 65, 93, 100, 44, 86, 97, 75, 100, 30, 56, 0, 0, 15, 9
90, 100, 46, 78, 20, 50, 17, 19, 59, 0, 100, 17, 48, 27, 0, 16, 6
100, 100, 63, 85, 33, 62, 8, 37, 0, 7, 39, 0, 60, 25, 25, 41, 6
39, 57, 100, 90, 29, 100, 37, 64, 95, 92, 95, 49, 82, 3, 0, 0, 9
43, 100, 0, 74, 15, 46, 100, 43, 95, 69, 72, 74, 67, 37, 64, 0, 4
50, 80, 76, 100, 93, 83, 78, 62, 100, 38, 82, 12, 42, 0, 0, 9, 3
55, 92, 95, 81, 87, 100, 57, 85, 100, 69, 85, 38, 46, 16, 0, 0, 9
100, 94, 80, 100, 47, 94, 37, 66, 60, 56, 66, 36, 34, 16, 0, 0, 5
100, 95, 70, 100, 38, 84, 35, 56, 74, 47, 78, 17, 40, 2, 0, 0, 5
0, 92, 35, 100, 65, 86, 44, 56, 15, 30, 18, 2, 60, 0, 100, 5, 2
0, 84, 32, 66, 88, 88, 25, 100, 29, 79, 100, 67, 89, 34, 83, 0, 9
22, 96, 53, 100, 59, 66, 43, 32, 22, 0, 0, 33, 49, 40, 100, 42, 7
100, 100, 52, 83, 8, 54, 0, 14, 57, 0, 100, 27, 58, 50, 8, 43, 6
0, 68, 26, 100, 69, 94, 62, 52, 31, 19, 18, 18, 60, 0, 100, 8, 2
0, 99, 57, 100, 88, 70, 80, 33, 52, 0, 3, 3, 40, 24, 100, 27, 7
22, 92, 17, 53, 63, 30, 27, 0, 0, 17, 14, 64, 46, 98, 100, 100, 5
87, 100, 43, 78, 13, 52, 0, 24, 31, 0, 91, 10, 100, 37, 41, 41, 6
69, 91, 100, 100, 54, 83, 25, 54, 73, 62, 88, 31, 57, 4, 0, 0, 5
28, 100, 24, 57, 49, 24, 31, 0, 0, 25, 24, 60, 59, 83, 100, 90, 5
21, 64, 50, 100, 52, 98, 52, 57, 52, 17, 0, 0, 31, 2, 100, 0, 1
58, 100, 30, 90, 0, 63, 37, 46, 90, 38, 100, 56, 80, 27, 70, 0, 4
0, 42, 32, 61, 65, 81, 100, 100, 92, 76, 74, 51, 56, 25, 40, 0, 1
38, 71, 48, 95, 100, 100, 87, 72, 83, 48, 92, 20, 49, 0, 0, 0, 3
0, 44, 33, 59, 66, 80, 100, 100, 96, 82, 77, 54, 59, 28, 44, 0, 1
6, 100, 54, 99, 66, 59, 48, 18, 25, 0, 0, 38, 49, 43, 100, 42, 7
0, 88, 49, 100, 98, 83, 75, 41, 45, 1, 63, 0, 100, 27, 37, 30, 7
16, 67, 32, 100, 52, 78, 35, 38, 0, 11, 14, 19, 56, 0, 100, 8, 2
60, 100, 24, 75, 2, 47, 0, 18, 45, 0, 100, 10, 67, 34, 11, 46, 6
73, 85, 93, 77, 73, 100, 53, 70, 100, 64, 97, 21, 48, 0, 0, 24, 9
45, 100, 7, 61, 0, 10, 60, 0, 100, 43, 96, 93, 38, 96, 15, 48, 0
100, 100, 71, 89, 39, 64, 15, 35, 11, 0, 50, 1, 40, 30, 0, 27, 6
12, 68, 25, 100, 48, 79, 32, 46, 0, 22, 20, 16, 57, 0, 100, 5, 2
32, 84, 65, 100, 76, 75, 66, 46, 100, 30, 79, 7, 40, 0, 0, 3, 3
53, 96, 91, 100, 41, 87, 47, 64, 92, 47, 100, 22, 55, 4, 0, 0, 5
23, 100, 0, 71, 18, 44, 72, 46, 100, 70, 76, 60, 56, 31, 55, 0, 4
0, 66, 27, 100, 100, 92, 99, 51, 55, 15, 13, 0, 20, 35, 98, 30, 7
39, 94, 26, 62, 93, 41, 67, 0, 7, 6, 0, 51, 18, 90, 100, 100, 5
0, 100, 52, 99, 100, 92, 74, 57, 58, 19, 49, 0, 37, 39, 87, 45, 7
27, 88, 9, 62, 0, 18, 42, 0, 83, 30, 100, 73, 69, 100, 19, 81, 0
0, 99, 59, 100, 72, 82, 47, 42, 49, 0, 6, 30, 35, 39, 100, 45, 7
0, 93, 24, 56, 49, 21, 80, 0, 100, 35, 83, 81, 52, 100, 23, 91, 0
52, 100, 15, 72, 0, 32, 24, 0, 69, 8, 100, 40, 92, 81, 49, 89, 0
29, 62, 52, 100, 50, 95, 52, 54, 52, 12, 0, 0, 45, 4, 100, 5, 1
88, 100, 42, 80, 0, 48, 99, 52, 100, 76, 73, 86, 65, 39, 78, 0, 4
100, 98, 60, 100, 19, 89, 2, 58, 49, 55, 71, 28, 45, 1, 0, 0, 5
100, 47, 92, 98, 39, 100, 0, 64, 4, 15, 55, 0, 98, 31, 95, 76, 0
100, 100, 67, 77, 44, 53, 31, 26, 38, 0, 88, 4, 44, 15, 0, 4, 6
9, 95, 45, 100, 100, 99, 71, 66, 46, 31, 28, 0, 0, 29, 56, 32, 7
65, 83, 24, 100, 18, 71, 79, 37, 78, 0, 0, 22, 44, 59, 100, 92, 8
100, 100, 64, 77, 38, 52, 23, 26, 36, 0, 87, 13, 64, 37, 0, 46, 6
41, 72, 44, 100, 84, 94, 72, 58, 41, 26, 0, 0, 41, 14, 100, 6, 2
0, 87, 25, 100, 72, 96, 47, 64, 81, 47, 100, 18, 57, 0, 7, 0, 3
44, 91, 20, 83, 94, 48, 100, 4, 0, 0, 11, 45, 67, 87, 7, 100, 8
100, 75, 55, 100, 20, 72, 65, 60, 84, 65, 98, 21, 53, 0, 0, 2, 9
40, 100, 7, 73, 0, 34, 23, 0, 74, 6, 100, 40, 89, 77, 46, 95, 0
100, 100, 39, 84, 0, 63, 37, 46, 90, 62, 68, 45, 46, 23, 41, 0, 4
40, 99, 0, 99, 23, 73, 53, 100, 77, 68, 100, 30, 59, 5, 3, 0, 9
100, 100, 63, 83, 27, 57, 0, 26, 25, 0, 76, 12, 58, 39, 15, 24, 6
85, 81, 44, 100, 28, 68, 68, 34, 68, 0, 0, 9, 50, 40, 100, 72, 8
0, 68, 57, 96, 82, 100, 70, 59, 65, 18, 18, 3, 19, 0, 100, 2, 1
84, 94, 39, 100, 28, 61, 88, 66, 100, 92, 91, 46, 60, 7, 0, 0, 9
0, 50, 51, 73, 85, 100, 75, 67, 53, 36, 15, 8, 25, 2, 100, 0, 1
30, 96, 5, 58, 0, 16, 38, 0, 80, 17, 100, 56, 80, 93, 36, 100, 0
95, 100, 51, 76, 22, 51, 11, 24, 27, 0, 100, 13, 78, 36, 0, 40, 6
44, 86, 62, 100, 74, 75, 63, 47, 100, 30, 81, 5, 37, 0, 0, 12, 3
72, 94, 14, 85, 53, 44, 63, 1, 0, 0, 47, 38, 100, 75, 39, 100, 8
0, 88, 37, 100, 59, 63, 57, 17, 44, 0, 17, 37, 55, 49, 100, 50, 7
71, 93, 85, 82, 65, 100, 79, 77, 100, 48, 79, 18, 40, 4, 0, 0, 9
0, 40, 29, 57, 65, 78, 100, 100, 93, 80, 74, 53, 55, 26, 38, 0, 1
22, 71, 0, 35, 28, 0, 72, 8, 100, 45, 96, 90, 54, 100, 16, 75, 0
19, 91, 9, 66, 63, 43, 42, 0, 0, 12, 11, 64, 34, 100, 100, 97, 5
48, 100, 8, 73, 0, 31, 29, 0, 78, 16, 100, 54, 79, 91, 33, 79, 0
8, 87, 0, 71, 24, 96, 88, 100, 100, 90, 84, 56, 68, 22, 53, 0, 7
84, 61, 100, 100, 43, 96, 33, 49, 34, 0, 0, 9, 31, 50, 90, 69, 8
0, 65, 21, 91, 86, 100, 90, 80, 56, 54, 100, 30, 67, 7, 0, 0, 3
74, 100, 43, 73, 94, 38, 100, 0, 51, 8, 79, 46, 91, 84, 0, 88, 8
100, 100, 86, 86, 72, 71, 58, 57, 42, 43, 25, 28, 8, 14, 0, 0, 1
63, 86, 32, 66, 58, 32, 30, 0, 5, 19, 0, 57, 41, 84, 100, 100, 5
45, 74, 45, 96, 90, 100, 76, 62, 46, 28, 0, 0, 38, 18, 100, 2, 2
81, 100, 42, 70, 0, 41, 32, 36, 100, 38, 98, 51, 78, 34, 72, 0, 4
0, 55, 37, 80, 62, 100, 46, 67, 27, 36, 4, 5, 37, 2, 100, 0, 1
100, 100, 44, 78, 15, 52, 9, 26, 29, 0, 100, 12, 79, 37, 0, 42, 6
0, 66, 23, 73, 63, 90, 100, 100, 81, 75, 63, 50, 44, 25, 31, 0, 1
20, 80, 54, 100, 83, 84, 58, 63, 100, 49, 87, 17, 45, 0, 0, 14, 3
31, 87, 80, 100, 45, 88, 27, 63, 75, 45, 100, 20, 56, 2, 0, 0, 5
45, 84, 68, 100, 77, 73, 53, 45, 100, 35, 86, 11, 37, 0, 0, 16, 3
21, 76, 39, 100, 45, 67, 27, 29, 0, 0, 25, 2, 63, 1, 100, 2, 2
100, 96, 98, 100, 82, 83, 68, 66, 52, 49, 32, 33, 20, 16, 0, 0, 1
22, 83, 0, 55, 48, 40, 45, 0, 15, 25, 15, 72, 52, 100, 100, 85, 5
100, 100, 79, 92, 36, 73, 4, 51, 52, 49, 54, 46, 24, 24, 0, 0, 4
30, 100, 21, 71, 0, 44, 68, 41, 100, 54, 100, 55, 98, 26, 98, 0, 4
61, 100, 0, 84, 51, 60, 100, 33, 72, 0, 16, 17, 41, 53, 87, 84, 8
0, 91, 39, 100, 75, 72, 80, 37, 79, 0, 31, 12, 38, 29, 100, 29, 7
46, 100, 20, 73, 0, 43, 46, 30, 100, 45, 93, 58, 63, 30, 52, 0, 4
43, 89, 93, 100, 66, 91, 40, 64, 82, 43, 100, 15, 52, 0, 0, 1, 5
17, 100, 0, 74, 6, 36, 77, 37, 100, 63, 73, 95, 71, 47, 75, 0, 4
97, 100, 41, 90, 4, 58, 0, 22, 52, 0, 100, 22, 49, 38, 8, 13, 6
20, 85, 62, 100, 71, 72, 45, 52, 98, 47, 100, 17, 53, 0, 0, 0, 3
29, 47, 59, 71, 100, 100, 90, 81, 74, 50, 66, 18, 0, 0, 99, 7, 1
100, 100, 55, 98, 26, 81, 40, 67, 78, 55, 74, 25, 43, 1, 0, 0, 5
36, 84, 9, 86, 0, 38, 27, 0, 72, 9, 100, 47, 88, 94, 46, 100, 0
55, 83, 100, 100, 93, 83, 82, 56, 84, 28, 71, 2, 0, 0, 73, 3, 1
26, 87, 64, 100, 66, 57, 39, 21, 0, 0, 15, 29, 57, 21, 100, 21, 2
55, 76, 70, 100, 95, 78, 72, 50, 40, 25, 0, 3, 40, 0, 100, 2, 2
17, 100, 8, 53, 61, 47, 42, 0, 3, 17, 0, 80, 44, 96, 100, 94, 5
32, 90, 0, 60, 2, 17, 51, 0, 95, 27, 100, 69, 66, 100, 25, 72, 0
0, 87, 46, 100, 88, 85, 73, 43, 65, 0, 36, 18, 46, 42, 100, 50, 7
59, 90, 16, 88, 0, 41, 25, 0, 77, 10, 100, 55, 82, 100, 35, 94, 0
0, 77, 13, 100, 57, 99, 60, 64, 38, 30, 11, 2, 57, 0, 100, 6, 2
0, 40, 22, 53, 49, 64, 76, 79, 100, 100, 84, 73, 71, 38, 63, 0, 1
0, 63, 24, 100, 52, 79, 37, 37, 5, 3, 6, 0, 53, 2, 100, 1, 2
16, 76, 48, 100, 72, 77, 42, 46, 0, 23, 2, 14, 53, 0, 100, 13, 2
39, 83, 63, 100, 78, 78, 71, 61, 100, 39, 78, 11, 36, 0, 0, 17, 3
0, 66, 23, 100, 53, 83, 41, 43, 14, 10, 13, 0, 56, 9, 100, 12, 2
100, 100, 69, 96, 38, 66, 14, 33, 19, 0, 68, 3, 52, 32, 0, 25, 6
19, 63, 58, 100, 52, 74, 47, 27, 91, 0, 100, 5, 25, 8, 0, 9, 1
32, 88, 21, 100, 66, 94, 45, 65, 69, 54, 100, 29, 64, 3, 0, 0, 3
46, 84, 65, 46, 65, 9, 0, 0, 30, 29, 84, 57, 100, 94, 44, 100, 8
31, 92, 0, 52, 18, 0, 69, 6, 100, 53, 72, 100, 21, 100, 4, 49, 0
0, 25, 18, 50, 59, 75, 100, 100, 92, 80, 69, 54, 52, 27, 46, 0, 1
19, 77, 20, 44, 36, 0, 15, 7, 0, 52, 8, 88, 54, 99, 100, 100, 5
27, 85, 4, 57, 60, 58, 65, 18, 1, 0, 0, 50, 24, 95, 100, 100, 5
15, 92, 0, 96, 38, 47, 79, 0, 4, 8, 46, 58, 100, 100, 12, 86, 8
36, 100, 23, 78, 57, 38, 31, 0, 0, 16, 11, 71, 51, 94, 100, 82, 5
23, 83, 74, 49, 100, 13, 19, 0, 24, 35, 82, 66, 73, 100, 0, 84, 8
6, 100, 4, 95, 0, 71, 2, 47, 45, 30, 100, 44, 78, 24, 82, 0, 4
95, 68, 75, 100, 43, 74, 84, 66, 100, 52, 87, 12, 39, 0, 0, 21, 9
27, 87, 18, 44, 33, 0, 79, 0, 100, 42, 82, 85, 32, 100, 0, 66, 0
100, 90, 95, 100, 59, 70, 27, 38, 6, 5, 54, 0, 65, 27, 0, 18, 6
0, 95, 30, 100, 55, 80, 34, 52, 6, 27, 21, 5, 67, 0, 100, 3, 2
75, 100, 30, 81, 0, 36, 19, 0, 72, 14, 100, 58, 70, 98, 24, 74, 0
14, 81, 0, 41, 34, 0, 87, 3, 100, 56, 70, 100, 20, 99, 7, 49, 0
0, 51, 47, 70, 79, 100, 75, 82, 67, 46, 56, 11, 42, 2, 100, 0, 1
81, 75, 62, 100, 0, 86, 16, 59, 78, 74, 100, 66, 92, 32, 69, 0, 9
22, 70, 64, 98, 59, 100, 52, 62, 39, 25, 0, 0, 23, 4, 100, 5, 1
47, 87, 75, 100, 80, 73, 85, 54, 100, 31, 74, 8, 38, 0, 0, 5, 3
88, 95, 100, 100, 49, 73, 12, 42, 19, 10, 97, 0, 85, 18, 0, 17, 6
57, 100, 0, 75, 62, 40, 62, 0, 2, 15, 56, 53, 100, 93, 23, 95, 8
34, 100, 0, 70, 1, 17, 40, 0, 80, 15, 100, 61, 66, 90, 26, 81, 0
19, 94, 78, 100, 100, 82, 67, 50, 34, 20, 0, 0, 13, 31, 74, 33, 7
69, 100, 23, 78, 46, 49, 92, 71, 100, 74, 94, 32, 56, 2, 0, 0, 9
30, 79, 4, 66, 68, 31, 41, 0, 0, 28, 57, 64, 100, 100, 0, 92, 8
100, 91, 71, 100, 38, 83, 78, 87, 88, 70, 64, 42, 35, 18, 0, 0, 9
0, 49, 40, 66, 74, 87, 100, 100, 90, 75, 78, 50, 65, 24, 65, 0, 1
100, 85, 48, 67, 0, 74, 32, 100, 77, 92, 80, 61, 77, 30, 75, 0, 9
50, 93, 4, 100, 38, 58, 100, 17, 25, 0, 0, 43, 54, 87, 6, 89, 8
0, 100, 27, 100, 64, 99, 100, 96, 78, 73, 50, 47, 33, 13, 36, 0, 7
0, 48, 26, 69, 64, 89, 100, 100, 80, 76, 61, 51, 48, 25, 56, 0, 1
0, 41, 25, 63, 60, 81, 95, 100, 100, 83, 88, 55, 76, 27, 67, 0, 1
0, 62, 47, 79, 92, 100, 100, 92, 98, 68, 96, 45, 92, 21, 92, 0, 1
0, 75, 28, 100, 66, 71, 55, 34, 5, 12, 22, 11, 80, 0, 100, 32, 2
49, 85, 49, 61, 71, 25, 27, 0, 8, 37, 0, 79, 42, 99, 100, 100, 5
0, 88, 42, 100, 74, 90, 56, 44, 34, 0, 26, 31, 51, 55, 100, 57, 7
100, 100, 52, 87, 17, 60, 0, 29, 17, 0, 71, 4, 58, 29, 0, 30, 6
13, 69, 78, 100, 100, 73, 59, 36, 11, 0, 87, 11, 87, 45, 0, 69, 8
83, 71, 75, 100, 31, 85, 72, 74, 100, 62, 86, 26, 51, 0, 0, 5, 9
34, 84, 42, 100, 19, 65, 0, 31, 56, 40, 100, 55, 87, 38, 85, 0, 4
31, 100, 32, 94, 1, 56, 0, 13, 53, 0, 100, 21, 56, 37, 5, 18, 6
0, 94, 30, 100, 66, 78, 33, 52, 88, 46, 100, 17, 52, 0, 8, 11, 3
89, 94, 56, 100, 15, 83, 34, 56, 89, 54, 100, 19, 55, 0, 0, 10, 5
0, 100, 13, 72, 87, 78, 58, 97, 49, 80, 100, 58, 70, 29, 47, 0, 9
47, 74, 68, 100, 65, 53, 37, 17, 0, 0, 21, 18, 60, 14, 100, 11, 2
13, 100, 0, 43, 25, 0, 67, 0, 100, 34, 95, 87, 55, 100, 15, 92, 0
31, 74, 71, 100, 74, 79, 62, 35, 44, 0, 0, 4, 50, 4, 100, 7, 1
5, 87, 50, 100, 100, 98, 73, 75, 36, 56, 65, 36, 44, 15, 0, 0, 3
53, 92, 16, 64, 76, 40, 39, 0, 0, 7, 7, 54, 23, 98, 100, 100, 5
0, 94, 46, 100, 68, 80, 59, 60, 93, 41, 100, 15, 62, 0, 14, 2, 3
0, 53, 30, 82, 62, 100, 52, 61, 50, 21, 20, 3, 45, 0, 100, 3, 1
28, 97, 20, 71, 0, 26, 28, 0, 74, 21, 100, 63, 73, 100, 24, 96, 0
69, 100, 42, 81, 22, 52, 20, 21, 60, 0, 100, 15, 51, 28, 0, 16, 6
28, 60, 15, 100, 100, 98, 74, 50, 21, 6, 76, 0, 23, 43, 0, 87, 8
12, 80, 48, 100, 83, 73, 22, 55, 71, 45, 100, 15, 40, 0, 0, 17, 3
55, 88, 83, 100, 71, 70, 89, 68, 100, 31, 74, 1, 33, 0, 0, 24, 3
100, 97, 58, 100, 18, 76, 0, 47, 12, 16, 62, 0, 85, 18, 28, 24, 6
6, 97, 58, 100, 100, 85, 76, 56, 44, 29, 25, 0, 0, 29, 53, 37, 7
0, 71, 1, 21, 47, 0, 93, 10, 100, 59, 66, 95, 19, 100, 10, 59, 0
55, 100, 39, 85, 12, 49, 17, 12, 78, 0, 100, 27, 41, 38, 0, 9, 6
33, 100, 16, 84, 0, 62, 24, 41, 100, 48, 98, 46, 91, 23, 96, 0, 4
88, 97, 28, 91, 26, 43, 100, 5, 0, 0, 37, 51, 94, 100, 31, 87, 8
68, 100, 41, 94, 13, 61, 0, 27, 32, 0, 100, 20, 60, 32, 9, 7, 6
3, 88, 0, 51, 16, 10, 64, 0, 98, 34, 100, 76, 56, 100, 5, 85, 0
0, 85, 41, 100, 62, 73, 57, 36, 49, 0, 27, 20, 53, 32, 100, 35, 7
14, 81, 0, 56, 48, 60, 100, 30, 50, 0, 18, 52, 18, 97, 97, 100, 5
0, 92, 35, 100, 82, 80, 75, 40, 67, 0, 41, 8, 42, 33, 100, 34, 7
0, 96, 31, 100, 81, 93, 76, 48, 56, 1, 44, 0, 49, 32, 100, 35, 7
9, 91, 71, 100, 91, 68, 68, 34, 41, 0, 0, 15, 15, 32, 100, 34, 7
60, 100, 0, 73, 11, 49, 100, 53, 88, 76, 64, 83, 59, 41, 58, 0, 4
15, 62, 56, 100, 100, 88, 74, 43, 41, 0, 88, 8, 65, 50, 0, 60, 8
12, 90, 67, 100, 71, 70, 26, 44, 71, 47, 100, 19, 50, 0, 0, 14, 3
0, 62, 33, 81, 70, 99, 100, 100, 85, 75, 67, 50, 51, 25, 37, 0, 1
0, 93, 41, 100, 57, 65, 47, 26, 21, 0, 2, 35, 51, 38, 100, 36, 7
96, 36, 83, 81, 42, 100, 9, 65, 0, 20, 42, 0, 88, 20, 100, 62, 0
22, 100, 1, 55, 10, 10, 60, 0, 100, 31, 97, 77, 51, 99, 0, 83, 0
41, 100, 38, 84, 16, 52, 11, 17, 54, 0, 100, 19, 55, 32, 0, 23, 6
39, 74, 65, 100, 65, 60, 38, 21, 0, 0, 23, 22, 62, 4, 100, 4, 2
32, 100, 18, 63, 52, 30, 23, 0, 0, 37, 8, 79, 52, 94, 100, 99, 5
28, 91, 49, 71, 100, 35, 55, 0, 0, 24, 32, 63, 82, 100, 45, 100, 8
15, 81, 0, 68, 14, 97, 77, 100, 100, 95, 80, 62, 68, 28, 63, 0, 7
35, 78, 62, 100, 92, 78, 69, 49, 77, 49, 100, 20, 56, 0, 0, 14, 3
2, 85, 29, 100, 37, 71, 23, 41, 0, 15, 17, 0, 58, 2, 100, 8, 2
8, 95, 97, 100, 43, 94, 2, 69, 47, 64, 100, 38, 72, 0, 0, 19, 5
0, 86, 43, 100, 97, 91, 100, 57, 71, 26, 39, 0, 31, 35, 85, 30, 7
0, 81, 39, 97, 96, 100, 91, 78, 95, 52, 100, 25, 54, 9, 0, 0, 3
37, 61, 0, 70, 22, 92, 60, 100, 91, 85, 100, 57, 91, 28, 80, 0, 9
39, 76, 64, 100, 89, 81, 66, 50, 100, 34, 91, 6, 41, 0, 0, 18, 3
23, 88, 68, 100, 97, 81, 63, 60, 87, 40, 100, 16, 55, 0, 0, 1, 3
19, 89, 10, 61, 50, 28, 25, 0, 3, 31, 0, 75, 40, 98, 100, 100, 5
0, 86, 29, 100, 62, 95, 51, 62, 31, 32, 34, 2, 69, 0, 100, 6, 2
37, 90, 73, 100, 100, 90, 64, 72, 83, 45, 83, 16, 43, 3, 0, 0, 3
29, 76, 50, 100, 70, 74, 50, 42, 18, 16, 0, 0, 50, 7, 100, 7, 2
51, 82, 84, 100, 99, 79, 80, 55, 100, 29, 79, 4, 36, 0, 0, 19, 3
100, 91, 53, 100, 48, 69, 93, 88, 93, 65, 87, 24, 49, 0, 0, 14, 9
0, 35, 37, 50, 73, 74, 100, 100, 90, 81, 77, 53, 63, 26, 61, 0, 1
30, 82, 0, 70, 42, 34, 0, 0, 18, 34, 80, 67, 100, 100, 8, 82, 8
15, 83, 56, 100, 82, 78, 35, 58, 62, 47, 100, 26, 56, 5, 0, 0, 3
17, 92, 50, 100, 63, 68, 46, 34, 21, 0, 0, 22, 40, 35, 100, 40, 7
48, 100, 13, 71, 0, 40, 49, 25, 100, 37, 87, 62, 61, 32, 64, 0, 4
46, 78, 79, 100, 100, 77, 68, 51, 28, 35, 0, 16, 43, 6, 89, 0, 2
45, 90, 13, 52, 88, 46, 74, 5, 0, 0, 4, 43, 26, 90, 100, 100, 5
52, 100, 17, 74, 0, 45, 52, 33, 100, 47, 99, 60, 79, 30, 65, 0, 4
39, 100, 17, 79, 0, 56, 6, 32, 42, 28, 79, 35, 100, 24, 90, 0, 4
7, 95, 54, 100, 100, 95, 76, 76, 49, 56, 47, 32, 43, 9, 0, 0, 3
63, 100, 26, 76, 7, 51, 0, 25, 22, 0, 100, 6, 78, 31, 0, 40, 6
1, 89, 62, 100, 100, 76, 77, 38, 58, 0, 24, 4, 0, 36, 77, 41, 7
100, 100, 64, 80, 36, 60, 12, 38, 0, 16, 28, 0, 74, 15, 12, 10, 6
0, 98, 60, 100, 100, 78, 74, 38, 46, 0, 62, 1, 82, 29, 21, 42, 7
30, 75, 54, 100, 100, 99, 74, 72, 79, 46, 88, 18, 43, 0, 0, 12, 3
86, 100, 38, 80, 6, 51, 0, 18, 47, 0, 100, 13, 62, 30, 7, 18, 6
63, 100, 35, 79, 0, 55, 42, 39, 87, 48, 85, 51, 83, 20, 100, 0, 4
0, 74, 35, 100, 100, 96, 94, 63, 52, 35, 0, 11, 5, 0, 77, 6, 2
