@relation penbased-1
@attribute At1 integer [0, 100]
@attribute At2 integer [0, 100]
@attribute At3 integer [0, 100]
@attribute At4 integer [0, 100]
@attribute At5 integer [0, 100]
@attribute At6 integer [0, 100]
@attribute At7 integer [0, 100]
@attribute At8 integer [0, 100]
@attribute At9 integer [0, 100]
@attribute At10 integer [0, 100]
@attribute At11 integer [0, 100]
@attribute At12 integer [0, 100]
@attribute At13 integer [0, 100]
@attribute At14 integer [0, 100]
@attribute At15 integer [0, 100]
@attribute At16 integer [0, 100]
@attribute Class {0, 1, 2, 3, 4, 5, 6, 7, 8, 9}
@inputs At1, At2, At3, At4, At5, At6, At7, At8, At9, At10, At11, At12, At13, At14, At15, At16
@outputs Class
@data
47, 100, 27, 81, 57, 37, 26, 0, 0, 23, 56, 53, 100, 90, 40, 98, 8
91, 74, 54, 100, 0, 87, 23, 59, 81, 67, 100, 39, 79, 4, 21, 0, 9
63, 100, 40, 73, 70, 63, 100, 77, 79, 74, 55, 48, 29, 23, 0, 0, 4
12, 78, 40, 100, 74, 77, 52, 41, 13, 14, 0, 17, 50, 8, 100, 0, 2
32, 100, 12, 76, 0, 48, 1, 21, 39, 0, 100, 9, 64, 21, 18, 3, 6
39, 100, 23, 82, 0, 52, 1, 21, 48, 0, 100, 16, 70, 42, 6, 55, 6
44, 66, 67, 100, 80, 62, 47, 25, 5, 0, 0, 3, 50, 4, 100, 7, 2
45, 93, 0, 60, 75, 69, 89, 29, 19, 0, 15, 43, 26, 93, 100, 100, 5
52, 91, 72, 100, 87, 70, 57, 43, 100, 45, 90, 15, 43, 0, 0, 12, 3
29, 73, 56, 100, 68, 71, 45, 38, 11, 12, 0, 8, 50, 6, 100, 0, 2
47, 100, 40, 82, 18, 49, 0, 19, 53, 20, 92, 34, 94, 35, 100, 0, 4
54, 93, 0, 88, 54, 46, 70, 0, 5, 9, 54, 52, 100, 96, 7, 100, 8
0, 70, 63, 80, 90, 100, 100, 89, 100, 67, 92, 44, 84, 22, 71, 0, 1
27, 100, 0, 74, 40, 54, 100, 59, 84, 91, 57, 64, 43, 32, 33, 0, 4
100, 100, 68, 96, 38, 70, 14, 44, 0, 14, 36, 0, 51, 23, 3, 28, 6
0, 75, 29, 79, 71, 91, 100, 100, 82, 74, 68, 48, 57, 21, 58, 0, 1
12, 73, 29, 62, 66, 32, 29, 0, 5, 29, 0, 71, 38, 96, 100, 100, 5
52, 100, 29, 73, 0, 47, 19, 42, 69, 37, 100, 54, 90, 30, 88, 0, 4
34, 64, 52, 100, 58, 57, 37, 16, 0, 0, 24, 20, 61, 1, 100, 5, 2
0, 96, 40, 100, 60, 66, 58, 27, 41, 0, 20, 35, 54, 42, 100, 46, 7
92, 73, 32, 63, 0, 86, 51, 100, 100, 82, 96, 51, 64, 23, 21, 0, 9
49, 54, 100, 78, 65, 100, 0, 82, 12, 60, 90, 64, 95, 33, 86, 0, 9
100, 100, 71, 95, 30, 64, 1, 27, 32, 0, 82, 19, 54, 51, 0, 48, 6
100, 96, 66, 100, 63, 85, 85, 88, 78, 53, 66, 20, 35, 0, 0, 12, 9
28, 71, 43, 100, 76, 79, 49, 47, 11, 21, 0, 0, 50, 1, 100, 4, 2
0, 84, 34, 100, 67, 85, 60, 44, 31, 19, 26, 20, 64, 13, 100, 0, 2
100, 100, 66, 100, 25, 69, 0, 35, 14, 0, 77, 0, 72, 34, 10, 51, 6
43, 99, 8, 68, 73, 74, 62, 25, 0, 0, 7, 49, 20, 96, 100, 100, 5
100, 100, 44, 91, 7, 60, 0, 24, 46, 0, 99, 24, 41, 30, 19, 0, 6
40, 84, 61, 100, 87, 83, 53, 60, 96, 47, 100, 23, 55, 5, 0, 0, 3
19, 88, 62, 100, 100, 81, 83, 48, 47, 23, 0, 6, 18, 0, 72, 1, 2
80, 100, 32, 81, 7, 52, 0, 21, 40, 0, 100, 9, 88, 30, 28, 22, 6
40, 76, 62, 100, 62, 69, 34, 40, 0, 16, 12, 11, 57, 10, 100, 0, 2
10, 78, 40, 100, 100, 99, 70, 53, 29, 12, 0, 0, 7, 45, 70, 55, 7
39, 76, 74, 40, 83, 2, 11, 0, 50, 35, 100, 67, 73, 100, 0, 81, 8
76, 100, 34, 77, 7, 48, 0, 17, 47, 0, 100, 13, 78, 37, 21, 29, 6
29, 72, 52, 100, 63, 58, 39, 17, 0, 0, 18, 17, 59, 10, 100, 3, 2
9, 100, 0, 72, 7, 44, 62, 28, 100, 45, 86, 55, 68, 27, 55, 0, 4
49, 86, 50, 100, 100, 96, 81, 66, 82, 40, 87, 9, 38, 0, 0, 22, 3
0, 79, 31, 94, 68, 100, 100, 88, 94, 62, 74, 39, 51, 18, 64, 0, 2
42, 79, 67, 100, 78, 79, 71, 60, 100, 39, 85, 10, 41, 0, 0, 14, 3
0, 94, 44, 100, 84, 82, 100, 47, 93, 10, 90, 0, 88, 23, 41, 26, 7
100, 100, 59, 73, 26, 45, 0, 15, 33, 0, 97, 18, 81, 38, 9, 28, 6
0, 79, 36, 100, 82, 81, 87, 40, 70, 0, 31, 24, 45, 45, 100, 50, 7
0, 75, 36, 100, 63, 73, 47, 34, 14, 4, 4, 10, 52, 9, 100, 0, 2
13, 95, 17, 66, 83, 35, 77, 0, 0, 14, 42, 49, 100, 81, 34, 100, 8
12, 83, 8, 54, 56, 31, 22, 0, 4, 24, 0, 63, 37, 94, 100, 100, 5
17, 89, 0, 55, 65, 58, 69, 11, 11, 0, 10, 60, 31, 100, 100, 96, 5
0, 84, 46, 100, 96, 88, 94, 50, 83, 11, 62, 0, 45, 26, 100, 26, 7
0, 82, 37, 62, 83, 30, 65, 0, 46, 32, 81, 66, 100, 100, 23, 90, 8
19, 100, 55, 99, 58, 67, 30, 39, 0, 15, 21, 0, 60, 1, 100, 0, 2
57, 68, 52, 100, 4, 71, 48, 37, 63, 0, 0, 13, 27, 49, 100, 78, 8
33, 64, 36, 100, 59, 71, 44, 34, 0, 18, 32, 26, 71, 0, 100, 22, 2
34, 89, 14, 84, 0, 38, 24, 0, 75, 3, 100, 42, 82, 86, 34, 100, 0
16, 81, 40, 59, 100, 90, 30, 100, 48, 69, 95, 59, 75, 9, 0, 0, 9
19, 100, 61, 98, 62, 56, 50, 14, 29, 0, 0, 35, 50, 40, 100, 39, 7
19, 78, 29, 36, 13, 0, 8, 27, 58, 49, 100, 79, 55, 100, 0, 88, 8
20, 82, 35, 100, 73, 87, 42, 60, 72, 49, 100, 26, 57, 4, 0, 0, 3
38, 83, 40, 53, 55, 14, 11, 0, 0, 30, 10, 71, 52, 92, 100, 100, 5
0, 62, 34, 82, 84, 100, 100, 88, 89, 66, 79, 44, 76, 22, 84, 0, 1
19, 86, 18, 35, 57, 0, 100, 24, 92, 72, 47, 100, 0, 77, 1, 31, 0
25, 85, 59, 100, 86, 89, 86, 67, 100, 45, 88, 24, 49, 9, 0, 0, 3
0, 68, 38, 78, 91, 96, 100, 100, 78, 75, 62, 49, 59, 24, 81, 0, 1
6, 43, 16, 2, 68, 0, 100, 35, 81, 75, 38, 100, 7, 63, 0, 22, 0
15, 59, 57, 81, 100, 100, 79, 72, 65, 44, 53, 15, 0, 1, 21, 0, 1
25, 97, 37, 70, 100, 88, 27, 100, 0, 80, 76, 65, 75, 31, 29, 0, 9
25, 79, 35, 100, 78, 78, 50, 50, 68, 48, 100, 21, 59, 0, 0, 11, 3
64, 92, 3, 100, 25, 62, 44, 23, 0, 0, 1, 30, 55, 58, 100, 90, 8
78, 72, 81, 100, 8, 91, 0, 55, 69, 59, 100, 71, 74, 33, 58, 0, 9
31, 78, 71, 100, 73, 99, 56, 63, 50, 26, 21, 0, 0, 0, 100, 3, 1
33, 89, 92, 100, 100, 91, 63, 62, 29, 31, 0, 0, 6, 29, 66, 38, 7
46, 94, 13, 69, 0, 28, 32, 0, 77, 7, 100, 44, 85, 83, 43, 100, 0
77, 72, 51, 100, 0, 77, 61, 42, 94, 0, 22, 2, 33, 45, 100, 76, 8
0, 97, 41, 100, 68, 77, 64, 38, 51, 0, 28, 34, 56, 40, 100, 37, 7
50, 60, 47, 100, 92, 95, 88, 47, 48, 15, 0, 0, 49, 5, 100, 3, 2
9, 98, 16, 100, 0, 55, 65, 40, 100, 58, 80, 89, 52, 46, 33, 0, 4
0, 61, 33, 71, 66, 86, 100, 100, 94, 77, 79, 52, 66, 26, 62, 0, 1
14, 73, 52, 100, 66, 98, 50, 55, 35, 12, 0, 7, 50, 3, 100, 0, 1
38, 100, 14, 74, 0, 46, 39, 35, 93, 35, 100, 53, 86, 27, 70, 0, 4
48, 100, 18, 59, 43, 74, 53, 82, 41, 22, 0, 0, 38, 1, 100, 0, 1
0, 71, 20, 100, 54, 91, 51, 55, 29, 22, 3, 0, 54, 3, 100, 9, 2
0, 91, 36, 100, 62, 83, 57, 60, 70, 39, 100, 22, 78, 4, 39, 0, 3
90, 94, 13, 95, 26, 56, 96, 27, 52, 0, 0, 26, 45, 64, 100, 100, 8
47, 100, 11, 81, 0, 39, 21, 3, 62, 0, 98, 22, 100, 63, 61, 73, 0
87, 100, 51, 81, 0, 45, 74, 46, 100, 66, 89, 90, 78, 44, 60, 0, 4
16, 100, 11, 71, 5, 39, 29, 11, 85, 11, 100, 28, 46, 18, 0, 0, 6
51, 100, 93, 95, 64, 73, 70, 61, 100, 39, 82, 12, 38, 0, 0, 7, 3
29, 71, 55, 100, 74, 75, 59, 39, 30, 9, 0, 8, 49, 0, 100, 2, 2
81, 97, 2, 90, 0, 61, 81, 72, 100, 100, 81, 67, 69, 33, 59, 0, 9
62, 88, 20, 65, 0, 24, 34, 0, 78, 24, 100, 63, 77, 100, 26, 93, 0
11, 85, 31, 100, 92, 95, 75, 63, 46, 36, 100, 16, 62, 0, 0, 9, 3
100, 100, 54, 85, 21, 60, 0, 33, 2, 5, 52, 0, 54, 22, 1, 17, 6
0, 95, 31, 100, 78, 97, 54, 47, 23, 0, 17, 5, 44, 39, 100, 48, 7
78, 67, 65, 100, 0, 75, 56, 37, 84, 0, 2, 10, 35, 52, 100, 86, 8
7, 86, 44, 100, 54, 70, 30, 39, 0, 13, 14, 4, 57, 2, 100, 0, 2
94, 95, 56, 100, 23, 67, 0, 29, 19, 0, 69, 16, 100, 50, 89, 90, 0
100, 100, 60, 89, 26, 65, 3, 36, 0, 4, 43, 0, 51, 26, 12, 31, 6
31, 100, 20, 90, 16, 57, 75, 52, 100, 79, 68, 63, 33, 31, 0, 0, 4
12, 73, 0, 30, 33, 0, 77, 6, 100, 44, 78, 85, 37, 100, 12, 67, 0
100, 100, 57, 84, 24, 58, 0, 27, 18, 0, 69, 10, 57, 38, 4, 42, 6
7, 76, 27, 45, 48, 7, 8, 0, 0, 40, 8, 81, 52, 98, 100, 100, 5
63, 65, 35, 100, 1, 69, 61, 36, 79, 0, 0, 15, 33, 54, 100, 86, 8
54, 100, 24, 79, 6, 48, 13, 16, 59, 0, 100, 15, 54, 30, 0, 23, 6
0, 90, 67, 100, 85, 68, 65, 34, 40, 0, 4, 16, 14, 40, 100, 44, 7
4, 11, 46, 53, 76, 100, 24, 98, 41, 53, 100, 24, 57, 0, 0, 15, 8
0, 82, 38, 100, 74, 76, 49, 36, 15, 0, 6, 11, 35, 38, 100, 43, 7
0, 53, 45, 75, 79, 100, 93, 99, 93, 73, 97, 46, 100, 19, 93, 0, 1
51, 100, 86, 94, 69, 61, 37, 34, 0, 12, 9, 0, 54, 2, 100, 0, 2
15, 58, 80, 78, 100, 100, 88, 69, 73, 38, 56, 7, 0, 0, 98, 4, 1
4, 91, 47, 100, 100, 87, 68, 44, 45, 0, 25, 5, 0, 36, 76, 35, 7
100, 100, 40, 83, 2, 51, 0, 16, 67, 9, 89, 38, 18, 32, 11, 0, 6
100, 98, 60, 100, 35, 76, 39, 56, 75, 52, 73, 21, 39, 5, 0, 0, 5
11, 100, 6, 86, 0, 47, 30, 16, 74, 33, 100, 68, 87, 39, 79, 0, 4
72, 100, 5, 97, 53, 52, 93, 6, 0, 0, 11, 43, 100, 77, 58, 99, 8
23, 84, 56, 100, 100, 93, 80, 73, 68, 51, 76, 28, 42, 12, 0, 0, 3
44, 87, 21, 78, 68, 41, 70, 0, 0, 13, 45, 47, 100, 80, 41, 100, 8
100, 100, 54, 81, 19, 59, 0, 34, 11, 9, 71, 0, 84, 17, 17, 17, 6
0, 98, 50, 100, 100, 96, 73, 63, 43, 31, 13, 0, 11, 19, 46, 32, 7
40, 100, 23, 83, 0, 50, 54, 38, 100, 52, 97, 68, 68, 36, 57, 0, 4
0, 64, 40, 78, 76, 100, 100, 99, 87, 71, 64, 44, 39, 18, 16, 0, 1
17, 100, 36, 93, 0, 59, 50, 48, 98, 63, 100, 63, 84, 25, 76, 0, 4
100, 100, 64, 78, 36, 50, 22, 17, 55, 0, 90, 17, 45, 24, 0, 17, 6
33, 94, 60, 64, 99, 100, 38, 99, 79, 85, 100, 55, 73, 11, 0, 0, 9
56, 97, 41, 63, 69, 26, 29, 0, 6, 28, 0, 72, 45, 94, 100, 100, 5
0, 56, 34, 77, 69, 100, 100, 95, 84, 72, 62, 47, 41, 24, 25, 0, 1
100, 100, 37, 89, 43, 57, 69, 26, 33, 0, 0, 19, 35, 48, 83, 73, 8
31, 67, 40, 100, 81, 97, 69, 53, 39, 15, 0, 1, 49, 5, 100, 0, 2
28, 73, 81, 60, 73, 100, 39, 72, 91, 85, 100, 42, 88, 0, 0, 1, 9
3, 81, 57, 100, 100, 92, 63, 49, 23, 7, 0, 0, 30, 32, 93, 34, 7
30, 100, 28, 83, 0, 52, 17, 36, 98, 35, 100, 65, 80, 33, 66, 0, 4
10, 100, 6, 82, 0, 62, 4, 42, 59, 34, 88, 39, 80, 19, 100, 0, 4
25, 40, 21, 0, 60, 4, 89, 35, 100, 75, 71, 100, 30, 90, 0, 63, 0
70, 100, 35, 59, 96, 65, 56, 93, 67, 71, 100, 53, 66, 3, 0, 0, 9
0, 93, 43, 100, 91, 87, 70, 44, 50, 0, 35, 5, 39, 44, 100, 53, 7
0, 96, 23, 46, 91, 55, 80, 100, 49, 94, 100, 59, 81, 7, 15, 0, 9
77, 100, 47, 64, 0, 36, 34, 39, 100, 39, 93, 73, 61, 38, 37, 0, 4
100, 100, 56, 87, 24, 59, 5, 27, 29, 0, 79, 9, 38, 24, 0, 2, 6
46, 100, 26, 74, 0, 47, 20, 25, 84, 33, 100, 55, 76, 28, 69, 0, 4
81, 85, 10, 79, 42, 38, 56, 0, 0, 21, 45, 62, 100, 100, 29, 82, 8
0, 100, 50, 91, 68, 60, 58, 29, 26, 0, 9, 18, 23, 45, 100, 49, 7
82, 73, 61, 100, 0, 80, 35, 55, 100, 77, 99, 61, 87, 23, 98, 0, 9
0, 83, 42, 100, 100, 86, 75, 43, 50, 0, 11, 15, 2, 27, 69, 29, 7
100, 100, 40, 88, 40, 67, 97, 79, 94, 65, 82, 40, 52, 16, 0, 0, 9
81, 100, 55, 92, 17, 61, 3, 26, 41, 0, 100, 14, 65, 44, 0, 60, 6
0, 47, 38, 67, 78, 89, 100, 100, 77, 75, 53, 49, 31, 23, 16, 0, 1
0, 45, 27, 61, 63, 81, 100, 100, 84, 74, 63, 49, 41, 24, 20, 0, 1
0, 100, 53, 95, 80, 66, 69, 30, 66, 0, 100, 30, 61, 36, 7, 39, 7
47, 100, 17, 68, 0, 34, 9, 0, 71, 18, 97, 51, 100, 86, 48, 95, 0
62, 87, 41, 63, 100, 100, 22, 72, 8, 41, 30, 0, 93, 42, 0, 34, 8
67, 99, 0, 95, 29, 61, 100, 36, 87, 0, 43, 21, 70, 60, 83, 100, 8
14, 86, 0, 75, 1, 29, 40, 0, 94, 10, 100, 53, 62, 86, 9, 100, 0
76, 97, 64, 62, 100, 15, 14, 0, 0, 35, 90, 59, 98, 100, 0, 98, 8
80, 100, 34, 87, 69, 69, 100, 90, 81, 74, 74, 45, 44, 20, 0, 0, 9
33, 91, 79, 100, 100, 79, 79, 56, 41, 37, 0, 20, 37, 7, 93, 0, 2
86, 71, 70, 100, 0, 87, 13, 60, 86, 71, 100, 60, 87, 27, 88, 0, 9
0, 66, 20, 100, 51, 93, 50, 51, 33, 13, 25, 0, 62, 8, 100, 7, 2
5, 55, 79, 87, 5, 100, 38, 53, 67, 6, 0, 0, 27, 47, 100, 84, 8
59, 82, 11, 67, 100, 65, 54, 100, 40, 48, 0, 22, 60, 0, 43, 52, 8
16, 68, 0, 40, 26, 0, 73, 10, 100, 50, 82, 93, 32, 100, 1, 73, 0
0, 69, 42, 87, 100, 100, 75, 79, 50, 59, 25, 39, 17, 19, 67, 0, 1
9, 83, 30, 100, 84, 95, 64, 67, 85, 50, 100, 23, 57, 3, 0, 0, 3
0, 100, 72, 99, 100, 86, 62, 45, 38, 0, 5, 13, 23, 41, 97, 44, 7
35, 97, 35, 61, 44, 19, 0, 0, 23, 38, 61, 68, 100, 99, 51, 100, 8
10, 78, 49, 100, 100, 98, 69, 68, 85, 43, 100, 14, 51, 2, 0, 0, 3
100, 100, 38, 87, 25, 72, 19, 58, 12, 43, 6, 28, 0, 14, 6, 0, 1
33, 65, 81, 88, 100, 100, 88, 70, 74, 41, 52, 13, 0, 0, 81, 1, 1
13, 100, 20, 71, 59, 39, 44, 0, 0, 16, 7, 61, 42, 93, 100, 97, 5
96, 66, 64, 100, 0, 88, 31, 54, 86, 72, 100, 42, 87, 0, 19, 3, 9
71, 64, 55, 100, 0, 98, 19, 69, 74, 80, 100, 49, 67, 10, 13, 0, 9
33, 61, 63, 93, 60, 100, 55, 57, 42, 15, 0, 0, 50, 5, 100, 7, 1
25, 46, 100, 31, 80, 0, 0, 9, 38, 45, 89, 78, 54, 100, 20, 68, 8
100, 99, 55, 100, 22, 79, 27, 51, 74, 47, 87, 19, 47, 0, 0, 1, 5
0, 100, 15, 87, 8, 66, 20, 46, 66, 50, 77, 40, 87, 20, 100, 0, 4
100, 99, 59, 100, 27, 72, 6, 40, 0, 6, 43, 0, 55, 29, 6, 15, 6
23, 100, 0, 58, 8, 12, 58, 0, 99, 29, 100, 75, 56, 100, 14, 78, 0
100, 99, 57, 100, 18, 79, 16, 45, 61, 52, 78, 22, 39, 0, 0, 7, 5
45, 80, 37, 48, 55, 100, 40, 67, 58, 14, 0, 1, 35, 0, 100, 2, 1
32, 92, 12, 66, 42, 29, 18, 0, 0, 24, 17, 78, 56, 100, 100, 97, 5
49, 100, 17, 82, 0, 61, 0, 40, 49, 38, 100, 42, 88, 21, 84, 0, 4
47, 89, 20, 55, 36, 6, 80, 0, 100, 45, 77, 90, 32, 100, 0, 67, 0
100, 100, 57, 81, 23, 58, 0, 35, 7, 9, 61, 0, 68, 20, 20, 22, 6
100, 100, 74, 85, 34, 59, 0, 31, 7, 1, 68, 0, 60, 18, 0, 18, 6
31, 100, 0, 80, 4, 30, 37, 0, 81, 8, 100, 47, 70, 82, 26, 91, 0
97, 89, 68, 100, 32, 68, 13, 32, 39, 0, 100, 10, 46, 26, 0, 10, 6
8, 56, 53, 77, 100, 100, 100, 99, 79, 71, 74, 42, 60, 14, 0, 0, 1
5, 39, 0, 61, 55, 84, 100, 100, 73, 75, 55, 50, 45, 25, 59, 0, 1
0, 66, 47, 100, 81, 98, 79, 50, 85, 0, 27, 0, 23, 8, 100, 0, 1
7, 84, 45, 100, 79, 83, 53, 66, 100, 52, 93, 19, 50, 0, 0, 5, 3
41, 100, 20, 80, 0, 57, 39, 42, 100, 55, 98, 45, 72, 23, 57, 0, 4
20, 85, 27, 50, 94, 51, 87, 3, 27, 0, 0, 53, 32, 89, 100, 100, 5
57, 72, 100, 93, 47, 100, 0, 78, 52, 71, 94, 57, 69, 28, 39, 0, 9
8, 83, 32, 100, 54, 73, 32, 43, 0, 21, 18, 6, 59, 4, 100, 0, 2
13, 100, 11, 83, 0, 59, 28, 40, 92, 46, 96, 48, 91, 23, 100, 0, 4
0, 67, 53, 82, 100, 100, 86, 84, 75, 63, 67, 42, 63, 21, 55, 0, 1
14, 76, 43, 100, 72, 79, 46, 45, 12, 15, 0, 0, 50, 4, 100, 7, 2
100, 100, 53, 92, 20, 64, 11, 29, 38, 0, 85, 8, 55, 32, 0, 29, 6
5, 100, 31, 93, 0, 63, 52, 50, 100, 72, 62, 61, 31, 31, 1, 0, 4
0, 13, 27, 42, 67, 70, 100, 100, 91, 94, 69, 63, 51, 32, 42, 0, 1
30, 63, 61, 100, 100, 82, 76, 39, 42, 0, 74, 9, 53, 49, 0, 63, 8
10, 73, 33, 100, 60, 82, 59, 63, 100, 41, 92, 6, 43, 0, 0, 18, 3
100, 100, 58, 93, 25, 70, 6, 43, 0, 16, 37, 0, 60, 23, 18, 37, 6
14, 63, 19, 100, 63, 96, 60, 57, 27, 26, 0, 0, 50, 6, 100, 12, 2
26, 25, 23, 41, 62, 71, 100, 100, 88, 93, 55, 62, 24, 31, 0, 0, 1
16, 100, 9, 74, 0, 33, 23, 0, 77, 13, 100, 50, 70, 80, 15, 74, 0
91, 98, 47, 100, 49, 72, 92, 96, 100, 93, 73, 57, 43, 23, 0, 0, 9
19, 74, 75, 62, 78, 23, 3, 0, 28, 38, 94, 72, 100, 100, 0, 80, 8
48, 79, 73, 100, 100, 78, 69, 52, 98, 34, 94, 7, 48, 0, 0, 4, 3
55, 94, 30, 100, 84, 99, 63, 66, 77, 58, 100, 31, 60, 3, 0, 0, 3
13, 76, 64, 100, 87, 72, 52, 35, 11, 0, 0, 15, 35, 37, 100, 36, 7
31, 100, 34, 63, 75, 30, 36, 0, 0, 25, 7, 69, 37, 97, 100, 96, 5
72, 100, 32, 76, 5, 47, 0, 15, 47, 0, 100, 12, 59, 24, 3, 17, 6
38, 100, 4, 73, 0, 29, 33, 0, 78, 3, 100, 39, 85, 79, 44, 98, 0
10, 60, 31, 100, 61, 82, 37, 36, 2, 0, 0, 0, 50, 2, 100, 3, 2
100, 100, 62, 89, 28, 64, 1, 34, 0, 0, 43, 2, 45, 32, 5, 23, 6
14, 78, 44, 100, 63, 79, 41, 52, 13, 29, 0, 2, 50, 0, 100, 8, 2
47, 72, 69, 100, 100, 83, 83, 46, 47, 17, 0, 0, 40, 7, 94, 4, 2
27, 76, 62, 100, 84, 76, 66, 41, 37, 11, 0, 3, 50, 1, 100, 0, 2
43, 81, 72, 100, 100, 78, 77, 49, 41, 25, 0, 5, 39, 0, 93, 2, 2
0, 45, 17, 4, 55, 0, 89, 24, 100, 70, 72, 100, 36, 83, 18, 39, 0
72, 100, 26, 94, 0, 62, 0, 28, 38, 0, 100, 4, 67, 24, 21, 1, 6
100, 90, 60, 100, 36, 66, 54, 29, 34, 0, 0, 19, 37, 48, 79, 74, 8
0, 88, 34, 100, 92, 97, 74, 72, 62, 46, 100, 24, 89, 3, 31, 0, 3
38, 100, 12, 67, 19, 9, 62, 0, 100, 30, 83, 82, 39, 91, 0, 66, 0
79, 100, 35, 86, 60, 67, 100, 85, 89, 71, 70, 43, 40, 19, 0, 0, 9
18, 62, 98, 74, 92, 100, 0, 93, 15, 73, 100, 62, 91, 31, 71, 0, 9
0, 80, 36, 100, 81, 92, 49, 65, 86, 53, 100, 24, 57, 4, 6, 0, 3
0, 73, 26, 100, 56, 72, 40, 31, 3, 10, 19, 22, 63, 13, 100, 0, 2
0, 90, 41, 100, 58, 78, 42, 40, 32, 0, 5, 24, 51, 35, 100, 36, 7
35, 72, 26, 94, 91, 100, 82, 67, 64, 51, 100, 26, 53, 0, 0, 3, 3
6, 82, 49, 100, 100, 89, 70, 63, 30, 40, 85, 26, 60, 4, 0, 0, 3
12, 87, 0, 44, 20, 4, 66, 0, 100, 30, 89, 75, 49, 100, 13, 77, 0
4, 80, 3, 52, 47, 54, 55, 0, 10, 2, 0, 80, 43, 100, 100, 95, 5
100, 83, 66, 93, 11, 100, 3, 64, 58, 56, 91, 23, 47, 0, 0, 7, 5
64, 100, 36, 67, 0, 37, 30, 32, 91, 37, 100, 54, 80, 36, 70, 0, 4
57, 70, 57, 100, 55, 66, 33, 36, 0, 16, 23, 9, 60, 0, 100, 3, 2
27, 100, 28, 96, 0, 64, 3, 37, 88, 43, 100, 68, 94, 33, 100, 0, 4
100, 77, 53, 73, 18, 92, 60, 100, 84, 74, 71, 42, 41, 16, 0, 0, 9
100, 100, 61, 93, 33, 65, 15, 33, 25, 0, 64, 6, 44, 33, 0, 37, 6
29, 82, 44, 100, 93, 92, 68, 63, 77, 40, 100, 13, 53, 0, 0, 4, 3
0, 36, 30, 59, 66, 79, 100, 100, 76, 75, 50, 51, 26, 26, 17, 0, 1
16, 92, 0, 70, 68, 36, 68, 0, 15, 25, 53, 63, 100, 100, 34, 92, 8
100, 100, 73, 92, 34, 69, 6, 42, 0, 12, 50, 0, 91, 17, 37, 23, 6
64, 99, 24, 99, 62, 80, 74, 100, 100, 62, 92, 18, 48, 0, 0, 9, 9
30, 78, 64, 100, 90, 82, 62, 57, 95, 42, 100, 17, 52, 4, 0, 0, 3
0, 86, 37, 100, 85, 93, 72, 67, 94, 36, 100, 4, 53, 0, 6, 11, 3
0, 85, 42, 100, 79, 80, 70, 40, 75, 0, 44, 14, 42, 39, 100, 48, 7
0, 37, 29, 60, 68, 82, 100, 100, 77, 75, 57, 51, 45, 25, 45, 0, 1
0, 100, 38, 100, 65, 72, 60, 36, 52, 0, 40, 17, 46, 41, 100, 45, 7
55, 100, 7, 78, 0, 47, 83, 43, 100, 77, 84, 64, 48, 32, 13, 0, 4
20, 73, 58, 100, 62, 87, 55, 42, 41, 3, 0, 0, 50, 1, 100, 6, 1
19, 100, 0, 73, 9, 46, 72, 47, 100, 61, 82, 69, 75, 34, 60, 0, 4
79, 100, 28, 87, 0, 52, 7, 13, 57, 0, 99, 26, 100, 65, 71, 100, 0
57, 51, 100, 74, 87, 100, 27, 94, 0, 69, 57, 58, 75, 32, 65, 0, 9
15, 73, 23, 44, 41, 6, 1, 0, 0, 44, 18, 90, 59, 100, 100, 90, 5
33, 100, 8, 75, 0, 48, 49, 34, 100, 47, 99, 53, 90, 27, 78, 0, 4
15, 100, 1, 55, 0, 7, 37, 0, 74, 24, 100, 62, 80, 99, 39, 95, 0
45, 85, 79, 100, 89, 78, 65, 54, 100, 33, 97, 8, 46, 0, 0, 10, 3
30, 100, 0, 58, 23, 39, 63, 14, 13, 0, 24, 52, 44, 96, 100, 93, 5
2, 77, 54, 100, 100, 79, 86, 47, 59, 16, 63, 0, 73, 27, 0, 43, 8
20, 90, 0, 58, 37, 52, 44, 3, 0, 0, 12, 64, 44, 99, 100, 100, 5
43, 39, 100, 73, 69, 100, 7, 70, 60, 36, 57, 0, 0, 16, 67, 48, 8
0, 82, 41, 100, 90, 88, 69, 59, 73, 48, 100, 19, 56, 0, 3, 5, 3
2, 37, 8, 25, 42, 0, 89, 17, 100, 59, 73, 96, 23, 100, 0, 62, 0
0, 55, 50, 77, 100, 100, 86, 88, 71, 63, 67, 37, 69, 12, 86, 0, 1
16, 100, 0, 82, 6, 47, 70, 47, 100, 71, 94, 73, 92, 36, 95, 0, 4
23, 71, 2, 49, 57, 32, 23, 0, 3, 25, 0, 65, 34, 96, 100, 100, 5
38, 100, 4, 76, 0, 46, 70, 41, 100, 64, 86, 62, 66, 31, 54, 0, 4
100, 98, 59, 100, 19, 86, 8, 54, 42, 54, 67, 28, 42, 3, 0, 0, 5
19, 88, 53, 100, 92, 84, 71, 53, 36, 29, 0, 5, 48, 1, 100, 0, 2
21, 100, 14, 74, 0, 41, 35, 25, 100, 28, 98, 49, 61, 32, 48, 0, 4
32, 78, 92, 100, 100, 72, 68, 38, 29, 6, 0, 0, 0, 32, 81, 35, 7
21, 93, 64, 100, 100, 83, 71, 57, 94, 34, 95, 12, 48, 5, 0, 0, 3
74, 74, 62, 100, 10, 76, 36, 39, 62, 2, 0, 0, 24, 30, 100, 50, 8
0, 71, 29, 100, 70, 88, 65, 38, 28, 10, 11, 16, 56, 11, 100, 0, 2
65, 78, 77, 100, 100, 76, 66, 53, 99, 32, 83, 7, 35, 0, 0, 11, 3
2, 71, 32, 61, 100, 44, 100, 0, 29, 5, 0, 50, 23, 89, 98, 100, 5
99, 82, 66, 100, 0, 85, 13, 56, 84, 67, 100, 68, 85, 33, 70, 0, 9
0, 77, 52, 57, 100, 26, 54, 0, 23, 24, 56, 58, 75, 94, 21, 100, 8
94, 96, 47, 100, 6, 75, 16, 48, 80, 41, 100, 7, 44, 0, 0, 26, 5
66, 76, 34, 100, 5, 76, 43, 39, 44, 0, 0, 17, 45, 50, 100, 76, 8
64, 86, 47, 96, 100, 100, 90, 63, 50, 35, 0, 14, 32, 15, 86, 0, 2
12, 97, 0, 100, 58, 98, 100, 84, 93, 62, 71, 41, 46, 21, 32, 0, 7
95, 90, 70, 95, 0, 100, 0, 66, 69, 59, 100, 27, 53, 0, 16, 13, 5
25, 90, 24, 100, 61, 90, 31, 64, 77, 53, 100, 27, 68, 4, 0, 0, 3
32, 87, 24, 54, 81, 100, 0, 72, 18, 44, 36, 0, 100, 44, 19, 49, 8
14, 76, 57, 100, 63, 55, 13, 72, 71, 86, 100, 37, 52, 0, 0, 21, 9
35, 100, 22, 64, 0, 38, 100, 42, 94, 61, 68, 78, 63, 39, 45, 0, 4
57, 95, 59, 56, 76, 12, 0, 0, 28, 33, 100, 60, 96, 100, 21, 88, 8
6, 88, 52, 100, 100, 92, 83, 71, 54, 52, 65, 32, 48, 12, 0, 0, 3
0, 76, 66, 74, 100, 100, 28, 88, 3, 59, 76, 69, 74, 40, 59, 0, 9
34, 100, 100, 87, 82, 58, 55, 29, 42, 0, 3, 7, 0, 27, 85, 35, 7
66, 89, 100, 100, 99, 81, 77, 61, 64, 38, 67, 15, 38, 1, 0, 0, 3
89, 98, 57, 76, 63, 34, 19, 0, 0, 25, 55, 56, 100, 91, 36, 100, 8
100, 100, 56, 88, 22, 60, 0, 25, 28, 0, 73, 13, 48, 40, 2, 41, 6
20, 92, 58, 100, 100, 87, 72, 60, 71, 38, 95, 15, 49, 4, 0, 0, 3
100, 100, 62, 87, 21, 60, 0, 27, 31, 0, 93, 7, 87, 37, 32, 55, 6
84, 74, 74, 100, 32, 74, 58, 34, 49, 0, 0, 8, 48, 37, 100, 62, 8
21, 99, 0, 60, 3, 17, 50, 0, 94, 25, 100, 68, 64, 100, 15, 90, 0
100, 69, 76, 100, 13, 91, 12, 65, 76, 76, 84, 43, 60, 9, 0, 0, 9
0, 82, 43, 100, 100, 91, 83, 65, 48, 42, 9, 18, 5, 0, 72, 4, 2
93, 77, 47, 100, 8, 68, 70, 33, 74, 0, 0, 20, 52, 57, 100, 92, 8
90, 100, 50, 82, 0, 45, 70, 46, 100, 65, 83, 91, 77, 43, 75, 0, 4
43, 84, 76, 100, 100, 78, 62, 55, 83, 43, 99, 14, 53, 0, 0, 7, 3
62, 73, 23, 69, 0, 90, 68, 100, 100, 78, 77, 50, 43, 24, 2, 0, 9
85, 92, 52, 100, 56, 76, 83, 85, 100, 44, 88, 6, 42, 0, 0, 10, 9
53, 98, 88, 100, 100, 80, 78, 60, 58, 40, 57, 17, 35, 0, 0, 3, 3
61, 83, 19, 100, 3, 62, 15, 21, 0, 0, 0, 40, 47, 62, 100, 79, 8
0, 75, 8, 100, 52, 99, 96, 98, 100, 81, 83, 54, 68, 27, 58, 0, 7
68, 100, 29, 90, 0, 59, 1, 17, 38, 0, 77, 13, 100, 48, 78, 82, 0
6, 90, 0, 52, 38, 29, 8, 0, 2, 34, 13, 78, 52, 96, 100, 100, 5
0, 46, 37, 60, 69, 80, 100, 100, 94, 78, 88, 51, 85, 24, 87, 0, 1
43, 92, 100, 100, 85, 97, 19, 90, 55, 66, 90, 37, 64, 8, 0, 0, 5
77, 82, 55, 100, 45, 76, 91, 81, 100, 47, 90, 14, 46, 0, 0, 10, 9
4, 93, 50, 100, 82, 79, 49, 50, 70, 45, 100, 19, 56, 0, 0, 10, 3
24, 75, 24, 100, 70, 81, 60, 48, 65, 41, 100, 16, 49, 0, 0, 20, 3
100, 87, 9, 100, 0, 67, 74, 37, 94, 0, 21, 15, 60, 56, 93, 94, 8
21, 82, 55, 100, 69, 65, 40, 26, 0, 0, 4, 6, 51, 6, 100, 5, 2
0, 88, 45, 100, 66, 72, 27, 48, 59, 43, 100, 21, 60, 0, 7, 4, 3
11, 91, 57, 100, 100, 93, 66, 62, 33, 29, 5, 0, 0, 35, 60, 37, 7
39, 79, 8, 71, 0, 24, 40, 0, 87, 24, 100, 69, 62, 100, 16, 80, 0
100, 75, 82, 100, 29, 91, 20, 74, 74, 74, 63, 42, 30, 15, 0, 0, 9
13, 78, 35, 100, 83, 96, 63, 66, 27, 42, 0, 13, 43, 0, 100, 1, 2
86, 80, 28, 73, 34, 100, 77, 82, 91, 49, 100, 16, 60, 0, 0, 11, 9
74, 100, 38, 79, 0, 49, 53, 53, 100, 62, 73, 84, 56, 42, 42, 0, 4
26, 94, 0, 80, 47, 41, 68, 0, 5, 9, 52, 46, 100, 84, 36, 100, 8
55, 89, 23, 90, 0, 49, 18, 8, 73, 0, 100, 37, 83, 80, 32, 100, 0
34, 100, 24, 70, 0, 41, 27, 26, 86, 27, 100, 51, 98, 31, 97, 0, 4
0, 39, 47, 63, 88, 87, 100, 100, 76, 75, 53, 50, 29, 25, 29, 0, 1
0, 90, 38, 100, 87, 93, 90, 56, 77, 16, 64, 0, 50, 29, 100, 28, 7
56, 100, 14, 75, 0, 42, 57, 28, 98, 53, 100, 65, 73, 34, 71, 0, 4
25, 67, 79, 49, 100, 13, 51, 0, 54, 37, 78, 73, 61, 100, 0, 79, 8
41, 100, 0, 84, 16, 56, 95, 55, 100, 86, 70, 64, 51, 32, 42, 0, 4
21, 85, 1, 41, 23, 1, 75, 0, 100, 39, 78, 83, 31, 100, 0, 64, 0
11, 78, 35, 100, 52, 73, 31, 43, 0, 20, 20, 9, 60, 4, 100, 0, 2
0, 79, 40, 100, 78, 73, 61, 35, 31, 0, 30, 22, 31, 45, 100, 45, 7
55, 100, 17, 76, 0, 50, 3, 22, 41, 0, 100, 10, 62, 24, 10, 8, 6
15, 95, 7, 70, 14, 20, 64, 0, 100, 36, 83, 85, 30, 100, 0, 59, 0
55, 95, 78, 100, 71, 60, 41, 27, 0, 0, 1, 26, 52, 21, 100, 4, 2
26, 97, 29, 100, 75, 99, 100, 83, 82, 61, 56, 39, 27, 20, 0, 0, 7
0, 98, 34, 100, 53, 78, 47, 47, 72, 26, 100, 8, 68, 0, 36, 8, 3
0, 45, 19, 64, 59, 83, 100, 100, 89, 77, 67, 51, 46, 25, 26, 0, 1
50, 100, 20, 75, 2, 46, 0, 17, 43, 0, 100, 10, 73, 32, 16, 24, 6
46, 100, 31, 95, 8, 69, 0, 41, 56, 39, 100, 50, 65, 26, 54, 0, 4
26, 84, 63, 100, 73, 80, 71, 60, 100, 37, 84, 9, 41, 0, 0, 10, 3
57, 94, 18, 85, 4, 37, 39, 0, 94, 17, 100, 65, 60, 100, 0, 99, 0
68, 73, 63, 100, 15, 86, 68, 68, 100, 66, 98, 25, 51, 4, 0, 0, 9
85, 100, 23, 83, 0, 42, 13, 0, 78, 5, 100, 47, 84, 88, 16, 81, 0
39, 79, 73, 100, 99, 79, 73, 50, 100, 32, 87, 5, 42, 0, 0, 12, 3
87, 100, 45, 83, 14, 54, 0, 21, 42, 0, 100, 8, 77, 31, 18, 29, 6
100, 82, 61, 100, 50, 68, 72, 31, 38, 0, 0, 16, 31, 49, 78, 76, 8
25, 92, 20, 41, 67, 47, 55, 0, 20, 30, 0, 76, 43, 100, 100, 99, 5
26, 100, 0, 83, 23, 51, 83, 42, 100, 55, 79, 84, 56, 42, 37, 0, 4
0, 58, 0, 14, 38, 0, 77, 16, 100, 55, 82, 95, 42, 100, 9, 74, 0
19, 100, 84, 89, 84, 59, 63, 29, 37, 0, 0, 9, 16, 32, 100, 31, 7
54, 73, 78, 100, 90, 67, 67, 31, 29, 3, 0, 8, 49, 10, 100, 0, 2
54, 89, 17, 61, 0, 19, 38, 0, 81, 21, 100, 63, 77, 100, 32, 89, 0
0, 39, 4, 57, 51, 79, 100, 100, 96, 81, 68, 54, 40, 27, 15, 0, 1
36, 80, 0, 64, 37, 41, 25, 0, 1, 8, 7, 54, 43, 88, 100, 100, 5
31, 100, 0, 82, 47, 46, 97, 12, 44, 0, 31, 33, 95, 61, 100, 91, 8
100, 76, 73, 100, 18, 95, 11, 66, 66, 65, 74, 48, 49, 16, 0, 0, 9
48, 89, 8, 67, 48, 33, 43, 0, 0, 12, 6, 66, 41, 100, 100, 88, 5
0, 84, 47, 100, 100, 98, 75, 76, 50, 55, 92, 35, 77, 9, 25, 0, 3
25, 79, 57, 100, 85, 78, 56, 45, 84, 42, 100, 11, 52, 0, 0, 2, 3
2, 82, 42, 100, 100, 97, 76, 73, 42, 53, 85, 33, 56, 8, 0, 0, 3
0, 25, 26, 48, 66, 73, 100, 100, 96, 93, 72, 62, 48, 31, 31, 0, 1
27, 100, 41, 75, 0, 48, 43, 47, 84, 56, 100, 68, 93, 31, 82, 0, 4
95, 71, 100, 100, 39, 100, 0, 76, 55, 76, 93, 59, 76, 29, 55, 0, 9
30, 81, 62, 43, 64, 0, 29, 15, 62, 52, 100, 87, 58, 100, 0, 87, 8
43, 100, 0, 88, 67, 47, 85, 0, 17, 16, 83, 56, 100, 93, 17, 74, 8
18, 79, 30, 66, 78, 36, 52, 0, 10, 20, 0, 61, 21, 95, 100, 100, 5
73, 100, 12, 90, 0, 55, 65, 61, 100, 71, 99, 32, 65, 0, 3, 6, 9
0, 100, 45, 92, 100, 78, 67, 39, 31, 1, 10, 0, 27, 28, 93, 34, 7
7, 89, 52, 100, 81, 82, 46, 59, 55, 37, 100, 18, 56, 3, 0, 0, 3
31, 78, 35, 100, 77, 85, 76, 50, 43, 23, 0, 2, 48, 1, 100, 0, 2
40, 90, 0, 69, 1, 24, 45, 0, 88, 27, 100, 71, 61, 100, 15, 76, 0
0, 67, 43, 74, 78, 91, 100, 100, 95, 74, 87, 49, 84, 23, 96, 0, 1
33, 100, 0, 84, 3, 54, 52, 41, 100, 46, 69, 59, 51, 30, 41, 0, 4
17, 98, 0, 47, 31, 3, 84, 0, 100, 50, 71, 98, 23, 100, 3, 52, 0
100, 80, 60, 62, 0, 48, 26, 79, 81, 100, 90, 67, 59, 32, 30, 0, 9
100, 100, 61, 96, 33, 73, 11, 48, 0, 21, 24, 0, 59, 15, 17, 22, 6
29, 67, 7, 26, 42, 0, 90, 19, 100, 62, 75, 100, 25, 95, 0, 55, 0
100, 74, 69, 100, 16, 88, 47, 76, 100, 74, 91, 37, 54, 8, 0, 0, 9
0, 92, 49, 100, 100, 95, 93, 70, 93, 44, 99, 18, 51, 7, 0, 0, 3
17, 100, 0, 72, 8, 46, 67, 46, 100, 54, 74, 68, 64, 34, 55, 0, 4
12, 57, 50, 84, 83, 100, 66, 58, 49, 16, 0, 5, 39, 5, 100, 0, 1
17, 97, 3, 55, 14, 10, 66, 0, 100, 37, 90, 83, 39, 100, 0, 66, 0
53, 100, 26, 69, 9, 34, 18, 0, 79, 2, 100, 32, 38, 28, 0, 1, 6
0, 42, 29, 68, 63, 100, 56, 84, 41, 49, 31, 14, 26, 0, 100, 11, 1
38, 79, 69, 100, 76, 60, 46, 25, 3, 2, 0, 3, 50, 0, 100, 1, 2
30, 90, 100, 100, 65, 93, 0, 76, 37, 61, 100, 42, 78, 12, 8, 0, 5
48, 100, 28, 94, 14, 62, 10, 29, 35, 0, 100, 18, 53, 31, 0, 8, 6
0, 0, 27, 24, 51, 53, 75, 81, 100, 100, 92, 67, 86, 34, 86, 1, 1
48, 87, 13, 59, 0, 10, 43, 0, 84, 29, 100, 77, 64, 100, 26, 68, 0
90, 68, 41, 64, 15, 88, 68, 100, 100, 78, 75, 49, 40, 23, 0, 0, 9
46, 100, 55, 65, 100, 90, 42, 91, 75, 65, 82, 53, 63, 13, 0, 0, 9
100, 100, 53, 98, 28, 77, 34, 57, 79, 53, 76, 24, 39, 4, 0, 0, 5
34, 100, 16, 50, 59, 40, 33, 0, 0, 14, 10, 70, 48, 95, 100, 94, 5
48, 100, 21, 80, 0, 50, 37, 36, 100, 37, 95, 61, 95, 30, 96, 0, 4
58, 56, 55, 100, 0, 74, 68, 42, 100, 0, 19, 1, 29, 45, 87, 83, 8
1, 66, 0, 25, 39, 0, 84, 8, 100, 53, 75, 95, 32, 100, 12, 59, 0
65, 92, 19, 70, 0, 36, 6, 0, 62, 1, 97, 31, 100, 67, 77, 100, 0
41, 94, 71, 72, 95, 33, 34, 0, 0, 27, 51, 63, 100, 100, 41, 94, 8
95, 31, 44, 2, 0, 26, 11, 69, 60, 100, 100, 73, 84, 30, 40, 0, 0
76, 81, 25, 100, 35, 64, 94, 31, 75, 0, 0, 22, 28, 58, 100, 88, 8
0, 64, 2, 26, 35, 0, 77, 12, 100, 46, 96, 85, 58, 100, 19, 80, 0
0, 49, 53, 74, 95, 100, 88, 94, 74, 65, 72, 37, 82, 9, 100, 0, 1
58, 100, 12, 77, 0, 59, 62, 60, 100, 77, 85, 59, 61, 30, 36, 0, 4
0, 73, 48, 81, 88, 100, 100, 99, 94, 73, 88, 48, 82, 22, 91, 0, 1
0, 80, 34, 100, 86, 100, 83, 73, 51, 50, 100, 37, 85, 12, 36, 0, 3
2, 91, 80, 100, 82, 67, 57, 33, 28, 0, 0, 17, 13, 40, 100, 44, 7
46, 76, 66, 100, 100, 84, 74, 58, 88, 44, 95, 18, 52, 0, 0, 5, 3
34, 90, 35, 62, 51, 24, 8, 0, 0, 40, 1, 82, 46, 100, 100, 99, 5
72, 97, 23, 80, 0, 37, 22, 0, 76, 18, 100, 61, 79, 100, 24, 93, 0
86, 100, 39, 87, 12, 57, 0, 26, 31, 0, 100, 8, 61, 21, 2, 6, 6
51, 63, 59, 100, 79, 70, 56, 31, 20, 0, 0, 6, 47, 24, 100, 19, 2
44, 74, 53, 100, 50, 73, 46, 42, 44, 10, 0, 0, 35, 5, 100, 7, 1
100, 94, 50, 100, 22, 76, 30, 51, 78, 44, 87, 14, 48, 0, 0, 5, 5
31, 74, 62, 37, 55, 0, 0, 17, 46, 49, 100, 78, 83, 100, 34, 72, 8
0, 82, 42, 100, 100, 90, 86, 62, 46, 39, 1, 17, 26, 1, 93, 0, 2
100, 100, 48, 96, 15, 64, 0, 31, 25, 0, 95, 8, 94, 38, 25, 31, 6
0, 37, 50, 49, 80, 74, 100, 100, 96, 76, 86, 50, 70, 23, 59, 0, 1
0, 60, 49, 78, 97, 100, 100, 94, 92, 71, 77, 47, 59, 23, 33, 0, 1
29, 71, 45, 100, 83, 78, 68, 38, 33, 7, 0, 9, 52, 20, 100, 0, 2
74, 47, 100, 72, 82, 100, 30, 94, 0, 69, 41, 51, 83, 32, 83, 0, 9
29, 100, 0, 61, 8, 14, 59, 0, 100, 33, 97, 80, 48, 91, 18, 53, 0
100, 100, 72, 88, 52, 60, 34, 31, 32, 0, 75, 4, 51, 25, 0, 24, 6
27, 82, 52, 100, 62, 72, 32, 45, 0, 20, 11, 0, 55, 2, 100, 6, 2
16, 93, 32, 55, 61, 19, 34, 0, 1, 34, 0, 76, 45, 100, 100, 96, 5
0, 78, 34, 100, 67, 83, 66, 40, 54, 0, 34, 28, 62, 46, 100, 63, 7
19, 78, 0, 40, 9, 0, 64, 6, 99, 38, 100, 80, 54, 100, 2, 86, 0
0, 93, 39, 100, 90, 89, 87, 45, 86, 0, 41, 13, 45, 36, 100, 44, 7
18, 100, 0, 76, 20, 46, 75, 56, 100, 90, 69, 68, 43, 34, 19, 0, 4
0, 55, 41, 76, 63, 100, 69, 92, 71, 68, 78, 43, 88, 18, 100, 0, 1
5, 100, 10, 71, 33, 71, 33, 80, 48, 37, 40, 0, 0, 4, 100, 6, 1
50, 100, 9, 73, 0, 34, 24, 0, 78, 19, 100, 55, 77, 89, 21, 78, 0
42, 79, 45, 100, 79, 86, 60, 46, 29, 12, 0, 6, 50, 10, 100, 0, 2
15, 92, 0, 94, 56, 98, 100, 100, 66, 79, 46, 53, 37, 27, 43, 0, 7
100, 63, 46, 61, 0, 71, 23, 100, 66, 99, 73, 65, 72, 32, 80, 0, 9
36, 65, 49, 100, 73, 71, 58, 33, 27, 1, 0, 1, 50, 6, 100, 0, 2
8, 70, 43, 50, 44, 15, 10, 0, 0, 37, 12, 68, 55, 86, 100, 100, 5
16, 87, 53, 100, 82, 82, 40, 56, 75, 50, 100, 20, 56, 0, 0, 4, 3
27, 50, 79, 68, 100, 100, 46, 85, 42, 42, 51, 1, 0, 0, 35, 33, 8
25, 88, 39, 61, 92, 24, 27, 0, 15, 33, 77, 68, 100, 100, 0, 88, 8
57, 92, 18, 72, 42, 30, 7, 0, 0, 39, 50, 69, 100, 99, 43, 100, 8
22, 79, 78, 63, 100, 100, 20, 96, 74, 76, 100, 49, 87, 6, 0, 0, 9
0, 69, 38, 86, 62, 100, 52, 53, 57, 5, 100, 3, 51, 3, 11, 0, 1
83, 63, 77, 55, 100, 15, 35, 0, 23, 38, 70, 73, 63, 100, 0, 78, 8
0, 71, 38, 95, 47, 100, 49, 49, 39, 4, 2, 1, 53, 1, 100, 0, 1
7, 55, 45, 74, 86, 100, 100, 96, 71, 68, 41, 39, 14, 9, 0, 0, 1
70, 100, 49, 72, 100, 71, 64, 97, 69, 69, 86, 32, 54, 2, 0, 0, 9
37, 100, 30, 87, 7, 62, 0, 35, 59, 29, 100, 51, 78, 27, 74, 0, 4
15, 80, 0, 48, 45, 31, 51, 0, 30, 36, 13, 76, 46, 100, 100, 99, 5
10, 86, 0, 97, 50, 99, 100, 100, 79, 78, 63, 53, 50, 26, 47, 0, 7
73, 90, 24, 77, 0, 39, 20, 0, 73, 2, 100, 40, 97, 81, 52, 100, 0
42, 63, 100, 85, 54, 100, 42, 62, 62, 22, 0, 0, 0, 27, 73, 51, 8
0, 78, 36, 100, 68, 72, 70, 35, 56, 0, 27, 21, 39, 50, 100, 57, 7
15, 85, 0, 40, 18, 0, 64, 8, 93, 44, 100, 89, 58, 100, 16, 79, 0
35, 77, 44, 100, 100, 99, 71, 69, 80, 39, 90, 7, 33, 0, 0, 24, 3
16, 83, 60, 100, 100, 80, 71, 53, 72, 45, 96, 22, 49, 0, 0, 3, 3
43, 62, 33, 100, 79, 92, 74, 47, 39, 14, 0, 0, 49, 10, 100, 8, 2
0, 95, 62, 100, 96, 71, 58, 36, 31, 0, 100, 20, 94, 38, 1, 42, 7
63, 93, 69, 100, 38, 67, 16, 31, 43, 4, 100, 22, 48, 25, 0, 0, 6
100, 83, 29, 71, 0, 85, 63, 100, 100, 79, 96, 52, 92, 26, 100, 0, 9
0, 59, 20, 79, 100, 100, 100, 90, 60, 67, 33, 44, 7, 22, 33, 0, 1
31, 94, 100, 100, 66, 96, 5, 79, 0, 50, 69, 37, 92, 10, 22, 0, 5
41, 75, 46, 100, 87, 86, 70, 53, 38, 25, 0, 19, 53, 18, 100, 0, 2
47, 96, 100, 100, 53, 93, 15, 74, 46, 58, 77, 34, 51, 9, 0, 0, 5
87, 78, 50, 94, 16, 59, 0, 19, 45, 0, 99, 24, 100, 63, 67, 100, 0
0, 73, 48, 91, 62, 100, 56, 46, 71, 12, 100, 16, 42, 6, 15, 0, 1
35, 100, 35, 87, 14, 62, 0, 35, 35, 16, 97, 34, 100, 26, 89, 0, 4
100, 100, 66, 90, 26, 66, 0, 40, 4, 12, 62, 0, 80, 19, 10, 16, 6
12, 74, 66, 73, 100, 100, 39, 96, 0, 68, 62, 70, 49, 40, 27, 0, 9
20, 98, 49, 100, 51, 65, 31, 36, 0, 16, 28, 10, 64, 5, 100, 0, 2
53, 100, 36, 91, 15, 55, 10, 17, 61, 0, 100, 21, 59, 50, 0, 61, 6
3, 15, 44, 51, 88, 88, 46, 100, 42, 63, 100, 31, 72, 0, 0, 17, 8
51, 82, 27, 57, 99, 75, 55, 100, 47, 64, 100, 52, 77, 4, 0, 0, 9
0, 92, 44, 100, 91, 93, 100, 56, 85, 18, 61, 0, 40, 27, 86, 35, 7
15, 73, 41, 100, 87, 93, 60, 64, 99, 43, 100, 8, 50, 0, 0, 11, 3
0, 92, 44, 100, 100, 92, 66, 62, 37, 31, 10, 0, 7, 19, 58, 31, 7
30, 96, 0, 64, 10, 23, 50, 0, 89, 25, 100, 65, 76, 100, 25, 96, 0
39, 83, 58, 100, 100, 90, 80, 63, 94, 37, 80, 9, 35, 0, 0, 17, 3
28, 100, 4, 63, 0, 20, 32, 0, 73, 24, 100, 59, 77, 89, 30, 85, 0
32, 67, 48, 100, 82, 83, 72, 48, 43, 19, 0, 0, 47, 13, 100, 12, 2
56, 100, 30, 57, 0, 34, 56, 40, 100, 49, 88, 86, 62, 43, 40, 0, 4
0, 73, 30, 100, 62, 86, 46, 48, 13, 22, 21, 21, 58, 4, 100, 0, 2
69, 100, 27, 79, 3, 51, 8, 21, 51, 0, 100, 3, 56, 22, 0, 28, 6
26, 100, 7, 77, 0, 44, 43, 35, 86, 46, 100, 67, 91, 33, 79, 0, 4
28, 96, 0, 62, 12, 12, 47, 0, 82, 11, 100, 58, 77, 100, 42, 99, 0
74, 100, 40, 77, 0, 53, 44, 45, 100, 51, 76, 54, 51, 27, 35, 0, 4
0, 0, 39, 9, 74, 28, 95, 52, 100, 79, 73, 100, 42, 85, 77, 67, 9
0, 83, 41, 100, 72, 81, 32, 55, 74, 48, 100, 19, 54, 0, 0, 15, 3
57, 74, 45, 100, 14, 69, 46, 33, 39, 0, 0, 23, 49, 49, 100, 73, 8
42, 79, 53, 100, 68, 75, 48, 48, 17, 24, 0, 10, 50, 7, 100, 0, 2
34, 89, 0, 64, 47, 49, 61, 8, 25, 0, 33, 53, 45, 100, 100, 92, 5
66, 82, 15, 81, 25, 36, 52, 0, 0, 12, 52, 55, 100, 100, 35, 76, 8
77, 100, 31, 73, 0, 50, 68, 51, 100, 56, 69, 82, 46, 41, 23, 0, 4
59, 86, 26, 92, 0, 49, 21, 5, 68, 0, 100, 35, 82, 81, 39, 100, 0
18, 100, 0, 76, 0, 49, 65, 41, 100, 66, 80, 55, 72, 27, 70, 0, 4
0, 91, 40, 100, 94, 94, 60, 75, 84, 52, 100, 27, 53, 12, 1, 0, 3
20, 63, 42, 100, 36, 88, 30, 46, 23, 4, 0, 2, 50, 0, 100, 4, 1
30, 100, 25, 82, 0, 48, 11, 38, 64, 45, 100, 54, 91, 37, 85, 0, 4
29, 100, 14, 81, 0, 50, 64, 44, 100, 62, 92, 64, 84, 32, 83, 0, 4
32, 76, 60, 100, 77, 79, 56, 50, 26, 25, 0, 3, 50, 4, 100, 0, 2
0, 67, 47, 91, 78, 100, 64, 59, 49, 18, 2, 0, 37, 4, 100, 5, 1
3, 100, 0, 58, 40, 98, 20, 85, 28, 35, 2, 3, 2, 0, 100, 4, 1
53, 67, 40, 56, 100, 71, 61, 100, 42, 50, 89, 74, 68, 19, 0, 0, 9
2, 100, 96, 97, 76, 67, 65, 33, 59, 0, 35, 9, 0, 37, 100, 37, 7
0, 78, 37, 100, 62, 89, 51, 60, 98, 45, 100, 13, 53, 0, 10, 14, 3
97, 100, 48, 92, 15, 56, 4, 17, 63, 4, 100, 34, 30, 34, 0, 0, 6
20, 100, 10, 69, 0, 38, 38, 23, 94, 30, 100, 60, 81, 30, 72, 0, 4
43, 100, 28, 75, 0, 45, 26, 26, 95, 32, 100, 60, 75, 32, 59, 0, 4
54, 88, 100, 100, 85, 94, 38, 80, 59, 59, 83, 29, 47, 1, 0, 0, 5
0, 37, 10, 55, 72, 77, 100, 100, 83, 75, 72, 50, 55, 25, 41, 0, 1
30, 83, 64, 100, 100, 85, 64, 63, 98, 41, 98, 14, 48, 0, 0, 10, 3
35, 80, 73, 100, 95, 84, 55, 62, 100, 44, 97, 14, 49, 0, 0, 9, 3
65, 100, 46, 91, 2, 58, 0, 31, 66, 31, 100, 60, 49, 39, 20, 0, 4
96, 73, 44, 55, 0, 74, 32, 100, 88, 91, 100, 58, 83, 24, 42, 0, 9
27, 84, 27, 56, 74, 30, 42, 0, 17, 27, 0, 64, 35, 94, 100, 100, 5
69, 45, 100, 75, 66, 100, 9, 82, 0, 48, 65, 53, 98, 38, 87, 0, 9
100, 90, 40, 100, 0, 73, 75, 76, 94, 95, 87, 63, 75, 31, 77, 0, 9
2, 55, 50, 76, 93, 100, 100, 98, 90, 70, 83, 42, 62, 14, 0, 0, 1
0, 79, 6, 64, 41, 51, 84, 21, 23, 0, 16, 51, 25, 100, 100, 94, 5
48, 91, 91, 99, 100, 100, 55, 93, 25, 63, 57, 34, 44, 2, 0, 0, 5
0, 93, 40, 100, 60, 64, 61, 20, 55, 0, 25, 30, 57, 40, 100, 42, 7
50, 92, 100, 100, 51, 96, 22, 60, 43, 42, 86, 31, 49, 0, 0, 0, 5
60, 65, 95, 100, 100, 76, 67, 38, 37, 0, 76, 8, 57, 44, 0, 62, 8
36, 82, 32, 63, 67, 33, 37, 0, 0, 12, 26, 54, 50, 94, 100, 100, 5
0, 86, 39, 100, 51, 66, 35, 32, 8, 1, 1, 0, 51, 15, 100, 0, 2
32, 100, 57, 90, 46, 51, 25, 15, 6, 0, 0, 38, 48, 46, 100, 48, 7
35, 78, 50, 100, 100, 91, 78, 61, 88, 47, 95, 16, 47, 0, 0, 7, 3
1, 74, 23, 100, 83, 87, 75, 42, 49, 0, 100, 2, 55, 34, 0, 64, 8
15, 91, 2, 47, 67, 53, 53, 4, 5, 0, 0, 56, 31, 91, 100, 100, 5
5, 76, 38, 100, 100, 98, 88, 69, 48, 44, 95, 26, 61, 2, 0, 0, 3
50, 98, 10, 61, 0, 10, 49, 0, 95, 27, 100, 76, 52, 100, 2, 86, 0
24, 97, 28, 66, 80, 41, 71, 0, 0, 9, 7, 51, 26, 92, 100, 100, 5
36, 77, 65, 100, 100, 83, 74, 52, 80, 41, 88, 14, 44, 0, 0, 10, 3
0, 96, 59, 100, 100, 74, 95, 36, 75, 0, 97, 7, 97, 28, 34, 30, 7
55, 100, 26, 83, 0, 59, 37, 39, 96, 44, 100, 53, 87, 26, 71, 0, 4
16, 100, 0, 63, 61, 63, 100, 25, 46, 0, 19, 44, 29, 90, 98, 100, 5
0, 98, 30, 100, 66, 98, 100, 93, 76, 71, 56, 46, 47, 17, 43, 0, 7
0, 88, 49, 100, 87, 83, 78, 48, 74, 14, 72, 0, 48, 31, 100, 40, 7
0, 78, 51, 100, 100, 79, 86, 44, 62, 11, 44, 0, 1, 28, 73, 34, 7
25, 100, 13, 73, 0, 39, 50, 44, 100, 48, 64, 69, 43, 36, 40, 0, 4
100, 100, 41, 74, 0, 46, 75, 51, 96, 65, 85, 82, 77, 41, 80, 0, 4
57, 61, 94, 86, 52, 100, 0, 81, 43, 68, 100, 56, 87, 26, 54, 0, 9
36, 91, 39, 53, 40, 15, 0, 0, 2, 31, 19, 71, 57, 91, 100, 100, 5
4, 85, 18, 63, 74, 47, 47, 0, 9, 16, 0, 70, 34, 95, 100, 100, 5
19, 100, 0, 71, 0, 40, 51, 29, 100, 40, 90, 62, 82, 31, 82, 0, 4
27, 72, 42, 100, 87, 96, 69, 58, 35, 28, 0, 7, 50, 5, 100, 0, 2
0, 85, 36, 100, 45, 74, 24, 51, 80, 56, 100, 31, 61, 10, 6, 0, 3
50, 77, 57, 100, 100, 91, 77, 62, 95, 36, 90, 6, 42, 0, 0, 18, 3
12, 82, 34, 45, 49, 0, 18, 2, 0, 48, 4, 89, 51, 100, 100, 99, 5
0, 67, 52, 79, 81, 100, 88, 87, 88, 64, 88, 41, 90, 18, 100, 0, 1
86, 85, 47, 64, 0, 76, 34, 100, 78, 88, 81, 58, 81, 28, 100, 0, 9
0, 93, 11, 57, 69, 38, 42, 0, 4, 14, 5, 61, 35, 94, 100, 100, 5
100, 100, 54, 80, 19, 56, 0, 31, 17, 7, 81, 0, 98, 20, 31, 17, 6
23, 70, 44, 60, 90, 36, 58, 0, 0, 13, 9, 56, 27, 94, 100, 100, 5
0, 47, 21, 68, 59, 90, 100, 100, 87, 75, 70, 50, 52, 25, 43, 0, 1
5, 64, 28, 100, 63, 83, 43, 43, 8, 12, 0, 0, 50, 2, 100, 4, 2
3, 100, 0, 83, 2, 53, 49, 40, 100, 52, 92, 57, 71, 29, 60, 0, 4
38, 86, 70, 69, 94, 100, 36, 84, 90, 79, 100, 43, 68, 6, 0, 0, 9
0, 92, 31, 97, 96, 100, 100, 74, 72, 37, 57, 0, 18, 33, 73, 37, 7
28, 89, 63, 100, 84, 71, 69, 38, 32, 14, 0, 17, 52, 13, 100, 0, 2
28, 64, 39, 100, 78, 98, 62, 61, 30, 31, 0, 13, 51, 10, 100, 0, 2
36, 98, 8, 67, 0, 21, 40, 0, 85, 29, 100, 72, 59, 100, 15, 75, 0
100, 84, 57, 88, 73, 43, 63, 0, 0, 6, 45, 45, 99, 80, 83, 100, 8
0, 71, 44, 85, 85, 100, 100, 96, 95, 71, 88, 46, 86, 21, 85, 0, 1
19, 89, 64, 100, 70, 61, 41, 27, 0, 4, 4, 3, 52, 4, 100, 0, 2
19, 100, 0, 76, 29, 53, 98, 58, 100, 83, 87, 68, 84, 34, 86, 0, 4
0, 73, 25, 100, 54, 99, 39, 65, 18, 35, 22, 7, 61, 5, 100, 0, 2
23, 49, 81, 69, 100, 100, 35, 87, 33, 53, 68, 21, 13, 0, 0, 28, 8
21, 71, 65, 100, 95, 77, 65, 34, 24, 0, 0, 10, 51, 23, 100, 1, 2
21, 83, 0, 65, 0, 28, 35, 0, 84, 17, 100, 53, 84, 88, 30, 100, 0
0, 17, 100, 38, 96, 69, 91, 100, 78, 94, 70, 62, 65, 31, 70, 0, 1
0, 94, 48, 100, 85, 80, 78, 41, 75, 0, 96, 1, 100, 32, 45, 37, 7
56, 92, 100, 100, 87, 99, 44, 87, 28, 54, 68, 36, 45, 6, 0, 0, 5
0, 56, 29, 70, 66, 87, 100, 100, 88, 75, 73, 50, 58, 25, 48, 0, 1
16, 100, 0, 63, 40, 37, 100, 37, 87, 83, 73, 95, 71, 47, 68, 0, 4
100, 100, 90, 96, 45, 71, 14, 43, 16, 12, 78, 0, 72, 16, 0, 18, 6
0, 91, 27, 100, 69, 83, 60, 42, 54, 0, 100, 22, 76, 44, 23, 49, 7
42, 100, 19, 74, 0, 47, 7, 20, 62, 17, 100, 39, 84, 28, 82, 0, 4
0, 43, 13, 66, 45, 88, 77, 100, 68, 74, 68, 48, 70, 22, 100, 0, 1
0, 37, 31, 56, 60, 79, 90, 100, 100, 89, 89, 59, 78, 30, 67, 0, 1
0, 98, 42, 100, 65, 64, 47, 23, 21, 0, 3, 40, 51, 46, 100, 49, 7
0, 75, 14, 31, 47, 0, 89, 10, 100, 54, 76, 93, 35, 100, 13, 62, 0
88, 100, 49, 85, 12, 52, 0, 13, 55, 0, 100, 26, 42, 35, 12, 5, 6
24, 92, 68, 100, 100, 83, 57, 68, 80, 41, 89, 14, 41, 9, 0, 0, 3
12, 62, 0, 58, 7, 11, 59, 0, 100, 29, 92, 76, 47, 100, 8, 69, 0
26, 80, 23, 56, 60, 24, 28, 0, 0, 24, 13, 68, 47, 97, 100, 100, 5
7, 94, 57, 100, 56, 62, 41, 25, 30, 0, 0, 33, 41, 39, 100, 38, 7
16, 90, 0, 57, 13, 12, 62, 0, 100, 30, 90, 76, 45, 100, 3, 77, 0
68, 92, 22, 71, 0, 27, 36, 0, 84, 22, 100, 66, 67, 100, 17, 83, 0
70, 98, 0, 99, 36, 48, 93, 0, 4, 0, 16, 46, 100, 79, 48, 100, 8
50, 77, 73, 100, 81, 61, 51, 26, 6, 0, 0, 24, 51, 29, 100, 6, 2
23, 75, 20, 52, 49, 17, 17, 0, 0, 43, 9, 78, 53, 92, 100, 100, 5
4, 62, 61, 32, 53, 0, 0, 11, 53, 42, 100, 74, 80, 100, 12, 74, 8
0, 70, 19, 100, 65, 79, 59, 40, 12, 17, 3, 15, 59, 6, 100, 0, 2
21, 98, 0, 100, 54, 100, 100, 100, 60, 81, 32, 57, 21, 29, 19, 0, 7
100, 100, 61, 82, 29, 57, 8, 29, 22, 0, 66, 3, 45, 20, 0, 15, 6
24, 84, 47, 100, 44, 67, 26, 39, 0, 16, 28, 4, 64, 0, 100, 0, 2
0, 98, 54, 100, 79, 67, 56, 31, 20, 0, 6, 33, 40, 49, 100, 44, 7
54, 87, 72, 100, 100, 100, 69, 100, 42, 84, 44, 45, 28, 10, 0, 0, 5
24, 100, 9, 84, 0, 60, 41, 43, 100, 53, 76, 47, 72, 23, 80, 0, 4
59, 100, 25, 75, 0, 42, 6, 6, 61, 0, 100, 25, 54, 33, 25, 6, 6
100, 100, 70, 86, 32, 63, 5, 37, 0, 10, 51, 0, 62, 15, 3, 17, 6
38, 88, 80, 100, 100, 82, 75, 58, 99, 35, 76, 10, 33, 0, 0, 19, 3
0, 91, 40, 100, 65, 69, 62, 29, 48, 0, 16, 31, 51, 40, 100, 48, 7
0, 87, 3, 97, 52, 100, 100, 96, 100, 70, 71, 47, 40, 24, 15, 0, 7
17, 69, 0, 27, 42, 0, 92, 13, 100, 58, 63, 95, 11, 100, 0, 62, 0
93, 95, 40, 98, 9, 62, 0, 21, 47, 0, 100, 22, 99, 63, 69, 100, 0
43, 82, 21, 51, 35, 15, 0, 0, 8, 32, 30, 66, 64, 85, 100, 100, 5
0, 93, 59, 100, 100, 80, 76, 46, 58, 12, 42, 0, 9, 32, 69, 42, 7
0, 43, 62, 61, 83, 86, 88, 100, 92, 75, 94, 50, 98, 25, 100, 0, 1
44, 80, 21, 68, 74, 38, 62, 0, 0, 5, 15, 51, 33, 90, 100, 100, 5
32, 95, 89, 100, 100, 80, 64, 41, 47, 1, 31, 0, 0, 36, 91, 37, 7
32, 87, 20, 56, 58, 30, 18, 0, 0, 31, 3, 79, 46, 100, 100, 97, 5
57, 89, 100, 98, 70, 100, 33, 78, 37, 47, 77, 34, 45, 7, 0, 0, 5
100, 100, 61, 93, 29, 71, 3, 43, 0, 8, 38, 0, 66, 18, 29, 29, 6
0, 91, 51, 100, 79, 81, 64, 50, 58, 17, 55, 0, 41, 27, 100, 34, 7
0, 60, 39, 49, 100, 78, 57, 100, 10, 68, 88, 58, 80, 20, 11, 0, 9
100, 100, 57, 97, 26, 73, 2, 44, 0, 12, 37, 0, 58, 25, 15, 31, 6
0, 96, 47, 95, 100, 100, 71, 73, 52, 37, 41, 0, 26, 20, 52, 33, 7
34, 58, 45, 100, 54, 60, 35, 18, 0, 0, 22, 17, 61, 8, 100, 9, 2
25, 95, 0, 69, 10, 34, 92, 37, 100, 69, 62, 100, 69, 50, 70, 0, 4
9, 97, 56, 100, 91, 72, 74, 36, 58, 0, 100, 22, 63, 34, 0, 34, 7
26, 100, 0, 88, 0, 66, 7, 45, 48, 27, 95, 41, 86, 21, 100, 0, 4
27, 100, 18, 65, 52, 36, 20, 0, 0, 27, 6, 77, 45, 95, 100, 96, 5
100, 100, 68, 89, 36, 70, 12, 46, 4, 18, 33, 0, 40, 9, 0, 13, 6
75, 100, 46, 62, 0, 36, 37, 42, 94, 44, 100, 82, 72, 43, 56, 0, 4
52, 100, 16, 70, 0, 35, 3, 0, 66, 10, 100, 41, 98, 77, 51, 93, 0
100, 100, 54, 97, 14, 67, 0, 32, 28, 0, 91, 4, 84, 35, 15, 47, 6
0, 85, 25, 64, 63, 36, 52, 0, 30, 31, 13, 69, 44, 98, 100, 100, 5
30, 99, 0, 60, 61, 43, 52, 0, 15, 4, 15, 53, 35, 94, 100, 100, 5
100, 100, 54, 92, 39, 76, 29, 61, 18, 46, 7, 30, 4, 15, 0, 0, 1
21, 100, 9, 96, 0, 68, 39, 51, 100, 59, 99, 57, 91, 29, 89, 0, 4
28, 88, 58, 100, 61, 74, 46, 54, 95, 45, 100, 20, 54, 5, 0, 0, 3
0, 77, 17, 100, 55, 96, 58, 62, 40, 31, 22, 1, 60, 0, 100, 3, 2
59, 100, 31, 75, 0, 43, 30, 45, 93, 41, 100, 59, 83, 36, 82, 0, 4
59, 77, 0, 77, 49, 38, 93, 0, 10, 6, 38, 45, 100, 79, 52, 100, 8
54, 87, 100, 100, 72, 96, 31, 76, 30, 45, 79, 42, 47, 14, 0, 0, 5
52, 83, 74, 100, 74, 63, 54, 28, 17, 0, 0, 16, 50, 22, 100, 5, 2
100, 100, 66, 85, 39, 61, 16, 34, 10, 3, 45, 0, 36, 22, 0, 12, 6
6, 76, 22, 100, 55, 78, 36, 42, 0, 16, 7, 9, 54, 7, 100, 0, 2
100, 99, 60, 100, 34, 78, 14, 53, 0, 27, 6, 0, 37, 9, 6, 27, 6
20, 100, 0, 58, 14, 15, 59, 0, 98, 27, 100, 73, 64, 100, 24, 76, 0
66, 48, 100, 82, 52, 100, 39, 64, 79, 29, 43, 0, 0, 26, 59, 56, 8
25, 100, 22, 71, 0, 51, 52, 52, 77, 65, 95, 70, 100, 32, 90, 0, 4
63, 77, 95, 100, 92, 63, 64, 28, 26, 2, 0, 0, 50, 4, 100, 7, 2
0, 100, 40, 97, 100, 83, 92, 53, 77, 23, 59, 0, 24, 25, 100, 33, 7
0, 82, 31, 100, 47, 68, 36, 34, 8, 5, 12, 20, 60, 18, 100, 0, 2
38, 83, 0, 58, 41, 32, 32, 0, 13, 24, 13, 64, 35, 97, 100, 100, 5
72, 70, 100, 100, 25, 94, 0, 63, 72, 74, 92, 57, 66, 23, 9, 0, 9
22, 96, 34, 66, 91, 40, 56, 0, 0, 4, 6, 58, 31, 94, 100, 100, 5
23, 95, 0, 60, 3, 21, 42, 0, 84, 16, 100, 53, 74, 85, 30, 100, 0
0, 100, 67, 100, 73, 69, 40, 35, 13, 0, 0, 23, 16, 47, 100, 51, 7
0, 95, 25, 72, 100, 84, 30, 100, 23, 81, 100, 66, 78, 30, 33, 0, 9
48, 100, 37, 83, 13, 54, 0, 25, 54, 23, 100, 46, 78, 26, 76, 0, 4
30, 95, 0, 62, 13, 20, 57, 0, 100, 21, 99, 64, 63, 95, 15, 100, 0
0, 100, 4, 68, 37, 49, 100, 51, 88, 70, 64, 72, 66, 36, 62, 0, 4
28, 90, 58, 100, 97, 80, 69, 52, 86, 36, 100, 9, 51, 0, 0, 5, 3
0, 87, 38, 100, 88, 88, 68, 58, 47, 39, 100, 28, 96, 0, 41, 1, 3
15, 89, 0, 68, 87, 69, 86, 25, 21, 0, 4, 45, 8, 86, 100, 100, 5
61, 94, 57, 100, 15, 68, 0, 32, 28, 0, 100, 7, 65, 34, 33, 14, 6
40, 100, 5, 67, 0, 28, 40, 0, 94, 18, 100, 57, 58, 84, 3, 67, 0
0, 90, 28, 96, 86, 100, 100, 97, 71, 75, 55, 49, 44, 23, 42, 0, 7
0, 69, 49, 35, 63, 0, 1, 6, 41, 41, 100, 72, 99, 100, 19, 76, 8
36, 79, 61, 100, 72, 75, 55, 51, 100, 38, 96, 10, 48, 0, 0, 2, 3
9, 100, 0, 78, 1, 48, 67, 45, 100, 65, 88, 59, 90, 29, 97, 0, 4
98, 64, 52, 70, 12, 89, 68, 100, 100, 76, 86, 45, 48, 20, 0, 0, 9
30, 80, 66, 100, 88, 77, 48, 51, 71, 44, 100, 18, 52, 0, 0, 5, 3
100, 100, 64, 86, 28, 57, 3, 24, 29, 0, 80, 15, 50, 34, 0, 18, 6
100, 92, 55, 100, 33, 70, 77, 69, 78, 66, 83, 21, 46, 0, 0, 9, 9
3, 100, 0, 95, 1, 61, 41, 46, 84, 53, 100, 67, 84, 34, 88, 0, 4
40, 80, 60, 100, 100, 89, 59, 64, 60, 48, 100, 27, 60, 2, 0, 0, 3
0, 58, 6, 67, 53, 85, 100, 100, 76, 75, 52, 51, 34, 26, 40, 0, 1
53, 85, 95, 100, 100, 97, 58, 92, 19, 72, 38, 44, 39, 9, 0, 0, 5
15, 100, 0, 78, 3, 46, 66, 43, 100, 58, 95, 72, 92, 36, 90, 0, 4
46, 89, 63, 100, 96, 78, 59, 53, 100, 47, 100, 18, 50, 0, 0, 9, 3
42, 100, 19, 75, 1, 49, 0, 23, 54, 17, 100, 32, 84, 27, 86, 0, 4
20, 70, 29, 100, 63, 82, 53, 46, 29, 14, 0, 0, 50, 3, 100, 4, 2
0, 84, 31, 100, 43, 60, 39, 16, 27, 0, 14, 27, 57, 30, 100, 33, 7
85, 64, 85, 100, 39, 81, 71, 56, 98, 71, 100, 30, 64, 0, 0, 2, 9
0, 78, 29, 100, 94, 86, 70, 48, 42, 11, 32, 0, 25, 36, 100, 40, 7
80, 100, 18, 98, 60, 66, 100, 29, 42, 0, 0, 23, 42, 61, 56, 98, 8
0, 94, 9, 57, 20, 19, 7, 0, 20, 36, 70, 68, 100, 100, 18, 92, 8
100, 100, 67, 98, 41, 80, 44, 50, 78, 42, 68, 16, 35, 2, 0, 0, 5
41, 84, 73, 100, 100, 82, 62, 60, 97, 38, 91, 8, 42, 0, 0, 19, 3
0, 88, 59, 100, 89, 72, 82, 40, 63, 9, 28, 0, 25, 25, 100, 27, 7
5, 70, 56, 44, 60, 3, 0, 0, 30, 39, 84, 72, 100, 100, 32, 74, 8
32, 96, 70, 100, 12, 95, 32, 66, 89, 62, 100, 22, 51, 0, 0, 16, 5
23, 89, 59, 100, 75, 68, 58, 33, 36, 0, 0, 18, 48, 27, 100, 32, 7
10, 98, 0, 54, 7, 11, 51, 0, 90, 30, 100, 72, 66, 100, 18, 88, 0
28, 96, 98, 97, 87, 95, 13, 100, 34, 64, 100, 45, 63, 0, 0, 18, 5
0, 94, 33, 100, 52, 83, 64, 65, 77, 47, 100, 30, 89, 13, 52, 0, 3
98, 89, 53, 100, 12, 72, 0, 27, 37, 0, 86, 21, 100, 63, 92, 90, 0
20, 57, 0, 20, 40, 0, 83, 23, 100, 62, 87, 100, 40, 88, 11, 53, 0
31, 97, 100, 100, 25, 94, 12, 62, 48, 62, 94, 33, 60, 0, 0, 5, 5
87, 74, 63, 100, 46, 71, 87, 82, 100, 54, 88, 17, 40, 1, 0, 0, 9
70, 100, 72, 97, 45, 57, 39, 13, 91, 0, 100, 39, 41, 44, 0, 11, 6
54, 73, 37, 100, 0, 71, 49, 36, 76, 0, 19, 19, 53, 56, 100, 91, 8
47, 100, 12, 70, 0, 41, 65, 43, 100, 49, 51, 69, 49, 33, 50, 0, 4
33, 100, 2, 54, 0, 5, 62, 0, 100, 42, 91, 92, 32, 95, 4, 49, 0
28, 77, 40, 100, 49, 67, 29, 32, 0, 18, 32, 14, 66, 0, 100, 18, 2
64, 65, 100, 100, 41, 85, 67, 42, 64, 0, 0, 16, 20, 59, 81, 74, 8
41, 93, 88, 100, 86, 75, 47, 53, 0, 38, 5, 25, 50, 10, 100, 0, 2
28, 69, 43, 100, 77, 86, 60, 45, 29, 9, 0, 1, 52, 0, 100, 6, 2
86, 100, 38, 76, 8, 48, 0, 20, 50, 0, 100, 18, 74, 45, 8, 57, 6
94, 100, 50, 77, 17, 49, 5, 16, 50, 0, 100, 14, 57, 31, 0, 24, 6
38, 100, 6, 73, 0, 41, 71, 37, 100, 67, 80, 63, 49, 32, 21, 0, 4
10, 100, 0, 77, 30, 60, 73, 55, 100, 71, 77, 53, 64, 27, 57, 0, 4
7, 98, 58, 100, 90, 70, 71, 27, 41, 0, 0, 27, 50, 37, 100, 35, 7
0, 50, 32, 76, 60, 100, 63, 64, 62, 29, 30, 6, 40, 1, 100, 0, 1
4, 87, 64, 61, 56, 21, 0, 0, 47, 36, 100, 70, 99, 100, 19, 78, 8
35, 100, 27, 68, 0, 37, 65, 42, 100, 60, 100, 66, 96, 32, 96, 0, 4
17, 86, 68, 100, 71, 70, 57, 60, 100, 41, 91, 7, 35, 0, 0, 19, 3
31, 56, 100, 80, 48, 100, 0, 67, 61, 52, 98, 71, 63, 33, 24, 0, 9
100, 81, 54, 100, 0, 72, 43, 36, 66, 0, 26, 24, 67, 61, 95, 91, 8
81, 80, 53, 100, 43, 73, 87, 88, 100, 59, 88, 16, 46, 0, 0, 0, 9
1, 61, 11, 100, 19, 66, 2, 27, 0, 1, 33, 0, 66, 1, 100, 3, 2
6, 97, 62, 100, 89, 70, 62, 34, 42, 0, 100, 25, 76, 40, 0, 36, 7
78, 72, 60, 100, 24, 68, 69, 32, 57, 0, 0, 29, 36, 67, 100, 98, 8
90, 100, 58, 88, 23, 56, 16, 17, 66, 0, 100, 27, 58, 54, 0, 43, 6
100, 100, 69, 83, 40, 58, 15, 31, 0, 0, 36, 1, 43, 27, 6, 20, 6
67, 100, 39, 88, 10, 56, 0, 20, 44, 0, 100, 12, 92, 38, 31, 37, 6
9, 84, 44, 100, 67, 78, 27, 55, 83, 44, 100, 14, 48, 0, 0, 3, 3
35, 83, 0, 45, 0, 0, 51, 0, 91, 35, 100, 82, 56, 100, 14, 74, 0
14, 77, 37, 100, 51, 74, 32, 41, 0, 18, 33, 16, 68, 0, 100, 18, 2
55, 96, 99, 100, 52, 86, 61, 58, 96, 35, 100, 6, 51, 0, 0, 2, 5
0, 98, 42, 100, 73, 70, 60, 31, 35, 0, 5, 27, 52, 32, 100, 24, 7
71, 100, 35, 82, 0, 62, 45, 51, 100, 49, 82, 43, 52, 21, 25, 0, 4
0, 97, 49, 100, 100, 97, 99, 66, 69, 33, 42, 0, 22, 33, 74, 34, 7
100, 100, 62, 85, 34, 58, 11, 31, 0, 3, 48, 0, 81, 24, 34, 23, 6
67, 96, 100, 100, 43, 86, 17, 51, 67, 69, 91, 37, 52, 7, 0, 0, 5
0, 84, 36, 100, 69, 79, 77, 38, 70, 0, 35, 21, 59, 35, 100, 39, 7
84, 100, 34, 84, 69, 76, 91, 80, 90, 55, 100, 29, 60, 11, 0, 0, 9
0, 100, 44, 97, 60, 58, 46, 17, 26, 0, 5, 38, 51, 49, 100, 56, 7
29, 100, 15, 81, 4, 62, 0, 43, 20, 27, 59, 24, 95, 18, 100, 0, 4
92, 93, 38, 100, 44, 62, 100, 84, 91, 75, 94, 29, 53, 0, 0, 23, 9
54, 100, 14, 71, 0, 38, 68, 33, 100, 47, 61, 76, 50, 38, 54, 0, 4
0, 93, 70, 100, 100, 88, 95, 70, 75, 52, 70, 34, 55, 17, 45, 0, 1
22, 86, 74, 100, 96, 72, 67, 42, 100, 42, 98, 12, 30, 0, 0, 19, 3
0, 99, 57, 100, 79, 89, 63, 45, 59, 0, 32, 6, 33, 27, 100, 32, 7
0, 93, 62, 100, 74, 85, 53, 42, 49, 0, 1, 31, 28, 37, 100, 40, 7
0, 75, 45, 100, 45, 95, 44, 61, 45, 27, 15, 0, 34, 1, 100, 5, 1
9, 100, 59, 67, 85, 33, 41, 0, 0, 21, 44, 54, 100, 87, 29, 98, 8
6, 93, 48, 100, 84, 70, 79, 23, 48, 0, 0, 23, 44, 35, 100, 39, 7
32, 100, 0, 74, 9, 46, 73, 52, 100, 83, 77, 64, 53, 32, 32, 0, 4
0, 68, 50, 100, 57, 96, 56, 54, 56, 13, 36, 6, 1, 0, 100, 1, 1
73, 74, 80, 100, 23, 65, 0, 22, 57, 0, 100, 38, 91, 82, 23, 73, 0
15, 82, 5, 53, 43, 23, 10, 0, 2, 41, 0, 84, 49, 98, 100, 100, 5
64, 59, 62, 97, 5, 80, 0, 37, 36, 0, 95, 15, 100, 58, 82, 100, 0
48, 87, 100, 100, 91, 93, 42, 76, 64, 54, 92, 28, 55, 1, 0, 0, 5
15, 98, 0, 58, 13, 17, 57, 0, 96, 24, 100, 67, 70, 100, 29, 83, 0
0, 64, 34, 76, 73, 94, 100, 100, 82, 75, 67, 50, 53, 25, 42, 0, 1
46, 100, 18, 84, 0, 61, 44, 49, 100, 56, 93, 47, 74, 24, 61, 0, 4
29, 99, 8, 63, 0, 21, 36, 0, 79, 20, 100, 58, 76, 94, 29, 100, 0
6, 87, 25, 60, 80, 43, 47, 4, 0, 0, 4, 54, 39, 93, 100, 100, 5
46, 100, 24, 84, 0, 56, 13, 34, 67, 29, 93, 53, 91, 31, 100, 0, 4
0, 75, 31, 99, 81, 100, 100, 69, 90, 34, 76, 0, 53, 8, 88, 23, 7
100, 100, 62, 87, 21, 59, 0, 27, 30, 0, 95, 9, 73, 34, 5, 30, 6
81, 100, 59, 98, 21, 65, 0, 29, 33, 0, 100, 10, 86, 37, 20, 25, 6
70, 100, 14, 87, 66, 79, 87, 81, 98, 52, 100, 21, 58, 0, 0, 6, 9
0, 51, 37, 81, 47, 100, 37, 66, 33, 32, 4, 3, 18, 0, 100, 3, 1
27, 100, 19, 89, 0, 65, 43, 53, 100, 55, 78, 44, 46, 24, 30, 0, 4
25, 100, 16, 68, 0, 34, 48, 35, 90, 49, 89, 58, 92, 23, 100, 0, 4
22, 77, 62, 100, 90, 74, 55, 43, 93, 49, 100, 18, 42, 0, 0, 22, 3
100, 93, 86, 100, 70, 84, 54, 67, 41, 50, 27, 33, 14, 17, 0, 0, 1
100, 100, 91, 86, 71, 72, 53, 58, 38, 44, 24, 29, 11, 15, 0, 0, 1
45, 100, 10, 75, 0, 47, 60, 38, 100, 54, 97, 59, 79, 29, 69, 0, 4
0, 66, 31, 84, 71, 100, 100, 99, 92, 74, 84, 50, 82, 25, 85, 0, 1
43, 93, 30, 62, 45, 25, 0, 0, 6, 30, 53, 61, 100, 91, 53, 100, 8
14, 90, 51, 100, 68, 78, 71, 53, 100, 34, 79, 11, 41, 1, 0, 0, 3
26, 88, 0, 49, 9, 5, 61, 0, 100, 30, 94, 73, 52, 100, 4, 83, 0
22, 88, 15, 37, 37, 0, 77, 12, 100, 51, 77, 92, 37, 100, 0, 78, 0
11, 87, 14, 61, 58, 36, 24, 0, 0, 28, 9, 77, 41, 100, 100, 94, 5
31, 89, 51, 100, 52, 67, 31, 39, 0, 19, 27, 9, 63, 0, 100, 14, 2
8, 95, 26, 71, 82, 45, 55, 0, 0, 12, 0, 65, 28, 100, 100, 98, 5
90, 100, 33, 98, 44, 58, 99, 72, 95, 80, 100, 32, 61, 0, 0, 16, 9
100, 100, 46, 80, 14, 53, 0, 25, 27, 0, 100, 7, 78, 28, 3, 21, 6
14, 85, 51, 57, 66, 17, 0, 0, 35, 36, 91, 68, 100, 100, 23, 85, 8
54, 73, 94, 82, 73, 100, 73, 79, 100, 53, 81, 19, 42, 2, 0, 0, 9
6, 81, 40, 100, 57, 78, 38, 50, 11, 24, 0, 5, 51, 8, 100, 0, 2
60, 98, 50, 100, 20, 70, 0, 38, 7, 8, 83, 0, 100, 24, 13, 20, 6
0, 84, 43, 100, 98, 98, 87, 70, 63, 48, 100, 22, 52, 10, 0, 0, 3
100, 100, 63, 90, 23, 63, 0, 32, 16, 0, 70, 6, 53, 31, 0, 22, 6
0, 61, 37, 90, 53, 100, 52, 64, 45, 28, 2, 0, 27, 2, 100, 3, 1
11, 72, 38, 100, 53, 72, 34, 35, 5, 3, 0, 1, 52, 0, 100, 1, 2
79, 100, 33, 72, 0, 41, 34, 20, 100, 32, 92, 63, 60, 32, 31, 0, 4
38, 100, 7, 83, 0, 35, 32, 0, 81, 10, 100, 54, 70, 92, 21, 90, 0
0, 63, 24, 100, 62, 81, 42, 37, 3, 6, 1, 9, 51, 2, 100, 0, 2
100, 100, 58, 88, 22, 63, 0, 31, 8, 0, 56, 9, 59, 39, 7, 47, 6
33, 75, 69, 100, 90, 94, 79, 55, 55, 19, 0, 0, 34, 3, 100, 7, 1
100, 96, 66, 100, 25, 69, 0, 33, 18, 0, 82, 8, 66, 35, 11, 16, 6
21, 100, 48, 66, 83, 32, 48, 0, 36, 29, 86, 62, 100, 95, 0, 95, 8
6, 72, 0, 98, 45, 100, 100, 98, 77, 76, 48, 51, 25, 25, 30, 0, 7
52, 100, 100, 99, 45, 92, 15, 56, 57, 64, 82, 38, 49, 4, 0, 0, 5
24, 70, 0, 74, 48, 97, 100, 100, 95, 76, 86, 50, 81, 24, 81, 0, 1
0, 22, 30, 40, 56, 67, 80, 95, 100, 100, 92, 66, 85, 34, 80, 0, 1
0, 82, 32, 100, 55, 67, 52, 21, 41, 0, 16, 36, 58, 47, 100, 48, 7
5, 99, 85, 100, 82, 62, 40, 26, 24, 0, 100, 25, 96, 46, 0, 47, 7
3, 98, 51, 100, 66, 63, 59, 22, 38, 0, 0, 25, 49, 34, 100, 38, 7
0, 81, 31, 100, 60, 80, 61, 31, 50, 0, 29, 37, 64, 45, 100, 48, 7
25, 55, 74, 63, 65, 100, 1, 75, 25, 43, 100, 66, 49, 34, 0, 0, 9
100, 68, 75, 100, 28, 83, 44, 42, 49, 0, 0, 4, 31, 40, 90, 59, 8
21, 62, 45, 100, 45, 96, 49, 53, 51, 11, 0, 0, 56, 5, 100, 0, 1
12, 60, 0, 28, 29, 0, 74, 10, 100, 41, 94, 79, 56, 100, 16, 84, 0
0, 75, 23, 96, 68, 100, 100, 86, 72, 62, 77, 33, 50, 12, 10, 0, 3
27, 100, 0, 66, 6, 28, 45, 0, 100, 20, 100, 57, 76, 92, 21, 90, 0
0, 84, 28, 100, 43, 75, 29, 45, 12, 15, 28, 0, 64, 2, 100, 7, 2
0, 88, 27, 100, 49, 74, 39, 41, 16, 16, 36, 4, 68, 0, 100, 0, 2
82, 93, 59, 100, 20, 70, 0, 43, 67, 35, 92, 65, 86, 29, 100, 0, 4
27, 96, 0, 65, 4, 24, 53, 0, 94, 29, 100, 71, 62, 100, 9, 83, 0
21, 83, 20, 100, 0, 49, 18, 1, 82, 0, 100, 49, 66, 93, 3, 89, 0
0, 89, 76, 100, 95, 88, 66, 48, 58, 8, 34, 0, 17, 27, 100, 33, 7
57, 88, 4, 100, 0, 63, 63, 33, 100, 0, 28, 14, 49, 52, 91, 87, 8
100, 100, 48, 87, 15, 60, 6, 26, 35, 0, 74, 18, 44, 45, 0, 29, 6
12, 100, 0, 71, 25, 43, 86, 44, 100, 75, 90, 52, 90, 20, 90, 0, 4
4, 64, 32, 98, 38, 100, 40, 62, 40, 23, 0, 0, 32, 4, 100, 4, 1
32, 77, 52, 100, 91, 90, 79, 61, 100, 38, 95, 11, 43, 0, 0, 17, 3
38, 100, 73, 98, 71, 69, 78, 46, 100, 20, 77, 0, 38, 0, 0, 6, 3
17, 97, 89, 100, 48, 96, 21, 70, 59, 67, 100, 36, 63, 0, 0, 16, 5
90, 100, 55, 85, 17, 58, 0, 26, 35, 0, 100, 5, 87, 33, 22, 36, 6
8, 100, 0, 83, 0, 52, 63, 44, 100, 67, 82, 63, 69, 31, 61, 0, 4
22, 80, 0, 35, 32, 0, 87, 22, 100, 69, 61, 100, 18, 65, 9, 19, 0
29, 88, 77, 100, 81, 74, 47, 51, 100, 49, 98, 20, 56, 0, 0, 4, 3
20, 87, 100, 100, 80, 83, 40, 66, 20, 49, 0, 33, 0, 15, 100, 0, 1
30, 85, 0, 47, 9, 5, 66, 0, 100, 36, 100, 79, 56, 100, 39, 60, 0
41, 100, 4, 73, 26, 49, 80, 61, 100, 85, 63, 58, 29, 29, 0, 0, 4
38, 67, 44, 100, 85, 96, 71, 58, 40, 24, 0, 7, 43, 17, 100, 0, 2
20, 93, 1, 47, 9, 0, 63, 0, 100, 38, 100, 84, 45, 100, 0, 70, 0
100, 100, 59, 88, 23, 59, 0, 28, 19, 0, 81, 9, 56, 26, 3, 15, 6
100, 66, 68, 45, 49, 71, 80, 100, 95, 67, 78, 30, 45, 0, 0, 3, 9
20, 80, 46, 95, 100, 100, 80, 76, 86, 50, 99, 23, 53, 7, 0, 0, 3
5, 63, 21, 100, 49, 76, 33, 34, 0, 0, 5, 6, 53, 2, 100, 8, 2
46, 100, 19, 78, 0, 43, 85, 40, 100, 58, 68, 75, 58, 38, 60, 0, 4
42, 92, 64, 100, 50, 49, 23, 16, 0, 10, 34, 11, 68, 4, 100, 0, 2
100, 100, 55, 95, 23, 68, 2, 37, 0, 5, 47, 0, 53, 28, 6, 14, 6
32, 100, 0, 70, 9, 39, 68, 37, 100, 59, 86, 67, 82, 33, 91, 0, 4
0, 66, 39, 93, 56, 100, 57, 61, 58, 22, 28, 0, 50, 2, 100, 5, 1
25, 92, 29, 62, 86, 43, 56, 3, 0, 0, 8, 53, 38, 94, 100, 100, 5
46, 67, 71, 100, 60, 73, 58, 33, 51, 0, 0, 1, 62, 3, 100, 8, 1
29, 100, 30, 64, 62, 30, 20, 0, 1, 31, 0, 77, 41, 93, 100, 95, 5
100, 100, 62, 84, 26, 56, 0, 25, 28, 0, 83, 16, 64, 44, 13, 26, 6
6, 100, 51, 92, 57, 56, 45, 21, 22, 0, 0, 31, 48, 39, 100, 40, 7
100, 100, 71, 96, 38, 74, 11, 50, 0, 21, 27, 0, 63, 16, 39, 39, 6
25, 67, 54, 100, 56, 78, 51, 34, 20, 4, 0, 9, 51, 4, 100, 0, 1
36, 100, 65, 90, 66, 59, 48, 28, 25, 0, 0, 28, 47, 36, 100, 37, 7
81, 100, 42, 80, 0, 49, 57, 38, 100, 49, 68, 70, 67, 35, 63, 0, 4
92, 69, 36, 74, 0, 87, 52, 100, 98, 86, 100, 56, 79, 28, 58, 0, 9
100, 98, 66, 100, 38, 98, 32, 73, 59, 60, 48, 37, 24, 19, 0, 0, 5
47, 82, 17, 73, 0, 34, 25, 0, 71, 9, 100, 44, 97, 85, 55, 100, 0
25, 84, 64, 100, 82, 71, 42, 52, 95, 42, 100, 9, 46, 0, 0, 12, 3
37, 100, 10, 79, 0, 41, 56, 31, 97, 53, 100, 76, 74, 38, 49, 0, 4
83, 31, 100, 71, 67, 100, 24, 87, 0, 46, 8, 0, 51, 0, 82, 36, 0
0, 62, 19, 71, 69, 91, 100, 100, 71, 75, 50, 50, 29, 25, 12, 0, 1
0, 95, 52, 100, 71, 86, 63, 42, 62, 0, 27, 33, 48, 50, 100, 53, 7
2, 83, 35, 100, 62, 82, 62, 68, 100, 51, 84, 21, 44, 0, 0, 7, 3
0, 53, 33, 71, 76, 93, 100, 100, 79, 74, 53, 49, 28, 25, 12, 0, 1
41, 94, 82, 100, 97, 79, 81, 54, 100, 30, 86, 6, 42, 0, 0, 1, 3
0, 80, 28, 100, 55, 82, 37, 48, 11, 20, 24, 3, 62, 1, 100, 0, 2
56, 100, 28, 83, 0, 61, 38, 45, 100, 55, 69, 45, 46, 23, 31, 0, 4
48, 94, 40, 69, 79, 37, 53, 0, 3, 19, 0, 64, 34, 95, 100, 100, 5
88, 100, 38, 82, 63, 53, 100, 82, 98, 67, 95, 31, 67, 0, 0, 8, 9
100, 88, 47, 100, 23, 66, 80, 66, 91, 78, 93, 36, 62, 0, 0, 3, 9
26, 82, 76, 100, 81, 76, 35, 51, 55, 49, 100, 28, 64, 0, 0, 2, 3
7, 77, 54, 48, 76, 10, 24, 0, 49, 36, 100, 69, 80, 100, 0, 84, 8
0, 97, 46, 100, 68, 71, 62, 34, 43, 0, 22, 14, 49, 29, 100, 31, 7
16, 89, 1, 48, 23, 9, 72, 0, 100, 34, 87, 76, 45, 100, 0, 83, 0
100, 100, 50, 90, 20, 61, 0, 29, 18, 0, 76, 6, 62, 31, 5, 33, 6
0, 84, 53, 100, 94, 76, 94, 38, 77, 0, 38, 3, 41, 28, 100, 36, 7
92, 75, 51, 67, 51, 98, 94, 100, 100, 63, 84, 28, 49, 0, 0, 2, 9
37, 76, 46, 100, 99, 95, 74, 61, 100, 50, 91, 18, 42, 0, 0, 15, 3
31, 75, 53, 100, 68, 77, 49, 45, 21, 16, 0, 1, 50, 5, 100, 0, 2
19, 86, 17, 47, 59, 32, 21, 0, 1, 38, 0, 90, 49, 98, 100, 100, 5
91, 98, 43, 100, 45, 75, 95, 100, 100, 76, 95, 43, 61, 14, 0, 0, 9
0, 100, 41, 98, 56, 69, 50, 34, 43, 0, 28, 26, 57, 44, 100, 48, 7
94, 100, 8, 82, 79, 46, 99, 4, 0, 0, 15, 41, 100, 72, 47, 96, 8
100, 100, 64, 90, 24, 52, 37, 9, 96, 0, 92, 42, 29, 50, 0, 17, 6
35, 69, 58, 100, 85, 86, 65, 48, 35, 13, 0, 1, 53, 0, 100, 25, 2
0, 100, 34, 81, 48, 42, 44, 0, 15, 8, 14, 31, 57, 32, 100, 30, 7
14, 77, 34, 100, 52, 74, 30, 41, 0, 13, 25, 5, 66, 0, 100, 23, 2
83, 100, 100, 91, 78, 76, 61, 61, 44, 45, 28, 30, 11, 15, 0, 0, 1
38, 90, 0, 75, 0, 32, 42, 0, 93, 23, 100, 66, 60, 100, 1, 94, 0
72, 91, 29, 94, 52, 47, 61, 0, 0, 17, 45, 56, 100, 93, 45, 100, 8
33, 66, 53, 100, 53, 91, 58, 53, 51, 17, 0, 0, 35, 3, 100, 6, 1
100, 85, 32, 100, 0, 67, 56, 34, 68, 0, 23, 24, 71, 59, 61, 84, 8
14, 67, 44, 47, 44, 9, 0, 0, 23, 36, 63, 68, 100, 100, 44, 88, 8
16, 69, 51, 100, 60, 91, 56, 54, 60, 17, 0, 4, 29, 0, 100, 2, 1
100, 100, 56, 95, 78, 84, 95, 83, 97, 54, 89, 26, 49, 8, 0, 0, 9
1, 80, 0, 73, 22, 99, 71, 100, 100, 98, 83, 65, 67, 32, 55, 0, 7
76, 66, 82, 100, 0, 88, 49, 53, 97, 15, 32, 0, 38, 39, 100, 72, 8
56, 100, 0, 98, 10, 73, 64, 82, 81, 70, 100, 33, 64, 7, 8, 0, 9
100, 81, 62, 100, 35, 72, 46, 35, 39, 0, 0, 14, 34, 44, 94, 57, 8
92, 100, 19, 98, 45, 60, 98, 90, 100, 74, 100, 26, 42, 0, 0, 31, 9
0, 81, 50, 53, 100, 25, 69, 0, 28, 24, 44, 54, 78, 84, 39, 100, 8
82, 80, 47, 100, 5, 75, 0, 32, 34, 0, 85, 14, 100, 55, 85, 97, 0
87, 95, 34, 100, 57, 77, 100, 96, 88, 70, 99, 28, 57, 2, 0, 0, 9
100, 100, 74, 99, 46, 98, 45, 72, 65, 51, 53, 26, 29, 9, 0, 0, 5
100, 80, 73, 100, 68, 62, 69, 22, 27, 0, 0, 29, 45, 50, 93, 63, 8
49, 85, 78, 100, 92, 85, 74, 55, 100, 35, 80, 11, 41, 0, 0, 0, 3
17, 86, 8, 46, 58, 33, 24, 0, 0, 32, 0, 88, 51, 99, 100, 100, 5
45, 75, 44, 100, 68, 75, 40, 34, 0, 8, 13, 15, 57, 0, 100, 12, 2
42, 78, 2, 60, 0, 9, 48, 0, 91, 29, 100, 78, 55, 100, 16, 71, 0
74, 100, 49, 87, 26, 59, 20, 28, 29, 0, 100, 11, 86, 39, 0, 49, 6
24, 63, 8, 43, 36, 0, 86, 11, 100, 61, 68, 100, 14, 91, 0, 42, 0
6, 90, 63, 100, 98, 91, 63, 72, 84, 50, 100, 27, 57, 10, 0, 0, 3
70, 91, 88, 79, 74, 100, 77, 79, 100, 51, 93, 13, 43, 0, 0, 19, 9
13, 100, 0, 62, 12, 21, 53, 0, 94, 19, 100, 60, 75, 96, 32, 97, 0
0, 66, 19, 75, 62, 99, 100, 100, 88, 75, 69, 50, 58, 25, 58, 0, 1
22, 98, 0, 60, 17, 19, 62, 0, 100, 25, 96, 68, 62, 100, 21, 86, 0
0, 81, 38, 100, 84, 100, 81, 67, 69, 33, 63, 0, 50, 21, 100, 27, 7
100, 100, 76, 91, 59, 76, 41, 61, 24, 46, 12, 30, 0, 15, 0, 0, 1
0, 68, 34, 93, 99, 100, 100, 66, 66, 35, 13, 11, 1, 0, 76, 2, 2
75, 100, 23, 96, 31, 75, 82, 82, 100, 65, 91, 27, 50, 4, 0, 0, 9
15, 78, 2, 43, 20, 5, 69, 0, 100, 34, 92, 73, 53, 99, 0, 100, 0
0, 34, 39, 52, 74, 75, 100, 100, 92, 83, 77, 55, 62, 28, 52, 0, 1
0, 92, 27, 100, 77, 97, 70, 70, 37, 46, 12, 20, 49, 2, 100, 0, 2
35, 100, 4, 69, 5, 30, 42, 0, 92, 24, 100, 63, 60, 93, 0, 78, 0
100, 100, 58, 90, 25, 68, 4, 44, 0, 20, 35, 0, 60, 18, 7, 34, 6
12, 97, 73, 100, 100, 70, 74, 35, 49, 0, 0, 25, 34, 41, 98, 37, 7
60, 89, 99, 83, 65, 100, 75, 80, 100, 48, 82, 11, 29, 0, 0, 33, 9
100, 100, 56, 91, 21, 60, 7, 24, 41, 0, 76, 29, 50, 57, 0, 44, 6
21, 96, 13, 55, 63, 35, 43, 0, 7, 23, 0, 62, 37, 94, 100, 100, 5
0, 91, 70, 100, 100, 83, 76, 43, 66, 0, 53, 5, 21, 43, 92, 46, 7
100, 93, 72, 100, 30, 96, 0, 71, 22, 64, 59, 52, 50, 18, 17, 0, 5
0, 93, 42, 100, 58, 73, 35, 43, 2, 20, 12, 7, 55, 1, 100, 0, 2
100, 100, 59, 78, 23, 53, 1, 23, 27, 0, 77, 10, 54, 34, 0, 36, 6
20, 76, 50, 100, 100, 95, 75, 69, 90, 51, 88, 23, 49, 0, 0, 7, 3
44, 100, 13, 80, 0, 59, 49, 49, 100, 59, 69, 39, 38, 20, 18, 0, 4
25, 98, 64, 100, 72, 67, 53, 33, 30, 0, 0, 16, 37, 30, 100, 33, 7
58, 100, 19, 74, 0, 32, 27, 0, 76, 25, 100, 65, 74, 99, 18, 85, 0
56, 100, 32, 74, 0, 45, 27, 28, 88, 30, 100, 56, 63, 29, 36, 0, 4
0, 89, 43, 100, 74, 76, 70, 37, 54, 0, 27, 20, 53, 48, 100, 56, 7
14, 99, 49, 72, 60, 100, 25, 93, 75, 70, 100, 35, 59, 7, 0, 0, 9
0, 92, 51, 100, 100, 100, 63, 69, 34, 36, 23, 0, 2, 27, 63, 33, 7
52, 89, 75, 100, 88, 73, 68, 45, 100, 30, 86, 7, 38, 0, 0, 12, 3
0, 66, 9, 89, 55, 100, 100, 92, 79, 68, 50, 46, 30, 22, 47, 0, 7
22, 83, 62, 100, 73, 69, 43, 41, 0, 26, 6, 12, 52, 1, 100, 0, 2
69, 63, 100, 100, 12, 100, 0, 66, 86, 77, 99, 75, 67, 35, 49, 0, 9
93, 71, 19, 73, 0, 92, 67, 100, 100, 78, 74, 50, 38, 25, 0, 0, 9
0, 53, 34, 88, 88, 100, 100, 67, 63, 31, 16, 3, 41, 0, 98, 4, 2
0, 67, 42, 81, 94, 100, 100, 86, 77, 64, 61, 42, 45, 21, 52, 0, 1
1, 92, 71, 100, 100, 72, 66, 35, 27, 0, 76, 28, 72, 52, 0, 56, 7
97, 72, 100, 100, 44, 81, 13, 53, 0, 23, 41, 0, 85, 22, 18, 32, 6
33, 76, 100, 100, 46, 72, 3, 40, 0, 5, 81, 0, 93, 26, 6, 19, 6
86, 85, 40, 100, 33, 67, 100, 34, 98, 0, 0, 18, 29, 53, 98, 86, 8
50, 85, 100, 100, 96, 90, 67, 73, 46, 55, 21, 36, 0, 18, 0, 0, 1
100, 86, 62, 100, 21, 83, 0, 51, 5, 17, 43, 0, 67, 25, 29, 42, 6
90, 62, 52, 42, 30, 69, 68, 100, 100, 73, 86, 33, 52, 0, 0, 4, 9
0, 85, 33, 100, 55, 82, 44, 57, 28, 32, 17, 8, 55, 0, 100, 1, 2
76, 80, 80, 100, 19, 88, 74, 79, 100, 78, 98, 40, 55, 12, 0, 0, 9
93, 100, 41, 80, 12, 54, 0, 25, 29, 0, 100, 4, 97, 29, 26, 36, 6
37, 74, 74, 100, 88, 68, 62, 32, 22, 3, 0, 11, 49, 4, 100, 0, 2
36, 83, 76, 100, 100, 76, 62, 49, 61, 43, 93, 17, 43, 0, 0, 17, 3
100, 80, 65, 43, 26, 55, 50, 100, 90, 92, 83, 42, 49, 3, 0, 0, 9
75, 72, 23, 100, 40, 65, 98, 32, 67, 0, 0, 17, 48, 52, 100, 83, 8
33, 75, 42, 100, 82, 91, 71, 62, 97, 41, 100, 15, 53, 0, 0, 9, 3
49, 61, 95, 87, 52, 100, 41, 69, 100, 83, 78, 53, 54, 18, 0, 0, 9
14, 40, 19, 0, 58, 11, 85, 42, 100, 81, 70, 100, 30, 86, 0, 59, 0
2, 84, 48, 100, 100, 96, 67, 70, 60, 49, 95, 29, 61, 4, 0, 0, 3
49, 80, 88, 75, 65, 100, 55, 85, 99, 62, 100, 28, 56, 6, 0, 0, 9
0, 77, 26, 100, 51, 85, 36, 49, 13, 19, 26, 0, 63, 2, 100, 7, 2
0, 32, 25, 56, 59, 79, 100, 100, 74, 77, 48, 52, 25, 27, 14, 0, 1
6, 61, 33, 100, 61, 76, 39, 27, 0, 1, 17, 3, 61, 0, 100, 3, 2
82, 88, 45, 100, 51, 65, 100, 80, 90, 76, 98, 30, 56, 3, 0, 0, 9
48, 100, 26, 87, 0, 60, 22, 35, 100, 47, 88, 54, 53, 28, 47, 0, 4
83, 90, 0, 100, 34, 67, 100, 34, 70, 0, 4, 24, 45, 61, 74, 90, 8
100, 71, 54, 62, 46, 90, 85, 100, 89, 63, 74, 27, 42, 0, 0, 11, 9
89, 73, 78, 100, 25, 72, 71, 36, 69, 0, 0, 19, 54, 53, 100, 86, 8
0, 43, 36, 59, 70, 78, 100, 100, 79, 76, 56, 51, 32, 26, 10, 0, 1
96, 100, 77, 91, 33, 58, 10, 19, 67, 0, 100, 31, 60, 62, 0, 37, 6
78, 82, 26, 100, 0, 69, 77, 36, 66, 0, 7, 24, 70, 62, 100, 95, 8
42, 100, 20, 61, 20, 20, 62, 0, 100, 25, 96, 66, 49, 86, 0, 67, 0
79, 98, 100, 92, 64, 100, 55, 68, 92, 69, 91, 23, 44, 0, 0, 26, 9
0, 49, 25, 58, 62, 79, 100, 100, 96, 79, 81, 53, 67, 26, 58, 0, 1
21, 100, 62, 95, 57, 54, 53, 13, 38, 0, 0, 19, 49, 17, 100, 16, 7
100, 100, 57, 88, 38, 72, 19, 58, 5, 44, 0, 29, 0, 14, 5, 0, 1
75, 89, 29, 97, 0, 63, 2, 24, 45, 0, 89, 23, 100, 62, 85, 100, 0
23, 86, 9, 42, 16, 0, 67, 12, 100, 50, 99, 92, 43, 100, 0, 70, 0
47, 87, 100, 100, 50, 85, 17, 56, 62, 60, 88, 34, 52, 7, 0, 0, 5
52, 100, 14, 74, 14, 37, 0, 0, 11, 30, 57, 61, 100, 94, 41, 100, 8
95, 100, 52, 79, 20, 57, 0, 34, 5, 9, 62, 0, 100, 18, 40, 27, 6
32, 98, 12, 54, 24, 5, 71, 0, 100, 41, 91, 89, 43, 100, 0, 77, 0
3, 71, 38, 100, 45, 92, 42, 56, 38, 20, 0, 1, 32, 0, 100, 3, 1
33, 87, 68, 100, 87, 79, 71, 53, 100, 31, 86, 7, 43, 0, 0, 1, 3
37, 65, 52, 100, 57, 64, 31, 26, 0, 9, 31, 18, 65, 0, 100, 5, 2
18, 70, 49, 100, 47, 86, 36, 40, 4, 7, 0, 0, 50, 4, 100, 9, 1
100, 89, 61, 100, 47, 70, 85, 91, 97, 60, 85, 19, 45, 0, 0, 1, 9
93, 84, 41, 100, 36, 65, 90, 33, 71, 0, 0, 7, 53, 39, 100, 74, 8
16, 75, 0, 30, 27, 0, 71, 13, 100, 49, 96, 95, 52, 100, 24, 65, 0
16, 97, 76, 100, 80, 61, 56, 22, 34, 0, 0, 37, 37, 45, 100, 42, 7
25, 76, 75, 100, 17, 68, 61, 54, 89, 90, 100, 44, 87, 10, 0, 0, 9
94, 93, 6, 100, 17, 69, 100, 43, 79, 0, 0, 17, 17, 63, 88, 95, 8
58, 65, 71, 100, 90, 70, 63, 31, 23, 0, 0, 13, 48, 1, 100, 4, 2
0, 73, 25, 100, 69, 95, 55, 58, 100, 56, 90, 21, 47, 0, 2, 8, 3
0, 69, 32, 74, 70, 96, 100, 100, 91, 75, 81, 50, 70, 25, 64, 0, 1
73, 83, 18, 100, 0, 67, 72, 34, 100, 0, 6, 16, 37, 54, 70, 88, 8
69, 100, 34, 75, 0, 44, 46, 30, 100, 44, 90, 68, 67, 35, 55, 0, 4
37, 98, 11, 60, 88, 52, 76, 8, 0, 0, 0, 46, 18, 88, 100, 100, 5
58, 100, 0, 70, 9, 41, 97, 38, 100, 60, 66, 78, 55, 39, 53, 0, 4
2, 72, 33, 100, 58, 79, 34, 46, 3, 15, 0, 2, 53, 0, 100, 10, 2
6, 86, 49, 100, 100, 76, 61, 40, 20, 4, 41, 0, 74, 23, 0, 27, 7
14, 99, 8, 54, 73, 46, 44, 0, 0, 17, 1, 81, 44, 99, 100, 100, 5
50, 100, 35, 71, 17, 42, 12, 12, 56, 0, 100, 20, 54, 31, 0, 19, 6
13, 94, 0, 52, 16, 11, 66, 0, 100, 32, 90, 74, 48, 100, 5, 78, 0
36, 100, 24, 70, 0, 38, 49, 33, 95, 47, 87, 55, 96, 21, 100, 0, 4
19, 100, 0, 61, 3, 23, 48, 0, 97, 27, 100, 66, 62, 97, 10, 81, 0
67, 100, 30, 90, 0, 57, 41, 40, 100, 53, 98, 67, 66, 34, 40, 0, 4
0, 100, 50, 97, 100, 91, 74, 63, 55, 29, 42, 0, 20, 31, 68, 36, 7
100, 100, 59, 78, 25, 52, 0, 24, 16, 0, 79, 8, 70, 29, 7, 27, 6
0, 87, 32, 100, 75, 90, 64, 45, 49, 0, 82, 10, 100, 33, 54, 37, 7
0, 54, 49, 75, 96, 100, 91, 75, 69, 45, 51, 16, 27, 0, 100, 6, 1
100, 95, 38, 99, 35, 65, 70, 29, 32, 0, 0, 27, 36, 64, 65, 100, 8
0, 92, 68, 100, 89, 81, 74, 40, 61, 0, 35, 13, 20, 42, 100, 50, 7
37, 71, 79, 71, 49, 100, 0, 45, 25, 36, 66, 0, 100, 51, 10, 26, 8
66, 90, 6, 55, 100, 73, 45, 100, 33, 46, 0, 0, 89, 11, 13, 23, 8
13, 98, 0, 74, 51, 57, 32, 0, 2, 22, 4, 85, 41, 100, 100, 100, 5
32, 75, 6, 48, 0, 16, 34, 0, 79, 11, 100, 39, 99, 70, 82, 100, 0
29, 84, 1, 73, 64, 48, 65, 6, 0, 0, 1, 47, 26, 89, 100, 100, 5
39, 94, 0, 31, 42, 0, 100, 43, 95, 100, 30, 69, 49, 53, 30, 28, 0
16, 88, 58, 100, 96, 82, 72, 55, 100, 34, 98, 7, 48, 0, 0, 10, 3
0, 62, 50, 81, 100, 100, 96, 87, 71, 64, 46, 43, 25, 21, 32, 0, 1
21, 74, 30, 100, 72, 77, 66, 36, 31, 2, 0, 14, 52, 24, 100, 0, 2
0, 51, 51, 75, 90, 100, 56, 92, 46, 66, 51, 40, 77, 15, 100, 0, 1
0, 43, 30, 54, 60, 77, 91, 100, 100, 84, 86, 56, 74, 28, 70, 0, 1
82, 94, 100, 100, 96, 79, 90, 55, 99, 30, 74, 11, 37, 6, 0, 0, 3
0, 61, 32, 81, 74, 100, 100, 93, 97, 69, 97, 46, 95, 23, 91, 0, 1
68, 93, 24, 82, 28, 39, 45, 3, 0, 0, 8, 66, 48, 99, 100, 100, 5
0, 100, 46, 100, 86, 84, 68, 43, 56, 0, 40, 9, 50, 34, 100, 34, 7
0, 80, 17, 100, 41, 99, 60, 83, 53, 52, 56, 20, 77, 7, 100, 0, 2
31, 90, 0, 50, 17, 0, 64, 0, 96, 43, 100, 99, 58, 100, 21, 63, 0
38, 72, 59, 100, 74, 99, 61, 57, 48, 16, 0, 3, 44, 0, 100, 2, 1
81, 100, 35, 78, 0, 47, 69, 52, 100, 66, 72, 91, 62, 44, 60, 0, 4
100, 100, 59, 86, 28, 58, 9, 28, 34, 0, 91, 9, 53, 23, 0, 9, 6
9, 88, 46, 100, 60, 78, 31, 55, 0, 34, 10, 13, 56, 7, 100, 0, 2
0, 93, 52, 100, 94, 87, 80, 63, 53, 42, 23, 20, 42, 3, 100, 0, 2
1, 52, 23, 75, 74, 100, 52, 69, 51, 36, 45, 4, 0, 0, 100, 7, 1
100, 100, 75, 90, 44, 67, 19, 41, 0, 13, 26, 0, 49, 18, 2, 18, 6
38, 82, 80, 100, 88, 72, 39, 50, 84, 47, 100, 14, 47, 0, 0, 13, 3
0, 84, 48, 100, 83, 77, 80, 38, 75, 0, 37, 12, 46, 34, 100, 44, 7
34, 93, 92, 100, 53, 92, 0, 73, 49, 61, 100, 40, 86, 10, 26, 0, 5
26, 86, 20, 43, 37, 0, 87, 12, 100, 56, 74, 95, 22, 100, 0, 60, 0
0, 71, 51, 83, 92, 100, 100, 90, 88, 67, 81, 45, 77, 22, 83, 0, 1
100, 100, 72, 92, 35, 64, 5, 33, 0, 0, 53, 3, 79, 28, 24, 36, 6
85, 82, 16, 71, 21, 100, 78, 100, 88, 64, 100, 28, 70, 0, 0, 13, 9
7, 69, 17, 100, 30, 70, 20, 33, 0, 2, 25, 0, 62, 2, 100, 7, 2
22, 91, 10, 52, 63, 40, 53, 0, 0, 15, 11, 62, 42, 98, 100, 100, 5
38, 100, 0, 76, 0, 47, 77, 47, 100, 71, 79, 64, 64, 32, 56, 0, 4
73, 100, 23, 83, 3, 53, 0, 22, 42, 0, 100, 14, 53, 32, 9, 13, 6
8, 100, 0, 78, 8, 42, 58, 43, 97, 69, 100, 73, 92, 37, 87, 0, 4
74, 100, 51, 87, 25, 54, 18, 19, 62, 0, 100, 21, 49, 37, 0, 26, 6
100, 100, 55, 79, 19, 53, 0, 25, 26, 0, 89, 8, 75, 34, 7, 37, 6
93, 67, 83, 100, 35, 88, 71, 85, 100, 93, 72, 59, 39, 28, 0, 0, 9
55, 95, 0, 100, 26, 67, 64, 33, 50, 0, 16, 29, 47, 63, 100, 90, 8
47, 85, 41, 100, 77, 82, 61, 53, 100, 36, 93, 10, 43, 0, 0, 10, 3
100, 100, 49, 93, 17, 64, 0, 31, 18, 0, 71, 5, 63, 32, 8, 27, 6
24, 100, 0, 61, 4, 17, 57, 0, 100, 32, 96, 75, 43, 94, 11, 57, 0
97, 100, 51, 77, 19, 48, 0, 18, 44, 0, 100, 16, 65, 31, 12, 14, 6
45, 84, 73, 100, 100, 98, 82, 72, 69, 43, 61, 14, 31, 0, 0, 2, 3
43, 92, 70, 100, 68, 66, 39, 37, 0, 18, 17, 34, 56, 13, 100, 0, 2
29, 79, 80, 70, 75, 100, 16, 79, 91, 78, 100, 46, 81, 10, 0, 0, 9
100, 100, 57, 94, 29, 76, 48, 63, 83, 49, 71, 19, 36, 0, 0, 4, 5
24, 100, 7, 72, 0, 42, 6, 13, 60, 9, 100, 29, 43, 23, 9, 0, 6
31, 96, 18, 51, 27, 100, 26, 67, 40, 17, 0, 0, 44, 6, 100, 7, 1
16, 90, 0, 46, 67, 42, 88, 2, 29, 0, 7, 49, 18, 93, 100, 100, 5
0, 42, 22, 57, 69, 79, 100, 100, 69, 75, 38, 51, 14, 26, 3, 0, 1
58, 84, 91, 100, 100, 84, 77, 60, 87, 35, 80, 10, 41, 1, 0, 0, 3
39, 96, 57, 59, 100, 94, 34, 100, 61, 66, 78, 66, 71, 15, 0, 0, 9
90, 79, 30, 61, 4, 89, 55, 100, 80, 63, 100, 26, 74, 0, 0, 8, 9
18, 74, 49, 100, 53, 67, 31, 31, 0, 0, 13, 11, 59, 2, 100, 8, 2
13, 78, 49, 100, 65, 76, 38, 48, 4, 23, 0, 9, 54, 14, 100, 0, 2
87, 67, 66, 100, 0, 79, 49, 45, 100, 10, 40, 0, 37, 40, 81, 78, 8
48, 100, 20, 88, 0, 72, 4, 54, 21, 39, 52, 28, 79, 15, 100, 0, 4
78, 100, 20, 92, 0, 58, 6, 22, 53, 0, 97, 23, 100, 59, 89, 95, 0
0, 77, 56, 90, 100, 100, 94, 80, 75, 60, 56, 40, 38, 20, 31, 0, 1
31, 89, 0, 57, 4, 14, 61, 0, 100, 33, 95, 77, 47, 100, 16, 72, 0
14, 91, 38, 75, 69, 39, 35, 0, 0, 18, 8, 66, 35, 100, 100, 96, 5
100, 67, 70, 100, 24, 88, 0, 46, 9, 0, 57, 2, 92, 34, 91, 75, 0
100, 72, 72, 100, 27, 81, 58, 65, 81, 64, 80, 23, 39, 0, 0, 14, 9
0, 90, 50, 100, 100, 94, 84, 52, 62, 13, 42, 0, 40, 40, 92, 44, 7
0, 95, 39, 100, 58, 70, 45, 30, 35, 0, 18, 38, 58, 47, 100, 49, 7
76, 100, 0, 90, 48, 62, 93, 29, 54, 0, 13, 27, 44, 64, 100, 94, 8
52, 100, 20, 71, 0, 40, 61, 39, 100, 47, 76, 68, 76, 34, 78, 0, 4
14, 68, 56, 100, 75, 97, 68, 60, 64, 22, 0, 4, 18, 0, 100, 3, 1
0, 86, 51, 100, 81, 83, 47, 58, 80, 45, 100, 20, 58, 0, 1, 1, 3
0, 72, 29, 100, 71, 82, 74, 43, 57, 5, 23, 0, 45, 28, 100, 35, 7
94, 95, 42, 100, 35, 71, 86, 84, 100, 66, 100, 25, 55, 2, 0, 0, 9
0, 89, 59, 100, 100, 74, 82, 35, 51, 0, 10, 18, 35, 42, 100, 48, 7
89, 83, 59, 100, 41, 63, 59, 23, 20, 0, 0, 29, 49, 54, 100, 73, 8
0, 100, 52, 97, 70, 80, 80, 61, 95, 44, 100, 25, 66, 10, 18, 0, 3
30, 90, 0, 56, 2, 18, 46, 0, 87, 28, 100, 66, 78, 100, 21, 100, 0
17, 94, 97, 100, 45, 94, 20, 67, 47, 73, 100, 42, 68, 0, 0, 16, 5
73, 100, 26, 72, 0, 43, 84, 37, 100, 56, 76, 65, 65, 33, 66, 0, 4
100, 100, 49, 85, 16, 57, 0, 28, 23, 0, 89, 5, 94, 31, 27, 26, 6
86, 100, 39, 77, 4, 51, 0, 25, 29, 0, 100, 11, 89, 36, 18, 51, 6
96, 100, 60, 82, 18, 54, 0, 33, 63, 26, 99, 49, 94, 34, 100, 0, 4
100, 100, 69, 79, 33, 59, 0, 38, 48, 34, 90, 47, 71, 24, 71, 0, 4
49, 76, 63, 100, 67, 77, 34, 53, 0, 29, 8, 13, 53, 1, 100, 0, 2
0, 82, 26, 98, 59, 100, 67, 78, 55, 53, 49, 27, 65, 6, 100, 0, 2
