@relation penbased-1
@attribute At1 integer [0, 100]
@attribute At2 integer [0, 100]
@attribute At3 integer [0, 100]
@attribute At4 integer [0, 100]
@attribute At5 integer [0, 100]
@attribute At6 integer [0, 100]
@attribute At7 integer [0, 100]
@attribute At8 integer [0, 100]
@attribute At9 integer [0, 100]
@attribute At10 integer [0, 100]
@attribute At11 integer [0, 100]
@attribute At12 integer [0, 100]
@attribute At13 integer [0, 100]
@attribute At14 integer [0, 100]
@attribute At15 integer [0, 100]
@attribute At16 integer [0, 100]
@attribute Class {0, 1, 2, 3, 4, 5, 6, 7, 8, 9}
@inputs At1, At2, At3, At4, At5, At6, At7, At8, At9, At10, At11, At12, At13, At14, At15, At16
@outputs Class
@data
0, 67, 49, 83, 100, 100, 81, 80, 60, 60, 40, 40, 33, 20, 47, 0, 1
99, 80, 63, 100, 25, 76, 79, 68, 100, 62, 97, 23, 54, 0, 0, 16, 9
8, 77, 47, 100, 100, 96, 71, 66, 100, 46, 99, 13, 46, 0, 0, 13, 3
95, 92, 50, 100, 21, 77, 74, 87, 100, 86, 69, 56, 37, 26, 0, 0, 9
15, 73, 0, 34, 30, 0, 81, 1, 100, 38, 87, 78, 44, 100, 16, 68, 0
0, 88, 24, 68, 76, 33, 43, 0, 29, 32, 84, 66, 100, 100, 8, 89, 8
42, 100, 9, 79, 0, 46, 48, 31, 100, 46, 89, 52, 46, 30, 19, 0, 4
7, 100, 0, 56, 51, 37, 39, 0, 9, 15, 5, 62, 42, 92, 100, 96, 5
100, 98, 60, 100, 29, 73, 10, 41, 6, 6, 46, 0, 46, 27, 0, 30, 6
40, 79, 61, 100, 78, 72, 46, 41, 0, 16, 1, 5, 61, 1, 100, 0, 2
37, 84, 69, 100, 96, 87, 55, 61, 88, 38, 100, 9, 51, 0, 0, 3, 3
39, 62, 78, 88, 79, 100, 57, 64, 38, 30, 0, 0, 34, 4, 100, 0, 1
24, 100, 14, 55, 72, 52, 54, 0, 8, 2, 0, 58, 35, 95, 100, 99, 5
0, 87, 55, 100, 100, 81, 74, 41, 49, 0, 20, 10, 32, 32, 99, 35, 7
47, 91, 37, 63, 65, 27, 21, 0, 9, 40, 0, 91, 49, 100, 100, 91, 5
0, 96, 45, 100, 100, 99, 79, 83, 60, 63, 45, 42, 36, 21, 33, 0, 7
84, 93, 20, 100, 22, 50, 44, 0, 0, 22, 54, 59, 100, 95, 27, 97, 8
80, 100, 60, 76, 26, 52, 0, 28, 46, 11, 97, 29, 100, 24, 100, 0, 4
27, 92, 22, 53, 58, 28, 18, 0, 0, 32, 13, 85, 50, 98, 100, 100, 5
33, 93, 8, 58, 0, 20, 35, 0, 78, 21, 100, 55, 94, 93, 48, 100, 0
0, 93, 45, 100, 74, 75, 57, 37, 35, 0, 25, 24, 53, 41, 100, 37, 7
100, 75, 95, 100, 24, 81, 38, 44, 69, 8, 0, 0, 45, 33, 96, 64, 8
73, 100, 43, 70, 0, 42, 25, 41, 100, 45, 90, 64, 63, 32, 54, 0, 4
85, 100, 56, 72, 42, 39, 55, 7, 100, 0, 95, 30, 46, 37, 0, 23, 6
0, 95, 52, 100, 100, 79, 83, 44, 67, 8, 45, 0, 3, 30, 84, 38, 7
100, 100, 54, 90, 17, 66, 0, 35, 16, 5, 66, 0, 66, 29, 22, 47, 6
54, 85, 100, 100, 99, 98, 49, 86, 23, 60, 63, 34, 50, 1, 0, 0, 5
42, 100, 34, 73, 0, 42, 2, 42, 62, 36, 100, 59, 92, 35, 87, 0, 4
24, 66, 100, 89, 30, 66, 88, 32, 34, 0, 0, 34, 61, 72, 77, 100, 8
100, 100, 75, 83, 43, 57, 20, 28, 31, 0, 77, 6, 48, 24, 0, 24, 6
0, 82, 47, 100, 75, 72, 52, 35, 22, 0, 16, 22, 41, 48, 100, 52, 7
97, 66, 77, 100, 8, 96, 0, 67, 69, 72, 100, 73, 92, 36, 86, 0, 9
17, 82, 56, 100, 100, 90, 64, 66, 85, 40, 94, 12, 48, 3, 0, 0, 3
39, 100, 0, 82, 22, 55, 100, 63, 62, 99, 62, 81, 59, 40, 60, 0, 4
9, 86, 1, 51, 27, 11, 76, 0, 100, 39, 84, 83, 37, 100, 0, 69, 0
0, 89, 10, 55, 51, 30, 48, 0, 18, 23, 20, 66, 49, 94, 100, 100, 5
64, 60, 76, 100, 13, 99, 39, 75, 100, 87, 98, 44, 65, 6, 0, 0, 9
0, 96, 45, 98, 100, 100, 97, 83, 77, 62, 60, 39, 52, 17, 55, 0, 7
7, 89, 0, 45, 16, 5, 51, 0, 84, 20, 100, 61, 84, 100, 50, 98, 0
4, 80, 0, 100, 37, 82, 33, 53, 5, 28, 4, 6, 52, 2, 100, 0, 2
58, 85, 100, 100, 87, 94, 52, 72, 59, 43, 85, 27, 47, 2, 0, 0, 5
0, 95, 50, 100, 100, 86, 90, 49, 66, 15, 49, 0, 23, 32, 76, 41, 7
100, 95, 87, 100, 49, 74, 16, 43, 6, 6, 52, 0, 48, 29, 0, 39, 6
64, 100, 32, 77, 16, 47, 16, 16, 58, 0, 100, 16, 49, 23, 0, 9, 6
100, 81, 55, 54, 0, 63, 23, 95, 84, 100, 94, 64, 74, 29, 35, 0, 9
40, 67, 54, 100, 91, 85, 69, 49, 34, 20, 0, 0, 49, 1, 100, 0, 2
43, 97, 3, 69, 0, 20, 43, 0, 88, 23, 100, 70, 62, 100, 14, 84, 0
14, 86, 0, 58, 58, 63, 77, 21, 27, 0, 14, 55, 36, 93, 100, 100, 5
8, 100, 0, 81, 9, 52, 81, 54, 100, 75, 86, 64, 87, 32, 90, 0, 4
81, 90, 29, 82, 0, 42, 10, 0, 70, 16, 100, 56, 96, 100, 47, 82, 0
0, 98, 20, 100, 19, 70, 11, 40, 43, 27, 89, 42, 94, 29, 100, 0, 4
9, 61, 16, 100, 58, 96, 41, 53, 7, 18, 0, 8, 49, 2, 100, 0, 2
19, 74, 43, 100, 70, 80, 53, 53, 100, 42, 98, 12, 50, 0, 0, 4, 3
14, 99, 16, 67, 67, 33, 74, 0, 0, 17, 44, 48, 100, 77, 39, 100, 8
100, 100, 63, 84, 32, 55, 13, 22, 43, 0, 81, 17, 36, 28, 0, 8, 6
29, 89, 84, 100, 80, 73, 36, 50, 94, 38, 100, 9, 41, 0, 0, 17, 3
66, 100, 33, 78, 11, 53, 0, 25, 20, 0, 77, 1, 100, 24, 41, 26, 6
3, 57, 83, 70, 100, 100, 6, 85, 20, 52, 71, 20, 0, 0, 37, 32, 8
0, 66, 37, 73, 73, 90, 100, 100, 98, 74, 96, 48, 90, 22, 87, 0, 1
28, 95, 100, 100, 51, 97, 0, 74, 16, 54, 86, 42, 71, 13, 1, 0, 5
39, 69, 55, 100, 96, 81, 80, 43, 45, 10, 0, 0, 44, 15, 100, 3, 2
58, 94, 84, 100, 82, 74, 46, 57, 92, 42, 100, 14, 52, 0, 0, 1, 3
35, 100, 1, 77, 0, 57, 86, 62, 100, 77, 48, 81, 22, 41, 6, 0, 4
89, 100, 48, 76, 18, 46, 8, 12, 55, 0, 100, 14, 51, 23, 0, 12, 6
0, 0, 42, 10, 79, 33, 100, 64, 89, 96, 40, 100, 22, 73, 67, 64, 9
20, 84, 60, 100, 93, 83, 60, 58, 73, 43, 100, 22, 54, 5, 0, 0, 3
47, 68, 0, 70, 53, 34, 85, 0, 22, 12, 53, 59, 100, 100, 46, 88, 8
0, 46, 52, 72, 100, 100, 84, 75, 71, 42, 64, 9, 2, 1, 32, 0, 1
66, 100, 25, 80, 4, 53, 0, 25, 26, 0, 94, 0, 100, 22, 45, 8, 6
0, 79, 32, 100, 69, 93, 54, 58, 25, 29, 4, 5, 52, 0, 100, 2, 2
73, 96, 50, 70, 38, 24, 0, 0, 29, 41, 70, 77, 100, 100, 46, 78, 8
28, 94, 96, 100, 83, 94, 22, 76, 50, 64, 100, 41, 66, 9, 0, 0, 5
61, 77, 78, 100, 94, 76, 77, 43, 47, 15, 0, 1, 47, 0, 100, 4, 2
97, 81, 52, 100, 0, 87, 21, 60, 76, 70, 100, 47, 74, 12, 23, 0, 9
0, 52, 56, 73, 100, 100, 91, 85, 88, 51, 89, 16, 42, 0, 93, 6, 1
78, 100, 43, 76, 10, 47, 0, 16, 57, 0, 100, 24, 51, 44, 9, 23, 6
0, 55, 53, 77, 100, 100, 87, 95, 87, 71, 87, 47, 87, 23, 80, 0, 1
0, 63, 23, 100, 56, 78, 48, 34, 19, 0, 11, 13, 55, 23, 100, 11, 2
51, 69, 74, 37, 100, 0, 52, 4, 41, 41, 73, 75, 60, 100, 0, 83, 8
33, 100, 21, 78, 0, 53, 4, 28, 77, 36, 90, 51, 88, 25, 100, 0, 4
100, 97, 58, 100, 21, 70, 0, 34, 21, 0, 71, 1, 57, 28, 11, 14, 6
62, 100, 37, 81, 14, 55, 0, 28, 55, 24, 100, 45, 66, 27, 58, 0, 4
0, 94, 50, 100, 94, 100, 73, 58, 60, 14, 43, 0, 50, 27, 100, 19, 7
0, 92, 42, 100, 90, 100, 100, 83, 71, 63, 57, 40, 44, 17, 14, 0, 3
100, 100, 55, 99, 39, 73, 91, 84, 86, 76, 68, 47, 43, 20, 0, 0, 9
0, 77, 33, 100, 55, 71, 45, 35, 14, 8, 9, 19, 56, 17, 100, 0, 2
4, 80, 50, 100, 100, 91, 71, 60, 46, 44, 89, 25, 51, 0, 0, 6, 3
36, 100, 19, 61, 0, 27, 80, 28, 100, 52, 73, 90, 70, 45, 69, 0, 4
40, 78, 62, 100, 58, 67, 35, 39, 0, 32, 27, 22, 62, 7, 100, 0, 2
0, 88, 26, 100, 56, 86, 45, 51, 26, 19, 34, 0, 69, 2, 100, 10, 2
0, 96, 51, 100, 98, 88, 87, 61, 53, 42, 100, 27, 68, 7, 17, 0, 3
54, 96, 60, 67, 87, 34, 48, 0, 14, 26, 0, 72, 40, 100, 100, 99, 5
0, 92, 51, 100, 100, 98, 83, 57, 71, 14, 59, 0, 44, 33, 97, 42, 7
55, 83, 100, 100, 88, 92, 40, 78, 24, 43, 68, 31, 48, 5, 0, 0, 5
31, 91, 0, 85, 8, 45, 85, 44, 100, 82, 66, 100, 68, 50, 76, 0, 4
0, 98, 5, 73, 70, 39, 100, 0, 43, 9, 53, 50, 84, 90, 26, 100, 8
41, 81, 63, 100, 82, 75, 52, 47, 100, 46, 98, 17, 46, 0, 0, 9, 3
34, 71, 16, 65, 17, 23, 0, 0, 1, 42, 44, 75, 100, 100, 46, 91, 8
25, 89, 62, 100, 65, 78, 66, 52, 100, 33, 81, 7, 41, 0, 0, 3, 3
21, 83, 55, 100, 92, 86, 73, 61, 92, 35, 100, 9, 52, 0, 0, 0, 3
69, 90, 33, 100, 63, 76, 70, 98, 100, 61, 98, 16, 51, 0, 0, 10, 9
23, 100, 17, 81, 0, 48, 43, 33, 100, 39, 58, 66, 38, 34, 27, 0, 4
0, 34, 34, 55, 70, 77, 100, 100, 95, 78, 84, 51, 73, 26, 64, 0, 1
100, 75, 79, 100, 47, 82, 79, 84, 66, 64, 62, 23, 36, 0, 0, 5, 9
42, 74, 67, 100, 63, 53, 36, 15, 0, 0, 24, 20, 62, 11, 100, 0, 2
29, 94, 2, 59, 0, 17, 47, 0, 90, 25, 100, 66, 71, 100, 19, 98, 0
19, 83, 12, 55, 57, 31, 28, 0, 7, 35, 0, 73, 41, 97, 100, 100, 5
81, 82, 0, 95, 19, 62, 84, 29, 45, 0, 24, 33, 83, 68, 100, 100, 8
60, 100, 40, 81, 0, 54, 2, 43, 60, 34, 100, 57, 82, 36, 71, 0, 4
59, 99, 16, 72, 89, 38, 91, 0, 28, 18, 73, 58, 100, 100, 0, 95, 8
32, 70, 45, 100, 77, 84, 49, 49, 14, 20, 0, 0, 51, 9, 100, 22, 2
16, 68, 31, 100, 76, 82, 70, 40, 28, 13, 0, 4, 55, 3, 100, 0, 2
39, 59, 74, 78, 100, 100, 76, 77, 62, 51, 57, 24, 38, 0, 0, 2, 1
8, 94, 40, 66, 95, 100, 26, 100, 88, 85, 100, 50, 81, 1, 0, 0, 9
0, 54, 50, 76, 80, 100, 60, 82, 52, 57, 60, 33, 88, 9, 100, 0, 1
55, 79, 82, 100, 98, 81, 69, 60, 100, 42, 85, 19, 45, 5, 0, 0, 3
0, 42, 35, 71, 70, 100, 63, 74, 57, 37, 48, 0, 44, 0, 100, 2, 1
0, 78, 21, 100, 54, 97, 68, 72, 60, 43, 48, 16, 66, 0, 100, 6, 2
64, 100, 20, 79, 0, 49, 2, 18, 49, 0, 100, 15, 59, 25, 17, 3, 6
0, 85, 49, 100, 100, 93, 69, 70, 38, 48, 96, 35, 91, 13, 36, 0, 3
0, 57, 21, 69, 62, 83, 100, 100, 87, 87, 67, 59, 50, 30, 38, 0, 1
4, 86, 54, 100, 85, 72, 80, 32, 76, 0, 100, 37, 48, 40, 0, 38, 7
56, 100, 42, 78, 0, 52, 29, 33, 100, 37, 90, 59, 70, 30, 59, 0, 4
44, 89, 62, 48, 61, 0, 0, 6, 35, 47, 100, 72, 81, 100, 14, 84, 8
0, 93, 69, 100, 98, 69, 71, 35, 35, 4, 13, 0, 24, 35, 100, 35, 7
29, 95, 93, 67, 84, 100, 10, 68, 0, 18, 74, 0, 100, 44, 17, 44, 8
99, 74, 100, 100, 45, 90, 44, 65, 100, 66, 92, 35, 57, 8, 0, 0, 9
0, 99, 65, 100, 100, 97, 57, 62, 36, 16, 19, 0, 2, 36, 69, 40, 7
87, 74, 64, 100, 11, 85, 68, 78, 100, 72, 84, 26, 38, 0, 0, 15, 9
45, 100, 34, 79, 11, 51, 0, 23, 40, 0, 100, 16, 51, 36, 28, 23, 6
63, 66, 58, 100, 11, 76, 36, 38, 63, 0, 0, 3, 36, 36, 100, 62, 8
0, 98, 10, 100, 61, 98, 100, 85, 77, 63, 47, 43, 20, 23, 3, 0, 7
59, 100, 34, 70, 0, 38, 33, 30, 100, 34, 95, 66, 73, 35, 53, 0, 4
47, 100, 0, 75, 5, 29, 50, 0, 100, 18, 100, 63, 59, 96, 4, 88, 0
0, 76, 34, 100, 70, 87, 48, 49, 16, 18, 11, 0, 55, 5, 100, 10, 2
86, 100, 41, 79, 10, 50, 0, 18, 45, 0, 100, 11, 78, 36, 22, 29, 6
0, 96, 40, 100, 59, 67, 42, 25, 26, 0, 14, 38, 57, 45, 100, 48, 7
78, 100, 23, 83, 59, 64, 100, 83, 76, 74, 77, 46, 55, 20, 0, 0, 9
0, 75, 32, 100, 80, 99, 66, 69, 68, 44, 100, 20, 60, 0, 6, 1, 3
41, 95, 44, 61, 58, 30, 13, 0, 0, 30, 3, 80, 44, 100, 100, 94, 5
22, 98, 0, 57, 42, 35, 7, 0, 3, 36, 7, 86, 49, 100, 100, 98, 5
8, 100, 23, 84, 0, 56, 26, 40, 100, 44, 72, 56, 68, 27, 89, 0, 4
0, 94, 46, 100, 100, 99, 76, 54, 55, 5, 29, 0, 30, 28, 84, 17, 7
55, 100, 36, 65, 0, 29, 55, 33, 100, 44, 77, 86, 73, 45, 78, 0, 4
35, 94, 0, 74, 75, 97, 100, 100, 70, 75, 45, 50, 25, 25, 0, 0, 1
90, 66, 49, 100, 0, 72, 67, 40, 100, 0, 25, 11, 34, 55, 84, 93, 8
15, 100, 0, 74, 20, 45, 82, 47, 100, 64, 84, 68, 77, 34, 73, 0, 4
0, 29, 32, 52, 68, 76, 100, 100, 95, 76, 89, 50, 78, 25, 76, 0, 1
30, 94, 0, 58, 4, 14, 52, 0, 94, 29, 100, 71, 60, 100, 10, 86, 0
46, 99, 12, 70, 0, 31, 24, 0, 70, 4, 100, 36, 94, 76, 60, 100, 0
33, 61, 41, 100, 41, 95, 39, 55, 37, 16, 0, 0, 50, 3, 100, 8, 1
0, 82, 31, 100, 48, 57, 50, 5, 35, 0, 32, 28, 66, 44, 100, 62, 7
0, 97, 10, 100, 55, 93, 100, 89, 72, 67, 46, 45, 37, 18, 41, 0, 7
27, 65, 58, 36, 61, 0, 25, 10, 0, 45, 13, 74, 56, 89, 100, 100, 5
55, 82, 95, 100, 98, 83, 64, 62, 91, 38, 100, 13, 49, 0, 0, 8, 3
0, 50, 28, 70, 77, 93, 100, 100, 77, 75, 56, 50, 44, 25, 62, 0, 1
38, 100, 43, 85, 0, 60, 28, 51, 100, 61, 98, 54, 73, 25, 46, 0, 4
79, 68, 100, 94, 47, 100, 0, 83, 27, 62, 84, 58, 91, 30, 80, 0, 9
25, 57, 20, 21, 62, 0, 100, 22, 95, 68, 61, 100, 14, 99, 0, 57, 0
36, 81, 69, 90, 100, 100, 80, 80, 60, 60, 41, 40, 20, 19, 0, 0, 1
0, 71, 47, 85, 100, 100, 92, 82, 75, 60, 62, 38, 45, 16, 40, 0, 1
52, 100, 28, 75, 63, 36, 41, 0, 0, 18, 16, 66, 47, 99, 100, 99, 5
37, 100, 8, 78, 0, 39, 18, 4, 59, 0, 91, 26, 100, 64, 72, 92, 0
49, 95, 82, 100, 68, 68, 73, 66, 100, 41, 74, 12, 29, 0, 0, 21, 3
34, 67, 98, 74, 100, 100, 32, 90, 0, 63, 69, 65, 85, 41, 64, 0, 9
62, 98, 22, 72, 0, 29, 28, 0, 77, 15, 100, 57, 86, 100, 37, 97, 0
36, 90, 84, 100, 100, 75, 62, 51, 82, 45, 85, 13, 38, 0, 0, 19, 3
48, 100, 31, 76, 85, 88, 17, 98, 65, 71, 100, 38, 68, 6, 0, 0, 9
41, 81, 48, 100, 67, 71, 50, 36, 0, 26, 29, 19, 72, 0, 100, 31, 2
36, 53, 100, 82, 55, 100, 2, 69, 36, 34, 74, 0, 0, 14, 62, 44, 8
33, 66, 72, 86, 100, 100, 76, 71, 70, 40, 55, 10, 0, 0, 13, 6, 1
26, 81, 67, 100, 82, 80, 53, 54, 77, 40, 100, 18, 56, 0, 0, 1, 3
0, 68, 34, 100, 74, 88, 56, 40, 17, 10, 10, 23, 55, 12, 100, 0, 2
0, 95, 46, 100, 14, 63, 30, 49, 100, 63, 94, 67, 80, 29, 72, 0, 4
42, 81, 6, 56, 95, 70, 71, 100, 19, 62, 100, 75, 75, 29, 0, 0, 9
17, 100, 5, 71, 0, 40, 60, 39, 100, 58, 85, 61, 77, 29, 69, 0, 4
33, 78, 67, 100, 68, 67, 36, 40, 0, 17, 27, 1, 72, 0, 100, 2, 2
0, 90, 57, 100, 63, 71, 46, 36, 40, 0, 10, 12, 39, 32, 100, 39, 7
0, 96, 46, 100, 64, 67, 45, 31, 12, 0, 10, 30, 50, 55, 100, 68, 7
44, 81, 72, 100, 100, 82, 64, 58, 99, 42, 93, 13, 47, 1, 0, 0, 3
7, 85, 29, 100, 28, 70, 26, 55, 83, 58, 100, 31, 55, 11, 0, 0, 3
42, 87, 80, 100, 70, 72, 58, 62, 100, 46, 87, 15, 42, 0, 0, 3, 3
0, 60, 9, 71, 45, 100, 35, 64, 38, 28, 7, 0, 21, 1, 100, 4, 1
0, 4, 74, 29, 100, 62, 88, 95, 74, 100, 74, 67, 74, 33, 76, 0, 1
60, 100, 14, 67, 100, 55, 80, 98, 39, 56, 0, 13, 80, 0, 50, 45, 8
17, 37, 24, 0, 73, 14, 100, 50, 89, 90, 43, 100, 11, 66, 0, 25, 0
24, 77, 73, 100, 100, 77, 62, 37, 21, 0, 0, 9, 25, 39, 84, 31, 7
7, 90, 57, 100, 86, 81, 46, 62, 92, 45, 100, 18, 58, 0, 0, 0, 3
39, 76, 68, 100, 49, 61, 40, 21, 19, 0, 0, 4, 50, 6, 100, 5, 1
0, 98, 43, 100, 68, 70, 66, 35, 56, 0, 39, 32, 49, 51, 100, 55, 7
59, 73, 48, 100, 99, 95, 81, 63, 93, 44, 100, 13, 50, 0, 0, 11, 3
34, 100, 5, 59, 0, 46, 100, 47, 94, 81, 64, 86, 62, 43, 50, 0, 4
13, 83, 52, 100, 75, 78, 44, 48, 4, 22, 0, 0, 54, 1, 100, 6, 2
48, 97, 7, 76, 22, 35, 0, 0, 5, 31, 49, 65, 100, 95, 52, 100, 8
21, 73, 12, 31, 40, 0, 81, 18, 100, 55, 82, 94, 37, 100, 0, 75, 0
0, 66, 12, 98, 45, 100, 70, 79, 45, 49, 35, 15, 66, 0, 100, 1, 2
35, 97, 8, 76, 0, 27, 42, 0, 91, 17, 100, 65, 60, 97, 8, 100, 0
95, 96, 56, 84, 0, 47, 57, 39, 100, 55, 93, 100, 86, 48, 81, 0, 4
54, 77, 47, 98, 100, 100, 93, 74, 77, 43, 96, 11, 46, 0, 0, 16, 3
65, 95, 28, 72, 52, 33, 24, 0, 0, 16, 15, 59, 48, 89, 100, 100, 5
15, 77, 75, 100, 100, 100, 91, 58, 91, 16, 49, 0, 0, 6, 78, 4, 1
41, 82, 64, 100, 83, 77, 46, 53, 93, 42, 100, 19, 52, 6, 0, 0, 3
35, 73, 63, 100, 97, 87, 58, 64, 100, 44, 100, 11, 50, 0, 0, 8, 3
16, 67, 30, 100, 76, 97, 71, 57, 41, 23, 0, 0, 50, 3, 100, 1, 2
23, 100, 19, 64, 51, 32, 16, 0, 0, 33, 8, 84, 54, 90, 100, 92, 5
32, 71, 54, 100, 82, 77, 62, 43, 24, 17, 0, 8, 50, 6, 100, 0, 2
100, 97, 49, 100, 11, 82, 10, 51, 54, 52, 76, 29, 47, 5, 0, 0, 5
44, 75, 21, 38, 0, 0, 18, 28, 56, 60, 100, 90, 82, 100, 28, 81, 8
93, 73, 57, 100, 0, 81, 36, 55, 100, 71, 99, 43, 91, 6, 26, 0, 9
0, 100, 52, 98, 100, 88, 56, 59, 41, 19, 60, 0, 41, 30, 92, 36, 7
13, 92, 6, 38, 34, 0, 79, 8, 100, 55, 79, 100, 34, 100, 0, 66, 0
35, 96, 87, 100, 74, 99, 28, 77, 60, 56, 100, 35, 53, 9, 0, 0, 5
55, 85, 100, 100, 82, 94, 38, 74, 90, 65, 94, 36, 52, 13, 0, 0, 5
12, 66, 51, 92, 100, 100, 74, 70, 36, 42, 0, 15, 35, 0, 100, 9, 2
54, 92, 90, 100, 100, 95, 63, 89, 33, 66, 52, 33, 32, 2, 0, 0, 5
46, 85, 36, 68, 84, 79, 42, 100, 79, 65, 100, 23, 53, 0, 0, 8, 9
65, 100, 45, 90, 14, 57, 0, 23, 43, 0, 100, 16, 80, 45, 35, 27, 6
25, 81, 35, 52, 74, 23, 28, 0, 12, 35, 0, 71, 25, 96, 100, 100, 5
19, 100, 0, 71, 10, 43, 53, 34, 93, 43, 100, 55, 80, 27, 59, 0, 4
0, 51, 56, 74, 100, 100, 85, 91, 75, 63, 75, 36, 80, 8, 85, 0, 1
0, 55, 37, 83, 64, 100, 54, 66, 49, 32, 33, 0, 22, 6, 100, 8, 1
29, 81, 60, 100, 90, 81, 68, 52, 34, 27, 0, 4, 47, 0, 100, 1, 2
0, 56, 40, 66, 74, 85, 100, 100, 79, 76, 62, 51, 47, 25, 42, 0, 1
22, 90, 67, 100, 87, 80, 61, 57, 30, 34, 0, 12, 41, 0, 100, 1, 2
71, 100, 27, 75, 6, 39, 21, 3, 77, 0, 100, 31, 51, 52, 0, 38, 6
65, 100, 56, 100, 17, 67, 0, 31, 36, 0, 100, 6, 73, 38, 10, 55, 6
26, 94, 75, 100, 92, 77, 45, 59, 81, 43, 100, 11, 51, 0, 0, 1, 3
67, 100, 24, 78, 0, 49, 0, 19, 44, 0, 100, 10, 65, 28, 10, 18, 6
98, 70, 66, 100, 0, 78, 40, 51, 90, 81, 98, 48, 100, 9, 28, 0, 9
92, 100, 46, 82, 8, 48, 0, 11, 70, 0, 100, 32, 26, 32, 14, 2, 6
29, 74, 1, 49, 0, 2, 51, 0, 93, 30, 100, 76, 55, 100, 6, 84, 0
65, 89, 61, 100, 16, 73, 0, 47, 65, 40, 100, 59, 61, 30, 28, 0, 4
3, 70, 0, 58, 57, 80, 100, 100, 84, 75, 81, 50, 81, 25, 97, 0, 1
27, 84, 20, 51, 38, 11, 0, 0, 2, 47, 9, 93, 54, 100, 100, 99, 5
34, 62, 51, 96, 55, 56, 50, 13, 0, 0, 6, 56, 38, 100, 100, 90, 5
0, 83, 63, 100, 100, 82, 84, 52, 58, 23, 23, 0, 0, 29, 76, 33, 7
88, 82, 44, 100, 49, 68, 100, 84, 93, 63, 98, 23, 57, 0, 0, 12, 9
45, 100, 53, 65, 100, 98, 22, 98, 45, 71, 85, 69, 81, 13, 0, 0, 9
24, 84, 6, 80, 0, 35, 31, 0, 79, 11, 100, 53, 77, 92, 27, 100, 0
45, 85, 75, 100, 70, 63, 43, 29, 5, 4, 0, 1, 50, 0, 100, 0, 2
42, 99, 8, 69, 0, 28, 39, 0, 85, 24, 100, 64, 74, 100, 21, 85, 0
75, 100, 41, 69, 0, 39, 45, 30, 100, 37, 92, 65, 55, 33, 23, 0, 4
48, 100, 31, 64, 3, 31, 0, 21, 62, 16, 100, 35, 93, 37, 89, 0, 4
31, 65, 0, 88, 40, 100, 68, 72, 56, 32, 28, 0, 57, 1, 100, 6, 2
2, 100, 58, 99, 63, 67, 38, 34, 19, 0, 0, 32, 42, 44, 100, 44, 7
58, 100, 0, 85, 51, 50, 79, 11, 14, 0, 44, 39, 100, 71, 51, 83, 8
7, 100, 28, 96, 18, 61, 0, 27, 50, 24, 85, 35, 85, 33, 100, 0, 4
0, 44, 28, 59, 67, 78, 100, 100, 89, 83, 75, 56, 65, 28, 67, 0, 1
0, 30, 46, 60, 59, 100, 21, 81, 67, 50, 100, 16, 38, 0, 7, 28, 8
71, 99, 55, 100, 0, 72, 29, 56, 100, 70, 73, 66, 35, 33, 6, 0, 4
0, 56, 15, 73, 65, 94, 100, 100, 91, 75, 82, 50, 79, 25, 94, 0, 1
12, 100, 0, 75, 11, 44, 98, 39, 100, 56, 68, 68, 58, 32, 60, 0, 4
0, 81, 27, 100, 58, 90, 45, 58, 25, 30, 23, 0, 61, 2, 100, 6, 2
46, 94, 16, 98, 0, 48, 30, 1, 87, 0, 100, 51, 80, 100, 27, 85, 0
56, 97, 16, 100, 0, 55, 18, 11, 67, 0, 100, 36, 91, 82, 44, 98, 0
100, 100, 66, 90, 25, 59, 0, 24, 36, 0, 98, 12, 62, 34, 0, 26, 6
0, 52, 23, 0, 79, 5, 100, 58, 59, 60, 74, 64, 79, 100, 27, 74, 0
19, 90, 57, 61, 96, 19, 17, 0, 2, 34, 81, 64, 100, 100, 0, 99, 8
55, 93, 100, 100, 73, 100, 34, 78, 44, 56, 77, 36, 45, 9, 0, 0, 5
20, 91, 27, 61, 66, 35, 47, 0, 0, 21, 11, 66, 44, 95, 100, 100, 5
17, 83, 2, 54, 0, 13, 47, 0, 90, 26, 100, 68, 71, 100, 26, 79, 0
92, 70, 34, 59, 0, 75, 39, 100, 89, 97, 98, 65, 93, 32, 100, 0, 9
16, 89, 54, 100, 94, 88, 61, 65, 100, 43, 96, 12, 50, 1, 0, 0, 3
32, 53, 41, 90, 100, 100, 94, 60, 56, 25, 0, 0, 30, 9, 99, 11, 2
0, 80, 7, 100, 93, 100, 98, 68, 64, 26, 41, 0, 15, 41, 100, 48, 7
0, 70, 46, 81, 100, 100, 88, 88, 81, 66, 77, 43, 68, 22, 63, 0, 1
49, 97, 23, 67, 72, 36, 35, 0, 0, 20, 4, 69, 32, 96, 100, 100, 5
76, 100, 59, 66, 89, 23, 9, 0, 0, 31, 80, 62, 100, 96, 2, 86, 8
50, 100, 26, 84, 0, 60, 6, 36, 58, 35, 100, 50, 78, 26, 63, 0, 4
5, 75, 0, 46, 16, 5, 67, 0, 100, 34, 92, 75, 47, 100, 6, 77, 0
88, 100, 100, 99, 52, 74, 14, 46, 0, 14, 57, 0, 84, 20, 18, 26, 6
60, 100, 25, 75, 0, 48, 27, 26, 100, 28, 84, 55, 69, 28, 52, 0, 4
100, 100, 53, 100, 14, 66, 0, 25, 41, 0, 95, 18, 66, 47, 9, 34, 6
0, 78, 29, 100, 69, 87, 62, 57, 34, 32, 2, 8, 48, 1, 100, 0, 2
40, 99, 5, 63, 46, 41, 9, 0, 0, 34, 1, 86, 37, 100, 100, 96, 5
27, 100, 15, 67, 0, 29, 40, 17, 100, 17, 97, 39, 67, 37, 62, 0, 4
53, 60, 85, 83, 48, 100, 0, 79, 46, 70, 100, 57, 81, 28, 54, 0, 9
24, 77, 18, 34, 46, 0, 89, 20, 100, 62, 78, 100, 31, 90, 0, 55, 0
21, 73, 84, 42, 90, 7, 0, 0, 19, 35, 81, 66, 100, 100, 9, 89, 8
100, 100, 53, 87, 24, 59, 2, 31, 0, 0, 50, 4, 62, 30, 12, 32, 6
0, 64, 36, 72, 73, 90, 100, 100, 89, 74, 82, 47, 78, 21, 76, 0, 1
16, 80, 9, 35, 40, 0, 86, 12, 100, 56, 80, 97, 32, 100, 0, 67, 0
20, 100, 0, 61, 10, 16, 58, 0, 100, 26, 98, 71, 56, 99, 7, 89, 0
41, 87, 0, 63, 62, 62, 84, 24, 8, 0, 6, 44, 11, 93, 100, 100, 5
36, 73, 12, 51, 25, 0, 76, 15, 100, 62, 63, 100, 15, 75, 0, 25, 0
29, 100, 92, 94, 100, 68, 78, 41, 55, 13, 29, 0, 0, 26, 63, 32, 7
0, 57, 33, 76, 70, 96, 100, 100, 92, 75, 86, 50, 83, 25, 83, 0, 1
49, 73, 83, 100, 76, 91, 59, 57, 37, 24, 0, 0, 38, 7, 100, 6, 1
0, 62, 52, 63, 78, 98, 23, 100, 32, 70, 99, 77, 100, 39, 94, 0, 9
0, 78, 31, 100, 66, 77, 58, 34, 20, 12, 15, 21, 58, 13, 100, 0, 2
11, 89, 55, 100, 100, 94, 82, 69, 97, 44, 93, 19, 49, 6, 0, 0, 3
0, 83, 28, 100, 85, 88, 74, 43, 43, 0, 8, 0, 38, 20, 100, 25, 7
71, 71, 90, 89, 36, 100, 0, 79, 71, 72, 100, 50, 79, 25, 59, 0, 9
39, 100, 24, 70, 0, 40, 49, 38, 100, 40, 75, 65, 52, 34, 43, 0, 4
0, 98, 41, 100, 79, 81, 65, 41, 57, 0, 40, 18, 50, 40, 100, 39, 7
17, 99, 39, 72, 94, 42, 65, 0, 16, 25, 0, 74, 27, 100, 100, 99, 5
96, 74, 47, 54, 0, 72, 25, 100, 82, 89, 100, 57, 84, 25, 41, 0, 9
0, 99, 28, 100, 65, 95, 100, 89, 95, 66, 72, 43, 50, 18, 45, 0, 7
34, 84, 83, 100, 100, 99, 28, 82, 0, 53, 65, 39, 84, 1, 13, 0, 5
35, 91, 4, 68, 0, 25, 42, 0, 89, 25, 100, 67, 63, 100, 13, 83, 0
1, 13, 46, 53, 72, 100, 13, 97, 39, 54, 100, 23, 56, 0, 0, 19, 8
100, 100, 47, 99, 10, 70, 0, 32, 32, 0, 88, 1, 75, 32, 16, 32, 6
0, 97, 90, 100, 81, 71, 52, 36, 37, 0, 16, 13, 7, 42, 100, 43, 7
90, 81, 46, 57, 0, 70, 27, 100, 85, 98, 100, 64, 86, 30, 55, 0, 9
4, 90, 53, 100, 100, 91, 66, 68, 78, 39, 97, 9, 51, 0, 0, 4, 3
97, 91, 33, 93, 55, 46, 54, 0, 0, 10, 49, 49, 100, 87, 30, 100, 8
39, 96, 24, 64, 43, 28, 0, 0, 7, 45, 15, 93, 46, 100, 100, 100, 5
66, 100, 37, 93, 9, 62, 0, 30, 29, 0, 100, 1, 91, 23, 22, 13, 6
0, 26, 15, 47, 60, 73, 100, 100, 87, 87, 64, 58, 43, 29, 25, 0, 1
76, 90, 29, 69, 33, 100, 76, 94, 88, 57, 100, 20, 62, 0, 0, 4, 9
47, 100, 27, 50, 0, 20, 50, 30, 100, 31, 89, 59, 58, 50, 39, 0, 4
100, 100, 47, 82, 13, 57, 0, 31, 8, 6, 92, 0, 97, 20, 5, 27, 6
26, 77, 12, 100, 0, 62, 57, 45, 100, 60, 68, 77, 50, 39, 41, 0, 4
33, 79, 75, 100, 99, 75, 71, 45, 24, 25, 0, 29, 55, 21, 100, 0, 2
34, 100, 0, 51, 18, 87, 12, 97, 36, 44, 16, 0, 34, 8, 100, 14, 1
8, 79, 47, 100, 47, 86, 39, 48, 45, 12, 100, 8, 44, 5, 0, 0, 1
13, 78, 38, 100, 41, 68, 24, 36, 0, 10, 33, 3, 68, 0, 100, 3, 2
0, 97, 38, 100, 89, 75, 59, 37, 25, 0, 8, 12, 29, 41, 100, 39, 7
32, 63, 52, 100, 86, 69, 70, 24, 24, 0, 0, 4, 53, 2, 100, 1, 2
26, 89, 0, 74, 1, 30, 35, 0, 80, 10, 100, 50, 86, 92, 46, 100, 0
40, 100, 0, 58, 93, 90, 6, 92, 11, 52, 9, 0, 100, 34, 0, 38, 8
38, 92, 11, 62, 0, 27, 27, 0, 75, 6, 100, 36, 88, 71, 59, 100, 0
27, 94, 0, 70, 59, 55, 52, 8, 0, 0, 8, 53, 37, 94, 100, 100, 5
0, 90, 36, 100, 64, 89, 53, 64, 67, 41, 100, 25, 88, 7, 48, 0, 3
13, 100, 0, 82, 0, 60, 27, 42, 82, 42, 80, 41, 80, 19, 100, 0, 4
7, 89, 54, 100, 69, 76, 40, 52, 91, 45, 100, 19, 52, 6, 0, 0, 3
0, 69, 36, 84, 77, 99, 100, 100, 78, 76, 57, 51, 38, 26, 28, 0, 1
50, 100, 10, 73, 0, 29, 36, 0, 83, 17, 100, 60, 68, 94, 26, 76, 0
0, 45, 32, 65, 67, 82, 100, 100, 75, 76, 51, 51, 28, 26, 9, 0, 1
20, 100, 34, 93, 0, 53, 4, 38, 88, 50, 100, 72, 99, 30, 96, 0, 4
37, 94, 44, 57, 94, 99, 28, 100, 53, 73, 100, 64, 75, 7, 0, 0, 9
100, 73, 38, 64, 0, 78, 41, 100, 90, 88, 89, 58, 80, 28, 97, 0, 9
0, 94, 60, 100, 100, 79, 86, 44, 66, 10, 43, 0, 16, 32, 74, 43, 7
0, 79, 28, 100, 54, 90, 46, 62, 28, 36, 18, 9, 52, 0, 100, 5, 2
10, 95, 64, 100, 82, 67, 70, 30, 73, 0, 100, 33, 52, 38, 0, 42, 7
21, 71, 0, 33, 22, 0, 72, 10, 100, 44, 93, 84, 47, 100, 1, 82, 0
0, 89, 44, 100, 100, 73, 88, 35, 46, 0, 12, 9, 11, 35, 92, 34, 7
0, 93, 68, 100, 78, 79, 65, 43, 60, 8, 40, 0, 30, 28, 100, 37, 7
8, 84, 37, 100, 54, 72, 32, 42, 0, 18, 15, 10, 58, 5, 100, 0, 2
18, 60, 39, 100, 45, 82, 46, 32, 20, 0, 0, 1, 50, 4, 100, 11, 1
79, 100, 38, 76, 8, 49, 1, 19, 47, 0, 100, 9, 47, 21, 0, 8, 6
43, 97, 0, 74, 74, 79, 57, 100, 47, 85, 100, 54, 88, 16, 16, 0, 9
0, 75, 22, 100, 58, 86, 56, 50, 29, 22, 14, 1, 58, 0, 100, 4, 2
26, 64, 34, 100, 65, 77, 43, 36, 1, 11, 0, 8, 50, 4, 100, 0, 2
97, 73, 50, 79, 47, 100, 97, 90, 100, 64, 77, 39, 43, 17, 0, 0, 9
26, 84, 72, 100, 92, 78, 51, 53, 70, 49, 100, 23, 58, 0, 0, 7, 3
100, 100, 85, 86, 60, 62, 41, 36, 29, 9, 58, 0, 46, 21, 0, 21, 6
70, 100, 23, 82, 0, 51, 8, 18, 71, 1, 100, 28, 29, 29, 11, 0, 6
31, 84, 60, 100, 83, 85, 66, 64, 100, 45, 82, 17, 42, 0, 0, 0, 3
72, 97, 4, 91, 14, 45, 29, 0, 0, 30, 61, 65, 100, 100, 20, 86, 8
16, 100, 0, 72, 17, 48, 61, 46, 100, 48, 93, 58, 81, 29, 71, 0, 4
91, 64, 90, 100, 40, 93, 51, 71, 100, 67, 91, 28, 53, 1, 0, 0, 9
39, 68, 67, 100, 74, 78, 78, 38, 86, 0, 100, 4, 39, 7, 0, 14, 1
45, 100, 68, 64, 100, 24, 39, 0, 5, 33, 68, 65, 85, 97, 0, 97, 8
100, 100, 72, 79, 38, 51, 0, 26, 44, 32, 90, 39, 88, 37, 82, 0, 4
100, 100, 62, 88, 26, 61, 0, 30, 14, 0, 68, 2, 63, 23, 12, 13, 6
24, 64, 52, 93, 67, 100, 57, 48, 39, 0, 0, 0, 50, 1, 100, 2, 1
16, 83, 0, 47, 66, 62, 86, 23, 19, 0, 8, 48, 12, 94, 100, 100, 5
0, 27, 23, 44, 63, 72, 100, 100, 86, 88, 50, 60, 22, 30, 9, 0, 1
21, 77, 58, 100, 95, 81, 67, 52, 96, 48, 100, 17, 52, 0, 0, 11, 3
27, 100, 3, 76, 0, 46, 69, 43, 100, 64, 90, 64, 85, 32, 87, 0, 4
51, 100, 18, 73, 0, 34, 20, 0, 63, 2, 95, 31, 100, 72, 66, 90, 0
0, 33, 34, 52, 64, 76, 93, 100, 100, 90, 88, 60, 75, 30, 64, 0, 1
0, 54, 16, 68, 59, 83, 99, 100, 100, 90, 74, 62, 51, 32, 34, 0, 1
100, 100, 72, 90, 41, 62, 12, 31, 9, 0, 57, 10, 47, 33, 0, 23, 6
49, 100, 16, 63, 0, 17, 36, 0, 79, 22, 100, 66, 63, 90, 23, 69, 0
0, 85, 50, 100, 88, 73, 66, 35, 29, 0, 5, 5, 41, 38, 100, 52, 7
1, 78, 16, 100, 61, 93, 50, 64, 21, 39, 0, 11, 46, 0, 100, 0, 2
0, 51, 29, 68, 57, 85, 87, 100, 100, 84, 87, 56, 70, 28, 58, 0, 1
37, 100, 11, 72, 0, 33, 26, 0, 74, 7, 100, 42, 81, 79, 36, 99, 0
1, 100, 47, 96, 52, 60, 46, 24, 40, 0, 0, 26, 41, 37, 100, 41, 7
32, 85, 67, 55, 95, 10, 4, 0, 12, 40, 95, 71, 100, 100, 0, 87, 8
28, 83, 5, 52, 0, 17, 35, 0, 78, 10, 100, 40, 89, 73, 60, 100, 0
0, 90, 49, 100, 60, 67, 55, 32, 65, 0, 21, 28, 28, 48, 100, 53, 7
62, 80, 5, 65, 2, 100, 64, 94, 90, 58, 100, 19, 57, 0, 0, 24, 9
71, 93, 87, 63, 94, 100, 47, 74, 100, 72, 98, 40, 67, 3, 0, 0, 9
44, 86, 71, 100, 100, 88, 73, 69, 61, 51, 68, 26, 36, 10, 0, 0, 3
43, 91, 79, 100, 63, 67, 34, 38, 0, 14, 11, 13, 56, 9, 100, 0, 2
0, 0, 36, 9, 69, 28, 91, 51, 100, 78, 81, 100, 47, 86, 64, 63, 9
96, 100, 14, 91, 42, 75, 45, 96, 0, 67, 100, 82, 54, 43, 18, 0, 9
50, 100, 22, 84, 0, 54, 45, 34, 100, 41, 100, 64, 88, 32, 84, 0, 4
26, 93, 61, 100, 69, 74, 79, 55, 100, 32, 81, 8, 41, 0, 0, 4, 3
100, 90, 64, 100, 45, 68, 81, 70, 85, 61, 81, 27, 52, 0, 0, 9, 9
0, 89, 65, 100, 85, 70, 51, 35, 19, 0, 12, 21, 29, 48, 100, 46, 7
53, 61, 100, 73, 92, 100, 55, 72, 58, 36, 51, 1, 0, 0, 29, 31, 8
0, 38, 18, 57, 49, 80, 81, 100, 100, 92, 85, 61, 69, 31, 63, 0, 1
44, 75, 50, 100, 100, 94, 82, 64, 92, 36, 89, 5, 38, 0, 0, 21, 3
5, 73, 25, 99, 75, 100, 63, 70, 80, 40, 100, 9, 51, 0, 0, 4, 3
86, 59, 56, 100, 0, 81, 48, 42, 71, 0, 11, 8, 45, 52, 100, 88, 8
25, 100, 11, 78, 0, 51, 3, 26, 89, 27, 100, 44, 57, 26, 36, 0, 4
29, 100, 0, 70, 35, 48, 82, 61, 100, 96, 71, 65, 41, 33, 16, 0, 4
14, 100, 2, 73, 0, 48, 50, 44, 92, 48, 100, 58, 76, 29, 53, 0, 4
0, 89, 40, 100, 64, 70, 55, 27, 38, 0, 15, 30, 57, 36, 100, 39, 7
0, 82, 27, 100, 35, 70, 18, 40, 6, 8, 41, 0, 78, 1, 100, 3, 2
100, 94, 51, 83, 0, 76, 40, 100, 80, 96, 58, 61, 29, 30, 8, 0, 9
70, 100, 17, 88, 36, 66, 89, 90, 88, 78, 100, 42, 68, 9, 0, 0, 9
17, 100, 5, 91, 0, 59, 58, 51, 100, 77, 60, 60, 30, 30, 6, 0, 4
46, 100, 1, 69, 0, 33, 64, 29, 100, 42, 75, 84, 65, 46, 62, 0, 4
100, 100, 57, 97, 21, 68, 0, 37, 10, 6, 78, 0, 82, 23, 9, 19, 6
37, 78, 60, 100, 81, 75, 63, 46, 29, 24, 0, 1, 50, 0, 100, 4, 2
50, 99, 21, 80, 0, 37, 25, 0, 76, 16, 100, 58, 79, 100, 29, 95, 0
13, 65, 73, 34, 94, 0, 0, 0, 27, 34, 82, 65, 100, 100, 27, 77, 8
6, 74, 37, 100, 66, 91, 54, 53, 27, 21, 0, 0, 53, 0, 100, 3, 2
17, 93, 25, 64, 45, 25, 5, 0, 0, 42, 5, 96, 53, 100, 100, 100, 5
28, 78, 57, 100, 61, 67, 33, 33, 0, 7, 17, 0, 59, 1, 100, 0, 2
56, 76, 18, 100, 0, 69, 57, 37, 71, 0, 12, 20, 62, 55, 100, 83, 8
19, 97, 39, 96, 0, 49, 29, 35, 100, 48, 98, 100, 86, 52, 92, 0, 4
11, 100, 0, 74, 43, 56, 100, 56, 88, 83, 87, 55, 84, 27, 87, 0, 4
23, 66, 82, 89, 100, 100, 85, 63, 79, 25, 45, 0, 0, 2, 77, 4, 1
52, 76, 72, 100, 100, 81, 71, 52, 94, 35, 97, 6, 48, 0, 0, 5, 3
82, 100, 64, 75, 16, 46, 0, 13, 73, 1, 100, 20, 27, 27, 47, 0, 6
0, 66, 21, 100, 50, 78, 42, 33, 24, 0, 9, 40, 54, 55, 100, 69, 7
13, 74, 0, 44, 31, 0, 86, 4, 100, 55, 67, 100, 18, 84, 23, 30, 0
0, 77, 49, 100, 100, 74, 85, 37, 58, 0, 93, 13, 69, 48, 5, 74, 8
0, 100, 1, 58, 20, 17, 58, 0, 94, 19, 100, 64, 69, 92, 28, 90, 0
51, 80, 71, 100, 100, 86, 79, 64, 53, 44, 62, 19, 41, 0, 0, 1, 3
100, 72, 43, 78, 0, 91, 50, 100, 54, 75, 40, 50, 30, 25, 29, 0, 9
4, 61, 18, 100, 58, 88, 43, 43, 5, 13, 0, 17, 48, 0, 100, 1, 2
55, 100, 27, 94, 5, 56, 8, 18, 59, 0, 100, 23, 45, 31, 0, 8, 6
0, 100, 38, 97, 44, 76, 47, 54, 73, 37, 100, 21, 74, 6, 35, 0, 3
67, 96, 20, 100, 21, 59, 41, 20, 11, 0, 0, 35, 48, 65, 100, 93, 8
11, 100, 0, 78, 0, 56, 39, 40, 100, 50, 91, 43, 75, 22, 80, 0, 4
100, 88, 79, 100, 42, 74, 15, 41, 27, 8, 78, 0, 48, 17, 0, 18, 6
0, 41, 73, 63, 100, 87, 86, 100, 73, 75, 64, 50, 64, 25, 77, 0, 1
100, 100, 56, 80, 23, 54, 0, 25, 19, 0, 77, 5, 70, 22, 11, 16, 6
32, 100, 0, 58, 5, 7, 60, 0, 100, 38, 85, 85, 27, 86, 5, 42, 0
0, 72, 18, 100, 68, 98, 63, 73, 89, 41, 100, 5, 53, 0, 6, 12, 3
89, 81, 66, 100, 51, 69, 97, 88, 96, 60, 100, 14, 51, 0, 0, 12, 9
0, 77, 38, 58, 75, 30, 72, 0, 45, 28, 21, 60, 36, 91, 100, 100, 5
66, 100, 38, 69, 0, 40, 43, 34, 100, 37, 94, 63, 60, 35, 41, 0, 4
5, 94, 66, 100, 100, 76, 98, 49, 71, 22, 34, 0, 0, 25, 78, 37, 7
100, 100, 55, 81, 24, 50, 9, 15, 54, 0, 87, 24, 43, 41, 0, 31, 6
5, 86, 77, 100, 80, 99, 0, 86, 20, 63, 100, 48, 81, 13, 1, 0, 5
0, 34, 16, 54, 51, 77, 89, 100, 86, 75, 73, 50, 70, 24, 100, 0, 1
77, 83, 42, 100, 13, 69, 62, 57, 100, 74, 91, 27, 53, 0, 0, 9, 9
30, 79, 72, 100, 95, 71, 59, 40, 100, 31, 84, 0, 27, 4, 0, 27, 3
78, 100, 30, 74, 5, 44, 0, 13, 60, 0, 100, 26, 48, 39, 2, 15, 6
10, 91, 20, 59, 83, 56, 100, 13, 40, 0, 3, 42, 0, 82, 60, 100, 5
85, 100, 37, 79, 13, 47, 14, 14, 67, 0, 100, 26, 51, 40, 0, 21, 6
53, 90, 90, 71, 87, 100, 40, 75, 100, 80, 95, 39, 67, 0, 0, 0, 9
0, 80, 44, 100, 74, 70, 52, 33, 20, 0, 5, 30, 45, 41, 100, 41, 7
12, 100, 0, 74, 4, 42, 74, 44, 100, 58, 77, 65, 74, 32, 65, 0, 4
10, 79, 18, 48, 39, 17, 0, 0, 3, 38, 10, 71, 54, 87, 100, 100, 5
60, 63, 100, 84, 55, 100, 0, 78, 40, 68, 98, 60, 73, 28, 32, 0, 9
72, 100, 27, 81, 0, 47, 6, 9, 56, 0, 100, 19, 63, 30, 16, 14, 6
58, 96, 100, 100, 63, 90, 37, 61, 61, 54, 66, 24, 36, 0, 0, 11, 5
20, 90, 15, 66, 37, 18, 7, 0, 0, 45, 15, 95, 58, 100, 100, 87, 5
59, 99, 8, 100, 24, 58, 81, 28, 57, 0, 0, 25, 39, 64, 100, 93, 8
92, 100, 8, 87, 54, 50, 100, 15, 0, 0, 5, 37, 64, 73, 48, 99, 8
59, 84, 83, 100, 91, 70, 74, 41, 38, 19, 0, 0, 49, 0, 100, 4, 2
7, 64, 57, 80, 100, 100, 87, 85, 74, 59, 67, 34, 52, 9, 0, 0, 1
26, 64, 22, 30, 55, 0, 97, 23, 100, 64, 74, 100, 23, 91, 0, 54, 0
31, 81, 70, 98, 100, 100, 58, 87, 42, 58, 78, 32, 42, 9, 0, 0, 5
0, 98, 67, 100, 100, 72, 88, 36, 72, 0, 54, 0, 19, 31, 87, 32, 7
97, 90, 67, 100, 26, 71, 0, 39, 4, 6, 74, 0, 100, 26, 27, 18, 6
0, 66, 78, 89, 100, 100, 88, 75, 78, 51, 72, 26, 56, 3, 69, 0, 1
24, 91, 82, 100, 88, 95, 33, 82, 51, 51, 100, 32, 53, 4, 0, 0, 5
0, 43, 33, 61, 69, 79, 100, 100, 93, 79, 83, 53, 78, 26, 74, 0, 1
0, 39, 21, 57, 63, 78, 100, 100, 94, 82, 78, 54, 65, 27, 57, 0, 1
0, 95, 14, 100, 60, 99, 100, 100, 61, 86, 43, 58, 33, 29, 32, 0, 7
35, 83, 18, 81, 0, 40, 21, 4, 69, 0, 100, 28, 91, 71, 57, 100, 0
0, 48, 14, 61, 53, 81, 95, 100, 100, 82, 76, 56, 53, 29, 39, 0, 1
0, 100, 64, 98, 100, 80, 55, 41, 14, 0, 2, 5, 20, 30, 86, 36, 7
61, 100, 21, 76, 0, 44, 10, 10, 60, 0, 98, 23, 100, 58, 79, 90, 0
100, 100, 39, 93, 43, 59, 70, 25, 32, 0, 0, 24, 34, 56, 79, 84, 8
0, 50, 45, 70, 80, 92, 100, 100, 80, 75, 59, 50, 52, 25, 52, 0, 1
38, 100, 1, 75, 0, 29, 36, 0, 80, 14, 100, 56, 79, 97, 37, 94, 0
77, 100, 48, 60, 0, 32, 50, 40, 100, 49, 91, 86, 70, 43, 52, 0, 4
98, 100, 31, 97, 48, 60, 72, 23, 16, 0, 0, 30, 47, 62, 100, 92, 8
89, 79, 48, 100, 21, 71, 51, 34, 40, 0, 0, 18, 49, 47, 100, 77, 8
40, 100, 3, 69, 0, 25, 44, 0, 91, 26, 100, 69, 60, 100, 8, 84, 0
62, 100, 88, 96, 60, 74, 82, 56, 100, 31, 84, 5, 41, 0, 0, 11, 3
87, 75, 53, 100, 0, 81, 40, 61, 81, 78, 100, 41, 77, 5, 16, 0, 9
79, 100, 46, 82, 13, 52, 0, 18, 48, 0, 100, 18, 58, 37, 0, 27, 6
60, 100, 46, 70, 9, 40, 0, 38, 57, 31, 100, 53, 91, 36, 75, 0, 4
82, 62, 85, 100, 28, 91, 48, 54, 99, 74, 100, 35, 66, 0, 0, 2, 9
0, 55, 57, 76, 100, 100, 73, 83, 71, 57, 79, 32, 89, 6, 93, 0, 1
14, 84, 24, 100, 81, 89, 42, 65, 27, 47, 100, 37, 71, 12, 0, 0, 3
0, 96, 21, 97, 79, 100, 100, 98, 67, 76, 48, 50, 33, 23, 31, 0, 7
23, 96, 0, 61, 2, 20, 37, 0, 75, 19, 100, 53, 95, 93, 55, 100, 0
21, 87, 49, 100, 96, 87, 53, 63, 65, 48, 100, 21, 55, 0, 0, 5, 3
11, 100, 0, 86, 2, 66, 26, 47, 81, 44, 100, 40, 83, 20, 79, 0, 4
95, 100, 57, 84, 33, 50, 22, 12, 66, 0, 100, 24, 47, 22, 0, 6, 6
48, 86, 16, 51, 0, 11, 37, 0, 77, 29, 100, 66, 81, 100, 31, 92, 0
23, 65, 37, 100, 72, 83, 64, 45, 36, 12, 0, 3, 48, 10, 100, 0, 2
0, 86, 34, 100, 60, 86, 42, 60, 70, 43, 100, 26, 70, 8, 29, 0, 3
20, 79, 30, 100, 100, 99, 66, 71, 45, 59, 97, 40, 70, 11, 0, 0, 3
0, 69, 35, 100, 100, 94, 69, 49, 26, 8, 71, 0, 36, 40, 15, 83, 8
4, 25, 68, 64, 33, 97, 0, 36, 38, 0, 100, 43, 96, 100, 22, 85, 0
0, 100, 14, 81, 5, 58, 28, 39, 88, 47, 97, 44, 91, 21, 100, 0, 4
63, 100, 31, 82, 0, 52, 36, 29, 100, 45, 99, 59, 59, 30, 28, 0, 4
50, 100, 18, 76, 2, 48, 0, 20, 40, 0, 100, 7, 68, 28, 0, 27, 6
49, 94, 76, 73, 82, 100, 30, 77, 100, 81, 100, 42, 75, 2, 0, 0, 9
34, 87, 70, 100, 100, 92, 83, 67, 73, 40, 77, 14, 41, 1, 0, 0, 3
38, 100, 11, 71, 0, 30, 33, 0, 82, 5, 100, 43, 76, 79, 28, 88, 0
0, 79, 34, 100, 57, 80, 46, 45, 18, 14, 10, 0, 59, 1, 100, 2, 2
20, 65, 43, 94, 76, 100, 58, 64, 44, 27, 0, 1, 18, 4, 100, 0, 1
70, 98, 100, 100, 49, 96, 25, 62, 63, 53, 78, 24, 39, 0, 0, 5, 5
31, 90, 67, 100, 87, 84, 58, 61, 79, 35, 100, 10, 52, 0, 0, 4, 3
100, 100, 63, 99, 29, 74, 3, 43, 0, 6, 41, 0, 66, 22, 25, 31, 6
0, 94, 45, 100, 70, 76, 32, 58, 86, 52, 100, 22, 56, 0, 2, 1, 3
0, 55, 58, 77, 100, 100, 89, 97, 63, 73, 37, 49, 11, 24, 0, 0, 1
49, 100, 57, 55, 40, 9, 0, 0, 44, 40, 100, 77, 77, 100, 14, 69, 8
0, 85, 38, 100, 60, 85, 34, 59, 76, 50, 100, 26, 68, 5, 24, 0, 3
100, 100, 54, 80, 25, 54, 0, 29, 0, 2, 75, 0, 89, 18, 19, 31, 6
2, 86, 46, 100, 62, 74, 26, 48, 60, 44, 100, 23, 61, 0, 0, 8, 3
97, 100, 41, 81, 14, 13, 71, 23, 100, 85, 77, 85, 47, 53, 0, 0, 0
74, 100, 72, 59, 16, 57, 45, 95, 96, 84, 100, 36, 61, 0, 0, 3, 9
32, 80, 72, 100, 82, 76, 55, 47, 24, 20, 0, 0, 50, 7, 100, 3, 2
0, 55, 20, 77, 53, 100, 73, 91, 93, 68, 100, 45, 93, 22, 47, 0, 1
5, 100, 52, 100, 96, 79, 84, 38, 60, 0, 100, 13, 53, 34, 0, 49, 7
91, 79, 44, 68, 0, 74, 24, 100, 69, 91, 83, 61, 89, 30, 100, 0, 9
39, 75, 46, 100, 95, 83, 80, 41, 41, 6, 0, 6, 50, 28, 100, 0, 2
100, 100, 46, 82, 13, 54, 0, 23, 38, 0, 99, 11, 68, 35, 1, 30, 6
100, 100, 46, 88, 23, 59, 12, 30, 28, 0, 96, 6, 77, 31, 0, 25, 6
0, 59, 55, 87, 100, 100, 88, 56, 89, 12, 32, 3, 5, 2, 88, 0, 1
5, 87, 5, 30, 41, 0, 83, 9, 100, 58, 70, 100, 29, 95, 0, 51, 0
0, 100, 56, 96, 100, 77, 73, 43, 45, 10, 53, 0, 85, 31, 30, 33, 7
100, 85, 67, 100, 56, 66, 96, 79, 90, 65, 86, 28, 54, 0, 0, 11, 9
32, 84, 66, 100, 70, 57, 40, 25, 0, 15, 23, 33, 63, 22, 100, 0, 2
46, 82, 65, 100, 69, 72, 39, 47, 0, 28, 12, 20, 56, 9, 100, 0, 2
100, 100, 54, 79, 19, 52, 1, 22, 35, 0, 92, 9, 46, 26, 0, 12, 6
31, 81, 51, 100, 83, 85, 50, 62, 88, 41, 100, 14, 53, 0, 0, 5, 3
40, 87, 87, 100, 100, 75, 59, 53, 88, 50, 91, 19, 48, 0, 0, 11, 3
85, 100, 71, 100, 25, 68, 0, 32, 31, 0, 100, 16, 78, 49, 7, 67, 6
49, 92, 58, 48, 66, 4, 0, 0, 39, 36, 100, 65, 92, 100, 25, 88, 8
51, 100, 23, 74, 7, 34, 35, 0, 99, 6, 100, 34, 34, 31, 0, 1, 6
2, 100, 11, 94, 0, 57, 51, 41, 94, 64, 100, 72, 77, 36, 60, 0, 4
41, 100, 26, 100, 0, 75, 6, 47, 55, 41, 100, 49, 70, 25, 79, 0, 4
22, 76, 54, 100, 62, 58, 39, 20, 0, 0, 13, 24, 57, 27, 100, 23, 2
0, 96, 43, 100, 100, 86, 75, 51, 48, 16, 33, 0, 17, 33, 88, 36, 7
100, 100, 59, 81, 29, 55, 4, 26, 11, 0, 60, 12, 51, 30, 0, 21, 6
47, 100, 30, 73, 0, 40, 22, 21, 89, 23, 100, 55, 71, 34, 49, 0, 4
9, 100, 0, 72, 27, 51, 100, 55, 97, 86, 72, 61, 53, 30, 48, 0, 4
100, 100, 68, 87, 40, 61, 12, 34, 0, 5, 42, 0, 59, 20, 8, 15, 6
12, 96, 3, 66, 76, 40, 64, 0, 16, 17, 0, 60, 7, 98, 100, 100, 5
54, 86, 88, 100, 100, 99, 64, 89, 36, 64, 50, 31, 32, 0, 0, 1, 5
0, 77, 40, 79, 83, 96, 100, 100, 92, 74, 81, 49, 70, 23, 71, 0, 1
70, 100, 2, 50, 15, 1, 100, 36, 70, 79, 36, 56, 67, 51, 0, 0, 0
19, 48, 68, 72, 100, 100, 89, 75, 79, 46, 67, 16, 0, 2, 88, 0, 1
53, 100, 21, 79, 0, 39, 9, 0, 73, 11, 100, 49, 75, 87, 9, 92, 0
100, 93, 47, 100, 7, 70, 43, 32, 27, 0, 0, 32, 36, 70, 83, 100, 8
100, 100, 21, 84, 41, 44, 79, 6, 0, 0, 33, 39, 80, 76, 49, 97, 8
43, 90, 100, 100, 75, 96, 2, 85, 45, 70, 91, 47, 64, 15, 0, 0, 5
74, 100, 40, 85, 0, 62, 36, 40, 88, 49, 100, 57, 70, 30, 51, 0, 4
100, 81, 40, 100, 0, 66, 68, 63, 95, 91, 99, 49, 85, 8, 5, 0, 9
71, 100, 40, 70, 19, 35, 21, 0, 79, 4, 100, 35, 42, 43, 0, 21, 6
0, 83, 26, 90, 100, 100, 72, 68, 38, 34, 7, 0, 3, 19, 46, 41, 7
51, 86, 77, 100, 64, 70, 89, 58, 100, 27, 75, 0, 35, 0, 0, 18, 3
94, 72, 56, 72, 39, 95, 88, 100, 100, 73, 71, 46, 37, 22, 0, 0, 9
23, 65, 43, 91, 59, 100, 47, 50, 36, 1, 0, 0, 50, 2, 100, 2, 1
99, 80, 77, 100, 28, 81, 60, 62, 100, 70, 84, 33, 55, 0, 0, 4, 9
37, 75, 68, 100, 100, 83, 72, 54, 68, 45, 86, 18, 45, 0, 0, 9, 3
17, 87, 0, 65, 46, 54, 63, 11, 18, 0, 19, 55, 33, 99, 100, 100, 5
34, 82, 69, 100, 94, 77, 65, 50, 100, 42, 88, 12, 44, 0, 0, 9, 3
34, 89, 68, 100, 78, 80, 61, 67, 100, 48, 95, 19, 51, 0, 0, 0, 3
76, 76, 39, 100, 0, 76, 41, 39, 73, 0, 17, 7, 35, 47, 100, 69, 8
30, 74, 60, 100, 77, 74, 54, 43, 19, 16, 0, 12, 52, 9, 100, 0, 2
58, 94, 14, 82, 31, 32, 11, 0, 0, 36, 58, 65, 100, 97, 30, 100, 8
0, 82, 38, 100, 62, 95, 31, 75, 23, 57, 23, 37, 46, 18, 100, 0, 1
46, 99, 0, 59, 77, 45, 84, 1, 24, 0, 10, 48, 16, 93, 100, 100, 5
0, 57, 57, 79, 83, 100, 60, 76, 62, 52, 68, 27, 66, 2, 100, 0, 1
35, 86, 0, 57, 52, 55, 64, 11, 14, 0, 20, 57, 43, 100, 100, 94, 5
6, 48, 32, 77, 75, 100, 100, 79, 73, 51, 33, 26, 0, 1, 62, 0, 2
12, 67, 14, 25, 50, 0, 93, 17, 100, 57, 72, 91, 28, 100, 0, 67, 0
20, 89, 59, 100, 88, 75, 55, 50, 64, 31, 100, 8, 53, 0, 0, 2, 3
37, 96, 80, 100, 100, 79, 58, 64, 100, 45, 99, 17, 55, 0, 0, 1, 3
44, 100, 40, 67, 0, 38, 83, 39, 100, 67, 97, 78, 96, 39, 91, 0, 4
77, 100, 41, 79, 56, 38, 34, 0, 0, 19, 53, 50, 100, 82, 39, 94, 8
0, 83, 13, 100, 43, 80, 29, 51, 2, 25, 3, 1, 51, 0, 100, 4, 2
57, 90, 0, 88, 46, 52, 100, 19, 39, 0, 33, 37, 69, 75, 39, 100, 8
2, 58, 0, 22, 48, 0, 100, 24, 100, 71, 53, 100, 6, 76, 22, 31, 0
0, 95, 26, 100, 43, 75, 34, 43, 21, 15, 42, 0, 71, 0, 100, 1, 2
16, 87, 45, 100, 93, 94, 64, 71, 85, 49, 100, 25, 53, 10, 0, 0, 3
29, 81, 20, 63, 50, 27, 15, 0, 0, 33, 8, 75, 46, 100, 100, 91, 5
0, 95, 39, 100, 74, 76, 82, 33, 76, 0, 100, 37, 59, 47, 16, 48, 7
22, 89, 0, 46, 9, 0, 46, 0, 79, 24, 100, 67, 75, 100, 39, 97, 0
46, 100, 26, 94, 0, 59, 19, 43, 80, 45, 100, 69, 98, 36, 98, 0, 4
0, 12, 24, 39, 52, 65, 81, 90, 100, 100, 78, 68, 56, 36, 45, 0, 1
60, 47, 100, 69, 95, 100, 38, 98, 0, 73, 33, 49, 82, 32, 68, 0, 9
0, 81, 53, 71, 100, 100, 47, 100, 14, 69, 77, 76, 78, 42, 61, 0, 9
0, 86, 28, 100, 47, 71, 23, 33, 14, 0, 0, 39, 48, 47, 100, 52, 7
37, 93, 94, 100, 73, 95, 30, 75, 39, 41, 100, 29, 63, 4, 0, 0, 5
53, 100, 34, 59, 0, 22, 62, 24, 100, 43, 75, 82, 75, 42, 75, 0, 4
67, 100, 10, 92, 29, 53, 50, 14, 1, 0, 0, 37, 45, 67, 100, 87, 8
49, 72, 46, 100, 0, 71, 48, 35, 79, 0, 11, 21, 40, 58, 100, 86, 8
69, 67, 100, 100, 42, 94, 31, 57, 86, 69, 90, 43, 58, 7, 0, 0, 9
76, 100, 52, 60, 0, 27, 58, 27, 100, 55, 98, 85, 95, 42, 90, 0, 4
72, 100, 19, 78, 26, 62, 100, 66, 81, 89, 53, 68, 33, 33, 0, 0, 4
16, 100, 59, 99, 69, 80, 76, 64, 100, 42, 85, 16, 45, 2, 0, 0, 3
64, 94, 50, 74, 90, 36, 55, 0, 0, 15, 48, 51, 100, 86, 24, 100, 8
51, 81, 86, 100, 81, 85, 81, 58, 88, 31, 56, 6, 0, 0, 100, 2, 1
40, 88, 23, 45, 39, 0, 85, 3, 100, 49, 79, 93, 32, 100, 0, 67, 0
0, 81, 44, 100, 100, 86, 79, 45, 49, 5, 29, 0, 26, 34, 90, 32, 7
0, 95, 53, 100, 100, 86, 98, 51, 80, 18, 55, 0, 33, 31, 87, 34, 7
0, 100, 6, 81, 7, 48, 97, 48, 100, 84, 74, 71, 55, 36, 39, 0, 4
42, 100, 8, 77, 0, 32, 30, 0, 72, 7, 100, 42, 81, 80, 40, 81, 0
0, 100, 3, 84, 5, 60, 16, 37, 60, 35, 80, 45, 80, 21, 100, 0, 4
0, 87, 26, 100, 95, 82, 88, 41, 63, 0, 27, 11, 15, 40, 100, 43, 7
37, 90, 5, 60, 12, 15, 60, 0, 98, 32, 100, 76, 55, 100, 0, 90, 0
100, 100, 60, 91, 31, 69, 12, 44, 4, 17, 34, 0, 46, 20, 0, 21, 6
0, 39, 35, 59, 65, 81, 100, 100, 95, 75, 87, 50, 78, 25, 77, 0, 1
12, 97, 56, 100, 97, 87, 100, 63, 95, 39, 82, 10, 41, 0, 0, 12, 3
0, 0, 32, 13, 77, 36, 100, 65, 92, 94, 32, 100, 7, 75, 66, 63, 9
84, 100, 51, 69, 10, 33, 0, 14, 83, 11, 100, 47, 76, 42, 71, 0, 4
7, 59, 0, 25, 35, 0, 76, 0, 100, 35, 80, 76, 44, 100, 5, 88, 0
0, 94, 56, 100, 100, 83, 88, 52, 64, 23, 43, 0, 19, 29, 63, 43, 7
100, 100, 46, 90, 57, 55, 91, 23, 46, 0, 0, 17, 35, 50, 85, 75, 8
2, 95, 64, 100, 100, 78, 87, 50, 51, 25, 0, 6, 20, 0, 89, 3, 2
0, 79, 26, 54, 70, 25, 26, 0, 10, 33, 0, 70, 30, 100, 100, 95, 5
3, 100, 6, 83, 0, 51, 34, 29, 100, 29, 74, 50, 54, 32, 47, 0, 4
7, 68, 22, 100, 54, 84, 42, 48, 15, 16, 0, 9, 50, 9, 100, 0, 2
14, 100, 9, 91, 0, 49, 57, 40, 100, 41, 88, 86, 65, 45, 53, 0, 4
0, 62, 53, 80, 100, 100, 83, 91, 63, 68, 47, 46, 33, 22, 33, 0, 1
37, 100, 8, 68, 0, 32, 48, 25, 100, 30, 96, 64, 95, 36, 82, 0, 4
26, 66, 13, 37, 32, 0, 80, 5, 100, 42, 82, 81, 38, 100, 0, 76, 0
32, 81, 62, 100, 65, 76, 39, 52, 10, 28, 0, 2, 50, 0, 100, 3, 2
32, 65, 44, 100, 89, 80, 81, 39, 46, 5, 0, 1, 48, 24, 100, 0, 2
11, 100, 66, 96, 80, 65, 68, 31, 60, 0, 100, 25, 56, 42, 0, 50, 7
9, 41, 73, 80, 0, 100, 28, 56, 92, 16, 35, 0, 22, 42, 100, 74, 8
0, 82, 37, 100, 65, 73, 54, 36, 42, 0, 16, 32, 48, 42, 100, 44, 7
29, 80, 33, 100, 71, 89, 55, 43, 20, 8, 0, 5, 50, 4, 100, 0, 2
100, 100, 66, 98, 29, 67, 4, 31, 19, 0, 68, 12, 49, 35, 0, 21, 6
73, 83, 27, 87, 22, 41, 0, 0, 8, 36, 55, 68, 100, 100, 42, 85, 8
0, 41, 23, 65, 63, 87, 100, 100, 90, 75, 73, 51, 67, 25, 67, 0, 1
0, 30, 38, 51, 69, 76, 100, 100, 87, 80, 66, 54, 50, 27, 41, 0, 1
62, 100, 29, 92, 0, 69, 11, 45, 89, 47, 100, 44, 54, 23, 32, 0, 4
100, 99, 60, 100, 26, 78, 3, 49, 0, 16, 36, 0, 60, 24, 30, 47, 6
18, 74, 29, 100, 100, 88, 73, 47, 31, 9, 0, 0, 14, 29, 96, 34, 7
0, 88, 31, 100, 65, 90, 62, 68, 45, 48, 38, 26, 62, 9, 100, 0, 2
100, 100, 64, 99, 29, 78, 4, 51, 0, 18, 30, 0, 42, 26, 0, 22, 6
15, 88, 22, 69, 86, 46, 68, 0, 0, 6, 4, 62, 25, 94, 100, 100, 5
40, 88, 99, 100, 78, 94, 25, 75, 74, 69, 100, 42, 62, 13, 0, 0, 5
0, 66, 21, 97, 66, 100, 66, 63, 34, 32, 6, 4, 52, 0, 100, 0, 2
25, 100, 6, 70, 0, 38, 56, 34, 97, 53, 100, 70, 90, 35, 84, 0, 4
0, 97, 77, 100, 86, 70, 74, 40, 56, 10, 30, 0, 14, 25, 100, 30, 7
19, 91, 58, 100, 100, 88, 69, 60, 51, 37, 93, 17, 53, 0, 0, 1, 3
30, 100, 3, 68, 0, 25, 36, 0, 81, 10, 100, 48, 66, 75, 21, 63, 0
38, 100, 20, 61, 26, 20, 65, 0, 100, 27, 92, 67, 48, 85, 0, 79, 0
16, 78, 41, 100, 89, 84, 38, 61, 29, 41, 100, 25, 84, 2, 0, 0, 3
0, 63, 23, 93, 78, 100, 89, 69, 54, 41, 11, 16, 41, 4, 100, 0, 2
48, 100, 0, 43, 39, 0, 100, 52, 54, 87, 18, 48, 74, 78, 19, 19, 0
0, 93, 51, 100, 100, 89, 99, 59, 80, 28, 54, 0, 26, 27, 51, 45, 7
0, 94, 45, 100, 100, 93, 85, 47, 73, 0, 44, 3, 29, 31, 92, 35, 7
0, 84, 36, 100, 65, 78, 53, 46, 22, 19, 15, 17, 62, 19, 100, 0, 2
47, 88, 72, 100, 65, 44, 36, 8, 0, 0, 27, 20, 63, 5, 100, 3, 2
18, 95, 0, 56, 2, 13, 41, 0, 79, 24, 100, 62, 84, 99, 40, 100, 0
0, 53, 40, 68, 75, 91, 100, 100, 94, 72, 88, 45, 87, 17, 87, 0, 1
25, 81, 47, 100, 48, 55, 27, 17, 0, 3, 32, 21, 65, 2, 100, 0, 2
0, 100, 10, 90, 56, 91, 100, 92, 69, 71, 40, 48, 17, 21, 12, 0, 7
100, 100, 43, 78, 80, 39, 76, 0, 0, 10, 39, 46, 86, 82, 10, 97, 8
62, 94, 39, 100, 7, 69, 0, 34, 33, 3, 100, 1, 70, 19, 13, 0, 6
76, 100, 33, 83, 0, 55, 43, 39, 100, 52, 87, 55, 48, 28, 15, 0, 4
0, 100, 73, 94, 95, 71, 74, 36, 62, 0, 41, 5, 24, 30, 100, 35, 7
30, 85, 68, 100, 54, 78, 60, 65, 100, 46, 85, 15, 38, 0, 0, 16, 3
88, 95, 60, 69, 74, 18, 10, 0, 0, 35, 67, 59, 100, 100, 36, 100, 8
26, 59, 43, 100, 55, 68, 35, 25, 0, 0, 17, 14, 59, 3, 100, 10, 2
2, 61, 5, 79, 0, 33, 38, 0, 91, 20, 100, 65, 63, 100, 17, 74, 0
39, 96, 4, 61, 0, 18, 49, 0, 96, 26, 100, 70, 61, 100, 5, 88, 0
24, 82, 53, 100, 53, 42, 29, 0, 0, 7, 32, 21, 65, 1, 100, 1, 2
25, 100, 76, 95, 75, 63, 58, 29, 54, 0, 100, 24, 61, 43, 0, 54, 7
64, 75, 43, 100, 40, 60, 100, 28, 81, 0, 0, 6, 38, 44, 72, 75, 8
8, 73, 0, 61, 63, 35, 74, 0, 6, 6, 7, 51, 25, 91, 100, 100, 5
26, 100, 0, 77, 7, 47, 68, 44, 100, 65, 90, 64, 85, 32, 81, 0, 4
24, 91, 14, 58, 68, 42, 59, 0, 0, 14, 11, 59, 32, 98, 100, 100, 5
2, 93, 0, 97, 50, 98, 100, 100, 72, 78, 47, 53, 31, 26, 27, 0, 7
0, 92, 20, 100, 68, 94, 49, 46, 24, 0, 14, 16, 44, 48, 100, 56, 7
19, 91, 0, 52, 10, 10, 63, 0, 99, 32, 100, 75, 56, 100, 7, 80, 0
14, 89, 52, 100, 64, 61, 38, 21, 4, 0, 0, 39, 50, 46, 100, 44, 7
35, 90, 88, 100, 81, 79, 44, 62, 94, 44, 100, 18, 54, 0, 0, 8, 3
29, 83, 61, 100, 100, 97, 79, 75, 58, 49, 61, 19, 38, 0, 0, 5, 3
15, 89, 34, 53, 50, 13, 4, 0, 0, 43, 0, 87, 48, 98, 100, 100, 5
0, 56, 39, 72, 71, 93, 100, 100, 88, 75, 75, 50, 63, 25, 58, 0, 1
100, 100, 65, 94, 34, 83, 27, 50, 67, 40, 76, 12, 40, 0, 0, 7, 5
0, 95, 69, 100, 99, 71, 82, 35, 63, 0, 40, 18, 26, 47, 100, 50, 7
35, 100, 8, 73, 0, 39, 58, 24, 100, 44, 100, 67, 79, 34, 71, 0, 4
91, 100, 56, 91, 19, 62, 0, 30, 22, 0, 100, 5, 99, 33, 19, 44, 6
0, 93, 64, 100, 100, 82, 78, 51, 52, 20, 27, 0, 1, 29, 63, 32, 7
42, 99, 55, 61, 71, 24, 18, 0, 0, 30, 64, 61, 100, 94, 9, 100, 8
34, 65, 42, 37, 39, 5, 0, 0, 6, 35, 27, 67, 61, 88, 100, 100, 5
0, 74, 33, 91, 92, 100, 100, 77, 71, 40, 52, 0, 37, 34, 69, 44, 7
93, 100, 53, 77, 25, 49, 8, 19, 44, 0, 100, 11, 59, 18, 0, 10, 6
0, 49, 40, 59, 72, 79, 100, 100, 85, 74, 69, 48, 53, 21, 51, 0, 1
30, 74, 55, 100, 89, 87, 66, 56, 100, 38, 92, 8, 41, 0, 0, 20, 3
69, 100, 44, 77, 5, 50, 0, 28, 67, 23, 100, 44, 95, 29, 89, 0, 4
27, 73, 81, 100, 83, 91, 78, 52, 62, 14, 0, 0, 29, 1, 100, 5, 1
77, 96, 38, 100, 58, 77, 99, 86, 100, 50, 84, 12, 43, 0, 0, 0, 9
2, 75, 37, 100, 56, 99, 58, 61, 46, 25, 0, 0, 34, 5, 100, 8, 1
20, 100, 6, 61, 25, 28, 18, 0, 0, 27, 11, 63, 55, 75, 100, 82, 5
100, 93, 48, 100, 27, 69, 30, 33, 16, 0, 0, 26, 41, 51, 100, 58, 8
79, 100, 41, 82, 0, 61, 23, 45, 77, 37, 86, 54, 86, 25, 100, 0, 4
22, 72, 55, 100, 54, 89, 53, 50, 55, 12, 0, 1, 49, 0, 100, 4, 1
27, 82, 65, 100, 100, 89, 69, 62, 33, 39, 0, 15, 37, 1, 88, 0, 2
61, 100, 24, 88, 21, 49, 26, 9, 0, 0, 7, 37, 51, 60, 100, 78, 8
25, 76, 0, 39, 15, 0, 68, 1, 98, 36, 100, 76, 58, 100, 7, 90, 0
76, 93, 24, 100, 0, 72, 58, 73, 74, 74, 100, 42, 92, 12, 37, 0, 9
27, 50, 56, 89, 64, 100, 55, 52, 35, 9, 0, 2, 52, 2, 100, 0, 1
9, 88, 22, 100, 26, 65, 16, 31, 0, 5, 33, 1, 66, 0, 100, 3, 2
8, 96, 55, 100, 62, 67, 42, 30, 25, 0, 0, 36, 41, 49, 100, 50, 7
54, 87, 85, 100, 76, 71, 65, 47, 100, 21, 77, 0, 33, 5, 0, 22, 3
14, 93, 0, 54, 52, 31, 24, 0, 2, 29, 4, 78, 44, 96, 100, 100, 5
52, 87, 79, 100, 79, 75, 72, 49, 100, 29, 76, 8, 36, 0, 0, 7, 3
18, 73, 62, 100, 53, 85, 53, 53, 52, 20, 0, 0, 8, 6, 100, 6, 1
0, 84, 3, 73, 30, 98, 100, 100, 90, 79, 73, 48, 61, 16, 59, 0, 7
24, 96, 0, 61, 7, 16, 43, 0, 82, 11, 100, 48, 78, 86, 39, 100, 0
9, 49, 42, 63, 82, 85, 100, 100, 76, 74, 51, 48, 29, 22, 0, 0, 1
57, 94, 100, 100, 48, 82, 24, 48, 71, 64, 85, 31, 54, 0, 0, 1, 5
0, 73, 27, 86, 73, 100, 100, 98, 89, 72, 83, 46, 82, 20, 85, 0, 1
54, 98, 17, 64, 0, 18, 50, 0, 93, 36, 100, 84, 54, 100, 19, 60, 0
100, 99, 52, 100, 17, 70, 0, 32, 24, 0, 68, 16, 40, 45, 3, 28, 6
0, 73, 40, 98, 58, 100, 55, 64, 58, 27, 24, 3, 43, 0, 100, 4, 1
100, 100, 70, 89, 57, 74, 43, 59, 35, 45, 17, 29, 9, 14, 0, 0, 1
86, 70, 51, 100, 0, 76, 78, 41, 100, 0, 0, 13, 40, 54, 98, 80, 8
19, 78, 40, 100, 54, 75, 31, 45, 0, 19, 26, 9, 62, 0, 100, 13, 2
73, 100, 23, 90, 70, 82, 77, 95, 91, 60, 100, 24, 60, 0, 0, 2, 9
48, 73, 27, 86, 0, 48, 7, 5, 53, 0, 91, 27, 100, 71, 66, 100, 0
100, 95, 78, 100, 28, 72, 0, 39, 1, 4, 71, 0, 88, 32, 11, 41, 6
65, 100, 33, 80, 12, 57, 0, 35, 6, 12, 52, 0, 100, 13, 58, 19, 6
0, 95, 54, 100, 66, 90, 55, 46, 51, 0, 18, 16, 45, 27, 100, 29, 7
0, 75, 15, 100, 47, 99, 42, 69, 31, 39, 30, 9, 63, 0, 100, 1, 2
21, 90, 68, 100, 69, 67, 56, 47, 100, 37, 80, 3, 31, 0, 0, 28, 3
100, 100, 64, 81, 35, 60, 13, 37, 0, 14, 31, 0, 53, 21, 5, 24, 6
14, 85, 54, 100, 100, 96, 72, 72, 87, 41, 92, 10, 47, 0, 0, 3, 3
0, 95, 41, 100, 59, 67, 51, 27, 40, 0, 12, 32, 52, 47, 100, 55, 7
24, 61, 45, 100, 90, 99, 68, 54, 29, 17, 0, 14, 51, 0, 100, 5, 2
7, 92, 47, 58, 76, 23, 13, 0, 22, 35, 78, 67, 100, 100, 0, 86, 8
87, 86, 46, 100, 17, 70, 75, 75, 100, 80, 94, 39, 58, 6, 0, 0, 9
0, 91, 59, 100, 85, 94, 54, 53, 37, 7, 21, 0, 34, 35, 100, 42, 7
0, 33, 35, 52, 66, 75, 96, 100, 100, 96, 79, 66, 61, 33, 49, 0, 1
0, 77, 32, 100, 83, 79, 89, 39, 68, 0, 27, 0, 33, 23, 100, 25, 7
38, 92, 96, 100, 65, 92, 30, 63, 65, 48, 100, 24, 58, 0, 0, 5, 5
56, 72, 38, 100, 0, 69, 45, 35, 64, 0, 2, 21, 35, 57, 100, 86, 8
15, 100, 0, 84, 6, 64, 65, 60, 100, 62, 81, 42, 71, 21, 73, 0, 4
0, 78, 54, 69, 100, 92, 55, 100, 34, 69, 90, 75, 93, 41, 91, 0, 9
15, 75, 0, 34, 24, 0, 69, 10, 98, 44, 100, 86, 58, 100, 13, 86, 0
35, 79, 43, 65, 79, 27, 16, 0, 0, 34, 60, 68, 100, 100, 3, 92, 8
100, 100, 65, 88, 26, 61, 0, 30, 13, 0, 71, 6, 61, 34, 2, 34, 6
100, 100, 46, 84, 76, 42, 74, 0, 0, 14, 26, 56, 81, 92, 51, 99, 8
98, 100, 50, 83, 14, 53, 0, 20, 46, 0, 100, 16, 70, 43, 18, 38, 6
0, 96, 54, 100, 65, 76, 41, 39, 24, 0, 16, 14, 45, 34, 100, 35, 7
65, 95, 100, 100, 45, 82, 47, 73, 94, 59, 87, 25, 39, 0, 0, 8, 5
8, 91, 12, 53, 59, 36, 26, 0, 5, 32, 0, 79, 42, 98, 100, 100, 5
91, 93, 80, 100, 43, 77, 0, 55, 54, 47, 100, 50, 69, 25, 38, 0, 4
87, 100, 11, 90, 62, 63, 100, 28, 53, 0, 0, 23, 45, 57, 94, 89, 8
0, 29, 21, 0, 63, 25, 100, 59, 100, 100, 52, 86, 13, 55, 2, 12, 0
41, 89, 29, 61, 76, 47, 49, 7, 0, 0, 21, 46, 51, 89, 100, 100, 5
33, 84, 84, 100, 94, 76, 50, 54, 93, 47, 100, 19, 52, 0, 0, 6, 3
51, 100, 7, 78, 57, 64, 87, 92, 86, 70, 100, 31, 61, 4, 0, 0, 9
89, 66, 100, 100, 50, 96, 17, 64, 0, 26, 27, 0, 54, 31, 18, 33, 6
100, 100, 42, 81, 0, 45, 4, 2, 72, 0, 92, 34, 45, 58, 3, 55, 6
26, 95, 0, 58, 9, 16, 58, 0, 99, 25, 100, 68, 65, 100, 20, 87, 0
85, 90, 31, 100, 31, 64, 88, 80, 98, 71, 100, 32, 65, 0, 0, 13, 9
84, 78, 38, 100, 18, 67, 77, 33, 59, 0, 0, 23, 45, 60, 100, 95, 8
0, 70, 71, 90, 100, 100, 84, 66, 76, 32, 47, 2, 5, 2, 98, 0, 1
0, 94, 66, 100, 97, 72, 83, 35, 56, 0, 24, 11, 32, 40, 100, 46, 7
48, 92, 89, 100, 100, 83, 81, 63, 81, 42, 77, 21, 42, 6, 0, 0, 3
0, 96, 46, 100, 73, 68, 61, 34, 34, 0, 4, 1, 28, 23, 100, 30, 7
100, 93, 52, 100, 38, 70, 89, 83, 99, 72, 92, 30, 56, 1, 0, 0, 9
98, 75, 34, 100, 0, 75, 70, 41, 99, 0, 16, 13, 61, 53, 100, 85, 8
100, 100, 52, 97, 23, 87, 27, 58, 74, 54, 78, 19, 39, 0, 0, 13, 5
3, 100, 59, 100, 79, 68, 71, 33, 52, 0, 0, 13, 41, 36, 100, 46, 7
56, 94, 97, 100, 49, 85, 35, 54, 83, 42, 100, 21, 53, 2, 0, 0, 5
19, 85, 20, 39, 44, 0, 86, 18, 100, 62, 73, 100, 26, 97, 0, 60, 0
0, 43, 34, 59, 68, 79, 100, 100, 85, 75, 69, 49, 51, 24, 30, 0, 1
0, 67, 38, 82, 88, 100, 100, 82, 85, 61, 65, 40, 46, 20, 23, 0, 1
100, 94, 76, 100, 36, 67, 3, 30, 31, 0, 90, 15, 59, 46, 0, 34, 6
20, 76, 39, 100, 56, 79, 32, 46, 0, 22, 21, 18, 59, 1, 100, 0, 2
0, 48, 30, 66, 65, 83, 100, 100, 99, 79, 88, 53, 81, 26, 76, 0, 1
0, 56, 25, 64, 60, 89, 65, 100, 45, 75, 35, 49, 45, 23, 100, 0, 1
1, 82, 32, 100, 48, 71, 38, 41, 12, 13, 0, 6, 49, 0, 100, 1, 2
0, 81, 38, 100, 66, 74, 42, 36, 6, 10, 10, 1, 55, 6, 100, 0, 2
36, 88, 23, 59, 100, 55, 92, 16, 20, 0, 0, 35, 8, 76, 73, 100, 5
100, 100, 74, 78, 40, 50, 0, 28, 54, 26, 93, 39, 88, 28, 94, 0, 4
100, 100, 87, 85, 56, 64, 30, 41, 13, 17, 41, 0, 44, 15, 0, 14, 6
44, 81, 80, 100, 97, 76, 48, 55, 100, 40, 99, 10, 42, 0, 0, 9, 3
38, 100, 34, 73, 100, 61, 88, 17, 25, 0, 0, 35, 4, 82, 70, 97, 5
9, 84, 14, 73, 50, 37, 44, 0, 10, 24, 0, 69, 39, 96, 100, 100, 5
14, 78, 52, 100, 75, 75, 55, 40, 22, 10, 0, 6, 52, 7, 100, 0, 2
12, 83, 89, 77, 80, 100, 0, 84, 62, 74, 100, 73, 83, 36, 75, 0, 9
0, 87, 39, 100, 73, 74, 69, 31, 51, 0, 12, 28, 50, 47, 100, 54, 7
0, 81, 25, 100, 69, 85, 70, 42, 59, 0, 22, 18, 49, 38, 100, 42, 7
64, 100, 15, 93, 0, 56, 10, 19, 51, 0, 94, 20, 100, 57, 86, 94, 0
0, 90, 42, 99, 89, 100, 84, 79, 62, 41, 57, 0, 53, 38, 100, 37, 7
38, 91, 77, 100, 100, 87, 73, 67, 66, 46, 82, 24, 48, 8, 0, 0, 3
2, 85, 40, 100, 81, 72, 64, 26, 38, 0, 0, 35, 46, 38, 100, 39, 7
0, 90, 41, 96, 99, 100, 67, 57, 54, 0, 32, 5, 42, 25, 100, 31, 7
61, 100, 32, 73, 0, 44, 28, 36, 81, 54, 100, 63, 90, 31, 80, 0, 4
90, 64, 87, 100, 21, 100, 0, 67, 66, 62, 100, 69, 66, 34, 51, 0, 9
0, 88, 34, 99, 70, 100, 68, 71, 46, 43, 33, 11, 64, 0, 100, 5, 2
34, 63, 51, 100, 65, 72, 39, 33, 0, 5, 2, 8, 53, 7, 100, 0, 2
100, 98, 53, 100, 18, 70, 0, 32, 21, 0, 66, 17, 47, 47, 18, 24, 6
0, 87, 23, 100, 44, 80, 36, 52, 23, 25, 25, 0, 63, 0, 100, 4, 2
0, 71, 41, 83, 100, 100, 94, 82, 75, 61, 62, 41, 53, 20, 44, 0, 1
32, 100, 2, 74, 0, 45, 55, 43, 100, 64, 75, 53, 47, 27, 43, 0, 4
11, 87, 46, 100, 74, 88, 55, 61, 100, 49, 89, 21, 50, 2, 0, 0, 3
12, 87, 56, 64, 83, 27, 21, 0, 0, 29, 55, 62, 100, 95, 9, 100, 8
0, 88, 47, 100, 79, 76, 85, 40, 83, 4, 65, 0, 48, 28, 100, 34, 7
0, 95, 33, 100, 50, 69, 50, 32, 40, 0, 28, 36, 60, 45, 100, 46, 7
32, 58, 21, 36, 18, 0, 70, 8, 100, 41, 95, 79, 53, 100, 0, 88, 0
39, 100, 0, 83, 2, 49, 91, 50, 100, 70, 58, 88, 61, 44, 74, 0, 4
23, 73, 45, 100, 46, 89, 40, 57, 28, 26, 0, 0, 49, 6, 100, 7, 1
23, 38, 42, 82, 54, 100, 46, 49, 33, 0, 0, 2, 49, 0, 100, 0, 1
38, 73, 53, 100, 96, 97, 75, 61, 100, 44, 83, 9, 39, 0, 0, 15, 3
3, 96, 0, 45, 16, 0, 67, 8, 100, 46, 98, 93, 48, 100, 14, 67, 0
56, 99, 18, 67, 0, 27, 33, 0, 84, 22, 100, 61, 82, 99, 32, 100, 0
0, 93, 45, 100, 81, 71, 81, 32, 69, 0, 21, 25, 35, 31, 100, 34, 7
26, 88, 49, 100, 56, 74, 32, 45, 0, 21, 24, 5, 67, 0, 100, 23, 2
39, 78, 45, 44, 44, 2, 0, 0, 39, 37, 95, 70, 100, 100, 29, 78, 8
13, 73, 46, 100, 56, 67, 40, 32, 13, 0, 0, 7, 49, 8, 100, 6, 2
100, 99, 52, 100, 42, 65, 41, 29, 11, 0, 0, 30, 40, 58, 100, 70, 8
18, 72, 68, 49, 65, 13, 0, 0, 21, 35, 63, 67, 100, 100, 37, 84, 8
35, 87, 75, 100, 88, 85, 69, 62, 100, 40, 88, 17, 45, 6, 0, 0, 3
54, 83, 100, 100, 89, 94, 38, 87, 38, 70, 77, 34, 42, 0, 0, 19, 5
100, 100, 60, 96, 23, 68, 0, 33, 17, 0, 69, 7, 75, 38, 22, 37, 6
31, 100, 0, 69, 0, 27, 37, 0, 87, 11, 100, 51, 71, 85, 23, 85, 0
77, 83, 100, 100, 61, 93, 87, 83, 93, 52, 83, 12, 40, 0, 0, 18, 9
38, 92, 100, 100, 52, 94, 15, 58, 69, 72, 94, 35, 58, 0, 0, 2, 5
28, 81, 44, 54, 92, 34, 54, 1, 0, 0, 18, 45, 45, 86, 100, 100, 5
100, 100, 52, 83, 16, 58, 0, 31, 16, 5, 84, 0, 66, 23, 7, 24, 6
89, 77, 57, 100, 19, 73, 0, 36, 19, 0, 67, 5, 100, 35, 83, 67, 0
11, 100, 16, 66, 27, 32, 0, 0, 14, 28, 64, 59, 100, 92, 39, 97, 8
34, 81, 30, 59, 100, 51, 90, 14, 22, 0, 0, 43, 20, 92, 90, 100, 5
100, 100, 60, 90, 26, 62, 0, 31, 12, 0, 62, 4, 60, 33, 9, 36, 6
46, 45, 0, 58, 20, 83, 69, 100, 100, 81, 91, 53, 69, 27, 48, 0, 9
15, 81, 54, 100, 91, 81, 43, 55, 44, 49, 100, 32, 66, 3, 0, 0, 3
16, 72, 35, 100, 46, 74, 26, 42, 0, 13, 4, 3, 53, 0, 100, 4, 2
50, 100, 27, 77, 0, 45, 41, 30, 100, 40, 84, 67, 63, 33, 46, 0, 4
86, 72, 35, 100, 0, 67, 68, 38, 100, 1, 22, 0, 43, 43, 92, 82, 8
0, 98, 80, 100, 100, 68, 87, 33, 59, 0, 19, 16, 10, 43, 93, 49, 7
26, 80, 42, 100, 57, 69, 34, 30, 0, 0, 9, 20, 54, 27, 100, 26, 2
54, 92, 0, 100, 16, 65, 66, 35, 72, 0, 22, 15, 56, 51, 100, 84, 8
100, 100, 78, 83, 56, 57, 40, 31, 44, 3, 92, 8, 46, 14, 0, 0, 6
34, 85, 62, 100, 79, 76, 51, 49, 90, 36, 100, 13, 48, 0, 0, 7, 3
0, 93, 49, 100, 100, 100, 80, 66, 61, 27, 51, 0, 44, 35, 95, 37, 7
81, 71, 97, 100, 36, 89, 74, 72, 95, 74, 100, 34, 59, 6, 0, 0, 9
0, 71, 56, 80, 100, 100, 93, 86, 74, 64, 59, 43, 48, 20, 59, 0, 1
81, 98, 26, 93, 59, 67, 95, 100, 88, 66, 100, 24, 48, 0, 0, 14, 9
100, 98, 56, 100, 20, 77, 0, 48, 3, 17, 44, 0, 53, 22, 11, 40, 6
76, 49, 70, 92, 27, 100, 0, 66, 3, 19, 41, 0, 80, 21, 100, 57, 0
100, 100, 70, 100, 27, 97, 5, 62, 34, 58, 61, 36, 41, 1, 0, 0, 5
80, 70, 57, 100, 15, 73, 0, 30, 34, 0, 83, 15, 100, 56, 75, 88, 0
0, 50, 45, 74, 84, 100, 73, 68, 63, 34, 34, 7, 32, 3, 100, 0, 1
34, 77, 79, 59, 100, 23, 28, 0, 0, 32, 38, 68, 93, 100, 31, 87, 8
41, 91, 53, 62, 95, 30, 52, 0, 14, 16, 0, 53, 17, 87, 100, 100, 5
26, 100, 0, 84, 22, 56, 100, 57, 52, 92, 48, 85, 44, 36, 40, 0, 4
100, 100, 55, 94, 27, 70, 6, 44, 0, 14, 29, 0, 43, 25, 2, 25, 6
88, 100, 25, 87, 61, 58, 92, 89, 89, 63, 100, 23, 47, 0, 0, 23, 9
87, 71, 85, 100, 46, 81, 89, 71, 100, 74, 91, 30, 51, 4, 0, 0, 9
45, 82, 60, 100, 56, 69, 31, 43, 0, 23, 28, 3, 65, 0, 100, 16, 2
35, 100, 8, 68, 0, 31, 24, 0, 73, 10, 100, 43, 98, 80, 55, 94, 0
100, 86, 67, 100, 24, 80, 0, 50, 0, 16, 41, 0, 63, 24, 18, 35, 6
96, 91, 37, 100, 56, 59, 93, 91, 94, 71, 100, 26, 56, 0, 0, 20, 9
0, 88, 37, 100, 79, 94, 92, 73, 90, 52, 100, 31, 93, 10, 54, 0, 3
65, 100, 0, 89, 67, 60, 100, 24, 38, 0, 29, 38, 55, 78, 3, 99, 8
1, 80, 50, 69, 100, 100, 1, 90, 0, 62, 97, 81, 97, 41, 86, 0, 9
24, 96, 19, 69, 58, 30, 16, 0, 2, 42, 0, 90, 52, 100, 100, 94, 5
100, 100, 55, 85, 15, 56, 8, 21, 56, 0, 99, 24, 53, 45, 0, 26, 6
50, 67, 75, 100, 67, 81, 56, 40, 43, 2, 0, 0, 57, 2, 100, 4, 1
81, 100, 27, 92, 0, 59, 2, 22, 47, 0, 95, 23, 100, 61, 88, 97, 0
91, 100, 77, 80, 11, 58, 0, 37, 97, 45, 100, 50, 51, 26, 29, 0, 4
24, 87, 31, 38, 61, 0, 100, 25, 96, 72, 57, 100, 10, 87, 0, 42, 0
48, 100, 25, 78, 0, 48, 25, 30, 72, 29, 94, 55, 90, 32, 100, 0, 4
0, 100, 33, 93, 67, 92, 100, 94, 78, 71, 57, 49, 38, 25, 27, 0, 7
41, 100, 12, 77, 0, 42, 69, 28, 100, 58, 86, 67, 50, 34, 18, 0, 4
0, 86, 24, 71, 84, 95, 22, 100, 28, 77, 100, 81, 97, 40, 97, 0, 9
93, 100, 50, 87, 100, 91, 93, 70, 91, 44, 89, 18, 57, 1, 0, 0, 9
100, 100, 58, 94, 21, 66, 5, 35, 17, 4, 74, 0, 62, 29, 0, 37, 6
83, 61, 59, 100, 17, 86, 0, 41, 20, 0, 68, 3, 100, 36, 91, 74, 0
89, 100, 46, 78, 14, 51, 0, 22, 38, 0, 100, 8, 92, 33, 30, 28, 6
8, 66, 26, 100, 38, 89, 37, 48, 28, 9, 0, 0, 49, 5, 100, 7, 1
100, 100, 58, 98, 29, 80, 27, 45, 63, 36, 78, 13, 39, 0, 0, 3, 5
29, 73, 57, 100, 97, 87, 81, 51, 45, 24, 0, 3, 45, 2, 100, 0, 2
12, 84, 0, 63, 8, 16, 46, 0, 88, 15, 100, 59, 71, 94, 29, 100, 0
100, 100, 70, 89, 55, 74, 39, 60, 21, 45, 9, 30, 0, 15, 0, 0, 1
7, 61, 49, 36, 46, 0, 0, 6, 30, 40, 77, 71, 100, 100, 31, 83, 8
14, 93, 1, 80, 0, 37, 31, 0, 86, 21, 100, 62, 69, 99, 6, 100, 0
44, 100, 18, 74, 0, 48, 48, 40, 100, 44, 91, 56, 88, 28, 92, 0, 4
11, 85, 0, 70, 26, 96, 92, 100, 100, 87, 81, 55, 65, 21, 60, 0, 7
46, 100, 0, 100, 7, 61, 63, 30, 48, 0, 8, 28, 50, 64, 100, 98, 8
0, 81, 51, 100, 96, 81, 89, 40, 67, 0, 37, 17, 41, 50, 100, 53, 7
54, 92, 13, 72, 0, 31, 31, 0, 79, 17, 100, 55, 85, 95, 37, 100, 0
100, 100, 75, 79, 40, 60, 0, 43, 17, 31, 60, 41, 31, 21, 17, 0, 4
71, 84, 25, 100, 0, 69, 56, 66, 76, 74, 100, 36, 66, 5, 7, 0, 9
100, 64, 96, 100, 49, 79, 75, 40, 57, 0, 0, 15, 46, 45, 97, 69, 8
99, 79, 59, 100, 18, 78, 0, 35, 30, 0, 77, 4, 100, 45, 94, 88, 0
84, 100, 41, 80, 20, 50, 15, 19, 55, 0, 100, 20, 48, 31, 0, 15, 6
21, 84, 41, 100, 77, 79, 34, 53, 80, 54, 100, 21, 52, 0, 0, 14, 3
0, 67, 46, 60, 61, 23, 24, 0, 35, 36, 72, 67, 100, 100, 45, 85, 8
100, 100, 59, 80, 22, 53, 8, 18, 39, 0, 80, 24, 47, 45, 0, 37, 6
61, 100, 26, 77, 13, 50, 11, 23, 39, 0, 100, 14, 68, 37, 0, 48, 6
71, 100, 28, 74, 0, 45, 66, 50, 100, 70, 75, 85, 62, 42, 51, 0, 4
80, 86, 30, 100, 36, 60, 95, 73, 93, 78, 100, 35, 62, 0, 0, 19, 9
100, 100, 77, 97, 45, 71, 17, 43, 0, 12, 32, 0, 62, 24, 24, 29, 6
23, 82, 71, 100, 89, 68, 77, 33, 52, 0, 0, 21, 38, 45, 100, 51, 7
84, 88, 7, 100, 11, 65, 66, 31, 33, 0, 0, 32, 61, 65, 100, 88, 8
97, 86, 61, 100, 54, 71, 98, 85, 100, 64, 87, 25, 48, 0, 0, 2, 9
0, 60, 20, 68, 59, 85, 100, 100, 86, 76, 67, 50, 49, 26, 39, 0, 1
51, 96, 20, 54, 78, 53, 65, 12, 0, 0, 11, 43, 40, 90, 100, 100, 5
74, 94, 100, 100, 68, 84, 79, 57, 95, 30, 74, 6, 37, 0, 0, 8, 5
15, 82, 55, 100, 94, 82, 67, 45, 28, 17, 0, 6, 51, 13, 100, 0, 2
21, 78, 51, 100, 57, 62, 33, 27, 0, 1, 23, 10, 62, 12, 100, 0, 2
80, 100, 32, 95, 70, 84, 73, 73, 88, 48, 100, 23, 62, 4, 0, 0, 9
100, 100, 88, 93, 45, 71, 0, 48, 78, 45, 75, 48, 45, 24, 32, 0, 4
83, 75, 48, 45, 17, 67, 56, 100, 100, 79, 92, 36, 58, 0, 0, 0, 9
100, 100, 55, 86, 21, 65, 0, 40, 5, 14, 46, 0, 62, 19, 17, 32, 6
49, 100, 14, 71, 0, 24, 33, 0, 73, 8, 100, 45, 83, 89, 44, 95, 0
0, 44, 31, 59, 67, 79, 100, 100, 93, 79, 76, 54, 69, 26, 71, 0, 1
53, 89, 32, 62, 100, 53, 75, 13, 9, 0, 0, 43, 25, 88, 93, 100, 5
23, 89, 0, 52, 11, 14, 60, 0, 96, 30, 100, 70, 63, 100, 11, 92, 0
100, 96, 74, 100, 52, 97, 47, 72, 67, 61, 49, 38, 26, 17, 0, 0, 5
100, 100, 51, 80, 16, 53, 0, 23, 31, 0, 93, 9, 87, 35, 28, 27, 6
100, 100, 77, 90, 29, 69, 0, 45, 69, 36, 92, 50, 73, 24, 48, 0, 4
29, 82, 70, 100, 90, 78, 53, 52, 100, 47, 92, 13, 44, 0, 0, 11, 3
54, 100, 18, 69, 0, 30, 27, 0, 72, 18, 100, 54, 84, 91, 34, 93, 0
26, 100, 2, 69, 0, 37, 52, 29, 100, 34, 65, 60, 50, 34, 48, 0, 4
78, 64, 54, 53, 23, 76, 66, 100, 100, 72, 87, 31, 49, 0, 0, 6, 9
0, 89, 42, 100, 100, 93, 92, 72, 85, 52, 90, 31, 69, 12, 17, 0, 3
72, 57, 100, 85, 41, 100, 11, 68, 78, 69, 85, 52, 69, 15, 0, 0, 9
7, 72, 39, 100, 64, 72, 42, 31, 0, 5, 2, 7, 52, 1, 100, 0, 2
100, 80, 66, 100, 34, 71, 29, 35, 15, 0, 0, 19, 41, 45, 97, 58, 8
83, 90, 39, 100, 29, 70, 86, 76, 100, 67, 99, 27, 59, 1, 0, 0, 9
47, 81, 68, 100, 100, 93, 81, 69, 93, 42, 78, 18, 41, 6, 0, 0, 3
100, 96, 50, 100, 45, 61, 91, 75, 94, 78, 93, 35, 57, 0, 0, 1, 9
80, 100, 31, 87, 78, 45, 87, 0, 0, 2, 33, 45, 100, 83, 36, 79, 8
17, 61, 43, 100, 47, 92, 51, 48, 57, 3, 0, 2, 42, 3, 100, 0, 1
0, 83, 46, 100, 100, 85, 84, 42, 58, 0, 29, 8, 27, 48, 94, 54, 7
15, 74, 39, 100, 69, 81, 42, 46, 0, 20, 20, 22, 61, 0, 100, 15, 2
15, 83, 6, 48, 65, 46, 45, 0, 8, 20, 0, 74, 43, 94, 100, 100, 5
83, 100, 32, 99, 0, 68, 2, 30, 33, 0, 82, 12, 100, 48, 88, 86, 0
8, 82, 47, 100, 70, 76, 56, 48, 100, 49, 84, 16, 42, 0, 0, 13, 3
30, 91, 1, 68, 54, 50, 44, 0, 0, 9, 11, 64, 41, 100, 100, 99, 5
36, 81, 31, 54, 88, 38, 58, 0, 0, 8, 8, 54, 38, 92, 100, 100, 5
25, 85, 54, 100, 78, 77, 61, 48, 100, 35, 80, 10, 36, 0, 0, 16, 3
27, 81, 67, 100, 95, 91, 68, 61, 100, 50, 92, 17, 50, 0, 0, 5, 3
0, 85, 32, 100, 64, 87, 50, 57, 28, 29, 24, 0, 63, 5, 100, 15, 2
100, 100, 84, 97, 71, 81, 57, 65, 43, 49, 29, 32, 14, 16, 0, 0, 1
100, 93, 75, 100, 47, 88, 33, 54, 68, 49, 79, 28, 43, 8, 0, 0, 5
80, 100, 35, 84, 10, 53, 0, 20, 41, 0, 100, 14, 91, 40, 28, 33, 6
48, 95, 100, 100, 100, 92, 47, 85, 34, 70, 73, 35, 48, 0, 0, 19, 5
11, 100, 0, 60, 1, 19, 45, 0, 89, 26, 100, 65, 65, 95, 13, 82, 0
0, 59, 33, 67, 67, 92, 88, 100, 71, 75, 67, 50, 67, 23, 100, 0, 1
26, 100, 69, 97, 75, 64, 52, 31, 23, 0, 0, 19, 42, 32, 100, 35, 7
0, 90, 50, 100, 90, 76, 93, 39, 76, 3, 26, 0, 46, 30, 100, 37, 7
100, 83, 30, 100, 0, 72, 52, 38, 59, 0, 30, 16, 64, 54, 71, 88, 8
12, 71, 0, 26, 48, 0, 97, 36, 100, 82, 42, 100, 4, 60, 5, 15, 0
100, 85, 57, 100, 44, 74, 90, 76, 93, 54, 82, 15, 41, 0, 0, 20, 9
100, 82, 51, 100, 0, 72, 56, 37, 78, 0, 36, 12, 68, 51, 92, 85, 8
44, 100, 11, 69, 0, 30, 27, 0, 79, 17, 100, 53, 80, 89, 24, 91, 0
0, 94, 37, 100, 65, 77, 70, 38, 61, 0, 43, 16, 62, 38, 100, 46, 7
17, 99, 7, 62, 29, 25, 12, 0, 0, 36, 59, 68, 100, 100, 15, 85, 8
18, 95, 22, 59, 73, 44, 44, 0, 11, 31, 0, 85, 51, 100, 100, 99, 5
42, 76, 79, 100, 86, 89, 45, 64, 60, 42, 100, 20, 56, 0, 0, 2, 5
2, 85, 43, 100, 66, 79, 54, 52, 100, 39, 97, 13, 51, 2, 0, 0, 3
0, 96, 64, 100, 96, 70, 81, 33, 52, 0, 19, 19, 35, 49, 100, 56, 7
0, 73, 21, 92, 57, 100, 79, 84, 74, 61, 68, 38, 71, 15, 100, 0, 2
16, 86, 46, 100, 48, 64, 32, 31, 0, 3, 1, 6, 51, 5, 100, 0, 2
0, 86, 47, 100, 91, 88, 56, 62, 58, 40, 100, 19, 59, 4, 8, 0, 3
5, 75, 38, 100, 58, 76, 35, 41, 4, 11, 0, 0, 49, 7, 100, 3, 2
23, 96, 79, 100, 100, 86, 74, 66, 72, 44, 88, 23, 53, 6, 0, 0, 3
19, 70, 0, 86, 46, 100, 94, 92, 100, 68, 83, 44, 59, 22, 41, 0, 9
24, 100, 0, 81, 3, 55, 65, 52, 100, 72, 66, 52, 34, 27, 24, 0, 4
63, 85, 100, 88, 61, 100, 80, 78, 99, 58, 98, 15, 49, 0, 0, 15, 9
92, 72, 72, 100, 34, 72, 76, 57, 100, 71, 96, 29, 56, 0, 0, 6, 9
15, 100, 23, 62, 66, 40, 37, 0, 0, 13, 0, 56, 45, 85, 100, 99, 5
0, 45, 42, 70, 66, 100, 60, 62, 47, 25, 1, 5, 43, 0, 100, 4, 1
53, 100, 5, 82, 0, 56, 81, 52, 100, 72, 66, 91, 54, 44, 44, 0, 4
0, 85, 39, 100, 83, 99, 87, 71, 60, 44, 32, 17, 55, 0, 100, 1, 2
0, 64, 24, 98, 68, 100, 57, 58, 24, 25, 7, 6, 54, 7, 100, 0, 2
10, 78, 43, 100, 78, 86, 57, 59, 100, 46, 82, 17, 41, 0, 0, 9, 3
26, 65, 56, 100, 58, 88, 46, 44, 15, 11, 0, 0, 50, 1, 100, 4, 1
10, 81, 42, 100, 48, 67, 35, 34, 7, 4, 0, 7, 49, 0, 100, 0, 2
91, 94, 13, 83, 67, 52, 100, 18, 16, 0, 0, 33, 36, 68, 48, 100, 8
49, 81, 50, 50, 85, 25, 42, 0, 0, 16, 15, 58, 44, 91, 100, 100, 5
0, 66, 47, 97, 50, 100, 51, 60, 50, 20, 1, 0, 35, 4, 100, 9, 1
41, 72, 7, 50, 0, 7, 46, 0, 82, 34, 100, 76, 59, 100, 15, 76, 0
100, 69, 54, 61, 13, 77, 56, 100, 96, 77, 90, 44, 58, 14, 0, 0, 9
100, 100, 59, 90, 22, 62, 0, 29, 22, 0, 76, 10, 51, 37, 0, 33, 6
30, 81, 87, 100, 100, 98, 37, 86, 46, 54, 99, 32, 59, 2, 0, 0, 5
41, 69, 76, 100, 73, 81, 57, 39, 46, 0, 0, 10, 50, 9, 100, 10, 1
31, 88, 5, 50, 4, 8, 57, 0, 100, 30, 100, 71, 56, 100, 0, 92, 0
100, 100, 62, 83, 36, 57, 23, 26, 42, 0, 81, 10, 43, 23, 0, 18, 6
55, 76, 22, 68, 66, 29, 39, 0, 52, 32, 100, 68, 69, 100, 0, 86, 8
27, 100, 2, 56, 12, 8, 62, 0, 100, 33, 94, 79, 46, 94, 0, 72, 0
0, 56, 5, 14, 47, 0, 86, 25, 100, 66, 76, 100, 34, 80, 6, 45, 0
0, 82, 26, 100, 51, 80, 43, 50, 24, 22, 12, 2, 57, 1, 100, 0, 2
0, 99, 50, 100, 77, 77, 59, 50, 29, 26, 0, 2, 48, 0, 100, 4, 2
19, 71, 55, 100, 100, 99, 73, 66, 55, 44, 97, 22, 55, 0, 0, 4, 3
97, 69, 79, 100, 0, 92, 18, 60, 96, 74, 100, 68, 83, 32, 83, 0, 9
87, 62, 61, 100, 0, 87, 18, 48, 78, 73, 100, 63, 71, 20, 10, 0, 9
100, 81, 55, 100, 0, 83, 33, 65, 85, 85, 83, 64, 64, 32, 62, 0, 9
2, 44, 0, 58, 43, 79, 86, 100, 100, 93, 77, 63, 56, 32, 50, 0, 1
0, 77, 36, 100, 94, 98, 100, 69, 58, 44, 14, 21, 29, 2, 90, 0, 2
30, 97, 82, 100, 65, 67, 19, 87, 81, 83, 100, 39, 68, 0, 0, 16, 9
1, 91, 50, 100, 58, 67, 32, 32, 16, 0, 0, 38, 40, 49, 100, 49, 7
46, 87, 62, 65, 97, 100, 32, 89, 62, 66, 100, 48, 71, 4, 0, 0, 9
100, 97, 76, 100, 29, 72, 0, 39, 15, 8, 95, 0, 78, 22, 0, 16, 6
43, 100, 13, 73, 54, 39, 39, 0, 0, 7, 13, 61, 46, 100, 100, 100, 5
46, 88, 24, 61, 19, 11, 63, 0, 100, 29, 86, 78, 45, 100, 0, 86, 0
49, 100, 54, 67, 95, 32, 47, 0, 4, 11, 0, 58, 31, 94, 100, 94, 5
68, 90, 100, 100, 100, 80, 79, 59, 71, 35, 73, 11, 39, 0, 0, 3, 3
0, 88, 37, 100, 78, 81, 76, 41, 78, 0, 31, 17, 47, 37, 100, 43, 7
16, 81, 32, 63, 56, 30, 17, 0, 0, 36, 5, 79, 36, 99, 100, 100, 5
0, 38, 36, 54, 68, 78, 100, 100, 78, 75, 59, 50, 44, 25, 34, 0, 1
100, 80, 55, 100, 18, 75, 77, 67, 93, 71, 87, 35, 66, 2, 0, 0, 9
42, 100, 22, 65, 0, 40, 91, 40, 100, 64, 88, 72, 91, 36, 93, 0, 4
62, 76, 0, 100, 22, 68, 90, 37, 100, 0, 13, 8, 13, 47, 68, 81, 8
49, 78, 34, 60, 30, 18, 0, 0, 19, 39, 57, 73, 100, 100, 44, 82, 8
0, 47, 5, 25, 52, 0, 93, 30, 100, 75, 62, 100, 30, 63, 42, 22, 0
0, 47, 20, 61, 50, 80, 80, 100, 100, 96, 87, 64, 73, 32, 62, 0, 1
0, 100, 55, 94, 72, 63, 54, 31, 32, 0, 13, 8, 39, 28, 100, 27, 7
0, 100, 3, 100, 52, 99, 100, 100, 73, 86, 50, 57, 32, 27, 34, 0, 7
100, 100, 58, 81, 24, 56, 0, 28, 11, 0, 64, 3, 62, 25, 7, 25, 6
38, 68, 56, 100, 54, 50, 32, 8, 0, 0, 28, 16, 63, 2, 100, 8, 2
51, 67, 81, 100, 0, 89, 33, 50, 83, 13, 13, 0, 41, 34, 100, 62, 8
70, 100, 45, 91, 11, 60, 0, 23, 42, 0, 100, 4, 86, 32, 31, 27, 6
53, 80, 72, 100, 100, 79, 76, 52, 67, 28, 89, 8, 45, 0, 0, 2, 3
95, 59, 74, 100, 6, 96, 0, 52, 64, 59, 100, 70, 73, 26, 15, 0, 9
63, 100, 36, 65, 0, 30, 84, 36, 100, 63, 81, 79, 79, 39, 75, 0, 4
100, 100, 53, 99, 15, 61, 10, 16, 66, 0, 99, 32, 42, 45, 0, 20, 6
53, 69, 49, 91, 100, 100, 86, 66, 52, 36, 0, 18, 15, 9, 74, 0, 2
0, 68, 8, 100, 33, 90, 37, 50, 25, 11, 45, 0, 72, 6, 100, 13, 2
0, 91, 0, 100, 57, 99, 100, 99, 64, 78, 45, 53, 37, 26, 44, 0, 7
0, 81, 30, 100, 100, 94, 85, 68, 49, 33, 30, 0, 20, 40, 80, 49, 7
100, 100, 64, 87, 36, 66, 14, 44, 0, 20, 23, 0, 57, 10, 24, 20, 6
9, 45, 30, 10, 65, 0, 95, 30, 100, 72, 72, 100, 32, 88, 0, 61, 0
45, 36, 76, 67, 100, 100, 96, 74, 92, 39, 86, 9, 0, 0, 92, 0, 1
72, 100, 25, 79, 0, 37, 26, 0, 79, 19, 100, 62, 67, 97, 22, 73, 0
69, 80, 93, 100, 93, 77, 63, 55, 100, 42, 79, 20, 41, 7, 0, 0, 3
37, 55, 100, 72, 94, 100, 52, 75, 57, 37, 57, 0, 0, 2, 9, 36, 8
100, 94, 73, 100, 40, 74, 13, 46, 0, 12, 38, 0, 67, 22, 20, 28, 6
19, 56, 16, 68, 61, 86, 100, 100, 71, 75, 42, 51, 16, 26, 0, 0, 1
67, 79, 33, 62, 100, 30, 71, 0, 43, 32, 87, 68, 93, 100, 0, 79, 8
56, 94, 21, 74, 100, 89, 29, 100, 0, 63, 2, 0, 74, 21, 20, 66, 8
0, 38, 29, 60, 60, 80, 96, 100, 100, 78, 96, 52, 93, 26, 93, 0, 1
19, 82, 2, 66, 0, 23, 33, 0, 78, 14, 100, 50, 77, 86, 33, 100, 0
96, 65, 63, 100, 0, 80, 35, 48, 87, 74, 100, 39, 75, 0, 0, 2, 9
22, 98, 2, 66, 0, 17, 43, 0, 85, 26, 100, 73, 61, 100, 12, 86, 0
25, 80, 75, 100, 92, 69, 72, 35, 52, 0, 100, 18, 61, 48, 0, 65, 8
47, 88, 98, 100, 81, 93, 31, 76, 61, 54, 100, 31, 56, 7, 0, 0, 5
100, 100, 57, 91, 22, 66, 0, 36, 10, 5, 56, 0, 65, 31, 27, 51, 6
0, 45, 35, 66, 74, 90, 100, 100, 78, 75, 52, 50, 30, 25, 24, 0, 1
34, 100, 9, 76, 0, 50, 51, 35, 100, 52, 89, 51, 86, 24, 85, 0, 4
36, 63, 52, 100, 52, 48, 29, 6, 0, 0, 30, 15, 65, 3, 100, 1, 2
30, 97, 93, 100, 100, 99, 34, 93, 1, 59, 62, 43, 53, 0, 0, 13, 5
47, 88, 45, 100, 71, 76, 52, 40, 19, 10, 0, 13, 51, 12, 100, 0, 2
0, 55, 35, 67, 71, 82, 100, 100, 91, 76, 81, 50, 68, 24, 56, 0, 1
53, 87, 14, 80, 7, 29, 50, 0, 100, 26, 99, 76, 49, 100, 0, 77, 0
38, 54, 100, 82, 64, 100, 34, 65, 60, 27, 17, 0, 0, 32, 59, 62, 8
52, 81, 86, 100, 89, 72, 63, 53, 100, 42, 85, 11, 43, 0, 0, 11, 3
0, 95, 3, 97, 69, 100, 100, 100, 52, 80, 23, 55, 16, 26, 34, 0, 7
54, 57, 70, 100, 0, 83, 37, 41, 90, 0, 19, 0, 36, 45, 100, 82, 8
74, 100, 36, 82, 0, 53, 25, 31, 85, 33, 100, 62, 61, 35, 48, 0, 4
10, 73, 0, 38, 26, 0, 75, 12, 100, 52, 89, 95, 39, 100, 3, 67, 0
89, 100, 43, 90, 64, 73, 67, 77, 82, 44, 100, 12, 54, 0, 0, 4, 9
66, 98, 24, 78, 0, 35, 24, 0, 74, 20, 100, 61, 79, 100, 29, 92, 0
82, 85, 100, 100, 49, 68, 0, 36, 20, 0, 94, 3, 53, 27, 35, 8, 6
53, 90, 95, 100, 100, 74, 74, 49, 40, 28, 0, 10, 26, 0, 78, 4, 2
0, 78, 33, 100, 70, 79, 53, 43, 10, 23, 10, 32, 57, 20, 100, 0, 2
80, 100, 52, 63, 7, 35, 0, 32, 67, 34, 100, 53, 77, 36, 53, 0, 4
72, 72, 51, 100, 4, 75, 44, 38, 52, 0, 0, 17, 41, 53, 100, 81, 8
0, 82, 34, 100, 78, 90, 49, 62, 80, 49, 100, 18, 62, 0, 18, 13, 3
0, 87, 42, 100, 100, 94, 87, 73, 67, 53, 64, 32, 69, 11, 22, 0, 3
14, 96, 87, 100, 21, 96, 22, 58, 70, 65, 100, 28, 54, 0, 0, 17, 5
2, 59, 0, 86, 41, 100, 100, 100, 88, 79, 59, 55, 38, 28, 35, 0, 7
74, 100, 38, 91, 15, 62, 0, 30, 13, 0, 69, 0, 100, 26, 46, 32, 6
13, 75, 44, 100, 52, 65, 32, 30, 0, 0, 0, 11, 50, 5, 100, 5, 2
0, 81, 29, 100, 64, 82, 67, 40, 50, 0, 23, 32, 60, 43, 100, 51, 7
97, 87, 56, 74, 34, 95, 83, 100, 100, 68, 88, 36, 53, 8, 0, 0, 9
0, 83, 28, 100, 59, 88, 42, 57, 22, 28, 31, 0, 70, 1, 100, 2, 2
100, 100, 48, 81, 19, 54, 7, 25, 39, 0, 92, 10, 64, 34, 0, 33, 6
29, 74, 53, 100, 100, 99, 75, 71, 81, 51, 81, 20, 38, 0, 0, 15, 3
0, 83, 34, 100, 49, 68, 28, 30, 0, 1, 25, 0, 62, 7, 100, 7, 2
100, 100, 65, 78, 29, 57, 0, 34, 57, 39, 77, 51, 58, 26, 51, 0, 4
2, 100, 53, 99, 63, 66, 42, 33, 18, 0, 0, 22, 38, 37, 100, 41, 7
100, 81, 60, 100, 33, 68, 82, 62, 94, 80, 87, 36, 52, 0, 0, 2, 9
5, 96, 66, 100, 72, 65, 54, 24, 31, 0, 0, 38, 41, 53, 100, 51, 7
26, 93, 17, 75, 65, 46, 44, 0, 0, 18, 21, 70, 42, 98, 100, 100, 5
0, 92, 40, 100, 100, 86, 91, 45, 65, 6, 30, 0, 21, 30, 92, 36, 7
6, 100, 60, 98, 62, 56, 35, 15, 45, 0, 100, 26, 69, 40, 0, 38, 7
0, 52, 39, 67, 76, 84, 100, 100, 89, 75, 78, 49, 65, 24, 52, 0, 1
100, 100, 68, 89, 50, 67, 32, 46, 23, 23, 25, 0, 48, 2, 0, 2, 6
46, 100, 22, 66, 0, 32, 69, 38, 100, 45, 56, 65, 53, 28, 51, 0, 4
21, 93, 28, 62, 53, 24, 13, 0, 5, 41, 0, 84, 47, 96, 100, 100, 5
0, 74, 18, 100, 50, 94, 45, 62, 32, 32, 24, 4, 62, 0, 100, 1, 2
26, 70, 19, 25, 57, 0, 95, 21, 100, 68, 69, 100, 24, 88, 0, 48, 0
69, 99, 13, 100, 0, 65, 54, 68, 70, 74, 100, 37, 74, 5, 17, 0, 9
38, 100, 12, 86, 0, 69, 6, 51, 35, 40, 68, 31, 91, 17, 100, 0, 4
0, 95, 32, 69, 68, 34, 45, 0, 30, 25, 70, 59, 100, 95, 30, 100, 8
100, 100, 29, 98, 39, 65, 88, 34, 81, 1, 0, 0, 27, 34, 84, 62, 8
6, 100, 0, 99, 0, 56, 65, 51, 100, 65, 60, 94, 52, 47, 53, 0, 4
39, 100, 17, 84, 0, 63, 8, 42, 42, 33, 79, 30, 100, 18, 78, 0, 4
15, 76, 35, 99, 88, 100, 100, 94, 71, 72, 42, 49, 17, 25, 0, 0, 7
3, 91, 61, 100, 47, 97, 5, 74, 48, 52, 100, 32, 56, 12, 0, 0, 5
33, 90, 100, 100, 60, 98, 13, 66, 40, 63, 97, 41, 68, 6, 0, 0, 5
100, 100, 62, 96, 27, 75, 5, 49, 0, 20, 30, 0, 66, 17, 30, 34, 6
99, 100, 46, 86, 12, 59, 0, 28, 27, 0, 89, 2, 100, 29, 38, 30, 6
82, 100, 49, 65, 0, 36, 10, 27, 85, 24, 100, 45, 88, 27, 91, 0, 4
43, 100, 31, 73, 0, 45, 20, 25, 79, 24, 100, 46, 91, 31, 98, 0, 4
29, 100, 9, 82, 0, 63, 6, 44, 39, 35, 77, 33, 100, 19, 96, 0, 4
72, 100, 48, 88, 0, 69, 17, 57, 77, 46, 100, 44, 63, 23, 32, 0, 4
