@relation penbased-1
@attribute At1 integer [0, 100]
@attribute At2 integer [0, 100]
@attribute At3 integer [0, 100]
@attribute At4 integer [0, 100]
@attribute At5 integer [0, 100]
@attribute At6 integer [0, 100]
@attribute At7 integer [0, 100]
@attribute At8 integer [0, 100]
@attribute At9 integer [0, 100]
@attribute At10 integer [0, 100]
@attribute At11 integer [0, 100]
@attribute At12 integer [0, 100]
@attribute At13 integer [0, 100]
@attribute At14 integer [0, 100]
@attribute At15 integer [0, 100]
@attribute At16 integer [0, 100]
@attribute Class {0, 1, 2, 3, 4, 5, 6, 7, 8, 9}
@inputs At1, At2, At3, At4, At5, At6, At7, At8, At9, At10, At11, At12, At13, At14, At15, At16
@outputs Class
@data
50, 84, 66, 100, 75, 75, 51, 51, 100, 42, 97, 13, 49, 0, 0, 7, 3
5, 90, 46, 98, 89, 100, 100, 81, 77, 59, 62, 34, 37, 14, 0, 0, 3
47, 86, 73, 100, 89, 75, 68, 49, 100, 28, 82, 4, 38, 0, 0, 13, 3
38, 94, 4, 63, 0, 20, 41, 0, 84, 19, 100, 60, 77, 98, 32, 100, 0
40, 72, 16, 50, 96, 69, 70, 100, 0, 73, 65, 57, 100, 47, 94, 0, 9
100, 100, 63, 78, 28, 53, 0, 27, 4, 0, 60, 1, 78, 22, 24, 21, 6
38, 94, 90, 100, 94, 79, 59, 57, 68, 33, 100, 12, 54, 0, 0, 1, 3
50, 97, 72, 68, 100, 100, 42, 86, 93, 72, 89, 48, 70, 7, 0, 0, 9
37, 100, 48, 57, 74, 97, 27, 97, 80, 68, 100, 26, 49, 0, 0, 22, 9
100, 89, 40, 83, 63, 40, 84, 0, 0, 7, 53, 53, 80, 100, 3, 78, 8
100, 88, 69, 100, 20, 84, 70, 86, 93, 71, 70, 44, 38, 19, 0, 0, 9
30, 98, 16, 60, 53, 28, 46, 0, 13, 29, 0, 68, 27, 95, 100, 100, 5
0, 63, 41, 77, 79, 94, 100, 100, 85, 74, 75, 48, 71, 22, 82, 0, 1
13, 100, 0, 76, 28, 53, 94, 56, 100, 76, 93, 66, 94, 33, 91, 0, 4
24, 100, 100, 99, 93, 78, 64, 48, 39, 17, 19, 0, 0, 31, 72, 38, 7
45, 85, 93, 100, 100, 98, 48, 88, 7, 62, 48, 48, 48, 18, 0, 0, 5
0, 91, 46, 100, 85, 80, 91, 40, 88, 0, 99, 22, 100, 52, 50, 49, 7
19, 73, 54, 91, 100, 100, 99, 78, 86, 52, 78, 26, 43, 8, 0, 0, 3
98, 100, 52, 77, 18, 52, 0, 25, 25, 0, 100, 5, 97, 29, 23, 22, 6
53, 100, 23, 77, 0, 57, 74, 66, 100, 79, 70, 85, 44, 42, 16, 0, 4
0, 67, 38, 66, 62, 30, 38, 0, 8, 30, 45, 63, 100, 90, 58, 100, 8
13, 100, 8, 93, 0, 66, 8, 41, 57, 40, 100, 50, 82, 25, 69, 0, 4
36, 69, 33, 100, 64, 85, 43, 48, 0, 21, 6, 19, 57, 0, 100, 20, 2
0, 73, 28, 92, 73, 100, 100, 81, 85, 55, 58, 32, 36, 8, 79, 0, 2
10, 86, 0, 44, 33, 0, 80, 9, 100, 65, 64, 100, 22, 74, 32, 20, 0
36, 63, 0, 67, 53, 84, 100, 100, 83, 74, 66, 47, 53, 21, 51, 0, 1
0, 89, 41, 100, 89, 93, 100, 62, 84, 31, 64, 0, 27, 17, 54, 34, 7
5, 79, 19, 100, 25, 66, 14, 32, 0, 3, 34, 0, 66, 5, 100, 7, 2
0, 100, 65, 99, 70, 66, 51, 33, 32, 0, 15, 12, 29, 39, 100, 44, 7
54, 78, 77, 100, 64, 60, 36, 27, 0, 2, 12, 4, 56, 2, 100, 0, 2
0, 83, 11, 100, 56, 93, 53, 67, 66, 42, 100, 20, 73, 1, 16, 0, 3
22, 75, 47, 100, 74, 82, 47, 53, 84, 44, 100, 17, 54, 0, 0, 9, 3
35, 61, 54, 100, 58, 76, 54, 31, 78, 0, 100, 6, 36, 5, 0, 8, 1
0, 92, 39, 100, 67, 79, 50, 37, 24, 0, 17, 22, 52, 41, 100, 46, 7
54, 100, 28, 76, 5, 51, 0, 28, 66, 27, 100, 49, 82, 25, 69, 0, 4
6, 74, 0, 32, 38, 0, 90, 14, 100, 64, 67, 100, 18, 78, 16, 34, 0
77, 60, 77, 100, 10, 90, 15, 49, 40, 8, 0, 0, 32, 34, 100, 55, 8
15, 97, 0, 76, 33, 46, 95, 59, 100, 100, 83, 83, 87, 41, 97, 0, 4
100, 82, 76, 100, 57, 78, 99, 87, 92, 68, 67, 40, 38, 14, 0, 0, 9
27, 100, 0, 64, 4, 8, 63, 0, 100, 46, 73, 96, 12, 79, 0, 25, 0
44, 89, 100, 100, 91, 93, 35, 79, 33, 55, 73, 29, 54, 0, 0, 11, 5
13, 54, 0, 16, 39, 0, 82, 17, 100, 54, 89, 93, 47, 100, 26, 65, 0
0, 89, 54, 100, 100, 80, 82, 37, 48, 0, 11, 5, 19, 32, 76, 38, 7
100, 94, 54, 96, 9, 100, 0, 60, 43, 52, 72, 24, 41, 0, 13, 8, 5
24, 58, 84, 87, 100, 100, 89, 60, 85, 20, 45, 0, 0, 1, 94, 2, 1
5, 100, 93, 97, 100, 74, 65, 41, 37, 8, 5, 0, 0, 24, 89, 23, 7
0, 95, 43, 100, 100, 93, 64, 62, 33, 29, 1, 0, 1, 36, 72, 36, 7
19, 100, 3, 83, 0, 60, 8, 37, 92, 33, 81, 44, 70, 21, 100, 0, 4
0, 96, 10, 100, 59, 99, 100, 87, 93, 64, 69, 43, 44, 22, 25, 0, 7
42, 100, 22, 76, 0, 52, 26, 34, 82, 41, 100, 47, 74, 24, 57, 0, 4
8, 80, 40, 100, 61, 67, 38, 31, 0, 12, 21, 27, 61, 10, 100, 0, 2
44, 93, 9, 64, 82, 45, 63, 8, 0, 0, 13, 44, 28, 88, 100, 100, 5
62, 77, 76, 100, 95, 83, 56, 58, 95, 52, 100, 21, 55, 2, 0, 0, 3
19, 81, 53, 100, 68, 79, 49, 52, 95, 38, 100, 9, 50, 0, 0, 7, 3
73, 64, 54, 100, 0, 75, 60, 40, 91, 0, 13, 13, 46, 55, 100, 87, 8
82, 97, 35, 100, 0, 67, 0, 25, 45, 2, 100, 10, 61, 23, 14, 0, 6
100, 100, 49, 80, 15, 54, 0, 25, 26, 0, 86, 7, 62, 24, 0, 19, 6
0, 91, 34, 100, 65, 83, 43, 56, 12, 36, 25, 13, 63, 7, 100, 0, 2
40, 63, 60, 100, 100, 82, 85, 40, 44, 11, 0, 0, 45, 19, 93, 3, 2
64, 100, 21, 74, 0, 38, 17, 3, 72, 0, 100, 31, 59, 51, 6, 39, 6
100, 100, 100, 92, 80, 76, 65, 61, 50, 45, 40, 30, 15, 15, 0, 0, 1
60, 72, 89, 100, 73, 83, 62, 49, 44, 15, 0, 0, 47, 4, 100, 5, 1
48, 99, 9, 100, 44, 82, 64, 89, 92, 56, 100, 18, 55, 0, 0, 5, 9
100, 100, 54, 89, 18, 61, 0, 27, 29, 0, 83, 11, 61, 35, 7, 25, 6
29, 94, 90, 100, 43, 100, 8, 70, 56, 61, 100, 39, 61, 11, 0, 0, 5
0, 42, 10, 60, 68, 83, 100, 100, 77, 75, 61, 50, 48, 25, 35, 0, 1
47, 69, 42, 100, 6, 75, 54, 39, 47, 0, 0, 21, 42, 58, 100, 90, 8
100, 100, 59, 82, 31, 56, 17, 27, 35, 0, 83, 0, 49, 16, 0, 8, 6
0, 64, 46, 77, 81, 100, 100, 99, 96, 72, 88, 45, 74, 19, 85, 0, 1
34, 76, 0, 41, 8, 0, 65, 11, 100, 47, 99, 90, 42, 100, 7, 67, 0
38, 73, 84, 41, 100, 0, 53, 7, 73, 49, 98, 90, 54, 100, 0, 75, 8
83, 85, 57, 77, 60, 83, 65, 100, 72, 55, 87, 10, 0, 0, 100, 2, 1
100, 91, 63, 100, 18, 89, 5, 53, 42, 50, 77, 32, 47, 4, 0, 0, 5
38, 70, 51, 100, 37, 72, 38, 38, 28, 5, 0, 0, 50, 4, 100, 10, 1
80, 88, 43, 100, 9, 70, 0, 31, 28, 0, 78, 11, 100, 46, 90, 85, 0
48, 80, 50, 100, 100, 99, 78, 69, 76, 49, 91, 18, 45, 0, 0, 9, 3
60, 80, 12, 50, 3, 0, 57, 10, 97, 50, 100, 100, 46, 92, 0, 59, 0
45, 69, 58, 100, 94, 83, 75, 47, 39, 18, 0, 0, 50, 9, 100, 2, 2
0, 51, 24, 64, 66, 85, 100, 100, 72, 75, 47, 51, 26, 25, 11, 0, 1
98, 78, 44, 76, 40, 100, 91, 98, 100, 69, 79, 42, 44, 18, 0, 0, 9
32, 52, 22, 0, 100, 2, 78, 63, 35, 37, 14, 100, 71, 92, 0, 73, 8
34, 96, 43, 63, 89, 37, 65, 0, 0, 14, 12, 54, 26, 93, 100, 100, 5
13, 96, 56, 100, 56, 75, 30, 53, 0, 32, 3, 11, 51, 5, 100, 0, 2
100, 100, 70, 93, 37, 68, 11, 41, 0, 11, 38, 0, 48, 25, 2, 35, 6
100, 100, 55, 100, 13, 76, 0, 46, 12, 15, 64, 0, 78, 27, 26, 46, 6
56, 80, 5, 100, 10, 65, 87, 33, 71, 0, 0, 22, 58, 59, 100, 97, 8
4, 92, 45, 100, 100, 91, 59, 52, 32, 5, 15, 0, 0, 38, 65, 38, 7
34, 78, 60, 100, 100, 81, 70, 57, 94, 39, 89, 9, 39, 0, 0, 17, 3
75, 100, 30, 73, 0, 44, 62, 44, 100, 51, 70, 78, 55, 38, 38, 0, 4
0, 79, 65, 71, 100, 100, 27, 90, 3, 62, 78, 68, 70, 41, 35, 0, 9
38, 78, 52, 100, 97, 79, 58, 52, 78, 41, 100, 11, 38, 0, 0, 20, 3
16, 100, 9, 84, 0, 59, 30, 40, 86, 49, 100, 47, 75, 24, 63, 0, 4
0, 90, 59, 100, 100, 79, 72, 40, 55, 0, 40, 1, 9, 30, 84, 31, 7
0, 96, 59, 100, 86, 72, 68, 36, 48, 0, 16, 13, 38, 34, 100, 37, 7
34, 100, 32, 100, 8, 64, 0, 27, 41, 0, 100, 10, 76, 42, 19, 60, 6
87, 100, 34, 81, 0, 53, 38, 32, 99, 49, 100, 53, 55, 27, 18, 0, 4
41, 100, 0, 80, 52, 71, 68, 77, 83, 49, 100, 19, 65, 0, 6, 2, 9
11, 100, 8, 93, 0, 60, 17, 33, 60, 41, 100, 57, 85, 32, 76, 0, 4
42, 100, 24, 76, 0, 53, 19, 35, 79, 41, 100, 48, 82, 24, 73, 0, 4
16, 100, 10, 59, 57, 35, 27, 0, 0, 29, 2, 86, 45, 96, 100, 96, 5
51, 92, 12, 63, 0, 8, 54, 0, 100, 37, 86, 86, 28, 100, 20, 56, 0
12, 67, 42, 36, 57, 4, 12, 0, 0, 38, 12, 73, 55, 87, 100, 100, 5
28, 88, 75, 100, 100, 99, 51, 87, 8, 70, 32, 45, 47, 12, 0, 0, 5
9, 100, 4, 64, 0, 24, 28, 0, 69, 18, 100, 49, 92, 84, 46, 90, 0
0, 91, 19, 97, 69, 100, 100, 85, 84, 62, 59, 41, 33, 21, 7, 0, 7
43, 99, 19, 72, 53, 36, 30, 0, 0, 25, 10, 73, 42, 100, 100, 98, 5
86, 71, 100, 100, 58, 79, 24, 51, 0, 17, 28, 0, 43, 25, 2, 21, 6
0, 90, 40, 100, 97, 93, 100, 54, 98, 14, 71, 0, 32, 19, 91, 27, 7
100, 100, 62, 81, 35, 58, 18, 33, 31, 7, 76, 0, 49, 18, 0, 17, 6
100, 100, 76, 95, 50, 72, 26, 49, 6, 26, 0, 0, 46, 2, 25, 20, 6
0, 39, 33, 59, 67, 79, 100, 100, 100, 88, 81, 59, 65, 30, 53, 0, 1
32, 71, 47, 100, 83, 80, 70, 46, 31, 24, 0, 7, 50, 2, 100, 0, 2
72, 100, 30, 84, 7, 61, 0, 37, 49, 30, 100, 42, 74, 23, 70, 0, 4
57, 53, 100, 85, 62, 100, 51, 61, 79, 24, 29, 0, 0, 30, 61, 56, 8
100, 94, 53, 80, 68, 39, 68, 0, 0, 0, 17, 36, 62, 69, 88, 100, 8
8, 98, 25, 100, 29, 64, 21, 29, 0, 2, 33, 2, 67, 3, 100, 0, 2
0, 100, 27, 97, 63, 94, 100, 93, 86, 76, 59, 54, 45, 24, 49, 0, 7
56, 92, 15, 68, 0, 24, 39, 0, 86, 16, 100, 60, 76, 100, 30, 93, 0
16, 37, 8, 82, 49, 100, 55, 56, 26, 17, 0, 0, 50, 3, 100, 3, 2
11, 85, 0, 46, 12, 5, 53, 0, 88, 25, 100, 68, 73, 100, 34, 92, 0
38, 100, 16, 80, 3, 50, 0, 20, 48, 5, 100, 20, 47, 24, 22, 0, 6
100, 81, 64, 100, 43, 68, 87, 77, 81, 55, 100, 20, 57, 0, 0, 8, 9
38, 93, 100, 100, 85, 93, 24, 83, 41, 48, 95, 31, 48, 0, 0, 12, 5
10, 77, 0, 52, 30, 100, 31, 100, 44, 44, 18, 0, 21, 8, 100, 12, 1
100, 79, 81, 100, 41, 79, 62, 59, 93, 64, 80, 27, 46, 0, 0, 0, 9
25, 84, 0, 62, 8, 17, 52, 0, 92, 26, 100, 69, 66, 100, 20, 88, 0
67, 100, 47, 59, 0, 31, 5, 34, 69, 40, 100, 63, 72, 41, 57, 0, 4
0, 90, 32, 100, 48, 77, 34, 52, 12, 30, 12, 8, 56, 4, 100, 0, 2
81, 100, 29, 89, 0, 55, 3, 15, 51, 0, 94, 24, 100, 64, 68, 97, 0
79, 100, 46, 75, 22, 48, 22, 18, 65, 0, 100, 17, 51, 32, 0, 20, 6
48, 97, 89, 100, 77, 71, 49, 46, 16, 23, 0, 0, 50, 3, 100, 7, 2
0, 65, 51, 74, 87, 96, 100, 100, 78, 75, 54, 50, 32, 25, 12, 0, 1
0, 83, 35, 100, 86, 88, 42, 63, 52, 47, 100, 27, 60, 4, 2, 0, 3
100, 90, 78, 100, 31, 88, 22, 57, 61, 52, 83, 28, 51, 4, 0, 0, 5
50, 90, 0, 89, 62, 47, 88, 0, 5, 4, 42, 51, 100, 95, 11, 100, 8
56, 100, 31, 83, 6, 59, 0, 33, 53, 32, 100, 47, 89, 26, 80, 0, 4
79, 90, 68, 100, 29, 67, 0, 34, 2, 0, 95, 0, 100, 27, 5, 20, 6
22, 99, 7, 64, 0, 25, 36, 0, 83, 27, 100, 64, 76, 100, 19, 95, 0
41, 100, 25, 97, 0, 54, 61, 46, 100, 47, 83, 87, 55, 45, 36, 0, 4
29, 70, 56, 36, 43, 2, 3, 0, 0, 42, 13, 76, 56, 90, 100, 100, 5
65, 84, 40, 100, 7, 68, 0, 31, 34, 0, 100, 8, 64, 24, 11, 3, 6
96, 82, 63, 100, 0, 84, 31, 71, 100, 84, 91, 55, 64, 28, 36, 0, 9
60, 100, 36, 75, 14, 50, 0, 23, 47, 14, 89, 30, 100, 26, 86, 0, 4
82, 100, 39, 78, 17, 48, 19, 17, 66, 0, 100, 21, 44, 31, 0, 13, 6
21, 100, 1, 80, 0, 54, 70, 51, 100, 73, 82, 51, 74, 24, 75, 0, 4
8, 92, 67, 100, 87, 82, 62, 40, 31, 0, 0, 14, 38, 30, 100, 27, 7
60, 100, 33, 83, 0, 49, 8, 11, 68, 0, 100, 30, 48, 38, 32, 5, 6
59, 63, 97, 88, 100, 100, 89, 66, 78, 30, 55, 0, 0, 3, 80, 2, 1
12, 76, 27, 98, 45, 48, 28, 0, 0, 14, 54, 56, 100, 100, 30, 96, 8
11, 100, 7, 95, 0, 73, 11, 51, 71, 50, 100, 44, 85, 22, 78, 0, 4
18, 91, 0, 48, 22, 6, 66, 0, 100, 30, 91, 76, 52, 100, 16, 76, 0
88, 100, 48, 83, 16, 59, 0, 31, 50, 28, 100, 45, 75, 27, 62, 0, 4
42, 90, 74, 100, 100, 87, 70, 70, 46, 50, 56, 19, 35, 0, 0, 5, 3
28, 100, 0, 80, 25, 53, 96, 46, 100, 74, 71, 66, 43, 33, 28, 0, 4
0, 76, 42, 100, 66, 75, 46, 38, 43, 0, 22, 19, 45, 36, 100, 39, 7
69, 98, 53, 83, 85, 98, 46, 100, 81, 65, 100, 27, 42, 11, 0, 0, 9
100, 96, 44, 75, 22, 100, 77, 99, 91, 65, 93, 29, 67, 0, 0, 12, 9
53, 93, 96, 100, 99, 76, 65, 55, 79, 36, 100, 14, 54, 0, 0, 0, 3
57, 96, 100, 100, 81, 95, 40, 85, 30, 60, 57, 32, 40, 3, 0, 0, 5
40, 88, 78, 100, 71, 66, 68, 61, 100, 39, 70, 7, 19, 0, 0, 27, 3
36, 87, 24, 100, 77, 100, 64, 70, 74, 52, 100, 26, 62, 2, 0, 0, 3
62, 86, 97, 100, 94, 71, 69, 46, 37, 22, 0, 2, 47, 0, 100, 1, 2
17, 65, 71, 80, 100, 100, 81, 74, 74, 47, 69, 20, 31, 0, 0, 2, 1
65, 64, 9, 63, 20, 92, 73, 100, 100, 75, 80, 46, 42, 22, 0, 0, 9
88, 59, 100, 100, 16, 85, 42, 45, 82, 8, 0, 0, 32, 40, 89, 77, 8
100, 100, 66, 80, 41, 56, 23, 29, 18, 0, 54, 0, 38, 18, 0, 12, 6
0, 34, 43, 67, 74, 100, 68, 54, 59, 9, 5, 1, 32, 0, 100, 3, 1
0, 64, 57, 78, 86, 100, 91, 93, 88, 70, 87, 46, 86, 23, 100, 0, 1
100, 94, 29, 100, 0, 72, 70, 79, 88, 98, 64, 65, 50, 33, 43, 0, 9
20, 100, 17, 74, 0, 45, 25, 26, 81, 25, 95, 50, 95, 30, 100, 0, 4
32, 96, 0, 67, 61, 58, 74, 14, 24, 0, 20, 50, 38, 91, 100, 100, 5
57, 87, 0, 100, 17, 63, 100, 28, 94, 0, 20, 34, 89, 71, 37, 87, 8
6, 100, 18, 89, 14, 54, 0, 21, 54, 21, 99, 38, 92, 34, 100, 0, 4
0, 54, 40, 67, 78, 88, 100, 100, 82, 74, 69, 49, 58, 24, 40, 0, 1
48, 62, 60, 100, 61, 56, 37, 19, 0, 0, 20, 13, 60, 8, 100, 1, 2
35, 87, 86, 100, 100, 76, 52, 57, 89, 53, 97, 21, 53, 0, 0, 8, 3
0, 89, 20, 97, 64, 100, 100, 90, 95, 66, 78, 44, 57, 22, 40, 0, 7
38, 99, 6, 52, 14, 0, 75, 3, 100, 51, 73, 100, 14, 83, 0, 33, 0
54, 96, 83, 63, 100, 100, 29, 80, 87, 63, 96, 54, 78, 4, 0, 0, 9
61, 95, 39, 68, 100, 100, 45, 76, 0, 45, 10, 0, 90, 36, 21, 50, 8
9, 98, 29, 65, 81, 99, 10, 100, 58, 75, 100, 62, 87, 17, 0, 0, 9
74, 95, 21, 75, 0, 36, 20, 0, 75, 25, 100, 64, 78, 100, 19, 82, 0
41, 84, 93, 52, 100, 12, 33, 0, 47, 39, 93, 74, 72, 100, 0, 81, 8
100, 100, 56, 83, 28, 56, 10, 28, 21, 0, 69, 6, 52, 28, 0, 23, 6
59, 86, 60, 100, 96, 91, 71, 63, 87, 47, 100, 21, 57, 2, 0, 0, 3
29, 100, 11, 85, 0, 65, 3, 45, 46, 39, 83, 39, 84, 19, 100, 0, 4
18, 86, 0, 62, 22, 9, 71, 0, 100, 49, 78, 100, 29, 94, 17, 41, 0
0, 79, 31, 100, 64, 88, 49, 58, 24, 30, 10, 1, 56, 0, 100, 10, 2
68, 74, 10, 76, 48, 100, 86, 81, 97, 46, 100, 12, 55, 0, 0, 18, 9
0, 88, 44, 100, 100, 85, 88, 45, 60, 8, 25, 0, 32, 25, 98, 27, 7
0, 82, 23, 98, 65, 100, 75, 72, 53, 43, 28, 16, 58, 2, 100, 0, 2
48, 100, 24, 62, 0, 35, 93, 33, 100, 67, 74, 77, 63, 39, 56, 0, 4
34, 74, 75, 100, 100, 69, 76, 27, 34, 0, 0, 10, 49, 15, 100, 5, 2
92, 100, 49, 88, 8, 59, 56, 45, 100, 69, 82, 56, 39, 29, 0, 0, 4
16, 88, 47, 100, 50, 69, 28, 38, 0, 13, 23, 1, 62, 1, 100, 0, 2
0, 85, 19, 63, 86, 31, 94, 0, 3, 15, 39, 50, 100, 83, 29, 100, 8
0, 64, 16, 100, 57, 94, 37, 53, 0, 22, 5, 18, 52, 8, 100, 0, 2
30, 100, 11, 73, 0, 44, 75, 44, 100, 63, 97, 61, 84, 30, 79, 0, 4
1, 72, 39, 100, 90, 92, 50, 64, 52, 53, 100, 35, 60, 8, 0, 0, 3
9, 86, 48, 100, 68, 76, 59, 46, 33, 21, 0, 0, 49, 3, 100, 6, 2
7, 66, 74, 94, 100, 100, 89, 58, 83, 16, 15, 0, 0, 3, 94, 4, 1
20, 100, 7, 78, 0, 44, 32, 24, 89, 29, 100, 55, 76, 31, 55, 0, 4
0, 100, 57, 95, 62, 63, 46, 31, 25, 0, 4, 22, 39, 43, 100, 43, 7
93, 100, 59, 79, 95, 68, 100, 90, 100, 60, 88, 32, 52, 10, 0, 0, 9
0, 93, 54, 100, 80, 69, 70, 35, 66, 0, 28, 27, 19, 47, 100, 52, 7
2, 91, 44, 100, 91, 82, 52, 55, 62, 54, 100, 27, 56, 3, 0, 0, 3
19, 78, 0, 36, 25, 0, 71, 4, 100, 39, 90, 84, 49, 100, 10, 76, 0
36, 90, 79, 100, 100, 98, 50, 88, 32, 59, 76, 37, 47, 5, 0, 0, 5
42, 96, 10, 64, 0, 22, 44, 0, 92, 23, 100, 65, 64, 99, 8, 100, 0
100, 100, 44, 81, 11, 53, 0, 22, 42, 0, 95, 21, 56, 40, 2, 18, 6
12, 78, 0, 31, 30, 0, 67, 1, 100, 27, 96, 76, 63, 100, 39, 73, 0
0, 89, 34, 100, 57, 72, 51, 34, 44, 0, 12, 28, 55, 36, 100, 37, 7
0, 95, 53, 100, 100, 93, 76, 60, 51, 27, 31, 0, 33, 35, 91, 41, 7
0, 9, 42, 38, 73, 69, 100, 100, 88, 94, 73, 63, 73, 31, 81, 0, 1
100, 100, 63, 79, 35, 57, 12, 34, 4, 9, 44, 0, 60, 21, 0, 20, 6
52, 98, 69, 67, 78, 28, 13, 0, 0, 26, 54, 58, 100, 93, 54, 100, 8
17, 80, 48, 100, 70, 77, 56, 54, 100, 45, 91, 13, 48, 0, 0, 6, 3
7, 66, 43, 92, 42, 100, 43, 58, 55, 17, 0, 0, 22, 0, 100, 1, 1
22, 79, 30, 53, 54, 24, 32, 0, 13, 42, 0, 86, 49, 96, 100, 100, 5
0, 96, 58, 100, 76, 75, 51, 38, 34, 0, 0, 8, 34, 26, 100, 28, 7
12, 96, 75, 100, 100, 69, 74, 35, 47, 0, 23, 13, 0, 43, 98, 44, 7
31, 90, 63, 100, 100, 76, 75, 36, 56, 0, 96, 34, 61, 43, 0, 45, 7
0, 28, 35, 51, 67, 75, 100, 100, 96, 81, 77, 54, 58, 27, 46, 0, 1
100, 91, 41, 100, 0, 74, 48, 57, 93, 81, 88, 65, 74, 32, 57, 0, 9
17, 91, 24, 72, 59, 40, 29, 0, 5, 33, 0, 90, 49, 96, 100, 100, 5
38, 100, 23, 84, 6, 59, 0, 35, 45, 21, 100, 35, 85, 24, 98, 0, 4
45, 100, 34, 78, 0, 51, 37, 50, 95, 51, 100, 62, 73, 32, 57, 0, 4
100, 51, 72, 100, 0, 88, 28, 42, 77, 0, 2, 11, 5, 55, 78, 82, 8
40, 100, 16, 70, 0, 33, 20, 0, 70, 13, 100, 45, 88, 82, 37, 85, 0
52, 69, 82, 100, 75, 76, 61, 35, 47, 0, 0, 8, 50, 7, 100, 8, 1
0, 62, 27, 73, 66, 90, 100, 100, 80, 74, 59, 48, 42, 21, 36, 0, 1
36, 100, 84, 94, 51, 53, 28, 92, 81, 80, 100, 29, 51, 0, 0, 31, 9
89, 81, 49, 100, 0, 84, 39, 68, 100, 75, 94, 54, 84, 24, 51, 0, 9
80, 100, 28, 96, 0, 63, 3, 26, 45, 0, 100, 5, 57, 24, 1, 12, 6
75, 100, 13, 74, 6, 52, 100, 50, 93, 82, 68, 72, 37, 36, 0, 0, 4
100, 96, 66, 100, 26, 94, 43, 70, 87, 55, 76, 19, 33, 0, 0, 16, 5
0, 88, 35, 100, 69, 85, 62, 58, 66, 32, 100, 14, 74, 1, 31, 0, 3
0, 97, 41, 100, 78, 89, 53, 46, 35, 0, 14, 31, 47, 47, 100, 54, 7
0, 94, 45, 100, 92, 79, 83, 37, 56, 0, 36, 16, 44, 44, 100, 45, 7
0, 0, 41, 16, 77, 37, 100, 65, 100, 96, 60, 100, 54, 71, 87, 48, 9
0, 95, 21, 65, 86, 30, 54, 0, 14, 25, 68, 62, 100, 100, 0, 90, 8
20, 92, 22, 100, 0, 63, 41, 40, 100, 41, 95, 74, 69, 39, 57, 0, 4
55, 82, 53, 100, 100, 86, 81, 59, 38, 39, 78, 24, 54, 3, 0, 0, 3
0, 94, 53, 100, 94, 77, 79, 37, 53, 0, 37, 1, 50, 40, 100, 57, 7
55, 68, 71, 40, 100, 6, 5, 0, 14, 35, 66, 68, 89, 100, 0, 83, 8
18, 100, 23, 73, 0, 41, 17, 17, 83, 18, 100, 43, 84, 35, 76, 0, 4
14, 77, 0, 56, 91, 55, 94, 11, 26, 0, 8, 46, 2, 91, 100, 100, 5
0, 82, 10, 99, 54, 99, 98, 100, 100, 80, 78, 55, 62, 28, 57, 0, 7
64, 99, 23, 76, 61, 60, 57, 21, 0, 0, 9, 50, 38, 94, 100, 100, 5
54, 98, 14, 71, 0, 23, 40, 0, 86, 22, 100, 69, 64, 100, 18, 86, 0
72, 77, 97, 100, 100, 73, 74, 42, 40, 16, 0, 0, 36, 6, 82, 4, 2
0, 74, 14, 100, 53, 98, 43, 65, 18, 38, 20, 8, 59, 0, 100, 6, 2
89, 90, 49, 100, 14, 73, 11, 41, 49, 17, 100, 28, 41, 24, 0, 0, 6
33, 75, 68, 100, 100, 98, 52, 92, 37, 51, 79, 35, 47, 6, 0, 0, 5
20, 100, 0, 79, 0, 45, 61, 41, 98, 62, 100, 74, 90, 37, 82, 0, 4
32, 100, 7, 79, 0, 34, 32, 0, 82, 4, 100, 46, 70, 81, 21, 97, 0
100, 100, 74, 97, 50, 66, 34, 30, 49, 0, 75, 18, 37, 24, 0, 15, 6
37, 82, 18, 81, 58, 46, 56, 2, 0, 0, 12, 47, 37, 90, 100, 100, 5
0, 17, 0, 41, 61, 70, 100, 100, 100, 96, 89, 64, 79, 32, 68, 0, 1
49, 100, 14, 73, 0, 39, 10, 5, 64, 0, 100, 25, 57, 44, 1, 38, 6
39, 95, 9, 72, 63, 48, 57, 9, 0, 0, 19, 47, 38, 92, 100, 100, 5
14, 76, 0, 35, 16, 0, 62, 1, 95, 30, 100, 70, 70, 100, 25, 94, 0
38, 69, 43, 95, 100, 100, 96, 73, 53, 51, 76, 26, 52, 0, 0, 2, 3
41, 100, 9, 70, 0, 30, 33, 0, 88, 15, 100, 54, 79, 92, 28, 88, 0
0, 88, 43, 100, 78, 81, 78, 43, 79, 5, 60, 0, 50, 24, 100, 31, 7
59, 100, 41, 79, 14, 56, 0, 31, 51, 21, 100, 33, 85, 25, 79, 0, 4
6, 77, 23, 50, 31, 0, 4, 13, 0, 65, 22, 96, 60, 100, 100, 100, 5
0, 90, 27, 100, 81, 95, 57, 72, 69, 51, 100, 29, 56, 13, 7, 0, 3
33, 85, 69, 100, 78, 78, 53, 56, 100, 44, 93, 16, 48, 1, 0, 0, 3
59, 87, 23, 74, 0, 33, 21, 0, 68, 9, 100, 43, 87, 85, 43, 100, 0
20, 75, 0, 45, 29, 11, 69, 0, 100, 26, 90, 73, 56, 100, 17, 94, 0
39, 100, 10, 72, 0, 39, 68, 25, 100, 48, 96, 65, 72, 33, 68, 0, 4
100, 96, 76, 100, 43, 78, 16, 53, 0, 23, 20, 0, 51, 18, 12, 25, 6
32, 68, 20, 36, 42, 0, 83, 15, 100, 56, 80, 95, 36, 100, 0, 73, 0
0, 75, 26, 100, 61, 87, 55, 48, 24, 22, 26, 3, 65, 1, 100, 0, 2
24, 75, 60, 100, 74, 63, 45, 25, 2, 0, 0, 15, 51, 19, 100, 8, 2
31, 100, 28, 76, 0, 41, 24, 29, 100, 30, 88, 67, 81, 33, 82, 0, 4
13, 90, 44, 100, 91, 99, 80, 71, 100, 43, 92, 17, 47, 5, 0, 0, 3
85, 98, 39, 100, 7, 60, 0, 16, 54, 0, 100, 28, 40, 38, 5, 9, 6
52, 82, 3, 50, 100, 72, 64, 100, 0, 62, 84, 76, 86, 50, 77, 0, 9
70, 100, 36, 70, 0, 41, 25, 31, 90, 36, 100, 45, 80, 33, 62, 0, 4
57, 100, 34, 80, 0, 59, 11, 40, 85, 43, 100, 44, 72, 22, 57, 0, 4
46, 100, 2, 72, 0, 47, 76, 48, 100, 77, 78, 64, 45, 32, 19, 0, 4
54, 87, 59, 100, 26, 72, 0, 43, 28, 18, 100, 30, 96, 30, 80, 0, 4
0, 75, 29, 100, 74, 93, 69, 60, 41, 29, 0, 3, 37, 0, 100, 6, 2
100, 100, 59, 83, 31, 52, 20, 19, 52, 0, 91, 25, 48, 27, 0, 7, 6
75, 100, 44, 70, 23, 34, 47, 4, 100, 6, 89, 29, 36, 26, 0, 0, 6
12, 96, 60, 100, 96, 81, 60, 55, 16, 33, 0, 8, 55, 2, 100, 0, 2
54, 93, 100, 100, 60, 97, 26, 71, 75, 59, 88, 29, 48, 5, 0, 0, 5
45, 78, 6, 48, 0, 2, 46, 0, 83, 34, 100, 80, 63, 100, 19, 78, 0
81, 72, 58, 100, 0, 81, 43, 57, 82, 76, 100, 37, 87, 0, 17, 1, 9
61, 96, 46, 68, 71, 22, 11, 0, 0, 34, 67, 63, 100, 100, 25, 93, 8
68, 76, 75, 100, 33, 82, 78, 74, 75, 55, 100, 23, 55, 4, 0, 0, 9
100, 97, 88, 100, 53, 70, 25, 36, 17, 0, 69, 10, 58, 39, 0, 29, 6
0, 0, 42, 11, 83, 34, 100, 68, 77, 100, 29, 99, 41, 69, 90, 61, 9
0, 82, 35, 100, 78, 74, 71, 36, 48, 0, 27, 16, 34, 40, 100, 42, 7
97, 92, 62, 100, 60, 65, 100, 89, 90, 65, 85, 26, 50, 0, 0, 16, 9
0, 46, 47, 71, 66, 100, 59, 98, 59, 68, 68, 38, 87, 8, 100, 0, 1
0, 83, 38, 100, 93, 97, 100, 71, 70, 48, 34, 26, 27, 2, 84, 0, 2
20, 92, 5, 100, 0, 76, 2, 52, 52, 33, 95, 47, 80, 23, 100, 0, 4
21, 66, 47, 100, 65, 67, 40, 28, 0, 12, 18, 31, 60, 19, 100, 0, 2
58, 100, 21, 80, 0, 48, 9, 14, 56, 0, 100, 16, 64, 27, 25, 8, 6
0, 78, 26, 94, 95, 100, 100, 82, 57, 61, 62, 37, 57, 14, 0, 0, 3
41, 82, 66, 100, 100, 78, 62, 51, 77, 43, 95, 13, 49, 0, 0, 8, 3
80, 70, 95, 100, 7, 89, 0, 57, 82, 76, 100, 56, 82, 20, 11, 0, 9
16, 95, 46, 100, 100, 95, 72, 63, 39, 32, 6, 0, 0, 32, 56, 35, 7
0, 62, 22, 89, 69, 100, 86, 77, 59, 50, 28, 26, 47, 4, 100, 0, 2
100, 81, 65, 97, 24, 100, 7, 64, 41, 57, 65, 25, 31, 0, 0, 5, 5
33, 57, 50, 75, 97, 98, 100, 100, 70, 75, 40, 50, 13, 25, 0, 0, 1
73, 97, 35, 54, 100, 84, 44, 100, 75, 71, 92, 60, 62, 0, 0, 9, 9
61, 100, 96, 98, 83, 49, 46, 14, 0, 0, 6, 29, 54, 27, 100, 8, 2
55, 95, 100, 100, 54, 91, 28, 55, 54, 53, 76, 30, 43, 0, 0, 1, 5
11, 72, 28, 100, 66, 78, 56, 38, 19, 10, 0, 6, 50, 5, 100, 0, 2
30, 97, 12, 71, 0, 28, 33, 0, 84, 16, 100, 57, 74, 94, 24, 100, 0
100, 100, 58, 86, 23, 57, 1, 24, 30, 0, 90, 13, 64, 40, 0, 42, 6
0, 88, 36, 100, 70, 87, 68, 61, 70, 34, 100, 15, 64, 1, 17, 0, 3
54, 97, 20, 73, 48, 34, 35, 0, 0, 22, 50, 50, 100, 78, 71, 100, 8
0, 70, 35, 87, 59, 100, 61, 79, 64, 58, 72, 37, 81, 17, 100, 0, 1
86, 74, 21, 100, 0, 73, 66, 38, 100, 0, 12, 8, 49, 49, 100, 76, 8
48, 100, 39, 89, 14, 56, 12, 19, 57, 0, 100, 17, 52, 30, 0, 15, 6
0, 83, 36, 100, 66, 78, 53, 39, 41, 0, 24, 34, 56, 50, 100, 55, 7
87, 96, 62, 81, 99, 100, 66, 92, 99, 61, 100, 26, 55, 2, 0, 0, 9
78, 100, 33, 82, 12, 49, 14, 12, 60, 0, 100, 26, 50, 32, 0, 13, 6
19, 63, 76, 69, 100, 100, 38, 94, 0, 64, 63, 62, 88, 41, 73, 0, 9
73, 100, 27, 84, 1, 51, 0, 15, 47, 0, 100, 4, 82, 19, 34, 10, 6
18, 68, 0, 21, 44, 0, 89, 22, 100, 75, 58, 100, 11, 81, 1, 31, 0
19, 81, 55, 100, 78, 80, 42, 61, 88, 43, 100, 13, 53, 0, 0, 6, 3
0, 39, 35, 55, 68, 77, 100, 100, 96, 76, 77, 50, 56, 25, 36, 0, 1
36, 87, 73, 100, 100, 85, 76, 63, 87, 33, 86, 3, 43, 0, 0, 4, 3
16, 87, 66, 100, 86, 81, 48, 57, 77, 46, 100, 21, 60, 0, 0, 2, 3
4, 77, 0, 35, 28, 0, 74, 2, 100, 37, 89, 80, 48, 100, 12, 73, 0
39, 90, 95, 100, 100, 99, 45, 86, 64, 72, 91, 43, 53, 13, 0, 0, 5
37, 100, 13, 66, 52, 35, 26, 0, 0, 18, 17, 65, 50, 96, 100, 86, 5
22, 89, 69, 100, 82, 76, 61, 49, 100, 36, 93, 10, 42, 0, 0, 8, 3
0, 91, 47, 70, 62, 100, 43, 78, 91, 70, 100, 30, 68, 0, 29, 12, 9
80, 81, 42, 77, 10, 46, 0, 2, 42, 0, 82, 19, 100, 60, 77, 100, 0
95, 100, 59, 80, 27, 51, 11, 20, 48, 0, 100, 15, 57, 31, 0, 19, 6
100, 100, 46, 92, 34, 67, 79, 82, 87, 75, 82, 43, 49, 17, 0, 0, 9
58, 95, 60, 64, 100, 32, 83, 0, 17, 20, 62, 51, 69, 85, 0, 100, 8
94, 100, 35, 94, 3, 58, 0, 21, 74, 14, 100, 43, 21, 34, 19, 0, 6
69, 100, 27, 87, 1, 57, 0, 25, 35, 1, 91, 0, 100, 21, 45, 27, 6
53, 100, 33, 77, 0, 55, 19, 35, 87, 41, 100, 46, 65, 24, 47, 0, 4
64, 100, 41, 78, 18, 57, 0, 36, 36, 22, 100, 32, 92, 20, 69, 0, 4
62, 83, 21, 69, 0, 33, 25, 1, 68, 0, 100, 29, 97, 70, 67, 100, 0
17, 97, 25, 59, 85, 100, 0, 82, 27, 51, 23, 0, 100, 36, 19, 33, 8
23, 100, 13, 70, 66, 36, 33, 0, 0, 25, 59, 58, 100, 96, 28, 97, 8
0, 100, 85, 99, 100, 84, 75, 50, 66, 14, 51, 0, 11, 33, 91, 39, 7
0, 87, 38, 100, 74, 83, 74, 40, 55, 0, 32, 34, 60, 45, 100, 55, 7
24, 85, 3, 50, 84, 52, 59, 5, 0, 0, 1, 52, 11, 94, 100, 100, 5
86, 100, 36, 80, 1, 49, 0, 14, 56, 0, 100, 23, 51, 37, 2, 16, 6
48, 100, 12, 64, 0, 20, 43, 0, 91, 25, 100, 69, 62, 98, 13, 76, 0
37, 90, 31, 68, 100, 85, 49, 100, 0, 81, 75, 67, 67, 33, 34, 0, 9
0, 91, 35, 100, 100, 97, 81, 63, 44, 32, 8, 0, 9, 14, 49, 29, 7
68, 100, 59, 72, 25, 44, 0, 33, 54, 32, 100, 35, 98, 35, 86, 0, 4
53, 100, 7, 98, 21, 69, 56, 92, 63, 59, 100, 25, 64, 0, 0, 9, 9
59, 100, 0, 79, 31, 64, 100, 75, 93, 76, 63, 51, 37, 26, 11, 0, 4
53, 100, 5, 80, 0, 63, 60, 64, 100, 79, 79, 57, 55, 26, 31, 0, 4
10, 64, 29, 100, 60, 90, 46, 52, 19, 18, 0, 8, 50, 5, 100, 0, 2
52, 100, 18, 76, 0, 46, 9, 17, 61, 19, 100, 38, 54, 22, 18, 0, 6
20, 100, 14, 70, 0, 40, 3, 16, 77, 22, 100, 45, 96, 30, 96, 0, 4
71, 100, 44, 63, 0, 38, 57, 43, 100, 52, 82, 80, 66, 41, 60, 0, 4
0, 100, 52, 100, 88, 81, 73, 45, 58, 8, 36, 0, 39, 21, 100, 19, 7
65, 86, 79, 100, 35, 69, 0, 39, 72, 34, 100, 66, 61, 35, 32, 0, 4
80, 86, 46, 100, 0, 78, 42, 57, 100, 75, 98, 62, 88, 29, 75, 0, 9
40, 81, 5, 60, 8, 2, 62, 0, 100, 44, 92, 99, 38, 100, 0, 55, 0
0, 85, 22, 100, 53, 83, 45, 55, 21, 31, 15, 6, 57, 1, 100, 0, 2
44, 82, 79, 100, 100, 81, 73, 56, 82, 45, 80, 17, 42, 0, 0, 13, 3
78, 100, 60, 77, 100, 93, 54, 84, 66, 59, 86, 34, 70, 9, 0, 0, 9
18, 68, 50, 54, 100, 19, 30, 0, 24, 35, 84, 68, 90, 100, 0, 84, 8
15, 75, 38, 100, 55, 68, 37, 33, 3, 6, 0, 3, 50, 5, 100, 0, 2
0, 64, 31, 79, 72, 100, 100, 98, 87, 74, 74, 49, 72, 24, 82, 0, 1
26, 89, 13, 44, 29, 1, 72, 0, 100, 36, 85, 79, 45, 100, 0, 92, 0
11, 35, 43, 60, 83, 84, 100, 100, 60, 75, 31, 51, 9, 25, 0, 0, 1
38, 100, 1, 70, 0, 27, 40, 0, 88, 17, 100, 59, 66, 90, 17, 76, 0
76, 85, 88, 70, 27, 68, 0, 100, 62, 99, 100, 66, 90, 25, 40, 0, 9
95, 69, 60, 100, 35, 66, 63, 28, 24, 0, 0, 23, 41, 56, 100, 82, 8
2, 81, 28, 100, 68, 83, 67, 49, 37, 23, 0, 1, 48, 0, 100, 1, 2
0, 37, 34, 55, 68, 77, 100, 100, 72, 77, 50, 52, 30, 26, 22, 0, 1
100, 78, 45, 64, 0, 72, 22, 100, 54, 90, 63, 59, 61, 29, 64, 0, 9
76, 56, 75, 100, 0, 90, 35, 53, 95, 21, 47, 0, 57, 44, 100, 85, 8
34, 91, 0, 98, 42, 100, 83, 94, 100, 71, 86, 46, 62, 23, 46, 0, 7
25, 100, 95, 96, 100, 70, 72, 43, 55, 15, 45, 0, 0, 23, 43, 34, 7
6, 59, 0, 24, 33, 0, 74, 14, 100, 46, 94, 85, 53, 100, 16, 79, 0
44, 96, 36, 64, 84, 91, 26, 100, 72, 58, 100, 49, 67, 0, 0, 18, 9
0, 58, 62, 82, 78, 100, 41, 75, 30, 50, 32, 24, 30, 2, 100, 0, 1
25, 72, 59, 100, 56, 90, 52, 53, 41, 16, 0, 0, 45, 2, 100, 2, 1
100, 100, 70, 92, 37, 65, 8, 36, 1, 4, 52, 0, 54, 20, 0, 15, 6
36, 70, 53, 99, 100, 100, 88, 68, 85, 43, 91, 13, 47, 0, 0, 12, 3
100, 85, 59, 98, 11, 100, 6, 59, 34, 48, 68, 23, 30, 0, 0, 10, 5
0, 93, 57, 100, 97, 75, 91, 37, 82, 0, 53, 16, 32, 41, 100, 45, 7
50, 85, 84, 100, 76, 60, 48, 24, 7, 0, 0, 2, 50, 4, 100, 4, 2
0, 54, 4, 100, 43, 98, 36, 48, 10, 6, 11, 2, 56, 9, 100, 0, 2
65, 90, 97, 100, 95, 73, 72, 48, 39, 25, 0, 5, 43, 0, 100, 0, 2
12, 100, 7, 80, 0, 60, 3, 39, 36, 23, 86, 34, 88, 20, 100, 0, 4
0, 100, 58, 100, 89, 88, 74, 44, 61, 0, 22, 22, 41, 33, 100, 29, 7
25, 74, 47, 100, 66, 74, 41, 44, 4, 20, 0, 9, 49, 1, 100, 0, 2
36, 66, 71, 100, 62, 70, 48, 23, 21, 0, 0, 5, 50, 8, 100, 10, 1
0, 96, 50, 100, 72, 69, 67, 34, 64, 0, 33, 25, 36, 40, 100, 45, 7
0, 74, 26, 98, 64, 100, 76, 71, 56, 41, 30, 14, 60, 1, 100, 0, 2
70, 97, 28, 78, 65, 53, 57, 9, 0, 0, 13, 42, 51, 86, 100, 100, 5
80, 100, 29, 84, 0, 47, 7, 8, 79, 7, 100, 41, 30, 35, 20, 0, 6
49, 76, 47, 93, 100, 100, 88, 57, 48, 24, 0, 0, 43, 11, 97, 0, 2
35, 64, 64, 100, 66, 85, 59, 38, 100, 6, 86, 6, 23, 4, 0, 0, 1
97, 100, 54, 83, 0, 48, 3, 10, 84, 0, 100, 39, 14, 51, 8, 18, 6
18, 93, 94, 100, 100, 100, 20, 94, 3, 64, 77, 50, 77, 11, 0, 0, 5
81, 96, 39, 100, 13, 71, 13, 39, 76, 44, 100, 16, 44, 0, 0, 6, 5
0, 89, 50, 100, 85, 78, 70, 39, 56, 0, 30, 13, 43, 35, 100, 45, 7
0, 100, 68, 94, 95, 77, 67, 47, 41, 15, 29, 0, 28, 30, 100, 33, 7
59, 79, 40, 99, 0, 62, 1, 14, 59, 0, 100, 35, 80, 80, 21, 100, 0
73, 100, 26, 78, 5, 43, 13, 8, 69, 0, 100, 31, 44, 36, 0, 9, 6
68, 94, 67, 75, 100, 100, 39, 70, 0, 42, 20, 0, 97, 25, 33, 65, 8
40, 91, 94, 100, 68, 97, 31, 73, 44, 40, 100, 27, 60, 6, 0, 0, 5
6, 100, 12, 82, 0, 50, 3, 22, 100, 29, 86, 48, 55, 32, 67, 0, 4
86, 100, 33, 81, 66, 67, 100, 91, 99, 65, 95, 33, 62, 6, 0, 0, 9
49, 86, 84, 100, 100, 76, 74, 52, 99, 30, 81, 6, 38, 0, 0, 11, 3
0, 92, 45, 100, 95, 92, 88, 48, 77, 4, 57, 0, 48, 35, 100, 32, 7
0, 60, 56, 77, 89, 100, 89, 96, 81, 72, 78, 47, 78, 23, 100, 0, 1
96, 84, 49, 76, 12, 91, 74, 100, 100, 75, 78, 47, 45, 21, 0, 0, 9
51, 91, 23, 71, 52, 35, 13, 0, 0, 30, 5, 81, 43, 100, 100, 95, 5
23, 75, 54, 100, 62, 58, 39, 18, 0, 0, 14, 19, 57, 5, 100, 10, 2
0, 61, 26, 75, 59, 86, 90, 100, 100, 91, 83, 61, 67, 33, 62, 0, 1
57, 63, 100, 91, 48, 100, 0, 73, 55, 65, 96, 60, 60, 28, 13, 0, 9
44, 100, 15, 65, 0, 20, 35, 0, 78, 25, 100, 65, 65, 95, 21, 75, 0
20, 88, 58, 100, 89, 79, 43, 57, 67, 49, 100, 25, 59, 2, 0, 0, 3
58, 100, 17, 83, 0, 41, 18, 0, 75, 5, 100, 45, 89, 87, 34, 88, 0
0, 51, 25, 74, 49, 100, 49, 81, 52, 54, 56, 28, 68, 2, 100, 0, 1
84, 93, 26, 100, 0, 71, 64, 64, 100, 90, 89, 64, 79, 31, 78, 0, 9
68, 100, 32, 95, 0, 61, 35, 34, 99, 28, 100, 66, 63, 35, 33, 0, 4
38, 64, 8, 67, 0, 20, 40, 0, 85, 26, 100, 69, 63, 100, 21, 87, 0
100, 100, 0, 87, 0, 73, 17, 58, 33, 44, 33, 29, 50, 15, 67, 0, 1
84, 54, 26, 47, 0, 75, 40, 100, 93, 90, 100, 55, 70, 24, 25, 0, 9
43, 84, 36, 63, 100, 38, 75, 0, 33, 24, 61, 66, 61, 100, 0, 73, 8
62, 83, 27, 69, 70, 26, 47, 0, 0, 34, 63, 66, 100, 98, 19, 100, 8
42, 70, 54, 100, 85, 91, 63, 60, 32, 33, 0, 7, 47, 0, 100, 2, 2
100, 85, 73, 84, 3, 63, 8, 91, 82, 100, 79, 65, 36, 32, 0, 0, 9
91, 100, 38, 97, 6, 65, 0, 28, 44, 3, 100, 15, 50, 24, 3, 0, 6
0, 38, 29, 61, 63, 80, 95, 100, 100, 87, 81, 59, 62, 29, 47, 0, 1
0, 86, 31, 100, 65, 78, 59, 36, 44, 0, 21, 37, 54, 46, 100, 55, 7
0, 86, 40, 100, 85, 89, 53, 63, 53, 41, 100, 26, 74, 4, 22, 0, 3
47, 100, 21, 78, 0, 42, 26, 8, 94, 4, 100, 32, 34, 28, 28, 0, 6
53, 100, 24, 78, 0, 56, 36, 41, 100, 55, 91, 44, 59, 23, 37, 0, 4
0, 66, 46, 84, 100, 100, 83, 80, 71, 60, 62, 40, 54, 20, 62, 0, 1
19, 80, 46, 100, 46, 66, 28, 35, 0, 12, 24, 1, 63, 0, 100, 1, 2
27, 99, 2, 62, 0, 21, 39, 0, 86, 17, 100, 55, 80, 93, 33, 100, 0
0, 100, 49, 99, 83, 73, 79, 36, 67, 0, 51, 16, 47, 38, 100, 38, 7
69, 72, 100, 100, 35, 91, 0, 57, 59, 60, 100, 61, 71, 25, 18, 0, 9
54, 94, 100, 100, 60, 99, 25, 75, 41, 58, 73, 39, 44, 10, 0, 0, 5
84, 97, 40, 79, 0, 39, 9, 0, 62, 26, 100, 67, 71, 100, 15, 80, 0
58, 50, 88, 84, 100, 100, 84, 60, 80, 19, 40, 0, 0, 4, 64, 5, 1
55, 100, 22, 77, 2, 47, 0, 16, 46, 0, 100, 10, 80, 30, 31, 16, 6
59, 100, 38, 81, 14, 54, 0, 26, 51, 13, 100, 32, 84, 28, 70, 0, 4
23, 69, 60, 33, 48, 0, 0, 19, 48, 50, 100, 81, 68, 100, 17, 71, 8
39, 100, 6, 71, 0, 36, 61, 26, 100, 47, 98, 69, 80, 35, 75, 0, 4
56, 100, 66, 64, 100, 92, 42, 95, 65, 61, 74, 52, 62, 3, 0, 0, 9
62, 95, 12, 76, 74, 39, 100, 0, 21, 6, 30, 57, 65, 100, 0, 66, 8
100, 100, 48, 80, 0, 45, 74, 36, 99, 57, 70, 86, 65, 43, 66, 0, 4
51, 100, 24, 83, 6, 54, 0, 25, 31, 0, 100, 15, 57, 32, 10, 11, 6
13, 81, 24, 100, 89, 97, 100, 75, 63, 52, 97, 22, 55, 0, 0, 12, 3
29, 91, 100, 100, 79, 100, 4, 95, 21, 68, 68, 42, 68, 14, 0, 0, 5
2, 75, 35, 100, 96, 95, 88, 67, 77, 39, 100, 9, 41, 0, 0, 20, 3
100, 100, 55, 96, 20, 66, 0, 32, 16, 0, 79, 2, 68, 27, 9, 13, 6
44, 82, 42, 51, 100, 77, 47, 100, 0, 81, 74, 69, 54, 35, 36, 0, 9
54, 86, 84, 100, 100, 79, 71, 59, 56, 34, 62, 9, 22, 0, 0, 15, 3
21, 100, 9, 73, 0, 45, 39, 30, 95, 39, 100, 55, 95, 28, 97, 0, 4
24, 61, 63, 80, 100, 100, 100, 90, 79, 67, 55, 44, 26, 22, 0, 0, 1
66, 92, 29, 100, 50, 72, 67, 94, 97, 58, 100, 18, 53, 0, 0, 9, 9
28, 100, 13, 76, 0, 47, 59, 38, 100, 60, 92, 58, 79, 28, 65, 0, 4
57, 96, 0, 87, 46, 65, 63, 15, 7, 0, 3, 39, 43, 84, 100, 100, 5
7, 48, 16, 2, 69, 0, 100, 38, 94, 84, 44, 100, 4, 67, 0, 22, 0
60, 86, 55, 71, 0, 71, 42, 97, 100, 100, 96, 64, 62, 31, 38, 0, 9
100, 84, 92, 100, 40, 74, 1, 40, 6, 0, 67, 3, 58, 39, 0, 43, 6
22, 100, 0, 68, 2, 42, 54, 46, 100, 55, 72, 75, 51, 38, 37, 0, 4
20, 73, 57, 44, 76, 2, 0, 0, 40, 40, 100, 76, 77, 100, 22, 65, 8
59, 84, 20, 66, 59, 29, 15, 0, 0, 36, 58, 66, 100, 100, 24, 92, 8
1, 91, 44, 100, 75, 81, 39, 57, 3, 34, 0, 7, 50, 0, 100, 2, 2
0, 0, 39, 10, 76, 29, 99, 55, 100, 84, 64, 100, 34, 81, 77, 68, 9
63, 100, 25, 80, 0, 48, 0, 12, 54, 0, 100, 24, 70, 43, 21, 20, 6
69, 100, 35, 94, 12, 59, 9, 23, 55, 0, 100, 20, 38, 28, 0, 2, 6
0, 65, 32, 69, 66, 84, 100, 100, 89, 75, 77, 49, 66, 23, 62, 0, 1
46, 95, 87, 100, 92, 56, 59, 20, 15, 0, 0, 12, 50, 14, 100, 11, 2
7, 100, 0, 78, 5, 38, 63, 44, 100, 78, 91, 81, 87, 40, 86, 0, 4
0, 95, 36, 100, 66, 85, 48, 43, 31, 0, 16, 25, 48, 46, 100, 51, 7
0, 80, 47, 100, 100, 99, 82, 60, 50, 25, 23, 0, 33, 36, 89, 44, 7
0, 81, 41, 100, 76, 81, 69, 40, 55, 0, 30, 16, 51, 31, 100, 32, 7
20, 73, 39, 100, 55, 69, 32, 31, 0, 4, 22, 0, 61, 1, 100, 2, 2
0, 63, 29, 83, 67, 100, 100, 97, 84, 72, 61, 48, 40, 23, 19, 0, 1
2, 64, 31, 33, 47, 3, 0, 0, 3, 39, 8, 74, 54, 89, 100, 100, 5
100, 100, 56, 93, 21, 63, 0, 31, 19, 0, 79, 6, 77, 37, 17, 29, 6
49, 90, 33, 88, 74, 100, 69, 55, 39, 18, 0, 3, 49, 3, 100, 0, 2
0, 69, 44, 88, 59, 100, 54, 67, 53, 34, 44, 1, 14, 3, 100, 0, 1
38, 90, 77, 100, 80, 76, 67, 55, 100, 35, 82, 8, 39, 0, 0, 14, 3
78, 100, 34, 79, 9, 52, 0, 24, 29, 0, 100, 7, 76, 23, 13, 9, 6
100, 82, 75, 100, 54, 76, 82, 86, 69, 55, 60, 23, 35, 0, 0, 4, 9
35, 80, 50, 100, 63, 72, 59, 54, 100, 41, 89, 13, 46, 0, 0, 0, 3
53, 100, 23, 75, 3, 48, 0, 20, 41, 0, 100, 6, 67, 25, 8, 16, 6
2, 81, 13, 51, 61, 43, 41, 0, 12, 25, 0, 72, 45, 91, 100, 100, 5
50, 100, 20, 60, 32, 13, 84, 0, 100, 45, 79, 90, 25, 98, 0, 56, 0
17, 77, 50, 100, 100, 99, 60, 75, 83, 52, 97, 16, 51, 0, 0, 0, 3
0, 69, 5, 92, 62, 100, 100, 82, 80, 53, 97, 26, 97, 2, 38, 0, 3
100, 100, 62, 90, 56, 75, 38, 60, 25, 45, 12, 30, 0, 15, 0, 0, 1
0, 52, 38, 73, 72, 95, 100, 100, 94, 75, 91, 50, 87, 25, 87, 0, 1
0, 82, 40, 100, 97, 99, 99, 62, 81, 23, 56, 0, 40, 28, 100, 32, 7
94, 75, 55, 100, 0, 78, 17, 45, 76, 62, 100, 78, 92, 36, 84, 0, 9
0, 94, 39, 100, 86, 100, 100, 88, 70, 69, 46, 47, 32, 24, 40, 0, 7
6, 100, 61, 91, 38, 95, 6, 67, 54, 49, 100, 23, 52, 0, 0, 18, 5
0, 100, 58, 92, 100, 74, 76, 38, 63, 0, 96, 12, 81, 38, 24, 50, 7
74, 78, 51, 100, 0, 80, 44, 62, 100, 84, 98, 62, 92, 28, 92, 0, 9
9, 100, 0, 59, 7, 18, 39, 0, 75, 7, 100, 34, 99, 74, 69, 95, 0
42, 97, 0, 75, 84, 73, 51, 100, 13, 86, 100, 73, 71, 34, 18, 0, 9
6, 91, 0, 43, 25, 0, 78, 9, 100, 53, 82, 98, 32, 100, 13, 55, 0
0, 57, 10, 60, 49, 80, 88, 100, 100, 90, 81, 61, 67, 30, 58, 0, 1
19, 91, 0, 60, 10, 17, 55, 0, 94, 26, 100, 70, 67, 100, 23, 81, 0
54, 83, 11, 68, 44, 32, 30, 0, 0, 27, 49, 59, 100, 90, 21, 100, 8
21, 64, 55, 29, 7, 0, 0, 32, 55, 65, 100, 100, 20, 93, 12, 57, 8
31, 87, 22, 49, 83, 100, 0, 74, 45, 67, 23, 0, 100, 37, 15, 38, 8
12, 100, 6, 77, 0, 50, 37, 37, 94, 44, 87, 53, 92, 26, 100, 0, 4
100, 82, 39, 100, 16, 71, 56, 38, 68, 2, 0, 0, 21, 34, 93, 55, 8
35, 78, 92, 100, 100, 96, 85, 68, 88, 40, 79, 13, 0, 0, 27, 4, 1
45, 81, 54, 100, 100, 90, 85, 59, 87, 31, 83, 2, 35, 0, 0, 19, 3
0, 94, 59, 100, 86, 75, 72, 37, 61, 0, 37, 10, 28, 33, 100, 35, 7
69, 100, 26, 88, 70, 76, 72, 81, 88, 49, 100, 17, 56, 0, 0, 4, 9
0, 88, 57, 100, 78, 75, 60, 37, 42, 0, 21, 3, 35, 27, 100, 32, 7
95, 83, 17, 87, 51, 48, 92, 10, 0, 0, 25, 37, 100, 69, 94, 100, 8
64, 93, 25, 56, 0, 9, 37, 0, 78, 35, 100, 81, 61, 100, 18, 70, 0
80, 96, 24, 100, 33, 61, 49, 21, 11, 0, 0, 36, 48, 63, 100, 89, 8
0, 50, 59, 68, 87, 92, 95, 100, 95, 75, 94, 50, 94, 25, 100, 0, 1
0, 47, 41, 65, 76, 88, 100, 100, 74, 75, 49, 51, 31, 26, 24, 0, 1
8, 81, 48, 100, 98, 90, 77, 63, 100, 28, 86, 0, 35, 9, 0, 35, 3
60, 100, 13, 73, 0, 34, 28, 0, 81, 21, 100, 60, 83, 97, 28, 81, 0
0, 85, 39, 100, 84, 94, 62, 65, 77, 47, 100, 22, 63, 0, 25, 8, 3
0, 99, 63, 100, 76, 68, 60, 34, 46, 0, 19, 16, 27, 34, 100, 32, 7
0, 96, 33, 100, 79, 92, 57, 45, 26, 0, 13, 48, 53, 64, 100, 60, 7
13, 93, 56, 60, 100, 25, 35, 0, 8, 29, 60, 63, 81, 100, 0, 98, 8
20, 71, 30, 100, 75, 97, 59, 63, 25, 35, 0, 10, 50, 3, 100, 0, 2
0, 80, 35, 100, 50, 61, 33, 16, 10, 0, 18, 28, 59, 39, 100, 53, 7
100, 72, 75, 100, 43, 80, 82, 78, 92, 53, 88, 17, 47, 0, 0, 7, 9
100, 100, 60, 91, 23, 63, 0, 32, 12, 0, 65, 6, 69, 36, 11, 38, 6
32, 100, 0, 74, 0, 41, 58, 30, 95, 57, 100, 67, 81, 34, 80, 0, 4
100, 100, 74, 86, 47, 61, 23, 32, 14, 0, 50, 1, 38, 25, 0, 26, 6
77, 100, 0, 87, 36, 41, 60, 0, 6, 19, 70, 56, 100, 97, 12, 90, 8
0, 61, 14, 18, 63, 0, 100, 33, 89, 80, 45, 100, 14, 62, 18, 16, 0
0, 82, 41, 100, 95, 92, 83, 62, 73, 50, 100, 21, 59, 0, 5, 9, 3
39, 96, 24, 66, 100, 94, 19, 100, 30, 76, 95, 69, 70, 28, 0, 0, 9
0, 82, 36, 100, 83, 88, 64, 62, 83, 48, 100, 16, 57, 0, 14, 13, 3
11, 75, 49, 47, 83, 10, 0, 0, 34, 37, 100, 70, 95, 100, 5, 79, 8
31, 86, 67, 100, 81, 73, 54, 47, 18, 25, 0, 10, 50, 4, 100, 0, 2
3, 77, 2, 39, 39, 0, 90, 20, 100, 71, 53, 100, 0, 78, 10, 43, 0
22, 97, 62, 100, 60, 62, 51, 24, 38, 0, 0, 31, 37, 42, 100, 44, 7
77, 100, 40, 80, 75, 71, 100, 94, 89, 66, 81, 38, 47, 15, 0, 0, 9
0, 98, 76, 100, 84, 77, 58, 39, 37, 0, 15, 17, 23, 43, 100, 43, 7
29, 100, 0, 75, 53, 54, 100, 30, 78, 0, 56, 25, 66, 63, 15, 71, 8
0, 71, 39, 79, 82, 100, 100, 95, 93, 71, 87, 46, 75, 22, 84, 0, 1
0, 63, 58, 85, 100, 100, 78, 74, 67, 46, 64, 19, 0, 0, 3, 3, 1
93, 75, 80, 100, 0, 74, 51, 38, 96, 4, 6, 0, 32, 43, 100, 79, 8
75, 100, 0, 88, 54, 58, 100, 24, 44, 0, 2, 29, 41, 65, 22, 96, 8
48, 84, 55, 58, 85, 83, 34, 100, 67, 65, 100, 28, 59, 0, 0, 0, 9
100, 100, 78, 96, 32, 66, 0, 33, 11, 0, 89, 11, 85, 35, 3, 24, 6
0, 75, 19, 99, 57, 100, 66, 73, 56, 46, 38, 20, 55, 2, 100, 0, 2
17, 100, 0, 71, 5, 43, 78, 40, 100, 55, 91, 59, 87, 29, 78, 0, 4
19, 86, 9, 55, 13, 16, 60, 0, 96, 33, 100, 72, 57, 100, 0, 82, 0
79, 86, 27, 68, 0, 35, 11, 0, 70, 5, 100, 37, 84, 71, 43, 100, 0
61, 73, 52, 100, 14, 72, 54, 36, 58, 0, 0, 17, 45, 49, 100, 79, 8
0, 66, 21, 72, 65, 88, 100, 100, 94, 75, 87, 49, 79, 23, 79, 0, 1
63, 100, 41, 72, 0, 46, 4, 39, 58, 32, 100, 52, 86, 37, 77, 0, 4
54, 81, 46, 98, 86, 100, 75, 58, 43, 24, 0, 0, 48, 2, 100, 8, 2
46, 90, 41, 60, 99, 87, 54, 100, 89, 98, 100, 58, 67, 20, 0, 0, 9
0, 54, 53, 76, 98, 100, 91, 94, 84, 68, 79, 42, 70, 16, 100, 0, 1
0, 80, 25, 100, 56, 97, 61, 61, 40, 29, 38, 0, 69, 0, 100, 4, 2
41, 100, 0, 82, 18, 50, 81, 39, 100, 58, 68, 65, 37, 33, 13, 0, 4
0, 93, 40, 100, 57, 56, 44, 5, 20, 0, 18, 34, 59, 44, 100, 54, 7
100, 93, 34, 100, 0, 73, 64, 71, 87, 94, 74, 62, 64, 31, 62, 0, 9
59, 100, 17, 69, 0, 31, 32, 0, 86, 22, 100, 61, 78, 97, 16, 96, 0
9, 100, 4, 86, 0, 62, 4, 37, 54, 25, 100, 42, 79, 24, 84, 0, 4
0, 44, 41, 62, 78, 85, 100, 100, 87, 75, 70, 50, 55, 25, 41, 0, 1
11, 91, 41, 100, 64, 79, 53, 50, 84, 29, 100, 8, 51, 0, 0, 2, 3
0, 75, 33, 100, 66, 77, 68, 40, 60, 5, 51, 0, 48, 30, 100, 33, 7
74, 100, 25, 92, 0, 63, 3, 32, 39, 6, 100, 9, 74, 25, 38, 0, 6
0, 68, 16, 97, 56, 100, 62, 66, 43, 33, 23, 2, 61, 0, 100, 0, 2
3, 97, 42, 63, 100, 31, 61, 0, 0, 19, 38, 57, 80, 95, 32, 100, 8
40, 79, 45, 55, 69, 19, 15, 0, 13, 36, 67, 68, 100, 100, 0, 99, 8
0, 40, 30, 55, 56, 77, 82, 100, 100, 91, 89, 60, 76, 30, 74, 0, 1
33, 96, 6, 60, 0, 18, 39, 0, 79, 20, 100, 59, 93, 100, 50, 99, 0
0, 86, 45, 100, 95, 93, 75, 69, 95, 39, 100, 7, 50, 0, 1, 12, 3
33, 66, 50, 100, 58, 57, 36, 18, 0, 0, 21, 17, 61, 13, 100, 4, 2
26, 100, 11, 78, 0, 51, 16, 28, 59, 36, 100, 51, 85, 26, 69, 0, 4
13, 65, 26, 100, 53, 72, 38, 29, 0, 0, 1, 4, 50, 6, 100, 1, 2
0, 85, 33, 100, 82, 80, 51, 56, 67, 45, 100, 17, 53, 0, 11, 20, 3
31, 87, 73, 100, 100, 80, 73, 53, 37, 30, 0, 7, 45, 1, 97, 0, 2
41, 100, 11, 70, 0, 26, 33, 0, 76, 17, 100, 55, 88, 97, 43, 91, 0
30, 100, 17, 87, 0, 52, 38, 28, 99, 34, 100, 71, 85, 36, 78, 0, 4
34, 80, 61, 100, 56, 60, 28, 28, 0, 0, 33, 5, 67, 7, 100, 7, 2
20, 86, 0, 73, 82, 85, 35, 100, 19, 45, 30, 0, 100, 33, 24, 54, 8
0, 94, 61, 100, 96, 73, 79, 36, 68, 0, 100, 32, 88, 54, 17, 52, 7
96, 100, 70, 100, 35, 80, 57, 60, 100, 46, 90, 13, 46, 0, 0, 8, 5
0, 64, 56, 81, 100, 100, 96, 85, 80, 64, 68, 42, 44, 21, 36, 0, 1
0, 67, 9, 99, 44, 100, 55, 72, 28, 47, 32, 17, 65, 4, 100, 0, 2
14, 81, 23, 100, 81, 97, 61, 66, 60, 50, 100, 33, 60, 7, 0, 0, 3
76, 73, 80, 100, 53, 84, 100, 87, 92, 55, 77, 22, 43, 0, 0, 16, 9
24, 49, 98, 70, 100, 100, 49, 74, 84, 35, 69, 0, 0, 18, 69, 45, 8
40, 100, 21, 86, 0, 49, 2, 10, 53, 0, 100, 19, 61, 33, 14, 16, 6
42, 88, 49, 100, 60, 58, 37, 20, 0, 28, 46, 15, 89, 0, 100, 40, 2
100, 100, 72, 89, 30, 59, 0, 25, 31, 0, 92, 12, 79, 32, 19, 18, 6
44, 93, 4, 83, 43, 42, 40, 0, 0, 16, 48, 52, 100, 86, 49, 100, 8
0, 100, 57, 94, 100, 78, 100, 63, 100, 47, 86, 31, 71, 15, 100, 0, 1
7, 79, 36, 100, 54, 78, 30, 49, 0, 24, 9, 6, 55, 3, 100, 0, 2
100, 95, 55, 100, 13, 88, 4, 62, 46, 47, 70, 20, 39, 0, 0, 10, 5
1, 84, 0, 69, 72, 41, 94, 3, 11, 0, 4, 45, 13, 91, 100, 100, 5
28, 83, 66, 100, 100, 86, 81, 60, 94, 43, 96, 18, 54, 0, 0, 2, 3
0, 83, 32, 100, 67, 93, 52, 59, 26, 29, 18, 5, 60, 0, 100, 3, 2
31, 70, 0, 84, 16, 37, 52, 0, 100, 19, 99, 66, 60, 100, 6, 94, 0
82, 100, 33, 82, 12, 51, 18, 18, 65, 0, 100, 20, 42, 30, 0, 9, 6
82, 70, 31, 56, 0, 81, 51, 100, 100, 84, 87, 51, 54, 21, 12, 0, 9
9, 91, 56, 100, 100, 87, 80, 43, 57, 0, 0, 22, 24, 34, 95, 36, 7
53, 64, 100, 88, 52, 100, 29, 66, 60, 27, 30, 0, 0, 24, 46, 53, 8
74, 100, 39, 73, 0, 48, 52, 46, 100, 48, 77, 83, 63, 41, 47, 0, 4
77, 100, 11, 67, 100, 72, 43, 99, 36, 32, 0, 0, 84, 2, 30, 46, 8
11, 88, 74, 100, 100, 77, 69, 40, 37, 5, 6, 0, 0, 34, 72, 41, 7
99, 100, 56, 76, 21, 50, 0, 21, 38, 0, 100, 8, 77, 30, 14, 26, 6
100, 90, 60, 100, 18, 84, 70, 88, 89, 71, 66, 44, 37, 18, 0, 0, 9
31, 82, 72, 100, 100, 87, 65, 64, 69, 40, 91, 14, 47, 0, 0, 5, 3
37, 78, 15, 58, 49, 25, 18, 0, 0, 30, 1, 72, 49, 89, 100, 100, 5
0, 91, 52, 100, 92, 84, 73, 43, 62, 0, 42, 0, 45, 23, 100, 28, 7
4, 97, 81, 100, 100, 67, 66, 33, 30, 0, 0, 9, 0, 36, 82, 35, 7
100, 95, 87, 100, 49, 76, 17, 47, 0, 14, 40, 0, 66, 25, 19, 25, 6
33, 90, 57, 56, 91, 20, 9, 0, 0, 33, 76, 64, 100, 100, 4, 96, 8
0, 97, 56, 100, 93, 74, 92, 36, 74, 0, 100, 21, 88, 42, 30, 43, 7
40, 99, 100, 87, 43, 100, 30, 56, 73, 44, 98, 9, 38, 0, 0, 31, 5
21, 91, 59, 100, 62, 66, 34, 36, 0, 11, 19, 13, 59, 0, 100, 9, 2
37, 81, 61, 100, 91, 84, 63, 63, 100, 46, 85, 14, 37, 0, 0, 16, 3
32, 82, 69, 100, 74, 70, 57, 49, 100, 33, 94, 5, 47, 0, 0, 7, 3
0, 91, 44, 100, 58, 77, 48, 39, 47, 0, 25, 19, 53, 39, 100, 47, 7
10, 97, 0, 46, 20, 0, 70, 12, 100, 55, 87, 100, 37, 86, 10, 43, 0
83, 100, 41, 98, 7, 63, 0, 23, 47, 0, 100, 18, 58, 39, 11, 15, 6
0, 80, 28, 100, 53, 82, 31, 53, 4, 27, 14, 3, 58, 4, 100, 0, 2
33, 100, 0, 71, 86, 75, 38, 96, 38, 73, 100, 71, 62, 32, 6, 0, 9
53, 70, 71, 100, 68, 58, 38, 23, 0, 7, 22, 30, 63, 21, 100, 0, 2
4, 71, 32, 100, 37, 95, 33, 57, 29, 19, 0, 0, 49, 1, 100, 4, 1
0, 79, 35, 100, 74, 91, 52, 58, 19, 30, 13, 4, 58, 0, 100, 3, 2
16, 74, 0, 28, 37, 0, 81, 23, 100, 68, 65, 100, 18, 88, 0, 45, 0
92, 72, 36, 59, 1, 82, 54, 100, 100, 82, 80, 48, 40, 19, 0, 0, 9
10, 87, 17, 58, 88, 50, 86, 0, 17, 6, 0, 58, 21, 92, 100, 100, 5
0, 52, 3, 57, 47, 79, 90, 100, 100, 88, 79, 59, 60, 30, 60, 0, 1
70, 100, 42, 81, 6, 59, 0, 36, 90, 37, 100, 45, 69, 23, 60, 0, 4
38, 85, 69, 100, 76, 75, 55, 50, 100, 34, 77, 11, 28, 0, 0, 8, 3
0, 80, 35, 100, 69, 78, 49, 41, 10, 15, 5, 27, 53, 15, 100, 0, 2
0, 100, 45, 95, 100, 89, 87, 48, 62, 9, 38, 0, 29, 37, 87, 40, 7
13, 81, 31, 100, 69, 82, 61, 52, 32, 26, 0, 2, 47, 0, 100, 2, 2
33, 73, 66, 88, 100, 100, 79, 80, 58, 60, 36, 41, 16, 20, 0, 0, 1
51, 100, 14, 84, 0, 53, 60, 47, 100, 69, 78, 61, 50, 31, 37, 0, 4
0, 90, 43, 100, 90, 99, 85, 58, 78, 11, 55, 0, 53, 25, 100, 32, 7
20, 91, 25, 67, 54, 32, 19, 0, 0, 32, 0, 80, 49, 92, 100, 100, 5
44, 86, 77, 100, 100, 85, 78, 63, 63, 40, 70, 14, 39, 0, 0, 2, 3
28, 63, 25, 25, 51, 0, 85, 27, 100, 69, 72, 99, 30, 100, 0, 71, 0
0, 46, 44, 72, 86, 100, 68, 93, 56, 64, 56, 34, 61, 5, 100, 0, 1
23, 78, 51, 100, 100, 78, 70, 40, 40, 0, 78, 2, 37, 37, 0, 74, 8
42, 100, 20, 71, 100, 84, 20, 97, 0, 48, 14, 0, 73, 24, 8, 58, 8
58, 100, 21, 78, 0, 47, 39, 23, 87, 34, 100, 61, 69, 32, 54, 0, 4
0, 23, 27, 45, 56, 68, 83, 94, 100, 100, 87, 66, 75, 33, 66, 0, 1
20, 77, 61, 100, 100, 80, 48, 46, 9, 7, 68, 0, 25, 39, 0, 82, 8
62, 100, 20, 96, 0, 60, 9, 22, 59, 0, 100, 25, 48, 35, 5, 8, 6
47, 85, 18, 62, 5, 20, 47, 0, 100, 24, 99, 66, 59, 98, 0, 100, 0
37, 100, 13, 73, 0, 45, 64, 40, 100, 50, 75, 61, 58, 30, 43, 0, 4
67, 100, 19, 90, 0, 47, 14, 4, 69, 0, 100, 38, 91, 82, 46, 99, 0
43, 100, 30, 82, 5, 53, 0, 27, 52, 39, 100, 57, 83, 29, 72, 0, 4
0, 66, 35, 100, 45, 92, 41, 38, 22, 1, 5, 0, 53, 3, 100, 6, 1
40, 100, 0, 81, 15, 58, 100, 57, 47, 87, 50, 88, 40, 42, 36, 0, 4
20, 71, 0, 29, 31, 0, 78, 12, 100, 51, 84, 93, 37, 100, 8, 66, 0
21, 87, 33, 52, 62, 13, 5, 0, 0, 36, 74, 66, 100, 100, 5, 89, 8
26, 98, 24, 49, 45, 13, 17, 0, 0, 35, 26, 72, 62, 91, 100, 100, 5
56, 97, 15, 77, 0, 35, 23, 0, 70, 3, 100, 36, 95, 78, 54, 100, 0
34, 100, 14, 83, 2, 66, 0, 48, 23, 34, 65, 30, 91, 17, 100, 0, 4
62, 81, 100, 100, 84, 91, 40, 76, 67, 64, 83, 26, 46, 0, 0, 9, 5
86, 100, 46, 83, 17, 56, 0, 28, 17, 1, 92, 0, 100, 21, 22, 16, 6
100, 100, 58, 96, 20, 95, 0, 62, 28, 58, 66, 45, 55, 11, 17, 0, 5
97, 100, 45, 84, 0, 62, 2, 46, 48, 41, 100, 45, 58, 23, 21, 0, 4
3, 74, 33, 100, 52, 71, 33, 34, 3, 2, 0, 4, 51, 0, 100, 1, 2
0, 61, 29, 88, 51, 100, 43, 66, 43, 32, 23, 0, 11, 2, 100, 3, 1
83, 74, 74, 100, 42, 73, 51, 36, 46, 0, 0, 12, 35, 41, 100, 54, 8
0, 83, 20, 100, 67, 96, 73, 74, 64, 51, 51, 30, 56, 9, 100, 0, 2
9, 74, 38, 100, 53, 78, 30, 43, 0, 17, 27, 8, 63, 6, 100, 0, 2
0, 100, 59, 97, 81, 66, 63, 32, 44, 0, 3, 25, 37, 34, 100, 39, 7
23, 100, 0, 81, 25, 48, 100, 44, 96, 80, 85, 68, 76, 28, 65, 0, 4
82, 88, 35, 100, 0, 69, 48, 36, 79, 0, 24, 15, 50, 54, 100, 86, 8
0, 54, 47, 78, 69, 100, 53, 68, 33, 35, 0, 6, 31, 0, 100, 7, 1
34, 99, 9, 67, 52, 42, 35, 0, 0, 4, 19, 62, 52, 97, 100, 100, 5
0, 98, 49, 100, 64, 89, 47, 44, 42, 0, 8, 37, 48, 49, 100, 51, 7
100, 100, 60, 90, 32, 70, 11, 48, 0, 23, 16, 0, 44, 12, 8, 6, 6
96, 100, 51, 76, 17, 50, 0, 20, 41, 0, 100, 16, 73, 39, 4, 33, 6
0, 86, 52, 100, 100, 80, 99, 36, 65, 0, 26, 3, 34, 38, 90, 49, 7
0, 89, 29, 100, 66, 87, 70, 66, 84, 46, 100, 26, 75, 8, 25, 0, 3
16, 86, 0, 43, 25, 1, 68, 0, 100, 35, 90, 85, 50, 100, 13, 75, 0
0, 91, 27, 100, 31, 62, 16, 26, 10, 0, 40, 3, 70, 7, 100, 8, 2
2, 76, 35, 100, 76, 86, 57, 52, 18, 26, 0, 14, 51, 11, 100, 0, 2
29, 94, 91, 100, 60, 92, 34, 70, 72, 65, 100, 31, 60, 0, 0, 13, 5
28, 86, 38, 57, 91, 37, 57, 1, 0, 0, 8, 62, 42, 98, 100, 100, 5
84, 100, 55, 81, 32, 58, 20, 33, 30, 9, 100, 6, 52, 13, 0, 0, 6
0, 70, 18, 97, 76, 100, 92, 74, 66, 36, 54, 0, 100, 26, 58, 33, 7
67, 100, 27, 73, 4, 41, 6, 6, 60, 0, 100, 24, 52, 37, 0, 22, 6
47, 100, 31, 76, 0, 45, 63, 50, 100, 64, 92, 61, 94, 28, 96, 0, 4
62, 100, 13, 81, 0, 50, 100, 56, 77, 78, 57, 88, 62, 35, 65, 0, 4
100, 100, 72, 81, 55, 55, 45, 27, 48, 0, 72, 5, 36, 18, 0, 12, 6
16, 96, 94, 100, 28, 96, 4, 68, 35, 51, 100, 35, 65, 0, 0, 14, 5
38, 82, 77, 100, 100, 96, 51, 90, 13, 71, 58, 52, 46, 0, 0, 14, 5
0, 75, 47, 100, 100, 94, 94, 58, 60, 27, 7, 4, 30, 5, 98, 0, 2
38, 70, 61, 100, 91, 86, 72, 53, 39, 24, 0, 0, 47, 12, 100, 11, 2
0, 78, 38, 98, 86, 100, 76, 66, 79, 52, 100, 28, 65, 0, 24, 9, 3
39, 100, 31, 68, 0, 39, 56, 41, 100, 50, 95, 61, 92, 29, 92, 0, 4
0, 65, 39, 96, 45, 100, 48, 64, 56, 28, 20, 2, 12, 0, 100, 3, 1
15, 85, 53, 100, 78, 79, 47, 53, 4, 34, 0, 20, 49, 9, 100, 0, 2
21, 98, 27, 71, 57, 35, 27, 0, 6, 22, 0, 60, 21, 95, 100, 100, 5
35, 100, 0, 67, 4, 19, 52, 0, 100, 18, 100, 66, 60, 97, 10, 89, 0
0, 97, 51, 100, 82, 86, 84, 65, 90, 45, 100, 25, 82, 8, 35, 0, 3
74, 100, 51, 90, 0, 70, 18, 55, 84, 42, 100, 45, 60, 22, 23, 0, 4
21, 100, 8, 82, 0, 63, 11, 46, 39, 36, 73, 30, 100, 18, 100, 0, 4
100, 76, 53, 55, 15, 73, 51, 100, 91, 81, 83, 44, 52, 12, 0, 0, 9
97, 91, 0, 94, 19, 58, 68, 22, 12, 0, 20, 37, 81, 70, 100, 100, 8
0, 98, 35, 100, 61, 76, 57, 37, 42, 0, 31, 24, 64, 39, 100, 48, 7
34, 91, 0, 72, 5, 22, 45, 0, 90, 16, 100, 63, 69, 100, 24, 91, 0
4, 71, 54, 39, 31, 0, 0, 10, 46, 46, 100, 80, 80, 100, 2, 77, 8
76, 100, 100, 94, 88, 77, 76, 61, 60, 46, 40, 30, 20, 14, 0, 0, 1
0, 80, 22, 100, 57, 95, 46, 59, 25, 27, 31, 0, 67, 9, 100, 21, 2
0, 91, 42, 100, 71, 75, 59, 37, 51, 0, 27, 34, 50, 54, 100, 56, 7
46, 100, 18, 76, 0, 32, 29, 0, 77, 18, 100, 59, 75, 98, 23, 96, 0
50, 98, 22, 84, 0, 39, 25, 0, 78, 12, 100, 56, 83, 100, 27, 97, 0
0, 97, 43, 96, 87, 100, 100, 93, 70, 73, 42, 51, 19, 26, 17, 0, 7
27, 77, 60, 100, 100, 92, 70, 62, 97, 51, 92, 18, 49, 0, 0, 9, 3
63, 92, 100, 100, 77, 85, 54, 69, 34, 52, 17, 35, 3, 17, 0, 0, 1
67, 100, 22, 81, 0, 46, 12, 11, 64, 0, 100, 27, 94, 63, 77, 99, 0
78, 100, 37, 74, 0, 45, 58, 39, 100, 53, 81, 69, 70, 35, 65, 0, 4
22, 73, 64, 90, 16, 100, 38, 82, 87, 63, 100, 26, 52, 7, 0, 0, 9
34, 71, 46, 100, 54, 66, 32, 25, 0, 0, 21, 7, 61, 9, 100, 20, 2
12, 78, 40, 100, 44, 98, 44, 58, 44, 19, 0, 0, 44, 4, 100, 6, 1
19, 59, 22, 8, 60, 0, 92, 31, 100, 78, 65, 100, 27, 88, 0, 51, 0
2, 100, 51, 92, 58, 61, 51, 29, 29, 0, 0, 10, 38, 27, 100, 29, 7
33, 86, 62, 60, 88, 30, 64, 0, 31, 28, 0, 57, 21, 84, 100, 100, 5
100, 82, 56, 100, 51, 60, 69, 18, 22, 0, 0, 28, 48, 53, 96, 73, 8
13, 78, 40, 100, 53, 71, 32, 34, 0, 13, 25, 7, 62, 0, 100, 1, 2
11, 78, 0, 56, 53, 41, 46, 0, 3, 10, 4, 70, 46, 100, 100, 94, 5
45, 72, 73, 100, 85, 83, 51, 58, 10, 36, 0, 18, 48, 6, 100, 0, 2
24, 76, 0, 48, 25, 2, 83, 0, 100, 50, 82, 100, 28, 84, 8, 34, 0
0, 59, 46, 83, 62, 100, 57, 64, 55, 27, 25, 0, 36, 3, 100, 1, 1
42, 79, 53, 42, 42, 0, 0, 2, 38, 38, 89, 70, 100, 100, 39, 75, 8
6, 100, 54, 96, 81, 56, 64, 6, 36, 0, 0, 38, 51, 35, 100, 32, 7
44, 64, 60, 100, 97, 83, 77, 43, 39, 11, 0, 13, 51, 23, 100, 0, 2
38, 68, 68, 100, 66, 82, 62, 44, 55, 7, 0, 0, 57, 3, 100, 7, 1
0, 50, 42, 72, 81, 95, 100, 100, 88, 75, 69, 50, 49, 25, 32, 0, 1
100, 100, 62, 97, 39, 73, 46, 49, 84, 41, 71, 14, 34, 0, 0, 8, 5
29, 100, 12, 57, 42, 33, 26, 0, 0, 33, 11, 71, 53, 88, 100, 91, 5
16, 86, 70, 100, 85, 71, 51, 43, 100, 40, 97, 7, 37, 0, 0, 26, 3
23, 95, 85, 100, 49, 95, 20, 65, 70, 64, 100, 31, 57, 0, 0, 13, 5
55, 100, 0, 89, 28, 57, 69, 28, 35, 0, 24, 26, 59, 59, 100, 89, 8
0, 72, 29, 81, 89, 100, 100, 85, 79, 64, 54, 42, 36, 21, 32, 0, 1
11, 90, 1, 57, 0, 19, 41, 0, 84, 27, 100, 64, 87, 100, 35, 97, 0
100, 89, 36, 100, 19, 78, 87, 80, 74, 71, 100, 35, 69, 8, 0, 0, 9
30, 84, 43, 61, 100, 38, 64, 4, 0, 0, 6, 47, 25, 88, 90, 100, 5
100, 94, 43, 100, 31, 59, 91, 69, 100, 86, 98, 39, 65, 0, 0, 1, 9
56, 93, 0, 95, 60, 65, 100, 29, 49, 0, 9, 28, 39, 66, 37, 100, 8
61, 100, 0, 90, 53, 61, 100, 29, 56, 0, 9, 21, 50, 57, 86, 92, 8
100, 100, 56, 93, 29, 63, 13, 31, 28, 0, 74, 7, 46, 29, 0, 17, 6
19, 84, 63, 100, 100, 93, 60, 73, 74, 51, 96, 30, 50, 13, 0, 0, 3
0, 89, 56, 100, 95, 76, 72, 37, 47, 0, 10, 3, 32, 16, 100, 22, 7
100, 92, 61, 100, 31, 80, 20, 42, 58, 44, 73, 20, 38, 1, 0, 0, 5
10, 79, 14, 68, 85, 47, 64, 2, 0, 0, 0, 49, 12, 93, 100, 100, 5
53, 65, 100, 93, 31, 100, 0, 69, 71, 60, 100, 64, 67, 32, 32, 0, 9
6, 66, 32, 98, 55, 100, 44, 62, 30, 26, 0, 0, 50, 5, 100, 7, 1
100, 100, 52, 83, 17, 52, 2, 18, 40, 0, 81, 23, 55, 47, 0, 38, 6
58, 94, 80, 100, 81, 71, 73, 44, 100, 21, 75, 1, 31, 0, 0, 13, 3
0, 87, 53, 100, 87, 71, 73, 32, 38, 0, 2, 26, 35, 47, 100, 53, 7
100, 100, 53, 95, 53, 58, 67, 21, 20, 0, 0, 25, 53, 46, 94, 69, 8
100, 35, 94, 76, 62, 100, 22, 75, 0, 37, 18, 0, 58, 17, 71, 55, 0
42, 92, 85, 75, 83, 100, 47, 86, 99, 69, 100, 31, 54, 7, 0, 0, 9
21, 97, 27, 57, 82, 40, 50, 0, 0, 0, 0, 60, 41, 96, 100, 100, 5
80, 100, 33, 88, 73, 91, 82, 78, 97, 52, 100, 26, 57, 8, 0, 0, 9
0, 60, 5, 56, 52, 79, 100, 100, 81, 75, 67, 50, 57, 24, 71, 0, 1
0, 89, 39, 95, 100, 100, 100, 78, 74, 40, 57, 0, 28, 4, 69, 17, 7
45, 100, 34, 60, 47, 24, 16, 0, 0, 38, 20, 73, 59, 85, 100, 86, 5
87, 73, 57, 100, 12, 87, 0, 41, 27, 4, 73, 0, 100, 38, 94, 67, 0
49, 92, 8, 61, 0, 16, 56, 0, 97, 35, 100, 81, 51, 100, 28, 60, 0
25, 100, 0, 73, 16, 49, 72, 51, 100, 68, 89, 58, 79, 29, 74, 0, 4
5, 96, 72, 100, 69, 74, 51, 37, 49, 0, 0, 27, 48, 36, 100, 39, 7
0, 53, 28, 58, 64, 79, 100, 100, 81, 77, 58, 52, 37, 26, 19, 0, 1
60, 100, 8, 78, 0, 45, 80, 42, 100, 65, 72, 78, 66, 39, 70, 0, 4
42, 100, 26, 84, 0, 51, 47, 39, 99, 62, 100, 65, 68, 34, 53, 0, 4
36, 86, 91, 100, 61, 91, 21, 65, 58, 48, 100, 27, 59, 4, 0, 0, 5
18, 82, 22, 100, 39, 68, 27, 30, 0, 1, 23, 8, 67, 0, 100, 20, 2
84, 100, 33, 78, 0, 50, 43, 34, 100, 45, 98, 57, 62, 30, 39, 0, 4
76, 100, 40, 87, 0, 68, 8, 56, 68, 45, 100, 42, 68, 21, 44, 0, 4
16, 78, 53, 100, 81, 76, 53, 46, 94, 46, 100, 15, 44, 0, 0, 14, 3
100, 100, 63, 98, 38, 91, 42, 66, 77, 56, 60, 34, 30, 16, 0, 0, 5
100, 100, 58, 92, 22, 68, 0, 39, 8, 7, 55, 0, 74, 28, 34, 48, 6
0, 38, 31, 56, 67, 77, 100, 100, 93, 91, 72, 62, 58, 32, 58, 0, 1
38, 50, 49, 98, 59, 100, 56, 50, 34, 7, 0, 9, 52, 4, 100, 0, 1
29, 71, 50, 100, 70, 77, 41, 49, 0, 28, 7, 18, 51, 4, 100, 0, 2
30, 70, 57, 100, 57, 80, 62, 45, 54, 12, 0, 2, 43, 2, 100, 0, 1
19, 97, 72, 100, 68, 73, 30, 51, 81, 42, 100, 17, 54, 2, 0, 0, 3
0, 93, 42, 100, 67, 55, 52, 0, 10, 2, 11, 27, 55, 36, 100, 39, 7
6, 95, 75, 100, 81, 65, 48, 27, 41, 0, 100, 24, 70, 45, 0, 49, 7
100, 100, 55, 93, 20, 71, 0, 43, 4, 11, 45, 0, 68, 24, 33, 42, 6
80, 100, 42, 78, 12, 46, 0, 10, 56, 0, 100, 22, 61, 49, 8, 33, 6
6, 95, 53, 100, 72, 68, 63, 33, 43, 0, 0, 20, 43, 40, 100, 48, 7
28, 94, 100, 100, 100, 96, 22, 90, 15, 58, 86, 51, 65, 0, 0, 8, 5
0, 81, 54, 71, 81, 100, 11, 97, 29, 74, 100, 82, 84, 41, 83, 0, 9
99, 83, 58, 100, 27, 67, 78, 65, 100, 84, 86, 41, 55, 4, 0, 0, 9
43, 78, 68, 40, 55, 1, 0, 0, 18, 37, 65, 65, 100, 99, 45, 100, 8
33, 70, 46, 100, 59, 80, 34, 48, 1, 21, 0, 2, 50, 0, 100, 6, 2
40, 63, 51, 100, 56, 89, 54, 51, 54, 14, 0, 0, 46, 1, 100, 5, 1
42, 93, 5, 61, 93, 54, 100, 14, 21, 0, 0, 41, 14, 83, 97, 100, 5
100, 100, 55, 80, 21, 54, 0, 26, 28, 0, 98, 5, 79, 26, 7, 19, 6
43, 61, 10, 23, 46, 0, 88, 31, 100, 76, 64, 100, 24, 67, 0, 25, 0
35, 100, 16, 80, 0, 45, 56, 45, 100, 53, 59, 81, 55, 40, 54, 0, 4
63, 89, 100, 100, 85, 96, 39, 88, 43, 64, 70, 32, 40, 0, 0, 9, 5
0, 43, 1, 33, 41, 0, 100, 15, 99, 63, 61, 100, 8, 75, 4, 28, 0
0, 53, 29, 81, 49, 100, 44, 66, 40, 31, 25, 0, 54, 5, 100, 6, 1
23, 80, 60, 100, 100, 88, 81, 61, 43, 40, 0, 23, 11, 5, 64, 0, 2
84, 88, 39, 100, 3, 68, 0, 27, 41, 0, 91, 15, 100, 54, 84, 94, 0
0, 80, 44, 100, 47, 91, 47, 58, 48, 24, 16, 0, 27, 1, 100, 3, 1
50, 82, 8, 61, 0, 15, 50, 0, 95, 30, 100, 77, 59, 100, 23, 64, 0
37, 82, 57, 100, 53, 65, 30, 36, 0, 16, 30, 0, 66, 2, 100, 19, 2
0, 86, 39, 100, 89, 95, 73, 74, 70, 52, 100, 33, 100, 13, 50, 0, 3
0, 75, 33, 89, 77, 100, 79, 72, 61, 37, 55, 0, 55, 20, 100, 27, 7
19, 92, 0, 51, 17, 7, 64, 0, 100, 29, 91, 77, 50, 100, 4, 87, 0
0, 100, 40, 68, 79, 35, 72, 0, 49, 23, 74, 59, 100, 94, 43, 86, 8
12, 91, 0, 50, 65, 45, 67, 0, 13, 9, 4, 65, 31, 100, 100, 99, 5
66, 100, 31, 74, 6, 47, 0, 20, 41, 0, 100, 16, 84, 36, 16, 23, 6
26, 83, 26, 14, 66, 3, 100, 47, 89, 100, 45, 86, 6, 47, 0, 0, 0
84, 88, 100, 100, 70, 73, 46, 47, 32, 19, 51, 0, 41, 25, 0, 8, 6
0, 96, 9, 97, 50, 100, 47, 64, 22, 32, 19, 0, 60, 5, 100, 19, 2
100, 100, 78, 98, 34, 69, 6, 36, 15, 1, 77, 0, 68, 32, 0, 28, 6
100, 100, 45, 87, 12, 59, 0, 26, 27, 0, 87, 8, 87, 37, 27, 31, 6
100, 100, 45, 91, 7, 63, 0, 30, 33, 1, 89, 0, 63, 28, 7, 31, 6
0, 32, 33, 41, 62, 64, 85, 94, 100, 100, 85, 66, 70, 34, 57, 0, 1
100, 89, 55, 100, 17, 72, 0, 31, 26, 0, 67, 22, 40, 48, 13, 21, 6
36, 88, 6, 47, 9, 0, 63, 7, 100, 44, 100, 88, 48, 100, 0, 73, 0
24, 91, 7, 61, 54, 36, 37, 0, 6, 23, 0, 76, 39, 100, 100, 95, 5
79, 100, 47, 89, 0, 70, 24, 56, 87, 45, 100, 43, 60, 22, 28, 0, 4
100, 100, 52, 87, 16, 61, 0, 29, 22, 0, 73, 10, 65, 40, 10, 46, 6
2, 79, 32, 100, 52, 70, 39, 36, 12, 6, 0, 7, 50, 7, 100, 0, 2
23, 81, 61, 100, 92, 91, 58, 62, 81, 39, 100, 17, 51, 4, 0, 0, 3
100, 94, 55, 100, 21, 84, 0, 55, 45, 62, 71, 40, 51, 11, 8, 0, 5
30, 100, 10, 85, 0, 66, 0, 48, 27, 34, 65, 28, 96, 18, 100, 0, 4
45, 96, 0, 68, 48, 62, 52, 12, 6, 0, 20, 54, 45, 100, 100, 99, 5
36, 92, 7, 77, 0, 30, 35, 0, 81, 15, 100, 58, 76, 99, 27, 100, 0
52, 100, 20, 70, 0, 29, 34, 0, 82, 18, 100, 60, 69, 94, 16, 86, 0
0, 90, 41, 100, 69, 86, 59, 64, 45, 43, 33, 22, 49, 3, 100, 0, 2
0, 79, 31, 100, 79, 95, 51, 66, 82, 50, 100, 21, 58, 0, 12, 12, 3
10, 76, 0, 34, 26, 0, 69, 9, 100, 42, 97, 84, 57, 100, 14, 87, 0
31, 100, 0, 74, 52, 36, 48, 0, 0, 18, 52, 56, 100, 94, 19, 94, 8
0, 96, 51, 100, 58, 78, 38, 56, 13, 35, 0, 14, 42, 1, 100, 0, 2
31, 100, 0, 81, 21, 58, 100, 62, 74, 88, 54, 80, 58, 40, 66, 0, 4
0, 80, 37, 100, 82, 95, 68, 63, 79, 47, 100, 17, 67, 0, 22, 9, 3
100, 100, 93, 85, 67, 72, 47, 58, 27, 42, 7, 28, 0, 14, 13, 0, 1
2, 66, 26, 100, 78, 99, 77, 64, 41, 34, 0, 7, 47, 3, 100, 0, 2
14, 67, 0, 30, 26, 0, 70, 16, 100, 48, 96, 85, 53, 100, 7, 87, 0
97, 66, 100, 100, 53, 84, 59, 43, 50, 4, 0, 0, 25, 36, 83, 57, 8
0, 75, 24, 100, 50, 84, 41, 44, 19, 14, 35, 0, 67, 0, 100, 0, 2
80, 94, 33, 100, 47, 57, 96, 85, 87, 92, 100, 44, 76, 0, 0, 19, 9
47, 68, 59, 100, 100, 94, 81, 56, 47, 23, 0, 3, 45, 9, 99, 0, 2
90, 79, 70, 100, 0, 74, 51, 37, 100, 0, 22, 10, 56, 50, 79, 87, 8
65, 90, 73, 100, 86, 75, 72, 50, 100, 29, 79, 8, 38, 0, 0, 6, 3
36, 70, 68, 100, 67, 89, 57, 49, 36, 13, 0, 0, 50, 5, 100, 8, 1
89, 100, 80, 97, 44, 61, 44, 20, 99, 0, 100, 31, 40, 46, 0, 29, 6
25, 95, 18, 52, 59, 29, 22, 0, 0, 16, 18, 66, 52, 99, 100, 100, 5
100, 100, 55, 94, 17, 64, 0, 32, 17, 0, 88, 2, 64, 22, 24, 13, 6
100, 93, 66, 100, 40, 81, 39, 51, 76, 45, 72, 14, 37, 0, 0, 4, 5
0, 25, 35, 48, 64, 75, 97, 100, 100, 88, 81, 59, 61, 29, 43, 0, 1
83, 66, 46, 100, 0, 73, 37, 46, 81, 78, 100, 34, 64, 0, 6, 3, 9
15, 75, 33, 100, 58, 79, 35, 46, 0, 19, 7, 20, 52, 0, 100, 7, 2
100, 72, 74, 100, 35, 73, 65, 53, 84, 65, 90, 25, 55, 0, 0, 2, 9
28, 81, 59, 100, 72, 73, 43, 55, 96, 48, 100, 16, 50, 0, 0, 10, 3
29, 95, 0, 63, 4, 19, 52, 0, 96, 23, 100, 68, 66, 100, 16, 87, 0
20, 85, 23, 62, 55, 30, 18, 0, 0, 22, 0, 57, 29, 88, 100, 100, 5
31, 100, 0, 85, 0, 52, 31, 29, 100, 35, 74, 65, 60, 33, 52, 0, 4
0, 63, 8, 86, 53, 100, 100, 96, 73, 73, 46, 49, 26, 25, 19, 0, 7
52, 83, 80, 100, 100, 80, 71, 55, 94, 45, 91, 17, 49, 0, 0, 8, 3
0, 61, 28, 82, 48, 100, 50, 62, 46, 25, 9, 0, 48, 2, 100, 4, 1
55, 100, 30, 74, 0, 45, 37, 38, 85, 55, 100, 62, 81, 30, 64, 0, 4
80, 76, 47, 100, 5, 72, 62, 64, 75, 72, 100, 29, 64, 0, 0, 2, 9
0, 68, 31, 77, 81, 100, 94, 96, 88, 71, 81, 48, 81, 24, 100, 0, 1
0, 38, 32, 56, 66, 78, 99, 100, 100, 91, 81, 60, 62, 31, 46, 0, 1
100, 95, 84, 100, 40, 77, 6, 47, 0, 12, 49, 0, 77, 27, 30, 47, 6
100, 100, 83, 86, 70, 71, 53, 57, 37, 43, 20, 29, 7, 14, 0, 0, 1
98, 100, 51, 87, 15, 59, 0, 29, 22, 0, 100, 6, 85, 34, 10, 49, 6
88, 68, 59, 100, 14, 83, 58, 66, 88, 63, 100, 23, 58, 0, 0, 6, 9
41, 100, 0, 74, 9, 26, 49, 0, 93, 22, 100, 69, 61, 98, 10, 91, 0
0, 81, 35, 92, 100, 100, 95, 70, 73, 32, 67, 0, 34, 20, 96, 31, 7
100, 93, 90, 100, 70, 83, 60, 67, 40, 50, 30, 33, 10, 17, 0, 0, 1
8, 98, 17, 58, 71, 44, 40, 0, 2, 27, 0, 78, 33, 100, 100, 99, 5
52, 81, 74, 100, 97, 89, 69, 66, 100, 46, 95, 20, 57, 0, 0, 2, 3
0, 89, 34, 100, 59, 81, 42, 53, 22, 26, 24, 0, 70, 7, 100, 14, 2
100, 86, 15, 100, 0, 70, 98, 37, 81, 0, 35, 26, 92, 65, 81, 93, 8
49, 84, 100, 100, 83, 93, 30, 78, 57, 68, 87, 35, 53, 0, 0, 8, 5
75, 100, 58, 75, 38, 47, 30, 18, 62, 0, 100, 13, 50, 16, 0, 10, 6
29, 100, 0, 62, 1, 18, 50, 0, 96, 27, 100, 69, 54, 95, 2, 80, 0
100, 96, 32, 100, 43, 66, 93, 32, 58, 0, 0, 20, 22, 59, 64, 94, 8
13, 71, 38, 100, 63, 82, 38, 47, 0, 21, 8, 20, 54, 0, 100, 14, 2
0, 87, 45, 72, 100, 100, 27, 100, 30, 73, 97, 83, 89, 41, 91, 0, 9
45, 87, 56, 67, 51, 25, 0, 0, 5, 35, 53, 68, 100, 100, 47, 98, 8
54, 84, 81, 100, 91, 79, 66, 55, 100, 39, 86, 12, 42, 0, 0, 14, 3
15, 67, 40, 100, 60, 86, 36, 52, 0, 23, 3, 3, 56, 0, 100, 19, 2
29, 84, 0, 54, 15, 8, 63, 0, 100, 32, 91, 79, 48, 100, 3, 81, 0
5, 91, 0, 49, 50, 37, 17, 0, 2, 35, 5, 85, 40, 100, 100, 100, 5
100, 95, 40, 100, 31, 63, 73, 29, 45, 0, 0, 17, 45, 49, 94, 81, 8
100, 100, 68, 82, 32, 56, 0, 36, 55, 29, 85, 56, 72, 32, 83, 0, 4
0, 73, 33, 81, 89, 100, 100, 85, 92, 63, 78, 41, 58, 20, 28, 0, 1
25, 50, 17, 11, 58, 0, 90, 27, 100, 65, 80, 99, 36, 100, 0, 75, 0
2, 74, 7, 43, 62, 33, 41, 0, 0, 3, 4, 50, 48, 79, 100, 100, 5
10, 67, 30, 37, 16, 3, 0, 0, 12, 36, 22, 73, 55, 94, 100, 100, 5
90, 88, 31, 100, 31, 62, 90, 76, 97, 79, 100, 33, 59, 0, 0, 23, 9
53, 62, 70, 73, 77, 100, 70, 75, 63, 48, 35, 22, 0, 5, 100, 0, 1
20, 100, 6, 54, 59, 38, 49, 0, 11, 4, 0, 48, 41, 79, 100, 93, 5
100, 47, 85, 86, 43, 100, 7, 73, 0, 28, 31, 0, 70, 22, 78, 61, 0
67, 94, 17, 100, 43, 67, 98, 94, 93, 81, 100, 39, 74, 0, 0, 6, 9
27, 82, 68, 100, 100, 89, 65, 65, 88, 41, 97, 17, 49, 5, 0, 0, 3
0, 95, 38, 100, 62, 70, 56, 32, 46, 0, 32, 37, 57, 48, 100, 51, 7
18, 75, 49, 100, 96, 93, 72, 62, 100, 49, 95, 15, 46, 0, 0, 15, 3
44, 84, 33, 59, 88, 39, 56, 0, 6, 12, 0, 65, 40, 97, 100, 100, 5
0, 94, 42, 100, 66, 71, 59, 35, 42, 0, 14, 26, 54, 37, 100, 36, 7
0, 56, 7, 86, 34, 100, 84, 96, 100, 83, 74, 57, 50, 29, 38, 0, 7
0, 65, 20, 81, 65, 100, 100, 98, 89, 74, 76, 50, 65, 24, 63, 0, 1
100, 100, 69, 94, 28, 66, 0, 33, 7, 0, 72, 3, 79, 32, 11, 33, 6
4, 69, 57, 50, 46, 6, 0, 0, 46, 40, 100, 77, 82, 100, 5, 72, 8
100, 100, 57, 97, 22, 68, 0, 37, 11, 5, 92, 0, 92, 28, 3, 25, 6
22, 70, 46, 96, 100, 100, 86, 72, 68, 47, 90, 20, 47, 0, 0, 8, 3
100, 99, 32, 100, 23, 64, 93, 33, 75, 0, 0, 21, 39, 58, 79, 94, 8
72, 100, 66, 68, 93, 98, 44, 83, 90, 74, 100, 30, 60, 0, 0, 9, 9
0, 91, 53, 100, 71, 89, 53, 45, 49, 0, 18, 20, 37, 37, 100, 37, 7
100, 95, 63, 100, 37, 91, 31, 63, 81, 55, 89, 32, 46, 14, 0, 0, 5
19, 100, 8, 57, 21, 18, 66, 0, 100, 29, 79, 66, 30, 78, 0, 47, 0
71, 81, 2, 86, 65, 45, 100, 0, 0, 2, 20, 50, 87, 91, 38, 100, 8
49, 83, 99, 100, 94, 92, 49, 67, 61, 44, 100, 23, 55, 0, 0, 0, 5
65, 100, 4, 79, 73, 52, 100, 17, 31, 0, 0, 35, 49, 68, 69, 97, 8
0, 62, 33, 90, 46, 100, 48, 64, 55, 27, 30, 5, 44, 0, 100, 5, 1
56, 100, 15, 71, 0, 29, 34, 0, 79, 21, 100, 62, 75, 97, 26, 83, 0
37, 84, 0, 53, 7, 11, 64, 0, 100, 35, 100, 78, 50, 100, 7, 69, 0
37, 100, 0, 73, 30, 49, 100, 51, 86, 76, 57, 75, 47, 38, 44, 0, 4
42, 75, 62, 57, 100, 25, 42, 0, 0, 26, 33, 60, 76, 92, 42, 100, 8
100, 100, 59, 83, 31, 63, 11, 42, 0, 20, 17, 0, 69, 8, 48, 24, 6
77, 94, 31, 100, 52, 86, 92, 96, 94, 62, 100, 28, 71, 0, 0, 0, 9
26, 100, 12, 55, 19, 11, 67, 0, 100, 36, 79, 75, 26, 79, 0, 39, 0
86, 88, 61, 100, 49, 71, 95, 80, 100, 60, 95, 22, 51, 0, 0, 2, 9
30, 83, 69, 100, 66, 65, 38, 35, 0, 12, 4, 7, 52, 8, 100, 0, 2
0, 92, 43, 100, 78, 76, 81, 32, 58, 0, 26, 1, 56, 31, 100, 43, 7
30, 100, 9, 74, 0, 47, 50, 36, 100, 56, 94, 52, 70, 26, 62, 0, 4
81, 100, 6, 97, 38, 62, 100, 30, 58, 0, 0, 22, 42, 61, 96, 96, 8
65, 56, 100, 84, 48, 100, 0, 76, 45, 59, 77, 61, 42, 30, 19, 0, 9
100, 89, 57, 56, 6, 63, 37, 100, 94, 92, 92, 50, 61, 12, 0, 0, 9
100, 97, 80, 100, 46, 99, 36, 73, 62, 63, 53, 42, 26, 21, 0, 0, 5
0, 63, 20, 100, 57, 88, 45, 47, 14, 14, 8, 0, 53, 8, 100, 3, 2
17, 74, 42, 100, 100, 98, 73, 70, 86, 51, 95, 24, 53, 0, 0, 3, 3
14, 71, 72, 93, 100, 100, 77, 71, 53, 43, 28, 16, 0, 0, 91, 2, 1
37, 94, 72, 100, 100, 93, 76, 74, 59, 51, 60, 25, 34, 8, 0, 0, 3
56, 100, 38, 69, 0, 41, 44, 38, 100, 40, 95, 68, 80, 34, 74, 0, 4
19, 100, 0, 61, 10, 20, 53, 0, 93, 25, 100, 66, 67, 98, 19, 87, 0
28, 81, 71, 63, 100, 26, 32, 0, 0, 28, 42, 64, 85, 100, 12, 87, 8
14, 96, 0, 62, 53, 40, 65, 0, 26, 3, 17, 54, 33, 97, 100, 100, 5
0, 73, 59, 85, 100, 100, 84, 80, 72, 60, 59, 40, 50, 20, 53, 0, 1
100, 100, 59, 84, 28, 56, 13, 26, 41, 0, 100, 9, 54, 22, 0, 6, 6
0, 83, 47, 97, 100, 100, 96, 68, 72, 35, 56, 0, 52, 27, 86, 43, 7
10, 67, 42, 100, 43, 97, 45, 58, 48, 19, 0, 0, 42, 3, 100, 2, 1
11, 90, 0, 41, 31, 0, 82, 0, 100, 46, 77, 92, 30, 100, 3, 58, 0
0, 86, 26, 100, 55, 96, 57, 68, 45, 41, 42, 12, 68, 1, 100, 0, 2
5, 85, 56, 100, 82, 78, 38, 55, 52, 48, 100, 29, 63, 5, 0, 0, 3
0, 82, 40, 100, 92, 98, 100, 66, 83, 33, 65, 0, 35, 26, 81, 32, 7
42, 84, 80, 85, 52, 100, 67, 81, 100, 57, 85, 22, 44, 5, 0, 0, 9
16, 95, 100, 100, 22, 92, 2, 65, 24, 47, 96, 39, 75, 0, 0, 2, 5
0, 63, 15, 63, 58, 81, 100, 100, 94, 81, 67, 54, 41, 28, 16, 0, 1
49, 89, 71, 59, 98, 23, 38, 0, 18, 33, 60, 67, 100, 100, 0, 94, 8
1, 83, 45, 100, 100, 93, 67, 66, 66, 50, 96, 23, 62, 0, 0, 5, 3
0, 88, 45, 100, 100, 99, 96, 76, 69, 54, 69, 29, 69, 5, 18, 0, 3
86, 95, 9, 96, 27, 61, 100, 31, 64, 0, 0, 24, 55, 61, 93, 100, 8
63, 88, 87, 80, 71, 100, 71, 78, 100, 61, 99, 21, 52, 0, 0, 12, 9
50, 83, 74, 47, 90, 0, 41, 4, 59, 49, 100, 85, 47, 100, 0, 71, 8
35, 70, 75, 47, 75, 10, 0, 0, 18, 36, 68, 68, 100, 100, 23, 79, 8
8, 67, 51, 37, 22, 0, 9, 24, 53, 58, 100, 92, 59, 100, 0, 74, 8
83, 89, 36, 100, 45, 59, 92, 84, 92, 75, 100, 28, 58, 0, 0, 19, 9
0, 100, 59, 100, 81, 88, 60, 45, 52, 0, 31, 7, 24, 32, 100, 33, 7
77, 81, 14, 100, 23, 66, 79, 34, 67, 0, 0, 14, 47, 48, 100, 80, 8
95, 100, 54, 94, 67, 54, 61, 14, 15, 0, 0, 38, 46, 58, 100, 72, 8
56, 100, 27, 79, 0, 39, 12, 0, 66, 15, 100, 51, 93, 93, 38, 93, 0
65, 100, 24, 84, 0, 48, 9, 10, 61, 0, 100, 24, 58, 47, 2, 46, 6
65, 100, 25, 93, 0, 56, 11, 16, 60, 0, 100, 20, 50, 28, 9, 1, 6
100, 100, 63, 94, 20, 73, 13, 44, 70, 47, 89, 19, 46, 0, 0, 7, 5
35, 98, 76, 100, 80, 72, 67, 54, 100, 34, 77, 9, 35, 0, 0, 7, 3
31, 88, 6, 58, 14, 13, 64, 0, 100, 33, 96, 77, 49, 100, 0, 81, 0
51, 91, 86, 100, 70, 66, 43, 34, 8, 6, 0, 11, 49, 10, 100, 0, 2
76, 70, 32, 100, 10, 71, 85, 41, 100, 4, 4, 0, 0, 39, 54, 73, 8
36, 100, 3, 76, 0, 32, 27, 0, 70, 6, 100, 37, 91, 76, 49, 70, 0
62, 76, 23, 100, 0, 67, 67, 35, 89, 0, 22, 22, 56, 60, 100, 96, 8
22, 72, 34, 100, 62, 73, 38, 35, 0, 8, 5, 0, 53, 3, 100, 8, 2
7, 100, 0, 77, 0, 55, 20, 33, 96, 42, 87, 45, 85, 22, 100, 0, 4
77, 87, 87, 57, 100, 19, 13, 0, 28, 35, 83, 69, 94, 100, 0, 79, 8
79, 89, 100, 100, 41, 96, 0, 74, 53, 66, 95, 51, 74, 24, 39, 0, 9
48, 100, 16, 79, 0, 46, 12, 12, 55, 0, 100, 10, 75, 29, 33, 16, 6
1, 90, 0, 54, 20, 16, 68, 0, 100, 31, 99, 71, 61, 100, 26, 75, 0
35, 100, 26, 74, 0, 47, 54, 38, 100, 48, 91, 58, 84, 29, 74, 0, 4
20, 80, 54, 100, 100, 95, 74, 65, 83, 41, 93, 9, 47, 0, 0, 2, 3
32, 59, 70, 77, 98, 100, 100, 83, 87, 58, 79, 33, 57, 9, 0, 0, 1
37, 90, 4, 97, 35, 57, 100, 22, 49, 0, 0, 33, 54, 72, 35, 100, 8
0, 97, 54, 100, 84, 70, 76, 35, 59, 0, 35, 15, 33, 39, 100, 41, 7
0, 72, 50, 85, 100, 100, 91, 81, 77, 60, 55, 38, 38, 18, 34, 0, 1
0, 96, 37, 100, 100, 89, 86, 43, 55, 0, 30, 0, 10, 38, 75, 41, 7
100, 71, 41, 62, 0, 83, 52, 100, 98, 80, 92, 49, 67, 19, 19, 0, 9
63, 100, 31, 66, 0, 31, 28, 22, 94, 30, 100, 68, 82, 38, 81, 0, 4
23, 100, 14, 76, 11, 41, 94, 35, 100, 51, 52, 71, 24, 35, 0, 0, 4
58, 81, 49, 74, 85, 95, 38, 100, 88, 73, 100, 35, 67, 0, 0, 0, 9
50, 81, 74, 100, 100, 75, 75, 43, 36, 20, 0, 28, 47, 23, 84, 0, 2
30, 93, 34, 78, 75, 100, 18, 95, 79, 75, 100, 37, 72, 5, 0, 0, 9
7, 32, 37, 53, 73, 75, 100, 100, 73, 78, 48, 52, 23, 26, 0, 0, 1
0, 69, 52, 60, 100, 77, 74, 100, 23, 89, 47, 69, 55, 36, 51, 0, 9
0, 100, 67, 100, 100, 80, 70, 43, 42, 4, 12, 0, 23, 30, 92, 35, 7
0, 42, 29, 62, 66, 82, 100, 100, 77, 76, 55, 51, 38, 25, 23, 0, 1
19, 92, 86, 100, 75, 99, 2, 84, 37, 68, 100, 50, 72, 16, 0, 0, 5
22, 73, 0, 49, 15, 0, 74, 10, 100, 56, 68, 100, 14, 87, 1, 36, 0
26, 82, 68, 100, 100, 82, 72, 52, 70, 46, 90, 20, 48, 0, 0, 9, 3
0, 90, 61, 100, 85, 83, 44, 64, 51, 48, 100, 32, 63, 13, 5, 0, 3
69, 100, 52, 50, 100, 65, 64, 93, 82, 70, 96, 49, 61, 0, 0, 4, 9
79, 89, 57, 100, 65, 89, 100, 91, 83, 62, 59, 36, 32, 13, 0, 0, 9
6, 85, 55, 100, 70, 81, 32, 55, 68, 43, 100, 20, 56, 0, 0, 1, 3
0, 82, 38, 100, 67, 79, 59, 39, 41, 0, 34, 16, 58, 40, 100, 51, 7
0, 70, 19, 100, 43, 77, 36, 44, 13, 15, 11, 15, 57, 14, 100, 0, 2
0, 76, 28, 100, 48, 75, 34, 43, 11, 13, 16, 0, 57, 3, 100, 3, 2
0, 79, 26, 100, 55, 76, 37, 31, 16, 0, 11, 40, 55, 52, 100, 62, 7
0, 89, 34, 100, 61, 85, 52, 60, 66, 37, 100, 21, 86, 4, 44, 0, 3
0, 58, 44, 39, 75, 9, 55, 0, 25, 30, 15, 63, 49, 90, 100, 100, 5
91, 73, 55, 100, 0, 73, 49, 37, 83, 0, 17, 7, 56, 44, 100, 77, 8
0, 87, 64, 100, 100, 81, 74, 48, 41, 16, 3, 0, 9, 27, 78, 36, 7
13, 100, 17, 79, 0, 52, 56, 55, 100, 65, 93, 53, 77, 27, 73, 0, 4
0, 60, 37, 78, 79, 96, 100, 100, 79, 75, 59, 50, 40, 25, 22, 0, 1
26, 100, 85, 99, 89, 65, 59, 31, 37, 0, 0, 31, 23, 48, 100, 49, 7
92, 88, 69, 100, 60, 61, 100, 82, 97, 73, 70, 34, 38, 0, 0, 0, 9
62, 99, 0, 92, 32, 50, 100, 24, 67, 0, 1, 19, 38, 64, 48, 100, 8
44, 100, 29, 67, 0, 31, 32, 15, 100, 16, 99, 52, 89, 40, 82, 0, 4
15, 79, 50, 100, 74, 78, 39, 52, 82, 42, 100, 14, 54, 0, 0, 4, 3
55, 100, 22, 90, 0, 54, 12, 16, 58, 4, 100, 20, 56, 25, 18, 0, 6
0, 82, 24, 100, 53, 87, 57, 59, 47, 33, 32, 7, 62, 0, 100, 1, 2
52, 80, 82, 100, 89, 72, 52, 47, 98, 33, 100, 9, 50, 1, 0, 0, 3
100, 100, 53, 80, 22, 50, 5, 16, 46, 0, 92, 19, 51, 33, 0, 19, 6
39, 88, 47, 100, 82, 81, 59, 54, 24, 32, 0, 7, 48, 0, 100, 1, 2
0, 69, 26, 100, 54, 67, 45, 23, 5, 0, 6, 0, 53, 0, 100, 1, 2
23, 100, 3, 93, 0, 61, 59, 43, 100, 57, 76, 61, 41, 32, 20, 0, 4
69, 90, 33, 61, 75, 16, 12, 0, 0, 38, 77, 59, 100, 100, 20, 95, 8
61, 88, 98, 100, 100, 95, 62, 89, 32, 64, 56, 33, 38, 3, 0, 0, 5
0, 88, 61, 68, 100, 90, 14, 100, 24, 79, 80, 54, 46, 25, 3, 0, 9
19, 86, 63, 100, 89, 80, 51, 57, 72, 37, 100, 14, 49, 0, 0, 2, 3
50, 100, 63, 96, 30, 65, 0, 36, 13, 8, 85, 22, 100, 30, 80, 0, 4
100, 100, 54, 83, 23, 56, 5, 24, 32, 0, 77, 11, 46, 34, 0, 28, 6
42, 100, 0, 79, 24, 56, 91, 58, 100, 83, 75, 61, 60, 31, 49, 0, 4
0, 79, 42, 100, 57, 68, 50, 31, 53, 0, 24, 32, 44, 50, 100, 53, 7
35, 96, 12, 50, 51, 38, 52, 0, 0, 2, 10, 53, 37, 95, 100, 100, 5
80, 100, 24, 98, 28, 70, 92, 91, 94, 86, 100, 50, 70, 18, 0, 0, 9
0, 78, 35, 100, 74, 86, 42, 55, 57, 31, 100, 8, 58, 0, 8, 8, 3
23, 93, 30, 64, 90, 36, 59, 0, 12, 12, 0, 54, 13, 91, 100, 100, 5
0, 96, 47, 100, 71, 70, 67, 35, 58, 0, 100, 1, 74, 17, 19, 18, 7
27, 100, 8, 73, 0, 45, 11, 17, 51, 0, 100, 3, 82, 20, 37, 9, 6
6, 79, 49, 100, 100, 97, 79, 67, 40, 43, 0, 18, 32, 1, 91, 0, 2
52, 87, 100, 100, 92, 95, 44, 77, 71, 51, 94, 22, 47, 0, 0, 5, 5
51, 85, 83, 100, 100, 90, 81, 66, 73, 40, 73, 16, 39, 2, 0, 0, 3
0, 82, 9, 59, 56, 34, 41, 0, 10, 30, 3, 67, 42, 96, 100, 100, 5
3, 71, 0, 95, 45, 100, 100, 99, 79, 78, 48, 53, 31, 24, 54, 0, 7
100, 83, 25, 100, 16, 67, 58, 28, 12, 0, 0, 33, 65, 65, 89, 91, 8
0, 100, 52, 94, 74, 60, 71, 23, 55, 0, 9, 21, 43, 31, 100, 31, 7
83, 95, 6, 100, 20, 65, 100, 38, 83, 0, 0, 12, 12, 55, 36, 95, 8
18, 75, 51, 100, 65, 72, 41, 35, 8, 3, 0, 0, 50, 6, 100, 15, 2
0, 82, 33, 100, 77, 89, 87, 57, 72, 25, 53, 0, 51, 27, 100, 24, 7
11, 72, 45, 100, 100, 98, 90, 60, 49, 31, 0, 10, 15, 2, 74, 0, 2
18, 89, 100, 100, 53, 93, 10, 64, 53, 77, 96, 52, 68, 21, 0, 0, 5
6, 91, 55, 100, 58, 90, 49, 64, 88, 42, 100, 12, 51, 0, 0, 4, 3
0, 52, 34, 63, 66, 82, 100, 100, 94, 78, 78, 52, 62, 26, 55, 0, 1
13, 88, 0, 53, 17, 13, 67, 0, 100, 31, 91, 72, 51, 100, 5, 86, 0
2, 90, 60, 100, 100, 72, 72, 36, 40, 0, 88, 12, 79, 29, 0, 31, 7
11, 55, 13, 10, 51, 0, 85, 29, 100, 70, 72, 100, 30, 90, 0, 58, 0
0, 91, 39, 100, 72, 90, 79, 69, 92, 50, 100, 31, 89, 12, 52, 0, 3
100, 86, 43, 100, 0, 74, 45, 38, 66, 0, 36, 25, 63, 64, 90, 94, 8
78, 100, 26, 100, 0, 64, 3, 24, 46, 0, 93, 18, 100, 59, 87, 97, 0
0, 98, 55, 98, 100, 100, 72, 63, 52, 23, 40, 0, 31, 35, 86, 40, 7
67, 100, 28, 75, 2, 48, 0, 19, 46, 0, 100, 15, 67, 39, 7, 41, 6
0, 89, 15, 100, 56, 97, 39, 64, 12, 33, 12, 2, 57, 0, 100, 11, 2
58, 100, 15, 81, 0, 34, 32, 0, 81, 6, 100, 49, 77, 92, 29, 94, 0
47, 79, 16, 68, 0, 30, 27, 0, 74, 12, 100, 46, 94, 86, 51, 100, 0
0, 71, 47, 85, 100, 100, 100, 81, 84, 61, 66, 41, 47, 20, 31, 0, 1
0, 49, 37, 66, 71, 87, 100, 100, 87, 75, 75, 50, 61, 25, 51, 0, 1
38, 85, 73, 100, 100, 86, 68, 65, 87, 42, 81, 15, 42, 0, 0, 12, 3
82, 100, 100, 86, 88, 71, 59, 57, 35, 44, 24, 29, 6, 14, 0, 0, 1
19, 92, 0, 57, 64, 39, 64, 0, 5, 11, 13, 62, 30, 100, 100, 99, 5
31, 100, 12, 74, 0, 46, 55, 42, 100, 51, 78, 59, 78, 29, 83, 0, 4
90, 88, 43, 100, 15, 69, 67, 66, 86, 66, 100, 27, 59, 3, 0, 0, 9
100, 100, 51, 82, 17, 55, 0, 24, 32, 0, 83, 14, 77, 43, 25, 39, 6
21, 100, 15, 75, 0, 45, 58, 42, 92, 50, 88, 61, 89, 30, 100, 0, 4
22, 100, 16, 99, 0, 70, 11, 40, 78, 38, 100, 61, 97, 30, 94, 0, 4
0, 67, 42, 98, 63, 100, 53, 63, 48, 27, 10, 1, 15, 0, 100, 0, 1
63, 100, 24, 88, 0, 73, 4, 57, 41, 45, 76, 32, 92, 16, 100, 0, 4
46, 73, 64, 100, 100, 89, 80, 57, 48, 26, 0, 0, 14, 14, 92, 11, 2
0, 85, 47, 96, 100, 100, 93, 82, 72, 59, 82, 33, 68, 9, 19, 0, 3
12, 77, 40, 100, 74, 85, 58, 55, 100, 40, 94, 14, 49, 2, 0, 0, 3
44, 100, 28, 82, 0, 52, 40, 32, 100, 33, 91, 65, 80, 33, 77, 0, 4
100, 98, 67, 100, 29, 76, 2, 44, 0, 8, 45, 0, 54, 32, 11, 50, 6
0, 61, 20, 91, 73, 100, 88, 76, 61, 58, 100, 32, 78, 2, 25, 0, 3
0, 94, 63, 100, 100, 96, 81, 49, 82, 0, 44, 14, 11, 44, 89, 47, 7
64, 100, 38, 98, 0, 75, 23, 61, 85, 46, 100, 48, 69, 24, 43, 0, 4
