@relation penbased-1
@attribute At1 integer [0, 100]
@attribute At2 integer [0, 100]
@attribute At3 integer [0, 100]
@attribute At4 integer [0, 100]
@attribute At5 integer [0, 100]
@attribute At6 integer [0, 100]
@attribute At7 integer [0, 100]
@attribute At8 integer [0, 100]
@attribute At9 integer [0, 100]
@attribute At10 integer [0, 100]
@attribute At11 integer [0, 100]
@attribute At12 integer [0, 100]
@attribute At13 integer [0, 100]
@attribute At14 integer [0, 100]
@attribute At15 integer [0, 100]
@attribute At16 integer [0, 100]
@attribute Class {0, 1, 2, 3, 4, 5, 6, 7, 8, 9}
@inputs At1, At2, At3, At4, At5, At6, At7, At8, At9, At10, At11, At12, At13, At14, At15, At16
@outputs Class
@data
0, 100, 3, 72, 26, 35, 85, 35, 100, 71, 73, 97, 65, 49, 66, 0, 4
12, 77, 20, 62, 78, 40, 50, 0, 1, 17, 0, 64, 23, 98, 100, 100, 5
54, 100, 34, 75, 6, 43, 0, 11, 70, 0, 100, 28, 44, 46, 36, 21, 6
77, 97, 40, 100, 0, 59, 9, 29, 84, 33, 100, 64, 77, 44, 48, 0, 4
20, 82, 62, 100, 100, 81, 68, 54, 82, 50, 89, 19, 42, 0, 0, 13, 3
47, 93, 1, 67, 0, 16, 53, 0, 100, 32, 95, 81, 42, 100, 7, 62, 0
14, 91, 9, 52, 28, 10, 74, 0, 100, 38, 86, 81, 43, 100, 0, 80, 0
85, 100, 30, 84, 5, 54, 0, 22, 48, 0, 100, 21, 66, 47, 0, 37, 6
3, 66, 16, 100, 27, 69, 14, 32, 0, 0, 33, 5, 67, 10, 100, 11, 2
0, 52, 52, 83, 97, 100, 91, 55, 84, 10, 21, 0, 21, 7, 100, 7, 1
88, 80, 12, 80, 100, 100, 100, 91, 65, 68, 29, 46, 6, 23, 0, 0, 1
0, 70, 53, 88, 64, 100, 62, 78, 70, 57, 83, 36, 100, 14, 98, 0, 1
0, 78, 18, 96, 59, 95, 100, 100, 86, 82, 66, 56, 52, 29, 47, 0, 7
21, 92, 85, 100, 90, 67, 67, 34, 49, 0, 0, 26, 27, 43, 100, 42, 7
19, 86, 35, 72, 95, 94, 0, 100, 60, 78, 100, 52, 67, 26, 26, 0, 9
0, 97, 43, 100, 58, 62, 41, 17, 26, 0, 8, 36, 54, 34, 100, 33, 7
58, 100, 0, 89, 44, 53, 100, 21, 63, 0, 62, 36, 87, 80, 25, 91, 8
38, 92, 15, 72, 42, 44, 25, 0, 0, 8, 8, 61, 40, 93, 100, 100, 5
14, 55, 40, 61, 59, 100, 58, 62, 59, 21, 100, 14, 48, 5, 0, 0, 1
0, 82, 40, 100, 80, 80, 43, 53, 54, 45, 100, 25, 63, 0, 3, 4, 3
100, 100, 14, 90, 74, 55, 79, 97, 37, 62, 0, 39, 36, 0, 39, 44, 8
34, 79, 66, 100, 83, 72, 52, 51, 100, 49, 91, 13, 43, 0, 0, 14, 3
28, 75, 57, 100, 93, 82, 71, 51, 33, 26, 0, 0, 49, 5, 100, 16, 2
70, 100, 46, 70, 12, 38, 0, 25, 52, 29, 100, 41, 96, 38, 90, 0, 4
29, 88, 23, 57, 73, 40, 51, 0, 0, 13, 12, 58, 42, 94, 100, 100, 5
5, 85, 50, 100, 79, 77, 54, 50, 85, 44, 100, 22, 56, 2, 0, 0, 3
93, 100, 5, 96, 42, 65, 85, 32, 58, 0, 0, 14, 36, 47, 100, 74, 8
0, 83, 37, 100, 81, 90, 65, 61, 100, 45, 97, 15, 54, 0, 14, 7, 3
86, 78, 48, 100, 14, 72, 19, 35, 2, 0, 0, 29, 49, 59, 100, 88, 8
17, 96, 0, 45, 26, 0, 73, 1, 100, 48, 88, 100, 44, 99, 23, 52, 0
73, 98, 0, 95, 16, 60, 84, 29, 70, 0, 45, 35, 100, 69, 88, 100, 8
51, 100, 21, 77, 2, 49, 0, 20, 45, 0, 100, 17, 51, 27, 4, 7, 6
63, 77, 30, 100, 0, 59, 12, 13, 67, 0, 100, 37, 88, 83, 34, 88, 0
100, 66, 56, 100, 23, 73, 77, 34, 65, 0, 0, 24, 55, 58, 73, 77, 8
100, 97, 50, 100, 12, 88, 6, 48, 37, 47, 78, 25, 50, 0, 0, 2, 5
33, 100, 0, 66, 28, 40, 55, 12, 1, 0, 10, 46, 44, 84, 100, 92, 5
0, 65, 37, 82, 82, 100, 100, 90, 86, 65, 70, 39, 55, 14, 49, 0, 1
35, 96, 100, 100, 44, 93, 0, 73, 27, 60, 85, 46, 76, 17, 21, 0, 5
80, 100, 31, 86, 63, 74, 100, 95, 83, 70, 81, 41, 56, 15, 0, 0, 9
100, 69, 78, 100, 37, 85, 83, 77, 91, 52, 97, 15, 51, 0, 0, 0, 9
45, 82, 39, 100, 82, 99, 64, 43, 25, 5, 0, 0, 50, 4, 100, 0, 2
100, 100, 66, 94, 38, 70, 15, 45, 0, 18, 26, 0, 55, 16, 11, 24, 6
20, 85, 0, 61, 18, 22, 50, 0, 86, 11, 100, 51, 79, 87, 45, 100, 0
29, 97, 31, 70, 61, 42, 50, 0, 0, 20, 17, 60, 41, 98, 100, 100, 5
41, 96, 99, 100, 100, 74, 58, 38, 28, 0, 7, 16, 0, 45, 80, 34, 7
0, 62, 21, 100, 27, 80, 26, 35, 4, 4, 12, 0, 55, 2, 100, 5, 1
0, 90, 47, 100, 65, 69, 48, 31, 37, 0, 14, 34, 49, 40, 100, 39, 7
26, 74, 54, 100, 70, 70, 49, 37, 18, 7, 0, 7, 49, 15, 100, 0, 2
38, 63, 74, 100, 11, 86, 34, 43, 67, 0, 0, 7, 27, 48, 100, 76, 8
26, 80, 57, 100, 72, 75, 54, 44, 24, 18, 0, 11, 50, 8, 100, 0, 2
0, 78, 39, 100, 82, 75, 68, 37, 54, 0, 6, 25, 35, 37, 100, 37, 7
31, 79, 55, 49, 70, 14, 32, 0, 14, 38, 0, 71, 49, 86, 100, 100, 5
65, 100, 20, 85, 0, 52, 59, 42, 100, 64, 79, 62, 38, 32, 7, 0, 4
43, 75, 61, 100, 94, 86, 75, 47, 43, 14, 0, 2, 49, 0, 100, 1, 2
26, 76, 23, 100, 52, 68, 43, 30, 0, 12, 49, 5, 97, 0, 100, 32, 2
85, 87, 48, 72, 0, 73, 34, 100, 82, 96, 89, 64, 87, 31, 100, 0, 9
0, 79, 19, 100, 60, 93, 59, 64, 41, 38, 19, 12, 54, 1, 100, 0, 2
14, 70, 46, 100, 48, 78, 41, 36, 21, 0, 0, 3, 50, 1, 100, 1, 1
0, 69, 29, 100, 77, 97, 39, 64, 61, 38, 100, 10, 47, 0, 2, 15, 3
0, 97, 61, 100, 100, 81, 88, 50, 69, 20, 51, 0, 30, 30, 90, 36, 7
56, 97, 42, 100, 0, 74, 52, 60, 100, 81, 74, 60, 50, 30, 33, 0, 4
0, 70, 1, 29, 37, 0, 88, 5, 100, 43, 78, 79, 34, 100, 5, 70, 0
26, 87, 67, 100, 80, 76, 61, 48, 33, 23, 0, 1, 48, 0, 100, 3, 2
56, 60, 65, 100, 100, 83, 81, 39, 51, 0, 85, 16, 56, 50, 0, 55, 8
98, 89, 48, 100, 29, 65, 58, 25, 6, 0, 0, 31, 53, 63, 100, 91, 8
42, 100, 93, 98, 79, 64, 51, 31, 15, 0, 0, 30, 25, 53, 100, 52, 7
66, 100, 45, 75, 71, 33, 46, 0, 0, 23, 6, 71, 45, 95, 100, 91, 5
0, 81, 15, 100, 20, 76, 19, 52, 24, 28, 71, 21, 88, 23, 100, 0, 4
61, 96, 0, 83, 61, 66, 100, 30, 49, 0, 5, 30, 39, 68, 42, 100, 8
26, 100, 38, 78, 66, 38, 45, 0, 15, 33, 0, 77, 34, 97, 100, 100, 5
9, 100, 19, 75, 0, 35, 46, 35, 100, 34, 74, 67, 77, 27, 83, 0, 4
100, 75, 47, 100, 0, 79, 49, 41, 66, 0, 3, 25, 27, 66, 98, 91, 8
0, 91, 26, 57, 52, 22, 8, 0, 4, 39, 4, 81, 41, 100, 100, 98, 5
18, 92, 66, 100, 93, 81, 49, 56, 0, 35, 14, 16, 75, 10, 100, 0, 2
38, 96, 6, 60, 0, 19, 47, 0, 99, 25, 100, 65, 71, 100, 17, 85, 0
43, 82, 85, 44, 100, 3, 17, 0, 0, 34, 62, 64, 90, 100, 7, 95, 8
53, 91, 100, 100, 86, 100, 28, 86, 58, 64, 98, 32, 60, 0, 0, 1, 5
3, 87, 50, 100, 100, 100, 78, 76, 76, 52, 90, 30, 47, 13, 0, 0, 3
96, 100, 0, 98, 22, 54, 87, 15, 51, 0, 25, 39, 100, 73, 38, 94, 8
0, 93, 53, 100, 83, 84, 68, 43, 55, 0, 30, 22, 45, 46, 100, 51, 7
27, 66, 53, 100, 76, 77, 49, 40, 9, 13, 0, 15, 50, 5, 100, 0, 2
0, 95, 62, 100, 100, 82, 88, 50, 79, 19, 66, 0, 35, 27, 99, 37, 7
71, 92, 48, 62, 100, 82, 59, 100, 87, 75, 87, 47, 55, 0, 0, 5, 9
32, 87, 74, 100, 82, 75, 45, 53, 87, 43, 100, 18, 54, 0, 0, 3, 3
71, 100, 29, 69, 0, 32, 24, 0, 76, 18, 100, 56, 85, 95, 31, 98, 0
27, 84, 58, 100, 76, 68, 57, 34, 16, 13, 0, 9, 50, 5, 100, 0, 2
70, 69, 100, 95, 40, 100, 0, 74, 53, 75, 78, 57, 51, 28, 21, 0, 9
66, 86, 0, 94, 21, 52, 80, 14, 14, 0, 42, 39, 100, 78, 49, 100, 8
25, 75, 37, 98, 92, 100, 100, 75, 68, 51, 97, 27, 51, 9, 0, 0, 3
90, 85, 100, 100, 64, 97, 59, 68, 80, 38, 72, 8, 36, 1, 0, 0, 5
28, 61, 59, 27, 33, 0, 2, 20, 63, 46, 100, 79, 48, 100, 0, 74, 8
27, 89, 0, 64, 62, 46, 54, 0, 3, 1, 6, 52, 31, 93, 100, 100, 5
9, 96, 1, 50, 12, 0, 69, 3, 100, 48, 82, 97, 28, 100, 0, 54, 0
98, 70, 85, 100, 33, 86, 46, 65, 100, 73, 84, 37, 52, 6, 0, 0, 9
57, 100, 35, 87, 9, 58, 0, 28, 29, 2, 100, 0, 71, 16, 5, 5, 6
39, 100, 5, 79, 0, 47, 55, 42, 100, 64, 80, 60, 52, 30, 28, 0, 4
0, 99, 8, 99, 70, 100, 100, 99, 60, 78, 33, 52, 15, 25, 22, 0, 7
0, 64, 17, 100, 56, 98, 53, 58, 26, 26, 15, 4, 57, 4, 100, 0, 2
49, 100, 19, 91, 31, 54, 36, 15, 0, 0, 7, 36, 51, 63, 100, 87, 8
100, 71, 46, 71, 18, 92, 66, 100, 91, 74, 75, 45, 44, 19, 0, 0, 9
57, 87, 100, 69, 97, 100, 23, 83, 74, 59, 96, 52, 78, 10, 0, 0, 9
16, 100, 15, 94, 6, 66, 0, 38, 69, 34, 95, 56, 92, 28, 100, 0, 4
54, 63, 100, 76, 80, 100, 43, 75, 51, 35, 47, 0, 0, 16, 27, 46, 8
100, 100, 63, 85, 83, 78, 93, 84, 90, 52, 77, 23, 45, 0, 0, 2, 9
23, 67, 31, 94, 90, 100, 80, 75, 76, 44, 100, 14, 56, 0, 0, 5, 3
22, 57, 0, 63, 46, 82, 94, 100, 100, 80, 78, 53, 56, 27, 44, 0, 1
100, 100, 61, 88, 30, 64, 7, 36, 0, 5, 42, 0, 49, 23, 6, 25, 6
73, 100, 45, 79, 18, 49, 7, 16, 49, 0, 100, 14, 55, 21, 0, 12, 6
100, 90, 27, 100, 0, 66, 56, 33, 81, 0, 10, 16, 33, 57, 98, 84, 8
28, 95, 39, 84, 67, 100, 42, 90, 81, 62, 100, 27, 56, 3, 0, 0, 9
100, 100, 57, 90, 28, 67, 6, 43, 0, 15, 37, 0, 70, 16, 28, 27, 6
81, 69, 63, 100, 0, 82, 41, 41, 81, 0, 19, 3, 41, 44, 100, 74, 8
0, 100, 30, 99, 67, 97, 100, 93, 72, 75, 53, 51, 44, 23, 52, 0, 7
94, 82, 45, 100, 1, 63, 0, 9, 53, 0, 100, 30, 97, 85, 47, 97, 0
100, 100, 78, 91, 45, 70, 18, 47, 0, 22, 21, 0, 64, 11, 16, 15, 6
44, 83, 18, 61, 60, 35, 35, 0, 0, 15, 26, 56, 51, 90, 100, 100, 5
100, 100, 56, 91, 25, 68, 4, 43, 0, 15, 37, 0, 61, 20, 12, 24, 6
100, 100, 9, 95, 0, 52, 98, 26, 48, 0, 46, 45, 98, 90, 18, 71, 8
78, 100, 36, 78, 6, 40, 13, 0, 71, 1, 100, 35, 43, 28, 0, 3, 6
70, 61, 65, 100, 15, 70, 72, 34, 87, 0, 0, 10, 23, 50, 100, 76, 8
22, 100, 34, 75, 0, 43, 38, 41, 100, 38, 97, 68, 91, 32, 72, 0, 4
42, 98, 0, 69, 54, 36, 71, 0, 14, 16, 54, 54, 100, 91, 39, 100, 8
0, 79, 35, 100, 87, 99, 100, 71, 63, 46, 23, 24, 46, 4, 98, 0, 2
31, 99, 1, 59, 0, 2, 62, 0, 100, 47, 76, 100, 20, 83, 12, 28, 0
17, 68, 27, 100, 68, 86, 54, 49, 21, 20, 0, 5, 50, 4, 100, 0, 2
2, 94, 93, 100, 100, 78, 86, 39, 74, 0, 37, 10, 0, 43, 100, 43, 7
19, 87, 61, 100, 96, 77, 72, 50, 64, 39, 100, 15, 51, 0, 0, 14, 3
43, 100, 9, 64, 0, 19, 44, 0, 90, 22, 100, 66, 66, 99, 15, 88, 0
83, 100, 36, 82, 11, 61, 0, 39, 78, 35, 100, 41, 67, 21, 53, 0, 4
0, 82, 33, 100, 66, 87, 58, 54, 34, 27, 19, 0, 60, 1, 100, 10, 2
62, 100, 100, 98, 77, 61, 45, 28, 39, 0, 79, 25, 50, 57, 0, 72, 8
21, 100, 4, 79, 0, 47, 54, 38, 100, 49, 92, 66, 91, 33, 92, 0, 4
94, 95, 44, 100, 12, 77, 29, 53, 80, 45, 100, 11, 52, 0, 0, 8, 5
68, 89, 0, 100, 38, 59, 98, 23, 80, 0, 39, 35, 100, 69, 75, 92, 8
9, 77, 0, 30, 29, 0, 70, 4, 100, 37, 84, 82, 47, 100, 17, 72, 0
29, 83, 60, 100, 78, 64, 56, 27, 13, 2, 0, 19, 52, 18, 100, 0, 2
24, 68, 51, 60, 96, 97, 32, 100, 60, 75, 100, 49, 70, 0, 0, 3, 9
0, 62, 55, 75, 85, 97, 100, 100, 98, 75, 93, 50, 91, 25, 89, 0, 1
30, 59, 17, 78, 80, 100, 100, 98, 67, 74, 30, 50, 3, 25, 0, 0, 1
0, 47, 23, 66, 61, 83, 100, 100, 89, 75, 72, 50, 53, 25, 48, 0, 1
27, 82, 3, 47, 13, 6, 67, 0, 100, 34, 96, 76, 51, 100, 0, 82, 0
87, 93, 59, 100, 21, 86, 6, 53, 69, 56, 100, 31, 59, 4, 0, 0, 5
62, 57, 100, 85, 52, 100, 0, 76, 39, 64, 79, 57, 52, 24, 5, 0, 9
23, 96, 5, 56, 0, 15, 41, 0, 83, 25, 100, 63, 81, 100, 34, 98, 0
52, 70, 100, 89, 50, 100, 0, 82, 55, 72, 96, 54, 77, 26, 55, 0, 9
27, 86, 31, 62, 41, 100, 40, 55, 46, 10, 0, 0, 45, 2, 100, 5, 1
42, 79, 93, 100, 89, 96, 39, 78, 51, 43, 100, 33, 56, 3, 0, 0, 5
61, 100, 33, 86, 0, 58, 55, 44, 100, 66, 89, 63, 61, 32, 34, 0, 4
0, 70, 11, 100, 34, 88, 26, 55, 15, 23, 28, 0, 66, 7, 100, 19, 2
0, 85, 26, 100, 74, 89, 62, 64, 61, 39, 100, 21, 64, 4, 7, 0, 3
53, 92, 75, 100, 72, 71, 64, 60, 100, 44, 78, 15, 32, 0, 0, 10, 3
0, 99, 73, 100, 100, 80, 56, 47, 33, 7, 10, 0, 7, 33, 81, 35, 7
32, 98, 8, 71, 56, 25, 28, 0, 0, 42, 77, 69, 100, 100, 15, 92, 8
47, 80, 71, 100, 100, 89, 38, 72, 44, 48, 91, 23, 45, 0, 0, 10, 3
0, 90, 38, 100, 68, 70, 59, 33, 32, 0, 2, 27, 35, 42, 100, 41, 7
26, 90, 17, 64, 60, 34, 53, 0, 20, 32, 0, 73, 31, 96, 100, 100, 5
27, 84, 12, 42, 18, 0, 73, 7, 100, 45, 93, 88, 40, 100, 0, 67, 0
48, 81, 29, 100, 67, 88, 48, 40, 12, 3, 0, 8, 50, 14, 100, 0, 2
40, 90, 87, 100, 81, 93, 39, 71, 70, 46, 100, 23, 52, 6, 0, 0, 5
7, 54, 8, 14, 56, 0, 99, 24, 100, 68, 63, 100, 12, 97, 0, 56, 0
2, 65, 29, 35, 46, 2, 12, 0, 0, 41, 18, 73, 58, 88, 100, 100, 5
1, 68, 4, 100, 55, 77, 55, 31, 7, 2, 0, 6, 60, 0, 100, 19, 2
54, 63, 45, 100, 1, 53, 11, 0, 75, 18, 100, 74, 44, 98, 0, 54, 0
22, 100, 0, 70, 28, 44, 83, 47, 100, 79, 71, 61, 45, 30, 19, 0, 4
32, 86, 0, 61, 10, 4, 57, 0, 100, 30, 97, 87, 50, 100, 4, 87, 0
44, 77, 19, 50, 39, 19, 0, 0, 8, 31, 19, 66, 57, 87, 100, 100, 5
0, 90, 3, 56, 51, 31, 43, 0, 15, 22, 9, 63, 38, 93, 100, 100, 5
84, 100, 42, 72, 2, 45, 0, 39, 59, 35, 100, 49, 84, 36, 75, 0, 4
0, 85, 30, 100, 48, 73, 33, 40, 9, 13, 24, 0, 65, 4, 100, 10, 2
24, 81, 57, 100, 85, 76, 59, 47, 82, 41, 100, 15, 53, 0, 0, 5, 3
93, 87, 50, 73, 27, 81, 75, 100, 100, 80, 67, 52, 27, 27, 0, 0, 9
17, 96, 0, 63, 6, 20, 50, 0, 95, 22, 100, 64, 71, 100, 25, 86, 0
59, 94, 20, 66, 58, 46, 50, 2, 0, 0, 21, 49, 49, 96, 100, 100, 5
9, 68, 29, 100, 65, 91, 45, 58, 13, 31, 0, 6, 51, 6, 100, 0, 2
29, 78, 52, 100, 72, 80, 65, 61, 100, 43, 81, 14, 33, 0, 0, 20, 3
0, 51, 33, 75, 68, 100, 51, 85, 53, 59, 58, 33, 65, 7, 100, 0, 1
88, 68, 31, 56, 0, 81, 47, 100, 100, 86, 97, 55, 75, 26, 44, 0, 9
33, 65, 68, 100, 73, 89, 56, 40, 37, 0, 0, 8, 50, 5, 100, 6, 1
43, 100, 10, 80, 0, 51, 43, 29, 95, 40, 100, 53, 61, 28, 39, 0, 4
18, 87, 0, 92, 50, 96, 100, 100, 71, 78, 47, 54, 33, 27, 35, 0, 7
46, 83, 41, 52, 38, 15, 0, 0, 18, 32, 36, 65, 59, 87, 100, 100, 5
30, 88, 7, 77, 0, 33, 30, 0, 82, 6, 100, 45, 74, 82, 26, 100, 0
37, 92, 6, 59, 0, 13, 39, 0, 78, 25, 100, 65, 75, 100, 30, 100, 0
69, 98, 82, 55, 100, 100, 44, 82, 92, 72, 91, 46, 64, 0, 0, 0, 9
3, 90, 69, 100, 58, 98, 0, 77, 36, 58, 100, 44, 73, 9, 7, 0, 5
52, 69, 61, 100, 100, 93, 77, 60, 42, 31, 0, 3, 26, 0, 97, 1, 2
100, 100, 61, 90, 71, 68, 95, 88, 94, 54, 79, 22, 41, 0, 0, 13, 9
85, 100, 32, 76, 0, 44, 74, 48, 100, 66, 76, 92, 72, 44, 67, 0, 4
59, 100, 9, 86, 61, 44, 74, 0, 0, 1, 53, 39, 100, 82, 35, 88, 8
100, 100, 58, 100, 21, 85, 21, 62, 58, 56, 64, 23, 36, 0, 0, 7, 5
59, 100, 12, 74, 0, 34, 29, 0, 81, 21, 100, 59, 91, 98, 35, 83, 0
63, 62, 67, 100, 5, 79, 52, 41, 73, 0, 0, 2, 32, 42, 100, 75, 8
43, 98, 0, 69, 57, 49, 62, 7, 15, 0, 17, 50, 34, 95, 100, 100, 5
12, 54, 30, 100, 62, 87, 43, 39, 3, 7, 0, 1, 50, 0, 100, 4, 2
4, 85, 39, 100, 83, 85, 57, 60, 59, 41, 100, 21, 62, 0, 0, 1, 3
19, 93, 66, 100, 78, 78, 41, 58, 63, 41, 100, 23, 53, 9, 0, 0, 3
13, 85, 76, 100, 100, 69, 74, 35, 40, 1, 12, 0, 0, 33, 81, 37, 7
0, 84, 37, 100, 59, 76, 24, 49, 70, 43, 100, 21, 60, 0, 7, 6, 3
25, 79, 58, 100, 88, 84, 56, 56, 79, 43, 100, 19, 54, 0, 0, 8, 3
72, 100, 100, 91, 72, 76, 56, 60, 39, 45, 22, 30, 0, 15, 0, 0, 1
69, 79, 48, 57, 69, 19, 0, 0, 30, 34, 93, 63, 100, 100, 37, 76, 8
27, 95, 1, 56, 41, 32, 16, 0, 0, 24, 12, 75, 55, 93, 100, 100, 5
43, 82, 60, 100, 100, 91, 74, 68, 60, 50, 77, 26, 41, 10, 0, 0, 3
40, 100, 6, 66, 0, 11, 41, 0, 81, 19, 100, 65, 60, 87, 19, 77, 0
89, 100, 43, 93, 3, 58, 0, 15, 57, 2, 100, 29, 43, 35, 24, 0, 6
40, 83, 71, 100, 99, 79, 66, 54, 84, 44, 100, 18, 56, 0, 0, 3, 3
52, 100, 33, 80, 0, 57, 32, 42, 82, 43, 100, 50, 69, 26, 43, 0, 4
40, 100, 13, 69, 0, 30, 22, 0, 73, 19, 100, 53, 92, 91, 39, 95, 0
17, 73, 35, 43, 37, 10, 0, 0, 7, 36, 18, 70, 58, 87, 100, 100, 5
63, 100, 23, 77, 0, 39, 3, 0, 61, 7, 100, 38, 99, 78, 46, 96, 0
63, 100, 17, 67, 0, 29, 58, 24, 100, 35, 86, 88, 82, 53, 78, 0, 4
27, 86, 70, 100, 77, 77, 50, 53, 96, 40, 100, 19, 52, 6, 0, 0, 3
0, 0, 51, 9, 87, 37, 100, 70, 72, 100, 14, 94, 36, 65, 99, 58, 9
9, 100, 0, 81, 0, 58, 14, 35, 62, 33, 79, 44, 81, 21, 100, 0, 4
84, 73, 83, 100, 33, 81, 67, 57, 100, 72, 100, 31, 64, 2, 0, 0, 9
10, 55, 33, 86, 95, 100, 88, 70, 48, 43, 0, 18, 28, 0, 100, 2, 2
97, 100, 65, 82, 33, 53, 15, 20, 54, 0, 100, 19, 58, 39, 0, 35, 6
28, 81, 59, 100, 100, 94, 78, 68, 51, 44, 83, 25, 44, 8, 0, 0, 3
40, 94, 0, 66, 5, 23, 55, 0, 98, 26, 100, 70, 62, 100, 6, 84, 0
60, 81, 12, 100, 0, 70, 28, 34, 28, 0, 12, 33, 52, 64, 100, 91, 8
5, 68, 22, 100, 47, 75, 35, 35, 8, 1, 0, 2, 50, 4, 100, 0, 2
0, 87, 47, 100, 96, 94, 100, 57, 77, 22, 49, 0, 26, 29, 76, 37, 7
46, 97, 90, 97, 55, 68, 66, 100, 100, 60, 97, 9, 40, 0, 0, 34, 9
57, 91, 22, 70, 0, 24, 37, 0, 81, 21, 100, 67, 69, 100, 30, 73, 0
44, 73, 81, 100, 65, 66, 54, 24, 28, 0, 0, 6, 50, 8, 100, 9, 1
69, 100, 39, 63, 0, 29, 35, 35, 100, 34, 98, 65, 79, 41, 73, 0, 4
26, 99, 0, 55, 61, 48, 76, 14, 7, 0, 4, 44, 27, 87, 100, 100, 5
92, 100, 54, 84, 66, 70, 100, 88, 85, 64, 68, 39, 39, 18, 0, 0, 9
0, 61, 39, 79, 74, 99, 100, 100, 85, 75, 65, 49, 44, 24, 24, 0, 1
30, 88, 76, 100, 100, 77, 62, 50, 53, 36, 94, 17, 51, 0, 0, 3, 3
16, 85, 45, 100, 96, 93, 85, 66, 88, 40, 100, 15, 52, 4, 0, 0, 3
0, 93, 44, 100, 90, 91, 76, 48, 64, 4, 49, 0, 52, 30, 100, 29, 7
100, 81, 58, 64, 29, 89, 74, 100, 87, 65, 91, 29, 63, 0, 0, 9, 9
44, 85, 76, 100, 79, 70, 54, 41, 23, 16, 0, 0, 50, 5, 100, 1, 2
0, 81, 23, 100, 73, 96, 52, 46, 26, 0, 12, 19, 46, 42, 100, 48, 7
24, 91, 49, 100, 68, 84, 51, 59, 78, 37, 100, 15, 56, 1, 0, 0, 3
80, 100, 27, 78, 0, 42, 21, 6, 99, 8, 100, 37, 19, 30, 10, 0, 6
0, 56, 76, 49, 100, 11, 31, 0, 45, 39, 95, 73, 71, 100, 11, 74, 8
0, 90, 45, 100, 85, 88, 57, 64, 69, 40, 100, 17, 67, 1, 17, 0, 3
17, 72, 16, 36, 40, 0, 86, 12, 100, 53, 79, 92, 31, 100, 0, 67, 0
20, 86, 0, 53, 4, 11, 48, 0, 89, 24, 100, 64, 74, 99, 26, 100, 0
0, 92, 42, 97, 86, 100, 72, 54, 60, 0, 40, 0, 56, 22, 100, 21, 7
45, 67, 19, 31, 48, 0, 85, 26, 100, 74, 69, 100, 28, 80, 0, 43, 0
6, 100, 16, 61, 81, 44, 66, 0, 0, 9, 0, 55, 16, 96, 100, 99, 5
0, 41, 47, 58, 92, 84, 100, 100, 84, 71, 71, 42, 66, 13, 74, 0, 1
44, 56, 99, 74, 100, 100, 30, 80, 0, 49, 74, 64, 62, 39, 36, 0, 9
0, 100, 39, 98, 70, 69, 48, 33, 22, 0, 1, 37, 45, 44, 100, 46, 7
40, 82, 10, 76, 59, 42, 66, 0, 0, 7, 0, 46, 32, 86, 100, 100, 5
62, 100, 84, 93, 67, 70, 82, 48, 100, 26, 77, 6, 39, 0, 0, 2, 3
35, 95, 96, 100, 100, 97, 27, 87, 28, 66, 96, 48, 72, 13, 0, 0, 5
24, 91, 10, 69, 65, 40, 46, 0, 0, 11, 8, 57, 29, 98, 100, 100, 5
24, 93, 49, 100, 100, 90, 67, 63, 50, 35, 97, 17, 54, 0, 0, 6, 3
28, 100, 0, 73, 16, 49, 75, 47, 100, 63, 94, 59, 93, 29, 83, 0, 4
51, 99, 17, 86, 0, 42, 24, 2, 73, 0, 100, 38, 87, 82, 42, 100, 0
4, 99, 50, 100, 100, 97, 65, 57, 37, 12, 16, 0, 0, 39, 55, 45, 7
81, 100, 30, 80, 2, 52, 0, 21, 45, 0, 100, 11, 72, 35, 21, 19, 6
35, 74, 17, 80, 96, 100, 100, 93, 70, 70, 39, 47, 13, 23, 0, 0, 1
27, 92, 0, 66, 15, 21, 60, 0, 100, 28, 96, 73, 53, 100, 2, 92, 0
21, 93, 0, 65, 56, 35, 48, 0, 17, 26, 61, 60, 100, 95, 32, 100, 8
68, 100, 34, 88, 0, 62, 6, 42, 70, 49, 100, 51, 62, 27, 42, 0, 4
13, 93, 21, 49, 51, 24, 15, 0, 0, 45, 18, 92, 59, 100, 100, 95, 5
0, 58, 38, 78, 73, 98, 100, 100, 92, 74, 84, 49, 77, 23, 80, 0, 1
50, 100, 42, 78, 0, 52, 24, 38, 83, 35, 100, 64, 69, 32, 41, 0, 4
95, 76, 100, 94, 47, 100, 0, 81, 34, 69, 80, 53, 65, 23, 25, 0, 9
32, 100, 0, 79, 16, 51, 77, 49, 100, 80, 70, 62, 45, 32, 26, 0, 4
56, 71, 40, 98, 93, 100, 85, 65, 72, 50, 100, 21, 54, 0, 0, 12, 3
13, 83, 42, 100, 59, 67, 35, 34, 0, 27, 30, 32, 65, 11, 100, 0, 2
0, 100, 58, 94, 100, 91, 61, 59, 32, 20, 8, 0, 20, 33, 80, 34, 7
38, 100, 4, 85, 0, 53, 58, 46, 100, 52, 88, 64, 78, 32, 73, 0, 4
32, 73, 59, 100, 81, 71, 54, 36, 16, 9, 0, 2, 50, 2, 100, 0, 2
52, 84, 19, 94, 0, 50, 20, 7, 66, 0, 100, 33, 96, 79, 54, 100, 0
0, 43, 35, 60, 67, 80, 99, 100, 100, 75, 100, 49, 100, 24, 99, 0, 1
35, 100, 19, 85, 0, 52, 50, 32, 100, 35, 96, 64, 62, 34, 39, 0, 4
0, 55, 35, 84, 60, 100, 50, 65, 47, 29, 15, 0, 31, 4, 100, 6, 1
38, 100, 100, 92, 88, 77, 75, 62, 50, 46, 25, 30, 12, 15, 0, 0, 1
0, 91, 53, 100, 97, 88, 79, 65, 47, 45, 15, 23, 39, 5, 100, 0, 2
77, 83, 47, 72, 78, 27, 22, 0, 0, 30, 68, 60, 100, 100, 20, 90, 8
95, 100, 46, 79, 14, 50, 0, 18, 42, 0, 88, 20, 100, 53, 83, 85, 0
0, 93, 36, 100, 79, 98, 94, 79, 72, 57, 100, 33, 79, 11, 38, 0, 3
94, 86, 55, 78, 100, 78, 79, 100, 90, 86, 85, 40, 58, 0, 0, 6, 9
16, 90, 61, 100, 76, 63, 61, 26, 31, 0, 0, 32, 43, 30, 100, 38, 7
70, 100, 37, 79, 11, 56, 0, 32, 51, 19, 92, 36, 80, 23, 100, 0, 4
30, 81, 0, 35, 60, 39, 83, 0, 41, 4, 27, 57, 39, 100, 100, 99, 5
62, 96, 24, 99, 0, 59, 19, 17, 61, 0, 97, 24, 100, 71, 65, 100, 0
78, 100, 51, 62, 0, 32, 18, 31, 95, 29, 100, 58, 73, 39, 57, 0, 4
42, 100, 0, 66, 61, 57, 64, 12, 19, 0, 15, 47, 30, 90, 100, 96, 5
96, 100, 49, 77, 16, 48, 0, 17, 42, 0, 100, 15, 61, 32, 1, 20, 6
26, 100, 1, 96, 0, 57, 68, 43, 100, 61, 73, 78, 45, 40, 29, 0, 4
0, 55, 6, 70, 54, 90, 100, 100, 76, 75, 49, 50, 24, 25, 5, 0, 1
23, 88, 52, 100, 51, 67, 30, 38, 0, 16, 27, 8, 64, 3, 100, 0, 2
25, 76, 0, 47, 20, 0, 83, 22, 100, 69, 49, 100, 3, 65, 13, 17, 0
38, 100, 7, 91, 0, 62, 33, 40, 91, 48, 100, 54, 69, 28, 56, 0, 4
0, 88, 30, 100, 68, 90, 60, 62, 72, 37, 100, 16, 70, 0, 27, 1, 3
78, 100, 43, 92, 0, 73, 14, 54, 83, 55, 100, 43, 63, 22, 29, 0, 4
26, 73, 35, 100, 100, 97, 78, 68, 46, 35, 26, 0, 0, 31, 52, 30, 7
40, 100, 9, 66, 0, 26, 43, 0, 100, 17, 100, 56, 61, 88, 0, 89, 0
48, 97, 13, 62, 0, 21, 44, 0, 89, 29, 100, 70, 60, 100, 4, 84, 0
18, 98, 64, 100, 93, 80, 68, 58, 100, 36, 92, 8, 47, 0, 0, 2, 3
94, 100, 52, 78, 24, 50, 13, 21, 47, 0, 100, 15, 53, 30, 0, 18, 6
100, 75, 41, 68, 0, 79, 44, 100, 89, 91, 91, 61, 85, 30, 86, 0, 9
7, 54, 43, 76, 76, 100, 100, 99, 78, 74, 57, 49, 28, 24, 0, 0, 1
21, 86, 55, 100, 87, 79, 62, 49, 83, 38, 100, 12, 52, 0, 0, 4, 3
41, 80, 61, 100, 83, 78, 65, 58, 100, 44, 84, 17, 45, 0, 0, 0, 3
46, 93, 9, 63, 0, 15, 45, 0, 90, 24, 100, 70, 60, 100, 19, 83, 0
4, 83, 0, 52, 21, 100, 27, 67, 54, 20, 2, 0, 35, 4, 100, 7, 1
0, 99, 27, 100, 64, 95, 100, 87, 77, 63, 58, 36, 41, 7, 32, 0, 7
17, 82, 1, 72, 40, 58, 81, 28, 5, 0, 0, 46, 1, 93, 100, 100, 5
0, 58, 40, 72, 74, 90, 100, 100, 89, 74, 78, 47, 69, 19, 68, 0, 1
35, 89, 3, 61, 8, 8, 62, 0, 100, 40, 82, 89, 27, 100, 0, 54, 0
36, 93, 31, 55, 79, 100, 0, 73, 31, 53, 27, 0, 100, 37, 32, 46, 8
36, 100, 21, 66, 0, 31, 20, 24, 93, 22, 100, 45, 80, 35, 81, 0, 4
0, 92, 39, 99, 100, 100, 82, 66, 50, 33, 17, 0, 19, 17, 65, 30, 7
100, 99, 89, 100, 46, 75, 15, 48, 0, 20, 43, 0, 96, 10, 24, 22, 6
100, 92, 58, 100, 39, 84, 24, 67, 15, 50, 9, 33, 0, 16, 0, 0, 1
0, 89, 38, 100, 65, 85, 55, 60, 69, 37, 100, 18, 81, 0, 45, 1, 3
24, 100, 12, 89, 0, 55, 28, 39, 73, 53, 100, 61, 74, 32, 58, 0, 4
62, 91, 17, 92, 0, 42, 30, 0, 82, 6, 100, 56, 70, 100, 22, 95, 0
42, 92, 51, 58, 85, 96, 31, 100, 66, 56, 100, 39, 60, 0, 0, 23, 9
91, 100, 36, 85, 3, 56, 0, 22, 45, 0, 100, 9, 60, 25, 18, 2, 6
100, 100, 64, 97, 36, 70, 13, 41, 9, 11, 52, 0, 51, 17, 0, 15, 6
0, 55, 41, 73, 70, 95, 94, 100, 93, 75, 89, 50, 91, 24, 100, 0, 1
0, 90, 33, 100, 48, 60, 50, 16, 39, 0, 15, 26, 58, 34, 100, 42, 7
100, 83, 47, 100, 0, 79, 25, 51, 78, 68, 82, 71, 77, 34, 64, 0, 9
100, 100, 56, 78, 22, 52, 0, 24, 23, 0, 79, 11, 69, 29, 18, 13, 6
25, 91, 23, 61, 75, 55, 57, 3, 0, 0, 13, 55, 28, 99, 100, 100, 5
7, 57, 15, 93, 65, 100, 67, 63, 44, 27, 0, 0, 36, 11, 100, 11, 2
44, 100, 0, 79, 0, 49, 61, 40, 100, 64, 92, 61, 62, 31, 34, 0, 4
0, 87, 39, 100, 61, 70, 47, 27, 36, 0, 11, 33, 55, 35, 100, 39, 7
10, 75, 0, 40, 22, 4, 58, 0, 89, 25, 100, 67, 78, 100, 44, 89, 0
89, 81, 55, 100, 44, 76, 92, 77, 100, 46, 94, 4, 46, 0, 0, 13, 9
0, 91, 44, 97, 96, 100, 84, 54, 65, 9, 44, 0, 46, 27, 100, 26, 7
0, 33, 44, 52, 77, 76, 100, 100, 83, 73, 73, 47, 65, 20, 54, 0, 1
0, 62, 35, 70, 68, 85, 100, 100, 99, 80, 90, 53, 85, 27, 87, 0, 1
0, 39, 22, 58, 61, 79, 99, 100, 100, 81, 88, 54, 86, 26, 97, 0, 1
1, 63, 3, 27, 37, 0, 79, 18, 100, 54, 89, 90, 41, 100, 0, 80, 0
73, 99, 37, 100, 62, 73, 89, 91, 99, 51, 100, 13, 52, 0, 0, 1, 9
100, 100, 57, 91, 22, 62, 0, 31, 18, 1, 100, 0, 85, 22, 10, 7, 6
34, 82, 0, 40, 30, 0, 83, 10, 100, 60, 65, 100, 15, 80, 7, 28, 0
98, 100, 36, 99, 0, 69, 30, 52, 89, 49, 100, 4, 42, 0, 9, 36, 5
0, 43, 35, 61, 67, 81, 100, 100, 93, 75, 86, 50, 82, 25, 81, 0, 1
0, 91, 40, 100, 100, 100, 91, 61, 77, 21, 62, 0, 29, 35, 81, 44, 7
86, 61, 28, 48, 0, 75, 36, 100, 91, 89, 100, 57, 81, 26, 44, 0, 9
0, 73, 45, 86, 90, 100, 100, 90, 86, 68, 73, 45, 66, 23, 62, 0, 1
100, 86, 71, 100, 32, 90, 12, 61, 50, 58, 63, 27, 40, 0, 0, 2, 5
0, 88, 40, 100, 79, 86, 67, 44, 64, 0, 100, 15, 70, 32, 23, 37, 7
12, 79, 62, 46, 100, 12, 23, 0, 41, 33, 86, 67, 82, 100, 0, 88, 8
69, 82, 0, 100, 22, 64, 96, 36, 96, 0, 33, 20, 93, 53, 100, 79, 8
24, 97, 55, 60, 77, 22, 21, 0, 0, 31, 51, 62, 100, 95, 30, 100, 8
0, 80, 53, 100, 100, 77, 70, 38, 32, 2, 9, 0, 19, 27, 89, 34, 7
2, 85, 28, 100, 53, 81, 31, 54, 0, 35, 35, 35, 67, 17, 100, 0, 2
44, 94, 6, 65, 0, 18, 46, 0, 92, 22, 100, 66, 64, 100, 21, 88, 0
44, 92, 100, 100, 57, 98, 11, 79, 28, 60, 74, 42, 51, 14, 0, 0, 5
84, 78, 27, 54, 6, 82, 65, 100, 89, 65, 100, 28, 69, 0, 0, 10, 9
29, 80, 62, 100, 74, 63, 52, 26, 4, 8, 0, 30, 56, 25, 100, 0, 2
59, 100, 20, 78, 0, 46, 8, 13, 66, 0, 100, 23, 46, 36, 14, 14, 6
37, 83, 63, 100, 83, 74, 62, 47, 30, 24, 0, 0, 50, 2, 100, 4, 2
100, 86, 71, 100, 58, 70, 93, 86, 76, 70, 69, 27, 40, 0, 0, 1, 9
0, 68, 27, 100, 28, 81, 25, 40, 19, 0, 1, 0, 50, 3, 100, 6, 1
0, 0, 44, 16, 80, 41, 100, 70, 86, 100, 38, 95, 33, 68, 83, 59, 9
0, 64, 41, 68, 79, 87, 100, 100, 87, 75, 76, 49, 65, 24, 57, 0, 1
0, 84, 34, 100, 89, 94, 93, 69, 54, 49, 100, 35, 92, 11, 39, 0, 3
86, 100, 34, 98, 0, 62, 9, 22, 57, 0, 100, 25, 94, 66, 51, 94, 0
12, 77, 36, 90, 44, 100, 37, 63, 46, 27, 100, 21, 47, 8, 0, 0, 1
62, 99, 100, 100, 62, 96, 29, 85, 33, 57, 55, 32, 38, 8, 0, 0, 5
70, 100, 45, 86, 11, 53, 0, 15, 57, 0, 100, 26, 67, 57, 0, 67, 6
0, 82, 35, 100, 74, 97, 68, 64, 40, 37, 18, 15, 58, 6, 100, 0, 2
17, 100, 46, 89, 40, 58, 17, 34, 0, 8, 33, 5, 67, 4, 100, 0, 2
68, 82, 34, 100, 0, 65, 8, 22, 57, 0, 100, 24, 88, 66, 40, 92, 0
49, 49, 100, 79, 54, 100, 8, 68, 35, 27, 0, 0, 6, 35, 71, 63, 8
100, 100, 56, 92, 38, 78, 25, 62, 16, 47, 9, 31, 3, 16, 0, 0, 1
0, 55, 40, 63, 77, 79, 100, 100, 91, 76, 88, 50, 88, 24, 94, 0, 1
73, 98, 14, 78, 19, 0, 100, 41, 56, 100, 0, 58, 76, 85, 14, 13, 0
39, 84, 17, 56, 31, 11, 74, 0, 100, 38, 87, 81, 44, 100, 0, 87, 0
60, 100, 28, 88, 7, 59, 0, 28, 33, 2, 100, 0, 87, 15, 22, 4, 6
100, 100, 67, 96, 29, 67, 0, 33, 15, 0, 70, 1, 71, 18, 19, 10, 6
2, 61, 0, 8, 41, 0, 77, 31, 100, 80, 67, 100, 30, 69, 11, 20, 0
70, 100, 27, 95, 49, 70, 93, 87, 90, 50, 100, 9, 52, 0, 0, 4, 9
89, 100, 43, 76, 0, 75, 49, 99, 100, 90, 84, 56, 53, 24, 38, 0, 9
6, 27, 47, 57, 62, 100, 8, 91, 48, 56, 100, 25, 51, 0, 0, 22, 8
36, 77, 77, 100, 71, 76, 55, 33, 43, 0, 0, 14, 50, 16, 100, 17, 1
18, 100, 18, 87, 0, 54, 43, 32, 100, 46, 98, 55, 49, 32, 25, 0, 4
36, 95, 9, 55, 73, 58, 54, 11, 0, 0, 10, 52, 29, 99, 100, 100, 5
23, 79, 0, 65, 3, 19, 44, 0, 88, 18, 100, 62, 71, 100, 26, 96, 0
77, 97, 63, 73, 91, 32, 54, 0, 0, 24, 49, 54, 100, 86, 46, 100, 8
24, 94, 40, 100, 64, 78, 36, 48, 0, 23, 13, 9, 63, 5, 100, 0, 2
33, 80, 67, 100, 100, 76, 80, 38, 42, 12, 0, 6, 42, 19, 87, 0, 2
33, 77, 64, 100, 100, 89, 68, 62, 78, 43, 86, 12, 44, 0, 0, 2, 3
49, 100, 31, 65, 0, 29, 50, 31, 100, 33, 87, 71, 65, 35, 43, 0, 4
0, 97, 49, 100, 100, 95, 89, 60, 60, 28, 30, 0, 24, 36, 77, 39, 7
30, 59, 46, 100, 49, 47, 27, 5, 0, 7, 33, 16, 66, 0, 100, 4, 2
36, 74, 77, 100, 69, 68, 50, 24, 35, 0, 0, 9, 50, 12, 100, 18, 1
0, 41, 31, 62, 64, 81, 99, 100, 100, 77, 84, 50, 65, 24, 58, 0, 1
74, 81, 46, 100, 0, 74, 66, 64, 97, 71, 100, 34, 76, 0, 6, 8, 9
64, 100, 38, 67, 2, 38, 0, 28, 62, 32, 100, 53, 88, 34, 79, 0, 4
43, 92, 62, 70, 64, 100, 3, 91, 68, 75, 100, 34, 67, 0, 0, 8, 9
0, 90, 36, 100, 53, 76, 15, 51, 67, 46, 100, 20, 61, 0, 10, 7, 3
11, 100, 59, 98, 58, 59, 42, 21, 25, 0, 0, 35, 49, 40, 100, 41, 7
38, 95, 53, 100, 19, 80, 0, 59, 61, 65, 100, 89, 75, 47, 49, 0, 4
100, 100, 54, 84, 18, 59, 0, 29, 21, 1, 75, 0, 92, 27, 51, 48, 6
0, 97, 73, 100, 76, 73, 64, 36, 62, 0, 38, 15, 3, 41, 100, 42, 7
0, 78, 27, 100, 42, 70, 29, 33, 1, 4, 14, 5, 57, 0, 100, 4, 2
31, 100, 12, 87, 0, 55, 22, 26, 72, 31, 100, 60, 74, 31, 60, 0, 4
10, 23, 56, 59, 67, 100, 0, 93, 44, 57, 100, 25, 50, 0, 16, 26, 8
72, 100, 11, 75, 0, 44, 87, 50, 100, 68, 59, 96, 49, 48, 54, 0, 4
0, 51, 21, 56, 62, 78, 100, 100, 77, 79, 52, 53, 32, 26, 24, 0, 1
43, 75, 0, 60, 11, 13, 60, 0, 100, 28, 85, 76, 41, 100, 1, 73, 0
23, 59, 26, 100, 64, 98, 58, 57, 33, 20, 0, 0, 50, 10, 100, 5, 2
0, 92, 38, 100, 87, 93, 70, 71, 72, 47, 100, 22, 64, 3, 15, 0, 3
21, 78, 0, 49, 26, 15, 58, 0, 90, 5, 100, 52, 76, 89, 44, 100, 0
0, 40, 32, 59, 71, 82, 100, 100, 85, 75, 71, 50, 64, 25, 75, 0, 1
63, 100, 29, 83, 10, 50, 19, 16, 67, 0, 100, 19, 48, 31, 0, 19, 6
0, 95, 52, 100, 100, 89, 84, 57, 60, 27, 35, 0, 12, 29, 65, 35, 7
100, 100, 55, 79, 22, 55, 0, 27, 14, 0, 61, 13, 53, 39, 2, 37, 6
78, 86, 61, 100, 0, 100, 7, 64, 62, 51, 100, 25, 63, 0, 7, 5, 5
0, 100, 93, 100, 100, 78, 62, 40, 33, 0, 13, 5, 1, 39, 94, 43, 7
100, 100, 54, 80, 24, 55, 0, 28, 0, 0, 57, 1, 61, 22, 0, 15, 6
45, 100, 42, 79, 11, 45, 0, 7, 62, 0, 100, 23, 41, 35, 33, 11, 6
1, 92, 38, 100, 52, 72, 29, 41, 0, 14, 9, 0, 54, 3, 100, 5, 2
17, 98, 80, 100, 100, 67, 67, 33, 26, 0, 0, 7, 0, 23, 89, 19, 7
22, 86, 62, 100, 83, 81, 61, 61, 100, 43, 88, 14, 45, 2, 0, 0, 3
50, 51, 100, 74, 70, 100, 0, 93, 4, 69, 78, 60, 90, 32, 76, 0, 9
0, 80, 38, 100, 66, 71, 57, 34, 38, 0, 31, 31, 46, 57, 100, 68, 7
5, 66, 16, 100, 100, 98, 69, 58, 29, 20, 75, 0, 21, 32, 0, 71, 8
7, 58, 31, 100, 59, 71, 41, 22, 0, 0, 7, 22, 54, 12, 100, 0, 2
37, 99, 0, 57, 26, 28, 96, 29, 100, 62, 69, 100, 60, 50, 59, 0, 4
27, 95, 0, 62, 59, 47, 42, 0, 1, 4, 5, 54, 31, 95, 100, 100, 5
87, 68, 34, 60, 0, 89, 59, 100, 78, 64, 100, 28, 82, 0, 3, 8, 9
13, 93, 16, 100, 0, 60, 54, 42, 100, 43, 89, 79, 59, 41, 45, 0, 4
0, 70, 6, 98, 46, 100, 76, 77, 50, 46, 24, 17, 58, 0, 100, 1, 2
0, 67, 8, 21, 45, 0, 85, 10, 100, 51, 75, 89, 36, 100, 7, 71, 0
0, 90, 47, 100, 86, 83, 66, 43, 55, 0, 41, 3, 40, 39, 100, 36, 7
16, 67, 35, 100, 50, 70, 36, 34, 15, 0, 0, 21, 48, 20, 100, 9, 2
17, 100, 79, 92, 100, 76, 72, 44, 49, 10, 24, 0, 0, 31, 71, 33, 7
100, 87, 96, 100, 49, 73, 11, 44, 0, 10, 60, 0, 73, 27, 16, 27, 6
33, 63, 69, 82, 100, 100, 78, 78, 71, 54, 69, 29, 57, 6, 0, 0, 1
45, 59, 99, 66, 100, 100, 7, 94, 0, 64, 96, 66, 78, 37, 54, 0, 9
54, 92, 100, 100, 56, 89, 18, 66, 48, 52, 82, 34, 49, 8, 0, 0, 5
0, 95, 53, 100, 81, 67, 61, 24, 49, 0, 7, 29, 42, 42, 100, 43, 7
35, 69, 55, 100, 87, 81, 70, 44, 34, 17, 0, 4, 50, 5, 100, 0, 2
0, 93, 51, 100, 100, 84, 75, 42, 50, 0, 30, 1, 36, 28, 94, 29, 7
14, 78, 38, 100, 82, 81, 69, 46, 24, 24, 0, 30, 54, 21, 100, 0, 2
0, 100, 60, 97, 100, 73, 82, 36, 64, 0, 88, 15, 89, 38, 23, 40, 7
100, 88, 32, 100, 0, 64, 55, 31, 40, 0, 5, 30, 55, 66, 91, 98, 8
44, 79, 19, 60, 6, 14, 55, 0, 100, 34, 92, 79, 35, 100, 0, 69, 0
90, 100, 53, 73, 19, 46, 0, 16, 41, 0, 100, 8, 81, 26, 20, 29, 6
64, 100, 15, 77, 0, 45, 100, 59, 84, 78, 58, 90, 56, 44, 67, 0, 4
0, 63, 63, 33, 72, 0, 20, 9, 58, 42, 100, 74, 56, 100, 7, 71, 8
46, 100, 4, 75, 7, 24, 53, 0, 100, 21, 89, 68, 44, 97, 0, 88, 0
35, 100, 0, 71, 32, 50, 95, 54, 100, 78, 85, 70, 76, 35, 71, 0, 4
35, 94, 0, 66, 51, 54, 48, 13, 1, 0, 17, 47, 35, 94, 100, 100, 5
46, 100, 19, 77, 0, 49, 0, 20, 42, 0, 100, 7, 77, 28, 27, 17, 6
15, 81, 42, 100, 71, 81, 54, 54, 27, 30, 0, 5, 45, 0, 100, 1, 2
44, 81, 68, 100, 85, 74, 69, 46, 40, 21, 0, 0, 41, 5, 100, 8, 2
61, 100, 28, 73, 11, 44, 19, 12, 70, 0, 100, 22, 49, 36, 0, 21, 6
12, 84, 36, 100, 0, 65, 46, 44, 100, 57, 83, 75, 53, 38, 28, 0, 4
7, 72, 0, 100, 42, 100, 100, 100, 90, 80, 61, 55, 39, 28, 23, 0, 7
66, 100, 26, 74, 0, 49, 80, 60, 100, 75, 59, 78, 37, 38, 3, 0, 4
17, 85, 30, 54, 91, 46, 70, 0, 26, 14, 0, 62, 32, 93, 100, 100, 5
15, 67, 44, 100, 51, 91, 44, 44, 29, 0, 0, 1, 50, 4, 100, 2, 1
0, 37, 35, 58, 70, 80, 100, 100, 86, 75, 70, 50, 56, 25, 49, 0, 1
0, 100, 20, 98, 78, 98, 100, 92, 61, 72, 33, 48, 15, 22, 25, 0, 7
98, 85, 30, 100, 0, 68, 77, 64, 84, 78, 100, 39, 94, 0, 15, 1, 9
0, 88, 50, 100, 83, 85, 52, 61, 62, 38, 100, 18, 57, 1, 3, 0, 3
0, 61, 42, 78, 81, 98, 100, 100, 84, 74, 72, 49, 65, 23, 65, 0, 1
55, 100, 16, 89, 0, 59, 4, 28, 34, 0, 100, 1, 90, 25, 32, 10, 6
100, 100, 72, 83, 46, 59, 29, 35, 20, 9, 62, 0, 60, 22, 0, 29, 6
37, 78, 8, 60, 56, 34, 44, 0, 0, 10, 10, 55, 43, 86, 100, 100, 5
81, 100, 46, 75, 19, 49, 0, 22, 29, 0, 100, 10, 97, 33, 20, 32, 6
100, 100, 48, 87, 13, 55, 4, 19, 50, 0, 94, 25, 49, 38, 0, 15, 6
28, 81, 60, 100, 100, 85, 81, 57, 95, 39, 91, 12, 44, 0, 0, 11, 3
0, 87, 56, 100, 80, 70, 62, 35, 56, 0, 11, 28, 11, 43, 100, 49, 7
66, 98, 55, 70, 98, 68, 100, 100, 57, 92, 33, 62, 16, 31, 0, 0, 0
100, 97, 69, 100, 39, 86, 59, 62, 78, 36, 63, 9, 30, 2, 0, 0, 5
29, 96, 5, 100, 0, 72, 4, 45, 47, 36, 77, 51, 75, 23, 100, 0, 4
20, 98, 97, 100, 100, 99, 31, 88, 41, 57, 97, 30, 57, 0, 0, 13, 5
20, 81, 0, 39, 22, 0, 68, 5, 100, 37, 89, 83, 47, 100, 14, 68, 0
100, 81, 52, 100, 6, 75, 0, 39, 31, 6, 90, 0, 68, 30, 10, 19, 6
27, 50, 66, 35, 46, 0, 7, 31, 46, 68, 100, 100, 41, 100, 0, 64, 8
46, 100, 11, 69, 0, 24, 35, 0, 81, 14, 100, 53, 62, 80, 17, 72, 0
0, 93, 38, 100, 96, 95, 100, 57, 78, 20, 57, 0, 23, 32, 74, 38, 7
77, 100, 55, 75, 40, 48, 36, 21, 64, 0, 100, 16, 49, 21, 0, 10, 6
64, 100, 41, 71, 5, 43, 0, 36, 57, 36, 100, 49, 88, 36, 87, 0, 4
17, 100, 12, 65, 55, 42, 29, 0, 0, 20, 8, 74, 43, 98, 100, 100, 5
0, 91, 40, 100, 64, 72, 54, 36, 45, 0, 13, 30, 45, 42, 100, 45, 7
59, 77, 60, 44, 69, 0, 0, 6, 36, 43, 100, 72, 96, 100, 31, 75, 8
34, 84, 9, 64, 0, 25, 41, 0, 88, 27, 100, 67, 68, 100, 12, 85, 0
23, 94, 8, 59, 83, 45, 64, 0, 24, 2, 0, 48, 23, 92, 100, 100, 5
19, 76, 34, 100, 41, 66, 27, 32, 0, 7, 25, 3, 63, 0, 100, 6, 2
0, 91, 34, 100, 100, 77, 99, 38, 71, 0, 90, 7, 85, 30, 0, 25, 7
5, 32, 36, 54, 71, 75, 100, 100, 71, 78, 43, 53, 17, 27, 0, 0, 1
51, 65, 59, 100, 0, 72, 63, 37, 100, 1, 4, 0, 15, 37, 99, 62, 8
55, 98, 85, 100, 90, 70, 62, 43, 27, 20, 0, 1, 50, 5, 100, 0, 2
9, 67, 16, 23, 52, 0, 91, 21, 100, 65, 74, 100, 30, 97, 0, 65, 0
74, 88, 15, 100, 25, 61, 82, 27, 56, 0, 0, 23, 52, 58, 100, 90, 8
0, 100, 62, 89, 71, 59, 54, 29, 40, 0, 2, 20, 5, 42, 100, 49, 7
35, 80, 69, 100, 66, 58, 39, 24, 0, 0, 9, 13, 54, 13, 100, 7, 2
17, 85, 54, 100, 90, 84, 89, 57, 100, 36, 97, 11, 49, 0, 0, 1, 3
0, 65, 28, 36, 41, 0, 19, 4, 5, 40, 7, 79, 50, 97, 100, 100, 5
20, 72, 51, 100, 60, 69, 40, 35, 12, 4, 0, 12, 49, 9, 100, 0, 2
9, 92, 0, 96, 47, 100, 93, 96, 100, 71, 76, 47, 51, 23, 27, 0, 7
0, 95, 51, 100, 100, 90, 72, 56, 50, 20, 36, 0, 17, 37, 69, 46, 7
58, 58, 100, 94, 45, 100, 41, 59, 72, 20, 10, 0, 0, 31, 67, 57, 8
80, 89, 52, 97, 46, 49, 59, 0, 0, 6, 51, 44, 100, 84, 49, 100, 8
69, 100, 86, 68, 98, 98, 32, 81, 100, 77, 98, 51, 82, 6, 0, 0, 9
24, 86, 21, 63, 66, 32, 27, 0, 1, 25, 0, 72, 37, 100, 100, 99, 5
0, 100, 7, 91, 4, 70, 7, 47, 30, 31, 74, 41, 80, 20, 100, 0, 4
13, 100, 0, 71, 37, 50, 100, 56, 90, 76, 80, 61, 81, 30, 88, 0, 4
18, 73, 29, 100, 92, 98, 61, 71, 55, 49, 100, 24, 65, 0, 0, 2, 3
100, 100, 77, 81, 48, 56, 23, 30, 25, 3, 81, 0, 58, 22, 0, 28, 6
13, 71, 0, 35, 19, 0, 67, 8, 100, 38, 96, 78, 55, 100, 14, 82, 0
22, 100, 12, 71, 0, 41, 30, 26, 100, 27, 99, 42, 74, 30, 73, 0, 4
36, 72, 47, 100, 78, 76, 55, 38, 17, 8, 0, 5, 50, 13, 100, 0, 2
0, 100, 39, 100, 52, 67, 50, 32, 41, 0, 21, 32, 55, 43, 100, 45, 7
0, 74, 28, 100, 50, 76, 29, 38, 1, 8, 26, 0, 63, 0, 100, 3, 2
13, 71, 51, 100, 100, 78, 57, 39, 15, 0, 79, 8, 25, 44, 0, 82, 8
41, 78, 68, 100, 78, 83, 70, 57, 100, 34, 82, 5, 41, 0, 0, 9, 3
43, 93, 86, 100, 100, 74, 61, 52, 55, 36, 98, 19, 56, 0, 0, 0, 3
51, 100, 10, 75, 0, 33, 31, 0, 82, 6, 100, 44, 75, 82, 28, 90, 0
56, 100, 37, 68, 0, 35, 71, 31, 100, 50, 73, 72, 71, 36, 74, 0, 4
88, 100, 38, 85, 18, 49, 19, 12, 65, 0, 100, 28, 53, 46, 0, 31, 6
34, 100, 0, 77, 11, 25, 56, 0, 100, 17, 99, 69, 52, 83, 34, 45, 0
91, 100, 52, 89, 24, 57, 13, 22, 57, 0, 100, 23, 60, 49, 0, 43, 6
75, 94, 62, 100, 22, 67, 0, 30, 35, 0, 100, 8, 78, 43, 16, 59, 6
68, 66, 100, 93, 48, 100, 0, 78, 47, 68, 90, 56, 67, 26, 29, 0, 9
87, 86, 45, 100, 26, 71, 71, 60, 100, 57, 90, 17, 49, 0, 0, 5, 9
100, 88, 67, 100, 31, 80, 61, 55, 100, 34, 95, 5, 45, 3, 0, 0, 5
54, 84, 100, 100, 80, 88, 29, 72, 59, 49, 94, 23, 51, 0, 0, 1, 5
0, 100, 75, 90, 59, 95, 15, 73, 40, 54, 100, 37, 69, 0, 9, 7, 5
0, 75, 24, 100, 64, 95, 57, 66, 96, 50, 100, 19, 64, 0, 22, 3, 3
0, 83, 26, 100, 71, 93, 77, 67, 77, 40, 100, 16, 67, 0, 18, 0, 3
43, 93, 22, 71, 43, 33, 9, 0, 0, 36, 9, 81, 51, 100, 100, 99, 5
0, 52, 20, 83, 56, 100, 79, 84, 58, 52, 36, 20, 59, 1, 100, 0, 2
50, 91, 56, 72, 100, 100, 46, 100, 82, 81, 94, 43, 64, 4, 0, 0, 9
71, 82, 100, 100, 44, 69, 0, 35, 8, 0, 90, 12, 75, 32, 5, 11, 6
77, 100, 41, 71, 0, 40, 7, 18, 75, 30, 100, 52, 70, 37, 57, 0, 4
0, 88, 48, 100, 78, 77, 43, 51, 55, 41, 100, 22, 67, 0, 16, 7, 3
70, 100, 28, 85, 2, 52, 0, 17, 53, 0, 100, 22, 52, 44, 6, 28, 6
8, 73, 25, 100, 53, 71, 40, 35, 2, 11, 0, 1, 50, 1, 100, 0, 2
53, 93, 0, 88, 58, 59, 49, 100, 44, 70, 100, 41, 58, 0, 0, 16, 9
0, 54, 35, 70, 88, 93, 100, 100, 71, 75, 45, 50, 27, 25, 25, 0, 1
39, 96, 79, 100, 93, 79, 67, 57, 100, 38, 88, 13, 46, 0, 0, 2, 3
49, 94, 10, 70, 0, 33, 25, 0, 82, 9, 100, 44, 91, 81, 42, 100, 0
63, 98, 8, 83, 73, 43, 100, 0, 0, 5, 35, 49, 97, 90, 13, 100, 8
39, 61, 95, 79, 65, 100, 0, 90, 13, 67, 80, 57, 100, 30, 85, 0, 9
34, 100, 0, 76, 0, 35, 32, 1, 85, 0, 100, 38, 85, 77, 36, 84, 0
10, 89, 21, 52, 75, 44, 60, 0, 12, 12, 0, 60, 36, 93, 100, 100, 5
45, 100, 26, 70, 0, 34, 21, 26, 82, 25, 100, 59, 82, 41, 78, 0, 4
0, 37, 17, 0, 66, 1, 100, 31, 96, 71, 59, 100, 12, 98, 9, 59, 0
99, 100, 41, 89, 4, 61, 0, 26, 42, 0, 100, 4, 75, 33, 16, 38, 6
55, 50, 100, 74, 76, 100, 7, 90, 0, 64, 72, 55, 97, 32, 83, 0, 9
47, 100, 36, 69, 0, 34, 50, 28, 100, 43, 98, 81, 89, 41, 84, 0, 4
83, 100, 72, 85, 28, 56, 0, 22, 51, 0, 100, 16, 46, 37, 29, 11, 6
14, 61, 12, 21, 48, 0, 85, 24, 100, 63, 83, 99, 36, 100, 0, 75, 0
18, 81, 27, 54, 59, 19, 18, 0, 0, 35, 6, 83, 51, 100, 100, 100, 5
49, 100, 0, 30, 39, 0, 100, 59, 49, 79, 19, 44, 85, 80, 23, 21, 0
35, 79, 66, 100, 87, 72, 69, 38, 36, 10, 0, 0, 50, 4, 100, 5, 2
0, 60, 34, 83, 57, 100, 51, 64, 48, 29, 13, 0, 20, 2, 100, 4, 1
100, 100, 74, 86, 48, 73, 29, 59, 16, 44, 6, 29, 0, 15, 0, 0, 1
0, 69, 56, 76, 85, 99, 98, 100, 100, 75, 97, 50, 92, 25, 92, 0, 1
27, 86, 50, 100, 100, 95, 64, 72, 50, 47, 80, 21, 53, 0, 0, 3, 3
0, 50, 52, 75, 100, 100, 92, 63, 80, 26, 45, 0, 12, 3, 90, 2, 1
8, 81, 53, 100, 100, 94, 64, 66, 77, 54, 99, 30, 54, 8, 0, 0, 3
15, 100, 4, 72, 0, 38, 48, 31, 100, 38, 96, 64, 81, 32, 63, 0, 4
35, 86, 67, 100, 100, 84, 57, 66, 95, 44, 96, 12, 48, 0, 0, 11, 3
32, 82, 73, 100, 100, 92, 66, 66, 76, 44, 92, 18, 48, 3, 0, 0, 3
39, 99, 0, 65, 74, 52, 74, 9, 21, 0, 23, 50, 24, 99, 100, 100, 5
42, 100, 15, 73, 0, 45, 4, 17, 51, 0, 100, 16, 92, 43, 34, 39, 6
78, 91, 11, 100, 6, 67, 38, 34, 51, 0, 0, 20, 35, 51, 100, 72, 8
100, 65, 72, 100, 0, 85, 20, 52, 79, 78, 99, 48, 83, 5, 14, 0, 9
13, 99, 0, 59, 10, 17, 62, 0, 100, 30, 87, 72, 41, 100, 0, 75, 0
100, 100, 44, 89, 11, 61, 0, 30, 23, 0, 84, 1, 88, 28, 28, 29, 6
19, 100, 0, 78, 23, 50, 100, 55, 84, 79, 64, 68, 60, 34, 57, 0, 4
61, 100, 0, 70, 54, 38, 100, 5, 13, 0, 34, 36, 87, 71, 36, 84, 8
61, 56, 45, 100, 0, 69, 58, 38, 100, 0, 38, 3, 46, 54, 79, 99, 8
0, 44, 26, 62, 62, 81, 100, 100, 97, 78, 79, 52, 64, 26, 53, 0, 1
74, 100, 50, 65, 0, 37, 3, 36, 74, 39, 100, 61, 70, 39, 51, 0, 4
0, 98, 72, 100, 97, 82, 55, 43, 31, 0, 24, 2, 16, 39, 100, 41, 7
77, 90, 8, 100, 1, 64, 55, 31, 60, 0, 0, 27, 29, 65, 100, 89, 8
45, 100, 23, 55, 27, 4, 73, 0, 100, 45, 85, 93, 30, 95, 0, 53, 0
100, 98, 67, 100, 48, 84, 38, 68, 27, 51, 19, 33, 9, 16, 0, 0, 1
0, 33, 26, 45, 51, 63, 75, 82, 100, 100, 89, 66, 74, 34, 71, 0, 1
100, 80, 67, 100, 42, 73, 80, 70, 89, 64, 79, 25, 45, 1, 0, 0, 9
0, 92, 53, 100, 78, 70, 61, 34, 39, 0, 6, 29, 43, 39, 100, 30, 7
0, 82, 41, 100, 75, 72, 68, 22, 42, 0, 11, 37, 54, 47, 100, 46, 7
48, 94, 0, 73, 49, 67, 79, 33, 26, 0, 19, 40, 21, 83, 100, 100, 5
37, 83, 77, 100, 14, 95, 2, 68, 52, 46, 100, 23, 58, 0, 0, 0, 5
88, 79, 80, 100, 15, 88, 59, 85, 100, 75, 76, 46, 38, 19, 0, 0, 9
0, 91, 41, 100, 100, 94, 74, 62, 45, 31, 15, 0, 4, 16, 47, 32, 7
68, 100, 0, 90, 62, 47, 100, 0, 15, 5, 53, 55, 97, 100, 18, 84, 8
25, 100, 11, 86, 0, 60, 51, 57, 100, 71, 92, 51, 72, 26, 57, 0, 4
100, 100, 56, 93, 40, 65, 85, 78, 94, 70, 86, 32, 51, 5, 0, 0, 9
100, 98, 24, 100, 6, 68, 78, 41, 70, 0, 0, 9, 32, 53, 83, 93, 8
78, 71, 36, 71, 20, 95, 75, 100, 100, 74, 78, 46, 40, 21, 0, 0, 9
0, 88, 39, 100, 79, 89, 76, 62, 55, 36, 27, 15, 54, 3, 100, 0, 2
9, 93, 41, 100, 59, 59, 41, 16, 11, 0, 0, 37, 50, 34, 100, 25, 7
77, 100, 37, 88, 61, 68, 100, 85, 84, 69, 72, 41, 39, 18, 0, 0, 9
41, 94, 22, 69, 90, 42, 100, 3, 20, 0, 0, 37, 47, 73, 40, 100, 8
100, 77, 49, 66, 0, 69, 30, 97, 80, 100, 90, 65, 64, 31, 38, 0, 9
97, 94, 61, 100, 28, 77, 67, 71, 100, 47, 86, 8, 43, 0, 0, 12, 5
39, 85, 18, 100, 20, 67, 67, 76, 83, 71, 100, 29, 61, 0, 0, 13, 9
0, 72, 0, 77, 23, 64, 73, 37, 25, 0, 9, 62, 33, 100, 100, 100, 5
13, 76, 35, 100, 57, 74, 40, 42, 10, 14, 0, 13, 51, 11, 100, 0, 2
60, 82, 71, 100, 100, 87, 73, 60, 100, 36, 79, 8, 37, 0, 0, 17, 3
77, 95, 33, 100, 0, 64, 0, 20, 50, 0, 100, 21, 57, 35, 19, 3, 6
0, 79, 25, 100, 62, 98, 69, 66, 47, 37, 27, 8, 63, 1, 100, 0, 2
5, 76, 29, 100, 100, 81, 55, 39, 0, 0, 61, 3, 15, 44, 21, 83, 8
24, 100, 0, 78, 2, 45, 80, 45, 100, 75, 72, 71, 37, 36, 8, 0, 4
77, 95, 20, 81, 43, 59, 76, 19, 15, 0, 0, 36, 38, 85, 100, 100, 5
49, 100, 20, 81, 0, 44, 17, 8, 71, 0, 100, 31, 85, 69, 41, 94, 0
0, 96, 38, 100, 75, 92, 70, 46, 62, 0, 49, 15, 63, 34, 100, 38, 7
32, 87, 12, 69, 0, 30, 31, 0, 82, 8, 100, 46, 76, 81, 29, 100, 0
56, 63, 71, 100, 1, 81, 48, 42, 76, 0, 0, 13, 27, 56, 100, 86, 8
12, 76, 46, 100, 67, 79, 52, 46, 26, 16, 0, 0, 55, 2, 100, 7, 2
10, 71, 44, 100, 67, 76, 52, 37, 24, 4, 0, 5, 49, 9, 100, 0, 2
66, 82, 2, 100, 0, 67, 57, 37, 62, 0, 6, 22, 32, 60, 100, 84, 8
11, 100, 28, 85, 15, 53, 0, 22, 53, 22, 100, 42, 91, 32, 92, 0, 4
0, 97, 28, 78, 100, 95, 16, 100, 1, 81, 80, 64, 53, 25, 11, 0, 9
2, 91, 48, 100, 68, 69, 52, 34, 37, 0, 0, 24, 43, 34, 100, 31, 7
0, 96, 42, 100, 66, 73, 55, 36, 44, 0, 20, 31, 50, 44, 100, 46, 7
29, 76, 45, 100, 100, 90, 75, 63, 43, 40, 98, 24, 63, 4, 0, 0, 3
86, 100, 47, 81, 14, 55, 0, 27, 22, 0, 88, 0, 100, 26, 34, 28, 6
25, 88, 8, 68, 0, 27, 39, 0, 87, 15, 100, 56, 73, 89, 20, 100, 0
34, 95, 0, 62, 42, 32, 47, 0, 7, 8, 13, 70, 51, 100, 100, 96, 5
0, 86, 36, 100, 66, 75, 48, 40, 16, 13, 12, 0, 56, 8, 100, 7, 2
62, 79, 70, 100, 87, 73, 61, 41, 20, 16, 0, 26, 54, 22, 100, 0, 2
39, 100, 0, 74, 19, 51, 81, 52, 100, 70, 70, 63, 52, 32, 44, 0, 4
72, 100, 44, 65, 0, 36, 39, 39, 100, 47, 83, 70, 55, 36, 35, 0, 4
79, 100, 51, 85, 26, 51, 15, 13, 62, 0, 100, 21, 49, 31, 0, 15, 6
39, 100, 69, 58, 95, 10, 14, 0, 17, 42, 100, 66, 91, 100, 0, 100, 8
100, 91, 58, 100, 32, 75, 77, 87, 77, 76, 52, 43, 28, 10, 0, 0, 9
100, 93, 51, 100, 21, 60, 75, 61, 94, 95, 91, 46, 56, 6, 0, 0, 9
72, 100, 6, 80, 0, 50, 100, 54, 95, 72, 67, 87, 61, 41, 77, 0, 4
100, 100, 48, 80, 13, 53, 0, 23, 36, 0, 94, 15, 64, 30, 10, 11, 6
61, 92, 100, 100, 100, 94, 62, 83, 30, 60, 49, 27, 36, 0, 0, 6, 5
59, 100, 6, 57, 100, 72, 26, 86, 64, 46, 0, 0, 91, 10, 35, 34, 8
12, 75, 46, 100, 66, 74, 41, 42, 6, 14, 0, 15, 51, 11, 100, 0, 2
21, 69, 0, 48, 19, 7, 61, 0, 94, 30, 100, 74, 67, 100, 29, 83, 0
1, 91, 51, 100, 100, 86, 62, 49, 33, 9, 15, 0, 0, 36, 75, 33, 7
100, 100, 43, 84, 12, 58, 0, 31, 17, 5, 91, 0, 98, 15, 21, 11, 6
96, 100, 51, 75, 19, 48, 0, 19, 41, 0, 100, 17, 81, 43, 8, 42, 6
0, 73, 28, 100, 68, 87, 69, 44, 63, 1, 45, 0, 54, 23, 100, 32, 7
70, 90, 27, 73, 1, 100, 57, 90, 84, 57, 100, 21, 66, 0, 0, 8, 9
9, 67, 32, 100, 58, 79, 43, 42, 17, 8, 0, 0, 49, 12, 100, 1, 2
32, 68, 0, 100, 38, 71, 100, 37, 75, 0, 13, 18, 35, 59, 90, 95, 8
0, 88, 40, 100, 59, 69, 36, 36, 0, 11, 9, 13, 57, 15, 100, 0, 2
16, 100, 1, 84, 0, 58, 29, 39, 74, 46, 100, 51, 88, 25, 78, 0, 4
33, 63, 67, 82, 100, 100, 84, 85, 59, 64, 37, 43, 16, 21, 0, 0, 1
3, 94, 0, 100, 76, 100, 100, 92, 64, 70, 39, 46, 26, 21, 33, 0, 7
55, 100, 33, 79, 14, 55, 0, 30, 57, 24, 100, 46, 64, 25, 67, 0, 4
100, 100, 42, 89, 26, 74, 11, 59, 5, 45, 0, 29, 0, 14, 21, 0, 1
39, 84, 64, 100, 83, 77, 71, 53, 100, 31, 80, 6, 31, 0, 0, 18, 3
30, 58, 79, 91, 100, 100, 88, 60, 79, 20, 16, 0, 0, 1, 86, 2, 1
0, 17, 24, 44, 64, 73, 100, 100, 68, 84, 32, 57, 24, 28, 16, 0, 1
96, 98, 44, 100, 5, 72, 0, 36, 38, 8, 100, 6, 61, 21, 11, 0, 6
4, 81, 35, 100, 45, 75, 25, 56, 82, 53, 100, 25, 57, 6, 0, 0, 3
31, 70, 47, 100, 91, 75, 51, 50, 71, 48, 100, 18, 51, 0, 0, 17, 3
46, 73, 80, 100, 70, 86, 61, 46, 45, 8, 0, 0, 47, 4, 100, 7, 1
93, 100, 39, 81, 10, 46, 11, 7, 71, 2, 100, 35, 37, 32, 0, 0, 6
0, 90, 46, 100, 88, 92, 79, 69, 60, 48, 39, 27, 47, 6, 100, 0, 2
88, 100, 42, 77, 12, 50, 0, 22, 45, 0, 100, 17, 73, 44, 15, 49, 6
5, 97, 9, 61, 37, 25, 0, 0, 7, 32, 56, 64, 100, 96, 37, 100, 8
88, 100, 100, 95, 75, 79, 38, 64, 25, 47, 12, 32, 0, 16, 12, 0, 1
0, 39, 30, 69, 48, 100, 39, 69, 41, 35, 33, 5, 31, 2, 100, 0, 1
100, 98, 71, 100, 42, 88, 35, 55, 59, 41, 61, 16, 31, 3, 0, 0, 5
95, 76, 34, 80, 0, 97, 57, 100, 98, 80, 100, 53, 83, 25, 59, 0, 9
0, 83, 28, 96, 63, 100, 72, 78, 58, 54, 50, 29, 65, 8, 100, 0, 2
0, 79, 27, 93, 60, 100, 77, 80, 72, 54, 64, 28, 66, 4, 100, 0, 2
0, 87, 18, 95, 89, 100, 100, 79, 64, 41, 38, 0, 1, 10, 52, 24, 7
79, 98, 30, 90, 2, 53, 0, 10, 46, 0, 88, 27, 100, 70, 73, 100, 0
87, 100, 49, 77, 19, 52, 0, 24, 25, 0, 83, 2, 100, 25, 45, 31, 6
73, 100, 13, 64, 66, 49, 100, 93, 43, 70, 0, 28, 17, 0, 29, 34, 8
18, 72, 25, 100, 24, 70, 22, 34, 17, 0, 0, 2, 51, 2, 100, 2, 1
0, 74, 19, 98, 60, 100, 46, 66, 22, 34, 15, 0, 59, 0, 100, 11, 2
1, 77, 80, 74, 75, 100, 0, 84, 38, 66, 100, 76, 87, 38, 88, 0, 9
100, 100, 64, 78, 33, 56, 13, 32, 3, 8, 54, 0, 54, 17, 0, 9, 6
10, 68, 35, 100, 59, 72, 37, 30, 0, 3, 15, 14, 58, 2, 100, 0, 2
100, 100, 58, 80, 26, 58, 0, 35, 0, 11, 61, 0, 74, 12, 16, 6, 6
97, 82, 68, 100, 42, 69, 44, 32, 23, 0, 0, 24, 42, 49, 100, 61, 8
100, 100, 58, 91, 24, 69, 2, 42, 0, 12, 39, 0, 49, 26, 4, 37, 6
26, 83, 72, 100, 84, 69, 56, 45, 100, 47, 87, 15, 36, 0, 0, 24, 3
36, 84, 81, 100, 97, 70, 52, 46, 96, 33, 100, 5, 45, 0, 0, 18, 3
100, 100, 57, 85, 20, 57, 0, 27, 26, 0, 90, 8, 81, 34, 14, 36, 6
99, 89, 26, 100, 27, 68, 83, 32, 40, 0, 0, 27, 63, 61, 100, 91, 8
0, 89, 33, 100, 49, 54, 39, 6, 16, 0, 10, 36, 55, 35, 100, 31, 7
25, 70, 40, 100, 68, 81, 47, 46, 18, 14, 0, 0, 53, 3, 100, 12, 2
53, 92, 100, 100, 66, 94, 40, 66, 49, 39, 87, 18, 48, 0, 0, 4, 5
0, 74, 68, 69, 90, 100, 13, 91, 42, 70, 100, 77, 83, 39, 79, 0, 9
53, 100, 16, 78, 0, 47, 59, 38, 100, 63, 86, 58, 58, 29, 29, 0, 4
13, 96, 0, 71, 78, 61, 82, 12, 7, 0, 4, 49, 15, 97, 100, 100, 5
72, 74, 63, 100, 0, 78, 67, 42, 100, 0, 15, 4, 38, 47, 95, 80, 8
19, 86, 0, 47, 5, 4, 50, 0, 90, 29, 100, 70, 68, 100, 35, 75, 0
46, 100, 28, 86, 6, 42, 23, 0, 82, 13, 100, 56, 62, 92, 0, 88, 0
100, 100, 77, 99, 42, 76, 16, 50, 0, 20, 28, 0, 65, 17, 25, 30, 6
100, 100, 71, 93, 38, 65, 16, 33, 29, 0, 76, 7, 35, 19, 0, 14, 6
44, 86, 76, 100, 74, 73, 55, 45, 100, 32, 100, 9, 49, 0, 0, 4, 3
48, 86, 92, 100, 100, 79, 58, 62, 80, 48, 75, 17, 33, 0, 0, 15, 3
0, 73, 7, 84, 63, 100, 100, 98, 88, 73, 80, 49, 74, 24, 77, 0, 1
65, 80, 59, 100, 2, 75, 73, 45, 100, 10, 0, 0, 8, 33, 78, 63, 8
0, 83, 52, 100, 100, 82, 80, 41, 53, 0, 30, 3, 33, 40, 99, 45, 7
46, 100, 10, 71, 0, 28, 32, 0, 76, 20, 100, 59, 87, 99, 39, 98, 0
28, 98, 77, 100, 89, 65, 67, 27, 35, 0, 0, 17, 48, 29, 100, 30, 7
46, 100, 30, 79, 0, 51, 43, 38, 86, 47, 100, 64, 81, 32, 71, 0, 4
89, 100, 52, 72, 0, 46, 10, 33, 100, 35, 99, 60, 89, 31, 85, 0, 4
32, 76, 51, 100, 70, 73, 39, 41, 0, 17, 10, 18, 54, 0, 100, 6, 2
14, 83, 0, 74, 8, 94, 62, 100, 100, 97, 75, 63, 61, 26, 56, 0, 7
3, 51, 38, 84, 99, 100, 100, 63, 57, 33, 0, 10, 12, 0, 82, 1, 2
72, 100, 16, 89, 52, 60, 100, 86, 92, 72, 93, 28, 55, 0, 0, 19, 9
76, 97, 38, 71, 44, 34, 36, 0, 0, 24, 54, 52, 100, 82, 62, 100, 8
0, 87, 23, 100, 47, 85, 33, 53, 17, 21, 33, 0, 66, 8, 100, 18, 2
85, 98, 17, 99, 21, 61, 66, 23, 15, 0, 0, 35, 61, 68, 100, 100, 8
71, 100, 12, 76, 0, 47, 100, 47, 97, 83, 74, 93, 68, 44, 65, 0, 4
8, 73, 22, 100, 34, 65, 26, 29, 0, 2, 16, 0, 58, 3, 100, 6, 2
57, 100, 10, 87, 0, 53, 52, 39, 95, 58, 100, 68, 87, 35, 84, 0, 4
100, 100, 62, 85, 32, 57, 11, 26, 25, 0, 58, 21, 35, 45, 0, 35, 6
98, 87, 44, 100, 20, 70, 26, 31, 0, 0, 0, 32, 44, 58, 100, 70, 8
100, 100, 55, 89, 21, 59, 0, 27, 29, 0, 88, 11, 70, 39, 4, 37, 6
41, 84, 59, 100, 53, 69, 28, 40, 0, 14, 32, 16, 67, 0, 100, 21, 2
100, 100, 51, 81, 7, 61, 0, 42, 67, 51, 51, 46, 23, 23, 9, 0, 4
16, 81, 54, 100, 100, 89, 60, 61, 58, 48, 97, 28, 57, 0, 0, 5, 3
0, 51, 35, 69, 78, 91, 100, 100, 81, 75, 62, 50, 40, 25, 24, 0, 1
8, 68, 33, 100, 52, 79, 31, 42, 0, 14, 24, 0, 64, 1, 100, 19, 2
100, 100, 61, 79, 25, 51, 0, 20, 38, 0, 91, 17, 61, 42, 5, 28, 6
0, 90, 57, 100, 100, 81, 83, 40, 58, 0, 29, 3, 28, 37, 89, 43, 7
21, 86, 72, 100, 85, 72, 70, 43, 79, 41, 100, 15, 47, 0, 0, 18, 3
65, 100, 35, 85, 4, 54, 0, 20, 48, 0, 100, 24, 67, 51, 7, 36, 6
47, 85, 67, 100, 82, 78, 61, 51, 100, 38, 90, 12, 45, 0, 0, 7, 3
77, 69, 97, 100, 28, 80, 53, 38, 78, 0, 0, 7, 30, 43, 100, 69, 8
0, 0, 29, 19, 53, 46, 78, 74, 100, 100, 81, 67, 65, 34, 50, 0, 1
71, 63, 88, 100, 14, 97, 0, 58, 76, 60, 100, 77, 60, 39, 23, 0, 9
17, 100, 18, 55, 64, 42, 40, 0, 12, 27, 0, 75, 45, 95, 100, 99, 5
62, 91, 79, 64, 90, 100, 56, 78, 97, 64, 100, 21, 51, 0, 0, 16, 9
0, 63, 22, 66, 64, 87, 100, 100, 76, 75, 53, 50, 27, 25, 7, 0, 1
100, 72, 47, 57, 18, 78, 60, 100, 90, 74, 83, 39, 53, 10, 0, 0, 9
0, 79, 25, 100, 35, 66, 22, 30, 3, 0, 35, 1, 67, 4, 100, 11, 2
0, 86, 47, 100, 83, 86, 48, 64, 62, 49, 100, 31, 71, 7, 16, 0, 3
66, 100, 32, 71, 0, 43, 59, 45, 100, 70, 100, 65, 76, 32, 50, 0, 4
100, 93, 66, 100, 27, 93, 0, 65, 31, 55, 66, 40, 47, 10, 7, 0, 5
14, 67, 29, 100, 54, 72, 35, 32, 0, 4, 17, 10, 59, 0, 100, 3, 2
13, 90, 64, 100, 90, 74, 39, 58, 97, 53, 100, 20, 51, 0, 0, 12, 3
34, 69, 54, 100, 62, 68, 36, 34, 0, 8, 6, 10, 52, 3, 100, 0, 2
30, 100, 0, 72, 13, 43, 66, 40, 100, 62, 92, 60, 68, 30, 49, 0, 4
28, 94, 63, 100, 84, 69, 66, 30, 42, 0, 0, 25, 47, 38, 100, 37, 7
37, 87, 100, 100, 56, 91, 19, 67, 22, 54, 79, 42, 59, 16, 0, 0, 5
34, 100, 0, 78, 13, 56, 68, 53, 100, 71, 75, 48, 49, 24, 30, 0, 4
90, 100, 44, 77, 13, 49, 0, 21, 38, 0, 100, 13, 90, 37, 18, 39, 6
32, 68, 49, 100, 91, 92, 59, 47, 13, 11, 0, 23, 46, 0, 100, 5, 2
0, 51, 21, 68, 63, 88, 100, 100, 79, 75, 58, 50, 37, 25, 30, 0, 1
40, 100, 25, 83, 3, 51, 2, 17, 49, 0, 100, 17, 60, 38, 0, 35, 6
77, 100, 41, 76, 14, 51, 0, 24, 22, 0, 82, 4, 100, 28, 45, 36, 6
0, 72, 33, 92, 73, 100, 69, 72, 48, 46, 30, 19, 55, 0, 100, 0, 2
70, 63, 93, 98, 0, 100, 3, 62, 99, 68, 100, 70, 53, 31, 26, 0, 9
0, 84, 18, 85, 71, 100, 100, 91, 93, 68, 87, 45, 81, 23, 84, 0, 1
58, 100, 11, 92, 0, 62, 73, 57, 100, 81, 67, 94, 58, 47, 55, 0, 4
0, 86, 41, 100, 84, 92, 52, 66, 64, 48, 100, 25, 63, 6, 16, 0, 3
34, 91, 8, 49, 26, 2, 72, 0, 100, 42, 86, 93, 42, 100, 0, 75, 0
12, 77, 0, 37, 23, 0, 74, 4, 98, 39, 100, 80, 61, 100, 23, 71, 0
53, 70, 77, 38, 67, 0, 0, 5, 45, 42, 100, 75, 86, 100, 26, 72, 8
39, 97, 64, 100, 50, 68, 26, 42, 0, 21, 34, 11, 68, 0, 100, 19, 2
100, 100, 52, 92, 20, 65, 0, 36, 12, 6, 71, 0, 90, 24, 34, 25, 6
0, 57, 24, 68, 60, 88, 100, 100, 93, 74, 83, 50, 72, 25, 69, 0, 1
0, 85, 47, 93, 100, 100, 66, 69, 37, 35, 16, 0, 0, 17, 41, 26, 7
18, 80, 62, 65, 61, 100, 36, 92, 84, 69, 100, 28, 53, 7, 0, 0, 9
53, 86, 14, 64, 0, 29, 26, 0, 76, 18, 100, 52, 98, 87, 49, 100, 0
100, 100, 63, 81, 34, 57, 10, 30, 10, 0, 48, 10, 38, 37, 0, 24, 6
10, 76, 49, 100, 73, 74, 47, 43, 100, 31, 83, 2, 15, 0, 0, 25, 3
1, 66, 32, 100, 35, 99, 32, 62, 32, 26, 0, 0, 11, 1, 100, 5, 1
0, 96, 59, 100, 100, 89, 74, 54, 47, 19, 28, 0, 35, 39, 92, 48, 7
0, 67, 17, 100, 56, 99, 49, 55, 25, 16, 14, 0, 56, 13, 100, 13, 2
100, 100, 61, 83, 94, 89, 91, 71, 93, 40, 93, 11, 47, 2, 0, 0, 9
13, 78, 41, 100, 77, 83, 35, 56, 79, 50, 100, 19, 52, 0, 0, 11, 3
20, 95, 10, 37, 38, 0, 78, 11, 100, 57, 73, 100, 33, 96, 0, 62, 0
83, 100, 0, 91, 54, 66, 100, 34, 68, 0, 5, 11, 11, 48, 38, 85, 8
93, 100, 47, 90, 9, 61, 0, 27, 35, 0, 100, 4, 84, 31, 18, 27, 6
0, 70, 23, 35, 44, 0, 35, 4, 6, 37, 10, 74, 52, 95, 100, 100, 5
52, 89, 56, 100, 100, 96, 75, 74, 65, 50, 80, 26, 44, 8, 0, 0, 3
0, 85, 28, 100, 53, 82, 31, 50, 7, 19, 25, 0, 63, 3, 100, 4, 2
16, 72, 46, 100, 85, 97, 72, 60, 100, 46, 86, 13, 43, 0, 0, 9, 3
56, 100, 15, 74, 0, 39, 58, 48, 100, 78, 86, 69, 58, 35, 30, 0, 4
27, 70, 36, 100, 66, 81, 57, 44, 30, 10, 0, 4, 48, 5, 100, 0, 2
100, 87, 19, 100, 17, 67, 92, 39, 75, 0, 0, 20, 29, 60, 94, 92, 8
81, 87, 37, 100, 9, 73, 74, 74, 78, 71, 100, 32, 68, 3, 0, 0, 9
100, 100, 59, 81, 25, 53, 6, 22, 38, 0, 88, 17, 42, 24, 0, 9, 6
100, 100, 63, 81, 33, 61, 9, 40, 0, 17, 23, 0, 44, 20, 5, 16, 6
16, 75, 0, 41, 27, 5, 77, 0, 100, 37, 85, 78, 43, 100, 7, 71, 0
74, 62, 100, 100, 32, 99, 23, 62, 88, 84, 90, 54, 68, 11, 0, 0, 9
67, 86, 100, 100, 79, 83, 58, 67, 38, 50, 21, 33, 4, 17, 0, 0, 1
61, 97, 21, 90, 0, 43, 22, 0, 73, 12, 100, 55, 78, 100, 26, 94, 0
59, 79, 92, 70, 76, 100, 66, 82, 100, 59, 82, 19, 44, 0, 0, 1, 9
0, 55, 23, 90, 35, 100, 28, 51, 11, 8, 5, 0, 52, 1, 100, 1, 1
66, 100, 26, 99, 42, 77, 86, 95, 87, 64, 100, 25, 60, 0, 0, 1, 9
22, 100, 2, 84, 0, 67, 31, 55, 67, 47, 97, 35, 100, 17, 93, 0, 4
16, 98, 10, 90, 0, 42, 27, 0, 85, 9, 100, 55, 69, 98, 11, 100, 0
0, 73, 27, 97, 90, 100, 86, 73, 66, 49, 100, 25, 68, 0, 31, 9, 3
50, 100, 34, 84, 0, 57, 49, 44, 96, 52, 97, 58, 93, 23, 100, 0, 4
81, 92, 29, 100, 11, 78, 72, 82, 100, 70, 94, 31, 60, 1, 0, 0, 9
0, 79, 39, 100, 82, 90, 53, 57, 86, 49, 100, 17, 57, 0, 14, 13, 3
0, 63, 34, 43, 58, 12, 59, 0, 34, 30, 21, 62, 51, 88, 100, 100, 5
55, 100, 5, 69, 0, 45, 91, 53, 100, 79, 57, 95, 47, 45, 22, 0, 4
24, 100, 10, 59, 49, 35, 21, 0, 2, 21, 0, 64, 46, 85, 100, 87, 5
0, 97, 60, 100, 42, 99, 5, 69, 44, 59, 100, 43, 69, 0, 0, 13, 5
0, 93, 33, 100, 43, 51, 35, 0, 3, 22, 12, 48, 55, 59, 100, 64, 7
0, 92, 52, 62, 100, 32, 79, 0, 15, 10, 42, 42, 82, 74, 61, 100, 8
0, 68, 40, 78, 76, 100, 88, 91, 88, 68, 88, 45, 88, 22, 100, 0, 1
0, 35, 44, 64, 61, 100, 61, 48, 31, 10, 0, 0, 54, 2, 100, 1, 1
82, 73, 74, 100, 32, 75, 73, 38, 78, 0, 0, 2, 34, 33, 100, 60, 8
41, 90, 72, 100, 86, 75, 60, 50, 100, 35, 89, 10, 44, 0, 0, 5, 3
22, 91, 3, 65, 65, 51, 54, 0, 0, 2, 9, 55, 28, 100, 100, 99, 5
0, 68, 54, 81, 92, 100, 100, 85, 95, 63, 90, 42, 87, 21, 85, 0, 1
0, 96, 52, 100, 72, 90, 57, 46, 63, 0, 23, 24, 49, 37, 100, 43, 7
44, 100, 32, 71, 0, 44, 29, 37, 88, 49, 100, 57, 75, 29, 58, 0, 4
19, 100, 14, 84, 0, 56, 72, 45, 100, 69, 100, 58, 86, 29, 77, 0, 4
0, 57, 39, 75, 81, 96, 100, 100, 85, 74, 72, 48, 55, 23, 43, 0, 1
0, 96, 49, 100, 77, 76, 62, 38, 51, 0, 2, 2, 25, 14, 100, 23, 7
37, 100, 0, 81, 17, 50, 100, 51, 76, 74, 51, 96, 47, 46, 48, 0, 4
19, 65, 68, 37, 56, 0, 0, 5, 36, 40, 85, 71, 100, 100, 36, 80, 8
18, 61, 51, 37, 44, 0, 0, 13, 33, 48, 84, 79, 100, 100, 35, 75, 8
0, 87, 33, 100, 98, 97, 95, 78, 75, 53, 100, 26, 77, 5, 13, 0, 3
0, 90, 43, 100, 87, 86, 69, 46, 47, 7, 66, 0, 100, 30, 45, 28, 7
0, 72, 23, 81, 67, 100, 100, 99, 94, 75, 87, 49, 83, 25, 75, 0, 1
77, 100, 8, 92, 44, 73, 92, 97, 100, 65, 100, 30, 68, 0, 0, 2, 9
100, 100, 54, 97, 16, 68, 0, 32, 24, 0, 74, 15, 76, 50, 21, 59, 6
8, 65, 0, 92, 47, 97, 100, 100, 75, 77, 53, 52, 37, 25, 41, 0, 7
23, 100, 18, 78, 36, 40, 17, 0, 0, 51, 21, 83, 61, 84, 100, 82, 5
91, 100, 28, 93, 0, 62, 0, 27, 39, 0, 89, 18, 100, 53, 91, 89, 0
7, 56, 36, 89, 45, 100, 42, 60, 38, 20, 0, 0, 48, 5, 100, 5, 1
12, 67, 34, 92, 100, 100, 77, 71, 77, 51, 89, 22, 40, 0, 0, 17, 3
76, 91, 100, 100, 89, 75, 84, 51, 85, 23, 61, 2, 23, 0, 0, 22, 3
33, 75, 46, 100, 78, 86, 57, 56, 100, 40, 96, 11, 46, 0, 0, 13, 3
43, 100, 30, 64, 49, 28, 30, 0, 0, 25, 18, 59, 58, 73, 100, 78, 5
100, 100, 52, 82, 15, 54, 0, 21, 44, 0, 96, 17, 66, 43, 7, 30, 6
20, 88, 29, 53, 73, 35, 42, 0, 0, 3, 20, 59, 53, 98, 100, 100, 5
52, 100, 49, 99, 0, 63, 99, 53, 100, 81, 81, 84, 77, 42, 86, 0, 4
16, 71, 44, 100, 64, 71, 40, 31, 0, 11, 23, 12, 66, 0, 100, 15, 2
100, 91, 0, 91, 41, 60, 92, 25, 20, 0, 0, 29, 55, 64, 88, 100, 8
38, 78, 73, 100, 92, 70, 58, 48, 100, 39, 85, 6, 33, 0, 0, 28, 3
29, 88, 71, 73, 100, 33, 43, 0, 0, 25, 39, 64, 94, 100, 35, 94, 8
23, 82, 57, 100, 60, 70, 34, 42, 0, 22, 20, 12, 59, 8, 100, 0, 2
10, 84, 64, 100, 98, 70, 71, 34, 36, 0, 0, 30, 30, 55, 100, 49, 7
0, 81, 39, 100, 88, 90, 61, 59, 85, 47, 100, 14, 53, 0, 8, 5, 3
63, 100, 18, 89, 0, 44, 14, 0, 62, 12, 96, 49, 100, 95, 54, 93, 0
37, 93, 2, 89, 0, 33, 42, 0, 92, 11, 100, 65, 60, 100, 9, 91, 0
100, 81, 37, 100, 0, 71, 49, 36, 71, 0, 18, 22, 51, 59, 90, 93, 8
100, 80, 46, 100, 25, 68, 88, 75, 86, 75, 96, 32, 57, 0, 0, 19, 9
37, 100, 20, 83, 0, 59, 37, 42, 100, 47, 93, 48, 70, 24, 50, 0, 4
9, 100, 0, 62, 52, 48, 45, 0, 2, 13, 3, 68, 37, 99, 100, 100, 5
52, 89, 1, 100, 0, 72, 60, 76, 68, 73, 100, 39, 88, 6, 27, 0, 9
100, 100, 59, 80, 31, 55, 16, 26, 31, 0, 82, 5, 47, 18, 0, 4, 6
100, 100, 54, 86, 18, 59, 0, 29, 23, 1, 85, 0, 66, 18, 23, 15, 6
2, 74, 5, 95, 70, 100, 100, 89, 66, 67, 31, 45, 0, 22, 2, 0, 7
0, 78, 57, 74, 91, 100, 10, 94, 23, 74, 100, 80, 86, 40, 85, 0, 9
60, 100, 20, 91, 32, 52, 45, 12, 0, 0, 5, 35, 53, 54, 100, 73, 8
29, 100, 12, 82, 0, 62, 1, 41, 31, 32, 64, 29, 93, 20, 100, 0, 4
100, 100, 65, 92, 27, 69, 0, 40, 8, 7, 58, 0, 87, 21, 41, 33, 6
62, 97, 85, 100, 42, 77, 49, 67, 100, 57, 94, 23, 50, 0, 0, 9, 5
75, 100, 25, 84, 55, 49, 63, 14, 0, 0, 3, 21, 58, 46, 100, 77, 8
51, 100, 45, 99, 11, 65, 0, 25, 43, 0, 100, 20, 74, 48, 15, 31, 6
0, 69, 24, 100, 61, 94, 38, 37, 34, 0, 38, 4, 76, 2, 100, 7, 2
82, 100, 24, 94, 52, 46, 75, 0, 0, 13, 38, 56, 100, 92, 64, 99, 8
41, 83, 88, 70, 78, 100, 41, 80, 94, 64, 100, 28, 56, 1, 0, 0, 9
34, 87, 71, 100, 80, 75, 65, 52, 100, 37, 84, 11, 44, 0, 0, 1, 3
93, 100, 42, 95, 60, 70, 99, 100, 97, 77, 100, 37, 58, 9, 0, 0, 9
51, 93, 86, 100, 80, 69, 54, 44, 100, 37, 94, 10, 48, 1, 0, 0, 3
38, 84, 7, 59, 0, 17, 45, 0, 87, 30, 100, 71, 64, 100, 11, 88, 0
0, 55, 34, 87, 53, 100, 49, 63, 47, 26, 12, 0, 34, 5, 100, 5, 1
20, 56, 34, 14, 70, 0, 100, 26, 94, 70, 65, 100, 27, 95, 0, 64, 0
82, 100, 49, 75, 26, 47, 17, 18, 56, 0, 100, 18, 55, 31, 0, 20, 6
44, 100, 15, 79, 0, 47, 68, 42, 100, 71, 82, 60, 52, 30, 25, 0, 4
9, 57, 38, 96, 51, 100, 46, 52, 36, 5, 0, 0, 51, 0, 100, 2, 1
95, 77, 46, 100, 5, 71, 54, 55, 95, 75, 100, 28, 62, 0, 0, 6, 9
45, 79, 73, 100, 83, 83, 89, 55, 100, 27, 76, 4, 38, 0, 0, 5, 3
0, 76, 44, 84, 100, 100, 81, 80, 64, 60, 42, 40, 28, 20, 8, 0, 1
6, 92, 45, 100, 54, 59, 47, 16, 32, 0, 0, 36, 43, 52, 100, 56, 7
100, 76, 52, 100, 0, 71, 53, 37, 64, 0, 37, 23, 75, 59, 88, 85, 8
3, 76, 30, 100, 91, 98, 81, 65, 80, 45, 100, 22, 52, 0, 0, 12, 3
48, 100, 35, 83, 7, 51, 0, 18, 47, 0, 100, 19, 67, 42, 9, 26, 6
58, 100, 33, 73, 0, 48, 28, 38, 82, 38, 100, 60, 93, 30, 99, 0, 4
100, 100, 52, 83, 17, 60, 0, 33, 10, 6, 63, 0, 65, 24, 13, 36, 6
28, 100, 5, 70, 0, 27, 44, 0, 98, 23, 100, 64, 65, 100, 19, 89, 0
16, 56, 30, 100, 54, 79, 36, 31, 0, 3, 19, 9, 60, 7, 100, 0, 2
0, 36, 32, 57, 65, 78, 100, 100, 83, 77, 60, 52, 40, 26, 21, 0, 1
75, 88, 100, 100, 61, 88, 97, 80, 100, 40, 87, 4, 39, 0, 0, 22, 9
74, 100, 100, 96, 78, 80, 52, 64, 30, 48, 13, 32, 4, 16, 0, 0, 1
0, 78, 40, 82, 69, 100, 61, 69, 62, 37, 66, 6, 18, 0, 100, 5, 1
12, 97, 48, 100, 69, 69, 55, 33, 35, 0, 0, 25, 46, 35, 100, 39, 7
91, 100, 26, 98, 49, 62, 100, 78, 100, 78, 99, 34, 62, 0, 0, 19, 9
33, 77, 9, 40, 26, 0, 76, 8, 100, 46, 87, 89, 36, 100, 0, 69, 0
98, 100, 50, 84, 12, 55, 0, 21, 48, 0, 100, 22, 43, 32, 14, 15, 6
38, 100, 16, 86, 0, 51, 55, 45, 92, 70, 100, 72, 95, 36, 95, 0, 4
41, 84, 58, 100, 62, 66, 35, 38, 0, 19, 24, 6, 64, 0, 100, 16, 2
0, 83, 29, 100, 63, 95, 46, 62, 25, 31, 25, 0, 63, 4, 100, 14, 2
15, 87, 57, 100, 91, 82, 48, 61, 74, 43, 100, 16, 53, 1, 0, 0, 3
14, 91, 56, 100, 68, 67, 53, 33, 35, 0, 0, 12, 41, 29, 100, 35, 7
100, 54, 78, 100, 30, 92, 0, 48, 14, 1, 66, 0, 99, 40, 84, 79, 0
0, 76, 26, 100, 52, 87, 42, 47, 19, 17, 37, 3, 69, 5, 100, 0, 2
3, 70, 0, 96, 47, 100, 100, 97, 74, 73, 51, 49, 40, 23, 62, 0, 7
0, 89, 51, 100, 100, 94, 82, 57, 64, 20, 38, 0, 38, 39, 90, 48, 7
32, 100, 6, 72, 0, 38, 57, 30, 92, 60, 100, 70, 76, 35, 52, 0, 4
100, 100, 71, 90, 50, 90, 39, 67, 70, 55, 59, 31, 31, 13, 0, 0, 5
100, 67, 76, 100, 27, 83, 54, 61, 86, 71, 95, 29, 55, 2, 0, 0, 9
67, 100, 33, 79, 6, 49, 0, 16, 47, 0, 100, 12, 70, 29, 13, 25, 6
20, 95, 27, 64, 54, 30, 34, 0, 14, 33, 0, 71, 41, 95, 100, 100, 5
0, 83, 25, 100, 82, 79, 79, 40, 56, 0, 10, 12, 31, 36, 100, 35, 7
100, 100, 60, 83, 24, 51, 0, 17, 45, 0, 94, 17, 57, 41, 6, 30, 6
23, 64, 39, 100, 42, 93, 41, 54, 41, 15, 0, 0, 49, 2, 100, 1, 1
0, 64, 23, 100, 74, 84, 75, 42, 61, 0, 6, 1, 36, 30, 100, 37, 7
15, 75, 56, 100, 92, 79, 64, 45, 71, 41, 100, 15, 48, 0, 0, 17, 3
0, 92, 36, 100, 56, 70, 41, 30, 27, 0, 4, 37, 51, 43, 100, 43, 7
15, 100, 10, 62, 39, 34, 22, 0, 0, 16, 7, 53, 50, 69, 100, 74, 5
23, 71, 64, 100, 68, 88, 58, 52, 59, 16, 0, 5, 28, 0, 100, 4, 1
100, 100, 95, 94, 79, 78, 62, 62, 48, 46, 29, 31, 14, 16, 0, 0, 1
31, 100, 17, 68, 64, 37, 43, 0, 10, 21, 0, 74, 39, 100, 100, 98, 5
24, 86, 0, 45, 17, 0, 66, 2, 100, 35, 88, 82, 44, 100, 2, 78, 0
46, 85, 100, 100, 97, 85, 73, 68, 51, 51, 35, 33, 16, 16, 0, 0, 1
52, 97, 82, 100, 76, 70, 60, 48, 100, 34, 84, 8, 41, 0, 0, 10, 3
0, 90, 1, 77, 32, 100, 88, 99, 100, 91, 77, 59, 65, 24, 62, 0, 7
0, 84, 45, 100, 77, 85, 38, 61, 53, 46, 100, 31, 61, 10, 9, 0, 3
11, 100, 49, 67, 100, 35, 93, 0, 49, 16, 69, 53, 78, 90, 0, 89, 8
0, 89, 38, 100, 54, 60, 50, 13, 36, 0, 20, 30, 60, 39, 100, 45, 7
0, 63, 22, 89, 83, 100, 84, 67, 57, 35, 14, 8, 33, 0, 100, 7, 2
60, 100, 23, 88, 71, 92, 100, 96, 90, 65, 87, 32, 56, 7, 0, 0, 9
100, 100, 63, 81, 33, 60, 11, 40, 0, 16, 33, 0, 83, 12, 65, 32, 6
44, 100, 0, 72, 0, 42, 100, 43, 99, 60, 59, 70, 53, 35, 65, 0, 4
100, 100, 57, 81, 24, 59, 0, 34, 0, 8, 47, 0, 65, 22, 14, 23, 6
100, 83, 37, 83, 0, 99, 60, 100, 97, 79, 92, 51, 68, 25, 45, 0, 9
65, 90, 24, 90, 0, 44, 19, 0, 67, 6, 100, 44, 91, 91, 44, 100, 0
0, 77, 42, 100, 75, 79, 34, 53, 60, 47, 100, 25, 57, 4, 6, 0, 3
22, 80, 59, 100, 85, 81, 41, 62, 92, 47, 100, 15, 49, 0, 0, 12, 3
100, 99, 69, 100, 39, 78, 45, 54, 87, 45, 78, 18, 41, 0, 0, 1, 5
66, 89, 93, 100, 80, 69, 68, 48, 100, 23, 80, 0, 40, 1, 0, 6, 3
49, 79, 58, 100, 91, 85, 80, 58, 100, 44, 85, 20, 44, 7, 0, 0, 3
83, 100, 47, 91, 70, 81, 100, 86, 94, 55, 91, 23, 55, 3, 0, 0, 9
55, 96, 14, 68, 0, 32, 24, 0, 77, 17, 100, 52, 96, 89, 49, 100, 0
0, 94, 62, 100, 92, 71, 80, 34, 52, 0, 21, 23, 34, 48, 100, 51, 7
34, 76, 59, 100, 66, 73, 37, 46, 0, 23, 19, 13, 61, 0, 100, 20, 2
81, 85, 52, 100, 38, 61, 87, 54, 100, 75, 87, 32, 50, 0, 0, 2, 9
15, 73, 46, 100, 72, 65, 44, 25, 0, 3, 13, 10, 62, 0, 100, 16, 2
32, 100, 13, 85, 0, 40, 27, 0, 88, 10, 100, 55, 74, 96, 14, 99, 0
0, 88, 10, 98, 50, 100, 44, 66, 27, 34, 19, 0, 59, 3, 100, 13, 2
16, 100, 0, 68, 5, 36, 57, 25, 100, 35, 78, 61, 47, 33, 34, 0, 4
78, 72, 60, 100, 0, 72, 56, 37, 100, 0, 31, 3, 57, 43, 95, 83, 8
42, 90, 24, 55, 80, 48, 51, 10, 0, 0, 9, 48, 43, 85, 100, 100, 5
100, 100, 80, 87, 61, 73, 43, 59, 30, 45, 16, 30, 5, 15, 0, 0, 1
71, 100, 0, 88, 51, 58, 100, 26, 47, 0, 2, 25, 62, 55, 89, 91, 8
5, 79, 32, 48, 32, 7, 0, 0, 31, 37, 78, 68, 100, 100, 41, 77, 8
100, 100, 89, 85, 74, 71, 59, 57, 41, 43, 24, 29, 9, 14, 0, 0, 1
100, 100, 66, 81, 23, 62, 0, 40, 66, 34, 93, 44, 68, 22, 59, 0, 4
49, 100, 16, 90, 0, 56, 79, 49, 100, 64, 57, 77, 48, 39, 47, 0, 4
76, 87, 38, 100, 45, 64, 51, 23, 15, 0, 0, 25, 51, 42, 100, 62, 8
29, 100, 0, 68, 9, 23, 47, 0, 90, 10, 100, 54, 73, 91, 30, 97, 0
100, 98, 61, 100, 41, 90, 28, 61, 59, 61, 57, 40, 29, 19, 0, 0, 5
21, 95, 58, 100, 68, 68, 48, 33, 23, 0, 0, 31, 42, 41, 100, 44, 7
32, 82, 4, 56, 43, 25, 36, 0, 18, 37, 0, 73, 32, 99, 100, 100, 5
18, 96, 4, 70, 0, 99, 62, 100, 100, 97, 82, 62, 72, 25, 64, 0, 7
0, 99, 75, 100, 83, 71, 52, 36, 27, 0, 6, 3, 22, 30, 100, 34, 7
0, 93, 60, 100, 99, 88, 73, 47, 55, 5, 39, 0, 38, 34, 100, 36, 7
0, 42, 40, 60, 74, 81, 100, 100, 90, 74, 78, 48, 66, 23, 65, 0, 1
80, 100, 100, 97, 48, 68, 7, 38, 0, 7, 91, 0, 98, 22, 9, 12, 6
47, 100, 35, 95, 0, 66, 31, 43, 100, 48, 95, 66, 82, 34, 79, 0, 4
43, 75, 62, 100, 91, 87, 77, 57, 100, 38, 87, 11, 42, 0, 0, 15, 3
100, 72, 77, 100, 20, 74, 71, 56, 94, 81, 95, 39, 65, 0, 0, 0, 9
0, 81, 29, 100, 59, 78, 54, 35, 41, 0, 12, 30, 55, 41, 100, 46, 7
100, 100, 64, 90, 33, 69, 10, 45, 0, 17, 30, 0, 50, 20, 13, 36, 6
23, 71, 52, 100, 40, 91, 40, 57, 40, 24, 0, 0, 29, 4, 100, 4, 1
47, 100, 12, 76, 0, 50, 47, 39, 100, 58, 81, 51, 59, 26, 55, 0, 4
17, 88, 3, 64, 6, 21, 60, 0, 100, 34, 100, 76, 48, 100, 0, 78, 0
100, 100, 71, 80, 42, 59, 18, 38, 0, 14, 23, 0, 52, 19, 22, 32, 6
100, 81, 22, 100, 0, 67, 59, 33, 47, 0, 28, 29, 87, 64, 66, 89, 8
47, 87, 89, 100, 91, 75, 67, 56, 100, 39, 80, 11, 37, 0, 0, 18, 3
43, 81, 11, 69, 78, 51, 100, 17, 27, 0, 0, 32, 14, 80, 84, 100, 5
45, 100, 10, 67, 7, 16, 56, 0, 100, 31, 91, 79, 38, 95, 0, 61, 0
89, 87, 38, 100, 17, 78, 80, 77, 100, 76, 92, 34, 61, 0, 0, 4, 9
9, 61, 25, 100, 59, 72, 42, 27, 0, 5, 5, 24, 53, 16, 100, 0, 2
41, 79, 47, 100, 84, 94, 71, 52, 42, 16, 0, 3, 49, 7, 100, 0, 2
89, 100, 38, 83, 0, 44, 2, 0, 61, 2, 100, 40, 100, 88, 45, 98, 0
22, 77, 34, 100, 90, 99, 65, 67, 72, 56, 100, 28, 58, 2, 0, 0, 3
34, 100, 9, 68, 61, 65, 67, 24, 0, 0, 3, 45, 20, 92, 100, 99, 5
0, 95, 54, 100, 93, 79, 81, 42, 60, 7, 36, 0, 44, 27, 100, 31, 7
59, 85, 25, 71, 88, 35, 79, 0, 7, 29, 62, 64, 100, 100, 0, 99, 8
75, 100, 0, 89, 70, 61, 100, 26, 32, 0, 7, 31, 63, 63, 95, 99, 8
17, 100, 3, 75, 0, 43, 60, 46, 100, 62, 94, 69, 92, 34, 92, 0, 4
0, 95, 37, 99, 77, 100, 100, 74, 98, 37, 95, 0, 70, 13, 77, 31, 7
0, 44, 15, 0, 62, 5, 95, 40, 100, 88, 60, 100, 27, 64, 11, 17, 0
0, 48, 35, 64, 66, 82, 100, 100, 94, 75, 85, 50, 84, 24, 93, 0, 1
30, 100, 90, 99, 81, 100, 32, 78, 52, 57, 100, 31, 58, 0, 0, 17, 5
0, 32, 34, 50, 63, 76, 94, 100, 100, 84, 86, 55, 73, 27, 70, 0, 1
81, 100, 50, 79, 23, 52, 17, 22, 70, 15, 100, 31, 44, 19, 0, 0, 6
100, 100, 49, 91, 13, 62, 0, 28, 33, 0, 90, 15, 75, 45, 8, 49, 6
19, 96, 21, 59, 73, 41, 40, 0, 3, 21, 0, 77, 36, 98, 100, 100, 5
0, 59, 46, 70, 86, 91, 100, 100, 95, 75, 92, 50, 89, 25, 95, 0, 1
0, 40, 26, 65, 60, 85, 97, 100, 100, 82, 74, 56, 48, 29, 30, 0, 1
28, 100, 0, 52, 37, 99, 45, 89, 51, 34, 24, 2, 30, 0, 100, 0, 1
0, 37, 14, 70, 27, 100, 26, 64, 24, 28, 3, 0, 18, 5, 100, 12, 1
0, 64, 42, 81, 81, 100, 100, 95, 81, 70, 57, 45, 30, 21, 33, 0, 1
100, 100, 73, 96, 45, 68, 28, 37, 27, 4, 76, 0, 58, 24, 0, 22, 6
42, 85, 85, 100, 100, 68, 76, 32, 45, 0, 50, 1, 38, 40, 0, 65, 8
86, 62, 64, 100, 0, 80, 40, 44, 92, 12, 29, 0, 41, 37, 100, 65, 8
22, 53, 76, 70, 100, 100, 39, 99, 0, 71, 53, 61, 67, 31, 40, 0, 9
84, 83, 22, 76, 8, 95, 72, 100, 100, 76, 77, 47, 41, 22, 0, 0, 9
14, 78, 45, 100, 62, 71, 34, 39, 0, 14, 15, 8, 58, 8, 100, 0, 2
97, 82, 62, 100, 13, 69, 63, 59, 100, 88, 96, 41, 64, 1, 0, 0, 9
0, 53, 45, 68, 80, 90, 100, 100, 98, 75, 98, 50, 95, 25, 93, 0, 1
100, 62, 47, 55, 0, 73, 21, 100, 73, 91, 79, 57, 55, 25, 16, 0, 9
0, 88, 37, 100, 82, 90, 70, 46, 68, 0, 100, 3, 93, 30, 46, 38, 7
22, 100, 52, 98, 58, 62, 32, 33, 0, 13, 27, 9, 63, 5, 100, 0, 2
100, 93, 78, 95, 29, 100, 0, 82, 33, 70, 73, 45, 61, 0, 18, 1, 5
2, 100, 12, 84, 0, 57, 29, 37, 82, 48, 100, 52, 76, 27, 62, 0, 4
59, 72, 36, 100, 0, 72, 23, 36, 52, 0, 0, 1, 44, 27, 100, 55, 8
0, 90, 42, 100, 69, 78, 62, 39, 56, 0, 31, 3, 42, 29, 100, 34, 7
80, 80, 31, 75, 43, 100, 75, 75, 89, 39, 100, 4, 53, 0, 0, 3, 9
7, 100, 40, 89, 37, 48, 21, 9, 0, 0, 3, 40, 48, 58, 100, 65, 7
77, 100, 48, 90, 24, 30, 56, 0, 100, 43, 90, 94, 34, 72, 0, 21, 0
15, 100, 0, 76, 8, 50, 62, 47, 100, 62, 82, 57, 82, 28, 85, 0, 4
0, 63, 19, 73, 58, 97, 65, 100, 58, 73, 50, 48, 54, 22, 100, 0, 1
0, 22, 21, 46, 61, 73, 100, 100, 91, 88, 61, 59, 39, 30, 24, 0, 1
84, 100, 35, 84, 5, 55, 0, 21, 44, 0, 100, 7, 63, 18, 9, 7, 6
36, 100, 7, 89, 0, 53, 67, 41, 100, 57, 82, 74, 51, 38, 31, 0, 4
0, 82, 35, 100, 73, 84, 65, 46, 32, 19, 14, 23, 59, 16, 100, 0, 2
49, 78, 69, 100, 100, 95, 76, 72, 61, 46, 59, 18, 33, 0, 0, 12, 3
0, 59, 59, 78, 100, 100, 96, 94, 63, 71, 37, 47, 11, 23, 0, 0, 1
83, 100, 0, 91, 11, 65, 89, 76, 100, 95, 83, 65, 62, 33, 46, 0, 9
100, 100, 51, 100, 11, 81, 9, 51, 57, 55, 73, 22, 37, 0, 0, 14, 5
61, 88, 100, 100, 96, 81, 75, 60, 80, 36, 81, 13, 44, 0, 0, 1, 3
0, 91, 44, 100, 79, 74, 64, 37, 53, 0, 27, 23, 40, 38, 100, 39, 7
72, 86, 42, 100, 4, 67, 0, 27, 45, 1, 100, 14, 57, 27, 12, 0, 6
86, 95, 39, 100, 51, 75, 69, 85, 84, 51, 100, 17, 59, 0, 0, 9, 9
0, 39, 28, 50, 55, 65, 81, 85, 100, 100, 82, 69, 67, 35, 56, 0, 1
78, 100, 29, 88, 0, 52, 2, 10, 55, 0, 100, 26, 98, 67, 51, 77, 0
51, 91, 46, 56, 29, 15, 0, 0, 36, 33, 72, 64, 100, 100, 48, 92, 8
27, 100, 8, 70, 0, 40, 14, 9, 65, 0, 100, 22, 62, 42, 14, 33, 6
0, 80, 57, 100, 100, 83, 78, 45, 47, 9, 16, 0, 19, 32, 86, 39, 7
73, 92, 0, 100, 23, 63, 77, 31, 50, 0, 7, 30, 52, 66, 100, 98, 8
0, 100, 61, 97, 81, 75, 60, 38, 40, 0, 15, 18, 37, 37, 100, 38, 7
0, 100, 55, 100, 100, 89, 72, 57, 46, 25, 33, 0, 10, 32, 69, 32, 7
44, 81, 72, 100, 100, 84, 74, 59, 37, 38, 0, 17, 7, 0, 65, 3, 2
9, 97, 0, 48, 22, 1, 75, 0, 100, 46, 87, 97, 39, 100, 5, 58, 0
58, 100, 18, 84, 0, 41, 11, 0, 58, 0, 100, 20, 96, 61, 64, 96, 0
50, 100, 31, 75, 0, 50, 40, 40, 94, 49, 100, 47, 62, 25, 33, 0, 4
73, 94, 26, 99, 0, 57, 16, 7, 64, 0, 100, 36, 94, 87, 48, 100, 0
85, 100, 19, 76, 100, 62, 47, 97, 26, 50, 0, 18, 81, 0, 48, 43, 8
61, 85, 74, 100, 92, 77, 65, 54, 91, 38, 100, 14, 54, 0, 0, 4, 3
0, 95, 25, 97, 79, 100, 100, 92, 67, 72, 46, 49, 35, 25, 37, 0, 7
7, 86, 22, 63, 95, 54, 100, 9, 30, 0, 1, 46, 0, 93, 75, 100, 5
9, 70, 41, 100, 100, 85, 68, 42, 27, 2, 75, 0, 45, 42, 0, 80, 8
32, 83, 12, 92, 5, 41, 38, 0, 100, 28, 98, 76, 36, 100, 0, 60, 0
0, 81, 28, 100, 44, 64, 43, 24, 37, 0, 5, 29, 51, 40, 100, 47, 7
9, 77, 0, 28, 33, 0, 74, 16, 100, 56, 77, 95, 33, 100, 1, 68, 0
13, 96, 55, 100, 100, 74, 65, 37, 27, 0, 0, 23, 4, 51, 96, 55, 7
0, 27, 32, 51, 66, 75, 99, 100, 100, 87, 79, 58, 57, 29, 40, 0, 1
12, 78, 43, 100, 100, 97, 78, 66, 38, 40, 0, 13, 38, 0, 100, 3, 2
0, 87, 46, 100, 100, 98, 76, 77, 45, 58, 67, 37, 55, 15, 12, 0, 3
100, 100, 46, 95, 51, 59, 75, 25, 30, 0, 0, 17, 43, 46, 83, 78, 8
4, 100, 18, 98, 0, 58, 43, 38, 100, 48, 97, 79, 80, 41, 77, 0, 4
31, 100, 0, 69, 31, 48, 100, 52, 100, 91, 84, 79, 72, 39, 59, 0, 4
48, 98, 16, 69, 0, 32, 29, 0, 84, 22, 100, 60, 86, 98, 24, 100, 0
18, 88, 47, 100, 47, 71, 21, 47, 0, 21, 22, 1, 61, 0, 100, 3, 2
100, 96, 65, 98, 61, 80, 99, 100, 81, 66, 60, 32, 34, 0, 0, 0, 9
0, 46, 45, 56, 85, 75, 100, 100, 98, 71, 93, 42, 80, 14, 80, 0, 1
20, 100, 8, 74, 0, 44, 19, 23, 68, 26, 100, 45, 74, 29, 64, 0, 4
0, 83, 43, 100, 77, 78, 45, 49, 61, 44, 100, 21, 58, 0, 4, 6, 3
99, 100, 51, 99, 56, 77, 100, 90, 96, 67, 78, 38, 45, 14, 0, 0, 9
36, 100, 22, 96, 0, 69, 6, 42, 68, 42, 100, 51, 64, 26, 50, 0, 4
8, 65, 3, 100, 46, 99, 35, 55, 0, 24, 4, 8, 52, 0, 100, 2, 2
9, 100, 1, 82, 0, 48, 66, 46, 100, 77, 81, 58, 59, 23, 48, 0, 4
0, 66, 57, 80, 100, 100, 97, 89, 87, 64, 89, 40, 84, 15, 34, 0, 1
0, 89, 36, 100, 58, 72, 54, 36, 56, 0, 28, 11, 48, 27, 100, 30, 7
64, 77, 86, 100, 100, 79, 83, 54, 79, 28, 90, 5, 36, 0, 0, 1, 3
100, 100, 49, 93, 21, 62, 0, 32, 12, 0, 88, 8, 93, 34, 16, 22, 6
87, 100, 54, 64, 0, 31, 9, 25, 96, 33, 100, 65, 70, 38, 41, 0, 4
26, 100, 6, 80, 0, 48, 63, 43, 100, 69, 98, 60, 86, 27, 83, 0, 4
79, 87, 98, 81, 71, 100, 72, 73, 100, 66, 91, 21, 48, 0, 0, 13, 9
100, 94, 72, 100, 49, 93, 44, 64, 68, 53, 55, 29, 29, 13, 0, 0, 5
81, 85, 34, 100, 40, 66, 60, 30, 26, 0, 0, 22, 47, 51, 100, 78, 8
49, 80, 46, 69, 65, 27, 30, 0, 0, 33, 49, 67, 100, 100, 27, 99, 8
12, 79, 9, 48, 36, 18, 30, 0, 12, 31, 0, 62, 34, 88, 100, 100, 5
59, 100, 0, 78, 33, 53, 100, 56, 67, 89, 46, 73, 37, 36, 29, 0, 4
14, 78, 7, 33, 40, 0, 84, 15, 100, 61, 72, 100, 26, 100, 0, 60, 0
8, 98, 53, 100, 69, 63, 50, 24, 46, 0, 100, 19, 58, 37, 0, 46, 7
11, 100, 0, 82, 6, 52, 65, 57, 100, 83, 77, 60, 54, 31, 36, 0, 4
0, 100, 66, 98, 55, 65, 24, 33, 14, 0, 75, 25, 100, 47, 13, 48, 7
0, 30, 24, 54, 52, 77, 78, 100, 100, 99, 88, 66, 74, 33, 64, 0, 1
0, 55, 33, 83, 60, 100, 53, 67, 46, 34, 30, 1, 40, 1, 100, 0, 1
98, 96, 52, 96, 74, 64, 97, 100, 97, 70, 100, 28, 62, 0, 0, 14, 9
19, 100, 1, 79, 0, 57, 39, 46, 87, 51, 87, 41, 81, 19, 100, 0, 4
84, 100, 12, 80, 0, 59, 88, 62, 100, 92, 61, 79, 40, 40, 27, 0, 4
0, 78, 23, 100, 52, 88, 39, 62, 25, 37, 11, 12, 47, 0, 100, 4, 2
100, 100, 66, 80, 35, 60, 11, 39, 0, 17, 29, 0, 74, 16, 35, 20, 6
82, 100, 64, 89, 31, 67, 0, 45, 62, 37, 100, 46, 78, 23, 71, 0, 4
7, 51, 31, 90, 93, 100, 99, 58, 59, 21, 0, 0, 35, 17, 100, 5, 2
25, 64, 54, 100, 53, 90, 49, 45, 32, 3, 0, 0, 51, 1, 100, 2, 1
100, 100, 57, 85, 21, 58, 0, 29, 13, 0, 66, 8, 57, 33, 6, 26, 6
0, 68, 17, 84, 81, 100, 100, 81, 86, 60, 72, 40, 58, 20, 50, 0, 1
7, 70, 36, 100, 55, 98, 48, 61, 44, 24, 0, 0, 35, 6, 100, 5, 1
29, 83, 5, 60, 8, 14, 64, 0, 100, 35, 89, 81, 33, 100, 0, 83, 0
3, 58, 20, 100, 41, 80, 22, 38, 0, 8, 33, 4, 66, 3, 100, 0, 2
0, 79, 34, 100, 64, 87, 57, 59, 100, 48, 92, 16, 50, 0, 9, 11, 3
100, 83, 57, 100, 40, 67, 88, 75, 98, 54, 97, 11, 48, 0, 0, 12, 9
29, 100, 19, 44, 27, 0, 5, 9, 0, 62, 30, 88, 65, 95, 100, 97, 5
59, 82, 92, 100, 72, 93, 32, 71, 58, 42, 100, 22, 58, 0, 0, 2, 5
0, 82, 35, 100, 58, 85, 42, 57, 21, 29, 15, 0, 58, 2, 100, 11, 2
