@relation penbased-1
@attribute At1 integer [0, 100]
@attribute At2 integer [0, 100]
@attribute At3 integer [0, 100]
@attribute At4 integer [0, 100]
@attribute At5 integer [0, 100]
@attribute At6 integer [0, 100]
@attribute At7 integer [0, 100]
@attribute At8 integer [0, 100]
@attribute At9 integer [0, 100]
@attribute At10 integer [0, 100]
@attribute At11 integer [0, 100]
@attribute At12 integer [0, 100]
@attribute At13 integer [0, 100]
@attribute At14 integer [0, 100]
@attribute At15 integer [0, 100]
@attribute At16 integer [0, 100]
@attribute Class {0, 1, 2, 3, 4, 5, 6, 7, 8, 9}
@inputs At1, At2, At3, At4, At5, At6, At7, At8, At9, At10, At11, At12, At13, At14, At15, At16
@outputs Class
@data
48, 96, 62, 65, 88, 27, 21, 0, 21, 33, 79, 67, 100, 100, 0, 85, 8
36, 92, 7, 83, 0, 37, 26, 0, 77, 6, 100, 46, 84, 89, 36, 100, 0
40, 99, 51, 66, 79, 26, 39, 0, 0, 27, 8, 77, 46, 100, 100, 94, 5
56, 99, 18, 72, 0, 24, 36, 0, 85, 23, 100, 69, 58, 100, 19, 74, 0
57, 63, 100, 100, 0, 91, 36, 53, 95, 16, 2, 0, 5, 36, 91, 67, 8
100, 100, 58, 83, 31, 55, 17, 24, 43, 0, 80, 19, 50, 43, 0, 39, 6
31, 73, 55, 100, 55, 53, 33, 14, 0, 0, 30, 11, 65, 1, 100, 1, 2
22, 100, 1, 66, 0, 33, 50, 32, 100, 36, 82, 63, 77, 30, 71, 0, 4
0, 65, 38, 79, 62, 100, 72, 86, 77, 65, 79, 43, 83, 21, 100, 0, 1
42, 83, 60, 53, 89, 11, 13, 0, 0, 33, 77, 57, 100, 92, 18, 100, 8
27, 100, 0, 58, 12, 5, 62, 0, 100, 39, 97, 91, 48, 97, 18, 53, 0
43, 94, 15, 66, 52, 38, 20, 0, 5, 35, 0, 83, 42, 100, 100, 98, 5
100, 77, 92, 100, 49, 76, 18, 48, 0, 15, 38, 0, 75, 23, 29, 27, 6
73, 85, 31, 65, 0, 0, 52, 9, 100, 57, 82, 100, 81, 78, 38, 25, 0
19, 100, 4, 77, 0, 51, 46, 36, 100, 47, 96, 49, 87, 23, 77, 0, 4
13, 80, 53, 71, 100, 100, 23, 99, 0, 71, 81, 74, 74, 40, 47, 0, 9
21, 75, 40, 100, 85, 94, 67, 63, 100, 43, 95, 11, 47, 0, 0, 13, 3
100, 100, 59, 79, 26, 54, 2, 28, 1, 0, 58, 0, 58, 21, 0, 19, 6
2, 80, 36, 50, 54, 12, 9, 0, 0, 41, 5, 78, 49, 95, 100, 100, 5
78, 85, 65, 66, 100, 25, 49, 0, 15, 29, 58, 67, 66, 100, 0, 84, 8
91, 100, 66, 88, 31, 58, 15, 26, 50, 0, 100, 17, 67, 45, 0, 47, 6
0, 48, 30, 67, 65, 85, 100, 100, 84, 75, 65, 51, 47, 25, 34, 0, 1
52, 80, 84, 100, 100, 75, 58, 53, 91, 48, 89, 10, 44, 0, 0, 16, 3
0, 74, 28, 100, 69, 99, 79, 63, 59, 28, 28, 0, 57, 0, 100, 2, 2
100, 100, 68, 78, 37, 55, 13, 29, 11, 0, 51, 2, 41, 20, 0, 20, 6
62, 45, 95, 75, 69, 100, 4, 86, 0, 59, 74, 57, 100, 32, 94, 0, 9
0, 85, 32, 100, 76, 91, 70, 65, 38, 43, 11, 20, 50, 6, 100, 0, 2
0, 65, 46, 91, 50, 100, 50, 62, 52, 23, 4, 2, 12, 5, 100, 0, 1
0, 88, 41, 100, 73, 80, 64, 40, 49, 0, 40, 13, 49, 42, 100, 46, 7
100, 100, 57, 78, 25, 53, 12, 26, 30, 0, 88, 7, 65, 28, 0, 21, 6
0, 75, 45, 85, 100, 100, 84, 80, 71, 59, 58, 37, 55, 15, 63, 0, 1
100, 100, 51, 85, 18, 58, 0, 28, 17, 0, 78, 1, 68, 20, 8, 12, 6
15, 100, 8, 70, 0, 39, 19, 20, 78, 21, 100, 43, 76, 30, 72, 0, 4
30, 81, 70, 100, 69, 65, 39, 31, 0, 5, 7, 18, 52, 0, 100, 4, 2
33, 100, 10, 76, 0, 48, 4, 20, 43, 0, 100, 10, 81, 31, 21, 25, 6
72, 83, 49, 100, 61, 58, 82, 17, 0, 0, 25, 33, 100, 61, 75, 92, 8
31, 93, 12, 78, 71, 36, 31, 0, 21, 33, 100, 65, 69, 100, 0, 78, 8
100, 100, 81, 81, 39, 55, 0, 28, 8, 0, 75, 4, 66, 31, 12, 25, 6
86, 71, 72, 100, 32, 75, 55, 35, 42, 0, 0, 17, 48, 45, 100, 70, 8
100, 100, 50, 76, 0, 36, 76, 35, 99, 62, 89, 96, 80, 45, 72, 0, 4
21, 90, 3, 52, 77, 55, 62, 5, 0, 0, 6, 52, 14, 100, 100, 100, 5
52, 96, 84, 100, 100, 79, 73, 58, 84, 35, 90, 11, 47, 0, 0, 5, 3
33, 95, 4, 69, 0, 27, 39, 0, 88, 16, 100, 56, 69, 89, 17, 100, 0
0, 100, 82, 95, 100, 79, 100, 64, 91, 48, 82, 32, 55, 15, 55, 0, 1
38, 85, 13, 55, 31, 8, 75, 0, 100, 40, 85, 87, 42, 100, 0, 79, 0
100, 100, 65, 85, 33, 64, 10, 39, 0, 11, 35, 0, 54, 22, 10, 24, 6
48, 77, 19, 66, 0, 6, 49, 0, 93, 38, 100, 96, 48, 100, 0, 70, 0
100, 100, 24, 77, 0, 56, 96, 57, 100, 86, 79, 70, 37, 35, 4, 0, 4
57, 94, 39, 100, 11, 69, 0, 35, 23, 4, 97, 0, 100, 24, 41, 5, 6
31, 100, 0, 62, 37, 38, 100, 43, 88, 80, 66, 85, 62, 42, 51, 0, 4
100, 85, 48, 79, 18, 100, 57, 99, 64, 62, 69, 26, 43, 0, 0, 19, 9
59, 85, 84, 100, 82, 79, 60, 56, 100, 48, 74, 28, 37, 14, 0, 0, 3
100, 84, 27, 100, 0, 85, 0, 68, 13, 51, 20, 34, 27, 17, 60, 0, 1
38, 99, 90, 95, 29, 100, 10, 58, 60, 53, 100, 23, 49, 0, 0, 18, 5
42, 49, 34, 94, 81, 100, 85, 53, 48, 16, 0, 0, 45, 3, 100, 3, 2
85, 69, 47, 100, 0, 75, 44, 38, 72, 0, 16, 16, 57, 55, 100, 87, 8
10, 89, 30, 100, 49, 73, 29, 42, 0, 16, 20, 19, 64, 20, 100, 0, 2
1, 91, 11, 49, 72, 47, 53, 0, 13, 12, 0, 68, 36, 97, 100, 100, 5
100, 77, 57, 100, 0, 81, 20, 50, 79, 66, 86, 68, 81, 31, 84, 0, 9
66, 100, 100, 94, 91, 69, 69, 47, 95, 24, 74, 2, 36, 0, 0, 9, 3
45, 74, 23, 68, 92, 35, 77, 0, 45, 28, 100, 64, 95, 100, 0, 80, 8
0, 83, 32, 100, 75, 89, 39, 69, 49, 49, 100, 35, 70, 15, 21, 0, 3
19, 66, 3, 28, 34, 0, 77, 13, 100, 51, 78, 89, 34, 100, 0, 76, 0
0, 99, 71, 100, 100, 77, 72, 48, 53, 18, 40, 0, 0, 27, 66, 33, 7
5, 85, 47, 100, 95, 93, 55, 70, 78, 50, 100, 29, 49, 14, 0, 0, 3
99, 97, 47, 100, 8, 74, 0, 41, 28, 11, 85, 0, 100, 22, 38, 24, 6
33, 69, 57, 100, 87, 75, 66, 39, 24, 15, 0, 15, 51, 14, 100, 0, 2
0, 87, 32, 100, 67, 84, 48, 50, 16, 23, 16, 2, 58, 3, 100, 0, 2
0, 35, 39, 53, 72, 75, 100, 100, 83, 80, 61, 54, 41, 27, 24, 0, 1
0, 61, 36, 82, 78, 100, 100, 95, 76, 71, 49, 47, 24, 23, 22, 0, 1
0, 92, 33, 100, 97, 83, 82, 41, 59, 0, 100, 9, 82, 37, 7, 45, 7
91, 98, 48, 100, 12, 60, 0, 15, 55, 0, 100, 27, 39, 38, 5, 5, 6
100, 97, 48, 100, 12, 80, 9, 42, 51, 53, 80, 28, 49, 0, 0, 5, 5
11, 72, 39, 100, 62, 77, 50, 42, 24, 12, 0, 0, 50, 3, 100, 3, 2
0, 55, 41, 82, 72, 100, 66, 65, 63, 29, 31, 0, 33, 4, 100, 5, 1
0, 66, 54, 79, 78, 100, 100, 86, 98, 63, 92, 42, 80, 20, 90, 0, 1
79, 81, 57, 100, 17, 82, 62, 65, 99, 52, 100, 16, 52, 1, 0, 0, 9
62, 100, 27, 82, 0, 51, 2, 19, 51, 0, 100, 18, 62, 40, 20, 22, 6
63, 98, 95, 76, 93, 100, 61, 74, 100, 81, 99, 33, 67, 0, 0, 4, 9
0, 100, 28, 65, 100, 79, 38, 96, 58, 55, 96, 44, 72, 0, 11, 23, 9
0, 94, 61, 100, 100, 77, 83, 44, 58, 13, 44, 0, 25, 29, 97, 36, 7
94, 77, 54, 100, 0, 74, 47, 52, 85, 76, 100, 38, 82, 0, 5, 0, 9
27, 100, 15, 72, 0, 42, 49, 31, 100, 36, 82, 62, 68, 31, 66, 0, 4
69, 97, 0, 90, 24, 45, 81, 3, 0, 0, 46, 45, 100, 89, 20, 100, 8
28, 86, 8, 60, 54, 45, 28, 0, 6, 20, 0, 70, 40, 98, 100, 100, 5
0, 94, 22, 100, 71, 94, 70, 51, 61, 0, 42, 9, 52, 32, 100, 20, 7
11, 84, 0, 34, 35, 0, 84, 19, 100, 67, 65, 100, 21, 70, 11, 24, 0
22, 100, 0, 55, 40, 59, 53, 2, 19, 0, 20, 66, 41, 99, 100, 98, 5
24, 86, 36, 55, 98, 77, 27, 100, 45, 81, 100, 49, 84, 10, 0, 0, 9
51, 80, 56, 100, 100, 93, 82, 53, 45, 20, 0, 0, 42, 10, 94, 1, 2
21, 68, 48, 83, 100, 100, 83, 80, 59, 60, 41, 40, 17, 19, 0, 0, 1
15, 80, 0, 46, 20, 7, 67, 0, 100, 33, 93, 76, 53, 100, 16, 75, 0
100, 100, 59, 82, 25, 57, 0, 28, 14, 0, 59, 14, 46, 39, 0, 30, 6
51, 67, 100, 87, 56, 100, 0, 84, 48, 74, 91, 54, 65, 24, 22, 0, 9
82, 100, 51, 89, 0, 62, 23, 43, 100, 43, 99, 66, 70, 33, 47, 0, 4
31, 100, 17, 68, 41, 36, 5, 0, 0, 35, 7, 81, 43, 99, 100, 97, 5
39, 96, 14, 77, 0, 36, 25, 0, 78, 4, 100, 43, 77, 82, 28, 100, 0
0, 80, 33, 100, 65, 77, 63, 39, 58, 0, 35, 25, 55, 39, 100, 41, 7
43, 100, 8, 67, 3, 27, 41, 0, 87, 27, 100, 66, 54, 92, 0, 74, 0
53, 86, 59, 50, 52, 12, 6, 0, 0, 25, 18, 62, 53, 89, 100, 100, 5
27, 70, 37, 100, 72, 87, 63, 48, 35, 16, 0, 10, 50, 10, 100, 0, 2
93, 93, 60, 100, 19, 71, 0, 39, 23, 8, 100, 9, 86, 26, 38, 0, 6
88, 78, 34, 100, 0, 73, 45, 38, 78, 0, 21, 11, 50, 49, 100, 82, 8
88, 100, 53, 84, 77, 69, 100, 86, 88, 60, 73, 35, 43, 13, 0, 0, 9
100, 100, 31, 89, 36, 55, 70, 22, 23, 0, 0, 28, 43, 58, 86, 89, 8
69, 100, 22, 80, 0, 34, 31, 0, 80, 28, 100, 75, 56, 99, 7, 71, 0
40, 89, 0, 25, 46, 0, 100, 49, 70, 100, 44, 78, 95, 62, 34, 22, 0
0, 84, 34, 100, 63, 75, 51, 39, 15, 16, 14, 27, 58, 14, 100, 0, 2
11, 31, 0, 51, 59, 76, 100, 100, 67, 77, 44, 51, 33, 26, 48, 0, 1
85, 100, 40, 99, 51, 71, 100, 96, 71, 91, 91, 57, 62, 24, 0, 0, 9
100, 100, 56, 83, 22, 57, 0, 29, 11, 0, 68, 0, 62, 24, 6, 11, 6
53, 81, 99, 100, 97, 65, 61, 32, 22, 0, 0, 20, 36, 39, 100, 48, 7
31, 71, 2, 36, 32, 0, 82, 12, 100, 57, 66, 93, 15, 100, 0, 60, 0
26, 92, 0, 49, 10, 4, 61, 0, 100, 31, 95, 76, 50, 100, 4, 83, 0
52, 75, 69, 100, 93, 77, 68, 43, 34, 15, 0, 1, 50, 2, 100, 0, 2
30, 63, 44, 100, 89, 96, 77, 56, 40, 24, 0, 11, 51, 19, 100, 0, 2
0, 45, 38, 54, 72, 76, 100, 100, 82, 79, 62, 52, 41, 25, 20, 0, 1
0, 50, 26, 64, 61, 83, 99, 100, 100, 83, 74, 56, 51, 28, 33, 0, 1
0, 43, 19, 64, 56, 82, 93, 100, 100, 86, 75, 58, 49, 30, 31, 0, 1
0, 70, 31, 94, 99, 100, 100, 73, 55, 46, 8, 21, 19, 0, 88, 1, 2
0, 86, 44, 100, 85, 86, 62, 42, 34, 0, 21, 4, 45, 38, 100, 43, 7
64, 83, 86, 100, 100, 76, 68, 53, 94, 36, 78, 11, 40, 3, 0, 0, 3
0, 60, 21, 54, 53, 77, 85, 100, 100, 88, 86, 57, 75, 27, 82, 0, 1
21, 73, 8, 40, 36, 0, 77, 1, 100, 44, 82, 90, 41, 100, 0, 86, 0
0, 94, 69, 100, 97, 69, 72, 34, 49, 0, 90, 32, 100, 50, 19, 49, 7
29, 96, 15, 53, 33, 12, 79, 0, 100, 38, 82, 80, 38, 100, 0, 74, 0
82, 100, 16, 90, 0, 58, 60, 58, 93, 89, 100, 60, 85, 26, 41, 0, 9
0, 0, 32, 10, 66, 31, 92, 56, 97, 88, 61, 100, 57, 76, 100, 65, 9
37, 80, 81, 100, 95, 70, 68, 39, 32, 11, 0, 10, 48, 17, 100, 0, 2
66, 100, 50, 86, 21, 56, 0, 26, 26, 0, 100, 16, 53, 33, 15, 7, 6
97, 100, 56, 94, 20, 65, 0, 32, 20, 0, 93, 1, 100, 28, 30, 34, 6
0, 63, 61, 38, 67, 0, 20, 14, 56, 50, 100, 85, 50, 100, 2, 71, 8
25, 100, 29, 78, 14, 49, 0, 20, 56, 19, 90, 39, 90, 24, 100, 0, 4
17, 100, 0, 56, 12, 10, 63, 0, 100, 36, 100, 81, 51, 100, 1, 79, 0
40, 98, 51, 100, 0, 61, 11, 16, 93, 0, 100, 37, 18, 51, 24, 19, 6
4, 71, 29, 40, 44, 0, 17, 1, 0, 42, 9, 80, 50, 99, 100, 100, 5
100, 100, 48, 85, 15, 57, 0, 25, 29, 0, 84, 11, 65, 30, 38, 9, 6
51, 95, 7, 60, 52, 40, 19, 0, 0, 26, 4, 77, 38, 99, 100, 100, 5
20, 63, 29, 100, 58, 76, 44, 36, 11, 4, 0, 1, 50, 0, 100, 1, 2
0, 100, 44, 97, 54, 61, 41, 23, 23, 0, 9, 38, 52, 44, 100, 41, 7
94, 77, 61, 100, 53, 73, 100, 78, 98, 58, 94, 15, 49, 0, 0, 14, 9
0, 88, 39, 100, 77, 83, 77, 42, 72, 0, 42, 11, 54, 27, 100, 26, 7
0, 91, 42, 100, 63, 76, 53, 38, 54, 0, 40, 4, 48, 29, 100, 36, 7
49, 85, 84, 100, 89, 81, 48, 61, 90, 49, 100, 30, 51, 14, 0, 0, 3
0, 53, 48, 75, 67, 100, 81, 83, 81, 57, 88, 31, 100, 6, 99, 0, 1
0, 66, 25, 100, 48, 70, 43, 23, 26, 0, 21, 33, 60, 46, 100, 61, 7
39, 96, 79, 100, 71, 71, 68, 55, 100, 34, 86, 4, 43, 0, 0, 11, 3
41, 100, 0, 70, 76, 37, 100, 0, 10, 5, 41, 43, 97, 79, 27, 91, 8
0, 97, 2, 58, 19, 21, 65, 0, 100, 29, 98, 67, 66, 100, 16, 93, 0
64, 100, 100, 92, 94, 56, 72, 22, 72, 0, 91, 31, 52, 59, 0, 80, 8
49, 97, 77, 100, 79, 60, 47, 28, 0, 11, 8, 24, 58, 14, 100, 0, 2
37, 78, 79, 100, 89, 68, 60, 36, 16, 13, 0, 22, 56, 22, 100, 0, 2
0, 59, 16, 73, 77, 95, 100, 100, 70, 75, 45, 50, 25, 25, 34, 0, 1
100, 94, 58, 100, 15, 70, 0, 34, 28, 1, 97, 0, 91, 28, 31, 21, 6
22, 100, 66, 50, 100, 94, 45, 95, 5, 41, 58, 0, 78, 42, 0, 46, 8
35, 78, 48, 100, 76, 78, 57, 41, 24, 11, 0, 8, 50, 7, 100, 0, 2
0, 79, 21, 100, 31, 68, 22, 34, 7, 2, 34, 0, 69, 8, 100, 11, 2
73, 78, 10, 73, 60, 35, 43, 0, 0, 25, 57, 62, 100, 100, 20, 96, 8
100, 100, 64, 79, 27, 59, 0, 38, 71, 45, 98, 41, 60, 21, 44, 0, 4
6, 96, 23, 52, 100, 63, 53, 100, 19, 77, 94, 48, 87, 2, 0, 0, 9
100, 83, 97, 100, 46, 94, 46, 67, 83, 42, 99, 11, 51, 0, 0, 3, 5
14, 86, 50, 100, 73, 80, 39, 53, 0, 28, 0, 4, 58, 1, 100, 0, 2
100, 84, 55, 99, 4, 72, 49, 33, 43, 0, 0, 28, 41, 69, 97, 100, 8
100, 100, 46, 91, 14, 64, 0, 32, 8, 0, 62, 0, 55, 27, 6, 27, 6
0, 71, 52, 100, 100, 75, 53, 37, 13, 0, 82, 7, 34, 44, 16, 83, 8
20, 100, 0, 75, 4, 42, 72, 43, 100, 63, 87, 69, 85, 34, 89, 0, 4
19, 73, 12, 61, 77, 36, 57, 0, 9, 19, 0, 59, 12, 94, 100, 100, 5
50, 100, 28, 70, 79, 38, 65, 0, 0, 5, 20, 45, 37, 85, 100, 96, 5
100, 100, 45, 85, 9, 58, 0, 23, 44, 0, 99, 11, 84, 40, 26, 47, 6
8, 85, 46, 100, 58, 73, 36, 42, 5, 15, 0, 0, 50, 0, 100, 2, 2
23, 78, 26, 100, 62, 85, 34, 55, 0, 27, 1, 0, 51, 0, 100, 7, 2
0, 85, 34, 100, 85, 78, 75, 38, 56, 0, 14, 16, 29, 37, 100, 37, 7
16, 100, 0, 65, 43, 57, 100, 70, 99, 87, 97, 76, 84, 38, 73, 0, 4
55, 61, 81, 100, 68, 79, 56, 33, 30, 0, 0, 1, 51, 2, 100, 6, 1
32, 90, 0, 64, 66, 29, 79, 0, 12, 26, 60, 67, 100, 100, 16, 79, 8
75, 100, 35, 82, 2, 53, 0, 21, 44, 0, 100, 8, 68, 31, 16, 21, 6
49, 97, 56, 77, 68, 100, 40, 82, 78, 55, 100, 23, 52, 5, 0, 0, 9
38, 90, 10, 54, 74, 39, 48, 0, 0, 8, 7, 55, 29, 94, 100, 100, 5
35, 100, 0, 88, 58, 44, 55, 0, 30, 39, 100, 73, 94, 97, 28, 84, 8
100, 100, 61, 91, 30, 70, 7, 41, 11, 7, 48, 0, 39, 20, 0, 22, 6
100, 100, 68, 95, 26, 98, 27, 55, 70, 53, 73, 15, 35, 0, 0, 16, 5
73, 100, 35, 93, 6, 61, 0, 25, 42, 0, 100, 18, 72, 42, 19, 21, 6
0, 78, 25, 100, 58, 77, 46, 37, 10, 12, 19, 24, 62, 9, 100, 0, 2
22, 100, 3, 94, 0, 51, 49, 44, 100, 61, 64, 86, 64, 43, 60, 0, 4
87, 82, 70, 64, 12, 67, 41, 100, 100, 90, 98, 48, 62, 12, 0, 0, 9
11, 83, 0, 38, 21, 0, 71, 1, 100, 37, 87, 80, 41, 100, 5, 71, 0
100, 95, 74, 100, 25, 89, 17, 53, 72, 45, 99, 19, 53, 3, 0, 0, 5
100, 100, 58, 81, 27, 56, 1, 28, 0, 0, 53, 5, 53, 30, 0, 27, 6
36, 86, 68, 100, 100, 77, 62, 52, 71, 45, 99, 19, 52, 2, 0, 0, 3
26, 65, 0, 46, 4, 1, 54, 0, 95, 30, 100, 75, 59, 100, 12, 82, 0
0, 100, 70, 95, 100, 71, 70, 38, 37, 4, 10, 0, 22, 28, 97, 30, 7
43, 77, 53, 100, 95, 94, 68, 67, 80, 53, 100, 29, 57, 7, 0, 0, 3
100, 100, 59, 83, 24, 57, 0, 29, 12, 1, 73, 0, 62, 26, 7, 43, 6
0, 87, 35, 100, 71, 87, 61, 53, 33, 28, 21, 3, 60, 0, 100, 0, 2
22, 93, 0, 70, 69, 37, 100, 0, 15, 20, 51, 60, 77, 94, 42, 100, 8
9, 100, 4, 81, 0, 54, 35, 39, 84, 46, 100, 52, 80, 26, 77, 0, 4
33, 90, 66, 100, 66, 71, 63, 64, 100, 44, 78, 14, 27, 0, 0, 24, 3
32, 89, 0, 68, 16, 24, 57, 0, 97, 27, 100, 72, 61, 99, 10, 100, 0
26, 88, 61, 100, 100, 94, 88, 67, 97, 40, 78, 17, 40, 6, 0, 0, 3
41, 71, 32, 40, 100, 76, 34, 100, 36, 57, 89, 68, 70, 4, 0, 0, 9
35, 100, 32, 97, 0, 73, 4, 46, 51, 42, 100, 48, 88, 29, 72, 0, 4
0, 44, 36, 58, 70, 79, 100, 100, 82, 74, 69, 47, 59, 20, 54, 0, 1
14, 88, 62, 100, 97, 86, 70, 62, 34, 42, 0, 20, 45, 6, 100, 0, 2
100, 80, 60, 71, 45, 94, 88, 100, 88, 70, 67, 42, 34, 18, 0, 0, 9
0, 100, 1, 77, 25, 58, 66, 56, 100, 69, 92, 48, 90, 24, 94, 0, 4
76, 100, 36, 75, 10, 47, 0, 17, 43, 0, 100, 12, 63, 31, 3, 23, 6
0, 82, 30, 100, 75, 86, 50, 55, 58, 40, 100, 21, 62, 0, 8, 2, 3
56, 100, 29, 74, 0, 40, 51, 38, 100, 44, 77, 73, 58, 36, 35, 0, 4
0, 96, 77, 100, 100, 84, 67, 46, 47, 5, 33, 0, 10, 34, 88, 39, 7
0, 90, 41, 100, 90, 74, 81, 36, 51, 0, 36, 1, 24, 36, 100, 40, 7
27, 94, 1, 63, 56, 67, 64, 19, 0, 0, 0, 55, 21, 100, 100, 100, 5
74, 69, 100, 100, 84, 86, 70, 51, 47, 19, 0, 0, 36, 7, 98, 10, 1
100, 100, 96, 97, 93, 80, 82, 63, 71, 46, 46, 30, 25, 14, 0, 0, 1
65, 100, 19, 69, 22, 53, 95, 56, 100, 72, 48, 94, 26, 46, 0, 0, 4
46, 99, 7, 100, 37, 80, 56, 97, 90, 64, 100, 24, 57, 0, 0, 6, 9
31, 81, 49, 43, 38, 7, 0, 0, 5, 42, 25, 73, 62, 90, 100, 100, 5
0, 88, 37, 100, 85, 90, 63, 46, 48, 0, 27, 18, 45, 37, 100, 38, 7
50, 100, 7, 82, 0, 54, 57, 42, 100, 57, 74, 55, 48, 28, 39, 0, 4
12, 75, 3, 59, 67, 25, 20, 0, 27, 36, 95, 68, 100, 100, 0, 95, 8
6, 90, 0, 45, 21, 0, 72, 0, 100, 41, 86, 88, 37, 100, 9, 59, 0
0, 78, 38, 100, 100, 96, 93, 69, 57, 45, 15, 21, 18, 3, 85, 0, 2
5, 64, 30, 83, 100, 100, 75, 80, 50, 60, 25, 40, 0, 20, 5, 0, 1
16, 72, 40, 100, 94, 95, 84, 64, 47, 37, 0, 14, 31, 1, 100, 0, 2
79, 100, 31, 77, 0, 51, 68, 43, 100, 68, 76, 53, 41, 27, 14, 0, 4
32, 100, 6, 77, 0, 33, 30, 0, 81, 6, 100, 44, 76, 82, 26, 88, 0
72, 100, 51, 87, 0, 56, 66, 48, 100, 62, 75, 84, 47, 42, 19, 0, 4
31, 100, 0, 67, 2, 26, 42, 0, 86, 20, 100, 60, 73, 93, 25, 85, 0
55, 77, 45, 66, 100, 88, 49, 100, 0, 78, 69, 63, 70, 32, 59, 0, 9
38, 100, 40, 90, 0, 63, 36, 46, 93, 47, 100, 59, 63, 31, 40, 0, 4
44, 75, 90, 100, 83, 86, 67, 46, 51, 6, 0, 0, 27, 3, 100, 2, 1
63, 78, 59, 100, 100, 94, 70, 68, 91, 48, 94, 27, 48, 12, 0, 0, 3
0, 99, 45, 100, 68, 72, 41, 34, 16, 0, 9, 41, 54, 43, 100, 41, 7
64, 100, 29, 84, 0, 56, 38, 38, 100, 48, 94, 53, 57, 26, 24, 0, 4
0, 65, 24, 98, 63, 100, 55, 61, 26, 29, 19, 0, 59, 1, 100, 6, 2
40, 71, 60, 100, 100, 85, 78, 46, 37, 20, 0, 4, 49, 3, 99, 0, 2
37, 85, 74, 100, 73, 68, 49, 38, 19, 10, 0, 4, 51, 10, 100, 0, 2
17, 59, 32, 100, 57, 82, 32, 39, 0, 5, 19, 0, 59, 7, 100, 14, 2
56, 86, 39, 69, 100, 34, 59, 0, 0, 17, 53, 54, 95, 94, 22, 100, 8
23, 82, 58, 100, 87, 86, 62, 57, 100, 49, 85, 19, 45, 2, 0, 0, 3
69, 89, 6, 100, 10, 64, 35, 26, 10, 0, 0, 36, 47, 64, 100, 91, 8
59, 71, 62, 100, 90, 79, 67, 43, 28, 16, 0, 22, 50, 16, 100, 0, 2
90, 70, 53, 63, 0, 75, 45, 100, 100, 88, 86, 55, 53, 25, 8, 0, 9
14, 65, 35, 100, 64, 79, 48, 41, 16, 11, 0, 8, 50, 9, 100, 0, 2
30, 94, 73, 100, 29, 91, 6, 52, 51, 46, 100, 24, 45, 0, 0, 14, 5
0, 28, 22, 49, 58, 74, 92, 100, 100, 90, 78, 59, 55, 29, 46, 0, 1
42, 94, 0, 60, 23, 30, 86, 30, 100, 61, 70, 100, 69, 50, 71, 0, 4
0, 65, 64, 81, 100, 100, 91, 81, 79, 61, 73, 39, 67, 19, 97, 0, 1
0, 100, 48, 99, 59, 77, 61, 54, 91, 35, 100, 15, 59, 1, 11, 0, 3
0, 73, 54, 47, 100, 15, 43, 0, 51, 35, 81, 69, 63, 100, 2, 72, 8
53, 100, 35, 93, 6, 61, 0, 28, 36, 0, 96, 12, 100, 42, 37, 28, 6
0, 42, 7, 64, 52, 83, 100, 100, 94, 78, 67, 52, 43, 26, 22, 0, 1
12, 80, 40, 100, 81, 90, 64, 60, 64, 30, 100, 9, 53, 0, 0, 1, 3
47, 93, 92, 100, 100, 96, 55, 84, 60, 57, 83, 25, 45, 5, 0, 0, 5
0, 72, 28, 100, 53, 77, 53, 24, 42, 0, 36, 34, 68, 49, 100, 67, 7
30, 61, 67, 79, 100, 100, 91, 90, 63, 68, 37, 46, 15, 23, 0, 0, 1
10, 72, 45, 100, 85, 84, 56, 53, 100, 42, 92, 10, 37, 0, 0, 17, 3
77, 100, 25, 82, 3, 53, 0, 24, 43, 0, 100, 16, 46, 28, 6, 4, 6
20, 87, 60, 100, 69, 75, 50, 52, 100, 44, 96, 18, 51, 1, 0, 0, 3
48, 76, 62, 100, 93, 79, 67, 39, 28, 8, 0, 12, 51, 16, 100, 0, 2
18, 82, 53, 100, 76, 79, 45, 64, 90, 45, 100, 14, 52, 0, 0, 5, 3
0, 94, 47, 97, 97, 100, 92, 56, 84, 13, 67, 0, 48, 19, 100, 23, 7
18, 92, 11, 56, 43, 23, 21, 0, 4, 37, 0, 74, 47, 92, 100, 100, 5
25, 92, 67, 100, 100, 87, 62, 69, 70, 47, 88, 23, 46, 8, 0, 0, 3
4, 94, 7, 42, 35, 0, 82, 11, 100, 58, 73, 100, 25, 93, 0, 49, 0
17, 60, 36, 95, 44, 100, 42, 59, 37, 18, 0, 0, 51, 1, 100, 5, 1
25, 100, 0, 76, 11, 45, 79, 46, 100, 73, 86, 70, 79, 35, 70, 0, 4
100, 85, 64, 76, 38, 97, 84, 100, 90, 72, 67, 45, 36, 22, 0, 0, 9
0, 51, 19, 63, 59, 82, 100, 100, 84, 76, 67, 51, 51, 26, 40, 0, 1
15, 86, 49, 100, 100, 99, 93, 78, 57, 60, 64, 36, 42, 15, 0, 0, 3
100, 100, 46, 88, 13, 61, 0, 32, 16, 4, 90, 0, 81, 20, 20, 3, 6
54, 100, 29, 71, 0, 41, 46, 42, 100, 46, 71, 67, 55, 36, 48, 0, 4
0, 87, 46, 100, 72, 72, 61, 35, 42, 0, 23, 30, 49, 50, 100, 58, 7
2, 55, 18, 86, 70, 100, 98, 79, 75, 50, 100, 15, 52, 0, 0, 15, 3
14, 75, 39, 100, 99, 94, 81, 64, 45, 41, 100, 27, 57, 4, 0, 0, 3
63, 97, 19, 90, 4, 36, 42, 0, 95, 25, 100, 77, 46, 100, 0, 73, 0
76, 100, 37, 88, 0, 54, 44, 33, 96, 58, 100, 66, 60, 33, 23, 0, 4
42, 100, 11, 71, 38, 34, 17, 0, 0, 26, 3, 79, 50, 90, 100, 85, 5
9, 93, 0, 54, 12, 15, 62, 0, 99, 29, 100, 70, 64, 100, 26, 78, 0
30, 86, 65, 100, 84, 85, 58, 63, 100, 45, 98, 21, 51, 6, 0, 0, 3
0, 77, 28, 100, 60, 85, 62, 51, 42, 21, 26, 2, 68, 0, 100, 0, 2
27, 85, 57, 50, 64, 11, 15, 0, 0, 33, 2, 75, 46, 96, 100, 100, 5
49, 100, 13, 69, 0, 27, 30, 0, 74, 19, 100, 56, 83, 94, 36, 98, 0
82, 86, 0, 67, 38, 29, 96, 0, 25, 20, 65, 61, 100, 100, 18, 73, 8
0, 93, 57, 100, 100, 86, 71, 43, 41, 1, 22, 0, 23, 35, 82, 41, 7
0, 96, 45, 100, 56, 68, 51, 33, 48, 0, 29, 32, 50, 50, 100, 52, 7
2, 97, 14, 66, 50, 90, 14, 100, 62, 75, 100, 37, 75, 2, 0, 0, 9
0, 88, 55, 100, 100, 87, 65, 48, 39, 4, 19, 0, 22, 35, 87, 42, 7
75, 61, 85, 100, 22, 82, 37, 42, 55, 2, 0, 0, 31, 36, 100, 60, 8
100, 100, 54, 100, 17, 85, 15, 50, 55, 47, 85, 22, 50, 0, 0, 6, 5
37, 100, 3, 86, 0, 51, 19, 22, 72, 21, 100, 47, 76, 33, 65, 0, 4
100, 100, 65, 90, 32, 67, 5, 40, 0, 8, 40, 0, 36, 27, 0, 20, 6
11, 81, 60, 100, 100, 89, 69, 55, 31, 24, 0, 0, 7, 39, 64, 43, 7
100, 100, 49, 97, 15, 65, 0, 28, 33, 0, 85, 17, 62, 39, 20, 12, 6
70, 74, 6, 84, 57, 60, 100, 96, 62, 100, 100, 59, 79, 15, 0, 0, 9
8, 83, 69, 100, 100, 69, 82, 34, 51, 0, 15, 22, 0, 37, 89, 39, 7
36, 82, 45, 60, 81, 100, 0, 70, 19, 45, 25, 0, 100, 37, 4, 32, 8
14, 92, 0, 64, 66, 61, 77, 7, 41, 0, 23, 55, 30, 95, 100, 100, 5
100, 92, 20, 90, 7, 42, 65, 0, 0, 10, 18, 58, 78, 100, 45, 97, 8
8, 66, 17, 27, 49, 0, 89, 23, 100, 63, 75, 97, 25, 100, 0, 67, 0
31, 88, 68, 100, 60, 86, 76, 68, 100, 44, 78, 18, 39, 6, 0, 0, 3
94, 83, 29, 77, 100, 41, 78, 0, 0, 11, 45, 56, 92, 100, 10, 79, 8
56, 100, 15, 70, 42, 33, 2, 0, 0, 30, 13, 76, 41, 99, 100, 97, 5
0, 71, 28, 100, 65, 83, 55, 40, 20, 12, 13, 16, 57, 11, 100, 0, 2
39, 76, 83, 94, 100, 100, 65, 80, 30, 60, 9, 41, 0, 20, 22, 0, 1
9, 89, 54, 100, 74, 74, 56, 44, 25, 18, 0, 3, 50, 5, 100, 0, 2
100, 100, 57, 83, 24, 57, 3, 27, 25, 0, 78, 6, 54, 23, 0, 17, 6
38, 100, 16, 68, 0, 36, 51, 30, 100, 34, 90, 62, 63, 31, 41, 0, 4
40, 84, 33, 81, 100, 42, 81, 0, 0, 13, 46, 57, 94, 100, 11, 90, 8
0, 70, 8, 100, 56, 91, 69, 50, 38, 15, 10, 10, 58, 0, 100, 15, 2
95, 100, 64, 81, 36, 49, 27, 12, 75, 0, 100, 27, 51, 41, 0, 28, 6
0, 66, 3, 93, 52, 100, 100, 91, 84, 65, 45, 46, 27, 21, 65, 0, 3
100, 100, 54, 83, 20, 55, 0, 24, 34, 0, 92, 12, 79, 38, 16, 46, 6
53, 100, 0, 75, 7, 43, 100, 52, 50, 76, 16, 91, 14, 44, 28, 0, 4
100, 100, 55, 82, 22, 55, 0, 27, 11, 0, 95, 11, 85, 35, 9, 21, 6
100, 100, 55, 99, 20, 93, 23, 53, 67, 54, 80, 20, 43, 0, 0, 3, 5
20, 91, 61, 100, 71, 78, 59, 51, 100, 34, 86, 11, 37, 0, 0, 1, 3
32, 84, 66, 100, 100, 80, 64, 40, 30, 0, 68, 11, 36, 52, 0, 91, 8
0, 49, 27, 64, 65, 84, 100, 100, 83, 75, 62, 50, 46, 25, 33, 0, 1
80, 100, 59, 97, 26, 71, 0, 43, 28, 23, 94, 38, 100, 28, 81, 0, 4
14, 100, 0, 75, 7, 47, 72, 48, 100, 62, 83, 58, 82, 29, 84, 0, 4
84, 100, 38, 77, 8, 50, 0, 22, 40, 0, 100, 9, 54, 25, 2, 13, 6
0, 83, 30, 100, 78, 96, 100, 74, 70, 51, 37, 30, 35, 7, 83, 0, 2
36, 86, 0, 75, 35, 34, 12, 0, 11, 35, 75, 68, 100, 100, 12, 89, 8
34, 86, 6, 50, 0, 9, 49, 0, 89, 29, 100, 70, 66, 100, 21, 76, 0
59, 94, 71, 100, 100, 82, 75, 62, 63, 40, 75, 14, 40, 1, 0, 0, 3
71, 72, 33, 76, 24, 98, 78, 100, 100, 73, 78, 43, 41, 19, 0, 0, 9
12, 100, 0, 62, 11, 19, 49, 0, 88, 19, 100, 60, 72, 93, 30, 92, 0
51, 100, 21, 73, 0, 43, 48, 40, 93, 52, 100, 59, 76, 30, 56, 0, 4
0, 100, 15, 84, 57, 75, 100, 68, 77, 55, 53, 34, 29, 13, 16, 0, 7
100, 100, 61, 91, 27, 68, 0, 39, 0, 2, 40, 0, 54, 27, 15, 20, 6
0, 81, 34, 100, 77, 92, 73, 61, 46, 34, 17, 8, 52, 0, 100, 3, 2
25, 100, 0, 84, 16, 63, 77, 67, 100, 66, 76, 45, 53, 22, 34, 0, 4
28, 100, 22, 73, 0, 41, 16, 22, 78, 25, 98, 50, 93, 24, 100, 0, 4
6, 88, 29, 51, 82, 40, 56, 0, 15, 19, 0, 67, 40, 95, 100, 100, 5
0, 95, 38, 100, 78, 80, 63, 40, 49, 0, 24, 14, 46, 34, 100, 36, 7
100, 95, 71, 100, 36, 84, 34, 48, 83, 48, 91, 17, 49, 0, 0, 4, 5
39, 100, 10, 74, 0, 41, 60, 38, 100, 49, 85, 63, 60, 32, 43, 0, 4
52, 94, 100, 100, 98, 77, 72, 55, 99, 36, 92, 13, 44, 0, 0, 10, 3
100, 99, 72, 100, 54, 71, 44, 41, 42, 10, 69, 0, 47, 25, 0, 29, 6
0, 40, 30, 61, 67, 82, 100, 100, 88, 75, 72, 49, 56, 25, 40, 0, 1
72, 69, 82, 97, 4, 100, 0, 74, 91, 78, 100, 53, 60, 27, 24, 0, 9
83, 100, 34, 79, 8, 52, 0, 23, 37, 0, 100, 12, 93, 38, 28, 33, 6
48, 63, 42, 100, 94, 99, 94, 62, 90, 54, 100, 19, 51, 0, 0, 11, 3
75, 100, 100, 99, 83, 83, 75, 66, 50, 49, 25, 33, 8, 17, 0, 0, 1
62, 100, 22, 78, 0, 44, 2, 6, 48, 0, 88, 24, 100, 60, 63, 80, 0
49, 100, 16, 79, 0, 49, 5, 18, 49, 0, 100, 4, 59, 24, 24, 19, 6
84, 70, 94, 100, 48, 90, 60, 66, 100, 68, 78, 32, 47, 0, 0, 2, 9
38, 100, 0, 74, 20, 48, 99, 45, 100, 65, 75, 63, 58, 31, 43, 0, 4
60, 56, 56, 100, 0, 79, 46, 38, 100, 0, 45, 1, 39, 48, 91, 86, 8
87, 80, 54, 100, 24, 68, 61, 34, 37, 0, 0, 19, 52, 48, 100, 80, 8
45, 100, 20, 79, 0, 55, 23, 35, 100, 36, 92, 48, 77, 24, 70, 0, 4
63, 100, 33, 73, 0, 46, 41, 42, 100, 44, 72, 65, 64, 32, 49, 0, 4
32, 100, 0, 70, 77, 67, 60, 95, 60, 86, 97, 52, 100, 13, 19, 0, 9
60, 90, 94, 64, 88, 100, 56, 71, 100, 83, 100, 35, 67, 2, 0, 0, 9
100, 83, 29, 100, 27, 65, 86, 32, 59, 0, 0, 21, 45, 58, 99, 89, 8
8, 96, 0, 50, 12, 6, 58, 0, 96, 28, 100, 71, 59, 95, 11, 100, 0
27, 85, 68, 100, 100, 86, 54, 69, 84, 49, 98, 23, 54, 5, 0, 0, 3
0, 63, 54, 77, 91, 99, 100, 100, 83, 75, 67, 50, 50, 25, 48, 0, 1
100, 93, 79, 92, 24, 100, 0, 67, 42, 44, 92, 28, 67, 0, 25, 2, 5
3, 65, 37, 55, 100, 81, 54, 100, 0, 75, 85, 68, 69, 34, 58, 0, 9
0, 85, 48, 100, 84, 89, 73, 48, 65, 6, 48, 0, 37, 28, 100, 33, 7
73, 100, 28, 85, 0, 62, 5, 37, 60, 32, 100, 42, 82, 25, 66, 0, 4
36, 78, 66, 100, 83, 82, 81, 59, 100, 30, 82, 3, 38, 0, 0, 16, 3
63, 91, 100, 100, 75, 92, 41, 77, 31, 50, 56, 27, 36, 0, 0, 1, 5
67, 93, 100, 100, 88, 77, 59, 56, 87, 34, 92, 9, 46, 0, 0, 4, 3
100, 95, 46, 100, 9, 71, 0, 37, 21, 3, 80, 0, 67, 29, 3, 31, 6
1, 98, 52, 100, 69, 65, 50, 23, 29, 0, 0, 37, 47, 42, 100, 43, 7
70, 100, 38, 79, 6, 54, 0, 34, 65, 30, 100, 45, 88, 28, 80, 0, 4
42, 80, 72, 100, 98, 67, 74, 29, 31, 3, 0, 15, 51, 14, 100, 0, 2
30, 92, 57, 71, 81, 97, 0, 100, 25, 77, 100, 69, 77, 26, 31, 0, 9
97, 95, 25, 82, 100, 81, 67, 100, 0, 84, 83, 67, 40, 34, 13, 0, 9
100, 100, 53, 89, 17, 60, 4, 28, 33, 0, 90, 18, 60, 42, 0, 22, 6
42, 82, 80, 100, 100, 82, 70, 58, 32, 37, 0, 14, 39, 0, 100, 1, 2
0, 88, 48, 100, 100, 91, 73, 51, 51, 9, 41, 0, 21, 27, 78, 33, 7
49, 75, 44, 100, 23, 73, 43, 37, 47, 0, 0, 16, 40, 45, 100, 68, 8
24, 88, 58, 100, 56, 70, 30, 41, 0, 17, 12, 0, 56, 2, 100, 3, 2
34, 99, 14, 98, 68, 100, 84, 68, 70, 43, 100, 11, 53, 0, 0, 8, 3
17, 78, 46, 100, 75, 84, 44, 57, 94, 42, 100, 12, 51, 0, 0, 13, 3
69, 84, 31, 100, 29, 65, 76, 86, 81, 76, 100, 31, 58, 4, 0, 0, 9
5, 73, 0, 27, 38, 0, 81, 12, 100, 58, 78, 100, 31, 99, 10, 57, 0
29, 100, 20, 62, 100, 96, 15, 96, 14, 51, 25, 0, 90, 47, 0, 44, 8
100, 98, 51, 100, 11, 72, 44, 35, 43, 0, 0, 20, 22, 61, 65, 92, 8
0, 98, 46, 100, 87, 84, 74, 42, 68, 0, 100, 22, 93, 50, 44, 57, 7
5, 42, 0, 7, 44, 0, 87, 15, 100, 64, 68, 100, 25, 93, 20, 48, 0
81, 60, 96, 100, 0, 98, 49, 54, 96, 11, 13, 0, 33, 45, 100, 86, 8
0, 93, 32, 99, 81, 100, 100, 92, 84, 69, 70, 46, 60, 23, 59, 0, 7
20, 97, 9, 89, 0, 49, 66, 47, 100, 70, 75, 100, 71, 50, 73, 0, 4
0, 83, 26, 100, 45, 80, 27, 52, 6, 27, 29, 10, 65, 5, 100, 0, 2
12, 100, 2, 79, 0, 52, 63, 48, 100, 70, 86, 54, 80, 27, 74, 0, 4
75, 100, 47, 77, 17, 53, 0, 28, 67, 15, 100, 39, 97, 25, 94, 0, 4
100, 99, 60, 100, 53, 77, 90, 94, 82, 70, 66, 43, 37, 20, 0, 0, 9
35, 85, 89, 100, 100, 96, 36, 88, 33, 54, 95, 40, 60, 6, 0, 0, 5
97, 75, 60, 100, 35, 68, 68, 32, 49, 0, 0, 22, 39, 57, 100, 83, 8
100, 100, 54, 84, 18, 58, 0, 27, 24, 0, 78, 1, 62, 29, 6, 34, 6
100, 100, 68, 81, 40, 57, 20, 28, 24, 0, 59, 10, 36, 25, 0, 14, 6
2, 79, 48, 100, 77, 83, 60, 53, 100, 28, 83, 0, 23, 1, 0, 30, 3
9, 96, 72, 100, 96, 77, 41, 59, 57, 46, 100, 23, 68, 0, 0, 5, 3
0, 8, 35, 30, 68, 61, 95, 92, 100, 100, 81, 67, 62, 34, 47, 0, 1
7, 71, 42, 100, 70, 71, 45, 31, 5, 3, 0, 10, 50, 8, 100, 0, 2
48, 88, 100, 100, 92, 63, 56, 30, 16, 0, 0, 15, 30, 39, 91, 38, 7
0, 78, 25, 100, 66, 98, 87, 71, 62, 40, 32, 13, 58, 0, 100, 3, 2
66, 100, 35, 69, 23, 33, 43, 0, 98, 1, 100, 32, 43, 37, 0, 18, 6
0, 97, 76, 100, 100, 74, 62, 40, 33, 6, 4, 0, 11, 22, 91, 24, 7
11, 82, 45, 100, 93, 91, 77, 64, 82, 40, 100, 14, 53, 3, 0, 0, 3
23, 100, 22, 75, 0, 44, 47, 32, 100, 46, 99, 68, 90, 34, 86, 0, 4
19, 100, 95, 100, 100, 72, 73, 43, 49, 13, 33, 0, 0, 25, 75, 32, 7
50, 89, 66, 100, 82, 73, 50, 54, 100, 48, 93, 17, 47, 0, 0, 3, 3
2, 91, 48, 100, 63, 65, 51, 25, 30, 0, 0, 30, 50, 35, 100, 35, 7
21, 81, 0, 55, 7, 10, 56, 0, 97, 26, 100, 71, 62, 100, 15, 84, 0
43, 89, 25, 59, 76, 31, 41, 0, 0, 21, 6, 65, 33, 100, 100, 99, 5
0, 52, 39, 67, 80, 88, 100, 100, 82, 76, 69, 51, 59, 25, 51, 0, 1
100, 100, 0, 86, 0, 72, 0, 57, 0, 43, 0, 28, 50, 14, 50, 0, 1
0, 83, 35, 100, 73, 89, 70, 45, 67, 0, 46, 10, 57, 32, 100, 33, 7
0, 69, 60, 82, 100, 100, 90, 79, 81, 58, 69, 37, 67, 16, 69, 0, 1
86, 89, 48, 100, 27, 61, 77, 63, 100, 85, 87, 43, 61, 5, 0, 0, 9
27, 100, 14, 76, 0, 44, 41, 33, 94, 35, 100, 63, 76, 34, 76, 0, 4
60, 88, 89, 100, 93, 70, 71, 39, 40, 12, 0, 0, 48, 0, 100, 1, 2
64, 83, 16, 87, 11, 43, 0, 0, 5, 33, 54, 68, 100, 100, 25, 90, 8
0, 76, 24, 100, 58, 95, 53, 58, 31, 26, 9, 1, 54, 1, 100, 0, 2
0, 57, 33, 74, 79, 94, 100, 100, 81, 75, 65, 50, 53, 25, 51, 0, 1
100, 84, 56, 96, 2, 100, 3, 58, 37, 52, 78, 31, 46, 0, 0, 10, 5
0, 82, 39, 96, 88, 100, 100, 82, 73, 61, 67, 36, 48, 14, 7, 0, 3
0, 0, 35, 8, 69, 31, 93, 62, 100, 100, 69, 100, 57, 64, 64, 26, 9
95, 100, 57, 92, 83, 76, 100, 88, 88, 64, 68, 39, 39, 18, 0, 0, 9
13, 94, 0, 51, 55, 45, 34, 0, 0, 16, 0, 71, 39, 98, 100, 100, 5
0, 64, 16, 100, 57, 89, 40, 48, 2, 17, 1, 18, 49, 0, 100, 0, 2
0, 89, 46, 100, 100, 98, 84, 78, 51, 58, 71, 35, 50, 14, 5, 0, 3
0, 97, 26, 100, 68, 86, 51, 40, 20, 0, 15, 18, 43, 42, 100, 47, 7
100, 73, 56, 100, 3, 72, 55, 37, 80, 0, 0, 3, 27, 41, 95, 70, 8
65, 94, 100, 100, 82, 83, 71, 67, 41, 50, 18, 33, 6, 17, 0, 0, 1
54, 100, 18, 75, 0, 55, 60, 51, 100, 71, 74, 56, 46, 29, 28, 0, 4
78, 100, 0, 92, 22, 75, 100, 89, 90, 80, 62, 53, 38, 27, 32, 0, 9
5, 81, 1, 55, 29, 22, 4, 0, 0, 44, 16, 80, 57, 95, 100, 100, 5
38, 75, 62, 100, 56, 76, 28, 50, 0, 24, 4, 0, 52, 1, 100, 6, 2
18, 64, 42, 100, 96, 86, 59, 56, 78, 48, 100, 14, 41, 0, 0, 20, 3
0, 97, 62, 100, 80, 76, 69, 38, 62, 0, 14, 18, 3, 39, 100, 38, 7
39, 100, 0, 80, 2, 49, 67, 40, 100, 64, 60, 63, 31, 32, 14, 0, 4
100, 100, 70, 81, 38, 56, 14, 27, 32, 0, 86, 7, 53, 22, 0, 16, 6
36, 100, 100, 99, 82, 65, 60, 32, 36, 0, 0, 21, 25, 33, 92, 34, 7
0, 92, 50, 100, 78, 74, 61, 37, 43, 0, 24, 26, 44, 37, 100, 37, 7
100, 79, 84, 100, 45, 87, 95, 95, 99, 72, 67, 40, 33, 10, 0, 0, 9
25, 72, 0, 36, 21, 0, 65, 6, 99, 35, 100, 80, 62, 100, 25, 81, 0
75, 100, 31, 90, 3, 59, 0, 25, 39, 0, 100, 14, 75, 39, 11, 29, 6
100, 94, 90, 100, 45, 89, 24, 59, 66, 47, 85, 20, 47, 3, 0, 0, 5
36, 100, 0, 61, 28, 34, 98, 35, 100, 71, 71, 90, 66, 45, 60, 0, 4
100, 100, 73, 94, 48, 66, 30, 35, 35, 2, 74, 0, 44, 15, 0, 14, 6
20, 82, 11, 97, 93, 100, 100, 76, 61, 52, 11, 30, 0, 7, 85, 0, 2
52, 100, 0, 83, 16, 60, 85, 55, 100, 72, 66, 54, 43, 27, 20, 0, 4
0, 100, 66, 99, 86, 79, 64, 40, 44, 0, 9, 20, 33, 44, 100, 47, 7
32, 100, 0, 72, 1, 39, 50, 32, 100, 35, 87, 59, 77, 32, 58, 0, 4
44, 69, 70, 100, 89, 75, 59, 40, 19, 14, 0, 13, 51, 11, 100, 0, 2
27, 73, 15, 37, 41, 0, 81, 7, 100, 50, 78, 92, 37, 100, 0, 77, 0
64, 100, 22, 69, 55, 35, 16, 0, 0, 16, 12, 63, 42, 97, 100, 96, 5
0, 63, 30, 50, 64, 20, 50, 0, 23, 35, 16, 73, 53, 96, 100, 100, 5
54, 82, 26, 63, 100, 76, 28, 100, 61, 50, 0, 36, 49, 0, 55, 54, 8
0, 97, 41, 100, 59, 52, 45, 0, 17, 9, 5, 45, 52, 44, 100, 39, 7
33, 100, 11, 75, 0, 43, 44, 24, 91, 30, 100, 62, 76, 33, 64, 0, 4
0, 39, 62, 67, 86, 100, 6, 87, 38, 54, 100, 26, 72, 0, 1, 17, 8
12, 98, 63, 100, 68, 56, 53, 11, 38, 0, 0, 37, 38, 44, 100, 42, 7
60, 97, 4, 83, 62, 44, 93, 1, 12, 0, 0, 46, 11, 94, 100, 100, 5
100, 100, 68, 79, 45, 57, 28, 34, 22, 11, 72, 0, 62, 18, 0, 20, 6
100, 85, 17, 97, 8, 71, 88, 41, 67, 0, 0, 23, 47, 63, 100, 100, 8
0, 94, 50, 100, 68, 71, 59, 35, 45, 0, 18, 27, 47, 40, 100, 39, 7
41, 69, 78, 60, 100, 100, 37, 97, 57, 69, 89, 54, 66, 7, 0, 0, 9
0, 94, 39, 100, 54, 63, 55, 20, 47, 0, 19, 32, 58, 35, 100, 36, 7
77, 100, 28, 80, 4, 52, 2, 23, 44, 0, 100, 11, 51, 28, 0, 14, 6
100, 100, 49, 88, 20, 56, 7, 19, 46, 0, 95, 17, 51, 22, 0, 7, 6
84, 76, 80, 100, 5, 88, 0, 60, 76, 63, 100, 62, 83, 30, 79, 0, 9
32, 88, 65, 100, 83, 76, 50, 55, 94, 38, 100, 12, 52, 0, 0, 1, 3
16, 100, 0, 57, 55, 55, 44, 0, 12, 17, 6, 77, 45, 98, 100, 100, 6
0, 91, 10, 57, 48, 30, 20, 0, 8, 34, 12, 79, 49, 100, 100, 91, 5
93, 71, 0, 76, 15, 92, 95, 100, 100, 75, 93, 50, 88, 25, 83, 0, 9
9, 63, 66, 39, 77, 0, 0, 4, 41, 41, 100, 75, 77, 100, 0, 77, 8
28, 68, 37, 100, 96, 94, 82, 47, 66, 0, 100, 6, 46, 36, 0, 70, 8
26, 100, 0, 71, 41, 50, 97, 52, 100, 87, 81, 67, 67, 34, 59, 0, 4
64, 100, 19, 66, 0, 24, 64, 19, 100, 45, 98, 88, 78, 46, 69, 0, 4
15, 89, 0, 54, 19, 0, 74, 7, 100, 57, 64, 100, 12, 85, 7, 32, 0
0, 94, 52, 100, 100, 96, 93, 52, 85, 8, 62, 0, 36, 24, 91, 30, 7
48, 72, 78, 100, 100, 80, 69, 48, 32, 22, 0, 18, 45, 17, 88, 0, 2
55, 100, 33, 83, 0, 53, 40, 39, 100, 47, 90, 60, 48, 32, 23, 0, 4
100, 100, 58, 95, 20, 71, 0, 43, 7, 13, 58, 0, 97, 21, 54, 33, 6
0, 70, 33, 100, 100, 94, 100, 59, 75, 25, 47, 0, 69, 34, 14, 61, 8
5, 91, 0, 52, 14, 13, 61, 0, 97, 30, 100, 70, 66, 100, 14, 98, 0
41, 98, 82, 100, 65, 71, 57, 61, 100, 48, 87, 17, 45, 0, 0, 7, 3
4, 88, 19, 58, 59, 31, 24, 0, 6, 35, 0, 76, 44, 98, 100, 100, 5
65, 82, 14, 100, 33, 49, 100, 5, 8, 0, 0, 41, 90, 72, 12, 98, 8
80, 100, 28, 96, 0, 20, 52, 0, 100, 65, 61, 94, 57, 68, 32, 30, 0
100, 100, 58, 90, 20, 60, 0, 27, 33, 0, 98, 8, 64, 21, 2, 8, 6
79, 84, 17, 62, 100, 80, 67, 100, 0, 75, 88, 79, 70, 38, 36, 0, 9
0, 53, 5, 65, 54, 85, 100, 100, 81, 75, 59, 50, 41, 25, 30, 0, 1
26, 87, 67, 52, 100, 18, 34, 0, 24, 33, 70, 67, 80, 100, 0, 82, 8
31, 98, 50, 100, 100, 82, 61, 59, 29, 43, 95, 32, 65, 12, 0, 0, 3
11, 70, 0, 31, 32, 0, 89, 9, 100, 47, 78, 84, 27, 100, 2, 66, 0
61, 100, 16, 78, 0, 39, 15, 0, 72, 10, 100, 48, 96, 88, 44, 83, 0
19, 90, 4, 44, 24, 0, 75, 12, 100, 55, 82, 99, 30, 100, 0, 60, 0
100, 100, 48, 97, 12, 68, 0, 33, 21, 0, 76, 0, 63, 27, 2, 27, 6
25, 100, 71, 93, 77, 57, 59, 20, 30, 0, 0, 28, 50, 25, 100, 14, 7
0, 78, 36, 100, 81, 87, 62, 57, 84, 51, 100, 18, 57, 0, 12, 13, 3
0, 99, 84, 100, 100, 74, 70, 44, 41, 15, 16, 0, 4, 27, 90, 27, 7
43, 91, 9, 59, 0, 14, 43, 0, 85, 22, 100, 67, 68, 100, 21, 97, 0
66, 100, 28, 84, 8, 50, 14, 14, 61, 0, 100, 21, 51, 36, 0, 28, 6
93, 77, 51, 100, 3, 77, 0, 32, 39, 0, 90, 20, 100, 63, 54, 84, 0
14, 70, 58, 36, 28, 0, 0, 30, 48, 66, 100, 100, 46, 95, 22, 55, 8
17, 83, 62, 73, 100, 99, 14, 100, 47, 79, 98, 56, 56, 26, 0, 0, 9
4, 58, 19, 15, 66, 0, 100, 33, 99, 78, 57, 100, 15, 71, 0, 29, 0
20, 91, 59, 100, 100, 91, 84, 71, 52, 53, 64, 32, 39, 12, 0, 0, 3
22, 100, 0, 54, 18, 10, 100, 14, 94, 56, 63, 100, 59, 50, 60, 0, 4
0, 99, 48, 100, 67, 84, 56, 43, 56, 0, 43, 1, 52, 29, 100, 39, 7
67, 73, 40, 100, 10, 69, 34, 31, 29, 0, 0, 24, 51, 47, 100, 72, 8
87, 95, 28, 76, 0, 37, 18, 0, 77, 23, 100, 64, 74, 100, 23, 75, 0
0, 86, 22, 100, 49, 92, 46, 63, 35, 35, 45, 9, 72, 1, 100, 0, 2
2, 87, 35, 100, 49, 76, 39, 53, 93, 44, 100, 19, 57, 1, 0, 0, 3
16, 78, 0, 38, 31, 0, 74, 13, 100, 59, 71, 100, 28, 91, 11, 39, 0
0, 100, 60, 99, 68, 68, 59, 34, 54, 0, 100, 15, 68, 35, 8, 44, 7
46, 62, 85, 96, 15, 100, 12, 60, 44, 19, 0, 0, 28, 37, 100, 55, 8
35, 90, 43, 61, 62, 25, 21, 0, 0, 19, 17, 59, 46, 93, 100, 100, 5
52, 86, 27, 100, 0, 73, 56, 73, 100, 85, 87, 48, 58, 14, 5, 0, 9
73, 86, 12, 100, 0, 66, 77, 35, 100, 0, 6, 8, 34, 48, 75, 85, 8
28, 97, 2, 70, 47, 39, 61, 0, 24, 24, 0, 67, 39, 94, 100, 100, 5
20, 98, 9, 55, 71, 53, 70, 0, 0, 5, 10, 60, 24, 93, 100, 100, 5
100, 66, 48, 75, 12, 43, 0, 5, 47, 0, 89, 25, 86, 64, 61, 100, 0
14, 96, 67, 100, 76, 76, 53, 59, 100, 40, 88, 11, 36, 0, 0, 5, 3
0, 95, 63, 100, 95, 85, 75, 43, 64, 0, 33, 14, 35, 43, 100, 51, 7
31, 100, 0, 64, 1, 16, 43, 0, 83, 25, 100, 71, 65, 98, 20, 84, 0
0, 55, 30, 67, 66, 82, 100, 100, 81, 82, 61, 56, 46, 28, 39, 0, 1
0, 72, 29, 100, 61, 82, 59, 34, 47, 0, 24, 40, 62, 49, 100, 64, 7
29, 100, 19, 65, 54, 29, 21, 0, 0, 31, 12, 84, 54, 95, 100, 85, 5
100, 100, 42, 100, 1, 71, 18, 33, 14, 0, 0, 32, 36, 64, 83, 92, 8
78, 81, 41, 91, 41, 44, 56, 0, 0, 18, 48, 60, 100, 100, 33, 91, 8
52, 95, 0, 83, 42, 41, 81, 0, 1, 2, 44, 39, 100, 75, 50, 100, 8
64, 100, 57, 70, 0, 52, 55, 48, 95, 53, 100, 68, 85, 32, 71, 0, 4
4, 66, 27, 100, 47, 73, 29, 30, 0, 3, 31, 5, 65, 3, 100, 0, 2
6, 85, 47, 100, 76, 78, 56, 39, 36, 0, 0, 29, 47, 39, 100, 33, 7
54, 96, 23, 63, 0, 30, 15, 0, 74, 19, 99, 51, 100, 87, 47, 100, 0
21, 74, 4, 74, 2, 19, 63, 0, 100, 49, 71, 100, 10, 73, 0, 20, 0
42, 78, 56, 78, 100, 38, 50, 0, 8, 20, 58, 60, 94, 100, 0, 89, 8
0, 80, 37, 100, 69, 81, 66, 40, 57, 0, 33, 26, 55, 36, 100, 38, 7
65, 100, 36, 87, 0, 59, 87, 63, 100, 82, 75, 83, 51, 41, 29, 0, 4
8, 97, 74, 100, 100, 79, 71, 40, 38, 3, 5, 0, 0, 28, 68, 31, 7
41, 90, 0, 68, 9, 9, 57, 0, 100, 30, 91, 84, 45, 100, 5, 73, 0
19, 100, 35, 97, 20, 59, 0, 40, 65, 38, 94, 56, 95, 34, 100, 0, 4
0, 40, 15, 64, 51, 87, 83, 100, 75, 75, 74, 50, 81, 25, 100, 0, 1
67, 100, 29, 73, 0, 38, 9, 0, 78, 10, 100, 47, 41, 37, 10, 2, 6
37, 100, 10, 69, 0, 28, 35, 0, 84, 18, 100, 58, 79, 96, 27, 99, 0
0, 74, 16, 100, 35, 79, 20, 48, 1, 18, 19, 0, 60, 2, 100, 11, 2
88, 87, 0, 82, 3, 95, 97, 100, 100, 75, 91, 50, 91, 25, 100, 0, 9
42, 100, 20, 80, 0, 47, 39, 38, 100, 37, 98, 66, 83, 31, 83, 0, 4
70, 96, 20, 74, 0, 34, 28, 0, 80, 23, 100, 63, 82, 100, 26, 80, 0
44, 100, 0, 61, 22, 28, 93, 21, 100, 50, 69, 93, 61, 48, 56, 0, 4
27, 86, 0, 50, 13, 2, 70, 0, 100, 44, 91, 94, 41, 100, 13, 56, 0
53, 89, 59, 68, 77, 100, 38, 89, 100, 74, 93, 42, 57, 0, 0, 20, 9
7, 100, 8, 75, 0, 45, 13, 23, 64, 26, 70, 36, 84, 28, 100, 0, 4
23, 74, 29, 26, 66, 0, 100, 27, 99, 74, 64, 100, 26, 73, 0, 33, 0
33, 74, 71, 100, 60, 71, 47, 30, 26, 0, 0, 3, 50, 2, 100, 4, 1
16, 99, 26, 100, 0, 58, 45, 39, 100, 34, 86, 77, 57, 47, 45, 0, 4
11, 80, 37, 100, 83, 89, 50, 65, 100, 54, 97, 24, 54, 4, 0, 0, 3
0, 26, 34, 45, 68, 71, 100, 100, 86, 87, 59, 55, 32, 22, 5, 0, 1
2, 100, 0, 55, 15, 16, 53, 0, 89, 18, 100, 59, 74, 91, 36, 79, 0
0, 82, 51, 83, 86, 100, 56, 74, 42, 49, 40, 23, 16, 0, 100, 1, 1
51, 88, 14, 74, 0, 27, 35, 0, 85, 24, 100, 69, 61, 100, 15, 76, 0
12, 72, 50, 83, 92, 100, 100, 92, 75, 69, 47, 46, 22, 23, 0, 0, 1
51, 99, 28, 60, 40, 9, 79, 0, 100, 44, 81, 90, 40, 100, 0, 87, 0
17, 94, 0, 57, 16, 10, 64, 0, 100, 32, 98, 80, 55, 100, 14, 73, 0
67, 100, 58, 96, 29, 69, 0, 42, 29, 25, 92, 35, 100, 26, 79, 0, 4
67, 99, 18, 97, 32, 47, 69, 0, 0, 4, 45, 49, 100, 91, 42, 100, 8
0, 65, 33, 84, 78, 100, 100, 94, 75, 71, 48, 48, 23, 24, 4, 0, 1
0, 80, 38, 100, 95, 95, 57, 71, 51, 51, 100, 31, 95, 2, 36, 0, 3
0, 57, 51, 68, 85, 92, 100, 100, 85, 73, 73, 46, 64, 18, 63, 0, 1
0, 95, 45, 100, 60, 64, 43, 20, 23, 0, 5, 39, 52, 40, 100, 36, 7
81, 100, 52, 87, 19, 65, 0, 44, 89, 40, 100, 43, 78, 21, 78, 0, 4
40, 56, 100, 92, 26, 100, 15, 51, 77, 9, 0, 0, 16, 46, 100, 80, 8
35, 55, 46, 55, 100, 23, 60, 0, 5, 28, 32, 64, 65, 100, 0, 79, 8
0, 44, 33, 65, 73, 87, 100, 100, 79, 75, 56, 50, 39, 24, 59, 0, 1
56, 68, 100, 95, 46, 100, 0, 74, 48, 70, 99, 62, 74, 30, 40, 0, 9
58, 91, 93, 100, 77, 73, 97, 49, 100, 20, 70, 0, 26, 7, 0, 28, 3
34, 74, 62, 100, 100, 86, 69, 60, 75, 48, 90, 19, 50, 1, 0, 0, 3
39, 96, 2, 70, 53, 38, 63, 0, 0, 10, 6, 55, 31, 94, 100, 100, 5
32, 97, 34, 58, 61, 21, 0, 0, 5, 35, 55, 66, 100, 100, 39, 93, 8
0, 56, 30, 73, 64, 87, 99, 100, 100, 79, 85, 52, 79, 23, 97, 0, 1
23, 73, 30, 100, 80, 93, 60, 61, 90, 44, 100, 10, 50, 0, 0, 15, 3
53, 100, 30, 82, 0, 61, 2, 39, 79, 40, 100, 44, 84, 21, 100, 0, 4
0, 100, 22, 86, 60, 80, 100, 80, 84, 65, 66, 42, 51, 18, 47, 0, 7
92, 78, 42, 100, 0, 70, 41, 36, 86, 2, 19, 0, 28, 34, 100, 63, 8
62, 100, 15, 83, 3, 62, 0, 40, 79, 34, 100, 43, 79, 22, 88, 0, 4
81, 100, 39, 94, 69, 77, 63, 73, 86, 41, 100, 9, 52, 0, 0, 2, 9
31, 88, 3, 84, 77, 100, 100, 96, 69, 72, 37, 49, 14, 24, 0, 0, 1
38, 97, 21, 61, 38, 16, 4, 0, 0, 45, 11, 88, 55, 100, 100, 99, 5
100, 100, 33, 91, 44, 60, 84, 29, 46, 0, 0, 14, 39, 46, 87, 75, 8
59, 86, 87, 100, 100, 75, 68, 52, 76, 36, 97, 13, 51, 0, 0, 5, 3
49, 90, 32, 57, 61, 23, 5, 0, 0, 35, 9, 79, 34, 100, 100, 99, 5
100, 99, 45, 100, 22, 65, 69, 74, 88, 88, 86, 44, 58, 6, 0, 0, 9
0, 32, 24, 56, 62, 77, 100, 100, 100, 91, 77, 62, 62, 32, 54, 0, 1
9, 74, 45, 100, 61, 74, 35, 41, 3, 12, 0, 22, 50, 14, 100, 0, 2
19, 100, 69, 92, 68, 53, 53, 15, 67, 0, 100, 27, 54, 47, 0, 56, 7
23, 100, 3, 69, 0, 38, 58, 26, 100, 45, 97, 60, 76, 30, 60, 0, 4
0, 83, 28, 100, 78, 92, 85, 64, 91, 46, 100, 17, 57, 0, 5, 3, 3
69, 76, 77, 100, 100, 83, 74, 58, 93, 35, 86, 7, 43, 0, 0, 6, 3
15, 100, 0, 56, 13, 12, 51, 0, 88, 22, 100, 67, 73, 100, 34, 98, 0
0, 87, 31, 100, 59, 74, 57, 33, 44, 0, 27, 37, 57, 47, 100, 49, 7
39, 84, 0, 86, 40, 42, 76, 0, 20, 9, 57, 54, 100, 96, 44, 100, 8
73, 91, 21, 85, 50, 37, 46, 0, 0, 24, 54, 63, 100, 100, 30, 78, 8
92, 90, 56, 100, 33, 66, 78, 66, 100, 69, 100, 31, 65, 0, 0, 2, 9
14, 100, 83, 100, 100, 84, 67, 48, 47, 9, 27, 0, 0, 33, 75, 32, 7
100, 100, 53, 77, 20, 40, 13, 0, 65, 15, 94, 51, 56, 78, 0, 78, 0
32, 89, 19, 53, 73, 37, 53, 0, 0, 17, 7, 65, 39, 100, 100, 98, 5
30, 83, 62, 100, 51, 69, 29, 40, 0, 14, 1, 0, 50, 8, 100, 10, 2
5, 85, 12, 53, 30, 12, 3, 0, 0, 45, 8, 85, 53, 95, 100, 100, 5
65, 99, 27, 100, 45, 68, 74, 96, 91, 75, 100, 26, 59, 0, 0, 5, 9
100, 100, 48, 82, 17, 55, 7, 24, 42, 0, 96, 12, 60, 33, 0, 28, 6
54, 88, 100, 100, 83, 96, 44, 74, 59, 58, 75, 29, 44, 0, 0, 3, 5
0, 80, 23, 100, 57, 99, 66, 70, 52, 41, 38, 12, 65, 0, 100, 0, 2
31, 100, 17, 75, 0, 44, 2, 15, 60, 20, 100, 43, 80, 31, 80, 0, 4
27, 94, 55, 57, 61, 18, 15, 0, 0, 28, 5, 70, 46, 93, 100, 100, 5
45, 100, 0, 93, 33, 74, 53, 80, 70, 45, 100, 15, 63, 0, 10, 2, 9
0, 56, 31, 74, 60, 94, 80, 100, 86, 75, 90, 49, 95, 25, 100, 0, 1
81, 67, 72, 100, 0, 83, 31, 50, 100, 66, 94, 51, 83, 11, 4, 0, 9
5, 70, 8, 20, 49, 0, 93, 18, 100, 65, 67, 100, 20, 97, 0, 57, 0
0, 88, 40, 100, 68, 82, 56, 40, 39, 0, 29, 27, 58, 44, 100, 56, 7
65, 94, 23, 100, 25, 67, 74, 75, 74, 50, 100, 15, 58, 0, 0, 14, 9
89, 76, 40, 100, 9, 61, 100, 29, 91, 0, 0, 25, 64, 63, 91, 100, 8
0, 92, 46, 100, 90, 89, 52, 67, 89, 44, 100, 16, 53, 4, 3, 0, 3
0, 60, 17, 92, 25, 100, 29, 63, 34, 26, 15, 0, 55, 3, 100, 5, 1
26, 88, 54, 100, 100, 89, 94, 59, 95, 35, 77, 6, 30, 0, 0, 12, 3
0, 68, 48, 81, 86, 100, 100, 97, 87, 73, 81, 49, 80, 24, 71, 0, 1
77, 99, 0, 73, 100, 100, 12, 84, 6, 48, 12, 0, 99, 39, 16, 51, 8
30, 83, 61, 100, 93, 81, 53, 59, 89, 48, 100, 19, 56, 0, 0, 0, 3
25, 80, 0, 76, 35, 44, 76, 15, 10, 0, 4, 41, 30, 88, 100, 100, 5
0, 77, 40, 95, 87, 100, 100, 73, 71, 47, 34, 25, 17, 0, 67, 1, 2
30, 78, 41, 100, 100, 83, 59, 62, 40, 56, 85, 30, 62, 0, 0, 9, 3
100, 100, 60, 82, 33, 58, 14, 31, 11, 3, 50, 0, 46, 19, 0, 8, 6
34, 96, 46, 53, 36, 12, 0, 0, 2, 47, 28, 77, 63, 92, 100, 100, 5
27, 75, 64, 100, 100, 99, 79, 70, 45, 44, 6, 20, 0, 0, 64, 6, 2
32, 86, 65, 100, 99, 85, 78, 59, 94, 40, 100, 14, 52, 0, 0, 0, 3
0, 84, 37, 100, 82, 96, 85, 67, 59, 41, 31, 15, 51, 0, 100, 2, 2
26, 100, 0, 75, 2, 47, 61, 41, 100, 63, 93, 56, 84, 27, 75, 0, 4
9, 92, 56, 100, 54, 58, 33, 18, 10, 0, 0, 36, 50, 38, 100, 38, 7
12, 99, 49, 100, 100, 93, 65, 62, 28, 32, 0, 0, 11, 35, 72, 39, 7
20, 92, 10, 51, 68, 47, 45, 0, 2, 9, 0, 67, 39, 97, 100, 100, 5
42, 66, 54, 100, 81, 83, 57, 48, 24, 19, 0, 12, 50, 9, 100, 0, 2
34, 79, 69, 100, 60, 75, 41, 26, 13, 0, 0, 8, 50, 7, 100, 5, 1
0, 53, 35, 76, 78, 98, 100, 100, 84, 75, 68, 50, 54, 25, 54, 0, 1
0, 86, 30, 100, 65, 89, 50, 60, 74, 37, 100, 14, 55, 0, 9, 0, 3
100, 100, 45, 85, 12, 55, 0, 20, 45, 0, 94, 20, 59, 45, 3, 31, 6
25, 98, 0, 64, 83, 72, 79, 22, 12, 0, 9, 51, 8, 95, 100, 100, 5
45, 77, 89, 66, 96, 100, 46, 88, 90, 72, 100, 35, 62, 3, 0, 0, 9
41, 100, 25, 50, 47, 4, 86, 0, 100, 48, 74, 91, 35, 100, 0, 76, 0
13, 65, 39, 100, 72, 82, 49, 44, 11, 15, 0, 0, 50, 4, 100, 6, 2
18, 95, 14, 65, 77, 57, 100, 13, 49, 0, 12, 43, 0, 88, 62, 100, 5
31, 100, 0, 58, 74, 45, 57, 2, 10, 0, 6, 46, 17, 90, 100, 97, 5
14, 69, 67, 100, 59, 98, 60, 55, 62, 12, 0, 0, 3, 2, 100, 0, 1
39, 90, 79, 100, 100, 77, 80, 52, 43, 30, 0, 11, 28, 0, 89, 5, 2
100, 69, 70, 100, 0, 95, 20, 71, 87, 84, 87, 48, 71, 8, 11, 0, 9
99, 69, 86, 100, 32, 91, 62, 70, 100, 66, 98, 27, 57, 0, 0, 1, 9
88, 89, 46, 100, 13, 76, 23, 43, 76, 50, 100, 21, 55, 0, 0, 6, 5
100, 98, 57, 100, 23, 83, 12, 47, 43, 45, 77, 24, 45, 1, 0, 0, 5
0, 54, 0, 72, 42, 90, 91, 100, 100, 76, 74, 51, 48, 26, 26, 0, 1
51, 100, 11, 91, 0, 59, 34, 34, 96, 49, 100, 57, 62, 29, 34, 0, 4
72, 97, 64, 54, 69, 0, 0, 13, 28, 50, 100, 73, 96, 100, 19, 90, 8
0, 77, 23, 100, 67, 73, 64, 36, 41, 0, 6, 24, 33, 44, 100, 45, 7
0, 72, 41, 84, 80, 100, 100, 100, 84, 74, 66, 49, 48, 24, 37, 0, 1
31, 81, 58, 100, 100, 100, 81, 76, 65, 50, 78, 22, 41, 7, 0, 0, 3
100, 100, 59, 90, 36, 62, 19, 33, 10, 3, 42, 0, 42, 27, 0, 37, 6
0, 100, 63, 98, 67, 66, 57, 32, 39, 0, 13, 19, 35, 36, 100, 36, 7
88, 63, 87, 100, 7, 94, 0, 59, 73, 76, 100, 77, 85, 39, 80, 0, 9
49, 90, 81, 100, 96, 69, 74, 38, 24, 20, 0, 32, 58, 21, 100, 0, 2
0, 83, 40, 100, 74, 78, 69, 39, 63, 0, 60, 7, 48, 34, 100, 34, 7
33, 100, 0, 78, 1, 36, 30, 0, 82, 6, 100, 46, 80, 85, 28, 96, 0
32, 58, 26, 89, 73, 100, 80, 56, 42, 21, 0, 0, 50, 5, 100, 4, 2
32, 82, 67, 100, 100, 85, 69, 58, 70, 36, 88, 10, 44, 0, 0, 7, 3
7, 100, 0, 96, 1, 72, 7, 48, 38, 38, 66, 36, 70, 14, 100, 0, 4
0, 66, 15, 99, 58, 100, 64, 66, 43, 32, 11, 5, 50, 0, 100, 5, 2
100, 88, 77, 100, 43, 80, 17, 54, 6, 24, 24, 0, 40, 22, 0, 26, 6
71, 64, 100, 79, 63, 100, 0, 85, 29, 61, 100, 66, 94, 33, 95, 0, 9
25, 92, 71, 100, 75, 62, 57, 25, 30, 0, 0, 32, 47, 39, 100, 40, 7
84, 90, 0, 91, 51, 56, 98, 19, 36, 0, 43, 40, 100, 75, 62, 100, 8
0, 96, 41, 100, 61, 68, 47, 31, 31, 0, 12, 36, 46, 48, 100, 47, 7
0, 55, 38, 74, 83, 96, 100, 100, 83, 75, 71, 50, 60, 24, 43, 0, 1
8, 68, 25, 100, 56, 74, 37, 35, 0, 6, 2, 4, 51, 0, 100, 4, 2
75, 100, 26, 84, 0, 42, 13, 0, 69, 7, 100, 46, 84, 89, 33, 85, 0
0, 55, 41, 80, 62, 100, 48, 66, 35, 32, 11, 0, 7, 4, 100, 4, 1
40, 99, 0, 74, 1, 20, 44, 0, 88, 24, 100, 76, 60, 100, 21, 70, 0
99, 100, 67, 85, 22, 58, 1, 27, 36, 0, 100, 18, 77, 47, 0, 59, 6
15, 87, 55, 100, 100, 99, 84, 77, 52, 57, 63, 33, 41, 10, 0, 0, 3
20, 77, 54, 100, 100, 94, 81, 64, 79, 44, 94, 15, 48, 0, 0, 14, 3
23, 100, 25, 91, 0, 53, 19, 42, 92, 62, 88, 62, 97, 23, 100, 0, 4
95, 82, 71, 100, 27, 77, 77, 73, 100, 80, 93, 42, 56, 13, 0, 0, 9
34, 89, 3, 70, 1, 25, 49, 0, 100, 23, 100, 67, 56, 99, 0, 100, 0
32, 92, 24, 47, 71, 36, 38, 0, 0, 0, 21, 48, 49, 92, 100, 100, 5
0, 50, 41, 69, 76, 90, 100, 100, 89, 74, 78, 50, 70, 25, 68, 0, 1
53, 67, 80, 44, 67, 7, 0, 0, 35, 36, 83, 68, 100, 100, 25, 80, 8
11, 45, 17, 6, 55, 0, 88, 25, 100, 61, 79, 94, 38, 100, 0, 84, 0
8, 100, 67, 99, 72, 65, 55, 31, 32, 0, 0, 26, 36, 47, 100, 52, 7
49, 100, 7, 83, 0, 54, 100, 60, 72, 82, 51, 86, 59, 36, 68, 0, 4
15, 70, 48, 100, 63, 89, 57, 56, 67, 24, 15, 1, 0, 0, 100, 0, 1
0, 98, 39, 100, 71, 80, 72, 39, 69, 0, 48, 29, 60, 50, 100, 55, 7
42, 98, 22, 72, 75, 51, 62, 0, 0, 6, 23, 57, 43, 100, 100, 99, 5
24, 100, 24, 76, 0, 45, 100, 48, 100, 57, 61, 65, 61, 31, 67, 0, 4
0, 77, 34, 100, 82, 97, 72, 64, 39, 36, 4, 10, 48, 1, 100, 0, 2
100, 93, 74, 100, 30, 74, 0, 44, 2, 10, 57, 0, 96, 23, 44, 33, 6
19, 90, 2, 64, 15, 24, 62, 0, 100, 30, 97, 71, 55, 100, 0, 92, 0
100, 100, 56, 89, 22, 59, 0, 26, 24, 0, 77, 11, 77, 39, 22, 36, 6
17, 82, 50, 100, 86, 86, 56, 57, 97, 46, 100, 17, 51, 0, 0, 6, 3
16, 86, 44, 100, 35, 59, 12, 25, 0, 4, 33, 3, 66, 1, 100, 0, 2
88, 83, 71, 100, 44, 78, 86, 77, 100, 64, 87, 21, 46, 1, 0, 0, 9
0, 53, 34, 82, 45, 100, 43, 65, 50, 30, 40, 0, 37, 2, 100, 7, 1
7, 67, 62, 39, 100, 8, 38, 0, 24, 33, 57, 67, 74, 100, 0, 91, 8
6, 75, 36, 97, 92, 100, 69, 75, 66, 51, 100, 30, 54, 12, 0, 0, 3
70, 97, 16, 84, 0, 49, 12, 14, 62, 0, 95, 29, 100, 65, 92, 100, 0
31, 100, 2, 56, 12, 3, 60, 0, 100, 35, 91, 85, 42, 90, 0, 60, 0
0, 88, 35, 100, 55, 68, 49, 27, 38, 0, 19, 32, 59, 40, 100, 45, 7
5, 58, 39, 100, 47, 99, 41, 42, 12, 0, 0, 5, 55, 4, 100, 6, 1
19, 92, 38, 100, 59, 68, 44, 31, 18, 0, 0, 35, 50, 39, 100, 45, 7
38, 86, 66, 100, 100, 94, 70, 74, 71, 39, 70, 7, 35, 0, 0, 3, 3
29, 78, 44, 100, 47, 62, 29, 26, 0, 0, 27, 6, 64, 7, 100, 17, 2
0, 95, 62, 100, 98, 78, 70, 37, 50, 0, 100, 27, 88, 46, 26, 48, 7
76, 54, 73, 95, 27, 100, 0, 60, 8, 15, 53, 0, 91, 29, 100, 72, 0
72, 87, 29, 100, 0, 67, 50, 56, 92, 79, 100, 45, 98, 6, 45, 0, 9
51, 82, 100, 100, 54, 76, 0, 54, 8, 32, 84, 45, 49, 25, 27, 0, 4
93, 84, 52, 100, 6, 83, 0, 35, 28, 0, 77, 6, 100, 47, 89, 79, 0
42, 100, 22, 74, 0, 48, 43, 34, 97, 39, 100, 53, 78, 27, 64, 0, 4
0, 98, 70, 100, 97, 84, 87, 65, 83, 46, 100, 27, 97, 9, 30, 0, 3
0, 54, 30, 84, 54, 100, 53, 64, 46, 27, 5, 0, 41, 0, 100, 4, 1
0, 89, 53, 100, 91, 77, 77, 36, 49, 0, 23, 19, 43, 43, 100, 44, 7
0, 93, 64, 100, 100, 79, 54, 55, 23, 43, 86, 34, 74, 5, 10, 0, 3
24, 84, 0, 42, 11, 0, 61, 9, 95, 44, 100, 89, 54, 100, 14, 70, 0
83, 100, 35, 96, 65, 77, 94, 94, 100, 58, 95, 22, 53, 3, 0, 0, 9
0, 73, 4, 69, 22, 95, 93, 100, 100, 83, 82, 45, 67, 8, 76, 0, 7
100, 74, 75, 100, 25, 85, 0, 53, 8, 19, 55, 0, 68, 27, 16, 34, 6
34, 92, 16, 51, 39, 9, 84, 0, 100, 43, 79, 85, 35, 100, 0, 70, 0
8, 75, 15, 56, 100, 33, 75, 0, 30, 9, 12, 44, 0, 79, 88, 100, 5
12, 88, 4, 47, 15, 8, 68, 0, 100, 34, 99, 73, 54, 100, 0, 90, 0
74, 100, 47, 82, 54, 43, 54, 4, 0, 0, 28, 31, 78, 55, 100, 89, 8
70, 75, 92, 40, 84, 0, 0, 0, 35, 38, 100, 71, 90, 100, 13, 84, 8
0, 76, 28, 100, 66, 93, 61, 57, 35, 29, 19, 7, 60, 6, 100, 0, 2
0, 87, 44, 100, 84, 87, 53, 59, 53, 41, 100, 26, 69, 5, 18, 0, 3
13, 65, 58, 82, 100, 100, 77, 80, 52, 60, 32, 40, 10, 20, 0, 0, 1
22, 96, 26, 53, 81, 46, 60, 0, 21, 23, 0, 73, 42, 95, 100, 100, 5
23, 93, 5, 56, 19, 13, 68, 0, 100, 35, 92, 79, 45, 100, 0, 78, 0
0, 24, 30, 48, 61, 75, 91, 100, 100, 93, 83, 62, 68, 31, 59, 0, 1
6, 100, 0, 67, 56, 36, 70, 0, 58, 22, 100, 57, 100, 91, 0, 95, 8
0, 100, 34, 96, 56, 64, 56, 23, 40, 0, 29, 32, 64, 35, 100, 34, 7
70, 100, 35, 72, 10, 44, 10, 14, 68, 0, 100, 26, 65, 53, 0, 63, 6
26, 84, 38, 100, 52, 74, 30, 42, 0, 15, 20, 9, 62, 0, 100, 18, 2
64, 100, 53, 87, 20, 59, 0, 28, 24, 0, 85, 0, 100, 26, 41, 33, 6
55, 78, 81, 100, 67, 70, 51, 40, 36, 10, 0, 0, 49, 4, 100, 7, 1
0, 100, 56, 100, 70, 68, 51, 34, 32, 0, 6, 14, 30, 34, 100, 40, 7
21, 88, 24, 41, 78, 40, 53, 0, 14, 20, 0, 70, 44, 96, 100, 100, 5
69, 100, 45, 82, 14, 54, 0, 23, 37, 0, 100, 7, 70, 27, 5, 25, 6
100, 100, 63, 94, 30, 68, 7, 38, 7, 6, 52, 0, 45, 23, 0, 16, 6
51, 82, 22, 64, 48, 25, 14, 0, 0, 35, 51, 67, 100, 100, 30, 90, 8
90, 100, 54, 100, 55, 76, 94, 97, 97, 61, 100, 23, 57, 0, 0, 2, 9
23, 86, 68, 100, 91, 74, 53, 49, 9, 33, 0, 8, 49, 1, 100, 0, 2
20, 98, 1, 64, 46, 35, 30, 0, 1, 24, 0, 71, 43, 95, 100, 100, 5
0, 68, 43, 82, 90, 100, 100, 94, 87, 71, 78, 47, 76, 23, 81, 0, 1
42, 68, 0, 73, 1, 95, 44, 100, 82, 87, 100, 59, 91, 29, 74, 0, 9
25, 70, 54, 100, 60, 66, 35, 27, 0, 1, 19, 10, 61, 0, 100, 0, 2
50, 92, 100, 100, 53, 92, 22, 60, 48, 65, 80, 40, 51, 8, 0, 0, 5
38, 88, 51, 100, 60, 74, 35, 47, 0, 24, 9, 16, 51, 0, 100, 9, 2
34, 84, 72, 100, 95, 78, 65, 52, 100, 39, 95, 11, 49, 0, 0, 2, 3
63, 100, 6, 82, 83, 55, 100, 20, 24, 0, 0, 34, 22, 70, 13, 95, 8
36, 83, 66, 100, 94, 81, 60, 54, 100, 44, 92, 12, 44, 0, 0, 17, 3
0, 84, 46, 57, 89, 28, 68, 0, 41, 24, 70, 54, 100, 85, 41, 100, 8
100, 86, 12, 100, 0, 64, 67, 29, 39, 0, 35, 38, 94, 74, 92, 98, 8
26, 91, 74, 100, 74, 77, 48, 53, 19, 30, 0, 5, 47, 0, 100, 2, 2
100, 66, 66, 100, 0, 77, 32, 38, 60, 0, 9, 21, 51, 59, 87, 94, 8
31, 87, 77, 100, 81, 69, 53, 45, 100, 39, 92, 9, 33, 0, 0, 25, 3
65, 100, 7, 99, 0, 69, 62, 73, 77, 72, 100, 35, 63, 8, 2, 0, 9
39, 82, 68, 100, 100, 86, 72, 61, 91, 44, 83, 15, 41, 0, 0, 14, 3
24, 73, 0, 38, 13, 0, 66, 10, 96, 44, 100, 83, 55, 100, 9, 78, 0
0, 91, 50, 100, 84, 73, 79, 36, 66, 0, 27, 21, 45, 37, 100, 37, 7
25, 86, 0, 69, 19, 98, 69, 96, 100, 100, 81, 66, 67, 32, 54, 0, 7
0, 69, 51, 82, 100, 100, 95, 84, 78, 63, 62, 42, 51, 21, 46, 0, 1
37, 100, 34, 78, 0, 51, 25, 36, 85, 36, 100, 61, 86, 32, 80, 0, 4
17, 78, 53, 100, 68, 73, 37, 41, 0, 14, 25, 25, 62, 0, 100, 15, 2
45, 100, 4, 74, 0, 39, 19, 6, 69, 0, 100, 29, 100, 64, 79, 98, 0
58, 100, 19, 75, 0, 36, 14, 0, 61, 10, 93, 42, 100, 83, 58, 96, 0
23, 81, 0, 54, 48, 78, 100, 100, 98, 86, 69, 58, 44, 29, 28, 0, 1
100, 80, 100, 100, 77, 97, 63, 77, 43, 58, 29, 38, 11, 19, 0, 0, 1
63, 100, 45, 97, 0, 78, 0, 61, 49, 44, 100, 47, 63, 24, 37, 0, 4
0, 100, 0, 86, 18, 72, 36, 57, 55, 43, 82, 28, 100, 14, 73, 0, 1
76, 100, 25, 87, 50, 60, 86, 86, 91, 69, 100, 31, 55, 9, 0, 0, 9
0, 100, 57, 100, 68, 81, 72, 62, 91, 43, 100, 24, 62, 8, 9, 0, 3
50, 100, 0, 89, 16, 62, 66, 73, 82, 60, 100, 23, 56, 2, 2, 0, 9
4, 68, 19, 100, 43, 75, 35, 35, 11, 0, 0, 5, 47, 13, 100, 7, 2
7, 54, 0, 89, 71, 100, 100, 83, 71, 45, 45, 6, 32, 0, 67, 21, 7
10, 86, 51, 100, 83, 81, 59, 51, 91, 41, 100, 11, 51, 0, 0, 7, 3
0, 96, 53, 100, 95, 71, 85, 28, 54, 0, 4, 20, 43, 31, 100, 37, 7
14, 70, 50, 100, 49, 86, 47, 41, 32, 2, 0, 0, 73, 4, 100, 6, 1
21, 98, 6, 52, 55, 37, 22, 0, 1, 33, 0, 81, 41, 100, 100, 99, 5
0, 78, 36, 100, 38, 97, 37, 60, 35, 23, 1, 0, 43, 7, 100, 6, 1
25, 68, 51, 100, 52, 78, 54, 42, 54, 5, 0, 0, 43, 1, 100, 1, 1
58, 100, 11, 60, 0, 10, 62, 0, 100, 44, 96, 94, 33, 97, 10, 49, 0
1, 64, 29, 100, 34, 79, 28, 32, 0, 1, 8, 0, 54, 2, 100, 2, 1
67, 96, 7, 83, 66, 56, 100, 23, 34, 0, 0, 30, 24, 68, 24, 100, 8
0, 98, 35, 100, 75, 75, 63, 43, 47, 10, 28, 0, 19, 19, 100, 30, 7
100, 100, 0, 91, 32, 54, 92, 20, 17, 0, 19, 36, 75, 71, 47, 92, 8
15, 46, 48, 82, 66, 100, 59, 48, 37, 7, 0, 2, 51, 0, 100, 6, 1
41, 83, 28, 54, 100, 50, 76, 12, 7, 0, 0, 41, 14, 84, 87, 100, 5
100, 100, 48, 91, 15, 64, 0, 32, 13, 0, 60, 6, 56, 36, 20, 21, 6
19, 69, 14, 18, 45, 0, 83, 27, 100, 73, 67, 100, 24, 86, 0, 47, 0
71, 95, 37, 79, 0, 47, 90, 47, 100, 68, 75, 100, 63, 50, 66, 0, 4
0, 93, 61, 100, 100, 81, 86, 50, 72, 19, 55, 0, 34, 22, 99, 23, 7
38, 99, 0, 55, 5, 1, 70, 0, 100, 49, 78, 100, 23, 84, 13, 30, 0
66, 100, 15, 80, 0, 50, 91, 46, 100, 72, 78, 65, 58, 33, 45, 0, 4
12, 96, 12, 52, 62, 32, 20, 0, 0, 32, 4, 78, 36, 99, 100, 100, 5
0, 100, 10, 68, 55, 32, 18, 0, 4, 30, 57, 63, 100, 98, 10, 98, 8
7, 80, 39, 100, 78, 92, 65, 58, 100, 48, 85, 16, 43, 0, 0, 12, 3
100, 90, 97, 100, 68, 74, 45, 47, 35, 20, 77, 1, 61, 18, 0, 0, 6
0, 100, 2, 74, 11, 43, 72, 39, 99, 58, 100, 67, 88, 34, 84, 0, 4
23, 75, 77, 98, 100, 100, 42, 88, 23, 50, 84, 46, 62, 10, 0, 0, 5
56, 73, 35, 83, 0, 91, 39, 100, 79, 91, 100, 63, 96, 31, 81, 0, 9
46, 97, 40, 100, 0, 71, 63, 61, 100, 75, 64, 98, 46, 49, 34, 0, 4
1, 72, 20, 100, 42, 73, 32, 37, 5, 6, 0, 2, 51, 1, 100, 0, 2
100, 100, 55, 78, 26, 52, 9, 25, 25, 0, 86, 15, 64, 35, 0, 21, 6
18, 100, 80, 95, 90, 61, 52, 26, 26, 0, 100, 16, 79, 32, 0, 36, 7
70, 98, 0, 89, 60, 61, 100, 26, 49, 0, 12, 31, 46, 68, 81, 100, 8
24, 80, 0, 45, 16, 0, 79, 13, 100, 58, 75, 100, 16, 74, 12, 28, 0
61, 79, 57, 100, 100, 93, 65, 68, 94, 46, 77, 18, 27, 0, 0, 16, 3
13, 68, 27, 100, 56, 86, 34, 44, 0, 9, 0, 0, 50, 0, 100, 8, 2
78, 100, 21, 80, 49, 44, 95, 76, 91, 80, 100, 34, 62, 0, 0, 13, 9
55, 93, 81, 100, 73, 72, 77, 51, 100, 28, 70, 8, 32, 0, 0, 9, 3
0, 94, 6, 100, 44, 100, 39, 63, 19, 29, 24, 0, 63, 5, 100, 17, 2
0, 40, 35, 58, 67, 80, 100, 100, 86, 78, 68, 52, 49, 27, 38, 0, 1
0, 98, 45, 100, 70, 95, 57, 48, 55, 0, 23, 25, 50, 34, 100, 38, 7
100, 100, 57, 92, 24, 87, 0, 58, 33, 57, 66, 42, 48, 13, 8, 0, 5
40, 70, 1, 38, 0, 0, 61, 9, 95, 43, 100, 83, 59, 100, 28, 65, 0
16, 100, 0, 55, 64, 39, 46, 0, 12, 15, 0, 63, 29, 96, 100, 98, 5
46, 69, 93, 73, 81, 100, 55, 81, 100, 62, 93, 22, 48, 7, 0, 0, 9
4, 89, 0, 73, 23, 99, 87, 100, 100, 88, 79, 59, 59, 29, 44, 0, 7
96, 64, 100, 100, 50, 99, 15, 68, 0, 31, 22, 0, 47, 27, 14, 25, 6
92, 93, 50, 100, 41, 65, 88, 79, 100, 74, 91, 29, 53, 0, 0, 4, 9
32, 100, 0, 77, 11, 54, 100, 59, 46, 86, 41, 79, 45, 33, 41, 0, 4
0, 100, 40, 94, 60, 63, 50, 26, 33, 0, 19, 32, 59, 40, 100, 48, 7
0, 64, 25, 90, 77, 100, 76, 69, 51, 39, 18, 12, 43, 0, 100, 4, 2
0, 59, 39, 78, 75, 100, 100, 98, 83, 74, 69, 49, 56, 25, 61, 0, 1
0, 64, 43, 78, 81, 100, 100, 98, 95, 73, 88, 49, 81, 24, 83, 0, 1
86, 100, 47, 80, 14, 54, 0, 26, 17, 0, 100, 8, 92, 33, 19, 50, 6
11, 65, 7, 91, 53, 100, 100, 98, 72, 75, 44, 50, 19, 25, 0, 0, 7
100, 79, 54, 100, 21, 67, 78, 60, 98, 82, 92, 38, 60, 0, 0, 6, 9
0, 73, 52, 81, 100, 100, 100, 84, 88, 63, 76, 42, 60, 20, 72, 0, 1
47, 100, 9, 76, 0, 45, 59, 48, 100, 73, 67, 58, 36, 30, 15, 0, 4
78, 100, 29, 80, 6, 50, 0, 19, 44, 0, 100, 15, 72, 37, 17, 25, 6
0, 91, 51, 100, 84, 82, 51, 43, 25, 0, 1, 16, 39, 40, 100, 41, 7
0, 92, 50, 100, 70, 75, 25, 53, 58, 42, 100, 20, 58, 0, 3, 1, 3
60, 100, 32, 69, 0, 37, 42, 29, 100, 29, 85, 51, 68, 38, 60, 0, 4
0, 61, 34, 91, 51, 100, 48, 60, 45, 19, 4, 0, 48, 1, 100, 3, 1
0, 82, 33, 100, 77, 93, 50, 66, 71, 47, 100, 24, 58, 7, 11, 0, 3
100, 100, 56, 90, 20, 66, 0, 34, 9, 1, 55, 0, 67, 31, 26, 46, 6
44, 68, 62, 40, 100, 2, 0, 0, 25, 38, 98, 71, 96, 100, 6, 73, 8
14, 96, 77, 100, 30, 99, 20, 60, 66, 61, 100, 32, 54, 0, 0, 17, 5
100, 100, 68, 92, 35, 67, 7, 35, 0, 0, 43, 2, 50, 26, 9, 11, 6
99, 69, 77, 100, 51, 72, 88, 79, 100, 59, 84, 15, 38, 0, 0, 7, 9
82, 95, 0, 83, 62, 54, 100, 20, 37, 0, 49, 35, 89, 70, 88, 100, 8
16, 100, 6, 51, 58, 34, 24, 0, 3, 29, 0, 81, 46, 99, 100, 99, 5
29, 85, 8, 43, 33, 0, 86, 9, 100, 57, 74, 100, 17, 92, 0, 46, 0
17, 92, 55, 100, 69, 71, 38, 50, 0, 38, 23, 25, 61, 13, 100, 0, 2
50, 91, 100, 100, 90, 97, 62, 69, 100, 43, 99, 11, 51, 0, 0, 1, 5
14, 73, 41, 100, 87, 95, 64, 65, 100, 45, 100, 15, 49, 0, 0, 16, 3
20, 86, 42, 100, 38, 64, 11, 35, 0, 22, 35, 0, 75, 1, 100, 31, 2
94, 91, 32, 81, 100, 44, 91, 0, 8, 18, 45, 60, 98, 100, 0, 100, 8
90, 82, 46, 100, 38, 56, 97, 74, 92, 84, 100, 35, 62, 0, 0, 19, 9
100, 100, 63, 82, 35, 63, 10, 43, 0, 21, 14, 0, 63, 2, 35, 11, 6
37, 95, 7, 60, 65, 60, 65, 11, 0, 0, 16, 50, 30, 95, 100, 100, 5
78, 100, 17, 99, 24, 73, 83, 80, 100, 68, 98, 30, 61, 2, 0, 0, 9
74, 100, 10, 93, 15, 69, 77, 80, 78, 66, 100, 30, 66, 4, 0, 0, 9
15, 95, 69, 100, 75, 66, 51, 33, 22, 0, 0, 9, 30, 29, 100, 33, 7
56, 100, 31, 68, 0, 38, 27, 25, 83, 22, 100, 50, 91, 34, 76, 0, 4
0, 91, 43, 100, 89, 95, 100, 59, 84, 23, 66, 0, 38, 32, 84, 33, 7
88, 82, 39, 100, 4, 68, 100, 35, 84, 0, 0, 22, 49, 62, 84, 93, 8
11, 91, 56, 100, 100, 92, 73, 73, 51, 52, 55, 28, 47, 6, 0, 0, 3
13, 95, 71, 100, 93, 71, 54, 42, 94, 42, 100, 12, 43, 0, 0, 20, 3
37, 100, 0, 77, 13, 53, 74, 60, 100, 82, 68, 55, 40, 28, 18, 0, 4
41, 100, 0, 75, 11, 49, 96, 50, 100, 56, 52, 70, 54, 35, 57, 0, 4
38, 85, 75, 100, 92, 84, 71, 58, 100, 37, 82, 11, 41, 0, 0, 6, 3
0, 100, 75, 97, 100, 71, 61, 36, 32, 0, 83, 4, 81, 24, 0, 23, 7
0, 98, 53, 100, 84, 72, 62, 34, 43, 0, 1, 26, 44, 37, 100, 38, 7
0, 92, 35, 95, 100, 100, 93, 79, 59, 41, 36, 0, 12, 16, 76, 22, 7
100, 53, 95, 92, 46, 100, 11, 69, 0, 26, 34, 0, 76, 25, 88, 62, 0
54, 100, 0, 92, 10, 62, 64, 69, 73, 71, 100, 36, 79, 7, 23, 0, 9
16, 100, 12, 92, 0, 69, 38, 52, 100, 57, 96, 46, 82, 24, 75, 0, 4
77, 100, 37, 78, 0, 53, 48, 37, 100, 40, 92, 60, 87, 28, 97, 0, 4
20, 62, 39, 98, 44, 100, 37, 62, 41, 24, 0, 0, 30, 0, 100, 0, 1
0, 55, 32, 91, 39, 100, 36, 47, 19, 0, 1, 7, 50, 7, 100, 8, 1
100, 100, 57, 91, 28, 63, 6, 33, 9, 1, 62, 0, 59, 22, 0, 12, 6
22, 69, 40, 100, 79, 87, 69, 52, 41, 22, 0, 0, 46, 2, 100, 0, 2
85, 100, 44, 87, 11, 54, 0, 16, 50, 0, 100, 20, 68, 46, 8, 41, 6
17, 99, 30, 100, 0, 53, 14, 4, 83, 0, 100, 46, 28, 55, 6, 13, 6
64, 70, 100, 100, 53, 89, 81, 82, 96, 66, 99, 23, 54, 0, 0, 11, 9
56, 91, 100, 100, 51, 86, 16, 58, 66, 62, 81, 29, 49, 0, 0, 0, 5
14, 84, 43, 52, 44, 12, 0, 0, 19, 38, 59, 69, 100, 100, 57, 98, 8
100, 100, 61, 92, 96, 89, 88, 70, 89, 44, 88, 18, 49, 4, 0, 0, 9
99, 74, 62, 100, 23, 75, 60, 53, 95, 58, 100, 11, 49, 1, 0, 0, 9
0, 98, 52, 100, 61, 75, 49, 32, 48, 0, 17, 37, 48, 42, 100, 50, 7
0, 89, 25, 100, 31, 68, 17, 37, 11, 9, 40, 4, 70, 3, 100, 0, 2
100, 100, 56, 95, 21, 82, 12, 56, 59, 69, 74, 33, 45, 0, 0, 8, 5
0, 46, 33, 63, 66, 82, 100, 100, 84, 75, 64, 51, 46, 25, 29, 0, 1
47, 89, 33, 69, 100, 51, 83, 10, 14, 0, 0, 44, 9, 90, 81, 100, 5
88, 100, 53, 80, 22, 54, 0, 27, 9, 0, 100, 7, 44, 18, 6, 4, 6
15, 89, 13, 49, 67, 38, 39, 0, 8, 29, 0, 74, 35, 96, 100, 100, 5
74, 100, 46, 89, 21, 54, 17, 16, 65, 0, 100, 22, 46, 34, 0, 27, 6
100, 100, 57, 98, 23, 72, 0, 41, 1, 7, 47, 0, 52, 28, 2, 32, 6
42, 100, 8, 74, 0, 28, 31, 0, 74, 8, 100, 45, 89, 88, 49, 95, 0
6, 73, 36, 100, 45, 66, 31, 30, 0, 0, 5, 10, 52, 7, 100, 9, 2
36, 100, 3, 72, 0, 45, 62, 50, 100, 61, 95, 63, 97, 30, 97, 0, 4
7, 100, 2, 76, 0, 46, 52, 30, 100, 40, 100, 58, 94, 29, 93, 0, 4
0, 57, 27, 90, 84, 100, 100, 66, 67, 33, 21, 7, 24, 0, 84, 2, 2
100, 99, 60, 100, 22, 65, 0, 27, 31, 0, 87, 23, 62, 54, 7, 37, 6
71, 100, 50, 95, 16, 66, 0, 34, 16, 5, 92, 0, 100, 26, 21, 32, 6
100, 100, 44, 83, 11, 53, 0, 20, 35, 0, 89, 16, 76, 41, 20, 35, 6
0, 53, 38, 69, 77, 89, 100, 100, 86, 75, 73, 49, 58, 24, 60, 0, 1
51, 100, 14, 75, 0, 46, 52, 34, 100, 45, 82, 59, 67, 29, 55, 0, 4
36, 84, 0, 66, 84, 57, 100, 18, 22, 0, 5, 40, 9, 86, 84, 100, 5
25, 67, 52, 100, 58, 92, 55, 46, 33, 7, 0, 0, 50, 2, 100, 3, 1
43, 100, 10, 76, 0, 47, 10, 18, 53, 0, 100, 12, 86, 36, 33, 38, 6
100, 99, 60, 100, 25, 85, 29, 69, 65, 55, 64, 25, 39, 1, 0, 0, 5
23, 79, 0, 46, 6, 5, 53, 0, 89, 29, 100, 71, 67, 100, 25, 83, 0
100, 100, 67, 93, 47, 77, 27, 62, 13, 46, 0, 30, 0, 14, 0, 0, 1
0, 89, 56, 100, 77, 77, 29, 54, 50, 48, 100, 27, 60, 5, 0, 0, 3
26, 70, 0, 38, 14, 0, 65, 4, 93, 40, 100, 79, 60, 100, 21, 74, 0
93, 100, 53, 92, 60, 49, 56, 8, 0, 0, 11, 35, 62, 57, 100, 84, 8
67, 88, 95, 100, 47, 75, 18, 50, 81, 62, 100, 29, 64, 0, 0, 7, 5
0, 70, 9, 100, 44, 97, 35, 60, 14, 27, 21, 0, 60, 0, 100, 3, 2
28, 82, 19, 54, 81, 45, 55, 9, 0, 0, 11, 49, 37, 91, 100, 100, 5
17, 74, 2, 33, 25, 0, 75, 22, 100, 59, 96, 99, 40, 100, 0, 71, 0
32, 93, 80, 100, 100, 64, 63, 26, 36, 0, 96, 29, 78, 42, 0, 38, 7
0, 95, 68, 100, 84, 86, 70, 43, 67, 0, 32, 12, 38, 31, 100, 38, 7
39, 76, 61, 100, 57, 57, 33, 21, 0, 1, 27, 16, 64, 11, 100, 0, 2
33, 82, 0, 48, 2, 5, 52, 0, 92, 31, 100, 74, 60, 100, 9, 83, 0
0, 67, 44, 83, 93, 100, 100, 92, 83, 70, 68, 46, 66, 23, 73, 0, 1
0, 27, 30, 45, 58, 70, 85, 96, 100, 100, 84, 67, 69, 34, 58, 0, 1
26, 100, 0, 58, 5, 11, 55, 0, 97, 28, 100, 75, 56, 97, 17, 68, 0
19, 100, 21, 99, 0, 49, 9, 0, 72, 4, 100, 50, 73, 95, 7, 90, 0
47, 63, 1, 67, 0, 88, 45, 100, 90, 90, 100, 59, 81, 28, 55, 0, 9
0, 70, 60, 69, 82, 100, 3, 83, 48, 70, 100, 78, 76, 39, 64, 0, 9
100, 78, 64, 100, 0, 75, 57, 37, 46, 0, 24, 31, 82, 68, 100, 98, 8
100, 100, 73, 86, 58, 72, 42, 58, 23, 43, 12, 29, 4, 14, 0, 0, 1
0, 74, 18, 100, 67, 99, 57, 66, 27, 36, 0, 5, 48, 0, 100, 5, 2
91, 77, 55, 100, 18, 73, 62, 62, 95, 57, 100, 19, 65, 0, 0, 6, 9
0, 58, 9, 58, 54, 79, 99, 100, 100, 84, 81, 56, 63, 28, 49, 0, 1
49, 100, 32, 71, 0, 36, 62, 38, 100, 42, 58, 70, 55, 32, 64, 0, 4
1, 69, 26, 100, 59, 85, 37, 46, 2, 14, 0, 16, 55, 0, 100, 17, 2
33, 86, 21, 56, 91, 44, 65, 1, 0, 0, 2, 51, 26, 94, 100, 100, 5
95, 72, 46, 68, 46, 100, 91, 99, 100, 66, 85, 32, 49, 6, 0, 0, 9
86, 70, 70, 100, 28, 79, 42, 39, 30, 0, 0, 16, 41, 46, 100, 62, 8
45, 85, 34, 63, 100, 53, 71, 9, 3, 0, 0, 50, 4, 97, 79, 100, 5
0, 65, 42, 92, 72, 100, 61, 62, 57, 24, 25, 1, 41, 4, 100, 0, 1
26, 100, 8, 84, 0, 66, 15, 50, 45, 40, 79, 32, 100, 17, 100, 0, 4
49, 100, 24, 82, 0, 54, 20, 37, 82, 40, 82, 54, 80, 25, 100, 0, 4
30, 91, 65, 100, 83, 77, 64, 52, 100, 38, 76, 9, 37, 0, 0, 10, 3
18, 92, 51, 100, 44, 64, 26, 30, 0, 0, 12, 20, 57, 14, 100, 12, 2
7, 64, 39, 98, 47, 100, 47, 59, 44, 18, 0, 0, 37, 4, 100, 4, 1
100, 100, 44, 94, 8, 59, 0, 17, 51, 0, 92, 27, 48, 50, 7, 21, 6
0, 89, 42, 100, 100, 93, 88, 56, 59, 21, 42, 0, 32, 25, 94, 29, 7
46, 88, 70, 100, 63, 71, 36, 44, 0, 22, 12, 14, 58, 0, 100, 18, 2
12, 82, 55, 100, 81, 88, 51, 61, 99, 51, 100, 21, 56, 2, 0, 0, 3
0, 78, 27, 100, 55, 82, 58, 35, 50, 0, 36, 24, 67, 37, 100, 40, 7
0, 74, 34, 100, 83, 99, 81, 63, 48, 31, 6, 6, 47, 4, 100, 0, 2
32, 100, 0, 80, 6, 56, 100, 56, 57, 88, 47, 84, 55, 38, 60, 0, 4
44, 100, 21, 72, 0, 42, 35, 20, 100, 20, 99, 51, 78, 29, 58, 0, 4
100, 100, 63, 77, 32, 52, 12, 24, 28, 0, 76, 19, 51, 37, 0, 22, 6
0, 88, 47, 100, 96, 90, 100, 59, 80, 28, 53, 0, 37, 29, 88, 25, 7
100, 99, 68, 100, 32, 67, 8, 31, 24, 0, 69, 21, 34, 46, 0, 22, 6
41, 84, 89, 100, 100, 97, 44, 93, 26, 73, 72, 43, 46, 0, 0, 22, 5
0, 94, 63, 100, 85, 71, 72, 35, 57, 0, 24, 26, 43, 40, 100, 37, 7
0, 87, 47, 100, 96, 88, 100, 54, 87, 21, 61, 0, 39, 15, 96, 17, 7
0, 98, 51, 100, 67, 66, 57, 26, 43, 0, 6, 29, 48, 43, 100, 43, 7
45, 100, 44, 81, 7, 51, 0, 31, 68, 35, 100, 52, 89, 34, 80, 0, 4
37, 100, 10, 92, 0, 56, 79, 50, 100, 71, 74, 86, 56, 42, 47, 0, 4
54, 87, 14, 56, 0, 17, 40, 0, 79, 32, 100, 70, 74, 100, 28, 73, 0
1, 90, 50, 100, 98, 90, 72, 62, 100, 44, 90, 15, 43, 0, 0, 12, 3
19, 70, 28, 100, 45, 93, 35, 49, 13, 7, 0, 0, 49, 7, 100, 13, 1
100, 100, 60, 85, 25, 58, 0, 28, 13, 0, 71, 6, 46, 23, 15, 10, 6
0, 84, 37, 100, 75, 85, 75, 43, 67, 0, 47, 5, 56, 24, 100, 28, 7
72, 100, 49, 96, 0, 73, 4, 56, 86, 48, 100, 48, 53, 25, 23, 0, 4
24, 92, 61, 100, 100, 99, 81, 79, 59, 57, 56, 31, 35, 9, 0, 0, 3
5, 78, 41, 100, 63, 74, 45, 41, 14, 13, 0, 11, 51, 7, 100, 0, 2
9, 100, 7, 97, 0, 66, 100, 58, 78, 84, 46, 74, 39, 37, 39, 0, 4
10, 81, 44, 100, 57, 74, 32, 42, 0, 16, 16, 5, 58, 4, 100, 0, 2
36, 96, 29, 73, 71, 46, 47, 0, 0, 7, 15, 60, 41, 99, 100, 100, 5
17, 90, 29, 100, 62, 82, 45, 35, 9, 0, 0, 3, 50, 4, 100, 10, 2
30, 84, 61, 100, 85, 79, 67, 54, 95, 39, 100, 14, 54, 0, 0, 10, 3
52, 86, 60, 50, 50, 14, 0, 0, 27, 32, 73, 61, 100, 94, 40, 100, 8
0, 84, 44, 100, 95, 94, 74, 55, 57, 16, 54, 0, 45, 40, 100, 45, 7
100, 100, 78, 86, 60, 72, 44, 58, 33, 44, 18, 29, 7, 14, 0, 0, 1
0, 68, 23, 100, 35, 90, 31, 54, 20, 18, 7, 0, 53, 2, 100, 3, 1
0, 15, 29, 40, 59, 68, 85, 97, 100, 100, 79, 67, 60, 34, 46, 0, 1
38, 100, 19, 71, 0, 39, 26, 22, 72, 30, 100, 51, 64, 32, 47, 0, 4
100, 85, 57, 100, 23, 65, 82, 63, 97, 78, 96, 37, 64, 0, 0, 7, 9
98, 100, 43, 83, 7, 51, 0, 15, 50, 0, 100, 26, 83, 54, 19, 46, 6
26, 93, 63, 100, 77, 78, 56, 54, 100, 41, 98, 17, 52, 6, 0, 0, 3
16, 75, 41, 100, 52, 64, 32, 27, 0, 0, 21, 9, 62, 2, 100, 14, 2
38, 100, 37, 81, 12, 55, 0, 28, 52, 27, 100, 42, 86, 26, 65, 0, 4
32, 59, 53, 100, 100, 95, 79, 46, 48, 0, 93, 19, 58, 55, 0, 63, 8
0, 100, 73, 97, 95, 80, 100, 64, 95, 48, 82, 31, 64, 15, 23, 0, 1
100, 74, 46, 65, 0, 78, 36, 100, 78, 88, 80, 58, 78, 28, 88, 0, 9
0, 86, 37, 100, 95, 92, 87, 67, 55, 44, 18, 23, 32, 2, 100, 0, 2
43, 83, 42, 76, 52, 100, 46, 44, 36, 0, 0, 13, 50, 12, 100, 13, 1
0, 61, 24, 71, 62, 90, 100, 100, 86, 74, 68, 49, 51, 23, 41, 0, 1
0, 53, 8, 55, 46, 79, 89, 100, 100, 85, 78, 57, 56, 29, 47, 0, 1
21, 87, 61, 100, 71, 66, 38, 36, 0, 12, 15, 1, 60, 1, 100, 0, 2
86, 88, 33, 65, 0, 87, 58, 100, 87, 67, 100, 31, 93, 0, 19, 7, 9
40, 100, 0, 60, 20, 21, 86, 14, 100, 40, 75, 86, 61, 50, 59, 0, 4
76, 95, 23, 100, 36, 60, 68, 22, 23, 0, 0, 33, 46, 65, 100, 94, 8
0, 66, 1, 64, 26, 53, 63, 26, 12, 0, 12, 52, 33, 91, 100, 100, 5
57, 96, 3, 100, 27, 74, 62, 90, 86, 71, 100, 31, 63, 0, 0, 3, 9
100, 80, 54, 100, 42, 64, 92, 80, 96, 76, 94, 35, 62, 0, 0, 8, 9
0, 52, 40, 76, 80, 100, 100, 91, 100, 66, 91, 40, 80, 15, 54, 0, 1
93, 93, 44, 100, 26, 73, 53, 51, 100, 46, 86, 12, 38, 0, 0, 13, 5
0, 81, 54, 58, 100, 82, 33, 100, 37, 81, 82, 55, 72, 20, 12, 0, 9
94, 79, 69, 100, 48, 71, 85, 70, 100, 54, 85, 18, 44, 0, 0, 9, 9
97, 100, 51, 100, 14, 68, 0, 32, 28, 0, 100, 13, 73, 32, 10, 10, 6
33, 100, 32, 83, 0, 50, 60, 47, 96, 46, 100, 73, 91, 35, 85, 0, 4
21, 100, 25, 88, 0, 54, 20, 43, 85, 42, 100, 72, 91, 36, 82, 0, 4
29, 100, 0, 66, 11, 24, 52, 0, 98, 14, 100, 55, 61, 83, 11, 85, 0
51, 78, 0, 68, 47, 34, 100, 0, 19, 7, 63, 43, 85, 82, 9, 100, 8
0, 86, 33, 100, 60, 81, 58, 59, 96, 44, 100, 14, 62, 0, 20, 6, 3
17, 71, 38, 100, 90, 85, 68, 51, 66, 44, 100, 15, 53, 0, 0, 18, 3
30, 83, 8, 43, 19, 3, 71, 0, 100, 36, 87, 78, 39, 100, 0, 73, 0
90, 100, 55, 76, 28, 46, 12, 14, 51, 0, 100, 19, 49, 20, 0, 2, 6
30, 71, 4, 60, 0, 11, 54, 0, 100, 32, 97, 80, 45, 100, 6, 66, 0
67, 86, 59, 66, 95, 26, 44, 0, 0, 30, 59, 63, 100, 98, 19, 100, 8
100, 92, 50, 75, 0, 77, 38, 100, 90, 95, 88, 60, 54, 31, 34, 0, 9
100, 90, 75, 100, 42, 81, 63, 51, 97, 29, 85, 4, 42, 0, 0, 4, 5
88, 86, 28, 74, 34, 100, 82, 91, 95, 54, 100, 16, 60, 0, 0, 12, 9
32, 92, 21, 49, 32, 4, 79, 0, 100, 41, 81, 82, 33, 100, 0, 66, 0
100, 90, 68, 100, 38, 74, 28, 38, 68, 43, 76, 15, 39, 0, 0, 8, 5
18, 61, 37, 100, 17, 65, 0, 33, 61, 39, 100, 55, 66, 37, 37, 0, 4
36, 88, 100, 100, 83, 93, 25, 76, 39, 53, 97, 45, 60, 17, 0, 0, 5
11, 77, 33, 100, 50, 79, 27, 52, 0, 28, 11, 7, 55, 3, 100, 0, 2
17, 56, 0, 27, 35, 0, 74, 5, 100, 47, 76, 95, 37, 100, 2, 76, 0
8, 91, 63, 100, 100, 82, 79, 55, 42, 31, 0, 11, 37, 1, 100, 0, 2
24, 88, 71, 100, 85, 77, 53, 53, 83, 37, 100, 14, 52, 0, 0, 5, 3
0, 38, 30, 62, 48, 87, 76, 100, 79, 74, 76, 49, 76, 24, 100, 0, 1
0, 91, 35, 100, 67, 72, 61, 35, 45, 0, 21, 13, 40, 27, 100, 29, 7
4, 58, 0, 22, 46, 0, 99, 17, 100, 54, 72, 88, 20, 100, 7, 66, 0
0, 76, 22, 100, 64, 91, 54, 58, 24, 32, 2, 6, 51, 2, 100, 0, 2
0, 88, 41, 100, 91, 91, 73, 46, 50, 1, 32, 0, 45, 27, 100, 37, 7
87, 87, 44, 100, 24, 74, 70, 67, 100, 57, 89, 12, 46, 0, 0, 11, 9
0, 49, 16, 59, 52, 80, 90, 100, 100, 84, 82, 56, 64, 28, 50, 0, 1
30, 68, 63, 39, 77, 0, 0, 6, 44, 41, 100, 75, 63, 100, 9, 69, 8
16, 68, 0, 37, 28, 0, 80, 23, 100, 67, 69, 100, 16, 78, 3, 35, 0
45, 100, 18, 74, 0, 44, 59, 35, 100, 52, 95, 62, 75, 32, 70, 0, 4
5, 72, 32, 100, 83, 92, 73, 60, 44, 30, 0, 6, 39, 12, 100, 0, 2
40, 82, 0, 48, 8, 0, 65, 5, 100, 45, 99, 93, 45, 100, 5, 64, 0
22, 99, 0, 54, 50, 55, 56, 0, 14, 2, 22, 66, 48, 100, 100, 96, 5
0, 84, 43, 100, 55, 78, 26, 51, 70, 45, 100, 20, 66, 0, 14, 1, 3
0, 100, 3, 44, 33, 0, 75, 2, 100, 48, 74, 95, 32, 98, 12, 48, 0
0, 66, 24, 96, 56, 100, 45, 63, 24, 30, 15, 0, 57, 4, 100, 7, 2
0, 100, 16, 66, 45, 34, 66, 0, 39, 28, 18, 62, 40, 94, 100, 99, 5
15, 52, 29, 87, 31, 100, 31, 64, 29, 27, 0, 1, 40, 0, 100, 1, 1
55, 100, 21, 73, 7, 42, 17, 10, 66, 0, 100, 24, 55, 40, 0, 32, 6
0, 93, 43, 100, 68, 75, 60, 38, 62, 0, 100, 24, 83, 41, 34, 45, 7
54, 75, 36, 100, 78, 94, 62, 55, 25, 26, 0, 11, 49, 4, 100, 0, 2
38, 76, 0, 91, 39, 45, 75, 0, 24, 12, 58, 58, 100, 100, 37, 94, 8
62, 100, 0, 96, 40, 62, 100, 30, 43, 0, 6, 27, 38, 73, 13, 99, 8
20, 100, 24, 85, 0, 52, 20, 39, 79, 34, 94, 53, 91, 18, 100, 0, 4
96, 43, 63, 0, 1, 7, 0, 57, 38, 100, 100, 94, 81, 45, 36, 7, 0
86, 100, 38, 93, 7, 62, 1, 28, 41, 0, 100, 12, 54, 28, 0, 7, 6
15, 71, 38, 100, 73, 89, 59, 56, 30, 28, 0, 0, 49, 5, 100, 17, 2
20, 69, 35, 100, 100, 95, 61, 53, 19, 11, 67, 0, 35, 38, 0, 80, 8
23, 89, 68, 100, 100, 88, 68, 67, 63, 45, 90, 25, 50, 8, 0, 0, 3
0, 60, 9, 62, 54, 81, 99, 100, 100, 82, 76, 55, 52, 28, 33, 0, 1
0, 98, 22, 65, 100, 89, 17, 100, 18, 74, 85, 70, 58, 30, 1, 0, 9
25, 90, 42, 100, 15, 63, 0, 26, 42, 0, 100, 3, 80, 28, 59, 6, 6
83, 61, 96, 97, 50, 100, 54, 66, 100, 62, 92, 21, 49, 0, 0, 3, 9
0, 83, 21, 100, 62, 93, 57, 46, 51, 0, 29, 10, 56, 21, 100, 28, 7
0, 82, 46, 75, 97, 100, 27, 97, 45, 81, 100, 79, 88, 39, 78, 0, 9
100, 100, 50, 91, 19, 66, 0, 40, 0, 13, 48, 0, 94, 15, 44, 21, 6
85, 83, 100, 76, 81, 100, 50, 67, 93, 69, 95, 21, 47, 0, 0, 23, 9
31, 100, 15, 84, 2, 65, 0, 45, 20, 29, 48, 21, 79, 14, 100, 0, 4
100, 81, 23, 100, 0, 65, 56, 30, 45, 0, 25, 34, 89, 68, 94, 98, 8
11, 99, 57, 100, 66, 54, 41, 8, 51, 0, 100, 29, 59, 41, 0, 51, 7
100, 99, 66, 100, 36, 80, 38, 50, 79, 41, 69, 16, 32, 0, 0, 7, 5
100, 100, 76, 79, 49, 58, 29, 34, 20, 10, 58, 0, 49, 17, 0, 5, 6
54, 71, 92, 76, 69, 100, 65, 77, 100, 55, 83, 23, 43, 7, 0, 0, 9
15, 100, 2, 79, 0, 57, 48, 49, 100, 56, 97, 43, 87, 21, 98, 0, 4
0, 76, 47, 71, 96, 96, 28, 100, 17, 77, 90, 74, 100, 37, 100, 0, 9
0, 57, 24, 71, 64, 94, 100, 100, 92, 75, 80, 50, 76, 24, 84, 0, 1
100, 97, 73, 100, 34, 88, 38, 59, 83, 50, 85, 18, 45, 0, 0, 3, 5
0, 60, 45, 83, 66, 100, 56, 64, 62, 27, 44, 0, 36, 1, 100, 1, 1
23, 97, 0, 52, 11, 4, 61, 0, 100, 36, 99, 84, 50, 100, 5, 77, 0
15, 58, 0, 19, 33, 0, 71, 18, 100, 52, 93, 93, 54, 100, 15, 85, 0
39, 90, 4, 68, 0, 20, 41, 0, 84, 24, 100, 70, 67, 100, 23, 80, 0
0, 93, 64, 100, 100, 80, 91, 50, 80, 20, 68, 0, 22, 20, 87, 28, 7
93, 69, 79, 100, 18, 84, 57, 60, 94, 73, 100, 34, 70, 1, 0, 0, 9
20, 88, 0, 52, 14, 14, 63, 0, 97, 31, 100, 71, 64, 100, 16, 84, 0
64, 86, 79, 100, 100, 87, 73, 63, 93, 41, 83, 13, 43, 0, 0, 5, 3
89, 68, 81, 100, 34, 80, 34, 40, 30, 0, 0, 8, 38, 42, 100, 59, 8
0, 70, 33, 100, 83, 97, 78, 59, 44, 26, 2, 0, 42, 1, 100, 2, 2
34, 87, 63, 100, 100, 93, 69, 64, 69, 37, 86, 13, 44, 0, 0, 0, 3
24, 92, 81, 100, 26, 79, 19, 54, 83, 66, 100, 34, 62, 4, 0, 0, 5
28, 83, 6, 56, 73, 48, 83, 10, 15, 0, 0, 42, 32, 90, 100, 100, 5
10, 99, 34, 69, 100, 36, 83, 0, 7, 19, 31, 56, 72, 92, 0, 100, 8
16, 89, 13, 41, 65, 35, 26, 0, 0, 29, 2, 83, 53, 100, 100, 96, 5
0, 75, 29, 100, 68, 97, 70, 61, 43, 29, 18, 2, 59, 0, 100, 3, 2
48, 100, 28, 71, 0, 43, 40, 32, 100, 37, 87, 58, 61, 29, 41, 0, 4
37, 100, 0, 80, 16, 52, 100, 55, 82, 82, 52, 80, 53, 39, 58, 0, 4
38, 69, 60, 100, 60, 60, 35, 24, 0, 7, 28, 15, 65, 4, 100, 0, 2
86, 100, 49, 77, 28, 51, 26, 24, 51, 0, 100, 13, 63, 34, 0, 31, 6
